0 0
0.00573619 12
0.0114724 -36
0.0172086 6
0.0229448 -11
0.028681 -19
0.0344171 14.5
0.0401533 -1.8
0.0458895 7.4
0.0516257 -13.3333
0.0573619 -8.83333
0.0630981 3.85714
0.0688343 -13
0.0745705 -7.33333
0.0803067 -7
0.0860429 7.55556
0.091779 3.5
0.0975152 2.69231
0.103251 -0.555556
0.108988 4.33333
0.114724 -7.3
0.12046 2.72727
0.126196 2.53333
0.131932 1.625
0.137669 -4.86667
0.143405 9.69231
0.149141 -0.769231
0.154877 -3.1875
0.160613 -0.4
0.16635 -0.133333
0.172086 1.66667
0.177822 1.52632
0.183558 7.82353
0.189294 -0.214286
0.19503 5.95238
0.200767 5.28571
0.206503 -2
0.212239 -0.888889
0.217975 4.85714
0.223711 1
0.229448 3
0.235184 2.86957
0.24092 5.45455
0.246656 3.16667
0.252392 7.12
0.258129 4.37037
0.263865 -3.61905
0.269601 4.5
0.275337 2.7931
0.281073 -0.08
0.28681 -1.54167
0.292546 4.04
0.298282 -5.03448
0.304018 4.03704
0.309754 0.766667
0.31549 1.90323
0.321227 0.777778
0.326963 2.66667
0.332699 -1.06452
0.338435 -3.66667
0.344171 5.45833
0.349908 -0.942857
0.355644 -0.514286
0.36138 1.54839
0.367116 0.617647
0.372852 5.78788
0.378589 -0.837838
0.384325 -0.71875
0.390061 0.615385
0.395797 3.64103
0.401533 5
0.40727 7.53488
0.413006 4.02703
0.418742 3.625
0.424478 7.32353
0.430214 8.08889
0.43595 10.3902
0.441687 8.8125
0.447423 5.04255
0.453159 8.46154
0.458895 5.7907
0.464631 11.7273
0.470368 8.78049
0.476104 10.6383
0.48184 6.08333
0.487576 10.3077
0.493312 5.26829
0.499049 7.625
0.504785 9.24561
0.510521 11.7556
0.516257 10.7907
0.521993 11.2045
0.52773 12.0566
0.533466 10.4667
0.539202 11.7083
0.544938 12.2157
0.550674 11.4615
0.55641 8.91667
0.562147 12.2745
0.567883 11.8772
0.573619 6.91111
0.579355 10.3889
0.585091 8.35088
0.590828 10.0189
0.596564 6.5625
0.6023 10.375
0.608036 7.96923
0.613772 8.73469
0.619509 9.37931
0.625245 10.2203
0.630981 9.58182
0.636717 18.1034
0.642453 13.386
0.64819 13.4444
0.653926 13.6923
0.659662 14.5846
0.665398 14.2344
0.671134 12.8596
0.67687 13.5323
0.682607 13.4286
0.688343 14.9851
0.694079 17.037
0.699815 13.058
0.705551 12.3692
0.711288 10.2909
0.717024 13.6622
0.72276 15.4754
0.728496 14.5857
0.734232 16.3125
0.739969 15.4638
0.745705 17.6761
0.751441 13.4828
0.757177 15.9221
0.762913 15.209
0.76865 22.4348
0.774386 12.9559
0.780122 18.7534
0.785858 15.1818
0.791594 10.75
0.79733 16.8659
0.803067 14.8696
0.808803 12.3143
0.814539 16.9383
0.820275 16.1549
0.826011 16
0.831748 9.93056
0.837484 11.9294
0.84322 14.7
0.848956 14.7778
0.854692 14.3765
0.860429 14.4568
0.866165 17.3562
0.871901 15.5625
0.877637 12.1205
0.883373 13.026
0.88911 14.9872
0.894846 14.7647
0.900582 15.1325
0.906318 14.7838
0.912054 16
0.91779 14.1034
0.923527 16.039
0.929263 14.3256
0.934999 16.5934
0.940735 14.7407
0.946471 13.9286
0.952208 16.8353
0.957944 15.4301
0.96368 12.9487
0.969416 11.9053
0.975152 12.0778
0.980889 12.9176
0.986625 12.8605
0.992361 15.0211
0.998097 13.0316
1.00383 13.3125
1.00957 12.0404
1.01531 14.6082
1.02104 10.3571
1.02678 16.375
1.03251 14.8242
1.03825 12.11
1.04399 12.8953
1.04972 13.5743
1.05546 14.1386
1.0612 11.1098
1.06693 15.5794
1.07267 11.2088
1.0784 15.3495
1.08414 14.6735
1.08988 11.52
1.09561 14.3905
1.10135 14.2442
1.10708 16.4636
1.11282 14.2211
1.11856 15.551
1.12429 15.2762
1.13003 16.3333
1.13577 15.6286
1.1415 11.7549
1.14724 11.5872
1.15297 12.13
1.15871 13.53
1.16445 13.9304
1.17018 15.5048
1.17592 15.3271
1.18166 15.5104
1.18739 14.2017
1.19313 12.9725
1.19886 13.4466
1.2046 13.6957
1.21034 12.8131
1.21607 11.3818
1.22181 12.2545
1.22754 12.2479
1.23328 13.7103
1.23902 10.2857
1.24475 10.6807
1.25049 12.9633
1.25623 13.3519
1.26196 12.8547
1.2677 11.621
1.27343 13.6216
1.27917 15.6949
1.28491 11.7203
1.29064 12.4336
1.29638 10.3879
1.30212 15.9316
1.30785 12.1765
1.31359 12.0345
1.31932 13.7795
1.32506 14.3697
1.3308 10.3103
1.33653 14.2063
1.34227 14.7395
1.348 15.5039
1.35374 12.5841
1.35948 12.784
1.36521 13.6718
1.37095 12.2909
1.37669 14.2662
1.38242 13.959
1.38816 14.1832
1.39389 13.7627
1.39963 13.2045
1.40537 13.8837
1.4111 13.4732
1.41684 12.6154
1.42258 13.7185
1.42831 14.686
1.43405 15.3
1.43978 10.3111
1.44552 15.5217
1.45126 13.6695
1.45699 13.8156
1.46273 14.9242
1.46846 12.9762
1.4742 16.0769
1.47994 15.7132
1.48567 13.3684
1.49141 16.1
1.49715 11.9396
1.50288 13.9197
1.50862 9.33065
1.51435 12.1233
1.52009 14.7021
1.52583 12.4656
1.53156 14.6296
1.5373 14.7483
1.54304 13.3191
1.54877 14.3382
1.55451 13.8725
1.56024 11.9781
1.56598 13.4786
1.57172 13.8865
1.57745 10.1014
1.58319 14.9645
1.58892 11.7394
1.59466 14.56
1.6004 12.972
1.60613 9.81159
1.61187 16.1342
1.61761 15.4395
1.62334 13.8421
1.62908 12.3484
1.63481 14.298
1.64055 13.9933
1.64629 11.8836
1.65202 10.8808
1.65776 14.3444
1.6635 11.6496
1.66923 13.4465
1.67497 11.6687
1.6807 12.9854
1.68644 13.1899
1.69218 11.5432
1.69791 11.2288
1.70365 12.4797
1.70938 13.8013
1.71512 13.9571
1.72086 12.0294
1.72659 12.6416
1.73233 12.8
1.73807 11.3922
1.7438 15.3133
1.74954 15.2138
1.75527 14.0915
1.76101 13.4412
1.76675 12.453
1.77248 12.7439
1.77822 12.0612
1.78396 12.0952
1.78969 14.1019
1.79543 11.8035
1.80116 12.1401
1.8069 14.2924
1.81264 11.9162
1.81837 13.46
1.82411 12.5444
1.82984 14.1242
1.83558 12.6848
1.84132 13.6667
1.84705 12.9349
1.85279 12.3567
1.85853 13.3938
1.86426 13.9209
1.87 14.0174
1.87573 14.1687
1.88147 13.0452
1.88721 14.8198
1.89294 14.4104
1.89868 12.1412
1.90442 15.4598
1.91015 17.9882
1.91589 30.3631
1.92162 29.1925
1.92736 16.8418
1.9331 15.7619
1.93883 17.7035
1.94457 15.7725
1.9503 14.0235
1.95604 13.407
1.96178 14.674
1.96751 14.6162
1.97325 14.4969
1.97899 15.9519
1.98472 13.8351
1.99046 13.84
1.99619 12.4231
2.00193 13.2316
2.00767 12.8023
2.0134 12.2849
2.01914 15.6702
2.02488 13.1257
2.03061 12.8983
2.03635 14.2553
2.04208 14.0757
2.04782 15.9149
2.05356 15.2849
2.05929 13.0331
2.06503 13.62
2.07076 14.767
2.0765 14.3782
2.08224 14.6429
2.08797 16.1908
2.09371 15.303
2.09945 16.0865
2.10518 16.0603
2.11092 14.8663
2.11665 16.9333
2.12239 13.6908
2.12813 14.4911
2.13386 15.1294
2.1396 15.3065
2.14534 17.6154
2.15107 15.2406
2.15681 14.603
2.16254 12.6931
2.16828 13.9565
2.17402 15.8152
2.17975 14.815
2.18549 16.4021
2.19122 14.396
2.19696 15.495
2.2027 15.8488
2.20843 21.5337
2.21417 25.6368
2.21991 33.5352
2.22564 24.8033
2.23138 18.8626
2.23711 17.1884
2.24285 16.25
2.24859 16.6771
2.25432 13.0183
2.26006 16.6408
2.2658 13.1613
2.27153 17.8419
2.27727 13.346
2.283 13.7214
2.28874 16.0147
2.29448 14.7523
2.30021 14.8578
2.30595 14.0909
2.31168 16.287
2.31742 16.5845
2.32316 14.6683
2.32889 17.4533
2.33463 17.108
2.34037 16.108
2.3461 19.6887
2.35184 18.0045
2.35757 19.0882
2.36331 20.3832
2.36905 19.9724
2.37478 21.0631
2.38052 19.5853
2.38626 18.7172
2.39199 17.9701
2.39773 21.4396
2.40346 20.1598
2.4092 22.9372
2.41494 20.7466
2.42067 17.0323
2.42641 17.8387
2.43214 16.8788
2.43788 17.1836
2.44362 18.4758
2.44935 16.0129
2.45509 18.9812
2.46083 16.2857
2.46656 17.1878
2.4723 18.9538
2.47803 15.4977
2.48377 17.1549
2.48951 16.3162
2.49524 18.2081
2.50098 17.0446
2.50672 17.9956
2.51245 18.3519
2.51819 16.6806
2.52392 16.5126
2.52966 16.9456
2.5354 19.0648
2.54113 17.9792
2.54687 16.8745
2.5526 19.1992
2.55834 18.7703
2.56408 17.2383
2.56981 18.2273
2.57555 17.9095
2.58129 18.0087
2.58702 17.2008
2.59276 15.9342
2.59849 17.1822
2.60423 17.8263
2.60997 16.9378
2.6157 18.2064
2.62144 17.9766
2.62718 17.9872
2.63291 18.1674
2.63865 17.4893
2.64438 17.0823
2.65012 18.492
2.65586 17.7545
2.66159 18.5573
2.66733 17.6475
2.67306 17.5745
2.6788 15.7734
2.68454 17.3025
2.69027 18.7992
2.69601 19.7609
2.70175 19.4492
2.70748 19.1934
2.71322 19.4515
2.71895 19.5594
2.72469 17.823
2.73043 18.815
2.73616 18.0875
2.7419 21.358
2.74764 20.0119
2.75337 19.1169
2.75911 18.8745
2.76484 18.1111
2.77058 17.8189
2.77632 19.4672
2.78205 18.4008
2.78779 19.0927
2.79352 17.2213
2.79926 18.8083
2.805 19.5984
2.81073 17.7893
2.81647 18.2778
2.82221 18.6198
2.82794 19.2857
2.83368 19.8542
2.83941 19.574
2.84515 18.188
2.85089 18.7171
2.85662 20.1685
2.86236 18.7901
2.8681 21.1016
2.87383 19.4755
2.87957 19.1583
2.8853 18.245
2.89104 19.8175
2.89678 20.1547
2.90251 21.1111
2.90825 20.5551
2.91398 19.7701
2.91972 20.5379
2.92546 20.9923
2.93119 19.9283
2.93693 19.5596
2.94267 21.4504
2.9484 22.2868
2.95414 21.0233
2.95987 20.777
2.96561 23.55
2.97135 22.2883
2.97708 26.7128
2.98282 30.8406
2.98856 59.3321
2.99429 72.7321
3.00003 32.0855
3.00576 27.5209
3.0115 23.8713
3.01724 22.5017
3.02297 23.4275
3.02871 22.1835
3.03444 23.5448
3.04018 21.6978
3.04592 20.7059
3.05165 22.7849
3.05739 21.4276
3.06313 22.7004
3.06886 22.3986
3.0746 23.8561
3.08033 23.7935
3.08607 25.234
3.09181 24.4167
3.09754 24.8235
3.10328 26.9286
3.10902 26.4075
3.11475 27.6576
3.12049 25.2894
3.12622 26.2918
3.13196 30.2705
3.1377 30.1067
3.14343 36.025
3.14917 32.0727
3.1549 26.8582
3.16064 26.3897
3.16638 25.9736
3.17211 26.809
3.17785 25.9454
3.18359 25.5627
3.18932 27.1267
3.19506 25.2357
3.20079 25.4387
3.20653 26.6873
3.21227 28.2116
3.218 27.4306
3.22374 26.8924
3.22948 29.0368
3.23521 29.7607
3.24095 29.171
3.24668 29.1619
3.25242 30.0433
3.25816 27.0669
3.26389 28.771
3.26963 28.5548
3.27536 26.3399
3.2811 27.5735
3.28684 29.4625
3.29257 29.9082
3.29831 28.9536
3.30405 31.5929
3.30978 31.3836
3.31552 32.3947
3.32125 34.3288
3.32699 33.6047
3.33273 35.9583
3.33846 36.8241
3.3442 34.5266
3.34994 34.5312
3.35567 35.1694
3.36141 36.0915
3.36714 36.4808
3.37288 45.6873
3.37862 60.4505
3.38435 52.1046
3.39009 80.8788
3.39582 116.761
3.40156 40.5723
3.4073 43.927
3.41303 36.1023
3.41877 35.6403
3.42451 37.13
3.43024 35.2866
3.43598 36.0495
3.44171 35.9404
3.44745 36.4253
3.45319 32.953
3.45892 35.5323
3.46466 34.8263
3.4704 35.9535
3.47613 35.2616
3.48187 37.7199
3.4876 35.3111
3.49334 36.2667
3.49908 36.9936
3.50481 36.7194
3.51055 37.075
3.51628 37.5032
3.52202 37.8892
3.52776 41.3447
3.53349 42
3.53923 46.9136
3.54497 50.0658
3.5507 55.1455
3.55644 53.91
3.56217 47.7254
3.56791 44.5346
3.57365 42.2888
3.57938 42.0936
3.58512 43.3292
3.59086 41.6497
3.59659 42.8827
3.60233 44.2245
3.60806 43.1636
3.6138 42.9206
3.61954 43.9522
3.62527 44.9157
3.63101 47.6199
3.63674 51.7402
3.64248 54.052
3.64822 55.9659
3.65395 56.7066
3.65969 59.0647
3.66543 57.003
3.67116 56.7461
3.6769 58.25
3.68263 62.1453
3.68837 59.7175
3.69411 58.6364
3.69984 54.3399
3.70558 55.3182
3.71132 55.1898
3.71705 55.2319
3.72279 55.8338
3.72852 58.2896
3.73426 59.9552
3.74 59.4831
3.74573 58.9367
3.75147 59.3295
3.7572 61.3672
3.76294 63.5362
3.76868 62.6104
3.77441 65.1932
3.78015 67.2953
3.78589 68.2303
3.79162 70.0262
3.79736 73.7793
3.80309 76.997
3.80883 78.1105
3.81457 81.0612
3.8203 86.8913
3.82604 92.0671
3.83178 100.285
3.83751 116.725
3.84325 151.793
3.84898 227.193
3.85472 275.867
3.86046 284.448
3.86619 309.955
3.87193 347.343
3.87766 444.003
3.8834 573.258
3.88914 724.003
3.89487 842.144
3.90061 785.42
3.90635 644.519
3.91208 505.551
3.91782 370.824
3.92355 284.056
3.92929 224.803
3.93503 182.272
3.94076 152.662
3.9465 133.767
3.95224 119.45
3.95797 106.14
3.96371 98.6077
3.96944 93.2604
3.97518 89.1253
3.98092 83.2281
3.98665 81.981
3.99239 80.0921
3.99812 76.4894
4.00386 75.3851
4.0096 74.1608
4.01533 73.85
4.02107 72.632
4.02681 70.0857
4.03254 72.1497
4.03828 71.5671
4.04401 70.3113
4.04975 70.5255
4.05549 69.1729
4.06122 67.6821
4.06696 65.4245
4.0727 67.2961
4.07843 65.4084
4.08417 64.4282
4.0899 63.9423
4.09564 64.3989
4.10138 63.6303
4.10711 64.4416
4.11285 63.6276
4.11858 63.1694
4.12432 62.4632
4.13006 63.8505
4.13579 63.4052
4.14153 64.6729
4.14727 65.2861
4.153 64.0709
4.15874 64.1813
4.16447 64.6607
4.17021 63.6493
4.17595 63.9474
4.18168 64.7307
4.18742 65.4548
4.19316 64.3283
4.19889 66.6351
4.20463 68.7882
4.21036 69.618
4.2161 67.7215
4.22184 65.3773
4.22757 66.1573
4.23331 65.4257
4.23904 64.7814
4.24478 65.4776
4.25052 65.4555
4.25625 67.0623
4.26199 66.9599
4.26773 66.7417
4.27346 67.9154
4.2792 68.0181
4.28493 66.8304
4.29067 69.8864
4.29641 68.6986
4.30214 69.6765
4.30788 73.4084
4.31362 73.2455
4.31935 73.7598
4.32509 75.95
4.33082 75.7345
4.33656 78.9947
4.3423 80.3116
4.34803 82.3584
4.35377 83.3207
4.3595 88.3522
4.36524 91.715
4.37098 94.0995
4.37671 96.5553
4.38245 98.7754
4.38819 102.648
4.39392 111.984
4.39966 113.164
4.40539 123.102
4.41113 131.995
4.41687 147.977
4.4226 171.067
4.42834 212.809
4.43408 345.11
4.43981 774.735
4.44555 1703.63
4.45128 7032.08
4.45702 10454.2
4.46276 4105.05
4.46849 1358.4
4.47423 680.618
4.47996 383.518
4.4857 315.93
4.49144 301.225
4.49717 278.198
4.50291 278.136
4.50865 265.168
4.51438 244.185
4.52012 216.431
4.52585 191.112
4.53159 169.856
4.53733 149.312
4.54306 131.074
4.5488 117.904
4.55454 108.027
4.56027 98.6408
4.56601 94.439
4.57174 89.1624
4.57748 79.9163
4.58322 75.8353
4.58895 73.7549
4.59469 71.6509
4.60042 67.9057
4.60616 67.486
4.6119 65.8497
4.61763 63.9556
4.62337 63.5912
4.62911 63.7277
4.63484 62.24
4.64058 59.2541
4.64631 56.6284
4.65205 55.206
4.65779 56.2541
4.66352 53.5548
4.66926 54.3454
4.675 54.2867
4.68073 52.831
4.68647 53.0706
4.6922 51.9249
4.69794 52.6697
4.70368 52.7254
4.70941 51.5214
4.71515 52.5329
4.72088 52.5429
4.72662 50.9395
4.73236 51.0704
4.73809 53.3913
4.74383 51.4509
4.74957 49.9213
4.7553 51.2338
4.76104 50.6975
4.76677 49.9416
4.77251 50.0917
4.77825 48.2558
4.78398 47.9111
4.78972 45.8469
4.79546 47.8
4.80119 47.3214
4.80693 45.5161
4.81266 44.3954
4.8184 44.623
4.82414 43.7902
4.82987 45.2517
4.83561 45.0683
4.84134 45.6217
4.84708 48.4212
4.85282 50.9017
4.85855 47.4383
4.86429 44.1139
4.87003 43.0693
4.87576 43.6778
4.8815 42.3261
4.88723 42.271
4.89297 42.1013
4.89871 40.4406
4.90444 42.0762
4.91018 41.9863
4.91592 41.531
4.92165 39.5087
4.92739 40.3973
4.93312 40.0522
4.93886 41.7243
4.9446 40.2292
4.95033 41.1876
4.95607 40.6615
4.9618 41.0112
4.96754 42.1193
4.97328 40.8112
4.97901 47.9338
4.98475 43.2874
4.99049 41.6242
4.99622 41.2272
5.00196 38.7822
5.00769 39.6497
5.01343 41.0817
5.01917 39.4295
5.0249 39.1162
5.03064 39.7063
5.03638 40.2381
5.04211 40.5065
5.04785 40.203
5.05358 40
5.05932 39.419
5.06506 40.0835
5.07079 39.0622
5.07653 36.6263
5.08226 40.1623
5.088 38.5684
5.09374 38.8122
5.09947 39.6109
5.10521 37.8596
5.11095 39.3034
5.11668 38.7578
5.12242 37.886
5.12815 39.5159
5.13389 39.9709
5.13963 39.4095
5.14536 38.5858
5.1511 38.7949
5.15684 37.9447
5.16257 39.1391
5.16831 38.1868
5.17404 38.9354
5.17978 40.4372
5.18552 38.8357
5.19125 39.3768
5.19699 38.9893
5.20272 37.0153
5.20846 39.0838
5.2142 39.1169
5.21993 38.4936
5.22567 39.2655
5.23141 39.428
5.23714 38.1423
5.24288 37.6055
5.24861 38.6123
5.25435 38.9604
5.26009 38.8485
5.26582 38.8443
5.27156 36.9714
5.2773 39.2771
5.28303 39.5819
5.28877 38.391
5.2945 39.0551
5.30024 39.0478
5.30598 39.9148
5.31171 40.8036
5.31745 41.0042
5.32318 39.4515
5.32892 40.1548
5.33466 41.6196
5.34039 40.3737
5.34613 41.1153
5.35187 49.4425
5.3576 40.1934
5.36334 39.7082
5.36907 39.3075
5.37481 39.6286
5.38055 39.7089
5.38628 39.996
5.39202 41.5889
5.39776 43.5423
5.40349 43.1503
5.40923 40.4272
5.41496 39.2738
5.4207 39.8087
5.42644 39.1518
5.43217 38.4828
5.43791 40.5551
5.44364 41.5073
5.44938 39.8924
5.45512 40.4739
5.46085 39.7743
5.46659 40.7835
5.47233 40.5524
5.47806 40.2891
5.4838 39.8343
5.48953 39.1445
5.49527 40.0196
5.50101 39.4214
5.50674 41.7097
5.51248 39.9264
5.51822 38.98
5.52395 41.3832
5.52969 42.1663
5.53542 41.3289
5.54116 41.8379
5.5469 40.7047
5.55263 41.1353
5.55837 40.7033
5.5641 40.7966
5.56984 40.2421
5.57558 40.9141
5.58131 40.2792
5.58705 39.9828
5.59279 41.0784
5.59852 40.1786
5.60426 39.3137
5.60999 41.4165
5.61573 40.3902
5.62147 40.6439
5.6272 41.122
5.63294 41.0731
5.63868 41.9384
5.64441 42.5637
5.65015 43.4189
5.65588 41.1282
5.66162 43.683
5.66736 41.668
5.67309 43.978
5.67883 42.7166
5.68456 42.4677
5.6903 42.4843
5.69604 43.6225
5.70177 43.6485
5.70751 43.4557
5.71325 44.8401
5.71898 44.736
5.72472 44.8776
5.73045 43.7555
5.73619 44.7589
5.74193 44.963
5.74766 44.3797
5.7534 45.3429
5.75914 45.0276
5.76487 44.9139
5.77061 45.6081
5.77634 46.3981
5.78208 46.5614
5.78782 47.7919
5.79355 47.4559
5.79929 48.575
5.80502 45.9381
5.81076 48.3051
5.8165 48.0365
5.82223 48.5512
5.82797 49.5735
5.83371 48.7186
5.83944 48.1909
5.84518 47.4322
5.85091 48.6168
5.85665 48.4662
5.86239 48.4434
5.86812 50.1344
5.87386 49.1873
5.8796 50.1365
5.88533 49.4376
5.89107 51.2604
5.8968 51.6158
5.90254 50.746
5.90828 51.2505
5.91401 52.1399
5.91975 52.7996
5.92548 53.275
5.93122 53.732
5.93696 58.3041
5.94269 79.1527
5.94843 75.317
5.95417 123.97
5.9599 72.7439
5.96564 65.9632
5.97137 57.186
5.97711 57.4438
5.98285 58.3827
5.98858 58.4854
5.99432 58.6123
6.00006 59.3985
6.00579 60.6318
6.01153 62.0271
6.01726 60.6964
6.023 62.2309
6.02874 61.7971
6.03447 62.3502
6.04021 60.8084
6.04594 62.8725
6.05168 63.7527
6.05742 65.2192
6.06315 64.1979
6.06889 65.1673
6.07463 65.8813
6.08036 66.5771
6.0861 66.6962
6.09183 69.0354
6.09757 70.9926
6.10331 71.6072
6.10904 70.5815
6.11478 72.9781
6.12052 73.4929
6.12625 74.8639
6.13199 75.127
6.13772 77.1754
6.14346 77.6619
6.1492 81.6644
6.15493 81.4484
6.16067 81.1088
6.1664 85.5642
6.17214 88.0219
6.17788 88.7766
6.18361 89.7828
6.18935 93.4765
6.19509 99.3882
6.20082 100.073
6.20656 103.111
6.21229 110.204
6.21803 116.479
6.22377 119.054
6.2295 125.05
6.23524 134.025
6.24098 135.202
6.24671 138.966
6.25245 156.113
6.25818 162.773
6.26392 180.236
6.26966 209.749
6.27539 278.971
6.28113 379.179
6.28686 817.701
6.2926 2435.3
6.29834 5781.02
6.30407 6045.85
6.30981 10159.3
6.31555 2938.26
6.32128 1565.66
6.32702 585.51
6.33275 368.741
6.33849 315.757
6.34423 253.114
6.34996 249.07
6.3557 249.82
6.36144 246.462
6.36717 255.778
6.37291 267.693
6.37864 261.636
6.38438 247.456
6.39012 228.857
6.39585 211.781
6.40159 186.98
6.40732 172.855
6.41306 155.645
6.4188 142.787
6.42453 133.488
6.43027 126.651
6.43601 119.772
6.44174 116.877
6.44748 111.307
6.45321 109.413
6.45895 105.588
6.46469 104.814
6.47042 101.925
6.47616 99.721
6.4819 93.6527
6.48763 92.1606
6.49337 89.7741
6.4991 88.8662
6.50484 86.9642
6.51058 86.8468
6.51631 87.5944
6.52205 84.1349
6.52778 82.7783
6.53352 84.7007
6.53926 82.7155
6.54499 82.3472
6.55073 80.608
6.55647 81.0449
6.5622 78.9213
6.56794 78.5765
6.57367 81.2167
6.57941 80.1263
6.58515 78.3
6.59088 77.6667
6.59662 78.6497
6.60236 77.7406
6.60809 76.1929
6.61383 76.6633
6.61956 75.1157
6.6253 74.3714
6.63104 76.557
6.63677 75.0317
6.64251 73.1039
6.64824 74.7204
6.65398 72.2718
6.65972 72.4482
6.66545 73.9753
6.67119 73.1343
6.67693 74.391
6.68266 73.6974
6.6884 73.9481
6.69413 74.0084
6.69987 73.3504
6.70561 73.2508
6.71134 72.3137
6.71708 70.649
6.72282 72.1529
6.72855 71.0096
6.73429 72.8619
6.74002 71.7166
6.74576 70.6542
6.7515 70.9028
6.75723 70.0498
6.76297 69.718
6.7687 69.9402
6.77444 71.2201
6.78018 69.8206
6.78591 70.1766
6.79165 70.1276
6.79739 72.4003
6.80312 72.9876
6.80886 71.4586
6.81459 71.0868
6.82033 71.0775
6.82607 69.2704
6.8318 70.3866
6.83754 70.3328
6.84328 69.3262
6.84901 70.2492
6.85475 70.8873
6.86048 69.5222
6.86622 70.3081
6.87196 70.44
6.87769 69.8604
6.88343 68.9146
6.88916 69.644
6.8949 68.6743
6.90064 71.4301
6.90637 70.7222
6.91211 70.5696
6.91785 69.297
6.92358 70.3103
6.92932 69.3056
6.93505 69.0961
6.94079 69.8194
6.94653 69.0902
6.95226 69.035
6.958 69.748
6.96374 69.1945
6.96947 68.7391
6.97521 68.6028
6.98094 69.5047
6.98668 69.9459
6.99242 70.1633
6.99815 70.0518
7.00389 69.4755
7.00962 70.8909
7.01536 70.8075
7.0211 69.518
7.02683 70.8495
7.03257 69.3093
7.03831 70.2407
7.04404 71.2372
7.04978 72.1147
7.05551 71.8239
7.06125 71.0139
7.06699 71.6319
7.07272 71.2656
7.07846 71.0048
7.0842 70.8539
7.08993 71.921
7.09567 71.4481
7.1014 73.0591
7.10714 74.292
7.11288 73.7936
7.11861 74.384
7.12435 73.8333
7.13008 74.4568
7.13582 74.0233
7.14156 73.4108
7.14729 75.8619
7.15303 73.3297
7.15877 73.1496
7.1645 75.003
7.17024 74.4454
7.17597 74.8323
7.18171 73.8718
7.18745 74.2456
7.19318 75.7997
7.19892 76.7634
7.20466 76.4265
7.21039 75.9055
7.21613 76.6853
7.22186 76.8222
7.2276 77.7399
7.23334 76.6557
7.23907 77.2076
7.24481 78.0635
7.25054 78.5847
7.25628 79.2976
7.26202 79.3716
7.26775 79.8927
7.27349 79.7372
7.27923 80.8428
7.28496 79.75
7.2907 82.3314
7.29643 82.1364
7.30217 81.954
7.30791 82.3899
7.31364 83.0087
7.31938 83.3383
7.32512 85.1136
7.33085 84.171
7.33659 86.4149
7.34232 85.386
7.34806 85.8266
7.3538 88.9294
7.35953 88.1002
7.36527 92.375
7.371 97.4465
7.37674 118.799
7.38248 112.489
7.38821 244.572
7.39395 274.59
7.39969 328.416
7.40542 494.776
7.41116 324.599
7.41689 181.171
7.42263 138.674
7.42837 127.477
7.4341 124.366
7.43984 127.097
7.44558 130.388
7.45131 140.419
7.45705 152.646
7.46278 166.02
7.46852 183.412
7.47426 197.239
7.47999 203.029
7.48573 198.469
7.49146 185.828
7.4972 170.937
7.50294 157.917
7.50867 144.334
7.51441 130.845
7.52015 119.981
7.52588 110.914
7.53162 103.92
7.53735 98.1713
7.54309 92.931
7.54883 91.4178
7.55456 88.2569
7.5603 85.883
7.56604 83.9705
7.57177 81.3385
7.57751 81.1181
7.58324 78.6906
7.58898 76.1236
7.59472 74.6792
7.60045 76.9275
7.60619 74.7314
7.61192 72.7507
7.61766 73.2145
7.6234 70.776
7.62913 72.093
7.63487 70.8873
7.64061 71.0043
7.64634 71.541
7.65208 69.9535
7.65781 70.2042
7.66355 70.4765
7.66929 68.6225
7.67502 71.2328
7.68076 70.5386
7.6865 69.8232
7.69223 70.3228
7.69797 71.8653
7.7037 71.9371
7.70944 74.7981
7.71518 83.558
7.72091 95.0456
7.72665 183.749
7.73238 320.414
7.73812 111.292
7.74386 129.143
7.74959 101.057
7.75533 82.2197
7.76107 79.2664
7.7668 79.4148
7.77254 81.7663
7.77827 84.015
7.78401 87.7098
7.78975 92.2627
7.79548 98.4239
7.80122 103.825
7.80696 107.391
7.81269 109.702
7.81843 105.728
7.82416 99.6441
7.8299 93.2635
7.83564 88.0716
7.84137 82.9305
7.84711 78.9093
7.85284 74.1469
7.85858 71.8033
7.86432 67.7145
7.87005 66.0041
7.87579 65.8797
7.88153 64.3197
7.88726 63.9703
7.893 62.8123
7.89873 61.2174
7.90447 61.9231
7.91021 64.3471
7.91594 63.1436
7.92168 71.911
7.92742 66.452
7.93315 59.9563
7.93889 59.6152
7.94462 58.2113
7.95036 59.0108
7.9561 57.0013
7.96183 58.1823
7.96757 58.9464
7.9733 58.5363
7.97904 58.462
7.98478 58.4685
7.99051 56.8738
7.99625 57.0971
8.00199 56.6193
8.00772 55.6063
8.01346 56.0541
8.01919 56.1556
8.02493 56.8238
8.03067 55.7252
8.0364 55.5577
8.04214 56.0915
8.04788 54.6786
8.05361 54.0762
8.05935 54.1468
8.06508 54.9946
8.07082 54.2654
8.07656 55.2985
8.08229 54.2523
8.08803 54.9888
8.09376 55.1209
8.0995 54.0334
8.10524 53.8195
8.11097 53.0489
8.11671 51.7346
8.12245 50.0244
8.12818 49.6825
8.13392 47.568
8.13965 47.332
8.14539 47.9213
8.15113 47.4629
8.15686 44.0646
8.1626 46.816
8.16834 47.8745
8.17407 47.7421
8.17981 47.7727
8.18554 47.379
8.19128 48.1151
8.19702 49.1963
8.20275 49.7265
8.20849 48.5043
8.21422 48.9048
8.21996 48.64
8.2257 48.3426
8.23143 47.6475
8.23717 48.2895
8.24291 48.7746
8.24864 48.0114
8.25438 47.1903
8.26011 49.1033
8.26585 47.5455
8.27159 47.5537
8.27732 47.8061
8.28306 48.9133
8.2888 47.9273
8.29453 46.6769
8.30027 47.341
8.306 46.9713
8.31174 47.3137
8.31748 48.2374
8.32321 47.4925
8.32895 47.1763
8.33468 46.5867
8.34042 47.5245
8.34616 46.8221
8.35189 46.6923
8.35763 47.4211
8.36337 44.5908
8.3691 47.0186
8.37484 46.0157
8.38057 45.5714
8.38631 46.1062
8.39205 47.2548
8.39778 47.326
8.40352 45.8884
8.40926 46.9118
8.41499 45.539
8.42073 45.3405
8.42646 47.7602
8.4322 47.3617
8.43794 49.5247
8.44367 47.5187
8.44941 46.1062
8.45514 45.8135
8.46088 48.0205
8.46662 47.2455
8.47235 46.4745
8.47809 46.8883
8.48383 44.4986
8.48956 45.6827
8.4953 46.2659
8.50103 44.6868
8.50677 44.6133
8.51251 45.0678
8.51824 46.5385
8.52398 47.3014
8.52972 44.6012
8.53545 44.0725
8.54119 45.5826
8.54692 44.9121
8.55266 46.8251
8.5584 47.3055
8.56413 47.2741
8.56987 46.6231
8.5756 45.1812
8.58134 44.9567
8.58708 46.0943
8.59281 45.9182
8.59855 45.4633
8.60429 45.0512
8.61002 46.1645
8.61576 45.9011
8.62149 46.5788
8.62723 45.8537
8.63297 45.7656
8.6387 46.4548
8.64444 44.7048
8.65018 44.7629
8.65591 44.965
8.66165 41.1774
8.66738 45.4626
8.67312 43.0332
8.67886 44.2955
8.68459 43.6255
8.69033 42.6614
8.69606 44.7055
8.7018 44.4336
8.70754 44.3
8.71327 43.7931
8.71901 43.0644
8.72475 45.2442
8.73048 44.371
8.73622 44.5216
8.74195 46.3306
8.74769 45.1229
8.75343 44.8846
8.75916 44.4576
8.7649 43.633
8.77064 45.1017
8.77637 44.3929
8.78211 43.5688
8.78784 44.6114
8.79358 41.0591
8.79932 45.3816
8.80505 45.4272
8.81079 44.9852
8.81652 44.3791
8.82226 45.1192
8.828 45.4398
8.83373 45.1415
8.83947 47.4332
8.84521 45.6341
8.85094 46.5745
8.85668 44.9795
8.86241 44.4308
8.86815 46.9483
8.87389 45.3692
8.87962 47.0925
8.88536 43.326
8.8911 46.3422
8.89683 46.0988
8.90257 50.2678
8.9083 47.289
8.91404 45.55
8.91978 51.8057
8.92551 61.5541
8.93125 69.4939
8.93698 161.387
8.94272 123.215
8.94846 79.2667
8.95419 56.8591
8.95993 49.9189
8.96567 49.5155
8.9714 46.6063
8.97714 44.8481
8.98287 48.3636
8.98861 49.8667
8.99435 49.0621
9.00008 48.1197
9.00582 49.2895
9.01156 49.2061
9.01729 51.1138
9.02303 51.2786
9.02876 54.547
9.0345 50.9756
9.04024 50.1938
9.04597 54.6923
9.05171 48.4882
9.05744 47.8843
9.06318 50.2913
9.06892 48.0168
9.07465 49.2708
9.08039 47.2564
9.08613 43.7664
9.09186 46.1771
9.0976 54.3942
9.10333 51.5417
9.10907 58.4184
9.11481 48.1875
9.12054 47.0455
9.12628 45.2041
9.13202 47.4146
9.13775 43.0217
9.14349 44.1071
9.14922 48.439
9.15496 43.5854
9.1607 47.3649
9.16643 41.175
9.17217 43.5616
9.1779 40.6184
9.18364 42.4143
9.18938 41.1912
9.19511 41.5588
9.20085 45.2381
9.20659 43.6923
9.21232 41.9333
9.21806 41.7705
9.22379 39.6182
9.22953 44.2
9.23527 36.7547
9.241 42.1607
9.24674 37.2653
9.25248 42.7021
9.25821 37.5556
9.26395 36.9545
9.26968 35
9.27542 33.3846
9.28116 37.325
9.28689 32.2571
9.29263 33
9.29836 41.8485
9.3041 29.1515
9.30984 31.5714
9.31557 34.7407
9.32131 30.1481
9.32705 25
9.33278 32.1304
9.33852 26.4737
9.34425 22.5556
9.34999 28.7647
9.35573 24.6429
9.36146 22.8182
9.3672 23.7273
9.37294 12.25
9.37867 12.5556
9.38441 3.66667
9.39014 6.75
9.39588 0
9.40162 0
9.40735 0
9.41309 0
9.41882 0
9.42456 0
9.4303 0
9.43603 0
9.44177 0
9.44751 0
9.45324 0
9.45898 0
9.46471 0
9.47045 0
9.47619 0
9.48192 0
9.48766 0
9.4934 0
9.49913 0
9.50487 0
9.5106 0
9.51634 0
9.52208 0
9.52781 0
9.53355 0
9.53928 0
9.54502 0
9.55076 0
9.55649 0
9.56223 0
9.56797 0
9.5737 0
9.57944 0
9.58517 0
9.59091 0
9.59665 0
9.60238 0
9.60812 0
9.61386 0
9.61959 0
9.62533 0
9.63106 0
9.6368 0
9.64254 0
9.64827 0
9.65401 0
9.65974 0
9.66548 0
9.67122 0
9.67695 0
9.68269 0
9.68843 0
9.69416 0
9.6999 0
9.70563 0
9.71137 0
9.71711 0
9.72284 0
9.72858 0
9.73432 0
9.74005 0
9.74579 0
9.75152 0
9.75726 0
9.763 0
9.76873 0
9.77447 0
9.7802 0
9.78594 0
9.79168 0
9.79741 0
9.80315 0
9.80889 0
9.81462 0
9.82036 0
9.82609 0
9.83183 0
9.83757 0
9.8433 0
9.84904 0
9.85478 0
9.86051 0
9.86625 0
9.87198 0
9.87772 0
9.88346 0
9.88919 0
9.89493 0
9.90066 0
9.9064 0
9.91214 0
9.91787 0
9.92361 0
9.92935 0
9.93508 0
9.94082 0
9.94655 0
9.95229 0
9.95803 0
9.96376 0
9.9695 0
9.97524 0
9.98097 0
9.98671 0
9.99244 0
9.99818 0
10.0039 0
10.0097 0
10.0154 0
10.0211 0
10.0269 0
10.0326 0
10.0383 0
10.0441 0
10.0498 0
10.0555 0
10.0613 0
10.067 0
10.0728 0
10.0785 0
10.0842 0
10.09 0
10.0957 0
10.1014 0
10.1072 0
10.1129 0
10.1186 0
10.1244 0
10.1301 0
10.1358 0
10.1416 0
10.1473 0
10.1531 0
10.1588 0
10.1645 0
10.1703 0
10.176 0
10.1817 0
10.1875 0
10.1932 0
10.1989 0
10.2047 0
10.2104 0
10.2162 0
10.2219 0
10.2276 0
10.2334 0
10.2391 0
10.2448 0
10.2506 0
10.2563 0
10.262 0
10.2678 0
10.2735 0
10.2793 0
10.285 0
10.2907 0
10.2965 0
10.3022 0
10.3079 0
10.3137 0
10.3194 0
10.3251 0
10.3309 0
10.3366 0
10.3424 0
10.3481 0
10.3538 0
10.3596 0
10.3653 0
10.371 0
10.3768 0
10.3825 0
10.3882 0
10.394 0
10.3997 0
10.4054 0
10.4112 0
10.4169 0
10.4227 0
10.4284 0
10.4341 0
10.4399 0
10.4456 0
10.4513 0
10.4571 0
10.4628 0
10.4685 0
10.4743 0
10.48 0
10.4858 0
10.4915 0
10.4972 0
10.503 0
10.5087 0
10.5144 0
10.5202 0
10.5259 0
10.5316 0
10.5374 0
10.5431 0
10.5489 0
10.5546 0
10.5603 0
10.5661 0
10.5718 0
10.5775 0
10.5833 0
10.589 0
10.5947 0
10.6005 0
10.6062 0
10.612 0
10.6177 0
10.6234 0
10.6292 0
10.6349 0
10.6406 0
10.6464 0
10.6521 0
10.6578 0
10.6636 0
10.6693 0
10.6751 0
10.6808 0
10.6865 0
10.6923 0
10.698 0
10.7037 0
10.7095 0
10.7152 0
10.7209 0
10.7267 0
10.7324 0
10.7381 0
10.7439 0
10.7496 0
10.7554 0
10.7611 0
10.7668 0
10.7726 0
10.7783 0
10.784 0
10.7898 0
10.7955 0
10.8012 0
10.807 0
10.8127 0
10.8185 0
10.8242 0
10.8299 0
10.8357 0
10.8414 0
10.8471 0
10.8529 0
10.8586 0
10.8643 0
10.8701 0
10.8758 0
10.8816 0
10.8873 0
10.893 0
10.8988 0
10.9045 0
10.9102 0
10.916 0
10.9217 0
10.9274 0
10.9332 0
10.9389 0
10.9447 0
10.9504 0
10.9561 0
10.9619 0
10.9676 0
10.9733 0
10.9791 0
10.9848 0
10.9905 0
10.9963 0
11.002 0
11.0077 0
11.0135 0
11.0192 0
11.025 0
11.0307 0
11.0364 0
11.0422 0
11.0479 0
11.0536 0
11.0594 0
11.0651 0
11.0708 0
11.0766 0
11.0823 0
11.0881 0
11.0938 0
11.0995 0
11.1053 0
11.111 0
11.1167 0
11.1225 0
11.1282 0
11.1339 0
11.1397 0
11.1454 0
11.1512 0
11.1569 0
11.1626 0
11.1684 0
11.1741 0
11.1798 0
11.1856 0
11.1913 0
11.197 0
11.2028 0
11.2085 0
11.2143 0
11.22 0
11.2257 0
11.2315 0
11.2372 0
11.2429 0
11.2487 0
11.2544 0
11.2601 0
11.2659 0
11.2716 0
11.2774 0
11.2831 0
11.2888 0
11.2946 0
11.3003 0
11.306 0
11.3118 0
11.3175 0
11.3232 0
11.329 0
11.3347 0
11.3404 0
11.3462 0
11.3519 0
11.3577 0
11.3634 0
11.3691 0
11.3749 0
11.3806 0
11.3863 0
11.3921 0
11.3978 0
11.4035 0
11.4093 0
11.415 0
11.4208 0
11.4265 0
11.4322 0
11.438 0
11.4437 0
11.4494 0
11.4552 0
11.4609 0
11.4666 0
11.4724 0
11.4781 0
11.4839 0
11.4896 0
11.4953 0
11.5011 0
11.5068 0
11.5125 0
11.5183 0
11.524 0
11.5297 0
11.5355 0
11.5412 0
11.547 0
11.5527 0
11.5584 0
11.5642 0
11.5699 0
11.5756 0
11.5814 0
11.5871 0
11.5928 0
11.5986 0
11.6043 0
11.61 0
11.6158 0
11.6215 0
11.6273 0
11.633 0
11.6387 0
11.6445 0
11.6502 0
11.6559 0
11.6617 0
11.6674 0
11.6731 0
11.6789 0
11.6846 0
11.6904 0
11.6961 0
11.7018 0
11.7076 0
11.7133 0
11.719 0
11.7248 0
11.7305 0
11.7362 0
11.742 0
