0 0
0.00573619 4
0.0114724 12
0.0172086 4
0.0229448 -1.66667
0.028681 11.6667
0.0344171 0.5
0.0401533 -1.4
0.0458895 -1.2
0.0516257 -18
0.0573619 -8
0.0630981 5
0.0688343 15.1429
0.0745705 2.16667
0.0803067 2.55556
0.0860429 -1.22222
0.091779 -0.25
0.0975152 7.46154
0.103251 -0.111111
0.108988 4.77778
0.114724 -1.4
0.12046 -4
0.126196 3.66667
0.131932 -2.625
0.137669 7.06667
0.143405 0.615385
0.149141 8.69231
0.154877 4.3125
0.160613 -3.2
0.16635 2.73333
0.172086 -4.08333
0.177822 6.84211
0.183558 -6.82353
0.189294 4.85714
0.19503 3.7619
0.200767 -0.904762
0.206503 4.58824
0.212239 -1.38889
0.217975 2.04762
0.223711 2.35294
0.229448 0
0.235184 -2.56522
0.24092 4.77273
0.246656 1.55556
0.252392 1.92
0.258129 -1.33333
0.263865 1.14286
0.269601 6.25
0.275337 -2.10345
0.281073 1.96
0.28681 -2.95833
0.292546 0.44
0.298282 2.2069
0.304018 0.481481
0.309754 7.13333
0.31549 -1.64516
0.321227 1.14815
0.326963 2.5
0.332699 -1.87097
0.338435 0.151515
0.344171 3.625
0.349908 4.37143
0.355644 4.65714
0.36138 3.83871
0.367116 2.11765
0.372852 -1.54545
0.378589 0.513514
0.384325 3.90625
0.390061 4.94872
0.395797 3
0.401533 2.42308
0.40727 6.7907
0.413006 7.18919
0.418742 7.25
0.424478 6.29412
0.430214 8.64444
0.43595 7.58537
0.441687 10.4375
0.447423 9.85106
0.453159 6.5641
0.458895 8.65116
0.464631 12.3864
0.470368 14.8049
0.476104 10.9362
0.48184 7.41667
0.487576 9.63461
0.493312 7.63415
0.499049 12.25
0.504785 14.8421
0.510521 13.7778
0.516257 17.2326
0.521993 13.7955
0.52773 14.566
0.533466 17.0444
0.539202 15.2917
0.544938 11.7843
0.550674 14
0.55641 13.125
0.562147 13.8431
0.567883 15.0175
0.573619 17.2
0.579355 14.4815
0.585091 10.6842
0.590828 16.283
0.596564 13.6875
0.6023 12.5357
0.608036 9.81538
0.613772 18.4082
0.619509 14.5517
0.625245 12.8475
0.630981 14.7091
0.636717 12.5345
0.642453 18.5789
0.64819 18.1746
0.653926 17.5192
0.659662 15.5385
0.665398 15.8438
0.671134 17.807
0.67687 18.9516
0.682607 17.0794
0.688343 17.9851
0.694079 20.7222
0.699815 17.1739
0.705551 21.5077
0.711288 18.8909
0.717024 17.5541
0.72276 22.2459
0.728496 17.3429
0.734232 18.8125
0.739969 18.4203
0.745705 24.2113
0.751441 19.6207
0.757177 18.6623
0.762913 24.9701
0.76865 27.2319
0.774386 20.9559
0.780122 21.1507
0.785858 20.1039
0.791594 18.3667
0.79733 19.7195
0.803067 19.8696
0.808803 17.9429
0.814539 18.4938
0.820275 16.7042
0.826011 21.4805
0.831748 21.7361
0.837484 18.5294
0.84322 20.7143
0.848956 22.2639
0.854692 18.9765
0.860429 20.4815
0.866165 21
0.871901 17.9625
0.877637 16.2169
0.883373 18.5195
0.88911 19.2949
0.894846 18.0471
0.900582 18.4819
0.906318 19.4054
0.912054 18.6222
0.91779 19.2759
0.923527 18.2078
0.929263 17.9651
0.934999 17.0769
0.940735 18.0617
0.946471 18.369
0.952208 17.3647
0.957944 22.086
0.96368 21.4872
0.969416 22.0211
0.975152 17.4556
0.980889 18.1529
0.986625 18.2209
0.992361 19.8526
0.998097 19.0105
1.00383 21.1375
1.00957 16.6263
1.01531 16.4021
1.02104 18.9524
1.02678 18.875
1.03251 18.967
1.03825 19.32
1.04399 20.2558
1.04972 22.1386
1.05546 19.3762
1.0612 17.6707
1.06693 19.4766
1.07267 17.4176
1.0784 17.8155
1.08414 17.9184
1.08988 20.94
1.09561 22.4571
1.10135 20.4419
1.10708 16.9636
1.11282 22.0947
1.11856 23.3469
1.12429 21.1143
1.13003 21.6381
1.13577 20.9048
1.1415 16.2451
1.14724 17.8807
1.15297 20.12
1.15871 18.42
1.16445 15.8348
1.17018 18.1143
1.17592 18.9439
1.18166 18.125
1.18739 16.9412
1.19313 16.5321
1.19886 15.9903
1.2046 17.113
1.21034 14.6636
1.21607 18.3
1.22181 17.6909
1.22754 21.1282
1.23328 16.4766
1.23902 15.6875
1.24475 19.9412
1.25049 16.6239
1.25623 15.7778
1.26196 19.6581
1.2677 18.25
1.27343 16.4595
1.27917 19.1864
1.28491 21.0932
1.29064 19.3274
1.29638 19.8103
1.30212 19.6496
1.30785 18.7227
1.31359 20.1552
1.31932 21.2913
1.32506 20.3529
1.3308 20.3707
1.33653 17.3492
1.34227 15.4874
1.348 20.4488
1.35374 18.7611
1.35948 16.592
1.36521 18.8321
1.37095 20.2182
1.37669 18.0288
1.38242 21.0984
1.38816 21.5267
1.39389 18.6017
1.39963 16.7803
1.40537 17.6589
1.4111 19.6071
1.41684 18.7972
1.42258 17.8148
1.42831 15.157
1.43405 17.6846
1.43978 19.1926
1.44552 17.2174
1.45126 20.2203
1.45699 16.8085
1.46273 16.8788
1.46846 15.5317
1.4742 15.5874
1.47994 19.4961
1.48567 18.5414
1.49141 18.8077
1.49715 17.8121
1.50288 19.1314
1.50862 17.629
1.51435 18.089
1.52009 16.1844
1.52583 16.2443
1.53156 17.7481
1.5373 18.381
1.54304 17.9149
1.54877 17.6691
1.55451 19.1611
1.56024 18.3431
1.56598 15.2
1.57172 16.2837
1.57745 15.3176
1.58319 17.4965
1.58892 16.4437
1.59466 17.8533
1.6004 17.6014
1.60613 16.5217
1.61187 18.6376
1.61761 18
1.62334 16.0677
1.62908 15.3935
1.63481 15.9404
1.64055 18.94
1.64629 17.9932
1.65202 16.1391
1.65776 17.6424
1.6635 18.8613
1.66923 16.761
1.67497 15.865
1.6807 15.781
1.68644 14.8038
1.69218 15.5556
1.69791 19
1.70365 17.5676
1.70938 16.5128
1.71512 15.7607
1.72086 17.4412
1.72659 14.6069
1.73233 15.5355
1.73807 17.719
1.7438 17.7048
1.74954 16.3082
1.75527 17.1463
1.76101 15.4926
1.76675 17.8619
1.77248 18.0366
1.77822 19.6122
1.78396 17.9583
1.78969 19.1592
1.79543 15.5665
1.80116 17.0446
1.8069 17.2456
1.81264 17.3533
1.81837 16.1
1.82411 15.4944
1.82984 19.0994
1.83558 18.5091
1.84132 17.0242
1.84705 17.8994
1.85279 17.193
1.85853 18.7188
1.86426 18.9548
1.87 16.8605
1.87573 15.6
1.88147 18.887
1.88721 21.9244
1.89294 18.289
1.89868 19.7
1.90442 18.1667
1.91015 21.1716
1.91589 37.5952
1.92162 39.5401
1.92736 21.3616
1.9331 20.8393
1.93883 22.6802
1.94457 20.5185
1.9503 21.3765
1.95604 19.4942
1.96178 20.8674
1.96751 20.4649
1.97325 19.2209
1.97899 19.2406
1.98472 19.5798
1.99046 18.5943
1.99619 18.7198
2.00193 18.2737
2.00767 19.8418
2.0134 18.907
2.01914 17.5957
2.02488 19.0052
2.03061 17.9379
2.03635 18.0798
2.04208 18.9676
2.04782 16.2979
2.05356 19.629
2.05929 17.1436
2.06503 20.085
2.07076 18.6761
2.0765 16.3161
2.08224 19.3163
2.08797 20.6763
2.09371 19.5101
2.09945 20.3459
2.10518 20.4925
2.11092 21.0374
2.11665 18.4923
2.12239 20.2705
2.12813 19.4734
2.13386 18.99
2.1396 19.1558
2.14534 19.4
2.15107 17.5882
2.15681 20.6332
2.16254 19.0198
2.16828 19.7826
2.17402 20.5829
2.17975 19.075
2.18549 18.8836
2.19122 19.3218
2.19696 19.7079
2.2027 21.6829
2.20843 26.6966
2.21417 34.2264
2.21991 44.1315
2.22564 28.2022
2.23138 23.9336
2.23711 19.7778
2.24285 20.1394
2.24859 20.3125
2.25432 19.9269
2.26006 20.9563
2.2658 20.4086
2.27153 20.7302
2.27727 18.4882
2.283 19.7114
2.28874 19.0931
2.29448 20.7838
2.30021 21.2133
2.30595 21.298
2.31168 19.5833
2.31742 18.8068
2.32316 21.125
2.32889 22.1495
2.33463 22.0986
2.34037 21.338
2.3461 23.8538
2.35184 24.8869
2.35757 26.4069
2.36331 27.4252
2.36905 24.682
2.37478 25.8423
2.38052 24.3272
2.38626 25.303
2.39199 24.3205
2.39773 25.5604
2.40346 22.3973
2.4092 25.6996
2.41494 23.1584
2.42067 20.7512
2.42641 20.9954
2.43214 21.1732
2.43788 21.0821
2.44362 23.326
2.44935 19.1888
2.45509 21.169
2.46083 20.4286
2.46656 23.7686
2.4723 21.0378
2.47803 21.9535
2.48377 21.6593
2.48951 21.1111
2.49524 22.181
2.50098 19.9911
2.50672 22.2832
2.51245 21.0987
2.51819 21.9722
2.52392 20.3866
2.52966 21.5356
2.5354 21.3843
2.54113 20.3708
2.54687 22.0736
2.5526 21.3814
2.55834 22.3874
2.56408 22.3702
2.56981 22.7397
2.57555 23.8009
2.58129 21.5195
2.58702 22.4812
2.59276 22.5844
2.59849 21.0847
2.60423 22.3517
2.60997 21.7095
2.6157 22.0917
2.62144 21.4844
2.62718 23.5489
2.63291 22.8954
2.63865 24.927
2.64438 21.4774
2.65012 22.124
2.65586 22.6875
2.66159 22.9921
2.66733 22.8156
2.67306 23.366
2.6788 23.0586
2.68454 23.1765
2.69027 22.7189
2.69601 25.1261
2.70175 23.9258
2.70748 23.5556
2.71322 23.2911
2.71895 22.5096
2.72469 25.2222
2.73043 24.2087
2.73616 24.2458
2.7419 23.3463
2.74764 22.6719
2.75337 23.4545
2.75911 23.2319
2.76484 24.5437
2.77058 23.2675
2.77632 23.2317
2.78205 22.2262
2.78779 23.4672
2.79352 24.4754
2.79926 22.5451
2.805 22.0442
2.81073 22.3678
2.81647 23.6667
2.82221 24.038
2.82794 23.8571
2.83368 23.6625
2.83941 23.1949
2.84515 24.516
2.85089 25.2364
2.85662 24
2.86236 24.5763
2.8681 24.4512
2.87383 23.9736
2.87957 26.2266
2.8853 23.5703
2.89104 24.8555
2.89678 24.9698
2.90251 25.3295
2.90825 25.2874
2.91398 23.8248
2.91972 26.0469
2.92546 25.3591
2.93119 26.4377
2.93693 28.13
2.94267 27.9122
2.9484 26.0377
2.95414 26.3541
2.95987 26.9101
2.96561 25.9
2.97135 28.1459
2.97708 29.9681
2.98282 34.6693
2.98856 57.1857
2.99429 63.7964
3.00003 34.2491
3.00576 32.5703
3.0115 27.5257
3.01724 27.3391
3.02297 29.5267
3.02871 27.8669
3.03444 26.3011
3.04018 28.0324
3.04592 27.9375
3.05165 29.3262
3.05739 28.4064
3.06313 28
3.06886 28.4865
3.0746 28.7298
3.08033 28.1667
3.08607 28.8688
3.09181 30.7899
3.09754 33.8789
3.10328 32.3835
3.10902 34.5651
3.11475 33.1932
3.12049 34.4579
3.12622 32.9181
3.13196 35.2278
3.1377 37.5367
3.14343 43.4893
3.14917 39.8685
3.1549 33.273
3.16064 31.375
3.16638 33.2409
3.17211 32.9062
3.17785 33.7372
3.18359 32.1147
3.18932 33.2667
3.19506 31.6835
3.20079 31.3234
3.20653 32.9902
3.21227 33.43
3.218 33.5069
3.22374 33.7604
3.22948 35.388
3.23521 36.7213
3.24095 36.4758
3.24668 35.6984
3.25242 35.4233
3.25816 34.243
3.26389 35.6903
3.26963 35.1712
3.27536 35.9736
3.2811 34.886
3.28684 36.1344
3.29257 38.1016
3.29831 38.8714
3.30405 39.7019
3.30978 40.318
3.31552 39.6086
3.32125 42.5153
3.32699 43.0033
3.33273 44.3814
3.33846 42.4724
3.3442 43.5862
3.34994 44.0347
3.35567 45.6977
3.36141 43.5173
3.36714 45.2244
3.37288 54.4137
3.37862 69.2184
3.38435 64.9692
3.39009 71.8316
3.39582 59.0948
3.40156 43.3711
3.4073 43.7524
3.41303 44.8779
3.41877 43.7426
3.42451 47.6378
3.43024 44.9936
3.43598 43.5479
3.44171 43.7147
3.44745 43.8669
3.45319 44.6301
3.45892 43.6548
3.46466 44.6048
3.4704 44.9801
3.47613 45.1821
3.48187 46.7319
3.4876 45.4825
3.49334 46.0571
3.49908 46.9459
3.50481 49.4448
3.51055 48.2219
3.51628 47.1419
3.52202 52.0954
3.52776 52.6242
3.53349 55.978
3.53923 60.7469
3.54497 71.1223
3.5507 76.8576
3.55644 70.4244
3.56217 64.3642
3.56791 57.9717
3.57365 55.2205
3.57938 53.8947
3.58512 54.7108
3.59086 54.0032
3.59659 55.9352
3.60233 54.8805
3.60806 54.3576
3.6138 56.7905
3.61954 57.6269
3.62527 58.0151
3.63101 60.0685
3.63674 67.9154
3.64248 71.104
3.64822 73.6471
3.65395 75.8323
3.65969 77.3412
3.66543 76.0541
3.67116 74.4201
3.6769 73.7589
3.68263 78.0171
3.68837 76.5905
3.69411 76.6305
3.69984 71.5496
3.70558 73.0606
3.71132 72.256
3.71705 74.4522
3.72279 74.0525
3.72852 75.9104
3.73426 76.7612
3.74 75.7809
3.74573 76.9082
3.75147 79.4509
3.7572 81.0565
3.76294 83.7478
3.76868 82.8988
3.77441 85.4148
3.78015 88.3203
3.78589 93.2939
3.79162 96.519
3.79736 98.9891
3.80309 102.833
3.80883 107.101
3.81457 116.423
3.8203 122.405
3.82604 132.11
3.83178 151.166
3.83751 206.045
3.84325 382.729
3.84898 588.756
3.85472 1002.89
3.86046 537.986
3.86619 429.468
3.87193 485.847
3.87766 614.085
3.8834 806.618
3.88914 1029.87
3.89487 1205.05
3.90061 1143.03
3.90635 937.252
3.91208 729.601
3.91782 530.265
3.92355 398.696
3.92929 314.882
3.93503 254.508
3.94076 216.559
3.9465 182.145
3.95224 165.283
3.95797 148.154
3.96371 134.354
3.96944 129.615
3.97518 123.728
3.98092 115.088
3.98665 111.033
3.99239 107.463
3.99812 104.418
4.00386 103.178
4.0096 100.003
4.01533 98.6737
4.02107 97.276
4.02681 96.3818
4.03254 95
4.03828 94.5671
4.04401 92.4463
4.04975 93.244
4.05549 89.7367
4.06122 87.8815
4.06696 86.6797
4.0727 87.4
4.07843 86.2535
4.08417 84.4038
4.0899 85.9134
4.09564 83.641
4.10138 86.6302
4.10711 85.1117
4.11285 83.125
4.11858 84.175
4.12432 83.45
4.13006 83.4728
4.13579 82.5844
4.14153 81.7292
4.14727 83.0773
4.153 83.6325
4.15874 82.8612
4.16447 82.3163
4.17021 82.9169
4.17595 84.3658
4.18168 80.176
4.18742 82.5633
4.19316 83.4621
4.19889 85.3908
4.20463 86.6847
4.21036 88.1821
4.2161 86.1406
4.22184 82.9767
4.22757 84.6053
4.23331 83.8069
4.23904 84.6967
4.24478 83.1343
4.25052 84.5649
4.25625 83.7588
4.26199 84.7093
4.26773 87.1458
4.27346 86.0564
4.2792 87.5917
4.28493 89.6329
4.29067 90.0101
4.29641 90.6521
4.30214 90.6938
4.30788 92.9084
4.31362 93.1816
4.31935 93.6945
4.32509 97.5425
4.33082 98.2506
4.33656 101.539
4.3423 102.333
4.34803 106.877
4.35377 108.568
4.3595 112.62
4.36524 114.948
4.37098 117.866
4.37671 124.687
4.38245 129.481
4.38819 135.589
4.39392 144.207
4.39966 149.185
4.40539 160.491
4.41113 172.807
4.41687 194.264
4.4226 224.913
4.42834 285.843
4.43408 476.091
4.43981 1085.43
4.44555 2334.68
4.45128 9969.61
4.45702 12957.5
4.46276 5558.13
4.46849 1816.11
4.47423 925.471
4.47996 530.016
4.4857 440.75
4.49144 421.932
4.49717 390.229
4.50291 394.084
4.50865 373.911
4.51438 342.625
4.52012 301.037
4.52585 260.902
4.53159 228.836
4.53733 196.712
4.54306 174.098
4.5488 157.512
4.55454 142.865
4.56027 129.859
4.56601 119.901
4.57174 111.799
4.57748 103.907
4.58322 99.8329
4.58895 96.5049
4.59469 91.658
4.60042 88.1108
4.60616 86.0607
4.6119 84.456
4.61763 82.6956
4.62337 82.5081
4.62911 81.8144
4.63484 79.9318
4.64058 76.7459
4.64631 74.7477
4.65205 72.531
4.65779 71.3893
4.66352 69.2854
4.66926 69.314
4.675 67.7821
4.68073 68.3357
4.68647 66.9294
4.6922 67.724
4.69794 67.0226
4.70368 66.8192
4.70941 66.8841
4.71515 67.75
4.72088 66.6404
4.72662 66.5326
4.73236 66.7371
4.73809 65.881
4.74383 65.2701
4.74957 65.7437
4.7553 64.3701
4.76104 63.2415
4.76677 63.3294
4.77251 61.211
4.77825 60.4628
4.78398 59.0444
4.78972 58.323
4.79546 57.9311
4.80119 54.7416
4.80693 56.977
4.81266 54.6759
4.8184 57.3908
4.82414 56.1317
4.82987 55.6463
4.83561 56.0159
4.84134 56.7913
4.84708 60.4828
4.85282 61.5064
4.85855 58.4802
4.86429 54.6446
4.87003 53.5704
4.87576 55.1756
4.8815 53.0022
4.88723 53.0288
4.89297 53.2599
4.89871 52.1641
4.90444 52.9103
4.91018 52.0412
4.91592 51.7589
4.92165 52.2446
4.92739 50.9041
4.93312 53.3587
4.93886 50.7046
4.9446 51.7569
4.95033 51.0277
4.95607 52.6901
4.9618 50.6496
4.96754 53.3165
4.97328 53.6502
4.97901 61.047
4.98475 54.9089
4.99049 51.8344
4.99622 51.2633
5.00196 49.3822
5.00769 49.3282
5.01343 50.4172
5.01917 49.3195
5.0249 49.9134
5.03064 49.905
5.03638 50.2208
5.04211 49.5696
5.04785 49.594
5.05358 49.1218
5.05932 49.3693
5.06506 49.2352
5.07079 49.9227
5.07653 50.8769
5.08226 49.7325
5.088 48.6295
5.09374 49.6245
5.09947 47.1283
5.10521 47.9846
5.11095 47.2244
5.11668 50.3904
5.12242 48.3421
5.12815 47.7601
5.13389 47.499
5.13963 48.3039
5.14536 50.7768
5.1511 48.5833
5.15684 48.5225
5.16257 49.0609
5.16831 49.8471
5.17404 50.202
5.17978 49.4417
5.18552 50.347
5.19125 47.913
5.19699 49.0558
5.20272 47.3742
5.20846 48.0184
5.2142 49.625
5.21993 48.3184
5.22567 48.0214
5.23141 48.6
5.23714 50.3843
5.24288 49.2217
5.24861 48.6081
5.25435 49.5545
5.26009 47.8631
5.26582 49.6077
5.27156 48.0123
5.2773 47.9958
5.28303 49.1597
5.28877 48.7149
5.2945 49.2857
5.30024 49.9376
5.30598 49.4075
5.31171 50.6092
5.31745 50.1328
5.32318 49.711
5.32892 49.8194
5.33466 50.9018
5.34039 49.8413
5.34613 49.9161
5.35187 54.5244
5.3576 50.4012
5.36334 48.3953
5.36907 50.3752
5.37481 49.4585
5.38055 49.8649
5.38628 52.6302
5.39202 54.9387
5.39776 54.6593
5.40349 55.4656
5.40923 52.0118
5.41496 50.7667
5.4207 50.027
5.42644 50.572
5.43217 49.2495
5.43791 49.1024
5.44364 50.8586
5.44938 51.8023
5.45512 51.6365
5.46085 50.9586
5.46659 51.3467
5.47233 49.9234
5.47806 49.4257
5.4838 48.6929
5.48953 49.541
5.49527 49.0432
5.50101 49.8428
5.50674 50.7324
5.51248 49.4553
5.51822 50.3868
5.52395 49.2415
5.52969 50.3446
5.53542 51.2287
5.54116 52.8547
5.5469 51.8318
5.55263 49.6706
5.55837 51.0285
5.5641 51.154
5.56984 49.7877
5.57558 51.1738
5.58131 51.6
5.58705 51.3969
5.59279 52.0392
5.59852 51.6058
5.60426 51.2177
5.60999 51.8829
5.61573 51.1176
5.62147 51.4306
5.6272 52.0469
5.63294 52.1788
5.63868 52.1643
5.64441 54.6816
5.65015 53.3698
5.65588 52.0039
5.66162 53.456
5.66736 54.7548
5.67309 53.5578
5.67883 53.9581
5.68456 52.8337
5.6903 53.3623
5.69604 54.3814
5.70177 54.1692
5.70751 55.1281
5.71325 55.2081
5.71898 55.8555
5.72472 54.3078
5.73045 56.2445
5.73619 55.1146
5.74193 55.463
5.74766 55.3158
5.7534 58.0287
5.75914 58.0177
5.76487 57.7809
5.77061 61.0568
5.77634 59.9077
5.78208 59.4858
5.78782 59.7827
5.79355 58.9176
5.79929 59.8102
5.80502 59.3039
5.81076 61.2383
5.8165 59.6231
5.82223 58.7989
5.82797 59.9044
5.83371 59.6464
5.83944 60.1304
5.84518 60.3004
5.85091 61.1738
5.85665 62.7563
5.86239 62.3047
5.86812 62.8566
5.87386 60.764
5.8796 61.2058
5.88533 62.5044
5.89107 63.0208
5.8968 63.5598
5.90254 63.7371
5.90828 64.8185
5.91401 65.041
5.91975 64.2366
5.92548 65.7786
5.93122 65.4381
5.93696 66.9552
5.94269 71.7782
5.94843 70.2047
5.95417 76.4679
5.9599 70.1394
5.96564 68.7956
5.97137 69.9684
5.97711 69.6362
5.98285 69.7072
5.98858 71.6661
5.99432 71.8243
6.00006 72.8812
6.00579 73.935
6.01153 76.5018
6.01726 78.1328
6.023 77.5017
6.02874 77.8582
6.03447 76.6723
6.04021 76.7997
6.04594 78.9497
6.05168 80.1882
6.05742 81.2615
6.06315 80.7222
6.06889 80.6317
6.07463 82.6494
6.08036 83.1201
6.0861 83.816
6.09183 85.869
6.09757 88.0408
6.10331 86.9802
6.10904 87.8079
6.11478 90.3358
6.12052 92.3723
6.12625 92.3072
6.13199 94.093
6.13772 96.396
6.14346 94.4004
6.1492 98.4256
6.15493 102.075
6.16067 101.767
6.1664 104.521
6.17214 106.807
6.17788 110.401
6.18361 112.281
6.18935 115.166
6.19509 121.555
6.20082 121.451
6.20656 128.308
6.21229 133.54
6.21803 142.697
6.22377 144.183
6.2295 151.687
6.23524 161.304
6.24098 163.647
6.24671 166.544
6.25245 187.424
6.25818 197.22
6.26392 215.333
6.26966 251.198
6.27539 339.316
6.28113 447.306
6.28686 1089.12
6.2926 3032.32
6.29834 6671.57
6.30407 6845.21
6.30981 9881.81
6.31555 3133.14
6.32128 1696.21
6.32702 680.693
6.33275 439.405
6.33849 387.668
6.34423 318.898
6.34996 311.907
6.3557 314.884
6.36144 317.911
6.36717 335.575
6.37291 358.219
6.37864 356.949
6.38438 333.983
6.39012 306.477
6.39585 280.888
6.40159 248.066
6.40732 222.412
6.41306 198.712
6.4188 182.834
6.42453 166.423
6.43027 157.49
6.43601 151.086
6.44174 145.674
6.44748 140.252
6.45321 136.231
6.45895 133.032
6.46469 129.465
6.47042 127.07
6.47616 127.674
6.4819 119.834
6.48763 115.728
6.49337 113.929
6.4991 111.441
6.50484 110.932
6.51058 108.256
6.51631 107.706
6.52205 103.837
6.52778 103.953
6.53352 102.202
6.53926 102.404
6.54499 102.294
6.55073 102.749
6.55647 102.247
6.5622 101.43
6.56794 101.659
6.57367 101.493
6.57941 100.466
6.58515 99.6968
6.59088 97.8236
6.59662 97.8266
6.60236 95.7516
6.60809 96.1479
6.61383 96.0034
6.61956 95.2926
6.6253 92.6286
6.63104 93.0798
6.63677 92.6461
6.64251 92.7127
6.64824 93.8163
6.65398 93.401
6.65972 93.6619
6.66545 93.0198
6.67119 92.2476
6.67693 91.9002
6.68266 93.3916
6.6884 92.6808
6.69413 91.0201
6.69987 92.072
6.70561 91.8585
6.71134 90.0752
6.71708 92.0467
6.72282 89.9602
6.72855 89.8466
6.73429 88.9434
6.74002 88.4697
6.74576 89.0202
6.7515 88.5997
6.75723 89.1791
6.76297 89.4931
6.7687 87.8207
6.77444 89.1246
6.78018 87.4103
6.78591 89.4521
6.79165 87.9024
6.79739 88.7521
6.80312 90.278
6.80886 88.9904
6.81459 90.8119
6.82033 88.9415
6.82607 87.8962
6.8318 88
6.83754 86.4343
6.84328 86.5754
6.84901 88.5235
6.85475 87.2729
6.86048 87.7718
6.86622 87.6242
6.87196 87.44
6.87769 86.7241
6.88343 87.3307
6.88916 87.3189
6.8949 87.5505
6.90064 86.4946
6.90637 86.3364
6.91211 88.0269
6.91785 87.5371
6.92358 88.3323
6.92932 89.2546
6.93505 86.9593
6.94079 87.8422
6.94653 88.0138
6.95226 89.035
6.958 86.463
6.96374 87.3055
6.96947 87.2844
6.97521 86.7661
6.98094 87.5645
6.98668 87.7087
6.99242 88.1042
6.99815 88.1392
7.00389 87.8529
7.00962 87.5161
7.01536 87.3412
7.0211 89.0485
7.02683 89.152
7.03257 88.7121
7.03831 89.3312
7.04404 88.3172
7.04978 89.5566
7.05551 89.268
7.06125 88.284
7.06699 91.4862
7.07272 90.2611
7.07846 90.5885
7.0842 90.5843
7.08993 90.8465
7.09567 91.8994
7.1014 91.3515
7.10714 92.9633
7.11288 93.5398
7.11861 93.1843
7.12435 93.7282
7.13008 92.4598
7.13582 94.118
7.14156 94.1349
7.14729 94.4565
7.15303 94.7895
7.15877 93.0336
7.1645 94.061
7.17024 94.1799
7.17597 95.14
7.18171 94.5893
7.18745 95.1074
7.19318 93.3456
7.19892 95.8064
7.20466 97.2954
7.21039 96.4268
7.21613 99.0408
7.22186 97.8936
7.2276 98.0431
7.23334 99.0719
7.23907 98.1321
7.24481 99.6724
7.25054 98.3284
7.25628 100.331
7.26202 100.991
7.26775 101.016
7.27349 101.664
7.27923 101.8
7.28496 102.763
7.2907 102.46
7.29643 103.418
7.30217 104.082
7.30791 107.862
7.31364 108.175
7.31938 107.411
7.32512 109.503
7.33085 109.683
7.33659 110.466
7.34232 112.376
7.34806 114.163
7.3538 115.799
7.35953 116.063
7.36527 121.249
7.371 131.688
7.37674 175.374
7.38248 153.171
7.38821 428.892
7.39395 420.356
7.39969 496.997
7.40542 889.801
7.41116 444.531
7.41689 284.98
7.42263 202.397
7.42837 181.331
7.4341 175.225
7.43984 177.158
7.44558 183.207
7.45131 194.051
7.45705 209.681
7.46278 230.12
7.46852 256.996
7.47426 280.581
7.47999 293.774
7.48573 289.425
7.49146 267.891
7.4972 243.202
7.50294 218.628
7.50867 196.086
7.51441 176.219
7.52015 160.472
7.52588 149.049
7.53162 137.57
7.53735 129.139
7.54309 123.385
7.54883 118.192
7.55456 114.541
7.5603 112.231
7.56604 111.059
7.57177 105.949
7.57751 104.142
7.58324 102.099
7.58898 101.461
7.59472 97.9806
7.60045 97.5058
7.60619 96.3952
7.61192 95.3225
7.61766 93.5966
7.6234 93.7375
7.62913 91.5099
7.63487 91.638
7.64061 91.3491
7.64634 90.0682
7.65208 90.9351
7.65781 90.3069
7.66355 89.9287
7.66929 90.0028
7.67502 89.5358
7.68076 90.51
7.6865 89.4484
7.69223 91.2885
7.69797 91.5072
7.7037 92.5455
7.70944 96.7019
7.71518 109.835
7.72091 127.806
7.72665 237.716
7.73238 401.578
7.73812 150.71
7.74386 150.115
7.74959 112.67
7.75533 103.765
7.76107 101.686
7.7668 100.648
7.77254 106.067
7.77827 109.432
7.78401 114.603
7.78975 122.952
7.79548 130.372
7.80122 139.044
7.80696 146.215
7.81269 149.546
7.81843 144.7
7.82416 136.429
7.8299 127.145
7.83564 117.332
7.84137 110.478
7.84711 103.223
7.85284 98.2116
7.85858 93.7568
7.86432 90.962
7.87005 87.0448
7.87579 85.6096
7.88153 83.3238
7.88726 81.8925
7.893 81.442
7.89873 79.4837
7.90447 79.1595
7.91021 83.7877
7.91594 82.0759
7.92168 89.3787
7.92742 80.9207
7.93315 77.8784
7.93889 75.8338
7.94462 75.9662
7.95036 73.7145
7.9561 73.5572
7.96183 75.4678
7.96757 76.4415
7.9733 77.7419
7.97904 77.3626
7.98478 76.7425
7.99051 73.9403
7.99625 73.0079
8.00199 72.629
8.00772 71.8436
8.01346 71.3509
8.01919 70.2686
8.02493 69.9285
8.03067 70.159
8.0364 70.4304
8.04214 69.3714
8.04788 70.3063
8.05361 68.9553
8.05935 69.2804
8.06508 69.4933
8.07082 70.2413
8.07656 69.1083
8.08229 70.1288
8.08803 69.416
8.09376 69.7608
8.0995 68.7677
8.10524 67.5224
8.11097 65.4822
8.11671 63.4562
8.12245 63.7001
8.12818 63.6812
8.13392 60.7199
8.13965 60.8989
8.14539 61.5486
8.15113 61.0364
8.15686 55.0026
8.1626 57.4123
8.16834 58.8491
8.17407 60.0271
8.17981 60.7035
8.18554 60.9106
8.19128 60.3047
8.19702 60.2461
8.20275 61.7348
8.20849 61.1772
8.21422 60.6437
8.21996 60.2817
8.2257 59.7426
8.23143 60.3333
8.23717 58.7123
8.24291 59.1356
8.24864 59.3093
8.25438 59.5009
8.26011 59.3579
8.26585 59.4952
8.27159 61.1073
8.27732 60.5451
8.28306 58.9441
8.2888 60.169
8.29453 58.4601
8.30027 59.8189
8.306 58.9631
8.31174 60.4168
8.31748 59.0503
8.32321 59.2516
8.32895 58.8299
8.33468 57.7602
8.34042 58.2793
8.34616 58.8764
8.35189 58.1697
8.35763 57.1732
8.36337 58.4836
8.3691 59.594
8.37484 59.1794
8.38057 56.5643
8.38631 57.2301
8.39205 58.5024
8.39778 57.6348
8.40352 58.8605
8.40926 59.5098
8.41499 57.5707
8.42073 58.1976
8.42646 57.9056
8.4322 59.1699
8.43794 60.7221
8.44367 60.02
8.44941 58.3964
8.45514 57.5135
8.46088 58.9898
8.46662 58.4031
8.47235 56.2681
8.47809 58.5186
8.48383 57.7127
8.48956 58.4053
8.4953 57.6842
8.50103 56.3621
8.50677 56.496
8.51251 57.2478
8.51824 58.0256
8.52398 56.3944
8.52972 56.1782
8.53545 58.8783
8.54119 57.4204
8.54692 56.9333
8.55266 58.0029
8.5584 57.5498
8.56413 57.4157
8.56987 56.2158
8.5756 57.123
8.58134 54.7121
8.58708 57.8687
8.59281 56.4843
8.59855 56.1374
8.60429 56.4608
8.61002 55.3484
8.61576 55.7951
8.62149 55.4502
8.62723 56.0714
8.63297 56.3773
8.6387 56.4114
8.64444 55.6162
8.65018 56.1856
8.65591 55.7552
8.66165 54.4566
8.66738 55.5125
8.67312 56.9114
8.67886 54.3258
8.68459 55.4345
8.69033 55.1952
8.69606 53.9527
8.7018 56.9648
8.70754 54.348
8.71327 55.8812
8.71901 56.4979
8.72475 55.2791
8.73048 53.5686
8.73622 55.6983
8.74195 58.2419
8.74769 57.0212
8.75343 56.0556
8.75916 56.9831
8.7649 57.5963
8.77064 54.7415
8.77637 54.2098
8.78211 53.8211
8.78784 56.4105
8.79358 56.0985
8.79932 56.0789
8.80505 55.2488
8.81079 54.4335
8.81652 55.2607
8.82226 51.6839
8.828 53.838
8.83373 55.8341
8.83947 53.4759
8.84521 55.2098
8.85094 56.1968
8.85668 55.4615
8.86241 57.1487
8.86815 56.9483
8.87389 58.3744
8.87962 56.3873
8.88536 57.0221
8.8911 56.7914
8.89683 55.9753
8.90257 61.1585
8.9083 55.1792
8.91404 58.5062
8.91978 64.4743
8.92551 69.7325
8.93125 73.9207
8.93698 136.595
8.94272 105.094
8.94846 84.9333
8.95419 65.7785
8.95993 61.1554
8.96567 60.4596
8.9714 63.0315
8.97714 60.0063
8.98287 61.3357
8.98861 59.5926
8.99435 61.5931
9.00008 59.4359
9.00582 62.0789
9.01156 63.9924
9.01729 64.1545
9.02303 64.3429
9.02876 68.265
9.0345 63.3415
9.04024 65.8062
9.04597 68.8942
9.05171 62.9528
9.05744 65.0165
9.06318 67.3301
9.06892 59.7143
9.07465 62.2396
9.08039 58.9487
9.08613 59.6636
9.09186 59.0729
9.0976 57.3654
9.10333 57.2708
9.10907 61.2551
9.11481 54.3021
9.12054 58.8523
9.12628 52.6531
9.13202 53.4024
9.13775 56.7609
9.14349 54.9405
9.14922 56.1829
9.15496 52.4268
9.1607 54.3649
9.16643 54.875
9.17217 53.7534
9.1779 53.6316
9.18364 53.6143
9.18938 54.6324
9.19511 55.0735
9.20085 54.873
9.20659 50.8
9.21232 53.75
9.21806 45.3115
9.22379 50.5818
9.22953 51.6909
9.23527 52.5283
9.241 49.0893
9.24674 52
9.25248 49.6809
9.25821 49.2
9.26395 49.9091
9.26968 47.2093
9.27542 49.3846
9.28116 43.3
9.28689 48.8857
9.29263 42.1515
9.29836 41.6667
9.3041 41.4848
9.30984 38.75
9.31557 39.3704
9.32131 37.7407
9.32705 37.45
9.33278 41.3043
9.33852 30.9474
9.34425 33.2778
9.34999 33.4706
9.35573 29.6429
9.36146 37.2727
9.3672 25.9091
9.37294 25.875
9.37867 21.4444
9.38441 9
9.39014 12.5
9.39588 0
9.40162 0
9.40735 0
9.41309 0
9.41882 0
9.42456 0
9.4303 0
9.43603 0
9.44177 0
9.44751 0
9.45324 0
9.45898 0
9.46471 0
9.47045 0
9.47619 0
9.48192 0
9.48766 0
9.4934 0
9.49913 0
9.50487 0
9.5106 0
9.51634 0
9.52208 0
9.52781 0
9.53355 0
9.53928 0
9.54502 0
9.55076 0
9.55649 0
9.56223 0
9.56797 0
9.5737 0
9.57944 0
9.58517 0
9.59091 0
9.59665 0
9.60238 0
9.60812 0
9.61386 0
9.61959 0
9.62533 0
9.63106 0
9.6368 0
9.64254 0
9.64827 0
9.65401 0
9.65974 0
9.66548 0
9.67122 0
9.67695 0
9.68269 0
9.68843 0
9.69416 0
9.6999 0
9.70563 0
9.71137 0
9.71711 0
9.72284 0
9.72858 0
9.73432 0
9.74005 0
9.74579 0
9.75152 0
9.75726 0
9.763 0
9.76873 0
9.77447 0
9.7802 0
9.78594 0
9.79168 0
9.79741 0
9.80315 0
9.80889 0
9.81462 0
9.82036 0
9.82609 0
9.83183 0
9.83757 0
9.8433 0
9.84904 0
9.85478 0
9.86051 0
9.86625 0
9.87198 0
9.87772 0
9.88346 0
9.88919 0
9.89493 0
9.90066 0
9.9064 0
9.91214 0
9.91787 0
9.92361 0
9.92935 0
9.93508 0
9.94082 0
9.94655 0
9.95229 0
9.95803 0
9.96376 0
9.9695 0
9.97524 0
9.98097 0
9.98671 0
9.99244 0
9.99818 0
10.0039 0
10.0097 0
10.0154 0
10.0211 0
10.0269 0
10.0326 0
10.0383 0
10.0441 0
10.0498 0
10.0555 0
10.0613 0
10.067 0
10.0728 0
10.0785 0
10.0842 0
10.09 0
10.0957 0
10.1014 0
10.1072 0
10.1129 0
10.1186 0
10.1244 0
10.1301 0
10.1358 0
10.1416 0
10.1473 0
10.1531 0
10.1588 0
10.1645 0
10.1703 0
10.176 0
10.1817 0
10.1875 0
10.1932 0
10.1989 0
10.2047 0
10.2104 0
10.2162 0
10.2219 0
10.2276 0
10.2334 0
10.2391 0
10.2448 0
10.2506 0
10.2563 0
10.262 0
10.2678 0
10.2735 0
10.2793 0
10.285 0
10.2907 0
10.2965 0
10.3022 0
10.3079 0
10.3137 0
10.3194 0
10.3251 0
10.3309 0
10.3366 0
10.3424 0
10.3481 0
10.3538 0
10.3596 0
10.3653 0
10.371 0
10.3768 0
10.3825 0
10.3882 0
10.394 0
10.3997 0
10.4054 0
10.4112 0
10.4169 0
10.4227 0
10.4284 0
10.4341 0
10.4399 0
10.4456 0
10.4513 0
10.4571 0
10.4628 0
10.4685 0
10.4743 0
10.48 0
10.4858 0
10.4915 0
10.4972 0
10.503 0
10.5087 0
10.5144 0
10.5202 0
10.5259 0
10.5316 0
10.5374 0
10.5431 0
10.5489 0
10.5546 0
10.5603 0
10.5661 0
10.5718 0
10.5775 0
10.5833 0
10.589 0
10.5947 0
10.6005 0
10.6062 0
10.612 0
10.6177 0
10.6234 0
10.6292 0
10.6349 0
10.6406 0
10.6464 0
10.6521 0
10.6578 0
10.6636 0
10.6693 0
10.6751 0
10.6808 0
10.6865 0
10.6923 0
10.698 0
10.7037 0
10.7095 0
10.7152 0
10.7209 0
10.7267 0
10.7324 0
10.7381 0
10.7439 0
10.7496 0
10.7554 0
10.7611 0
10.7668 0
10.7726 0
10.7783 0
10.784 0
10.7898 0
10.7955 0
10.8012 0
10.807 0
10.8127 0
10.8185 0
10.8242 0
10.8299 0
10.8357 0
10.8414 0
10.8471 0
10.8529 0
10.8586 0
10.8643 0
10.8701 0
10.8758 0
10.8816 0
10.8873 0
10.893 0
10.8988 0
10.9045 0
10.9102 0
10.916 0
10.9217 0
10.9274 0
10.9332 0
10.9389 0
10.9447 0
10.9504 0
10.9561 0
10.9619 0
10.9676 0
10.9733 0
10.9791 0
10.9848 0
10.9905 0
10.9963 0
11.002 0
11.0077 0
11.0135 0
11.0192 0
11.025 0
11.0307 0
11.0364 0
11.0422 0
11.0479 0
11.0536 0
11.0594 0
11.0651 0
11.0708 0
11.0766 0
11.0823 0
11.0881 0
11.0938 0
11.0995 0
11.1053 0
11.111 0
11.1167 0
11.1225 0
11.1282 0
11.1339 0
11.1397 0
11.1454 0
11.1512 0
11.1569 0
11.1626 0
11.1684 0
11.1741 0
11.1798 0
11.1856 0
11.1913 0
11.197 0
11.2028 0
11.2085 0
11.2143 0
11.22 0
11.2257 0
11.2315 0
11.2372 0
11.2429 0
11.2487 0
11.2544 0
11.2601 0
11.2659 0
11.2716 0
11.2774 0
11.2831 0
11.2888 0
11.2946 0
11.3003 0
11.306 0
11.3118 0
11.3175 0
11.3232 0
11.329 0
11.3347 0
11.3404 0
11.3462 0
11.3519 0
11.3577 0
11.3634 0
11.3691 0
11.3749 0
11.3806 0
11.3863 0
11.3921 0
11.3978 0
11.4035 0
11.4093 0
11.415 0
11.4208 0
11.4265 0
11.4322 0
11.438 0
11.4437 0
11.4494 0
11.4552 0
11.4609 0
11.4666 0
11.4724 0
11.4781 0
11.4839 0
11.4896 0
11.4953 0
11.5011 0
11.5068 0
11.5125 0
11.5183 0
11.524 0
11.5297 0
11.5355 0
11.5412 0
11.547 0
11.5527 0
11.5584 0
11.5642 0
11.5699 0
11.5756 0
11.5814 0
11.5871 0
11.5928 0
11.5986 0
11.6043 0
11.61 0
11.6158 0
11.6215 0
11.6273 0
11.633 0
11.6387 0
11.6445 0
11.6502 0
11.6559 0
11.6617 0
11.6674 0
11.6731 0
11.6789 0
11.6846 0
11.6904 0
11.6961 0
11.7018 0
11.7076 0
11.7133 0
11.719 0
11.7248 0
11.7305 0
11.7362 0
11.742 0
