0 0
0.00573619 -5
0.0114724 -5
0.0172086 -20.5
0.0229448 -20
0.028681 -10.6667
0.0344171 -4.5
0.0401533 -3
0.0458895 7.2
0.0516257 -12.3333
0.0573619 0.166667
0.0630981 0.428571
0.0688343 -6
0.0745705 11.5
0.0803067 -1.44444
0.0860429 9.44444
0.091779 -6.75
0.0975152 1.07692
0.103251 -3.33333
0.108988 4.11111
0.114724 -2.5
0.12046 8.18182
0.126196 0.133333
0.131932 -2
0.137669 2.26667
0.143405 5.69231
0.149141 -5.30769
0.154877 5.3125
0.160613 -2.46667
0.16635 -1.46667
0.172086 -2
0.177822 -6.78947
0.183558 -1.82353
0.189294 3.14286
0.19503 3.19048
0.200767 5.80952
0.206503 -0.0588235
0.212239 2.83333
0.217975 0.761905
0.223711 0.588235
0.229448 -4.5
0.235184 1.13043
0.24092 -0.272727
0.246656 2.38889
0.252392 5.52
0.258129 2.18519
0.263865 4.38095
0.269601 -3.54167
0.275337 -4.37931
0.281073 2.56
0.28681 0.375
0.292546 0.96
0.298282 1.55172
0.304018 0.851852
0.309754 -4.1
0.31549 4.77419
0.321227 1.2963
0.326963 5.1
0.332699 1.45161
0.338435 0.0909091
0.344171 -3.58333
0.349908 -1.97143
0.355644 -0.4
0.36138 -4
0.367116 4.11765
0.372852 1.09091
0.378589 -0.486486
0.384325 0.5
0.390061 1.61538
0.395797 4.5641
0.401533 -1.61538
0.40727 3.46512
0.413006 2.97297
0.418742 6.85
0.424478 3.52941
0.430214 7.93333
0.43595 5.4878
0.441687 6.78125
0.447423 8.95745
0.453159 3.97436
0.458895 6.16279
0.464631 8.43182
0.470368 2.60976
0.476104 8.87234
0.48184 8.27778
0.487576 7
0.493312 6.87805
0.499049 6.15
0.504785 6.05263
0.510521 6.24444
0.516257 12.6512
0.521993 12.0455
0.52773 9.81132
0.533466 9.8
0.539202 14.9167
0.544938 8.5098
0.550674 11.9423
0.55641 7.5
0.562147 8.35294
0.567883 7.21053
0.573619 13.3333
0.579355 11.7222
0.585091 11.0702
0.590828 4.64151
0.596564 7.1875
0.6023 9.23214
0.608036 10.0154
0.613772 9.38776
0.619509 10.1034
0.625245 9.50847
0.630981 9.09091
0.636717 11
0.642453 9.98246
0.64819 12.2698
0.653926 12.2692
0.659662 11.4615
0.665398 13.125
0.671134 16.5439
0.67687 12.1452
0.682607 9.33333
0.688343 11.0896
0.694079 13.5185
0.699815 13.6232
0.705551 12.7538
0.711288 14.9636
0.717024 12.6892
0.72276 11.0984
0.728496 13.4
0.734232 8.8125
0.739969 11.3913
0.745705 11.2254
0.751441 12.2759
0.757177 13.5714
0.762913 14.1642
0.76865 13.4638
0.774386 18.7206
0.780122 12.5205
0.785858 9.22078
0.791594 11.0833
0.79733 13.1341
0.803067 12.2754
0.808803 12.6714
0.814539 12.8765
0.820275 14.338
0.826011 13.3896
0.831748 17.1389
0.837484 13.8588
0.84322 12.3571
0.848956 12.1111
0.854692 8.81176
0.860429 13.3457
0.866165 10.6849
0.871901 10.9375
0.877637 12.8434
0.883373 10.7532
0.88911 9.85897
0.894846 13.1647
0.900582 13.8916
0.906318 14.2027
0.912054 8.83333
0.91779 10.092
0.923527 11.987
0.929263 12.4302
0.934999 11.967
0.940735 12.6296
0.946471 14
0.952208 13.3529
0.957944 13.1613
0.96368 10.7308
0.969416 11.9158
0.975152 13.6
0.980889 11.9059
0.986625 10.6744
0.992361 14.0737
0.998097 14.0105
1.00383 11.4375
1.00957 15.202
1.01531 13.0928
1.02104 13.0952
1.02678 14.3542
1.03251 11.5385
1.03825 11.4
1.04399 13.6977
1.04972 13.0198
1.05546 12.6832
1.0612 12.061
1.06693 16.1869
1.07267 10.3956
1.0784 15.3689
1.08414 14.6735
1.08988 13.18
1.09561 13.581
1.10135 10.5
1.10708 13.4
1.11282 12.2421
1.11856 12.2041
1.12429 12.8286
1.13003 11.5524
1.13577 10.5429
1.1415 15.6176
1.14724 12.5596
1.15297 13.14
1.15871 13.96
1.16445 13.2087
1.17018 11.6762
1.17592 11.8131
1.18166 11.3646
1.18739 11.5798
1.19313 12.2018
1.19886 9.74757
1.2046 12.513
1.21034 14.1215
1.21607 12.9455
1.22181 10.1455
1.22754 12.4274
1.23328 12.3271
1.23902 9.23214
1.24475 16.0672
1.25049 13.844
1.25623 10.0093
1.26196 12.265
1.2677 11.1048
1.27343 12.4865
1.27917 14.2458
1.28491 11.3983
1.29064 10.4071
1.29638 12.1207
1.30212 10.6752
1.30785 13.0336
1.31359 11.3879
1.31932 15
1.32506 9.7395
1.3308 11.0517
1.33653 11.8571
1.34227 13.9244
1.348 10.9213
1.35374 15.3097
1.35948 11.56
1.36521 12.2595
1.37095 15.1182
1.37669 12.9281
1.38242 10.5082
1.38816 11
1.39389 12.5847
1.39963 13.5909
1.40537 14.8527
1.4111 12.2143
1.41684 11.1469
1.42258 12.9333
1.42831 13.0496
1.43405 10.0692
1.43978 11.5778
1.44552 14.6159
1.45126 12.9746
1.45699 11.8723
1.46273 12.6136
1.46846 10.3016
1.4742 9.89511
1.47994 11.062
1.48567 11.4511
1.49141 9.71538
1.49715 13.7785
1.50288 10.9708
1.50862 9.95968
1.51435 10.9041
1.52009 11.6099
1.52583 12.5649
1.53156 11.8741
1.5373 11.034
1.54304 11.4894
1.54877 12.5515
1.55451 15.6644
1.56024 11.7956
1.56598 11.8571
1.57172 12.3688
1.57745 12.8986
1.58319 11.2199
1.58892 12.6972
1.59466 12.1533
1.6004 11.2727
1.60613 13.8913
1.61187 11.443
1.61761 10.5287
1.62334 12.6617
1.62908 12.1548
1.63481 12.3576
1.64055 11.7067
1.64629 12.7192
1.65202 14.1722
1.65776 13.1987
1.6635 13.6131
1.66923 14.6038
1.67497 11.8405
1.6807 13.4453
1.68644 11.2152
1.69218 11.358
1.69791 11.8562
1.70365 13.3041
1.70938 11.1667
1.71512 10.1166
1.72086 13.1838
1.72659 13.1908
1.73233 13.1226
1.73807 13.4379
1.7438 13.7892
1.74954 11.7044
1.75527 11.3293
1.76101 12.5441
1.76675 12.0884
1.77248 13.3415
1.77822 15.1973
1.78396 11.0893
1.78969 14.0382
1.79543 13.341
1.80116 12.3185
1.8069 12.2632
1.81264 13.8743
1.81837 10.8933
1.82411 13.1556
1.82984 13.354
1.83558 12.5818
1.84132 10.8848
1.84705 13.3965
1.85279 13.5088
1.85853 13.925
1.86426 14.1299
1.87 14.4767
1.87573 13.7
1.88147 11.8927
1.88721 15.5058
1.89294 15.0983
1.89868 15.8353
1.90442 14.9483
1.91015 14.2722
1.91589 15.5119
1.92162 15.631
1.92736 18.4802
1.9331 22.9167
1.93883 26.6105
1.94457 32.3704
1.9503 39.6882
1.95604 32.4186
1.96178 25.2762
1.96751 18.1568
1.97325 18.6687
1.97899 17.3904
1.98472 17.4681
1.99046 17.04
1.99619 14.511
2.00193 16.1263
2.00767 17.0339
2.0134 15.2733
2.01914 14.6862
2.02488 13.7173
2.03061 15.5254
2.03635 16.8723
2.04208 13.9946
2.04782 15.117
2.05356 17.5269
2.05929 16.884
2.06503 14.54
2.07076 15.6591
2.0765 16.2124
2.08224 15.2704
2.08797 16.7457
2.09371 16.6263
2.09945 15.3622
2.10518 17.0854
2.11092 18.0695
2.11665 15.841
2.12239 16.1111
2.12813 17.3846
2.13386 16.3632
2.1396 17.2563
2.14534 17.5641
2.15107 14.9733
2.15681 15.7487
2.16254 15.4653
2.16828 17.7826
2.17402 15.0474
2.17975 16.245
2.18549 15.1429
2.19122 17.1238
2.19696 15.8663
2.2027 16.1073
2.20843 17.0337
2.21417 18.9764
2.21991 20.8263
2.22564 24.5683
2.23138 58.0427
2.23711 74.8309
2.24285 40.5625
2.24859 32.3333
2.25432 24.758
2.26006 21.0631
2.2658 19.629
2.27153 20.493
2.27727 19.0332
2.283 17.4577
2.28874 20.1912
2.29448 19.0315
2.30021 20.1943
2.30595 22.3182
2.31168 21.7546
2.31742 21.9952
2.32316 23.1154
2.32889 24.2523
2.33463 25.9249
2.34037 28.8122
2.3461 32.0189
2.35184 36.0995
2.35757 43.2941
2.36331 43.7757
2.36905 50.7742
2.37478 51.5631
2.38052 48.6912
2.38626 42.8737
2.39199 37.3932
2.39773 32.6667
2.40346 29.8813
2.4092 24.6996
2.41494 24.2217
2.42067 21.5023
2.42641 24.0046
2.43214 21.697
2.43788 20.4783
2.44362 20.8282
2.44935 22.3348
2.45509 21.3944
2.46083 21.8065
2.46656 20.6157
2.4723 19.2773
2.47803 20.2977
2.48377 21.1947
2.48951 20.4188
2.49524 19.4434
2.50098 20.6161
2.50672 21.2345
2.51245 20.3348
2.51819 19.4259
2.52392 20.2269
2.52966 21.6067
2.5354 21.9907
2.54113 18.9083
2.54687 19.8182
2.5526 21.1949
2.55834 20.7883
2.56408 21.0468
2.56981 20.6198
2.57555 19.3213
2.58129 20.7532
2.58702 20.205
2.59276 18.6337
2.59849 20.2669
2.60423 19.7458
2.60997 19.9129
2.6157 20.8486
2.62144 20.4727
2.62718 19.5702
2.63291 21.1088
2.63865 20.721
2.64438 21.0288
2.65012 19.992
2.65586 19.9286
2.66159 21.5731
2.66733 20.0656
2.67306 18.9787
2.6788 19.0195
2.68454 20.7101
2.69027 21.9357
2.69601 19.8739
2.70175 21.625
2.70748 19.4115
2.71322 20.7595
2.71895 20.3103
2.72469 18.4897
2.73043 20.7283
2.73616 19.9833
2.7419 22.8482
2.74764 17.9012
2.75337 19.4113
2.75911 17.5551
2.76484 18.6548
2.77058 19.3827
2.77632 17.2008
2.78205 20.1905
2.78779 20.2973
2.79352 16.832
2.79926 18.1579
2.805 20.6827
2.81073 18.0289
2.81647 20.5
2.82221 18.8859
2.82794 19.1032
2.83368 17.9792
2.83941 18.1805
2.84515 18.632
2.85089 17.0194
2.85662 17.8801
2.86236 18.584
2.8681 16.4553
2.87383 17.5132
2.87957 18.7842
2.8853 18.4337
2.89104 17.711
2.89678 17.3849
2.90251 16.5517
2.90825 18.9291
2.91398 18.1058
2.91972 16.6968
2.92546 17.139
2.93119 17.5208
2.93693 19.6029
2.94267 18.7557
2.9484 18.034
2.95414 17.572
2.95987 17.5935
2.96561 17.3615
2.97135 19.0676
2.97708 19.3865
2.98282 22.9721
2.98856 22.7429
2.99429 20.2071
3.00003 18.658
3.00576 18.6426
3.0115 18.5184
3.01724 18.2491
3.02297 19.3206
3.02871 17.3022
3.03444 17.4086
3.04018 16.7662
3.04592 18.0809
3.05165 18.0645
3.05739 18.1272
3.06313 19.6265
3.06886 20.0372
3.0746 18.3368
3.08033 18.3333
3.08607 19.1879
3.09181 20.6739
3.09754 22.7924
3.10328 25.9549
3.10902 32.2226
3.11475 40.0847
3.12049 42.4249
3.12622 37.7758
3.13196 31.3986
3.1377 25.2733
3.14343 24.4643
3.14917 22.3875
3.1549 23.8333
3.16064 27.4485
3.16638 51.3201
3.17211 54.0312
3.17785 42.3072
3.18359 33.2617
3.18932 26.76
3.19506 26.6801
3.20079 26.5465
3.20653 22.873
3.21227 23.0444
3.218 21.4965
3.22374 22.7431
3.22948 21.9766
3.23521 23.0295
3.24095 24.3978
3.24668 26.019
3.25242 26.15
3.25816 27.257
3.26389 23.9323
3.26963 23.9007
3.27536 23.9604
3.2811 24.9154
3.28684 25.3906
3.29257 25.3311
3.29831 25.7536
3.30405 27.6506
3.30978 30.9967
3.31552 33.1579
3.32125 38.3661
3.32699 45.0266
3.33273 49.2724
3.33846 54.0345
3.3442 59.3824
3.34994 60.3056
3.35567 56.7973
3.36141 52.7539
3.36714 48.0929
3.37288 42.6222
3.37862 42.8498
3.38435 39.8431
3.39009 35.8283
3.39582 33.1209
3.40156 31.6132
3.4073 30.7175
3.41303 28.9175
3.41877 28.538
3.42451 30.8204
3.43024 32.2675
3.43598 33.4455
3.44171 33.627
3.44745 31.1299
3.45319 27.605
3.45892 28.4065
3.46466 28.2695
3.4704 28.3389
3.47613 28.4139
3.48187 26.988
3.4876 29.2794
3.49334 27.8095
3.49908 30.3758
3.50481 29.4627
3.51055 29.7406
3.51628 30.9774
3.52202 31.9662
3.52776 34.5745
3.53349 38.4182
3.53923 44.7963
3.54497 56.931
3.5507 79.7303
3.55644 116.032
3.56217 150.313
3.56791 147.151
3.57365 106.183
3.57938 71.193
3.58512 56.84
3.59086 46.2166
3.59659 43.7222
3.60233 38.7493
3.60806 41.0849
3.6138 39.2508
3.61954 39.4209
3.62527 43.2199
3.63101 41.2866
3.63674 44.4109
3.64248 49.6561
3.64822 58.2322
3.65395 71.494
3.65969 91.7088
3.66543 107.084
3.67116 112.969
3.6769 110.943
3.68263 101.88
3.68837 93.4032
3.69411 90.8094
3.69984 88.5751
3.70558 88.1455
3.71132 86.6958
3.71705 94.0348
3.72279 96.7551
3.72852 96.9522
3.73426 91.4149
3.74 92.9298
3.74573 92.5443
3.75147 94.4913
3.7572 99.8559
3.76294 100.307
3.76868 101.439
3.77441 106.639
3.78015 110.532
3.78589 113.955
3.79162 118.429
3.79736 128.035
3.80309 133.568
3.80883 141.475
3.81457 157.356
3.8203 170.266
3.82604 183.14
3.83178 203.778
3.83751 228.475
3.84325 255.574
3.84898 287.085
3.85472 340.709
3.86046 405.6
3.86619 480.024
3.87193 615.379
3.87766 783.393
3.8834 1224.18
3.88914 1408.09
3.89487 1814.25
3.90061 2533.7
3.90635 3506.78
3.91208 4950.66
3.91782 5674.92
3.92355 5052.2
3.92929 3794.55
3.93503 2465.96
3.94076 1636.58
3.9465 1166.21
3.95224 880.047
3.95797 680.429
3.96371 546.504
3.96944 467.328
3.97518 397.744
3.98092 344.757
3.98665 306.352
3.99239 275.759
3.99812 248.051
4.00386 224.716
4.0096 210.014
4.01533 194.813
4.02107 180.068
4.02681 171.091
4.03254 161.198
4.03828 150.542
4.04401 147.826
4.04975 144.694
4.05549 141.747
4.06122 137.789
4.06696 133.208
4.0727 124.662
4.07843 116.634
4.08417 111.499
4.0899 106.354
4.09564 102.681
4.10138 99.1317
4.10711 96.8442
4.11285 97.602
4.11858 92.5222
4.12432 92.1974
4.13006 89.9864
4.13579 89.6753
4.14153 87.2145
4.14727 86.9588
4.153 85.3989
4.15874 84.2181
4.16447 82.4031
4.17021 80.8364
4.17595 81.9211
4.18168 80.0987
4.18742 82.292
4.19316 80.3485
4.19889 77.9684
4.20463 77.2168
4.21036 78.9923
4.2161 80.8462
4.22184 83.3618
4.22757 88.9973
4.23331 85.9678
4.23904 78.4699
4.24478 77.3109
4.25052 74.1628
4.25625 72.9539
4.26199 72.1754
4.26773 74.4373
4.27346 74.5026
4.2792 73.5039
4.28493 74.5443
4.29067 73.6667
4.29641 75.1288
4.30214 75.4395
4.30788 75.7673
4.31362 75.6752
4.31935 78.1932
4.32509 80.22
4.33082 81.0645
4.33656 83.232
4.3423 84.0097
4.34803 86.0501
4.35377 86.9015
4.3595 88.4576
4.36524 88.6118
4.37098 96.1368
4.37671 98.3474
4.38245 100.065
4.38819 103.973
4.39392 108.05
4.39966 113.917
4.40539 118.132
4.41113 126.907
4.41687 132.428
4.4226 141.37
4.42834 148.413
4.43408 159.274
4.43981 169.915
4.44555 184.062
4.45128 201.834
4.45702 220.281
4.46276 244.734
4.46849 276.607
4.47423 319.947
4.47996 397.564
4.4857 599.575
4.49144 1179.7
4.49717 1222.64
4.50291 1253.04
4.50865 1187.88
4.51438 1142.85
4.52012 1150.41
4.52585 1155.37
4.53159 1080.73
4.53733 944.442
4.54306 774.528
4.5488 610.991
4.55454 483.867
4.56027 388.646
4.56601 317.866
4.57174 265.789
4.57748 229.702
4.58322 199.212
4.58895 176.75
4.59469 155.149
4.60042 139.205
4.60616 126.488
4.6119 115.847
4.61763 106.727
4.62337 101.152
4.62911 92.7302
4.63484 91.7365
4.64058 91.8695
4.64631 90.7523
4.65205 88.7866
4.65779 82.6224
4.66352 72.831
4.66926 66.3986
4.675 63.3991
4.68073 60.6429
4.68647 57.9909
4.6922 58.6562
4.69794 57.9276
4.70368 59.8741
4.70941 60.4912
4.71515 62.7478
4.72088 65.7169
4.72662 67.5884
4.73236 69.284
4.73809 71.7277
4.74383 72.1317
4.74957 73.9188
4.7553 74.7554
4.76104 72.7201
4.76677 71.3037
4.77251 64.9289
4.77825 61.507
4.78398 56.3089
4.78972 52.1986
4.79546 49.2
4.80119 47.8764
4.80693 42.7419
4.81266 40.5977
4.8184 36.669
4.82414 37.3058
4.82987 34.3923
4.83561 33.6036
4.84134 32.5978
4.84708 32.5788
4.85282 31.2991
4.85855 31.848
4.86429 30.1572
4.87003 29.418
4.87576 29.28
4.8815 30.8035
4.88723 31.2086
4.89297 32.4339
4.89871 35.3629
4.90444 31.8498
4.91018 28.8055
4.91592 29.5708
4.92165 28.6429
4.92739 28.8059
4.93312 28.8913
4.93886 27.9978
4.9446 28.6065
4.95033 27.1684
4.95607 27.6703
4.9618 28.6429
4.96754 27.1376
4.97328 26.9785
4.97901 26.7265
4.98475 26.8458
4.99049 25.9406
4.99622 26.6964
5.00196 26.7267
5.00769 25.8803
5.01343 26.4415
5.01917 27.805
5.0249 30.1071
5.03064 28.3045
5.03638 26.8247
5.04211 26.613
5.04785 26.1965
5.05358 27.7457
5.05932 27.2181
5.06506 26.7692
5.07079 27.1931
5.07653 25.0998
5.08226 26.1075
5.088 26.1642
5.09374 23.5105
5.09947 25.0826
5.10521 25.7961
5.11095 25.438
5.11668 24.6785
5.12242 25.2763
5.12815 25.1295
5.13389 24.9064
5.13963 24.4461
5.14536 24.412
5.1511 26.1816
5.15684 24.0164
5.16257 23.4109
5.16831 25.5138
5.17404 26.0404
5.17978 25.2175
5.18552 27.963
5.19125 29.4099
5.19699 29.7833
5.20272 29.5646
5.20846 28.7996
5.2142 27.8871
5.21993 27.391
5.22567 26.6981
5.23141 26.94
5.23714 27.4989
5.24288 26.8614
5.24861 26.5169
5.25435 27.9149
5.26009 28.7241
5.26582 29.1066
5.27156 28.3701
5.2773 29.6292
5.28303 29.5336
5.28877 29.6599
5.2945 30.9612
5.30024 30.9792
5.30598 32.2827
5.31171 32.2846
5.31745 33.139
5.32318 32.2637
5.32892 34.1726
5.33466 33.6217
5.34039 32.7202
5.34613 32.0147
5.35187 31.5088
5.3576 29.249
5.36334 28.1163
5.36907 27.5203
5.37481 27.1411
5.38055 26.7027
5.38628 28.5567
5.39202 31.4585
5.39776 33.7379
5.40349 40.6409
5.40923 51.0098
5.41496 57.7039
5.4207 56.9501
5.42644 48.2821
5.43217 36.2414
5.43791 30.1161
5.44364 28.7651
5.44938 25.6849
5.45512 26.0221
5.46085 27.5197
5.46659 25.8774
5.47233 27.8105
5.47806 28.1663
5.4838 29.004
5.48953 29.3398
5.49527 25.9528
5.50101 27.6834
5.50674 27.9127
5.51248 27.992
5.51822 26.988
5.52395 26.4671
5.52969 24.6851
5.53542 25.1474
5.54116 24.5453
5.5469 26.0598
5.55263 26.7314
5.55837 26.3333
5.5641 24.4183
5.56984 25.0734
5.57558 24.2949
5.58131 25.9782
5.58705 24.6069
5.59279 24.9059
5.59852 25.883
5.60426 23.2491
5.60999 23.3321
5.61573 24.2294
5.62147 24.6358
5.6272 23.7223
5.63294 24.4654
5.63868 25.8357
5.64441 24.7996
5.65015 25.3528
5.65588 23.7417
5.66162 26.2211
5.66736 25.9981
5.67309 25.0697
5.67883 24.988
5.68456 24.1155
5.6903 25.0499
5.69604 24.5435
5.70177 25.8402
5.70751 24.661
5.71325 26.4412
5.71898 26.1908
5.72472 27.3843
5.73045 27.4816
5.73619 30.3182
5.74193 31.4833
5.74766 32.2406
5.7534 32.8889
5.75914 31.7732
5.76487 28.9682
5.77061 32.859
5.77634 29.9096
5.78208 27.7694
5.78782 32.5838
5.79355 36.249
5.79929 35.9279
5.80502 38.636
5.81076 39.9477
5.8165 37.9365
5.82223 38
5.82797 36.3915
5.83371 34.5038
5.83944 34.2098
5.84518 32.0403
5.85091 31.3084
5.85665 32.1161
5.86239 30.7226
5.86812 31.1237
5.87386 31.294
5.8796 31.0462
5.88533 32.4499
5.89107 31.5868
5.8968 30.89
5.90254 30.0995
5.90828 30.7514
5.91401 30.0037
5.91975 31.3397
5.92548 29.1232
5.93122 29.8706
5.93696 29.056
5.94269 29.8745
5.94843 31.1377
5.95417 29.8536
5.9599 30.3672
5.96564 30.7459
5.97137 29.9912
5.97711 30.5981
5.98285 32.1693
5.98858 32.25
5.99432 33.3533
6.00006 35.0951
6.00579 35.7112
6.01153 36.2816
6.01726 37.74
6.023 38.8177
6.02874 43.4111
6.03447 47.3184
6.04021 50.5536
6.04594 50.3734
6.05168 46.4391
6.05742 43.6169
6.06315 39.4514
6.06889 37.6085
6.07463 38.1763
6.08036 37.9982
6.0861 38.7465
6.09183 39.1788
6.09757 38.2616
6.10331 40.0288
6.10904 38.8405
6.11478 41.3358
6.12052 42.2589
6.12625 44.6056
6.13199 43.7084
6.13772 43.1826
6.14346 41.8915
6.1492 42.7958
6.15493 42.9075
6.16067 42.2175
6.1664 43.5382
6.17214 43.5949
6.17788 44.5183
6.18361 44.6431
6.18935 45.7094
6.19509 47.0322
6.20082 48.0226
6.20656 49.0735
6.21229 51.1812
6.21803 52.6515
6.22377 54.874
6.2295 58.1121
6.23524 63.3197
6.24098 67.5448
6.24671 75.151
6.25245 80.689
6.25818 83.5604
6.26392 81.8445
6.26966 80.2427
6.27539 78.5174
6.28113 78.2888
6.28686 80.1267
6.2926 84.541
6.29834 90.4733
6.30407 91.8689
6.30981 99.5756
6.31555 109.332
6.32128 113.307
6.32702 129.756
6.33275 165.285
6.33849 251.207
6.34423 214.982
6.34996 1000.39
6.3557 3986.9
6.36144 928.692
6.36717 1715.29
6.37291 768.052
6.37864 537.089
6.38438 555.272
6.39012 648.235
6.39585 766.711
6.40159 907.313
6.40732 1075.84
6.41306 1153.32
6.4188 1090.04
6.42453 900.993
6.43027 694.859
6.43601 523.629
6.44174 397.549
6.44748 314.37
6.45321 257.339
6.45895 219.186
6.46469 190.196
6.47042 173.706
6.47616 162.338
6.4819 152.22
6.48763 148.156
6.49337 140.249
6.4991 128.714
6.50484 114.355
6.51058 102.818
6.51631 95.3514
6.52205 88.1382
6.52778 83.0983
6.53352 78.3662
6.53926 76.1987
6.54499 73.216
6.55073 70.4188
6.55647 68.5043
6.5622 65.9795
6.56794 64.2891
6.57367 62.5667
6.57941 62.3838
6.58515 63.4839
6.59088 64.0696
6.59662 68.5692
6.60236 67.1541
6.60809 65.881
6.61383 65.4596
6.61956 62.1686
6.6253 57.545
6.63104 54.9023
6.63677 52.0334
6.64251 52.7289
6.64824 51.23
6.65398 52.2601
6.65972 51.3812
6.66545 50.9241
6.67119 51.144
6.67693 50.5507
6.68266 51.1893
6.6884 51.772
6.69413 51.4698
6.69987 54.6656
6.70561 54.3585
6.71134 58.2042
6.71708 56.0886
6.72282 56.9092
6.72855 55.1885
6.73429 55.381
6.74002 51.3185
6.74576 51.296
6.7515 51.1647
6.75723 51.0448
6.76297 49.4253
6.7687 48.4814
6.77444 47.7168
6.78018 46.7774
6.78591 45.4475
6.79165 42.8535
6.79739 42.4757
6.80312 43.0186
6.80886 43.1943
6.81459 41.5884
6.82033 41.4161
6.82607 43.1478
6.8318 41.4115
6.83754 40.2712
6.84328 41.0385
6.84901 40.5893
6.85475 41.7598
6.86048 40.732
6.86622 41.4
6.87196 42.0262
6.87769 41.1905
6.88343 41.7329
6.88916 41.2817
6.8949 41.0717
6.90064 42.0891
6.90637 41.6929
6.91211 40.9794
6.91785 40.0095
6.92358 40.442
6.92932 40.2608
6.93505 39.7573
6.94079 41.0288
6.94653 39.9954
6.95226 41.7771
6.958 37.3622
6.96374 40.7386
6.96947 39.4906
6.97521 38.3893
6.98094 37.8774
6.98668 39.2027
6.99242 39.5676
6.99815 39.2492
7.00389 38.9465
7.00962 39.49
7.01536 40.6463
7.0211 39.4883
7.02683 38.3174
7.03257 39.2404
7.03831 38.3748
7.04404 39.3323
7.04978 39.208
7.05551 38.9081
7.06125 38.9691
7.06699 40.9893
7.07272 40.132
7.07846 39.3333
7.0842 39.6416
7.08993 40.6216
7.09567 41.6305
7.1014 40.7046
7.10714 42.3165
7.11288 43.422
7.11861 42.6851
7.12435 44.0105
7.13008 45.3155
7.13582 47.0186
7.14156 50.2624
7.14729 49.7568
7.15303 50.5898
7.15877 49.0534
7.1645 46.7054
7.17024 45.9617
7.17597 42.7292
7.18171 44.7374
7.18745 42.8162
7.19318 43.1468
7.19892 43.8218
7.20466 42.9481
7.21039 44.1814
7.21613 43.8896
7.22186 43.4772
7.2276 45.9943
7.23334 46.2036
7.23907 47.967
7.24481 48.5411
7.25054 50.8071
7.25628 49.7583
7.26202 52.0448
7.26775 50.9195
7.27349 52.0292
7.27923 50.3606
7.28496 50.9026
7.2907 51.3563
7.29643 52.7991
7.30217 51.2656
7.30791 53.0952
7.31364 55.6676
7.31938 55.7594
7.32512 56.6475
7.33085 58.0812
7.33659 60.809
7.34232 61.5827
7.34806 64.702
7.3538 66.8694
7.35953 69.9323
7.36527 72.0029
7.371 73.4928
7.37674 76.3871
7.38248 78.0594
7.38821 80.7882
7.39395 85.3265
7.39969 90.157
7.40542 93.2086
7.41116 98.6111
7.41689 104.077
7.42263 110.696
7.42837 119.382
7.4341 130.286
7.43984 144.685
7.44558 170.094
7.45131 216.564
7.45705 351.683
7.46278 491.251
7.46852 713.621
7.47426 683.5
7.47999 602.732
7.48573 531.06
7.49146 566.545
7.4972 646.256
7.50294 765.819
7.50867 926.287
7.51441 1097.22
7.52015 1224.91
7.52588 1240.44
7.53162 1120.32
7.53735 920.851
7.54309 719.816
7.54883 545.643
7.55456 418.791
7.5603 333.509
7.56604 271.103
7.57177 227.357
7.57751 194.154
7.58324 170.129
7.58898 150.774
7.59472 136.24
7.60045 124.732
7.60619 114.523
7.61192 106.78
7.61766 99.8935
7.6234 95.1983
7.62913 91.0718
7.63487 87.8972
7.64061 85.4282
7.64634 81.1891
7.65208 76.6911
7.65781 75.7278
7.66355 71.6633
7.66929 70.8689
7.67502 68.6185
7.68076 66.0929
7.6865 65.4738
7.69223 66.2761
7.69797 65.6877
7.7037 64.0503
7.70944 63.1497
7.71518 62.8895
7.72091 63.2977
7.72665 63.1373
7.73238 64.9326
7.73812 66.2183
7.74386 66.2813
7.74959 68.1145
7.75533 68.9958
7.76107 70.6639
7.7668 71.6209
7.77254 75.1891
7.77827 78.446
7.78401 82.5967
7.78975 91.5683
7.79548 102.045
7.80122 121.189
7.80696 132.319
7.81269 148.066
7.81843 164.032
7.82416 189.081
7.8299 231.112
7.83564 281.212
7.84137 348.434
7.84711 416.011
7.85284 486.365
7.85858 524.268
7.86432 485.577
7.87005 417.961
7.87579 321.956
7.88153 240.224
7.88726 183.607
7.893 145.48
7.89873 118.168
7.90447 100.15
7.91021 86.7957
7.91594 78.2561
7.92168 70.2399
7.92742 64.9374
7.93315 60.8784
7.93889 58.5864
7.94462 54.369
7.95036 53.3342
7.9561 50.7066
7.96183 49.3941
7.96757 47.5392
7.9733 44.5309
7.97904 44.106
7.98478 42.7507
7.99051 41.7463
7.99625 41.1457
8.00199 40.1366
8.00772 39.7284
8.01346 38.7137
8.01919 38.7859
8.02493 37.6397
8.03067 37.6541
8.0364 37.9462
8.04214 38.2958
8.04788 37.4602
8.05361 37.6255
8.05935 36.1402
8.06508 35.6662
8.07082 35.2641
8.07656 34.2193
8.08229 34.7897
8.08803 33.8641
8.09376 34.5401
8.0995 34.6983
8.10524 36.3379
8.11097 35.8349
8.11671 37.5529
8.12245 38.3555
8.12818 37.9104
8.13392 39.4214
8.13965 34.6102
8.14539 31.9633
8.15113 29.6194
8.15686 26.9897
8.1626 28.4508
8.16834 28.9732
8.17407 28.816
8.17981 28.6021
8.18554 29.8844
8.19128 29.825
8.19702 28.6682
8.20275 28.7858
8.20849 26.7956
8.21422 29.2085
8.21996 30.1687
8.2257 28.6748
8.23143 30.1099
8.23717 29.2948
8.24291 29.1585
8.24864 28.3226
8.25438 29.4686
8.26011 28.8801
8.26585 28.3598
8.27159 29.4444
8.27732 30.8157
8.28306 29.8478
8.2888 30.2947
8.29453 30.9755
8.30027 29.8266
8.306 28.3258
8.31174 27.8989
8.31748 28.2797
8.32321 29.4129
8.32895 27.7552
8.33468 28.8651
8.34042 27.9062
8.34616 27.0672
8.35189 27.8575
8.35763 27.7544
8.36337 29.2232
8.3691 28.1555
8.37484 26.5561
8.38057 27.25
8.38631 28.1217
8.39205 28.0548
8.39778 26.3284
8.40352 27.3163
8.40926 27.4559
8.41499 27.7341
8.42073 28.081
8.42646 29.2857
8.4322 29.7573
8.43794 29.9662
8.44367 31.586
8.44941 34.0078
8.45514 37.9838
8.46088 41.6394
8.46662 45.7829
8.47235 43.9651
8.47809 39.4043
8.48383 36.7606
8.48956 31.344
8.4953 30.6676
8.50103 28.6782
8.50677 29.16
8.51251 28.4749
8.51824 27.6097
8.52398 27.2366
8.52972 27.0514
8.53545 28.2232
8.54119 27.6276
8.54692 26.2061
8.55266 27.4052
8.5584 27.4759
8.56413 29.0422
8.56987 28.0638
8.5756 29.9676
8.58134 27.4551
8.58708 26.1246
8.59281 28.7296
8.59855 29.1789
8.60429 27.0205
8.61002 28.6
8.61576 26.9435
8.62149 26.9839
8.62723 26.7517
8.63297 26.9707
8.6387 27.2074
8.64444 25.9705
8.65018 26.4227
8.65591 27.8916
8.66165 24.7547
8.66738 27.3737
8.67312 25.9373
8.67886 25.7955
8.68459 25.6704
8.69033 26.3068
8.69606 26.2327
8.7018 27.4062
8.70754 26.512
8.71327 27.4981
8.71901 26.7468
8.72475 27.1318
8.73048 26.1492
8.73622 26.8103
8.74195 25.0363
8.74769 26.6949
8.75343 27.7521
8.75916 27.9619
8.7649 30.7018
8.77064 29.1229
8.77637 33.3571
8.78211 36.9908
8.78784 34.5459
8.79358 32.6355
8.79932 28.8904
8.80505 27.8263
8.81079 26.4877
8.81652 27.1232
8.82226 27.7565
8.828 28.4306
8.83373 29.4683
8.83947 28.1016
8.84521 28.2341
8.85094 28.234
8.85668 30.6
8.86241 28.7641
8.86815 29.3448
8.87389 32.7692
8.87962 31.1214
8.88536 31.4309
8.8911 31.8342
8.89683 28.6852
8.90257 32.4699
8.9083 31.4682
8.91404 32.3187
8.91978 31.4686
8.92551 33.8599
8.93125 33.3171
8.93698 34.5031
8.94272 33.5101
8.94846 35.6485
8.95419 33.1342
8.95993 34.0541
8.96567 38.0311
8.9714 41.3858
8.97714 41.8418
8.98287 39.7273
8.98861 41.8296
8.99435 45.3655
9.00008 44.9316
9.00582 49.5132
9.01156 54.458
9.01729 74.2033
9.02303 66.0714
9.02876 56.7436
9.0345 63.0894
9.04024 60.5426
9.04597 66.5288
9.05171 63.9134
9.05744 71.9669
9.06318 81.7184
9.06892 85.4874
9.07465 97.375
9.08039 95.6325
9.08613 95.6168
9.09186 97.0833
9.0976 91.2788
9.10333 83.5417
9.10907 78.1122
9.11481 67.9062
9.12054 64.0568
9.12628 55.2857
9.13202 49.4024
9.13775 47.4565
9.14349 44.25
9.14922 39.6585
9.15496 41.3049
9.1607 39.0405
9.16643 37.9375
9.17217 37.2329
9.1779 35.3553
9.18364 33.7429
9.18938 38.6618
9.19511 33.5735
9.20085 36.2063
9.20659 32.0308
9.21232 32.8667
9.21806 29.9672
9.22379 26.5455
9.22953 26.6545
9.23527 33.3019
9.241 31.8929
9.24674 29.1224
9.25248 27.9574
9.25821 25.4222
9.26395 26.0909
9.26968 23.9535
9.27542 27.5128
9.28116 22.275
9.28689 22.8857
9.29263 21.697
9.29836 27.5758
9.3041 19.697
9.30984 25.4286
9.31557 14.8519
9.32131 20.3333
9.32705 20
9.33278 15.1304
9.33852 19.8421
9.34425 25.6111
9.34999 17
9.35573 16.5714
9.36146 11.6364
9.3672 15.2727
9.37294 8.625
9.37867 17
9.38441 8.33333
9.39014 -0.75
9.39588 0
9.40162 0
9.40735 0
9.41309 0
9.41882 0
9.42456 0
9.4303 0
9.43603 0
9.44177 0
9.44751 0
9.45324 0
9.45898 0
9.46471 0
9.47045 0
9.47619 0
9.48192 0
9.48766 0
9.4934 0
9.49913 0
9.50487 0
9.5106 0
9.51634 0
9.52208 0
9.52781 0
9.53355 0
9.53928 0
9.54502 0
9.55076 0
9.55649 0
9.56223 0
9.56797 0
9.5737 0
9.57944 0
9.58517 0
9.59091 0
9.59665 0
9.60238 0
9.60812 0
9.61386 0
9.61959 0
9.62533 0
9.63106 0
9.6368 0
9.64254 0
9.64827 0
9.65401 0
9.65974 0
9.66548 0
9.67122 0
9.67695 0
9.68269 0
9.68843 0
9.69416 0
9.6999 0
9.70563 0
9.71137 0
9.71711 0
9.72284 0
9.72858 0
9.73432 0
9.74005 0
9.74579 0
9.75152 0
9.75726 0
9.763 0
9.76873 0
9.77447 0
9.7802 0
9.78594 0
9.79168 0
9.79741 0
9.80315 0
9.80889 0
9.81462 0
9.82036 0
9.82609 0
9.83183 0
9.83757 0
9.8433 0
9.84904 0
9.85478 0
9.86051 0
9.86625 0
9.87198 0
9.87772 0
9.88346 0
9.88919 0
9.89493 0
9.90066 0
9.9064 0
9.91214 0
9.91787 0
9.92361 0
9.92935 0
9.93508 0
9.94082 0
9.94655 0
9.95229 0
9.95803 0
9.96376 0
9.9695 0
9.97524 0
9.98097 0
9.98671 0
9.99244 0
9.99818 0
10.0039 0
10.0097 0
10.0154 0
10.0211 0
10.0269 0
10.0326 0
10.0383 0
10.0441 0
10.0498 0
10.0555 0
10.0613 0
10.067 0
10.0728 0
10.0785 0
10.0842 0
10.09 0
10.0957 0
10.1014 0
10.1072 0
10.1129 0
10.1186 0
10.1244 0
10.1301 0
10.1358 0
10.1416 0
10.1473 0
10.1531 0
10.1588 0
10.1645 0
10.1703 0
10.176 0
10.1817 0
10.1875 0
10.1932 0
10.1989 0
10.2047 0
10.2104 0
10.2162 0
10.2219 0
10.2276 0
10.2334 0
10.2391 0
10.2448 0
10.2506 0
10.2563 0
10.262 0
10.2678 0
10.2735 0
10.2793 0
10.285 0
10.2907 0
10.2965 0
10.3022 0
10.3079 0
10.3137 0
10.3194 0
10.3251 0
10.3309 0
10.3366 0
10.3424 0
10.3481 0
10.3538 0
10.3596 0
10.3653 0
10.371 0
10.3768 0
10.3825 0
10.3882 0
10.394 0
10.3997 0
10.4054 0
10.4112 0
10.4169 0
10.4227 0
10.4284 0
10.4341 0
10.4399 0
10.4456 0
10.4513 0
10.4571 0
10.4628 0
10.4685 0
10.4743 0
10.48 0
10.4858 0
10.4915 0
10.4972 0
10.503 0
10.5087 0
10.5144 0
10.5202 0
10.5259 0
10.5316 0
10.5374 0
10.5431 0
10.5489 0
10.5546 0
10.5603 0
10.5661 0
10.5718 0
10.5775 0
10.5833 0
10.589 0
10.5947 0
10.6005 0
10.6062 0
10.612 0
10.6177 0
10.6234 0
10.6292 0
10.6349 0
10.6406 0
10.6464 0
10.6521 0
10.6578 0
10.6636 0
10.6693 0
10.6751 0
10.6808 0
10.6865 0
10.6923 0
10.698 0
10.7037 0
10.7095 0
10.7152 0
10.7209 0
10.7267 0
10.7324 0
10.7381 0
10.7439 0
10.7496 0
10.7554 0
10.7611 0
10.7668 0
10.7726 0
10.7783 0
10.784 0
10.7898 0
10.7955 0
10.8012 0
10.807 0
10.8127 0
10.8185 0
10.8242 0
10.8299 0
10.8357 0
10.8414 0
10.8471 0
10.8529 0
10.8586 0
10.8643 0
10.8701 0
10.8758 0
10.8816 0
10.8873 0
10.893 0
10.8988 0
10.9045 0
10.9102 0
10.916 0
10.9217 0
10.9274 0
10.9332 0
10.9389 0
10.9447 0
10.9504 0
10.9561 0
10.9619 0
10.9676 0
10.9733 0
10.9791 0
10.9848 0
10.9905 0
10.9963 0
11.002 0
11.0077 0
11.0135 0
11.0192 0
11.025 0
11.0307 0
11.0364 0
11.0422 0
11.0479 0
11.0536 0
11.0594 0
11.0651 0
11.0708 0
11.0766 0
11.0823 0
11.0881 0
11.0938 0
11.0995 0
11.1053 0
11.111 0
11.1167 0
11.1225 0
11.1282 0
11.1339 0
11.1397 0
11.1454 0
11.1512 0
11.1569 0
11.1626 0
11.1684 0
11.1741 0
11.1798 0
11.1856 0
11.1913 0
11.197 0
11.2028 0
11.2085 0
11.2143 0
11.22 0
11.2257 0
11.2315 0
11.2372 0
11.2429 0
11.2487 0
11.2544 0
11.2601 0
11.2659 0
11.2716 0
11.2774 0
11.2831 0
11.2888 0
11.2946 0
11.3003 0
11.306 0
11.3118 0
11.3175 0
11.3232 0
11.329 0
11.3347 0
11.3404 0
11.3462 0
11.3519 0
11.3577 0
11.3634 0
11.3691 0
11.3749 0
11.3806 0
11.3863 0
11.3921 0
11.3978 0
11.4035 0
11.4093 0
11.415 0
11.4208 0
11.4265 0
11.4322 0
11.438 0
11.4437 0
11.4494 0
11.4552 0
11.4609 0
11.4666 0
11.4724 0
11.4781 0
11.4839 0
11.4896 0
11.4953 0
11.5011 0
11.5068 0
11.5125 0
11.5183 0
11.524 0
11.5297 0
11.5355 0
11.5412 0
11.547 0
11.5527 0
11.5584 0
11.5642 0
11.5699 0
11.5756 0
11.5814 0
11.5871 0
11.5928 0
11.5986 0
11.6043 0
11.61 0
11.6158 0
11.6215 0
11.6273 0
11.633 0
11.6387 0
11.6445 0
11.6502 0
11.6559 0
11.6617 0
11.6674 0
11.6731 0
11.6789 0
11.6846 0
11.6904 0
11.6961 0
11.7018 0
11.7076 0
11.7133 0
11.719 0
11.7248 0
11.7305 0
11.7362 0
11.742 0
