0 0
0.00573619 -4.004
0.0114724 5.005
0.0172086 23.5235
0.0229448 -1.33467
0.028681 3.67033
0.0344171 -4.004
0.0401533 8.6086
0.0458895 2.002
0.0516257 -8.34167
0.0573619 -1.66833
0.0630981 -2.288
0.0688343 -5.434
0.0745705 -3.5035
0.0803067 -4.22644
0.0860429 3.78156
0.091779 6.5065
0.0975152 2.695
0.103251 4.11522
0.108988 4.78256
0.114724 2.8028
0.12046 0.182
0.126196 4.2042
0.131932 1.001
0.137669 5.53887
0.143405 -4.389
0.149141 7.392
0.154877 -5.13013
0.160613 -0.6006
0.16635 -2.6026
0.172086 6.67333
0.177822 3.52984
0.183558 -1.11876
0.189294 2.7885
0.19503 3.146
0.200767 0.429
0.206503 0.647706
0.212239 -0.667333
0.217975 7.67433
0.223711 -5.71159
0.229448 4.54621
0.235184 1.30565
0.24092 0.2275
0.246656 4.17083
0.252392 -2.88288
0.258129 2.89178
0.263865 -3.38433
0.269601 2.5025
0.275337 -3.07203
0.281073 -7.6076
0.28681 -3.71204
0.292546 0.2002
0.298282 3.10655
0.304018 -0.963926
0.309754 0.6006
0.31549 2.16345
0.321227 4.63426
0.326963 -1.1011
0.332699 0.387484
0.338435 -1.092
0.344171 -1.79346
0.349908 3.9754
0.355644 -0.3432
0.36138 7.65281
0.367116 1.79591
0.372852 -4.277
0.378589 3.86873
0.384325 1.93944
0.390061 6.93
0.395797 8.18767
0.401533 9.625
0.40727 7.23979
0.413006 11.3086
0.418742 15.5155
0.424478 12.8658
0.430214 13.7026
0.43595 14.307
0.441687 20.9272
0.447423 20.5737
0.453159 15.246
0.458895 17.7852
0.464631 16.5392
0.470368 16.8705
0.476104 19.4024
0.48184 18.1292
0.487576 21.9065
0.493312 19.0434
0.499049 18.3433
0.504785 22.7771
0.510521 19.842
0.516257 25.2112
0.521993 21.8627
0.52773 25.365
0.533466 29.5184
0.539202 25.7549
0.544938 25.1428
0.550674 24.948
0.55641 18.9147
0.562147 22.3949
0.567883 25.2182
0.573619 20.5761
0.579355 18.5741
0.585091 22.9703
0.590828 23.4952
0.596564 21.0836
0.6023 19.3586
0.608036 21.7602
0.613772 19.8157
0.619509 22.6951
0.625245 22.3444
0.630981 24.5518
0.636717 24.8524
0.642453 26.026
0.64819 25.5017
0.653926 24.871
0.659662 29.6142
0.665398 31.7192
0.671134 28.1861
0.67687 31.6445
0.682607 27.6943
0.688343 27.8039
0.694079 34.0155
0.699815 29.1015
0.705551 27.181
0.711288 30.3576
0.717024 29.9894
0.72276 28.8977
0.728496 27.313
0.734232 34.6753
0.739969 27.6798
0.745705 31.891
0.751441 30.8757
0.757177 32.448
0.762913 30.5977
0.76865 30.2186
0.774386 31.7376
0.780122 30.3591
0.785858 29.601
0.791594 32.8662
0.79733 31.7146
0.803067 30.5523
0.808803 30.4733
0.814539 29.6345
0.820275 29.2687
0.826011 30.446
0.831748 32.171
0.837484 31.0192
0.84322 28.4284
0.848956 28.3339
0.854692 27.7218
0.860429 28.6583
0.866165 27.4795
0.871901 28.1531
0.877637 27.8833
0.883373 32.045
0.88911 27.3863
0.894846 31.1134
0.900582 29.7406
0.906318 29.4348
0.912054 30.5861
0.91779 33.1135
0.923527 29.237
0.929263 30.8448
0.934999 29.788
0.940735 30.5243
0.946471 29.3388
0.952208 29.9122
0.957944 30.665
0.96368 27.8483
0.969416 32.759
0.975152 29.8298
0.980889 30.0536
0.986625 29.7739
0.992361 30.8203
0.998097 31.305
1.00383 29.2918
1.00957 31.8298
1.01531 29.8546
1.02104 27.3249
1.02678 28.2991
1.03251 26.488
1.03825 27.017
1.04399 29.0756
1.04972 28.6127
1.05546 29.4453
1.0612 34.9373
1.06693 29.45
1.07267 28.82
1.0784 31.6044
1.08414 31.746
1.08988 31.6116
1.09561 29.4199
1.10135 30.1813
1.10708 32.0229
1.11282 32.0847
1.11856 32.3691
1.12429 28.6953
1.13003 31.3075
1.13577 32.8805
1.1415 31.5217
1.14724 32.2891
1.15297 30.6807
1.15871 27.2372
1.16445 30.0126
1.17018 29.3055
1.17592 32.1536
1.18166 32.3657
1.18739 31.0142
1.19313 28.2484
1.19886 31.3614
1.2046 28.7853
1.21034 28.5145
1.21607 29.6114
1.22181 29.4021
1.22754 27.8312
1.23328 29.5716
1.23902 30.0926
1.24475 28.3308
1.25049 27.7892
1.25623 23.6347
1.26196 29.8931
1.2677 30.1027
1.27343 28.4068
1.27917 25.9072
1.28491 27.3663
1.29064 28.1875
1.29638 27.6397
1.30212 28.3959
1.30785 28.171
1.31359 30.1163
1.31932 29.4152
1.32506 27.0018
1.3308 30.4874
1.33653 29.029
1.34227 30.8712
1.348 26.9482
1.35374 27.7888
1.35948 29.3173
1.36521 27.2486
1.37095 28.847
1.37669 27.0558
1.38242 27.987
1.38816 30.3509
1.39389 29.9197
1.39963 29.1352
1.40537 29.6886
1.4111 28.5285
1.41684 28.434
1.42258 28.6508
1.42831 27.937
1.43405 30.9078
1.43978 28.5915
1.44552 28.5067
1.45126 28.4182
1.45699 30.0016
1.46273 28.6119
1.46846 29.5136
1.4742 29.204
1.47994 29.06
1.48567 27.456
1.49141 28.7826
1.49715 28.5789
1.50288 27.1731
1.50862 30.2883
1.51435 26.691
1.52009 29.3911
1.52583 27.9822
1.53156 29.8965
1.5373 27.5173
1.54304 27.1832
1.54877 25.3636
1.55451 27.8936
1.56024 28.2545
1.56598 28.1424
1.57172 30.4489
1.57745 29.3942
1.58319 27.6091
1.58892 29.4731
1.59466 26.9803
1.6004 27.328
1.60613 26.483
1.61187 28.9014
1.61761 28.2958
1.62334 28.886
1.62908 30.3852
1.63481 27.6236
1.64055 29.0824
1.64629 29.8312
1.65202 28.3926
1.65776 26.2315
1.6635 27.5604
1.66923 29.2368
1.67497 28.2429
1.6807 28.3422
1.68644 26.8243
1.69218 26.5698
1.69791 27.8841
1.70365 27.6222
1.70938 29.7477
1.71512 27.4999
1.72086 29.7871
1.72659 29.4398
1.73233 29.8427
1.73807 27.0793
1.7438 28.9084
1.74954 29.2116
1.75527 30.7502
1.76101 28.0722
1.76675 27.5081
1.77248 28.6994
1.77822 28.3957
1.78396 28.177
1.78969 28.4998
1.79543 30.7359
1.80116 28.3085
1.8069 29.4212
1.81264 30.1739
1.81837 31.2179
1.82411 29.8743
1.82984 28.7119
1.83558 26.9785
1.84132 28.7621
1.84705 29.799
1.85279 28.9705
1.85853 27.8653
1.86426 29.702
1.87 28.9184
1.87573 28.7475
1.88147 27.0609
1.88721 32.2648
1.89294 27.9586
1.89868 31.1134
1.90442 30.9907
1.91015 36.498
1.91589 52.1175
1.92162 76.2366
1.92736 39.7742
1.9331 37.6269
1.93883 35.0932
1.94457 35.7977
1.9503 36.7014
1.95604 40.6278
1.96178 36.6886
1.96751 40.8462
1.97325 44.087
1.97899 31.1006
1.98472 32.0267
1.99046 31.5115
1.99619 28.644
2.00193 29.756
2.00767 28.2372
2.0134 29.2443
2.01914 30.0087
2.02488 30.0457
2.03061 29.9678
2.03635 31.3771
2.04208 30.8633
2.04782 30.0726
2.05356 29.5026
2.05929 31.6117
2.06503 31.2562
2.07076 31.4632
2.0765 32.81
2.08224 31.7562
2.08797 28.19
2.09371 33.0633
2.09945 31.4909
2.10518 29.4163
2.11092 31.2665
2.11665 33.5053
2.12239 32.443
2.12813 30.2136
2.13386 30.7571
2.1396 31.9213
2.14534 31.5289
2.15107 30.7687
2.15681 30.3821
2.16254 30.9765
2.16828 32.9732
2.17402 33.5691
2.17975 32.5325
2.18549 33.1389
2.19122 31.2342
2.19696 31.9973
2.2027 37.2128
2.20843 42.0195
2.21417 72.3978
2.21991 68.6742
2.22564 47.8456
2.23138 36.0977
2.23711 32.7525
2.24285 34.8762
2.24859 35.8014
2.25432 33.7506
2.26006 31.1768
2.2658 33.921
2.27153 33.0702
2.27727 32.4305
2.283 32.3258
2.28874 33.3421
2.29448 33.9123
2.30021 32.0652
2.30595 35.0502
2.31168 33.0886
2.31742 36.1617
2.32316 33.1629
2.32889 34.6889
2.33463 32.8215
2.34037 35.4627
2.3461 36.1871
2.35184 33.4044
2.35757 35.4472
2.36331 34.8713
2.36905 38.9283
2.37478 39.1653
2.38052 36.1882
2.38626 38.9783
2.39199 36.2071
2.39773 43.778
2.40346 38.7099
2.4092 40.1657
2.41494 38.8261
2.42067 37.5536
2.42641 36.7833
2.43214 37.2277
2.43788 37.8978
2.44362 35.379
2.44935 38.6566
2.45509 37.4459
2.46083 34.1816
2.46656 35.2011
2.4723 35.4388
2.47803 33.8245
2.48377 35.9031
2.48951 37.0584
2.49524 38.1512
2.50098 35.6159
2.50672 36.0537
2.51245 34.8632
2.51819 36.7126
2.52392 36.1706
2.52966 38.5071
2.5354 38.3207
2.54113 36.2654
2.54687 37.0803
2.5526 38.2034
2.55834 36.8747
2.56408 38.2936
2.56981 37.5416
2.57555 37.0778
2.58129 35.88
2.58702 36.7229
2.59276 37.7538
2.59849 37.0667
2.60423 38.7972
2.60997 37.2613
2.6157 37.813
2.62144 38.8435
2.62718 39.4011
2.63291 36.8108
2.63865 38.1153
2.64438 39.3727
2.65012 39.4114
2.65586 38.1229
2.66159 38.406
2.66733 38.7887
2.67306 39.0134
2.6788 39.8562
2.68454 39.9012
2.69027 39.5495
2.69601 41.1846
2.70175 39.8836
2.70748 41.8113
2.71322 42.1349
2.71895 41.9576
2.72469 43.0059
2.73043 40.8715
2.73616 39.4102
2.7419 40.967
2.74764 40.3644
2.75337 39.3857
2.75911 38.9324
2.76484 40.5445
2.77058 40.2666
2.77632 40.8014
2.78205 42.4988
2.78779 40.8787
2.79352 40.9179
2.79926 39.2798
2.805 40.1365
2.81073 39.2996
2.81647 40.7222
2.82221 39.8231
2.82794 39.2336
2.83368 41.383
2.83941 43.1984
2.84515 41.4094
2.85089 41.5299
2.85662 40.8461
2.86236 42.0153
2.8681 41.6432
2.87383 41.3961
2.87957 42.0924
2.8853 39.3646
2.89104 40.7251
2.89678 43.5605
2.90251 41.996
2.90825 43.8982
2.91398 42.8567
2.91972 43.1803
2.92546 42.8575
2.93119 43.4321
2.93693 43.09
2.94267 44.2197
2.9484 44.7541
2.95414 47.2106
2.95987 43.115
2.96561 43.1623
2.97135 47.6526
2.97708 45.6236
2.98282 50.8755
2.98856 56.46
2.99429 68.3361
3.00003 52.2083
3.00576 52.0254
3.0115 47.2936
3.01724 46.8011
3.02297 48.7013
3.02871 47.1982
3.03444 49.4724
3.04018 49.3551
3.04592 49.406
3.05165 49.9639
3.05739 49.6149
3.06313 49.9059
3.06886 48.5789
3.0746 50.05
3.08033 49.2013
3.08607 51.4486
3.09181 52.9406
3.09754 54.8472
3.10328 55.4501
3.10902 60.132
3.11475 61.4716
3.12049 58.0983
3.12622 56.2306
3.13196 62.5215
3.1377 61.031
3.14343 73.6486
3.14917 68.0126
3.1549 58.5904
3.16064 56.6117
3.16638 55.3589
3.17211 59.5977
3.17785 56.5514
3.18359 55.8407
3.18932 59.9032
3.19506 55.4999
3.20079 56.4058
3.20653 58.0417
3.21227 58.2937
3.218 56.6886
3.22374 57.7556
3.22948 57.4219
3.23521 60.27
3.24095 59.9298
3.24668 59.9583
3.25242 59.7964
3.25816 60.208
3.26389 61.019
3.26963 62.4974
3.27536 60.3672
3.2811 64.0198
3.28684 64.2736
3.29257 64.0476
3.29831 64.6181
3.30405 67.8787
3.30978 71.1891
3.31552 71.6703
3.32125 72.3435
3.32699 74.2436
3.33273 76.3583
3.33846 74.8506
3.3442 74.4443
3.34994 74.6892
3.35567 74.4398
3.36141 76.0381
3.36714 74.9723
3.37288 72.4176
3.37862 74.3712
3.38435 72.1182
3.39009 73.5482
3.39582 72.5561
3.40156 73.6994
3.4073 74.7413
3.41303 75.7126
3.41877 74.9098
3.42451 77.8239
3.43024 76.9909
3.43598 76.5715
3.44171 76.7412
3.44745 78.4518
3.45319 79.17
3.45892 80.3351
3.46466 79.6934
3.4704 80.5788
3.47613 79.7253
3.48187 79.9172
3.4876 83.2069
3.49334 80.8172
3.49908 83.3285
3.50481 85.4854
3.51055 84.1966
3.51628 88.2979
3.52202 90.2163
3.52776 97.4949
3.53349 100.273
3.53923 110.264
3.54497 120.641
3.5507 127.94
3.55644 127.584
3.56217 117.35
3.56791 108.039
3.57365 102.842
3.57938 101.806
3.58512 99.7797
3.59086 98.4805
3.59659 100.499
3.60233 100.727
3.60806 103.904
3.6138 102.591
3.61954 106.769
3.62527 109.821
3.63101 112.839
3.63674 119.092
3.64248 131.212
3.64822 142.03
3.65395 150.489
3.65969 152.647
3.66543 143.946
3.67116 138.784
3.6769 141.418
3.68263 144.267
3.68837 144.306
3.69411 144.347
3.69984 138.212
3.70558 140.695
3.71132 138.792
3.71705 142.786
3.72279 143.782
3.72852 146.2
3.73426 147.727
3.74 151.781
3.74573 157.746
3.75147 157.365
3.7572 164.235
3.76294 167.385
3.76868 167.462
3.77441 176.332
3.78015 179.628
3.78589 188.971
3.79162 194.004
3.79736 206.315
3.80309 216.222
3.80883 227.308
3.81457 243.806
3.8203 263.067
3.82604 283.899
3.83178 330.344
3.83751 433.959
3.84325 720.271
3.84898 1264.7
3.85472 1722.33
3.86046 1112.95
3.86619 805.418
3.87193 864.261
3.87766 999.925
3.8834 1164.82
3.88914 1382.27
3.89487 1632.85
3.90061 1740.52
3.90635 1659.14
3.91208 1457.24
3.91782 1163.74
3.92355 926.722
3.92929 756.638
3.93503 620.438
3.94076 519.133
3.9465 450.948
3.95224 393.61
3.95797 349.605
3.96371 316.473
3.96944 298.061
3.97518 280.607
3.98092 259.654
3.98665 243.986
3.99239 235.39
3.99812 224.291
4.00386 217.447
4.0096 211.743
4.01533 205.418
4.02107 201.361
4.02681 198.653
4.03254 197.007
4.03828 194.356
4.04401 191.569
4.04975 189.876
4.05549 182.403
4.06122 176.063
4.06696 176.551
4.0727 172.827
4.07843 170.15
4.08417 167.509
4.0899 166.245
4.09564 166.046
4.10138 162.998
4.10711 164.536
4.11285 161.843
4.11858 163.986
4.12432 161.914
4.13006 163.226
4.13579 160.313
4.14153 158.314
4.14727 160.134
4.153 159.485
4.15874 156.516
4.16447 156.764
4.17021 159.892
4.17595 157.044
4.18168 159.279
4.18742 157.612
4.19316 158.38
4.19889 155.517
4.20463 157.443
4.21036 157.598
4.2161 157.707
4.22184 156.513
4.22757 159.509
4.23331 159.56
4.23904 159.052
4.24478 161.512
4.25052 161.031
4.25625 162.737
4.26199 160.955
4.26773 165.733
4.27346 166.692
4.2792 168.996
4.28493 169.42
4.29067 171.153
4.29641 173.579
4.30214 172.296
4.30788 178.166
4.31362 178.247
4.31935 181.252
4.32509 185.996
4.33082 189.07
4.33656 194.173
4.3423 199.078
4.34803 205.483
4.35377 210.041
4.3595 215.892
4.36524 224.593
4.37098 234.207
4.37671 245.34
4.38245 254.07
4.38819 267.486
4.39392 285.645
4.39966 292.152
4.40539 320.302
4.41113 344.434
4.41687 380.847
4.4226 454.921
4.42834 587.333
4.43408 962.946
4.43981 2191.09
4.44555 5770.63
4.45128 19241
4.45702 24523
4.46276 10831.8
4.46849 3109.88
4.47423 1498.51
4.47996 865.202
4.4857 714.49
4.49144 661.56
4.49717 624.047
4.50291 633.271
4.50865 615.171
4.51438 588.868
4.52012 544.733
4.52585 495.106
4.53159 444.911
4.53733 394.865
4.54306 351.915
4.5488 317.597
4.55454 290.012
4.56027 268.219
4.56601 246.608
4.57174 231.208
4.57748 216.009
4.58322 201.614
4.58895 191.089
4.59469 182.286
4.60042 173.969
4.60616 168.159
4.6119 164.706
4.61763 159.315
4.62337 155.03
4.62911 152.598
4.63484 148.113
4.64058 143.99
4.64631 139.761
4.65205 136.745
4.65779 129.974
4.66352 127.936
4.66926 127.081
4.675 125.024
4.68073 123.621
4.68647 121.509
4.6922 120.75
4.69794 120.471
4.70368 118.7
4.70941 118.426
4.71515 118.522
4.72088 118.713
4.72662 117.008
4.73236 116.814
4.73809 116.954
4.74383 116.567
4.74957 112.999
4.7553 112.387
4.76104 111.457
4.76677 110.992
4.77251 109.295
4.77825 106.446
4.78398 104.544
4.78972 102.964
4.79546 104.638
4.80119 102.329
4.80693 100.363
4.81266 98.648
4.8184 97.6562
4.82414 99.6889
4.82987 97.7235
4.83561 96.4905
4.84134 100.605
4.84708 102.455
4.85282 104.091
4.85855 102.986
4.86429 96.7937
4.87003 95.2106
4.87576 94.7591
4.8815 94.4205
4.88723 90.8101
4.89297 93.7104
4.89871 91.8477
4.90444 93.1267
4.91018 90.2091
4.91592 92.7121
4.92165 91.351
4.92739 90.2545
4.93312 90.7363
4.93886 91.2465
4.9446 90.3727
4.95033 89.2726
4.95607 89.4608
4.9618 88.7851
4.96754 90.1382
4.97328 90.2726
4.97901 95.3752
4.98475 91.788
4.99049 89.6607
4.99622 87.2358
5.00196 89.3426
5.00769 86.7297
5.01343 88.5697
5.01917 87.0309
5.0249 86.1681
5.03064 87.0935
5.03638 86.2095
5.04211 86.1404
5.04785 86.8167
5.05358 86.7384
5.05932 87.567
5.06506 86.1872
5.07079 84.9883
5.07653 84.0054
5.08226 84.8326
5.088 85.9785
5.09374 82.9521
5.09947 85.1699
5.10521 85.6338
5.11095 84.2059
5.11668 84.876
5.12242 86.8236
5.12815 86.0116
5.13389 87.5261
5.13963 85.249
5.14536 87.1965
5.1511 85.5791
5.15684 86.3773
5.16257 85.6747
5.16831 86.0562
5.17404 86.0557
5.17978 85.5002
5.18552 86.0881
5.19125 84.1856
5.19699 84.5673
5.20272 83.4335
5.20846 84.4852
5.2142 83.1879
5.21993 83.1878
5.22567 83.0316
5.23141 85.035
5.23714 84.9129
5.24288 85.2536
5.24861 85.6618
5.25435 84.867
5.26009 84.2938
5.26582 84.195
5.27156 83.8036
5.2773 85.0933
5.28303 84.3637
5.28877 84.9504
5.2945 85.1585
5.30024 84.6292
5.30598 84.9144
5.31171 85.7751
5.31745 85.2781
5.32318 87.163
5.32892 86.4058
5.33466 85.7012
5.34039 84.7465
5.34613 85.5278
5.35187 84.8157
5.3576 85.5505
5.36334 84.1475
5.36907 84.084
5.37481 86.2376
5.38055 87.2743
5.38628 90.884
5.39202 95.2513
5.39776 98.3321
5.40349 97.5881
5.40923 92.959
5.41496 91.3854
5.4207 87.3992
5.42644 87.0422
5.43217 85.217
5.43791 87.3037
5.44364 89.6863
5.44938 90.7756
5.45512 89.4729
5.46085 89.7439
5.46659 88.903
5.47233 88.419
5.47806 87.2357
5.4838 88.3388
5.48953 87.5895
5.49527 87.5826
5.50101 87.4291
5.50674 87.3016
5.51248 86.1875
5.51822 87.0128
5.52395 86.1999
5.52969 87.0533
5.53542 88.4456
5.54116 88.952
5.5469 87.493
5.55263 88.5453
5.55837 88.1389
5.5641 89.1042
5.56984 88.4018
5.57558 89.2337
5.58131 89.6916
5.58705 89.0852
5.59279 88.3216
5.59852 90.1928
5.60426 91.6229
5.60999 89.1927
5.61573 89.5071
5.62147 88.9057
5.6272 90.6741
5.63294 90.4211
5.63868 91.054
5.64441 90.9467
5.65015 92.6397
5.65588 90.953
5.66162 93.4867
5.66736 93.1548
5.67309 92.7422
5.67883 92.9432
5.68456 93.7571
5.6903 94.0921
5.69604 94.6301
5.70177 94.9915
5.70751 95.538
5.71325 96.746
5.71898 95.6543
5.72472 97.009
5.73045 97.6693
5.73619 97.8923
5.74193 96.7429
5.74766 98.495
5.7534 98.1632
5.75914 99.1642
5.76487 99.4627
5.77061 101.15
5.77634 100.298
5.78208 101.406
5.78782 103.142
5.79355 104.085
5.79929 102.533
5.80502 102.699
5.81076 104.015
5.8165 104.11
5.82223 102.637
5.82797 104.439
5.83371 104.304
5.83944 102.359
5.84518 104.042
5.85091 106.774
5.85665 105.901
5.86239 106.758
5.86812 107.486
5.87386 107.238
5.8796 107.927
5.88533 108.078
5.89107 109.151
5.8968 110.877
5.90254 111.113
5.90828 111.647
5.91401 112.338
5.91975 112.54
5.92548 115.094
5.93122 115.008
5.93696 115.317
5.94269 116.121
5.94843 117.177
5.95417 118.114
5.9599 121.147
5.96564 121.252
5.97137 120.153
5.97711 122.463
5.98285 120.789
5.98858 122.169
5.99432 126.195
6.00006 127.822
6.00579 129.154
6.01153 132.123
6.01726 132.208
6.023 133.837
6.02874 133.746
6.03447 133.529
6.04021 134.778
6.04594 135.394
6.05168 136.823
6.05742 135.832
6.06315 135.594
6.06889 137.796
6.07463 138.482
6.08036 142.434
6.0861 144.083
6.09183 146.871
6.09757 148.982
6.10331 149.916
6.10904 152.557
6.11478 153.875
6.12052 156.057
6.12625 157.94
6.13199 161.401
6.13772 165.811
6.14346 164.727
6.1492 169.183
6.15493 172.222
6.16067 172.511
6.1664 176.379
6.17214 181.181
6.17788 186.354
6.18361 189.111
6.18935 196.304
6.19509 201.901
6.20082 205.195
6.20656 214.021
6.21229 223.225
6.21803 235.066
6.22377 240.439
6.2295 252.435
6.23524 263.537
6.24098 267.783
6.24671 274.934
6.25245 298.722
6.25818 315.591
6.26392 340.101
6.26966 392.567
6.27539 522.318
6.28113 627.017
6.28686 1572.14
6.2926 4630.4
6.29834 8868.47
6.30407 10760.2
6.30981 15618.7
6.31555 5095.07
6.32128 2520.33
6.32702 987.432
6.33275 627.988
6.33849 552.795
6.34423 481.907
6.34996 477.808
6.3557 483.074
6.36144 480.763
6.36717 503.807
6.37291 533.152
6.37864 551.599
6.38438 552.616
6.39012 536.355
6.39585 505.222
6.40159 458.282
6.40732 417.048
6.41306 375.62
6.4188 341.783
6.42453 316.022
6.43027 296.791
6.43601 280.89
6.44174 265.752
6.44748 254.042
6.45321 246.236
6.45895 241.478
6.46469 231.766
6.47042 226.422
6.47616 220.913
6.4819 212.859
6.48763 206.138
6.49337 202.26
6.4991 198.783
6.50484 194.147
6.51058 190.616
6.51631 191.275
6.52205 185.988
6.52778 185.248
6.53352 182.423
6.53926 182.553
6.54499 180.93
6.55073 180.693
6.55647 178.116
6.5622 178.843
6.56794 177.423
6.57367 179.221
6.57941 176.324
6.58515 177.376
6.59088 173.011
6.59662 172.058
6.60236 170.083
6.60809 167.196
6.61383 165.335
6.61956 165.294
6.6253 164.066
6.63104 165.338
6.63677 164.687
6.64251 161.876
6.64824 161.935
6.65398 162.968
6.65972 160.997
6.66545 160.439
6.67119 161.569
6.67693 162.197
6.68266 162.518
6.6884 162.9
6.69413 160.768
6.69987 158.795
6.70561 157.954
6.71134 157.447
6.71708 157.533
6.72282 156.604
6.72855 155.763
6.73429 157.094
6.74002 155.818
6.74576 155.548
6.7515 155.178
6.75723 154.637
6.76297 153.846
6.7687 152.06
6.77444 154.198
6.78018 152.957
6.78591 153.299
6.79165 156.151
6.79739 158.648
6.80312 170.444
6.80886 202.417
6.81459 195.855
6.82033 210.853
6.82607 174.925
6.8318 165.636
6.83754 154.066
6.84328 152.702
6.84901 152.431
6.85475 153.196
6.86048 153.061
6.86622 152.664
6.87196 154.553
6.87769 152.716
6.88343 151.526
6.88916 152.502
6.8949 151.702
6.90064 153.058
6.90637 153.51
6.91211 152.066
6.91785 153.098
6.92358 151.051
6.92932 152.886
6.93505 153.544
6.94079 152.284
6.94653 152.503
6.95226 153.03
6.958 151.952
6.96374 152.476
6.96947 150.966
6.97521 152.315
6.98094 152.283
6.98668 153.78
6.99242 154.397
6.99815 153.581
7.00389 152.918
7.00962 154.317
7.01536 154.475
7.0211 154.505
7.02683 155.082
7.03257 154.346
7.03831 154.178
7.04404 155.802
7.04978 154.659
7.05551 154.917
7.06125 156.468
7.06699 156.248
7.07272 156.256
7.07846 156.472
7.0842 158.099
7.08993 157.956
7.09567 157.895
7.1014 159.564
7.10714 159.975
7.11288 161.424
7.11861 162.919
7.12435 163.354
7.13008 162.554
7.13582 163.911
7.14156 162.326
7.14729 163.109
7.15303 164.303
7.15877 163.21
7.1645 164.483
7.17024 164.543
7.17597 165.699
7.18171 165.203
7.18745 166.69
7.19318 168.984
7.19892 169.792
7.20466 170.777
7.21039 171.154
7.21613 173.128
7.22186 173.269
7.2276 175.632
7.23334 174.186
7.23907 175.537
7.24481 177.475
7.25054 177.877
7.25628 176.569
7.26202 178.677
7.26775 179.258
7.27349 181.105
7.27923 183.12
7.28496 182.773
7.2907 184.789
7.29643 188.385
7.30217 189.357
7.30791 191.349
7.31364 194.829
7.31938 195.165
7.32512 199.003
7.33085 201.279
7.33659 206.075
7.34232 204.799
7.34806 210.785
7.3538 215.555
7.35953 218.351
7.36527 229.927
7.371 253.1
7.37674 341.557
7.38248 391.98
7.38821 798.553
7.39395 1216.66
7.39969 2097.65
7.40542 2753.07
7.41116 1121.84
7.41689 592.507
7.42263 374.773
7.42837 330.784
7.4341 316.626
7.43984 316.122
7.44558 325.158
7.45131 336.915
7.45705 355.977
7.46278 375.571
7.46852 405.283
7.47426 436.568
7.47999 465.705
7.48573 481.364
7.49146 481.449
7.4972 464.811
7.50294 429.946
7.50867 394.408
7.51441 357.73
7.52015 326.639
7.52588 298.349
7.53162 275.113
7.53735 258.66
7.54309 243.644
7.54883 232.988
7.55456 223.815
7.5603 219.139
7.56604 209.954
7.57177 201.52
7.57751 195.055
7.58324 190.898
7.58898 185.394
7.59472 182.698
7.60045 180.859
7.60619 175.862
7.61192 173.641
7.61766 170.314
7.6234 170.021
7.62913 168.081
7.63487 166.83
7.64061 166.715
7.64634 166.373
7.65208 164.41
7.65781 163.95
7.66355 163.486
7.66929 162.444
7.67502 162.417
7.68076 164.597
7.6865 162.495
7.69223 163.49
7.69797 165.525
7.7037 166.699
7.70944 176.367
7.71518 216.397
7.72091 255.13
7.72665 468.694
7.73238 767.915
7.73812 283.889
7.74386 254.118
7.74959 190.355
7.75533 183.197
7.76107 178.637
7.7668 180.627
7.77254 185.601
7.77827 188.544
7.78401 194.441
7.78975 202.137
7.79548 211.442
7.80122 220.475
7.80696 229.689
7.81269 240.448
7.81843 244.818
7.82416 242.039
7.8299 235.489
7.83564 222.453
7.84137 211.732
7.84711 196.39
7.85284 185.234
7.85858 175.436
7.86432 166.902
7.87005 161.987
7.87579 155.934
7.88153 151.247
7.88726 148.887
7.893 146.65
7.89873 143.566
7.90447 141.564
7.91021 144.663
7.91594 143.066
7.92168 152.872
7.92742 140.878
7.93315 134.996
7.93889 131.837
7.94462 131.658
7.95036 129.441
7.9561 130.145
7.96183 129.729
7.96757 128.113
7.9733 129.212
7.97904 127.734
7.98478 128.43
7.99051 127.465
7.99625 126.712
8.00199 126.297
8.00772 124.758
8.01346 124.164
8.01919 125.008
8.02493 123.049
8.03067 122.697
8.0364 122.726
8.04214 123.242
8.04788 120.288
8.05361 121.546
8.05935 121.061
8.06508 119.956
8.07082 120.661
8.07656 120.851
8.08229 120.954
8.08803 120.761
8.09376 118.545
8.0995 118.244
8.10524 117.603
8.11097 115.279
8.11671 114.024
8.12245 110.297
8.12818 112.14
8.13392 108.146
8.13965 105.684
8.14539 105.718
8.15113 104.186
8.15686 96.1839
8.1626 101.194
8.16834 104.319
8.17407 104.614
8.17981 103.697
8.18554 105.321
8.19128 105.464
8.19702 105.892
8.20275 107.295
8.20849 105.724
8.21422 107.179
8.21996 105.462
8.2257 105.013
8.23143 103.12
8.23717 104.333
8.24291 106.291
8.24864 104.142
8.25438 105.242
8.26011 106.237
8.26585 104.373
8.27159 106.345
8.27732 104.896
8.28306 104.754
8.2888 105.833
8.29453 104.704
8.30027 103.911
8.306 104.646
8.31174 105.718
8.31748 105.391
8.32321 102.259
8.32895 102.208
8.33468 102.119
8.34042 102.996
8.34616 102.758
8.35189 101.244
8.35763 101.38
8.36337 100.781
8.3691 101.737
8.37484 101.054
8.38057 101.404
8.38631 101.914
8.39205 102.815
8.39778 101.773
8.40352 101.492
8.40926 101.18
8.41499 100.806
8.42073 100.963
8.42646 103.861
8.4322 105.785
8.43794 105.856
8.44367 105.647
8.44941 105.58
8.45514 101.61
8.46088 101.178
8.46662 100.457
8.47235 101.922
8.47809 101.088
8.48383 100.918
8.48956 99.8998
8.4953 99.9309
8.50103 99.2284
8.50677 99.6516
8.51251 101.78
8.51824 98.6769
8.52398 99.2287
8.52972 99.1867
8.53545 98.2721
8.54119 100.353
8.54692 98.1041
8.55266 100.053
8.5584 100.48
8.56413 100.332
8.56987 99.9053
8.5756 101.872
8.58134 98.1042
8.58708 96.5443
8.59281 99.0046
8.59855 99.2077
8.60429 99.5158
8.61002 99.3541
8.61576 97.3658
8.62149 99.7781
8.62723 98.973
8.63297 97.559
8.6387 98.7341
8.64444 98.9512
8.65018 98.3835
8.65591 98.6055
8.66165 93.8711
8.66738 98.8888
8.67312 98.4858
8.67886 93.7717
8.68459 96.3622
8.69033 95.5536
8.69606 97.3882
8.7018 96.7607
8.70754 97.121
8.71327 96.7096
8.71901 95.2325
8.72475 99.8206
8.73048 97.1374
8.73622 98.8186
8.74195 100.613
8.74769 100.736
8.75343 99.2487
8.75916 99.362
8.7649 96.6654
8.77064 99.2475
8.77637 98.88
8.78211 99.347
8.78784 97.9538
8.79358 98.6404
8.79932 100.684
8.80505 98.0557
8.81079 99.888
8.81652 97.3057
8.82226 96.9414
8.828 99.3724
8.83373 98.9427
8.83947 95.9354
8.84521 99.0551
8.85094 96.0534
8.85668 100.079
8.86241 98.9399
8.86815 100.693
8.87389 98.9296
8.87962 102.455
8.88536 97.2684
8.8911 101.711
8.89683 98.2834
8.90257 103.645
8.9083 102.374
8.91404 101.458
8.91978 105.757
8.92551 111.283
8.93125 118.753
8.93698 114.826
8.94272 106.355
8.94846 106.167
8.95419 107.167
8.95993 103.854
8.96567 103.551
8.9714 105.696
8.97714 108.545
8.98287 107.093
8.98861 108.019
8.99435 107.97
9.00008 103.625
9.00582 107.647
9.01156 112.83
9.01729 106.847
9.02303 111.368
9.02876 113.104
9.0345 110.932
9.04024 112.647
9.04597 119.677
9.05171 110.922
9.05744 109.2
9.06318 114.153
9.06892 107.082
9.07465 112.571
9.08039 104.207
9.08613 102.093
9.09186 110.183
9.0976 97.7034
9.10333 98.1189
9.10907 100.12
9.11481 97.806
9.12054 99.6905
9.12628 94.237
9.13202 97.036
9.13775 100.873
9.14349 96.9302
9.14922 100.491
9.15496 93.8743
9.1607 100.668
9.16643 95.9834
9.17217 95.7532
9.1779 94.3311
9.18364 92.4638
9.18938 89.6042
9.19511 87.7347
9.20085 93.9351
9.20659 89.474
9.21232 96.9302
9.21806 92.1576
9.22379 93.2568
9.22953 93.0384
9.23527 89.4101
9.241 90.9122
9.24674 87.6999
9.25248 89.877
9.25821 86.5309
9.26395 85.5173
9.26968 82.1286
9.27542 85.9577
9.28116 78.4033
9.28689 83.8838
9.29263 77.077
9.29836 79.3823
9.3041 78.3207
9.30984 76.6837
9.31557 68.9949
9.32131 70.1441
9.32705 62.9629
9.33278 66.6318
9.33852 55.6345
9.34425 55.7779
9.34999 54.3484
9.35573 52.5525
9.36146 59.696
9.3672 37.765
9.37294 49.049
9.37867 27.3607
9.38441 15.3487
9.39014 18.7687
9.39588 0
9.40162 0
9.40735 0
9.41309 0
9.41882 0
9.42456 0
9.4303 0
9.43603 0
9.44177 0
9.44751 0
9.45324 0
9.45898 0
9.46471 0
9.47045 0
9.47619 0
9.48192 0
9.48766 0
9.4934 0
9.49913 0
9.50487 0
9.5106 0
9.51634 0
9.52208 0
9.52781 0
9.53355 0
9.53928 0
9.54502 0
9.55076 0
9.55649 0
9.56223 0
9.56797 0
9.5737 0
9.57944 0
9.58517 0
9.59091 0
9.59665 0
9.60238 0
9.60812 0
9.61386 0
9.61959 0
9.62533 0
9.63106 0
9.6368 0
9.64254 0
9.64827 0
9.65401 0
9.65974 0
9.66548 0
9.67122 0
9.67695 0
9.68269 0
9.68843 0
9.69416 0
9.6999 0
9.70563 0
9.71137 0
9.71711 0
9.72284 0
9.72858 0
9.73432 0
9.74005 0
9.74579 0
9.75152 0
9.75726 0
9.763 0
9.76873 0
9.77447 0
9.7802 0
9.78594 0
9.79168 0
9.79741 0
9.80315 0
9.80889 0
9.81462 0
9.82036 0
9.82609 0
9.83183 0
9.83757 0
9.8433 0
9.84904 0
9.85478 0
9.86051 0
9.86625 0
9.87198 0
9.87772 0
9.88346 0
9.88919 0
9.89493 0
9.90066 0
9.9064 0
9.91214 0
9.91787 0
9.92361 0
9.92935 0
9.93508 0
9.94082 0
9.94655 0
9.95229 0
9.95803 0
9.96376 0
9.9695 0
9.97524 0
9.98097 0
9.98671 0
9.99244 0
9.99818 0
10.0039 0
10.0097 0
10.0154 0
10.0211 0
10.0269 0
10.0326 0
10.0383 0
10.0441 0
10.0498 0
10.0555 0
10.0613 0
10.067 0
10.0728 0
10.0785 0
10.0842 0
10.09 0
10.0957 0
10.1014 0
10.1072 0
10.1129 0
10.1186 0
10.1244 0
10.1301 0
10.1358 0
10.1416 0
10.1473 0
10.1531 0
10.1588 0
10.1645 0
10.1703 0
10.176 0
10.1817 0
10.1875 0
10.1932 0
10.1989 0
10.2047 0
10.2104 0
10.2162 0
10.2219 0
10.2276 0
10.2334 0
10.2391 0
10.2448 0
10.2506 0
10.2563 0
10.262 0
10.2678 0
10.2735 0
10.2793 0
10.285 0
10.2907 0
10.2965 0
10.3022 0
10.3079 0
10.3137 0
10.3194 0
10.3251 0
10.3309 0
10.3366 0
10.3424 0
10.3481 0
10.3538 0
10.3596 0
10.3653 0
10.371 0
10.3768 0
10.3825 0
10.3882 0
10.394 0
10.3997 0
10.4054 0
10.4112 0
10.4169 0
10.4227 0
10.4284 0
10.4341 0
10.4399 0
10.4456 0
10.4513 0
10.4571 0
10.4628 0
10.4685 0
10.4743 0
10.48 0
10.4858 0
10.4915 0
10.4972 0
10.503 0
10.5087 0
10.5144 0
10.5202 0
10.5259 0
10.5316 0
10.5374 0
10.5431 0
10.5489 0
10.5546 0
10.5603 0
10.5661 0
10.5718 0
10.5775 0
10.5833 0
10.589 0
10.5947 0
10.6005 0
10.6062 0
10.612 0
10.6177 0
10.6234 0
10.6292 0
10.6349 0
10.6406 0
10.6464 0
10.6521 0
10.6578 0
10.6636 0
10.6693 0
10.6751 0
10.6808 0
10.6865 0
10.6923 0
10.698 0
10.7037 0
10.7095 0
10.7152 0
10.7209 0
10.7267 0
10.7324 0
10.7381 0
10.7439 0
10.7496 0
10.7554 0
10.7611 0
10.7668 0
10.7726 0
10.7783 0
10.784 0
10.7898 0
10.7955 0
10.8012 0
10.807 0
10.8127 0
10.8185 0
10.8242 0
10.8299 0
10.8357 0
10.8414 0
10.8471 0
10.8529 0
10.8586 0
10.8643 0
10.8701 0
10.8758 0
10.8816 0
10.8873 0
10.893 0
10.8988 0
10.9045 0
10.9102 0
10.916 0
10.9217 0
10.9274 0
10.9332 0
10.9389 0
10.9447 0
10.9504 0
10.9561 0
10.9619 0
10.9676 0
10.9733 0
10.9791 0
10.9848 0
10.9905 0
10.9963 0
11.002 0
11.0077 0
11.0135 0
11.0192 0
11.025 0
11.0307 0
11.0364 0
11.0422 0
11.0479 0
11.0536 0
11.0594 0
11.0651 0
11.0708 0
11.0766 0
11.0823 0
11.0881 0
11.0938 0
11.0995 0
11.1053 0
11.111 0
11.1167 0
11.1225 0
11.1282 0
11.1339 0
11.1397 0
11.1454 0
11.1512 0
11.1569 0
11.1626 0
11.1684 0
11.1741 0
11.1798 0
11.1856 0
11.1913 0
11.197 0
11.2028 0
11.2085 0
11.2143 0
11.22 0
11.2257 0
11.2315 0
11.2372 0
11.2429 0
11.2487 0
11.2544 0
11.2601 0
11.2659 0
11.2716 0
11.2774 0
11.2831 0
11.2888 0
11.2946 0
11.3003 0
11.306 0
11.3118 0
11.3175 0
11.3232 0
11.329 0
11.3347 0
11.3404 0
11.3462 0
11.3519 0
11.3577 0
11.3634 0
11.3691 0
11.3749 0
11.3806 0
11.3863 0
11.3921 0
11.3978 0
11.4035 0
11.4093 0
11.415 0
11.4208 0
11.4265 0
11.4322 0
11.438 0
11.4437 0
11.4494 0
11.4552 0
11.4609 0
11.4666 0
11.4724 0
11.4781 0
11.4839 0
11.4896 0
11.4953 0
11.5011 0
11.5068 0
11.5125 0
11.5183 0
11.524 0
11.5297 0
11.5355 0
11.5412 0
11.547 0
11.5527 0
11.5584 0
11.5642 0
11.5699 0
11.5756 0
11.5814 0
11.5871 0
11.5928 0
11.5986 0
11.6043 0
11.61 0
11.6158 0
11.6215 0
11.6273 0
11.633 0
11.6387 0
11.6445 0
11.6502 0
11.6559 0
11.6617 0
11.6674 0
11.6731 0
11.6789 0
11.6846 0
11.6904 0
11.6961 0
11.7018 0
11.7076 0
11.7133 0
11.719 0
11.7248 0
11.7305 0
11.7362 0
11.742 0
