0 0
0.00573619 -12
0.0114724 -6
0.0172086 -16
0.0229448 5.66667
0.028681 3
0.0344171 -19.5
0.0401533 -0.2
0.0458895 5.8
0.0516257 2.66667
0.0573619 -1.5
0.0630981 5.71429
0.0688343 3.14286
0.0745705 -12
0.0803067 -1.88889
0.0860429 -1.33333
0.091779 -2.5
0.0975152 -3.15385
0.103251 2.77778
0.108988 -6.44444
0.114724 2.9
0.12046 -6.45455
0.126196 1.86667
0.131932 -8.375
0.137669 -0.866667
0.143405 -5
0.149141 2
0.154877 -1.6875
0.160613 6.6
0.16635 3.46667
0.172086 7.41667
0.177822 3.73684
0.183558 -1.23529
0.189294 7.14286
0.19503 0.809524
0.200767 -6.47619
0.206503 -3
0.212239 -0.666667
0.217975 3.52381
0.223711 3.52941
0.229448 5.66667
0.235184 4.30435
0.24092 1.40909
0.246656 -1.38889
0.252392 2.36
0.258129 4.51852
0.263865 -0.714286
0.269601 2.20833
0.275337 -0.137931
0.281073 3.44
0.28681 3.58333
0.292546 -1.92
0.298282 -1.06897
0.304018 -0.37037
0.309754 2.9
0.31549 4.35484
0.321227 -0.555556
0.326963 1.46667
0.332699 2.19355
0.338435 -0.030303
0.344171 -2.45833
0.349908 0.142857
0.355644 1.54286
0.36138 6.51613
0.367116 4.61765
0.372852 0.363636
0.378589 5.16216
0.384325 0.125
0.390061 2.71795
0.395797 3.17949
0.401533 14.2308
0.40727 6.65116
0.413006 2.43243
0.418742 9.3
0.424478 11.3529
0.430214 13.2889
0.43595 13.6829
0.441687 12.5938
0.447423 16.1277
0.453159 12.1282
0.458895 12.7209
0.464631 13.2955
0.470368 15.6341
0.476104 11.5745
0.48184 13.1111
0.487576 11.1923
0.493312 9.2439
0.499049 15.325
0.504785 17.7544
0.510521 16.7556
0.516257 16.3023
0.521993 18.8864
0.52773 21.0943
0.533466 23
0.539202 22.5833
0.544938 21.5294
0.550674 19.8077
0.55641 20.9167
0.562147 20.5882
0.567883 18.0702
0.573619 15.6667
0.579355 17.7037
0.585091 14.8947
0.590828 18.4528
0.596564 20.8333
0.6023 19.3214
0.608036 20
0.613772 18.7347
0.619509 15.8966
0.625245 19.5763
0.630981 21.9091
0.636717 23.9138
0.642453 21.1404
0.64819 24.8095
0.653926 28.8269
0.659662 22.0615
0.665398 28.75
0.671134 25.1404
0.67687 26.1452
0.682607 27.2381
0.688343 26.2537
0.694079 24.8519
0.699815 22.7681
0.705551 27.5538
0.711288 24.3091
0.717024 25.2027
0.72276 26.6721
0.728496 27.3286
0.734232 29.0156
0.739969 25.5797
0.745705 29.1268
0.751441 25.9483
0.757177 27.7403
0.762913 29.1493
0.76865 30.7971
0.774386 25.75
0.780122 24.0822
0.785858 26.3247
0.791594 22.9
0.79733 24.6829
0.803067 23.1739
0.808803 26.0429
0.814539 26.7901
0.820275 26.6338
0.826011 23.8312
0.831748 25.4722
0.837484 22.0824
0.84322 19.7571
0.848956 25.8472
0.854692 28.9529
0.860429 24.6543
0.866165 23.863
0.871901 24.9375
0.877637 27.0964
0.883373 23.0909
0.88911 21.5385
0.894846 23.7059
0.900582 22.9398
0.906318 22.5541
0.912054 25.6
0.91779 27.7356
0.923527 24.2597
0.929263 25.3605
0.934999 23.6044
0.940735 27.5802
0.946471 25.7024
0.952208 28.4588
0.957944 24.4731
0.96368 23.6667
0.969416 28.3579
0.975152 24.1333
0.980889 23.4941
0.986625 23.5814
0.992361 23.9474
0.998097 23.1158
1.00383 22.4
1.00957 24.9899
1.01531 24.3093
1.02104 26.0476
1.02678 22.9271
1.03251 23.9011
1.03825 24.74
1.04399 25.6395
1.04972 23.6535
1.05546 23.2079
1.0612 25.6585
1.06693 23.486
1.07267 24.1099
1.0784 27.2816
1.08414 25
1.08988 26.65
1.09561 24.8286
1.10135 26.4767
1.10708 26.7455
1.11282 23.7368
1.11856 25.0714
1.12429 25.2762
1.13003 26.019
1.13577 23.0286
1.1415 26.4706
1.14724 25.7248
1.15297 24.44
1.15871 25.52
1.16445 25.7565
1.17018 26.619
1.17592 22.2897
1.18166 22.7188
1.18739 24.1849
1.19313 24.9541
1.19886 22.0291
1.2046 24.8696
1.21034 25.7757
1.21607 27.1545
1.22181 24.6091
1.22754 24.359
1.23328 23.4299
1.23902 23.2589
1.24475 23.0252
1.25049 25.8349
1.25623 23.4074
1.26196 22.6496
1.2677 24.2581
1.27343 25.6577
1.27917 27.5085
1.28491 25.9831
1.29064 26.2035
1.29638 24.6897
1.30212 25.5812
1.30785 26.1345
1.31359 24.4138
1.31932 25.0472
1.32506 23.1429
1.3308 26.0345
1.33653 22.9841
1.34227 27.3025
1.348 25.7559
1.35374 22.0796
1.35948 23.528
1.36521 21.5191
1.37095 22.6909
1.37669 23.0935
1.38242 24.2213
1.38816 22.8473
1.39389 22.5593
1.39963 25.2424
1.40537 25.5969
1.4111 25.625
1.41684 27.2937
1.42258 24.0667
1.42831 25.5868
1.43405 23.2538
1.43978 23.8
1.44552 24.558
1.45126 24.1017
1.45699 24.3475
1.46273 24.4773
1.46846 26.0317
1.4742 22.958
1.47994 24.5504
1.48567 22.6466
1.49141 22.8077
1.49715 24.1678
1.50288 25.6423
1.50862 20.5403
1.51435 23.4521
1.52009 23.5035
1.52583 23.9466
1.53156 25.5333
1.5373 25.1701
1.54304 25.2482
1.54877 23.4706
1.55451 23.9329
1.56024 22.2336
1.56598 24.2143
1.57172 26.1844
1.57745 22.8581
1.58319 25.4468
1.58892 24.7254
1.59466 25.26
1.6004 24.4545
1.60613 24.8188
1.61187 24.6107
1.61761 23.8408
1.62334 25.8872
1.62908 27.7419
1.63481 24.6623
1.64055 24.1933
1.64629 24.1096
1.65202 25.7947
1.65776 23.947
1.6635 27.2993
1.66923 23.8994
1.67497 25.0613
1.6807 25.2044
1.68644 25.6456
1.69218 26.6914
1.69791 23.5425
1.70365 26.1014
1.70938 24.7179
1.71512 22.8773
1.72086 23.2279
1.72659 26.5318
1.73233 25.0258
1.73807 25.3856
1.7438 26.1928
1.74954 26.8742
1.75527 25.8659
1.76101 27.1985
1.76675 25.3702
1.77248 24.9756
1.77822 26.5714
1.78396 24.3869
1.78969 26.5032
1.79543 26.6763
1.80116 23.1911
1.8069 23.9474
1.81264 25.4132
1.81837 25.3133
1.82411 23.4833
1.82984 25.8075
1.83558 24.1818
1.84132 25.8667
1.84705 25.3314
1.85279 23.7193
1.85853 25.7313
1.86426 25.7119
1.87 26.7442
1.87573 25.85
1.88147 24.452
1.88721 27.1919
1.89294 26.4624
1.89868 27.8471
1.90442 28.8563
1.91015 30.6331
1.91589 49.5417
1.92162 50.1016
1.92736 33.2429
1.9331 32.7619
1.93883 39.3081
1.94457 35.2275
1.9503 33.3765
1.95604 31.8256
1.96178 29.4751
1.96751 27.4486
1.97325 28.3006
1.97899 28.2513
1.98472 29.4255
1.99046 30.1257
1.99619 25.0165
2.00193 28.1947
2.00767 27.9944
2.0134 27.3605
2.01914 27.4255
2.02488 28.9058
2.03061 28.4802
2.03635 28.5532
2.04208 27.7027
2.04782 28.2074
2.05356 26.5484
2.05929 27.2873
2.06503 26.97
2.07076 29.5
2.0765 29.0363
2.08224 28.898
2.08797 29
2.09371 28.7576
2.09945 30.8757
2.10518 28.8492
2.11092 28.615
2.11665 27.7641
2.12239 27.5266
2.12813 24.4201
2.13386 29.6617
2.1396 29.8844
2.14534 27.3026
2.15107 28.107
2.15681 29.402
2.16254 30.6485
2.16828 28.7065
2.17402 29.3602
2.17975 28.01
2.18549 30.8571
2.19122 29.7228
2.19696 31.5347
2.2027 33.7756
2.20843 45.3034
2.21417 64.8443
2.21991 69.047
2.22564 43.2951
2.23138 37.4455
2.23711 34.7295
2.24285 34.2067
2.24859 30.9583
2.25432 34.1187
2.26006 31.9854
2.2658 31.9946
2.27153 31.3953
2.27727 33.4645
2.283 30.1493
2.28874 30.5784
2.29448 32.8378
2.30021 31.0474
2.30595 31.8434
2.31168 34.5463
2.31742 35.087
2.32316 36.4375
2.32889 39.3364
2.33463 40.338
2.34037 41.3146
2.3461 45.6321
2.35184 46.9729
2.35757 48.8922
2.36331 48.0561
2.36905 49.4101
2.37478 47.2793
2.38052 44.8157
2.38626 41.7576
2.39199 39.9444
2.39773 40.6377
2.40346 39.4977
2.4092 35.6099
2.41494 38.0633
2.42067 35.5622
2.42641 33.7512
2.43214 35.0563
2.43788 33.3623
2.44362 33.3789
2.44935 34.1373
2.45509 34.108
2.46083 33.9631
2.46656 35.2489
2.4723 34.0924
2.47803 33.0977
2.48377 35.1327
2.48951 35.1111
2.49524 32.0679
2.50098 33.4509
2.50672 35.3584
2.51245 34.8197
2.51819 33.5694
2.52392 35.126
2.52966 33.7992
2.5354 34.8889
2.54113 33.6583
2.54687 33.7922
2.5526 35.6822
2.55834 35.8829
2.56408 36.2723
2.56981 36.1322
2.57555 35.4027
2.58129 33.3593
2.58702 35.5063
2.59276 34.4609
2.59849 34.5339
2.60423 33.5466
2.60997 35.8174
2.6157 38.3624
2.62144 35.8672
2.62718 35.2979
2.63291 35.5188
2.63865 33.9142
2.64438 36.856
2.65012 34.352
2.65586 36.7098
2.66159 35.0514
2.66733 35.9057
2.67306 35.6511
2.6788 34.4727
2.68454 36.3529
2.69027 34.6627
2.69601 36.6043
2.70175 41.2109
2.70748 41.0905
2.71322 38.3713
2.71895 40.3103
2.72469 40.3621
2.73043 38.6417
2.73616 38.7458
2.7419 38.1128
2.74764 37.1542
2.75337 37.5887
2.75911 37.4829
2.76484 36.1905
2.77058 36.642
2.77632 36.9459
2.78205 37.869
2.78779 34.5676
2.79352 37.8279
2.79926 37.8195
2.805 37.3815
2.81073 37.6405
2.81647 36.5852
2.82221 37.4867
2.82794 37.0119
2.83368 35.7208
2.83941 37.6751
2.84515 36.904
2.85089 38.2171
2.85662 37.7528
2.86236 38.4656
2.8681 38.4878
2.87383 38.3283
2.87957 37.4712
2.8853 36.7631
2.89104 38.5361
2.89678 37.6113
2.90251 39.4943
2.90825 36.5394
2.91398 39.4416
2.91972 38.3466
2.92546 40.0541
2.93119 41.2792
2.93693 40.4946
2.94267 39.855
2.9484 40.0264
2.95414 41.1556
2.95987 39.0647
2.96561 39.7538
2.97135 41.1103
2.97708 42.7199
2.98282 42.0598
2.98856 45.4071
2.99429 43.9786
3.00003 43.1375
3.00576 41.5437
3.0115 41.8971
3.01724 43.4187
3.02297 42.6565
3.02871 39.4496
3.03444 40.1864
3.04018 41.6043
3.04592 41.3529
3.05165 42.9498
3.05739 45.0071
3.06313 44.2724
3.06886 44.3074
3.0746 44.8526
3.08033 45.971
3.08607 46.9787
3.09181 51.2826
3.09754 54.1073
3.10328 59.8947
3.10902 63.8733
3.11475 62.8203
3.12049 58.1026
3.12622 55.0356
3.13196 55.6441
3.1377 58.58
3.14343 65.4571
3.14917 60.1765
3.1549 52.9113
3.16064 51.1765
3.16638 49.8746
3.17211 53.1562
3.17785 51.8464
3.18359 52.2688
3.18932 53.9133
3.19506 51.6936
3.20079 51.4572
3.20653 52.785
3.21227 52.1229
3.218 52.0868
3.22374 53.8021
3.22948 55.3043
3.23521 54.0525
3.24095 53.974
3.24668 55.6698
3.25242 54.0467
3.25816 54.8345
3.26389 57.429
3.26963 55.2192
3.27536 57.3663
3.2811 59.2757
3.28684 59.4688
3.29257 61.6393
3.29831 64.0893
3.30405 68.3141
3.30978 71.8984
3.31552 74.6711
3.32125 78.5051
3.32699 84.2359
3.33273 83.6891
3.33846 82.9862
3.3442 79.7962
3.34994 79.3368
3.35567 76.5282
3.36141 75.6972
3.36714 73.0385
3.37288 70.43
3.37862 69.3379
3.38435 68.8554
3.39009 69.2121
3.39582 69.1046
3.40156 68.3239
3.4073 71.0952
3.41303 71.7591
3.41877 75.2739
3.42451 75.6502
3.43024 73.6847
3.43598 70.9142
3.44171 71.2069
3.44745 71.4643
3.45319 72.2257
3.45892 71.7161
3.46466 71.5449
3.4704 71.8306
3.47613 71.4735
3.48187 73.1536
3.4876 75.7206
3.49334 74.727
3.49908 74.7739
3.50481 77.203
3.51055 79.0906
3.51628 81.7355
3.52202 86.44
3.52776 93.8385
3.53349 105.597
3.53923 127.377
3.54497 156.103
3.5507 173.679
3.55644 162.945
3.56217 133.651
3.56791 111.918
3.57365 102.189
3.57938 95.5234
3.58512 94.9538
3.59086 91.1083
3.59659 93.6327
3.60233 94.4956
3.60806 94.803
3.6138 95.0698
3.61954 99.5075
3.62527 103.464
3.63101 110.583
3.63674 122.311
3.64248 140.41
3.64822 157.133
3.65395 164.293
3.65969 164.953
3.66543 155.937
3.67116 148.11
3.6769 147.512
3.68263 148.507
3.68837 147.702
3.69411 145.551
3.69984 142.907
3.70558 142.555
3.71132 145.003
3.71705 147.035
3.72279 148.994
3.72852 150.988
3.73426 156.373
3.74 157.758
3.74573 162.845
3.75147 164.723
3.7572 169.441
3.76294 176.814
3.76868 182.255
3.77441 187.631
3.78015 196.379
3.78589 205.315
3.79162 216.91
3.79736 233.828
3.80309 246.536
3.80883 262.113
3.81457 292.662
3.8203 318.179
3.82604 355.07
3.83178 424.934
3.83751 606.346
3.84325 1132.2
3.84898 2096.06
3.85472 2772.68
3.86046 1796.23
3.86619 1420.15
3.87193 1593.77
3.87766 1975.93
3.8834 2554.37
3.88914 3268.86
3.89487 3883.25
3.90061 3669.69
3.90635 2949.2
3.91208 2199.82
3.91782 1539.95
3.92355 1140.8
3.92929 886.115
3.93503 700.621
3.94076 579.366
3.9465 495.27
3.95224 437.019
3.95797 388.596
3.96371 353.472
3.96944 325.943
3.97518 302.286
3.98092 282.269
3.98665 265.583
3.99239 250.951
3.99812 237.434
4.00386 228.828
4.0096 223.959
4.01533 216.339
4.02107 209.32
4.02681 205.306
4.03254 206.107
4.03828 201.962
4.04401 200.623
4.04975 193.93
4.05549 186.101
4.06122 179.402
4.06696 174.385
4.0727 171.148
4.07843 169.938
4.08417 164.791
4.0899 161.57
4.09564 161.721
4.10138 159.633
4.10711 158.865
4.11285 158.587
4.11858 154.925
4.12432 154.771
4.13006 155.535
4.13579 151.951
4.14153 152.767
4.14727 153.01
4.153 150.714
4.15874 149.133
4.16447 151.033
4.17021 150.247
4.17595 147.442
4.18168 146.667
4.18742 148.481
4.19316 149.816
4.19889 148.267
4.20463 148.606
4.21036 147.087
4.2161 147.509
4.22184 148.243
4.22757 146.648
4.23331 145.76
4.23904 147.046
4.24478 147.323
4.25052 147.053
4.25625 148.163
4.26199 147.952
4.26773 150.639
4.27346 151.013
4.2792 152.367
4.28493 155.499
4.29067 156.619
4.29641 157.014
4.30214 157.309
4.30788 162.173
4.31362 163.22
4.31935 167.102
4.32509 170.178
4.33082 175.127
4.33656 182.392
4.3423 182.79
4.34803 188.193
4.35377 193.689
4.3595 201.946
4.36524 208.039
4.37098 215.425
4.37671 223.829
4.38245 233.08
4.38819 243.702
4.39392 262.029
4.39966 270.278
4.40539 293.481
4.41113 317.183
4.41687 352.585
4.4226 414.627
4.42834 528.807
4.43408 879.973
4.43981 1971.43
4.44555 4757.73
4.45128 15093
4.45702 17018.6
4.46276 7274.77
4.46849 2751.33
4.47423 1602.88
4.47996 1131.3
4.4857 1049.31
4.49144 1025.85
4.49717 997.707
4.50291 1012.67
4.50865 942.312
4.51438 836.524
4.52012 716.735
4.52585 595.909
4.53159 502.705
4.53733 427.009
4.54306 367.681
4.5488 323.728
4.55454 287.955
4.56027 261.38
4.56601 238.423
4.57174 221.005
4.57748 205
4.58322 192.745
4.58895 181.755
4.59469 171.542
4.60042 163.632
4.60616 158.353
4.6119 152.966
4.61763 149.131
4.62337 148.298
4.62911 146.802
4.63484 142.748
4.64058 136.124
4.64631 127.656
4.65205 124.196
4.65779 121.911
4.66352 116.13
4.66926 116.435
4.675 114.869
4.68073 113.307
4.68647 113.626
4.6922 114.913
4.69794 115.346
4.70368 115.501
4.70941 117.02
4.71515 115.068
4.72088 115.436
4.72662 117.965
4.73236 118.023
4.73809 118.51
4.74383 118.076
4.74957 115.962
4.7553 113.045
4.76104 108.068
4.76677 105.528
4.77251 102.72
4.77825 99.7977
4.78398 97.7733
4.78972 95.2632
4.79546 94.0067
4.80119 88.2539
4.80693 89.2327
4.81266 87.5333
4.8184 88.446
4.82414 87.0156
4.82987 83.7868
4.83561 84.1298
4.84134 85.3478
4.84708 87.6158
4.85282 88.3248
4.85855 86.5198
4.86429 83.0888
4.87003 79.8891
4.87576 80.7622
4.8815 80.7257
4.88723 80.2974
4.89297 77.9692
4.89871 79.5853
4.90444 78.648
4.91018 78.7597
4.91592 79.781
4.92165 79.5368
4.92739 76.331
4.93312 77.163
4.93886 76.3895
4.9446 76.6736
4.95033 76.6247
4.95607 75.956
4.9618 76.9531
4.96754 77.1697
4.97328 75.3927
4.97901 82.0812
4.98475 79.2617
4.99049 75.518
4.99622 75
5.00196 74.6067
5.00769 74.7871
5.01343 74.3753
5.01917 74.3797
5.0249 73.6993
5.03064 72.2765
5.03638 70.8983
5.04211 73.463
5.04785 73.6803
5.05358 72.8098
5.05932 73.6976
5.06506 74.1319
5.07079 73.7661
5.07653 71.7176
5.08226 73.4605
5.088 73.0505
5.09374 71.7848
5.09947 73.2261
5.10521 72.2851
5.11095 72.391
5.11668 72.5845
5.12242 71.9298
5.12815 73.5244
5.13389 73.2121
5.13963 72.7866
5.14536 73.6717
5.1511 72.5876
5.15684 74.7623
5.16257 74.3978
5.16831 75.2463
5.17404 74.9798
5.17978 76.3991
5.18552 73.8871
5.19125 74.7992
5.19699 71.8541
5.20272 73.0875
5.20846 71.5051
5.2142 71.8206
5.21993 72.7714
5.22567 71.3126
5.23141 73.338
5.23714 73.2166
5.24288 72.5331
5.24861 74.089
5.25435 74.2238
5.26009 74.2324
5.26582 73.0874
5.27156 75
5.2773 74.15
5.28303 74.7794
5.28877 74.9083
5.2945 76.0082
5.30024 76.185
5.30598 76.5364
5.31171 76.4329
5.31745 75.3631
5.32318 75.4198
5.32892 73.7936
5.33466 75.9796
5.34039 74.6117
5.34613 75.4151
5.35187 74.846
5.3576 73.93
5.36334 74.7611
5.36907 75.2631
5.37481 76.7863
5.38055 79.9189
5.38628 85.5626
5.39202 94.6206
5.39776 99.4637
5.40349 96.3862
5.40923 88.935
5.41496 81.3854
5.4207 78.0187
5.42644 76.2315
5.43217 74.9533
5.43791 74.7323
5.44364 75.7879
5.44938 77.9335
5.45512 77.9598
5.46085 78.0973
5.46659 77.2184
5.47233 74.5444
5.47806 74.5208
5.4838 73.7192
5.48953 74.5742
5.49527 73.8448
5.50101 73.7568
5.50674 74.3491
5.51248 74.4672
5.51822 73.2285
5.52395 73.2096
5.52969 74.0396
5.53542 74.8393
5.54116 74.5221
5.5469 75.0355
5.55263 74.5725
5.55837 75.6463
5.5641 73.6312
5.56984 73.9048
5.57558 74.7676
5.58131 76.5208
5.58705 74.771
5.59279 75.5706
5.59852 74.5688
5.60426 74.6716
5.60999 75.8791
5.61573 75.6078
5.62147 76.9557
5.6272 76.7242
5.63294 77.6731
5.63868 77.3614
5.64441 77.2191
5.65015 74.4151
5.65588 76.7748
5.66162 76.045
5.66736 78.0058
5.67309 77.3193
5.67883 78.7465
5.68456 77.3855
5.6903 77.8318
5.69604 79.004
5.70177 79.0564
5.70751 80.1846
5.71325 82.2197
5.71898 82.1118
5.72472 83.2256
5.73045 82.7077
5.73619 82.1779
5.74193 83.563
5.74766 83.4605
5.7534 84.0594
5.75914 86.3057
5.76487 86.1835
5.77061 89.1062
5.77634 90.325
5.78208 87.9093
5.78782 90.733
5.79355 90.4387
5.79929 89.4725
5.80502 88.6979
5.81076 88.7004
5.8165 91.0308
5.82223 88.0596
5.82797 86.7721
5.83371 88.1198
5.83944 88.6389
5.84518 89.2674
5.85091 87.9514
5.85665 88.8607
5.86239 90.5602
5.86812 90.4928
5.87386 91.0112
5.8796 89.4865
5.88533 89.3743
5.89107 90.517
5.8968 90.2085
5.90254 92.071
5.90828 91.6334
5.91401 93.1343
5.91975 93.0954
5.92548 92.0893
5.93122 93.6469
5.93696 92.9478
5.94269 94.2764
5.94843 95.3351
5.95417 97.4857
5.9599 96.9002
5.96564 98.4162
5.97137 100.489
5.97711 100.608
5.98285 101.483
5.98858 103.047
5.99432 105.053
6.00006 107.603
6.00579 111.26
6.01153 115.708
6.01726 116.67
6.023 117.094
6.02874 115.07
6.03447 112.478
6.04021 112.664
6.04594 110.54
6.05168 112.797
6.05742 112.101
6.06315 113.168
6.06889 115.568
6.07463 116.375
6.08036 117.124
6.0861 119.054
6.09183 121.149
6.09757 123.668
6.10331 122.31
6.10904 125.539
6.11478 126.228
6.12052 126.167
6.12625 128.59
6.13199 130.975
6.13772 133.333
6.14346 133.125
6.1492 135.071
6.15493 137.778
6.16067 139.923
6.1664 142.385
6.17214 145.235
6.17788 150.799
6.18361 152.609
6.18935 158.031
6.19509 165.535
6.20082 166.252
6.20656 175.636
6.21229 184.049
6.21803 194.067
6.22377 198.866
6.2295 208.025
6.23524 214.604
6.24098 217.141
6.24671 219.945
6.25245 235.507
6.25818 246.717
6.26392 266.214
6.26966 302.357
6.27539 391.939
6.28113 519.257
6.28686 1348.74
6.2926 3102.52
6.29834 6563.66
6.30407 7707.1
6.30981 8989.12
6.31555 3038.82
6.32128 1519.43
6.32702 835.605
6.33275 638.097
6.33849 572.704
6.34423 548.605
6.34996 564.855
6.3557 610.205
6.36144 677.929
6.36717 774.963
6.37291 859.691
6.37864 871.883
6.38438 801.269
6.39012 700.018
6.39585 600.037
6.40159 502.569
6.40732 427.076
6.41306 366.411
6.4188 323.778
6.42453 290.442
6.43027 266.842
6.43601 250.024
6.44174 235.601
6.44748 227.305
6.45321 218.159
6.45895 215.46
6.46469 212.88
6.47042 209.271
6.47616 201.847
6.4819 188.503
6.48763 180.127
6.49337 176.259
6.4991 170.25
6.50484 166.902
6.51058 163.057
6.51631 163.529
6.52205 158.061
6.52778 155.778
6.53352 155.754
6.53926 152.052
6.54499 151.661
6.55073 151.497
6.55647 152.782
6.5622 152.838
6.56794 155.632
6.57367 155.255
6.57941 154.897
6.58515 153.008
6.59088 149.469
6.59662 142.653
6.60236 141.322
6.60809 138.873
6.61383 140.475
6.61956 136.987
6.6253 137.63
6.63104 137.068
6.63677 135.581
6.64251 135.007
6.64824 135.764
6.65398 136.562
6.65972 136.375
6.66545 137.769
6.67119 138.608
6.67693 139.07
6.68266 137.966
6.6884 138.285
6.69413 138.07
6.69987 136.456
6.70561 135.814
6.71134 134.051
6.71708 133.955
6.72282 133.646
6.72855 131.534
6.73429 132.737
6.74002 131.866
6.74576 130.162
6.7515 128.987
6.75723 129.232
6.76297 129.156
6.7687 129.616
6.77444 129.807
6.78018 127.819
6.78591 128.268
6.79165 128.91
6.79739 130.372
6.80312 138.116
6.80886 148.559
6.81459 139.029
6.82033 136.351
6.82607 128.821
6.8318 127.366
6.83754 126.519
6.84328 126.075
6.84901 125.94
6.85475 127.087
6.86048 126.819
6.86622 126.852
6.87196 127.398
6.87769 126.176
6.88343 126.247
6.88916 123.762
6.8949 125.775
6.90064 125.628
6.90637 126.724
6.91211 127.081
6.91785 124.483
6.92358 124.926
6.92932 125.077
6.93505 125.767
6.94079 125.548
6.94653 126.339
6.95226 126.486
6.958 124.928
6.96374 124.772
6.96947 127.805
6.97521 125.998
6.98094 126.014
6.98668 126.539
6.99242 127.851
6.99815 127.301
7.00389 126.201
7.00962 127.318
7.01536 126.638
7.0211 127.565
7.02683 127.452
7.03257 128.308
7.03831 131.073
7.04404 128.835
7.04978 129.109
7.05551 128.047
7.06125 128.977
7.06699 129.888
7.07272 129.69
7.07846 131.592
7.0842 131.934
7.08993 131.155
7.09567 135.137
7.1014 134.635
7.10714 136.96
7.11288 137.122
7.11861 138.645
7.12435 139.329
7.13008 138.039
7.13582 136.275
7.14156 136.195
7.14729 136.76
7.15303 137.381
7.15877 136.458
7.1645 138.728
7.17024 137.006
7.17597 137.403
7.18171 137.965
7.18745 139.969
7.19318 139.731
7.19892 140.235
7.20466 142.451
7.21039 142.171
7.21613 143.97
7.22186 145.172
7.2276 146.914
7.23334 147.013
7.23907 147.799
7.24481 148.83
7.25054 149.928
7.25628 150.03
7.26202 149.448
7.26775 153.341
7.27349 153.619
7.27923 154.586
7.28496 157.118
7.2907 157.943
7.29643 160.606
7.30217 161.414
7.30791 164.484
7.31364 168.363
7.31938 168.663
7.32512 173.609
7.33085 177.787
7.33659 180.584
7.34232 181.434
7.34806 186.344
7.3538 192.817
7.35953 194.334
7.36527 208.469
7.371 239.116
7.37674 375.798
7.38248 346.623
7.38821 1088.36
7.39395 1016.18
7.39969 1292.39
7.40542 1803.11
7.41116 1056.84
7.41689 618.462
7.42263 443.861
7.42837 399.693
7.4341 400.987
7.43984 405.694
7.44558 432.587
7.45131 477.259
7.45705 540.529
7.46278 616.586
7.46852 716.231
7.47426 804.297
7.47999 854.261
7.48573 835.003
7.49146 744.077
7.4972 634.447
7.50294 535.5
7.50867 447.555
7.51441 380.135
7.52015 331.768
7.52588 294.833
7.53162 265.758
7.53735 245.35
7.54309 227.436
7.54883 214.751
7.55456 203.636
7.5603 196.289
7.56604 186.529
7.57177 179.813
7.57751 174.804
7.58324 170.079
7.58898 167.011
7.59472 163.529
7.60045 159.865
7.60619 157.733
7.61192 155.431
7.61766 153.876
7.6234 150.515
7.62913 150.662
7.63487 148.332
7.64061 148.142
7.64634 147.103
7.65208 146.477
7.65781 145.653
7.66355 143.67
7.66929 145.39
7.67502 145.34
7.68076 144.721
7.6865 145.041
7.69223 146.14
7.69797 148.758
7.7037 148.979
7.70944 157.005
7.71518 192.28
7.72091 250.316
7.72665 335.628
7.73238 519.244
7.73812 229.649
7.74386 175.873
7.74959 189.242
7.75533 183.885
7.76107 186.494
7.7668 193.749
7.77254 201.793
7.77827 217.219
7.78401 235.036
7.78975 257.588
7.79548 289.206
7.80122 325.219
7.80696 353.667
7.81269 375.309
7.81843 361.525
7.82416 327.402
7.8299 288.335
7.83564 246.792
7.84137 216.834
7.84711 192.484
7.85284 173.966
7.85858 161.417
7.86432 151.864
7.87005 145.224
7.87579 138.328
7.88153 134.73
7.88726 131.113
7.893 128.909
7.89873 124.861
7.90447 125.067
7.91021 125.375
7.91594 123.98
7.92168 124.522
7.92742 119.626
7.93315 115.668
7.93889 114.999
7.94462 112.377
7.95036 114.097
7.9561 111.855
7.96183 110.237
7.96757 109.575
7.9733 109.847
7.97904 108.77
7.98478 109.608
7.99051 107.46
7.99625 107.356
8.00199 105.964
8.00772 104.139
8.01346 106.121
8.01919 105.657
8.02493 103.91
8.03067 104.967
8.0364 104.948
8.04214 104.584
8.04788 103.092
8.05361 103.191
8.05935 101.753
8.06508 102.594
8.07082 103.228
8.07656 103.206
8.08229 103.689
8.08803 105.09
8.09376 104.319
8.0995 101.194
8.10524 100.081
8.11097 97.572
8.11671 95.3438
8.12245 93.1655
8.12818 95.7984
8.13392 91.0304
8.13965 88.8451
8.14539 88.9764
8.15113 88.1822
8.15686 81.3566
8.1626 85.0499
8.16834 86.6657
8.17407 87.9819
8.17981 88.9094
8.18554 88.5054
8.19128 89.0827
8.19702 89.4065
8.20275 88.9967
8.20849 90.6814
8.21422 89.2808
8.21996 88.1043
8.2257 88.44
8.23143 88.0489
8.23717 85.5471
8.24291 88.7394
8.24864 88.5142
8.25438 88.8905
8.26011 90.3561
8.26585 88.9381
8.27159 88.354
8.27732 88.0979
8.28306 86.3815
8.2888 86.7328
8.29453 88.1247
8.30027 86.7168
8.306 86.7623
8.31174 85.7747
8.31748 88.9256
8.32321 86.243
8.32895 85.0145
8.33468 86.2206
8.34042 87.7335
8.34616 84.7983
8.35189 83.905
8.35763 84.8004
8.36337 84.442
8.3691 84.174
8.37484 85.7735
8.38057 84.5333
8.38631 83.7035
8.39205 83.9619
8.39778 83.5466
8.40352 84.2558
8.40926 85.7696
8.41499 86.139
8.42073 88.2762
8.42646 91.2066
8.4322 95.301
8.43794 95.1169
8.44367 95.2993
8.44941 90.2124
8.45514 87.2568
8.46088 86.9949
8.46662 85.969
8.47235 81.7507
8.47809 84.1197
8.48383 83.5099
8.48956 83.672
8.4953 83.9778
8.50103 82.2385
8.50677 83.856
8.51251 82.3304
8.51824 83.6695
8.52398 82.3099
8.52972 83.6737
8.53545 81.8087
8.54119 84.3243
8.54692 83.2545
8.55266 84.4665
8.5584 84.8617
8.56413 83.6416
8.56987 81.8328
8.5756 83.4498
8.58134 80.6378
8.58708 81.2492
8.59281 81.2296
8.59855 83.0703
8.60429 80.9727
8.61002 80.5968
8.61576 81.8834
8.62149 83.3215
8.62723 81.2347
8.63297 81.0952
8.6387 80.388
8.64444 82.0738
8.65018 81.9759
8.65591 83.1119
8.66165 76.6604
8.66738 83.5303
8.67312 81.5166
8.67886 79.3295
8.68459 80.6105
8.69033 77.7649
8.69606 84.3818
8.7018 81.9297
8.70754 80.98
8.71327 82.9502
8.71901 80.4635
8.72475 83.4496
8.73048 82.6169
8.73622 85.4655
8.74195 86.254
8.74769 85.2585
8.75343 85.6154
8.75916 82.4746
8.7649 80.8945
8.77064 83.2754
8.77637 80.817
8.78211 80.5092
8.78784 80.9563
8.79358 79.936
8.79932 82.5833
8.80505 81.3474
8.81079 82.5961
8.81652 82.1137
8.82226 81.1451
8.828 83.1574
8.83373 86.1512
8.83947 83.6738
8.84521 85.0488
8.85094 82.5904
8.85668 87.1487
8.86241 85.1641
8.86815 82.6379
8.87389 85.2667
8.87962 82.8324
8.88536 85.989
8.8911 85.1497
8.89683 83.9259
8.90257 87.0765
8.9083 85.5434
8.91404 87.1375
8.91978 90.9257
8.92551 97.9618
8.93125 104.079
8.93698 107.699
8.94272 104.436
8.94846 105.739
8.95419 100.101
8.95993 100.527
8.96567 98.2857
8.9714 95.0472
8.97714 101.734
8.98287 99.2448
8.98861 97.3259
8.99435 99.9241
9.00008 100.872
9.00582 102.862
9.01156 110.588
9.01729 106.943
9.02303 112.264
9.02876 118.846
9.0345 114.935
9.04024 113.922
9.04597 118.163
9.05171 104.543
9.05744 102.479
9.06318 105.893
9.06892 96.958
9.07465 98.4792
9.08039 91.1453
9.08613 90.3458
9.09186 91.8125
9.0976 87.2885
9.10333 88.0625
9.10907 88.2857
9.11481 83.0521
9.12054 89.1591
9.12628 83.0714
9.13202 80.6463
9.13775 83.9891
9.14349 83.0119
9.14922 87.2073
9.15496 84.4024
9.1607 81.0405
9.16643 74.075
9.17217 79.8356
9.1779 81.0395
9.18364 76
9.18938 77.1029
9.19511 79.0588
9.20085 77.7619
9.20659 77.5846
9.21232 79.4
9.21806 74.8361
9.22379 77.2545
9.22953 75.6
9.23527 70.2076
9.241 75.6071
9.24674 71.898
9.25248 75.3191
9.25821 66.8889
9.26395 73.2955
9.26968 71.4186
9.27542 70.359
9.28116 68.55
9.28689 66.7429
9.29263 61.5455
9.29836 70.303
9.3041 58.1818
9.30984 59.2143
9.31557 51.037
9.32131 53.3704
9.32705 50.85
9.33278 53.3478
9.33852 46.3158
9.34425 47
9.34999 38.0588
9.35573 44.7857
9.36146 43.6364
9.3672 32.2727
9.37294 31.75
9.37867 19.8889
9.38441 20.3333
9.39014 14
9.39588 0
9.40162 0
9.40735 0
9.41309 0
9.41882 0
9.42456 0
9.4303 0
9.43603 0
9.44177 0
9.44751 0
9.45324 0
9.45898 0
9.46471 0
9.47045 0
9.47619 0
9.48192 0
9.48766 0
9.4934 0
9.49913 0
9.50487 0
9.5106 0
9.51634 0
9.52208 0
9.52781 0
9.53355 0
9.53928 0
9.54502 0
9.55076 0
9.55649 0
9.56223 0
9.56797 0
9.5737 0
9.57944 0
9.58517 0
9.59091 0
9.59665 0
9.60238 0
9.60812 0
9.61386 0
9.61959 0
9.62533 0
9.63106 0
9.6368 0
9.64254 0
9.64827 0
9.65401 0
9.65974 0
9.66548 0
9.67122 0
9.67695 0
9.68269 0
9.68843 0
9.69416 0
9.6999 0
9.70563 0
9.71137 0
9.71711 0
9.72284 0
9.72858 0
9.73432 0
9.74005 0
9.74579 0
9.75152 0
9.75726 0
9.763 0
9.76873 0
9.77447 0
9.7802 0
9.78594 0
9.79168 0
9.79741 0
9.80315 0
9.80889 0
9.81462 0
9.82036 0
9.82609 0
9.83183 0
9.83757 0
9.8433 0
9.84904 0
9.85478 0
9.86051 0
9.86625 0
9.87198 0
9.87772 0
9.88346 0
9.88919 0
9.89493 0
9.90066 0
9.9064 0
9.91214 0
9.91787 0
9.92361 0
9.92935 0
9.93508 0
9.94082 0
9.94655 0
9.95229 0
9.95803 0
9.96376 0
9.9695 0
9.97524 0
9.98097 0
9.98671 0
9.99244 0
9.99818 0
10.0039 0
10.0097 0
10.0154 0
10.0211 0
10.0269 0
10.0326 0
10.0383 0
10.0441 0
10.0498 0
10.0555 0
10.0613 0
10.067 0
10.0728 0
10.0785 0
10.0842 0
10.09 0
10.0957 0
10.1014 0
10.1072 0
10.1129 0
10.1186 0
10.1244 0
10.1301 0
10.1358 0
10.1416 0
10.1473 0
10.1531 0
10.1588 0
10.1645 0
10.1703 0
10.176 0
10.1817 0
10.1875 0
10.1932 0
10.1989 0
10.2047 0
10.2104 0
10.2162 0
10.2219 0
10.2276 0
10.2334 0
10.2391 0
10.2448 0
10.2506 0
10.2563 0
10.262 0
10.2678 0
10.2735 0
10.2793 0
10.285 0
10.2907 0
10.2965 0
10.3022 0
10.3079 0
10.3137 0
10.3194 0
10.3251 0
10.3309 0
10.3366 0
10.3424 0
10.3481 0
10.3538 0
10.3596 0
10.3653 0
10.371 0
10.3768 0
10.3825 0
10.3882 0
10.394 0
10.3997 0
10.4054 0
10.4112 0
10.4169 0
10.4227 0
10.4284 0
10.4341 0
10.4399 0
10.4456 0
10.4513 0
10.4571 0
10.4628 0
10.4685 0
10.4743 0
10.48 0
10.4858 0
10.4915 0
10.4972 0
10.503 0
10.5087 0
10.5144 0
10.5202 0
10.5259 0
10.5316 0
10.5374 0
10.5431 0
10.5489 0
10.5546 0
10.5603 0
10.5661 0
10.5718 0
10.5775 0
10.5833 0
10.589 0
10.5947 0
10.6005 0
10.6062 0
10.612 0
10.6177 0
10.6234 0
10.6292 0
10.6349 0
10.6406 0
10.6464 0
10.6521 0
10.6578 0
10.6636 0
10.6693 0
10.6751 0
10.6808 0
10.6865 0
10.6923 0
10.698 0
10.7037 0
10.7095 0
10.7152 0
10.7209 0
10.7267 0
10.7324 0
10.7381 0
10.7439 0
10.7496 0
10.7554 0
10.7611 0
10.7668 0
10.7726 0
10.7783 0
10.784 0
10.7898 0
10.7955 0
10.8012 0
10.807 0
10.8127 0
10.8185 0
10.8242 0
10.8299 0
10.8357 0
10.8414 0
10.8471 0
10.8529 0
10.8586 0
10.8643 0
10.8701 0
10.8758 0
10.8816 0
10.8873 0
10.893 0
10.8988 0
10.9045 0
10.9102 0
10.916 0
10.9217 0
10.9274 0
10.9332 0
10.9389 0
10.9447 0
10.9504 0
10.9561 0
10.9619 0
10.9676 0
10.9733 0
10.9791 0
10.9848 0
10.9905 0
10.9963 0
11.002 0
11.0077 0
11.0135 0
11.0192 0
11.025 0
11.0307 0
11.0364 0
11.0422 0
11.0479 0
11.0536 0
11.0594 0
11.0651 0
11.0708 0
11.0766 0
11.0823 0
11.0881 0
11.0938 0
11.0995 0
11.1053 0
11.111 0
11.1167 0
11.1225 0
11.1282 0
11.1339 0
11.1397 0
11.1454 0
11.1512 0
11.1569 0
11.1626 0
11.1684 0
11.1741 0
11.1798 0
11.1856 0
11.1913 0
11.197 0
11.2028 0
11.2085 0
11.2143 0
11.22 0
11.2257 0
11.2315 0
11.2372 0
11.2429 0
11.2487 0
11.2544 0
11.2601 0
11.2659 0
11.2716 0
11.2774 0
11.2831 0
11.2888 0
11.2946 0
11.3003 0
11.306 0
11.3118 0
11.3175 0
11.3232 0
11.329 0
11.3347 0
11.3404 0
11.3462 0
11.3519 0
11.3577 0
11.3634 0
11.3691 0
11.3749 0
11.3806 0
11.3863 0
11.3921 0
11.3978 0
11.4035 0
11.4093 0
11.415 0
11.4208 0
11.4265 0
11.4322 0
11.438 0
11.4437 0
11.4494 0
11.4552 0
11.4609 0
11.4666 0
11.4724 0
11.4781 0
11.4839 0
11.4896 0
11.4953 0
11.5011 0
11.5068 0
11.5125 0
11.5183 0
11.524 0
11.5297 0
11.5355 0
11.5412 0
11.547 0
11.5527 0
11.5584 0
11.5642 0
11.5699 0
11.5756 0
11.5814 0
11.5871 0
11.5928 0
11.5986 0
11.6043 0
11.61 0
11.6158 0
11.6215 0
11.6273 0
11.633 0
11.6387 0
11.6445 0
11.6502 0
11.6559 0
11.6617 0
11.6674 0
11.6731 0
11.6789 0
11.6846 0
11.6904 0
11.6961 0
11.7018 0
11.7076 0
11.7133 0
11.719 0
11.7248 0
11.7305 0
11.7362 0
11.742 0
