0 0
0.00573619 1
0.0114724 -14
0.0172086 10.5
0.0229448 2.66667
0.028681 15
0.0344171 -15.5
0.0401533 -3.6
0.0458895 -6
0.0516257 -11.3333
0.0573619 4.83333
0.0630981 -5.71429
0.0688343 3.28571
0.0745705 -8.83333
0.0803067 -6.44444
0.0860429 10.1111
0.091779 14.25
0.0975152 4.07692
0.103251 4.88889
0.108988 0.555556
0.114724 9.7
0.12046 3.18182
0.126196 -4.93333
0.131932 2.625
0.137669 2.4
0.143405 5.07692
0.149141 10.8462
0.154877 5.9375
0.160613 2.46667
0.16635 2.93333
0.172086 4.41667
0.177822 2.73684
0.183558 -0.411765
0.189294 4.21429
0.19503 3.7619
0.200767 0.142857
0.206503 1.64706
0.212239 1.11111
0.217975 -2.04762
0.223711 -3.23529
0.229448 0.125
0.235184 0.26087
0.24092 1.04545
0.246656 5.5
0.252392 -1.08
0.258129 -0.592593
0.263865 3.7619
0.269601 2.33333
0.275337 -0.896552
0.281073 0.8
0.28681 0.833333
0.292546 -0.36
0.298282 0.413793
0.304018 -0.0740741
0.309754 8.23333
0.31549 0.935484
0.321227 0.148148
0.326963 2.03333
0.332699 -1.80645
0.338435 4.33333
0.344171 -2.79167
0.349908 -3.4
0.355644 1.02857
0.36138 3.67742
0.367116 -0.647059
0.372852 0.181818
0.378589 3.24324
0.384325 7.28125
0.390061 2.61538
0.395797 -2.4359
0.401533 4.88462
0.40727 6.25581
0.413006 0.540541
0.418742 5.3
0.424478 8.35294
0.430214 8.22222
0.43595 8.2439
0.441687 16.3438
0.447423 12.0426
0.453159 10.1538
0.458895 8.95349
0.464631 12.8636
0.470368 9.36585
0.476104 11.4255
0.48184 12.8056
0.487576 8.92308
0.493312 11.7073
0.499049 9.8
0.504785 11.7719
0.510521 12.9556
0.516257 15.7209
0.521993 19.2045
0.52773 10.5094
0.533466 11.9111
0.539202 10.75
0.544938 15.902
0.550674 18.7692
0.55641 12.6042
0.562147 14.3725
0.567883 14.5263
0.573619 15.6
0.579355 14.6296
0.585091 11.6491
0.590828 8.18868
0.596564 14.0417
0.6023 10.3929
0.608036 11.0615
0.613772 12
0.619509 11.5
0.625245 13.5763
0.630981 16.2364
0.636717 15.2586
0.642453 10.4386
0.64819 14.2222
0.653926 17
0.659662 13.5385
0.665398 15.8594
0.671134 17.3333
0.67687 19.871
0.682607 18.1746
0.688343 16.9403
0.694079 25.5741
0.699815 15.8261
0.705551 18.1077
0.711288 15.0545
0.717024 16.8649
0.72276 18.0492
0.728496 14.1429
0.734232 21.875
0.739969 17.4493
0.745705 13.7746
0.751441 16.3448
0.757177 18.4935
0.762913 15.1343
0.76865 20.0725
0.774386 16.4853
0.780122 15.9589
0.785858 13.0649
0.791594 15.2667
0.79733 17.1463
0.803067 16.029
0.808803 16.6714
0.814539 19.9383
0.820275 20.4789
0.826011 16.8182
0.831748 18.6667
0.837484 14.6118
0.84322 15.2286
0.848956 17.0417
0.854692 16.9176
0.860429 17.5309
0.866165 18.7123
0.871901 14.5375
0.877637 20.5301
0.883373 16.5325
0.88911 16.3846
0.894846 15.4
0.900582 14.3976
0.906318 15.3378
0.912054 16.9889
0.91779 15.6322
0.923527 15.3636
0.929263 15.8721
0.934999 15.1538
0.940735 16.0864
0.946471 16.2738
0.952208 15.2
0.957944 17.9785
0.96368 14.0385
0.969416 18.2105
0.975152 19.2667
0.980889 15.0235
0.986625 16.2907
0.992361 19.2947
0.998097 15.0737
1.00383 15.775
1.00957 18.9394
1.01531 17.1649
1.02104 15.5238
1.02678 18.5
1.03251 17.4506
1.03825 17.42
1.04399 15.5581
1.04972 15.9901
1.05546 17.1584
1.0612 16.1098
1.06693 17.4393
1.07267 20.2527
1.0784 17.2524
1.08414 19.0714
1.08988 13.61
1.09561 18.7333
1.10135 15.1628
1.10708 19.5091
1.11282 14.5474
1.11856 17.6633
1.12429 17.1333
1.13003 17.8381
1.13577 16.2381
1.1415 18.4118
1.14724 18.4037
1.15297 16.58
1.15871 16.74
1.16445 15.2087
1.17018 16.6286
1.17592 19.7103
1.18166 14.8229
1.18739 16.1681
1.19313 16.6239
1.19886 14.5631
1.2046 14.5304
1.21034 15.0187
1.21607 13.1091
1.22181 16.4727
1.22754 13.6325
1.23328 14.4393
1.23902 19.625
1.24475 12.7395
1.25049 16.9633
1.25623 14.5185
1.26196 14.9915
1.2677 15.7419
1.27343 16.3153
1.27917 17.4068
1.28491 17.178
1.29064 14.2743
1.29638 14.819
1.30212 15.8205
1.30785 16.1597
1.31359 19.8362
1.31932 13.4252
1.32506 13.874
1.3308 13.2845
1.33653 16.119
1.34227 18.2353
1.348 16.7402
1.35374 14.0973
1.35948 16.472
1.36521 15.9389
1.37095 15.1818
1.37669 14.7986
1.38242 16.2869
1.38816 15.458
1.39389 17.2627
1.39963 14.7273
1.40537 17.6744
1.4111 14.1161
1.41684 17.1608
1.42258 16.6593
1.42831 14.0496
1.43405 14.8077
1.43978 15.3926
1.44552 18.0942
1.45126 16.4831
1.45699 16.0284
1.46273 18.2348
1.46846 14.0873
1.4742 14.7552
1.47994 16.2558
1.48567 16.2331
1.49141 16.4538
1.49715 13.255
1.50288 16.3869
1.50862 16.5484
1.51435 14.8082
1.52009 16.9291
1.52583 13.7023
1.53156 16.3556
1.5373 14.7755
1.54304 14.4539
1.54877 18.4706
1.55451 15.8792
1.56024 15.3504
1.56598 13.2429
1.57172 15.7092
1.57745 15.8919
1.58319 15.7234
1.58892 15.6972
1.59466 17.6333
1.6004 14.6434
1.60613 14.2319
1.61187 16.1879
1.61761 17.242
1.62334 15.4286
1.62908 13.1613
1.63481 15.6623
1.64055 13.92
1.64629 14.9384
1.65202 17.596
1.65776 19.106
1.6635 13.6861
1.66923 17.9308
1.67497 15.8834
1.6807 15.0146
1.68644 15.4367
1.69218 15.0247
1.69791 14.8693
1.70365 15.473
1.70938 14.2244
1.71512 14.4601
1.72086 13.125
1.72659 15.9595
1.73233 15.3355
1.73807 14.1242
1.7438 16.0723
1.74954 15.6981
1.75527 15.0244
1.76101 16.9338
1.76675 15.1326
1.77248 15.25
1.77822 16.6327
1.78396 12.7143
1.78969 16.5669
1.79543 15.8671
1.80116 16.1146
1.8069 18.9415
1.81264 15.1497
1.81837 14.3533
1.82411 17.05
1.82984 15.2609
1.83558 17.6061
1.84132 16.3939
1.84705 14.5799
1.85279 18.4737
1.85853 16.05
1.86426 14.2486
1.87 16.0756
1.87573 16.55
1.88147 17.2994
1.88721 15.8488
1.89294 17.8555
1.89868 14.7412
1.90442 17.1379
1.91015 17.9172
1.91589 30.7381
1.92162 35.5936
1.92736 22.2599
1.9331 17.8333
1.93883 18.5698
1.94457 20.7884
1.9503 18.4529
1.95604 18.1279
1.96178 16.1934
1.96751 17.8703
1.97325 15.9018
1.97899 15.7861
1.98472 18.734
1.99046 18.0229
1.99619 16.0604
2.00193 16.4632
2.00767 13.5311
2.0134 15.6337
2.01914 15.6543
2.02488 19.2513
2.03061 18.0339
2.03635 17.1489
2.04208 14.2378
2.04782 16.75
2.05356 15.6022
2.05929 17.337
2.06503 17.825
2.07076 13.7784
2.0765 16.6373
2.08224 15.3061
2.08797 13.9769
2.09371 16.6566
2.09945 16.7838
2.10518 19.0955
2.11092 18.0321
2.11665 17.2103
2.12239 14.3382
2.12813 16.5976
2.13386 16.9801
2.1396 17.5628
2.14534 15.9487
2.15107 18.3957
2.15681 16.9397
2.16254 15.7921
2.16828 13.837
2.17402 18.4408
2.17975 15.22
2.18549 17.3968
2.19122 14.7079
2.19696 18.896
2.2027 18.9561
2.20843 22.8933
2.21417 32.1745
2.21991 38.6573
2.22564 27.776
2.23138 18.8578
2.23711 18.4879
2.24285 17.9904
2.24859 18.4479
2.25432 17.6895
2.26006 18.3107
2.2658 18.1613
2.27153 19.0791
2.27727 18.1943
2.283 16.2189
2.28874 16.1814
2.29448 15.536
2.30021 16.9526
2.30595 17.5758
2.31168 19.2269
2.31742 19.0918
2.32316 19.9856
2.32889 19.3224
2.33463 17.6854
2.34037 21.1549
2.3461 20.2028
2.35184 22.7149
2.35757 22.3284
2.36331 21.8505
2.36905 23.1521
2.37478 22.3514
2.38052 23.6728
2.38626 20.9444
2.39199 22.1197
2.39773 23.4106
2.40346 22.9635
2.4092 24.4753
2.41494 20.4932
2.42067 19.6774
2.42641 19.0599
2.43214 20.4242
2.43788 19.029
2.44362 18.3965
2.44935 20.5794
2.45509 20.3239
2.46083 19.0138
2.46656 18.821
2.4723 19.4958
2.47803 19.8
2.48377 18.2965
2.48951 19.2222
2.49524 20.1357
2.50098 18.4196
2.50672 20.7832
2.51245 21.0987
2.51819 19.4306
2.52392 21.063
2.52966 19.9163
2.5354 19.4815
2.54113 21.1625
2.54687 18.7013
2.5526 20.0975
2.55834 20.0811
2.56408 20.0298
2.56981 19.905
2.57555 18.4796
2.58129 18.3506
2.58702 20.8326
2.59276 17.9959
2.59849 20.072
2.60423 20.8898
2.60997 21.1452
2.6157 19.8945
2.62144 18.6445
2.62718 19.6
2.63291 19.7071
2.63865 19.8283
2.64438 21.1646
2.65012 21.096
2.65586 20.6071
2.66159 20.4348
2.66733 19.9385
2.67306 19.3021
2.6788 17.5
2.68454 19.8782
2.69027 20.5622
2.69601 20.6478
2.70175 21.9492
2.70748 22.177
2.71322 22.73
2.71895 22.7739
2.72469 21.3745
2.73043 21.8386
2.73616 20.9542
2.7419 21.2879
2.74764 22.8063
2.75337 21.2251
2.75911 22.1255
2.76484 19.7222
2.77058 22.7449
2.77632 18.1081
2.78205 22.6667
2.78779 21.6564
2.79352 20.9631
2.79926 21.9098
2.805 18.9679
2.81073 23.5289
2.81647 21.1
2.82221 22.5741
2.82794 21.1349
2.83368 22.6708
2.83941 22.5162
2.84515 20.824
2.85089 20.2093
2.85662 21.2734
2.86236 22.6908
2.8681 21.9837
2.87383 22.5698
2.87957 22.759
2.8853 21.7952
2.89104 22.8859
2.89678 23.6528
2.90251 20.4291
2.90825 21.0827
2.91398 23.4307
2.91972 22.9928
2.92546 24.7297
2.93119 23.1925
2.93693 22.491
2.94267 23.4198
2.9484 24.2906
2.95414 24.2996
2.95987 24.6835
2.96561 24.7269
2.97135 24.5409
2.97708 28.4468
2.98282 34.251
2.98856 65.6214
2.99429 67.4393
3.00003 34.9777
3.00576 29.5817
3.0115 25.2169
3.01724 24.4948
3.02297 25.6794
3.02871 25.2374
3.03444 25.6918
3.04018 24.8993
3.04592 25.9596
3.05165 25.9749
3.05739 26.1943
3.06313 25.0584
3.06886 25.027
3.0746 24.7088
3.08033 26.4239
3.08607 24.4078
3.09181 24.6884
3.09754 28.8997
3.10328 27.8383
3.10902 31.4795
3.11475 29.9831
3.12049 28.8608
3.12622 27.5409
3.13196 33.605
3.1377 34.4167
3.14343 40.8714
3.14917 36.9377
3.1549 31.4113
3.16064 30.3272
3.16638 28.3729
3.17211 29.7118
3.17785 30.0137
3.18359 27.8029
3.18932 28.3233
3.19506 30.4343
3.20079 28.5204
3.20653 28.5993
3.21227 29.4539
3.218 30.4583
3.22374 28.9097
3.22948 29.6522
3.23521 31.7475
3.24095 31.5985
3.24668 31
3.25242 30.5367
3.25816 30.7359
3.26389 31.3323
3.26963 32.2192
3.27536 30.8944
3.2811 29.9301
3.28684 30.8875
3.29257 33.8557
3.29831 31.9179
3.30405 34.9583
3.30978 35.8623
3.31552 36.8914
3.32125 35.4339
3.32699 37.7342
3.33273 39.234
3.33846 37.369
3.3442 38.0094
3.34994 39.2535
3.35567 38.7076
3.36141 39.8801
3.36714 41.2788
3.37288 50.3941
3.37862 61.1195
3.38435 56.8369
3.39009 71.4377
3.39582 78.634
3.40156 40.3805
3.4073 43.0286
3.41303 41.198
3.41877 41.0033
3.42451 40.5851
3.43024 41.172
3.43598 38.5281
3.44171 37.6583
3.44745 39.9156
3.45319 40.1818
3.45892 40.0806
3.46466 39.0419
3.4704 39.0399
3.47613 39.5894
3.48187 41.3373
3.4876 41.6095
3.49334 38.1714
3.49908 40.2707
3.50481 40.5104
3.51055 42.2438
3.51628 42.5355
3.52202 43.6585
3.52776 47.9286
3.53349 48.1855
3.53923 51.6049
3.54497 59.4608
3.5507 63.6848
3.55644 62.2315
3.56217 55.1493
3.56791 51.566
3.57365 47.9006
3.57938 48.7047
3.58512 47.0277
3.59086 45.8885
3.59659 48.9475
3.60233 48.8105
3.60806 48.6788
3.6138 48.1873
3.61954 50.8597
3.62527 51.9398
3.63101 53.2679
3.63674 58.8671
3.64248 61.9798
3.64822 62.3189
3.65395 65.5569
3.65969 67.0118
3.66543 65.7087
3.67116 63.8777
3.6769 65.5804
3.68263 67.1624
3.68837 66.781
3.69411 65.1202
3.69984 62.9943
3.70558 62.7636
3.71132 63.4428
3.71705 63.3101
3.72279 65.5743
3.72852 64.2806
3.73426 66.5015
3.74 66.9017
3.74573 68.8481
3.75147 68.7399
3.7572 70.7486
3.76294 71.0087
3.76868 72.1472
3.77441 75.4432
3.78015 75.9387
3.78589 78.6515
3.79162 81.8863
3.79736 84.3052
3.80309 87.4018
3.80883 90.7045
3.81457 95.828
3.8203 101.546
3.82604 109.97
3.83178 124.596
3.83751 144.559
3.84325 221.117
3.84898 373.997
3.85472 441.418
3.86046 368.752
3.86619 354.828
3.87193 413.213
3.87766 513.401
3.8834 680.318
3.88914 867.332
3.89487 1019.4
3.90061 962.065
3.90635 789.405
3.91208 617.749
3.91782 450.957
3.92355 339.373
3.92929 271.995
3.93503 219.173
3.94076 180.193
3.9465 157.276
3.95224 138.947
3.95797 125.388
3.96371 115.413
3.96944 111.669
3.97518 107.12
3.98092 98.5059
3.98665 98.7019
3.99239 95.5366
3.99812 90.125
4.00386 86.7184
4.0096 85.5259
4.01533 86.05
4.02107 82.2374
4.02681 84.9896
4.03254 83.4813
4.03828 82.874
4.04401 82.9862
4.04975 79.7855
4.05549 78.9654
4.06122 77.0549
4.06696 75.8385
4.0727 77.0338
4.07843 75.2225
4.08417 74.6369
4.0899 74.7874
4.09564 72.9388
4.10138 74.2101
4.10711 72.1273
4.11285 75.0153
4.11858 73.7028
4.12432 73.1184
4.13006 73.6848
4.13579 73.6909
4.14153 72.2467
4.14727 73.2113
4.153 72.7218
4.15874 72.1586
4.16447 72.7475
4.17021 71.7714
4.17595 72.7816
4.18168 73.0933
4.18742 74.739
4.19316 74.0808
4.19889 75.2126
4.20463 76.6897
4.21036 77.4615
4.2161 76.008
4.22184 73.2093
4.22757 75.776
4.23331 73.7946
4.23904 73.9781
4.24478 75.2861
4.25052 75.145
4.25625 75.9268
4.26199 76.3008
4.26773 76.6522
4.27346 76.5154
4.2792 79.186
4.28493 79.1418
4.29067 78.2222
4.29641 78.4767
4.30214 81.5086
4.30788 82.7896
4.31362 83.6368
4.31935 82.7363
4.32509 86.3075
4.33082 86.9429
4.33656 89.2213
4.3423 91.756
4.34803 93.6767
4.35377 96.798
4.3595 100.265
4.36524 104.101
4.37098 106.433
4.37671 110.945
4.38245 115.111
4.38819 120.798
4.39392 128.186
4.39966 128.033
4.40539 140.468
4.41113 151.493
4.41687 167.99
4.4226 198.144
4.42834 244.283
4.43408 406.18
4.43981 929.607
4.44555 1978.06
4.45128 8415
4.45702 11287.3
4.46276 4825.67
4.46849 1531.35
4.47423 793.919
4.47996 450.37
4.4857 373.236
4.49144 358.646
4.49717 331.529
4.50291 331.733
4.50865 315.868
4.51438 291.095
4.52012 259.698
4.52585 228.394
4.53159 199.846
4.53733 172.891
4.54306 151.573
4.5488 136.174
4.55454 124.997
4.56027 115.425
4.56601 106.43
4.57174 101.655
4.57748 91.1326
4.58322 87.401
4.58895 83.8083
4.59469 80.6061
4.60042 78.691
4.60616 76.2477
4.6119 74.7746
4.61763 73.34
4.62337 73.3326
4.62911 71.5173
4.63484 70.0376
4.64058 68.8648
4.64631 66.6009
4.65205 63.1067
4.65779 62.5641
4.66352 63.0091
4.66926 61.2126
4.675 60.1124
4.68073 59.5476
4.68647 60.2665
4.6922 58.5981
4.69794 59.5339
4.70368 59.46
4.70941 58.3829
4.71515 60.0066
4.72088 59.6984
4.72662 58.3349
4.73236 58.338
4.73809 58.8719
4.74383 59.1429
4.74957 57.698
4.7553 58.0758
4.76104 56.9255
4.76677 54.8785
4.77251 55.0528
4.77825 54.6581
4.78398 53.4956
4.78972 52.6077
4.79546 53.8378
4.80119 48.3506
4.80693 51.2051
4.81266 49.8069
4.8184 50.7379
4.82414 49.8839
4.82987 50.0975
4.83561 49.9636
4.84134 53.1304
4.84708 53.2217
4.85282 56.9466
4.85855 53.8789
4.86429 49.6834
4.87003 47.6189
4.87576 47.7778
4.8815 47.9914
4.88723 47.2038
4.89297 47.8745
4.89871 46.1123
4.90444 46.6637
4.91018 45.3295
4.91592 46.4734
4.92165 47.0433
4.92739 46.3105
4.93312 44.9087
4.93886 46.9716
4.9446 46.3565
4.95033 47.9062
4.95607 46.3319
4.9618 47.1027
4.96754 47.7225
4.97328 48.824
4.97901 55.109
4.98475 49.9743
4.99049 47.4692
4.99622 46.2059
5.00196 44.3978
5.00769 45.4834
5.01343 45.4967
5.01917 45.3817
5.0249 45.8519
5.03064 44.8164
5.03638 44.0649
5.04211 43.6109
5.04785 45.6847
5.05358 44.0256
5.05932 43.5292
5.06506 44.5714
5.07079 44.8605
5.07653 46.0552
5.08226 44.7368
5.088 42.5768
5.09374 44.173
5.09947 42.8065
5.10521 42.4912
5.11095 43.2521
5.11668 44.0772
5.12242 44.943
5.12815 44.2803
5.13389 43.9459
5.13963 44.6034
5.14536 43.3283
5.1511 43.9915
5.15684 43.623
5.16257 44.2848
5.16831 43.4968
5.17404 44.9717
5.17978 45.3117
5.18552 44.3573
5.19125 42.7847
5.19699 43.2017
5.20272 44.8249
5.20846 43.9509
5.2142 42.8266
5.21993 43.688
5.22567 44.0064
5.23141 42.618
5.23714 43.2335
5.24288 42.7249
5.24861 43.4746
5.25435 42.103
5.26009 42.4025
5.26582 43.565
5.27156 44.2393
5.2773 45.6688
5.28303 43.7542
5.28877 43.5031
5.2945 43.6959
5.30024 43.7568
5.30598 44.711
5.31171 44.0942
5.31745 45.2137
5.32318 45.5696
5.32892 45.2877
5.33466 44.7444
5.34039 45.9457
5.34613 45.6478
5.35187 57.1131
5.3576 47.9444
5.36334 43.0529
5.36907 44.8414
5.37481 44.2054
5.38055 45.763
5.38628 46.3618
5.39202 49.6285
5.39776 50.7258
5.40349 48.3382
5.40923 46.9272
5.41496 45.3043
5.4207 44.9272
5.42644 45.1751
5.43217 45.1278
5.43791 46.2618
5.44364 45.5925
5.44938 44.8004
5.45512 47.1285
5.46085 45.4845
5.46659 44.3295
5.47233 45.2036
5.47806 44.4436
5.4838 46.0141
5.48953 43.707
5.49527 46.0118
5.50101 44.6918
5.50674 45.7704
5.51248 45.6143
5.51822 43.3146
5.52395 46.1517
5.52969 47.2139
5.53542 45.8204
5.54116 47.4105
5.5469 46.1813
5.55263 45.5294
5.55837 45.4268
5.5641 44.6692
5.56984 45.1111
5.57558 46.1836
5.58131 46.0693
5.58705 46.0992
5.59279 45.0647
5.59852 46.3429
5.60426 47.024
5.60999 46.4818
5.61573 46.3274
5.62147 48.2897
5.6272 47.6698
5.63294 46.9462
5.63868 48.6304
5.64441 48.3146
5.65015 49.166
5.65588 47.7495
5.66162 48.2094
5.66736 49.2432
5.67309 49.0294
5.67883 48.2415
5.68456 49.409
5.6903 49.7061
5.69604 49.3063
5.70177 49.7162
5.70751 49.8606
5.71325 51.6397
5.71898 51.3911
5.72472 50.935
5.73045 51.9522
5.73619 50.7115
5.74193 51.8259
5.74766 52.9737
5.7534 50.8065
5.75914 51.787
5.76487 52.5918
5.77061 52.8626
5.77634 54.0615
5.78208 56.1248
5.78782 53.0313
5.79355 54.6398
5.79929 55.0987
5.80502 53.349
5.81076 53.9964
5.8165 54.6538
5.82223 53.2756
5.82797 54.4467
5.83371 55.0913
5.83944 53.9187
5.84518 55.0989
5.85091 56.2561
5.85665 54.381
5.86239 55.7007
5.86812 55.4086
5.87386 55.5993
5.8796 55.95
5.88533 56.7838
5.89107 57.5019
5.8968 56.5097
5.90254 58.7389
5.90828 56.6534
5.91401 58.2295
5.91975 60.6317
5.92548 60.0268
5.93122 59.3919
5.93696 62.5448
5.94269 75.4309
5.94843 72.7428
5.95417 97.3393
5.9599 73.4576
5.96564 68.6409
5.97137 62.7123
5.97711 63.8114
5.98285 64.8201
5.98858 63.7463
5.99432 66.9475
6.00006 67.7386
6.00579 68.6715
6.01153 70.7978
6.01726 70.0361
6.023 70.2743
6.02874 70.2154
6.03447 70.0543
6.04021 69.0545
6.04594 69.693
6.05168 71.8584
6.05742 72.4843
6.06315 72.7448
6.06889 74.0391
6.07463 74.0445
6.08036 75.5788
6.0861 76.842
6.09183 77.5168
6.09757 78.7699
6.10331 78.636
6.10904 80.3499
6.11478 81.3321
6.12052 81.5993
6.12625 85.1745
6.13199 86.3703
6.13772 88.7233
6.14346 86.7527
6.1492 89.8443
6.15493 93.1228
6.16067 93.6228
6.1664 95.026
6.17214 97.2792
6.17788 100.476
6.18361 101.9
6.18935 107.522
6.19509 112.005
6.20082 112.149
6.20656 116.783
6.21229 121.408
6.21803 129.555
6.22377 130.84
6.2295 138.041
6.23524 147.451
6.24098 151.534
6.24671 155.299
6.25245 173.345
6.25818 182.353
6.26392 198.712
6.26966 230.921
6.27539 312.683
6.28113 414.019
6.28686 966.575
6.2926 2770.51
6.29834 6271.33
6.30407 6482.54
6.30981 10119
6.31555 3087.62
6.32128 1634.19
6.32702 634.121
6.33275 408.634
6.33849 353.489
6.34423 289.111
6.34996 285.232
6.3557 282.789
6.36144 280.441
6.36717 296.398
6.37291 309.764
6.37864 306.125
6.38438 290.53
6.39012 268.433
6.39585 248.076
6.40159 219.095
6.40732 199.846
6.41306 178.112
6.4188 164.676
6.42453 150.867
6.43027 143.269
6.43601 137.164
6.44174 131.153
6.44748 127.299
6.45321 123.42
6.45895 121.952
6.46469 118.421
6.47042 114.923
6.47616 114.835
6.4819 106.413
6.48763 106.051
6.49337 104.301
6.4991 101.479
6.50484 99.2264
6.51058 98.5611
6.51631 97.5895
6.52205 96.5329
6.52778 96.2617
6.53352 96.8294
6.53926 93.4815
6.54499 94.3424
6.55073 92.2044
6.55647 92.7306
6.5622 91.5543
6.56794 91.8336
6.57367 92.23
6.57941 93.2003
6.58515 90.2048
6.59088 89.9531
6.59662 88.2907
6.60236 87.4371
6.60809 87.8923
6.61383 86.7643
6.61956 86.7521
6.6253 84.5498
6.63104 85.645
6.63677 84.6995
6.64251 84.5097
6.64824 83.2332
6.65398 84.1862
6.65972 83.7943
6.66545 83.9587
6.67119 84.1262
6.67693 84.2146
6.68266 84.8625
6.6884 83.7987
6.69413 84.9128
6.69987 83.3808
6.70561 83.0193
6.71134 81.9461
6.71708 82.4509
6.72282 82.6322
6.72855 81.4856
6.73429 82.0782
6.74002 81.1752
6.74576 81.1122
6.7515 80.1631
6.75723 79.8292
6.76297 79.9599
6.7687 80.8191
6.77444 81.9256
6.78018 79.0997
6.78591 80.3714
6.79165 81.4803
6.79739 81.7186
6.80312 81.4736
6.80886 80.4474
6.81459 82.5659
6.82033 80.3101
6.82607 78.8491
6.8318 79.3851
6.83754 78.5824
6.84328 78.8631
6.84901 78.652
6.85475 79.9984
6.86048 79.0521
6.86622 79.7597
6.87196 80.2262
6.87769 79.8522
6.88343 79.2795
6.88916 79.4505
6.8949 78.4723
6.90064 78.5853
6.90637 78.1111
6.91211 79.7041
6.91785 79.4803
6.92358 79.5235
6.92932 80.3966
6.93505 80.1694
6.94079 79.9499
6.94653 78.9113
6.95226 79.2707
6.958 79.3732
6.96374 79.3571
6.96947 77.7391
6.97521 79.303
6.98094 79.0833
6.98668 78.6742
6.99242 80.7434
6.99815 80.3689
7.00389 79.6493
7.00962 80.4808
7.01536 80.3146
7.0211 80.4554
7.02683 79.5484
7.03257 81.196
7.03831 79.895
7.04404 81.5242
7.04978 82.4495
7.05551 81.8315
7.06125 81.1574
7.06699 82.227
7.07272 81.8294
7.07846 82.1914
7.0842 82.1611
7.08993 81.7675
7.09567 82.1635
7.1014 83.4062
7.10714 82.9144
7.11288 82.607
7.11861 84.0138
7.12435 84.8018
7.13008 84.3318
7.13582 83.6786
7.14156 84.6897
7.14729 85.9204
7.15303 85.8963
7.15877 85.0855
7.1645 85.369
7.17024 85.0398
7.17597 87.0385
7.18171 85.2107
7.18745 86.0426
7.19318 87.0138
7.19892 86.977
7.20466 85.817
7.21039 87.2881
7.21613 88.1589
7.22186 88.3267
7.2276 89.2716
7.23334 89.0344
7.23907 89.1305
7.24481 89.3636
7.25054 90.1856
7.25628 90.352
7.26202 89.6284
7.26775 91.1222
7.27349 90.3781
7.27923 91.208
7.28496 92.9797
7.2907 91.1305
7.29643 94.1364
7.30217 94
7.30791 95.8839
7.31364 96.2041
7.31938 97.4812
7.32512 96.6121
7.33085 96.3783
7.33659 99.1537
7.34232 99.1416
7.34806 102.473
7.3538 103.755
7.35953 103.461
7.36527 107.987
7.371 115.727
7.37674 148.544
7.38248 135.104
7.38821 332.058
7.39395 342.05
7.39969 408.19
7.40542 700.276
7.41116 385.389
7.41689 230.984
7.42263 175.239
7.42837 160.516
7.4341 158.912
7.43984 159.218
7.44558 160.196
7.45131 169.049
7.45705 181.896
7.46278 198.369
7.46852 219.974
7.47426 239.191
7.47999 248.631
7.48573 243.103
7.49146 229.308
7.4972 209.611
7.50294 188.885
7.50867 172.224
7.51441 155.704
7.52015 142.79
7.52588 131.457
7.53162 123.062
7.53735 116.763
7.54309 110.396
7.54883 105.942
7.55456 102.218
7.5603 98.5497
7.56604 96.4003
7.57177 94.3173
7.57751 92.8
7.58324 89.2601
7.58898 90.1952
7.59472 88.6375
7.60045 87.6797
7.60619 87.3263
7.61192 86.3099
7.61766 82.9233
7.6234 83.6919
7.62913 82.6169
7.63487 81.3915
7.64061 81.6997
7.64634 80.6926
7.65208 80.993
7.65781 81.1403
7.66355 79.4836
7.66929 80.01
7.67502 80.1887
7.68076 79.8571
7.6865 81.0113
7.69223 81.4505
7.69797 82.1547
7.7037 82.9231
7.70944 86.4135
7.71518 98.1133
7.72091 112.966
7.72665 214.384
7.73238 374.593
7.73812 132.417
7.74386 141.012
7.74959 106.431
7.75533 94.8113
7.76107 90.4086
7.7668 92.3544
7.77254 94.4993
7.77827 97.0342
7.78401 101.754
7.78975 107.951
7.79548 115.808
7.80122 122.882
7.80696 128.427
7.81269 131.098
7.81843 126.25
7.82416 118.87
7.8299 111.257
7.83564 102.838
7.84137 97.1688
7.84711 91.5411
7.85284 87.2332
7.85858 84.1954
7.86432 79.3193
7.87005 77.2432
7.87579 75.8142
7.88153 74.4809
7.88726 73.7751
7.893 72.0665
7.89873 71.3356
7.90447 70.7379
7.91021 74.4566
7.91594 74.6463
7.92168 79.5485
7.92742 74.2128
7.93315 70.1612
7.93889 67.627
7.94462 66.9521
7.95036 66.9865
7.9561 64.8708
7.96183 66.3887
7.96757 66.1183
7.9733 67.8965
7.97904 67.7251
7.98478 67.4904
7.99051 66.5278
7.99625 65.9829
8.00199 65.5517
8.00772 63.1783
8.01346 65.4433
8.01919 65.0864
8.02493 63.9444
8.03067 62.9735
8.0364 62.6732
8.04214 62.7586
8.04788 62.5357
8.05361 61.2589
8.05935 63.0265
8.06508 62.3887
8.07082 61.5737
8.07656 62.2946
8.08229 61.4599
8.08803 62.0798
8.09376 62.134
8.0995 61.4596
8.10524 61.2524
8.11097 59.9432
8.11671 60.1464
8.12245 57.3284
8.12818 55.5613
8.13392 55.0502
8.13965 55.2375
8.14539 54.2861
8.15113 53.556
8.15686 51.0078
8.1626 52.1797
8.16834 53.6474
8.17407 55.0784
8.17981 54.0108
8.18554 54.4484
8.19128 55.3825
8.19702 53.5125
8.20275 54.687
8.20849 54.7445
8.21422 53.931
8.21996 54.9287
8.2257 55.4383
8.23143 55.0035
8.23717 55.3694
8.24291 54.9208
8.24864 55.8937
8.25438 56.6158
8.26011 55.2269
8.26585 56.0619
8.27159 55.2034
8.27732 56.5509
8.28306 54.1753
8.2888 55.6012
8.29453 54.7935
8.30027 54.8825
8.306 54.4098
8.31174 54.6632
8.31748 54.7767
8.32321 54.4516
8.32895 53.4627
8.33468 53.0385
8.34042 54.032
8.34616 53.1866
8.35189 52.3824
8.35763 53.7961
8.36337 52.5646
8.3691 53.3689
8.37484 54.1839
8.38057 52.4024
8.38631 53.0664
8.39205 52.6
8.39778 52.7819
8.40352 52.6581
8.40926 53.5441
8.41499 53.5244
8.42073 53.3333
8.42646 53.977
8.4322 55.5777
8.43794 56.2234
8.44367 56.3192
8.44941 55.0259
8.45514 52.5108
8.46088 53.289
8.46662 53.7855
8.47235 52.2172
8.47809 52.1064
8.48383 51.8479
8.48956 52.9227
8.4953 52.4875
8.50103 51.2931
8.50677 51.928
8.51251 52.6313
8.51824 52.3162
8.52398 53.1718
8.52972 51.7855
8.53545 52.8928
8.54119 53.042
8.54692 53.0212
8.55266 52.6268
8.5584 53.0868
8.56413 53.2831
8.56987 51.2796
8.5756 53.2945
8.58134 51.5975
8.58708 51.101
8.59281 53.4591
8.59855 50.8339
8.60429 50.7235
8.61002 50.671
8.61576 50.4876
8.62149 52.492
8.62723 54.4592
8.63297 50.1868
8.6387 51.7124
8.64444 50.7306
8.65018 51.7835
8.65591 52.0769
8.66165 54.1057
8.66738 52.4484
8.67312 49.8893
8.67886 51.2273
8.68459 52.779
8.69033 50.9004
8.69606 51.2327
8.7018 52.0469
8.70754 53.232
8.71327 50.2835
8.71901 50.1245
8.72475 51.9457
8.73048 50.3508
8.73622 53.7931
8.74195 50.9798
8.74769 53.2966
8.75343 51.7393
8.75916 52.7839
8.7649 51.2018
8.77064 51.6059
8.77637 52.5089
8.78211 51.4633
8.78784 50.952
8.79358 52.8424
8.79932 51.8377
8.80505 50.4789
8.81079 52.5468
8.81652 49.4882
8.82226 51.1606
8.828 52.1296
8.83373 51.5659
8.83947 51.3369
8.84521 49.6634
8.85094 51.7553
8.85668 50.7026
8.86241 51.4872
8.86815 51.4713
8.87389 52.5795
8.87962 53.5491
8.88536 51.9448
8.8911 52.6791
8.89683 50.5247
8.90257 55.8579
8.9083 52.0809
8.91404 52.4688
8.91978 56.4629
8.92551 69.7707
8.93125 74.4939
8.93698 157.485
8.94272 119.322
8.94846 86.297
8.95419 62.5302
8.95993 56.6486
8.96567 55.8012
8.9714 52.5118
8.97714 55.8671
8.98287 58.2517
8.98861 55.1185
8.99435 54.4897
9.00008 53.5556
9.00582 56.6053
9.01156 60.4198
9.01729 58.6992
9.02303 56.7643
9.02876 60.8632
9.0345 59
9.04024 56.8527
9.04597 59.7115
9.05171 58.0945
9.05744 56.6694
9.06318 60.7961
9.06892 53.8319
9.07465 56.9479
9.08039 53.1795
9.08613 55.3178
9.09186 55.625
9.0976 63.5769
9.10333 57.8646
9.10907 60.551
9.11481 49.3021
9.12054 51.8295
9.12628 47.2551
9.13202 50.3902
9.13775 49.4239
9.14349 49.8452
9.14922 48.6951
9.15496 52.3049
9.1607 52.3378
9.16643 51.8375
9.17217 53.2329
9.1779 50.1053
9.18364 51.5143
9.18938 54.8824
9.19511 47
9.20085 51.254
9.20659 49.0154
9.21232 48.4
9.21806 40.4098
9.22379 48.6364
9.22953 43.7273
9.23527 50.5849
9.241 41.4464
9.24674 42.8776
9.25248 43.4468
9.25821 46.3556
9.26395 46.4545
9.26968 49.1163
9.27542 48.7436
9.28116 44.375
9.28689 43.7143
9.29263 35.7576
9.29836 37
9.3041 38.4545
9.30984 33.7857
9.31557 37.2593
9.32131 35.6667
9.32705 31.8
9.33278 36
9.33852 28.3158
9.34425 34.1667
9.34999 26.7059
9.35573 28.7143
9.36146 27.9091
9.3672 21.9091
9.37294 22
9.37867 17.3333
9.38441 15.6667
9.39014 4.5
9.39588 0
9.40162 0
9.40735 0
9.41309 0
9.41882 0
9.42456 0
9.4303 0
9.43603 0
9.44177 0
9.44751 0
9.45324 0
9.45898 0
9.46471 0
9.47045 0
9.47619 0
9.48192 0
9.48766 0
9.4934 0
9.49913 0
9.50487 0
9.5106 0
9.51634 0
9.52208 0
9.52781 0
9.53355 0
9.53928 0
9.54502 0
9.55076 0
9.55649 0
9.56223 0
9.56797 0
9.5737 0
9.57944 0
9.58517 0
9.59091 0
9.59665 0
9.60238 0
9.60812 0
9.61386 0
9.61959 0
9.62533 0
9.63106 0
9.6368 0
9.64254 0
9.64827 0
9.65401 0
9.65974 0
9.66548 0
9.67122 0
9.67695 0
9.68269 0
9.68843 0
9.69416 0
9.6999 0
9.70563 0
9.71137 0
9.71711 0
9.72284 0
9.72858 0
9.73432 0
9.74005 0
9.74579 0
9.75152 0
9.75726 0
9.763 0
9.76873 0
9.77447 0
9.7802 0
9.78594 0
9.79168 0
9.79741 0
9.80315 0
9.80889 0
9.81462 0
9.82036 0
9.82609 0
9.83183 0
9.83757 0
9.8433 0
9.84904 0
9.85478 0
9.86051 0
9.86625 0
9.87198 0
9.87772 0
9.88346 0
9.88919 0
9.89493 0
9.90066 0
9.9064 0
9.91214 0
9.91787 0
9.92361 0
9.92935 0
9.93508 0
9.94082 0
9.94655 0
9.95229 0
9.95803 0
9.96376 0
9.9695 0
9.97524 0
9.98097 0
9.98671 0
9.99244 0
9.99818 0
10.0039 0
10.0097 0
10.0154 0
10.0211 0
10.0269 0
10.0326 0
10.0383 0
10.0441 0
10.0498 0
10.0555 0
10.0613 0
10.067 0
10.0728 0
10.0785 0
10.0842 0
10.09 0
10.0957 0
10.1014 0
10.1072 0
10.1129 0
10.1186 0
10.1244 0
10.1301 0
10.1358 0
10.1416 0
10.1473 0
10.1531 0
10.1588 0
10.1645 0
10.1703 0
10.176 0
10.1817 0
10.1875 0
10.1932 0
10.1989 0
10.2047 0
10.2104 0
10.2162 0
10.2219 0
10.2276 0
10.2334 0
10.2391 0
10.2448 0
10.2506 0
10.2563 0
10.262 0
10.2678 0
10.2735 0
10.2793 0
10.285 0
10.2907 0
10.2965 0
10.3022 0
10.3079 0
10.3137 0
10.3194 0
10.3251 0
10.3309 0
10.3366 0
10.3424 0
10.3481 0
10.3538 0
10.3596 0
10.3653 0
10.371 0
10.3768 0
10.3825 0
10.3882 0
10.394 0
10.3997 0
10.4054 0
10.4112 0
10.4169 0
10.4227 0
10.4284 0
10.4341 0
10.4399 0
10.4456 0
10.4513 0
10.4571 0
10.4628 0
10.4685 0
10.4743 0
10.48 0
10.4858 0
10.4915 0
10.4972 0
10.503 0
10.5087 0
10.5144 0
10.5202 0
10.5259 0
10.5316 0
10.5374 0
10.5431 0
10.5489 0
10.5546 0
10.5603 0
10.5661 0
10.5718 0
10.5775 0
10.5833 0
10.589 0
10.5947 0
10.6005 0
10.6062 0
10.612 0
10.6177 0
10.6234 0
10.6292 0
10.6349 0
10.6406 0
10.6464 0
10.6521 0
10.6578 0
10.6636 0
10.6693 0
10.6751 0
10.6808 0
10.6865 0
10.6923 0
10.698 0
10.7037 0
10.7095 0
10.7152 0
10.7209 0
10.7267 0
10.7324 0
10.7381 0
10.7439 0
10.7496 0
10.7554 0
10.7611 0
10.7668 0
10.7726 0
10.7783 0
10.784 0
10.7898 0
10.7955 0
10.8012 0
10.807 0
10.8127 0
10.8185 0
10.8242 0
10.8299 0
10.8357 0
10.8414 0
10.8471 0
10.8529 0
10.8586 0
10.8643 0
10.8701 0
10.8758 0
10.8816 0
10.8873 0
10.893 0
10.8988 0
10.9045 0
10.9102 0
10.916 0
10.9217 0
10.9274 0
10.9332 0
10.9389 0
10.9447 0
10.9504 0
10.9561 0
10.9619 0
10.9676 0
10.9733 0
10.9791 0
10.9848 0
10.9905 0
10.9963 0
11.002 0
11.0077 0
11.0135 0
11.0192 0
11.025 0
11.0307 0
11.0364 0
11.0422 0
11.0479 0
11.0536 0
11.0594 0
11.0651 0
11.0708 0
11.0766 0
11.0823 0
11.0881 0
11.0938 0
11.0995 0
11.1053 0
11.111 0
11.1167 0
11.1225 0
11.1282 0
11.1339 0
11.1397 0
11.1454 0
11.1512 0
11.1569 0
11.1626 0
11.1684 0
11.1741 0
11.1798 0
11.1856 0
11.1913 0
11.197 0
11.2028 0
11.2085 0
11.2143 0
11.22 0
11.2257 0
11.2315 0
11.2372 0
11.2429 0
11.2487 0
11.2544 0
11.2601 0
11.2659 0
11.2716 0
11.2774 0
11.2831 0
11.2888 0
11.2946 0
11.3003 0
11.306 0
11.3118 0
11.3175 0
11.3232 0
11.329 0
11.3347 0
11.3404 0
11.3462 0
11.3519 0
11.3577 0
11.3634 0
11.3691 0
11.3749 0
11.3806 0
11.3863 0
11.3921 0
11.3978 0
11.4035 0
11.4093 0
11.415 0
11.4208 0
11.4265 0
11.4322 0
11.438 0
11.4437 0
11.4494 0
11.4552 0
11.4609 0
11.4666 0
11.4724 0
11.4781 0
11.4839 0
11.4896 0
11.4953 0
11.5011 0
11.5068 0
11.5125 0
11.5183 0
11.524 0
11.5297 0
11.5355 0
11.5412 0
11.547 0
11.5527 0
11.5584 0
11.5642 0
11.5699 0
11.5756 0
11.5814 0
11.5871 0
11.5928 0
11.5986 0
11.6043 0
11.61 0
11.6158 0
11.6215 0
11.6273 0
11.633 0
11.6387 0
11.6445 0
11.6502 0
11.6559 0
11.6617 0
11.6674 0
11.6731 0
11.6789 0
11.6846 0
11.6904 0
11.6961 0
11.7018 0
11.7076 0
11.7133 0
11.719 0
11.7248 0
11.7305 0
11.7362 0
11.742 0
