0 0
0.00573619 -4
0.0114724 6
0.0172086 9
0.0229448 18
0.028681 3
0.0344171 5.5
0.0401533 -5.8
0.0458895 4.4
0.0516257 15.6667
0.0573619 6.16667
0.0630981 4.57143
0.0688343 0.714286
0.0745705 13.5
0.0803067 7
0.0860429 -2.88889
0.091779 9.5
0.0975152 6.76923
0.103251 4.77778
0.108988 7.66667
0.114724 -0.5
0.12046 -2.27273
0.126196 3.26667
0.131932 8.75
0.137669 1.4
0.143405 2.15385
0.149141 12.6923
0.154877 -6.375
0.160613 7.93333
0.16635 1.8
0.172086 4.58333
0.177822 1.57895
0.183558 8.29412
0.189294 2.21429
0.19503 3.80952
0.200767 6.61905
0.206503 4.52941
0.212239 4.44444
0.217975 5.28571
0.223711 -2.41176
0.229448 0.625
0.235184 4.43478
0.24092 9.36364
0.246656 -3.55556
0.252392 2.64
0.258129 3.22222
0.263865 2.80952
0.269601 1.66667
0.275337 4.51724
0.281073 1.16
0.28681 -1
0.292546 4.28
0.298282 -3.27586
0.304018 4.25926
0.309754 1.06667
0.31549 4.45161
0.321227 8.85185
0.326963 1.66667
0.332699 2.35484
0.338435 -0.757576
0.344171 5.54167
0.349908 0.371429
0.355644 0.114286
0.36138 -0.16129
0.367116 -0.0588235
0.372852 4.27273
0.378589 3.56757
0.384325 0.84375
0.390061 3.20513
0.395797 4.94872
0.401533 5.76923
0.40727 7.27907
0.413006 6.72973
0.418742 11.275
0.424478 9.17647
0.430214 12.2222
0.43595 11.4878
0.441687 14.6562
0.447423 12.1277
0.453159 11.6667
0.458895 10.3023
0.464631 9.36364
0.470368 9.26829
0.476104 17.0638
0.48184 15.3333
0.487576 11.9615
0.493312 12.9512
0.499049 16.225
0.504785 13.7719
0.510521 15.3556
0.516257 14.6977
0.521993 13.8182
0.52773 17.8491
0.533466 19.8222
0.539202 20.2708
0.544938 20.2353
0.550674 22.5577
0.55641 19.75
0.562147 17.9804
0.567883 17.1579
0.573619 17.4444
0.579355 19.8148
0.585091 15.4211
0.590828 13.8491
0.596564 18.8542
0.6023 20.9107
0.608036 15.5385
0.613772 19.7755
0.619509 17.6379
0.625245 15.8644
0.630981 13.9091
0.636717 18.8793
0.642453 21.4386
0.64819 19.9524
0.653926 19.25
0.659662 23.8462
0.665398 24.8125
0.671134 22.8596
0.67687 18.7742
0.682607 24.7302
0.688343 22.3582
0.694079 19.037
0.699815 24.3478
0.705551 20
0.711288 20.6182
0.717024 21.7568
0.72276 17.8361
0.728496 22.3429
0.734232 23.6875
0.739969 21.971
0.745705 25.9859
0.751441 23.3103
0.757177 19.3377
0.762913 23.9403
0.76865 23.6232
0.774386 23.6912
0.780122 25.8219
0.785858 20.3506
0.791594 19.2833
0.79733 22.0732
0.803067 23.029
0.808803 23.0286
0.814539 26.2963
0.820275 21.662
0.826011 22.1299
0.831748 22.4583
0.837484 18.6706
0.84322 24.1714
0.848956 24.9444
0.854692 22.6235
0.860429 22.2099
0.866165 20.9589
0.871901 22.9125
0.877637 22.7349
0.883373 23.8961
0.88911 22.1154
0.894846 18.4824
0.900582 23.0241
0.906318 22.527
0.912054 23.9111
0.91779 21.1954
0.923527 23.1688
0.929263 20.3837
0.934999 22.2637
0.940735 21.9506
0.946471 20.3929
0.952208 22.6706
0.957944 23.6021
0.96368 23.2436
0.969416 25.3053
0.975152 21.9556
0.980889 21.9294
0.986625 21.1279
0.992361 22.7263
0.998097 17.6
1.00383 20.4
1.00957 19.1818
1.01531 20.134
1.02104 21.5476
1.02678 22.4062
1.03251 22.4506
1.03825 22.06
1.04399 21.1047
1.04972 21.6238
1.05546 22.1188
1.0612 20.5976
1.06693 21.6355
1.07267 20.8681
1.0784 25.4951
1.08414 22.6531
1.08988 23.25
1.09561 22.3524
1.10135 17.4651
1.10708 24.9545
1.11282 24.2737
1.11856 24.2959
1.12429 20.7238
1.13003 24.981
1.13577 24.5048
1.1415 24.7255
1.14724 21.5596
1.15297 22.33
1.15871 23.25
1.16445 23.0957
1.17018 21.819
1.17592 20.7383
1.18166 22.1875
1.18739 20.7059
1.19313 19.7523
1.19886 19.534
1.2046 21.7043
1.21034 20.3738
1.21607 19.6
1.22181 20.5364
1.22754 19.7521
1.23328 18.9065
1.23902 19.7054
1.24475 21.7143
1.25049 20.8991
1.25623 20.3981
1.26196 22.4359
1.2677 23.3952
1.27343 22.2613
1.27917 20.0847
1.28491 18.5508
1.29064 22.8761
1.29638 20.4828
1.30212 22.0513
1.30785 21.3866
1.31359 19.4224
1.31932 21.9528
1.32506 23.3613
1.3308 21.5517
1.33653 23.7063
1.34227 25.2269
1.348 21.9921
1.35374 20.7345
1.35948 22.68
1.36521 21.1832
1.37095 22.1545
1.37669 23.5108
1.38242 20.918
1.38816 21.9847
1.39389 21.2542
1.39963 20.7424
1.40537 18.3101
1.4111 23.3929
1.41684 18.1329
1.42258 22.6815
1.42831 18.3554
1.43405 21.7385
1.43978 20.4815
1.44552 20.3478
1.45126 20.3983
1.45699 22.2269
1.46273 23.0682
1.46846 20.9683
1.4742 23.0979
1.47994 21.0155
1.48567 21.5188
1.49141 19.2154
1.49715 20.8725
1.50288 21.5328
1.50862 18.0565
1.51435 20.9178
1.52009 18.7163
1.52583 20.6412
1.53156 22.3778
1.5373 18.8095
1.54304 19.6454
1.54877 18.0515
1.55451 19.5503
1.56024 19.8394
1.56598 20.2357
1.57172 18.8865
1.57745 19.4392
1.58319 18.922
1.58892 19.6831
1.59466 20.74
1.6004 18.6853
1.60613 19.8406
1.61187 21.0268
1.61761 20.7389
1.62334 22.406
1.62908 22.5871
1.63481 22.5033
1.64055 21.0533
1.64629 21.9589
1.65202 21.0464
1.65776 19.8609
1.6635 19.9343
1.66923 18.6289
1.67497 19.8957
1.6807 21.1898
1.68644 20.5949
1.69218 20.1111
1.69791 19.4118
1.70365 21.4054
1.70938 18.9038
1.71512 19.2086
1.72086 20.3824
1.72659 18.3064
1.73233 21.8645
1.73807 19.5882
1.7438 19.994
1.74954 21.8742
1.75527 18.9024
1.76101 19.7426
1.76675 20.7735
1.77248 20.1829
1.77822 20.3129
1.78396 19.8571
1.78969 21.5478
1.79543 22.8092
1.80116 20.828
1.8069 23.386
1.81264 20.3772
1.81837 21.7133
1.82411 22.0889
1.82984 19.5217
1.83558 20.097
1.84132 21.2848
1.84705 20.8698
1.85279 21.3158
1.85853 19.2125
1.86426 19.5028
1.87 20.5988
1.87573 23.7375
1.88147 20.6836
1.88721 21.75
1.89294 21.7746
1.89868 22.2
1.90442 22.8391
1.91015 27.3432
1.91589 39.3988
1.92162 41.8663
1.92736 27.6667
1.9331 29.1905
1.93883 27.5
1.94457 29.4974
1.9503 24.5588
1.95604 23.3372
1.96178 25.3646
1.96751 26.5405
1.97325 23.2638
1.97899 24.2299
1.98472 22.2181
1.99046 22.9086
1.99619 24.1044
2.00193 24.1211
2.00767 23.1695
2.0134 22.5523
2.01914 22.4043
2.02488 24.8743
2.03061 22.9379
2.03635 22.6649
2.04208 22.1892
2.04782 21.6755
2.05356 24.6505
2.05929 23.5193
2.06503 22.57
2.07076 22.7443
2.0765 23.7358
2.08224 21.7296
2.08797 21.5434
2.09371 24.2576
2.09945 24.4865
2.10518 20.4372
2.11092 23.3529
2.11665 20.6205
2.12239 25.3527
2.12813 22.2308
2.13386 20.9502
2.1396 22.8241
2.14534 23.3744
2.15107 23.2674
2.15681 25.2663
2.16254 22.599
2.16828 23.7228
2.17402 24.0237
2.17975 24.395
2.18549 24.8466
2.19122 24.8119
2.19696 24.9554
2.2027 26.9073
2.20843 36.1742
2.21417 50.9245
2.21991 66.1549
2.22564 37.8306
2.23138 28.1137
2.23711 25.6715
2.24285 26.2163
2.24859 25.5469
2.25432 25.0868
2.26006 27.2379
2.2658 24.1774
2.27153 24.5395
2.27727 23.3223
2.283 25.0249
2.28874 23.0637
2.29448 24.3649
2.30021 24.91
2.30595 25.2172
2.31168 25.0185
2.31742 26.3092
2.32316 24.9567
2.32889 25.9673
2.33463 26.723
2.34037 27.0469
2.3461 32.2594
2.35184 33.1765
2.35757 32.5147
2.36331 34.0981
2.36905 33.8018
2.37478 33.1126
2.38052 30.5853
2.38626 30.2929
2.39199 30.9573
2.39773 31.2802
2.40346 28.105
2.4092 30.3094
2.41494 25.7285
2.42067 25.9124
2.42641 25.8295
2.43214 26.0693
2.43788 26.5024
2.44362 25.7137
2.44935 26.5408
2.45509 25.3333
2.46083 24.8249
2.46656 25.6943
2.4723 27.5336
2.47803 25.2233
2.48377 24.823
2.48951 26.7051
2.49524 26.7466
2.50098 27.9464
2.50672 26.9159
2.51245 24.9099
2.51819 26.7546
2.52392 25.3908
2.52966 26.8452
2.5354 27.0556
2.54113 27.125
2.54687 28.4329
2.5526 27.6017
2.55834 25.3829
2.56408 26.9915
2.56981 25.9711
2.57555 27.0362
2.58129 28.3766
2.58702 27.5941
2.59276 26.3992
2.59849 27.0551
2.60423 27.2458
2.60997 26.6971
2.6157 26.6651
2.62144 27.1172
2.62718 27.0979
2.63291 27.2343
2.63865 25.8412
2.64438 28.1235
2.65012 27.296
2.65586 27.5402
2.66159 28.6403
2.66733 26.4016
2.67306 28.0213
2.6788 28.5469
2.68454 28.8992
2.69027 29.3614
2.69601 26.4696
2.70175 30.3789
2.70748 31.6049
2.71322 29.7975
2.71895 29.3793
2.72469 31.2675
2.73043 29.5591
2.73616 27.6875
2.7419 28.0934
2.74764 28.2846
2.75337 27.961
2.75911 28.7491
2.76484 28.8532
2.77058 28.2881
2.77632 29.695
2.78205 30.623
2.78779 29.6332
2.79352 28.2746
2.79926 30.8872
2.805 29.2691
2.81073 29.343
2.81647 28.5778
2.82221 29.7072
2.82794 27.9127
2.83368 28.2792
2.83941 30.9603
2.84515 30.384
2.85089 29.9419
2.85662 30.839
2.86236 28.9962
2.8681 29.7764
2.87383 28.8792
2.87957 28.3561
2.8853 32.8956
2.89104 31.4715
2.89678 31.5774
2.90251 30.2989
2.90825 30.311
2.91398 31.1496
2.91972 32.9603
2.92546 31.9112
2.93119 31.1811
2.93693 32.5126
2.94267 33.0916
2.9484 31.8415
2.95414 31.6187
2.95987 33.1295
2.96561 32.1038
2.97135 34.2064
2.97708 33.2695
2.98282 34.2948
2.98856 40.4286
2.99429 47.8893
3.00003 37.5316
3.00576 36.8783
3.0115 34.25
3.01724 32.6644
3.02297 33.0496
3.02871 32.5432
3.03444 35.0287
3.04018 33.3309
3.04592 32.9632
3.05165 33.6667
3.05739 35.8763
3.06313 36.2257
3.06886 34.9865
3.0746 36.6491
3.08033 36.9493
3.08607 36.0709
3.09181 38.2935
3.09754 39.6263
3.10328 41.6429
3.10902 46.4931
3.11475 47.9695
3.12049 41.8388
3.12622 41.2669
3.13196 43.4306
3.1377 45.1033
3.14343 53.1571
3.14917 49.1834
3.1549 40.8475
3.16064 40.3713
3.16638 40.6898
3.17211 40.3472
3.17785 39.5904
3.18359 40.5484
3.18932 40.7133
3.19506 39.9158
3.20079 39.5911
3.20653 39.7101
3.21227 40.843
3.218 39.9826
3.22374 43.6111
3.22948 42.3779
3.23521 42.741
3.24095 43.6134
3.24668 43.4254
3.25242 44.4867
3.25816 41.8803
3.26389 42.7774
3.26963 44.8767
3.27536 42.6667
3.2811 44.7279
3.28684 46.5094
3.29257 46.0984
3.29831 47.325
3.30405 49.109
3.30978 53.5574
3.31552 54.2303
3.32125 56.8441
3.32699 57.9037
3.33273 59.7179
3.33846 58.8897
3.3442 56.8966
3.34994 58.0833
3.35567 56.9169
3.36141 59.9148
3.36714 56.7724
3.37288 65.2573
3.37862 73.9556
3.38435 66.8215
3.39009 69.4141
3.39582 57.9837
3.40156 53.7233
3.4073 52.1492
3.41303 54.0165
3.41877 57.495
3.42451 57.3684
3.43024 58.3344
3.43598 55.3927
3.44171 55.1536
3.44745 55.6039
3.45319 53.0094
3.45892 55.3419
3.46466 54.2725
3.4704 55.7342
3.47613 58.7517
3.48187 55.8102
3.4876 57.4
3.49334 57.5302
3.49908 57.6975
3.50481 59.7612
3.51055 59.5594
3.51628 60.8516
3.52202 62.2154
3.52776 68.8199
3.53349 72.8302
3.53923 83.7068
3.54497 99.257
3.5507 109.4
3.55644 103.164
3.56217 87.194
3.56791 76.827
3.57365 72.5031
3.57938 70.6111
3.58512 70.5415
3.59086 69.2803
3.59659 68.6111
3.60233 68.1429
3.60806 69.1576
3.6138 71.0349
3.61954 74.003
3.62527 75.8283
3.63101 79.9938
3.63674 87.1692
3.64248 95.9913
3.64822 100.526
3.65395 108.53
3.65969 107.888
3.66543 102.823
3.67116 97.7806
3.6769 99.2649
3.68263 105.125
3.68837 100.921
3.69411 100.974
3.69984 97.4589
3.70558 97.5091
3.71132 95.991
3.71705 99.6638
3.72279 101.519
3.72852 102.83
3.73426 105.096
3.74 106.087
3.74573 109.566
3.75147 108.335
3.7572 112.576
3.76294 114.852
3.76868 117.788
3.77441 123.423
3.78015 126.357
3.78589 129.824
3.79162 136.863
3.79736 142.553
3.80309 151.229
3.80883 157.934
3.81457 170.793
3.8203 186.008
3.82604 204.317
3.83178 241.845
3.83751 345.868
3.84325 641.44
3.84898 1253.29
3.85472 1707.04
3.86046 1017.52
3.86619 786.634
3.87193 877.229
3.87766 1068
3.8834 1350.69
3.88914 1727.45
3.89487 2051.77
3.90061 1950.22
3.90635 1586.41
3.91208 1203.52
3.91782 851.158
3.92355 629.263
3.92929 491.73
3.93503 392.948
3.94076 326.57
3.9465 281.284
3.95224 250.922
3.95797 222.353
3.96371 202.035
3.96944 190.906
3.97518 178.202
3.98092 168.278
3.98665 160.71
3.99239 154.098
3.99812 148.684
4.00386 142.52
4.0096 139.926
4.01533 138.734
4.02107 133.745
4.02681 130.538
4.03254 130.701
4.03828 129.973
4.04401 129.928
4.04975 126.008
4.05549 124.888
4.06122 120.156
4.06696 117.612
4.0727 117.112
4.07843 115.183
4.08417 111.58
4.0899 113.659
4.09564 112.543
4.10138 111.798
4.10711 111.829
4.11285 110.676
4.11858 108.883
4.12432 107.255
4.13006 110.541
4.13579 108.917
4.14153 107.992
4.14727 108.979
4.153 108.265
4.15874 106.785
4.16447 105.852
4.17021 105.309
4.17595 106.516
4.18168 104.757
4.18742 106.824
4.19316 106.379
4.19889 108.023
4.20463 110.766
4.21036 110.382
4.2161 109.286
4.22184 106.269
4.22757 106.589
4.23331 108.493
4.23904 106.311
4.24478 107.674
4.25052 108.361
4.25625 109.171
4.26199 110.228
4.26773 111.621
4.27346 110.895
4.2792 111.276
4.28493 113.038
4.29067 114.975
4.29641 115.323
4.30214 115.548
4.30788 119.443
4.31362 120.696
4.31935 123.05
4.32509 125.393
4.33082 127.839
4.33656 130.773
4.3423 134.903
4.34803 139.203
4.35377 142.467
4.3595 147.339
4.36524 153.408
4.37098 159.711
4.37671 166.584
4.38245 172.396
4.38819 179.712
4.39392 194.039
4.39966 199.09
4.40539 218.071
4.41113 234.763
4.41687 259.823
4.4226 311.118
4.42834 404.024
4.43408 666.14
4.43981 1567.06
4.44555 3599.39
4.45128 13254.1
4.45702 16586.7
4.46276 7006.22
4.46849 2439.34
4.47423 1313.59
4.47996 807.309
4.4857 685.536
4.49144 653.164
4.49717 616.24
4.50291 619.589
4.50865 576.369
4.51438 519.491
4.52012 450.859
4.52585 382.053
4.53159 327.2
4.53733 281.106
4.54306 245.29
4.5488 217.232
4.55454 196.76
4.56027 178.049
4.56601 161.852
4.57174 151.832
4.57748 140.14
4.58322 133.241
4.58895 126.005
4.59469 120.87
4.60042 116.292
4.60616 112.364
4.6119 112.021
4.61763 107.004
4.62337 106.134
4.62911 106.059
4.63484 103.882
4.64058 98.0816
4.64631 94.5321
4.65205 92.3548
4.65779 90.3333
4.66352 89.4361
4.66926 87.5217
4.675 85.5734
4.68073 86.7119
4.68647 84.9339
4.6922 85.0775
4.69794 84.2262
4.70368 84.9794
4.70941 86.5189
4.71515 84.2741
4.72088 86.5916
4.72662 84.5093
4.73236 85.6361
4.73809 86.746
4.74383 86.3862
4.74957 83.8071
4.7553 82.3506
4.76104 80.4312
4.76677 80.3528
4.77251 78.1193
4.77825 74.6116
4.78398 75.3222
4.78972 72.299
4.79546 73.24
4.80119 68.7483
4.80693 70.265
4.81266 69.8115
4.8184 68.4598
4.82414 67.3951
4.82987 68.7438
4.83561 67.7153
4.84134 70.3761
4.84708 72.5148
4.85282 72.2158
4.85855 70.4846
4.86429 66.2733
4.87003 64.8106
4.87576 65.4622
4.8815 63.5313
4.88723 62.3837
4.89297 63.4824
4.89871 62.0043
4.90444 63.7982
4.91018 63.7185
4.91592 62.958
4.92165 62.697
4.92739 63.1667
4.93312 63.0087
4.93886 62.1816
4.9446 61.787
4.95033 60.7164
4.95607 60.3363
4.9618 60.7567
4.96754 61.9335
4.97328 62.7382
4.97901 70.1218
4.98475 64.4369
4.99049 61.8641
4.99622 61.0849
5.00196 61.5133
5.00769 58.5299
5.01343 60.0684
5.01917 60.6058
5.0249 60.9636
5.03064 60.3585
5.03638 61.0541
5.04211 59.5304
5.04785 58.419
5.05358 61.0812
5.05932 60.4752
5.06506 59.3253
5.07079 59.3455
5.07653 60.3694
5.08226 59.5285
5.088 59.2274
5.09374 59.2743
5.09947 59.5696
5.10521 59.1557
5.11095 58.1474
5.11668 57.9603
5.12242 57.989
5.12815 58.6879
5.13389 59.8794
5.13963 57.9741
5.14536 58.4764
5.1511 58.0577
5.15684 61.1168
5.16257 60.9022
5.16831 61.3992
5.17404 61.4384
5.17978 61.3632
5.18552 58.2834
5.19125 59.1801
5.19699 59.1717
5.20272 58.5361
5.20846 58.955
5.2142 58.8306
5.21993 59.2393
5.22567 58.7944
5.23141 60.222
5.23714 57.051
5.24288 58.7591
5.24861 59.7839
5.25435 60.6574
5.26009 59.7988
5.26582 58.8891
5.27156 60.6748
5.2773 59.4792
5.28303 59.7479
5.28877 60.7026
5.2945 59.4388
5.30024 59.3555
5.30598 61.7193
5.31171 59.3206
5.31745 61.2967
5.32318 60.5359
5.32892 58.7679
5.33466 60.5133
5.34039 58.5094
5.34613 59.5912
5.35187 59.3684
5.3576 59.784
5.36334 59.5222
5.36907 59.1122
5.37481 60.9274
5.38055 62.1351
5.38628 65.1372
5.39202 69.3972
5.39776 73.2984
5.40349 70.1712
5.40923 66.7815
5.41496 63.7181
5.4207 61.3514
5.42644 59.7743
5.43217 61.3996
5.43791 60.6831
5.44364 62.1726
5.44938 62.4012
5.45512 60.7751
5.46085 64.7764
5.46659 60.272
5.47233 60.0101
5.47806 60.297
5.4838 58.6364
5.48953 58.9141
5.49527 59.6994
5.50101 58.6122
5.50674 61.7837
5.51248 60.5964
5.51822 61.2465
5.52395 59.8403
5.52969 61.0931
5.53542 60.552
5.54116 60.3368
5.5469 61.0093
5.55263 59.9804
5.55837 61.1362
5.5641 60.7586
5.56984 61.6528
5.57558 61.3809
5.58131 60.998
5.58705 60.5267
5.59279 61.8471
5.59852 61.8357
5.60426 62.3967
5.60999 62.3205
5.61573 62.9412
5.62147 62.3159
5.6272 62.5647
5.63294 62.5154
5.63868 62.9425
5.64441 63.0749
5.65015 62.8189
5.65588 61.9942
5.66162 62.6438
5.66736 64.1448
5.67309 62.7193
5.67883 65.0479
5.68456 64.8571
5.6903 65.2939
5.69604 64.7806
5.70177 66.1297
5.70751 67.1337
5.71325 67.7457
5.71898 67.3295
5.72472 67.9866
5.73045 68.5312
5.73619 67.9862
5.74193 67.0963
5.74766 68.2143
5.7534 70.2203
5.75914 70.4773
5.76487 69.1386
5.77061 70.304
5.77634 72.4019
5.78208 69.6389
5.78782 73.2818
5.79355 73.2854
5.79929 73.8425
5.80502 72.0544
5.81076 72.9549
5.8165 72.5038
5.82223 71.0521
5.82797 70.7757
5.83371 72.4106
5.83944 72.2552
5.84518 73.9194
5.85091 75.1458
5.85665 74.7215
5.86239 73.6697
5.86812 73.5663
5.87386 74.9026
5.8796 75.525
5.88533 75.8383
5.89107 76.8434
5.8968 76.5328
5.90254 76.8774
5.90828 77.804
5.91401 77.8563
5.91975 78.3702
5.92548 79.9071
5.93122 78.5453
5.93696 79.8022
5.94269 84.2309
5.94843 81.1703
5.95417 86.2679
5.9599 82.6742
5.96564 83.7182
5.97137 83.1263
5.97711 85.1467
5.98285 85.4339
5.98858 86.0036
5.99432 86.5833
6.00006 90.2907
6.00579 90.8773
6.01153 93.9928
6.01726 94.8596
6.023 95.2882
6.02874 93.6912
6.03447 92.9195
6.04021 91.9297
6.04594 92.4309
6.05168 95.5305
6.05742 95.4033
6.06315 95.1024
6.06889 96.2082
6.07463 98.9295
6.08036 100.018
6.0861 101.094
6.09183 102.104
6.09757 105.009
6.10331 103.432
6.10904 107.645
6.11478 107.891
6.12052 108.86
6.12625 109.726
6.13199 111.544
6.13772 112.642
6.14346 112.975
6.1492 115.19
6.15493 118.635
6.16067 120.34
6.1664 122.891
6.17214 123.659
6.17788 129.656
6.18361 130.71
6.18935 133.872
6.19509 139.657
6.20082 141.552
6.20656 149.097
6.21229 154.284
6.21803 163.764
6.22377 168.215
6.2295 173.867
6.23524 182.668
6.24098 186.174
6.24671 189.878
6.25245 207.472
6.25818 218.014
6.26392 235.978
6.26966 274.262
6.27539 365.761
6.28113 483.767
6.28686 1323.38
6.2926 3238.65
6.29834 7329.16
6.30407 7202.52
6.30981 9126.04
6.31555 2847.79
6.32128 1526.39
6.32702 709.352
6.33275 492.173
6.33849 444.66
6.34423 390.176
6.34996 392.175
6.3557 407.08
6.36144 430.161
6.36717 477.564
6.37291 520.62
6.37864 525.967
6.38438 488.883
6.39012 439.421
6.39585 390.48
6.40159 335.191
6.40732 293.505
6.41306 257.222
6.4188 232.103
6.42453 210.95
6.43027 198.008
6.43601 187.508
6.44174 176.865
6.44748 171.924
6.45321 165.974
6.45895 164.796
6.46469 161.084
6.47042 157.538
6.47616 155.587
6.4819 146.225
6.48763 142.604
6.49337 140.892
6.4991 135.528
6.50484 132.853
6.51058 132.053
6.51631 129.402
6.52205 127.461
6.52778 128.592
6.53352 127.724
6.53926 124.328
6.54499 124.712
6.55073 123.802
6.55647 123.105
6.5622 123.913
6.56794 123.718
6.57367 124.158
6.57941 123.687
6.58515 124.765
6.59088 120.901
6.59662 118.205
6.60236 117.028
6.60809 115.929
6.61383 113.877
6.61956 113.517
6.6253 112.182
6.63104 113.151
6.63677 112.938
6.64251 113.067
6.64824 112.69
6.65398 111.708
6.65972 112.046
6.66545 109.67
6.67119 112.67
6.67693 112.469
6.68266 114.427
6.6884 113.047
6.69413 112.757
6.69987 112.854
6.70561 111.569
6.71134 110.408
6.71708 109.291
6.72282 109.454
6.72855 110.011
6.73429 108.25
6.74002 109.416
6.74576 107.611
6.7515 107.287
6.75723 107.106
6.76297 106.675
6.7687 105.981
6.77444 106.762
6.78018 106.939
6.78591 105.574
6.79165 106.187
6.79739 106.211
6.80312 108.576
6.80886 108.71
6.81459 108.273
6.82033 106.492
6.82607 105.907
6.8318 106.873
6.83754 105.126
6.84328 105.022
6.84901 104.376
6.85475 103.783
6.86048 106.34
6.86622 105.427
6.87196 105.063
6.87769 104.88
6.88343 106.399
6.88916 105.943
6.8949 105.121
6.90064 106.187
6.90637 105.611
6.91211 105.829
6.91785 106.711
6.92358 105.845
6.92932 107.244
6.93505 105.049
6.94079 105.73
6.94653 104.928
6.95226 105.634
6.958 106.206
6.96374 105.965
6.96947 104.928
6.97521 105.419
6.98094 104.92
6.98668 105.676
6.99242 105.96
6.99815 105.172
7.00389 106.56
7.00962 105.227
7.01536 105.626
7.0211 106.815
7.02683 106.031
7.03257 105.828
7.03831 107.748
7.04404 107.225
7.04978 108.168
7.05551 108.084
7.06125 107.202
7.06699 109.324
7.07272 109.052
7.07846 109.094
7.0842 111.208
7.08993 109.198
7.09567 110.728
7.1014 110.394
7.10714 111.853
7.11288 112.557
7.11861 113.356
7.12435 114.548
7.13008 113.385
7.13582 114.564
7.14156 112.93
7.14729 114.653
7.15303 113.779
7.15877 112.879
7.1645 111.92
7.17024 113.282
7.17597 115.28
7.18171 114.962
7.18745 116.285
7.19318 116.758
7.19892 114.853
7.20466 117.086
7.21039 117.691
7.21613 119.015
7.22186 119.596
7.2276 119.747
7.23334 122.03
7.23907 121.414
7.24481 121.483
7.25054 121.632
7.25628 121.799
7.26202 122.749
7.26775 125.134
7.27349 125.333
7.27923 125.154
7.28496 127.121
7.2907 128.72
7.29643 129.364
7.30217 129.512
7.30791 131.759
7.31364 134.538
7.31938 133.558
7.32512 136.612
7.33085 138.283
7.33659 138.642
7.34232 139.469
7.34806 144.648
7.3538 148.884
7.35953 148.947
7.36527 158.938
7.371 176.494
7.37674 255.309
7.38248 230.187
7.38821 699.888
7.39395 676.943
7.39969 901.111
7.40542 1316.94
7.41116 685.578
7.41689 417.213
7.42263 292.29
7.42837 264.963
7.4341 255.124
7.43984 254.816
7.44558 270.165
7.45131 290.277
7.45705 320.57
7.46278 357.193
7.46852 409.792
7.47426 456.004
7.47999 481.089
7.48573 470.887
7.49146 429.607
7.4972 374.288
7.50294 326.965
7.50867 285.508
7.51441 249.43
7.52015 222.289
7.52588 202.407
7.53162 184.779
7.53735 172.672
7.54309 162.374
7.54883 154.167
7.55456 148.071
7.5603 144.737
7.56604 137.667
7.57177 134.948
7.57751 129.637
7.58324 126.946
7.58898 125.292
7.59472 123.328
7.60045 122.5
7.60619 118.931
7.61192 118.079
7.61766 117.602
7.6234 115.298
7.62913 116.139
7.63487 115.154
7.64061 114.957
7.64634 113.359
7.65208 113.334
7.65781 111.922
7.66355 110.994
7.66929 113.202
7.67502 113.095
7.68076 113.256
7.6865 111.997
7.69223 113.271
7.69797 114.602
7.7037 113.627
7.70944 119.909
7.71518 135.014
7.72091 149.954
7.72665 229.883
7.73238 339.407
7.73812 168.392
7.74386 141.073
7.74959 137.9
7.75533 132.051
7.76107 130.091
7.7668 132.984
7.77254 139.868
7.77827 146.979
7.78401 153.641
7.78975 168.728
7.79548 183.635
7.80122 202.018
7.80696 216.061
7.81269 225.895
7.81843 218.483
7.82416 203.004
7.8299 184.489
7.83564 163.627
7.84137 149.024
7.84711 135.478
7.85284 127.687
7.85858 119.975
7.86432 114.132
7.87005 110.663
7.87579 106.511
7.88153 103.668
7.88726 101.004
7.893 100.36
7.89873 98.2405
7.90447 99.1809
7.91021 100.465
7.91594 100.736
7.92168 108.385
7.92742 100.978
7.93315 94.3866
7.93889 91.7644
7.94462 91.8676
7.95036 90.59
7.9561 89.8331
7.96183 89.0804
7.96757 89.8432
7.9733 89.4919
7.97904 89.0995
7.98478 89.4452
7.99051 87.5767
7.99625 87.7756
8.00199 88.0028
8.00772 85.9492
8.01346 84.8509
8.01919 85.2234
8.02493 84.996
8.03067 85.4686
8.0364 84.8373
8.04214 86
8.04788 84.2459
8.05361 84.5585
8.05935 84.8003
8.06508 83.4008
8.07082 82.9075
8.07656 83.3963
8.08229 83.7608
8.08803 83.6218
8.09376 84.0828
8.0995 82.7972
8.10524 82.5482
8.11097 80.1057
8.11671 78.1176
8.12245 76.7761
8.12818 76.0975
8.13392 78.8864
8.13965 73.189
8.14539 73.3189
8.15113 71.7571
8.15686 66.5271
8.1626 70.8231
8.16834 71.993
8.17407 72.3077
8.17981 72.7834
8.18554 73.5424
8.19128 72.7909
8.19702 72.7399
8.20275 73.6392
8.20849 72.4123
8.21422 72.243
8.21996 73.0261
8.2257 73.6522
8.23143 71.2339
8.23717 72.9982
8.24291 73.3556
8.24864 73.5617
8.25438 72.6966
8.26011 72.7731
8.26585 73.2708
8.27159 73.2505
8.27732 72.8944
8.28306 72.8516
8.2888 72.1945
8.29453 71.7301
8.30027 72.3372
8.306 70.7213
8.31174 70.2674
8.31748 72.2636
8.32321 72.3054
8.32895 71.0664
8.33468 71.1114
8.34042 72.0853
8.34616 70.3818
8.35189 71.1606
8.35763 71.7632
8.36337 71.2845
8.3691 69.9559
8.37484 71.7489
8.38057 70.1548
8.38631 71.0044
8.39205 70.6238
8.39778 70.8897
8.40352 70.3884
8.40926 72.2059
8.41499 70.6902
8.42073 71.8405
8.42646 73.1582
8.4322 74.5898
8.43794 75.4364
8.44367 75.2843
8.44941 73.6814
8.45514 70.5297
8.46088 68.9949
8.46662 71.3075
8.47235 69.9571
8.47809 70.766
8.48383 67.3972
8.48956 68.2213
8.4953 67.9086
8.50103 69.3534
8.50677 68.816
8.51251 68.3422
8.51824 68.8889
8.52398 68.5408
8.52972 67.6375
8.53545 69.1913
8.54119 68.8889
8.54692 68.1273
8.55266 68.1399
8.5584 69.2958
8.56413 67.8524
8.56987 69.8632
8.5756 68.2589
8.58134 68.1176
8.58708 68.6801
8.59281 66.5943
8.59855 67.9968
8.60429 68.2799
8.61002 68.9194
8.61576 69.0247
8.62149 69.4277
8.62723 68.4966
8.63297 68.9414
8.6387 68.1438
8.64444 68.0258
8.65018 68.2715
8.65591 69.8007
8.66165 72.5962
8.66738 67.2883
8.67312 67.321
8.67886 66.0417
8.68459 66.8277
8.69033 67.5538
8.69606 65.7127
8.7018 65.9688
8.70754 69.348
8.71327 70.0268
8.71901 66.5494
8.72475 68.655
8.73048 66.5968
8.73622 69.8922
8.74195 68.5161
8.74769 70.1568
8.75343 70.5726
8.75916 70.3941
8.7649 69.7798
8.77064 70.1695
8.77637 68.9018
8.78211 67.7018
8.78784 66.0087
8.79358 66.8424
8.79932 68.2061
8.80505 68.3803
8.81079 69.7094
8.81652 67.7062
8.82226 66.7617
8.828 68.5741
8.83373 68.8341
8.83947 69.0428
8.84521 71.2683
8.85094 68.75
8.85668 68.8615
8.86241 68.9795
8.86815 69.6092
8.87389 70.518
8.87962 71.7514
8.88536 68.337
8.8911 70.0214
8.89683 66.4877
8.90257 71.918
8.9083 70.3468
8.91404 68.6562
8.91978 74.7943
8.92551 81.1656
8.93125 85.5854
8.93698 98.6687
8.94272 88.7383
8.94846 85.6667
8.95419 79.3154
8.95993 74.4054
8.96567 73.472
8.9714 71.8346
8.97714 75.5633
8.98287 75.2168
8.98861 76.3407
8.99435 76.1517
9.00008 74.7949
9.00582 77.8618
9.01156 79.1145
9.01729 80.7886
9.02303 83.2786
9.02876 85.2564
9.0345 82.4146
9.04024 85.2326
9.04597 86.8462
9.05171 80.8189
9.05744 79.7438
9.06318 82.9515
9.06892 75.7059
9.07465 78.125
9.08039 74.1282
9.08613 70.2056
9.09186 71.3229
9.0976 67.4135
9.10333 67.7083
9.10907 70.8367
9.11481 65.1562
9.12054 67.5227
9.12628 66.4286
9.13202 67.1463
9.13775 64.7174
9.14349 68.4167
9.14922 66.8049
9.15496 64.9512
9.1607 62.8108
9.16643 66.65
9.17217 65.589
9.1779 67.4342
9.18364 65.8857
9.18938 68.1324
9.19511 63.1912
9.20085 63.3968
9.20659 62.2462
9.21232 64.0333
9.21806 60
9.22379 59.0182
9.22953 58.2182
9.23527 58.2642
9.241 62.2143
9.24674 59.5918
9.25248 59.7447
9.25821 54.0222
9.26395 56.8864
9.26968 50.7907
9.27542 66
9.28116 60.175
9.28689 57
9.29263 51.9394
9.29836 52.9394
9.3041 47.9091
9.30984 53.6429
9.31557 45.5926
9.32131 50.7037
9.32705 42
9.33278 41.3478
9.33852 35.5263
9.34425 38.7222
9.34999 36.5882
9.35573 38.4286
9.36146 43.8182
9.3672 28.8182
9.37294 33.75
9.37867 27.5556
9.38441 14.6667
9.39014 13.5
9.39588 0
9.40162 0
9.40735 0
9.41309 0
9.41882 0
9.42456 0
9.4303 0
9.43603 0
9.44177 0
9.44751 0
9.45324 0
9.45898 0
9.46471 0
9.47045 0
9.47619 0
9.48192 0
9.48766 0
9.4934 0
9.49913 0
9.50487 0
9.5106 0
9.51634 0
9.52208 0
9.52781 0
9.53355 0
9.53928 0
9.54502 0
9.55076 0
9.55649 0
9.56223 0
9.56797 0
9.5737 0
9.57944 0
9.58517 0
9.59091 0
9.59665 0
9.60238 0
9.60812 0
9.61386 0
9.61959 0
9.62533 0
9.63106 0
9.6368 0
9.64254 0
9.64827 0
9.65401 0
9.65974 0
9.66548 0
9.67122 0
9.67695 0
9.68269 0
9.68843 0
9.69416 0
9.6999 0
9.70563 0
9.71137 0
9.71711 0
9.72284 0
9.72858 0
9.73432 0
9.74005 0
9.74579 0
9.75152 0
9.75726 0
9.763 0
9.76873 0
9.77447 0
9.7802 0
9.78594 0
9.79168 0
9.79741 0
9.80315 0
9.80889 0
9.81462 0
9.82036 0
9.82609 0
9.83183 0
9.83757 0
9.8433 0
9.84904 0
9.85478 0
9.86051 0
9.86625 0
9.87198 0
9.87772 0
9.88346 0
9.88919 0
9.89493 0
9.90066 0
9.9064 0
9.91214 0
9.91787 0
9.92361 0
9.92935 0
9.93508 0
9.94082 0
9.94655 0
9.95229 0
9.95803 0
9.96376 0
9.9695 0
9.97524 0
9.98097 0
9.98671 0
9.99244 0
9.99818 0
10.0039 0
10.0097 0
10.0154 0
10.0211 0
10.0269 0
10.0326 0
10.0383 0
10.0441 0
10.0498 0
10.0555 0
10.0613 0
10.067 0
10.0728 0
10.0785 0
10.0842 0
10.09 0
10.0957 0
10.1014 0
10.1072 0
10.1129 0
10.1186 0
10.1244 0
10.1301 0
10.1358 0
10.1416 0
10.1473 0
10.1531 0
10.1588 0
10.1645 0
10.1703 0
10.176 0
10.1817 0
10.1875 0
10.1932 0
10.1989 0
10.2047 0
10.2104 0
10.2162 0
10.2219 0
10.2276 0
10.2334 0
10.2391 0
10.2448 0
10.2506 0
10.2563 0
10.262 0
10.2678 0
10.2735 0
10.2793 0
10.285 0
10.2907 0
10.2965 0
10.3022 0
10.3079 0
10.3137 0
10.3194 0
10.3251 0
10.3309 0
10.3366 0
10.3424 0
10.3481 0
10.3538 0
10.3596 0
10.3653 0
10.371 0
10.3768 0
10.3825 0
10.3882 0
10.394 0
10.3997 0
10.4054 0
10.4112 0
10.4169 0
10.4227 0
10.4284 0
10.4341 0
10.4399 0
10.4456 0
10.4513 0
10.4571 0
10.4628 0
10.4685 0
10.4743 0
10.48 0
10.4858 0
10.4915 0
10.4972 0
10.503 0
10.5087 0
10.5144 0
10.5202 0
10.5259 0
10.5316 0
10.5374 0
10.5431 0
10.5489 0
10.5546 0
10.5603 0
10.5661 0
10.5718 0
10.5775 0
10.5833 0
10.589 0
10.5947 0
10.6005 0
10.6062 0
10.612 0
10.6177 0
10.6234 0
10.6292 0
10.6349 0
10.6406 0
10.6464 0
10.6521 0
10.6578 0
10.6636 0
10.6693 0
10.6751 0
10.6808 0
10.6865 0
10.6923 0
10.698 0
10.7037 0
10.7095 0
10.7152 0
10.7209 0
10.7267 0
10.7324 0
10.7381 0
10.7439 0
10.7496 0
10.7554 0
10.7611 0
10.7668 0
10.7726 0
10.7783 0
10.784 0
10.7898 0
10.7955 0
10.8012 0
10.807 0
10.8127 0
10.8185 0
10.8242 0
10.8299 0
10.8357 0
10.8414 0
10.8471 0
10.8529 0
10.8586 0
10.8643 0
10.8701 0
10.8758 0
10.8816 0
10.8873 0
10.893 0
10.8988 0
10.9045 0
10.9102 0
10.916 0
10.9217 0
10.9274 0
10.9332 0
10.9389 0
10.9447 0
10.9504 0
10.9561 0
10.9619 0
10.9676 0
10.9733 0
10.9791 0
10.9848 0
10.9905 0
10.9963 0
11.002 0
11.0077 0
11.0135 0
11.0192 0
11.025 0
11.0307 0
11.0364 0
11.0422 0
11.0479 0
11.0536 0
11.0594 0
11.0651 0
11.0708 0
11.0766 0
11.0823 0
11.0881 0
11.0938 0
11.0995 0
11.1053 0
11.111 0
11.1167 0
11.1225 0
11.1282 0
11.1339 0
11.1397 0
11.1454 0
11.1512 0
11.1569 0
11.1626 0
11.1684 0
11.1741 0
11.1798 0
11.1856 0
11.1913 0
11.197 0
11.2028 0
11.2085 0
11.2143 0
11.22 0
11.2257 0
11.2315 0
11.2372 0
11.2429 0
11.2487 0
11.2544 0
11.2601 0
11.2659 0
11.2716 0
11.2774 0
11.2831 0
11.2888 0
11.2946 0
11.3003 0
11.306 0
11.3118 0
11.3175 0
11.3232 0
11.329 0
11.3347 0
11.3404 0
11.3462 0
11.3519 0
11.3577 0
11.3634 0
11.3691 0
11.3749 0
11.3806 0
11.3863 0
11.3921 0
11.3978 0
11.4035 0
11.4093 0
11.415 0
11.4208 0
11.4265 0
11.4322 0
11.438 0
11.4437 0
11.4494 0
11.4552 0
11.4609 0
11.4666 0
11.4724 0
11.4781 0
11.4839 0
11.4896 0
11.4953 0
11.5011 0
11.5068 0
11.5125 0
11.5183 0
11.524 0
11.5297 0
11.5355 0
11.5412 0
11.547 0
11.5527 0
11.5584 0
11.5642 0
11.5699 0
11.5756 0
11.5814 0
11.5871 0
11.5928 0
11.5986 0
11.6043 0
11.61 0
11.6158 0
11.6215 0
11.6273 0
11.633 0
11.6387 0
11.6445 0
11.6502 0
11.6559 0
11.6617 0
11.6674 0
11.6731 0
11.6789 0
11.6846 0
11.6904 0
11.6961 0
11.7018 0
11.7076 0
11.7133 0
11.719 0
11.7248 0
11.7305 0
11.7362 0
11.742 0
