0 0
0.00573619 5
0.0114724 -39
0.0172086 -0.5
0.0229448 3.33333
0.028681 6
0.0344171 22
0.0401533 10.4
0.0458895 -16.6
0.0516257 -0.333333
0.0573619 -4.83333
0.0630981 -0.142857
0.0688343 10.8571
0.0745705 -2.33333
0.0803067 8.22222
0.0860429 4.66667
0.091779 20.5
0.0975152 3.30769
0.103251 5.66667
0.108988 5.77778
0.114724 0.1
0.12046 2.54545
0.126196 10.4667
0.131932 -0.375
0.137669 3.46667
0.143405 -4.84615
0.149141 -5
0.154877 -6.8125
0.160613 5.73333
0.16635 -0.266667
0.172086 -4.16667
0.177822 -0.789474
0.183558 -2
0.189294 4.07143
0.19503 6.66667
0.200767 0.52381
0.206503 -2.88235
0.212239 8.55556
0.217975 2.95238
0.223711 4.35294
0.229448 6.04167
0.235184 0.956522
0.24092 0
0.246656 0.0555556
0.252392 0.72
0.258129 -1.37037
0.263865 4.66667
0.269601 -0.416667
0.275337 5.27586
0.281073 6.76
0.28681 1.58333
0.292546 1.72
0.298282 3.10345
0.304018 3.44444
0.309754 3.83333
0.31549 3.06452
0.321227 0.185185
0.326963 2.4
0.332699 1.87097
0.338435 -0.181818
0.344171 3.25
0.349908 3.51429
0.355644 -1.08571
0.36138 4.74194
0.367116 0.647059
0.372852 3.06061
0.378589 -1.2973
0.384325 2.53125
0.390061 3.05128
0.395797 3.25641
0.401533 2.46154
0.40727 3.90698
0.413006 5.02703
0.418742 4.875
0.424478 8.38235
0.430214 5.55556
0.43595 6.97561
0.441687 5.5
0.447423 6.23404
0.453159 13.7436
0.458895 8.7907
0.464631 14.2273
0.470368 12.8293
0.476104 12.8511
0.48184 10.0833
0.487576 11.9808
0.493312 11.8293
0.499049 12.6
0.504785 11.1228
0.510521 11.0222
0.516257 14.0698
0.521993 10.2273
0.52773 16.2453
0.533466 19.5778
0.539202 13.4375
0.544938 17.3333
0.550674 15.7885
0.55641 20.3125
0.562147 13.6471
0.567883 15.1579
0.573619 12.5778
0.579355 10.2222
0.585091 13.2982
0.590828 12.1887
0.596564 14.3333
0.6023 7.60714
0.608036 14.3692
0.613772 11.7551
0.619509 13.8276
0.625245 16.4746
0.630981 12.4909
0.636717 15.2759
0.642453 14.4211
0.64819 14.7778
0.653926 16.6731
0.659662 21.2154
0.665398 16.6094
0.671134 18.3509
0.67687 19.0645
0.682607 17.2857
0.688343 22.2537
0.694079 20.0926
0.699815 16.2464
0.705551 15.4308
0.711288 19.4182
0.717024 18.2838
0.72276 17.377
0.728496 22.5
0.734232 18.8438
0.739969 17.6812
0.745705 20.9296
0.751441 21.6034
0.757177 16.4286
0.762913 21.7761
0.76865 21.6667
0.774386 19.6618
0.780122 18.5616
0.785858 20.4026
0.791594 19.5833
0.79733 17.878
0.803067 17.6667
0.808803 18.1286
0.814539 18.2716
0.820275 17.2254
0.826011 15.987
0.831748 17.2222
0.837484 16.6941
0.84322 18.3429
0.848956 16.0972
0.854692 15.5059
0.860429 16.9383
0.866165 16.1096
0.871901 17.95
0.877637 14.5783
0.883373 18.026
0.88911 17.7308
0.894846 17.6118
0.900582 16.3855
0.906318 16.6622
0.912054 16.3778
0.91779 14.7126
0.923527 19.3117
0.929263 17.814
0.934999 19.9231
0.940735 15.7037
0.946471 17.6548
0.952208 17.8941
0.957944 20.0968
0.96368 16.6795
0.969416 14.2947
0.975152 17.8
0.980889 17.9647
0.986625 16.1512
0.992361 15.7474
0.998097 17.5053
1.00383 15.5625
1.00957 19.4747
1.01531 16.6495
1.02104 16.0595
1.02678 17.8021
1.03251 15.9451
1.03825 15.01
1.04399 17.0465
1.04972 18.2475
1.05546 17.5248
1.0612 17.8415
1.06693 16.7383
1.07267 18.1099
1.0784 15.4757
1.08414 17.0816
1.08988 19.44
1.09561 16.8381
1.10135 18.2209
1.10708 16.6727
1.11282 17.3789
1.11856 18.9286
1.12429 17.2667
1.13003 22.7714
1.13577 21.1714
1.1415 17.8137
1.14724 15.6239
1.15297 18.67
1.15871 14.7
1.16445 18.6783
1.17018 16.2857
1.17592 17.7944
1.18166 18.0938
1.18739 15.5882
1.19313 16.0367
1.19886 19.2039
1.2046 17.8609
1.21034 16.5327
1.21607 16.9455
1.22181 14.0455
1.22754 16.0855
1.23328 14.0654
1.23902 18.3482
1.24475 15.395
1.25049 17.0092
1.25623 16.2315
1.26196 17.0855
1.2677 15.7984
1.27343 13.6486
1.27917 17.4915
1.28491 18.3559
1.29064 17.6903
1.29638 16.5172
1.30212 16.8889
1.30785 17.7983
1.31359 17.9224
1.31932 19.9843
1.32506 18.8067
1.3308 13.4914
1.33653 15.6111
1.34227 17.0924
1.348 15.9528
1.35374 14.1504
1.35948 18.024
1.36521 15.8397
1.37095 14.4636
1.37669 14.1439
1.38242 19.6967
1.38816 19.458
1.39389 15.4153
1.39963 15.1894
1.40537 14.6124
1.4111 15.8482
1.41684 15.4126
1.42258 16.1556
1.42831 17.6694
1.43405 15.2231
1.43978 16.9852
1.44552 17.0145
1.45126 17.8983
1.45699 17.3333
1.46273 19.2348
1.46846 18.0238
1.4742 16.6154
1.47994 13.1318
1.48567 16.6241
1.49141 16.5077
1.49715 15.6242
1.50288 17.2117
1.50862 16.0645
1.51435 17.4315
1.52009 17.3546
1.52583 19.0382
1.53156 15.163
1.5373 13.9456
1.54304 17.0638
1.54877 16.2794
1.55451 17.7383
1.56024 14.219
1.56598 17.1357
1.57172 16.5603
1.57745 15.5135
1.58319 17.2908
1.58892 19.4296
1.59466 15.9467
1.6004 15.014
1.60613 19.3043
1.61187 18.4228
1.61761 14.1146
1.62334 19.6617
1.62908 17.2194
1.63481 14.5497
1.64055 17.0667
1.64629 14.1027
1.65202 16.6093
1.65776 16.0596
1.6635 14.9781
1.66923 17.4214
1.67497 15.7117
1.6807 17.5255
1.68644 15.1203
1.69218 16.6667
1.69791 15.1895
1.70365 15.5473
1.70938 14.1731
1.71512 16.7853
1.72086 17.7574
1.72659 16.3815
1.73233 14.6645
1.73807 15.5817
1.7438 16.8855
1.74954 15.0063
1.75527 16.9329
1.76101 17.1471
1.76675 17.1271
1.77248 15.5244
1.77822 16.3741
1.78396 16.0833
1.78969 15.7834
1.79543 18.2081
1.80116 16.1338
1.8069 17.4795
1.81264 18.3353
1.81837 16.2667
1.82411 16.2444
1.82984 16.9938
1.83558 15.7515
1.84132 14.8606
1.84705 16.9586
1.85279 17.5322
1.85853 15.5
1.86426 16.9435
1.87 18.2907
1.87573 14.7437
1.88147 18.5876
1.88721 18.4767
1.89294 16.3468
1.89868 17.9059
1.90442 18.9885
1.91015 19.2722
1.91589 33.7262
1.92162 36.0588
1.92736 19.6102
1.9331 19.875
1.93883 21.0291
1.94457 23.0582
1.9503 21.7882
1.95604 21.3488
1.96178 18.4254
1.96751 20.3405
1.97325 18.7669
1.97899 18.4866
1.98472 17
1.99046 15.9257
1.99619 18.044
2.00193 15.8842
2.00767 17.5141
2.0134 15.6395
2.01914 18.4787
2.02488 16.6073
2.03061 17.904
2.03635 16.25
2.04208 16.8757
2.04782 17.4362
2.05356 17.2204
2.05929 17.9116
2.06503 16.54
2.07076 15.8636
2.0765 16.8394
2.08224 14.5
2.08797 16.9017
2.09371 17.3434
2.09945 18.8162
2.10518 17.3417
2.11092 14.7005
2.11665 18.4308
2.12239 19.8889
2.12813 16.1953
2.13386 17.8259
2.1396 18.7136
2.14534 17.6
2.15107 18.2674
2.15681 19.1206
2.16254 17.6287
2.16828 17.2609
2.17402 17.5355
2.17975 17.38
2.18549 17.8254
2.19122 18.203
2.19696 17.6782
2.2027 19.5415
2.20843 23.9213
2.21417 33.5896
2.21991 39.8498
2.22564 29.2842
2.23138 20.4171
2.23711 19.7826
2.24285 20.3269
2.24859 17.3229
2.25432 19.1416
2.26006 18.3447
2.2658 19.9731
2.27153 18.0512
2.27727 16.5166
2.283 20.2736
2.28874 19.2059
2.29448 19.0315
2.30021 18.8294
2.30595 19.0404
2.31168 20.5417
2.31742 20.2464
2.32316 20.1538
2.32889 21.1729
2.33463 19.3662
2.34037 21.061
2.3461 21.0236
2.35184 22.8235
2.35757 23.451
2.36331 22.6542
2.36905 23.6959
2.37478 24.0766
2.38052 19.7604
2.38626 23.7778
2.39199 21.2265
2.39773 24.4203
2.40346 20.5708
2.4092 22.3901
2.41494 23.0407
2.42067 20.9539
2.42641 19.4424
2.43214 20.3333
2.43788 20.4058
2.44362 18.2247
2.44935 20.3476
2.45509 21.1972
2.46083 20.2535
2.46656 19.3188
2.4723 19.9832
2.47803 21.2605
2.48377 19.5221
2.48951 21.2692
2.49524 19.9729
2.50098 20.7946
2.50672 20.8717
2.51245 21.1588
2.51819 20.2824
2.52392 20.4664
2.52966 20.0544
2.5354 20.7269
2.54113 21.2708
2.54687 19.8615
2.5526 21.4619
2.55834 20.3829
2.56408 21.434
2.56981 18.905
2.57555 19.4389
2.58129 22.0909
2.58702 20.3431
2.59276 20.9506
2.59849 21.7966
2.60423 22.2119
2.60997 20.4606
2.6157 20.5367
2.62144 20.4297
2.62718 20.6383
2.63291 21.046
2.63865 21.7468
2.64438 20.2469
2.65012 23.26
2.65586 20.692
2.66159 20.7905
2.66733 20.0697
2.67306 21.8383
2.6788 21.1562
2.68454 21.7563
2.69027 20.9759
2.69601 19.9696
2.70175 22.7188
2.70748 23.1193
2.71322 21.7806
2.71895 21.8199
2.72469 21.3621
2.73043 22.6772
2.73616 20.6208
2.7419 21.3463
2.74764 22.6126
2.75337 22.2381
2.75911 22.8479
2.76484 24.2778
2.77058 21.2263
2.77632 22.0618
2.78205 20.3333
2.78779 20.6718
2.79352 22.2582
2.79926 21.312
2.805 21.257
2.81073 20.1033
2.81647 21.4741
2.82221 21.7795
2.82794 21.6786
2.83368 23.6583
2.83941 23.0108
2.84515 23.028
2.85089 22.6744
2.85662 21.9775
2.86236 21.3435
2.8681 21.8577
2.87383 22.6038
2.87957 21.6439
2.8853 23.751
2.89104 22.7529
2.89678 25.3472
2.90251 23.6398
2.90825 23.5157
2.91398 23.1022
2.91972 24.8448
2.92546 25.305
2.93119 24.4377
2.93693 26.657
2.94267 24.5534
2.9484 25.3811
2.95414 24.0467
2.95987 24.4137
2.96561 25.3462
2.97135 28.3772
2.97708 27.2695
2.98282 33.8327
2.98856 67.7893
2.99429 67.0464
3.00003 35.0967
3.00576 30.692
3.0115 25.9265
3.01724 27.1972
3.02297 24.6527
3.02871 25.2626
3.03444 26.4516
3.04018 25.6115
3.04592 25.4301
3.05165 25.9391
3.05739 24.7208
3.06313 27.5953
3.06886 25.9696
3.0746 28.4632
3.08033 26.4964
3.08607 25.5142
3.09181 27.9674
3.09754 27.2284
3.10328 31.1579
3.10902 31.6473
3.11475 31.8
3.12049 31.9267
3.12622 30.0214
3.13196 33.7758
3.1377 36.0233
3.14343 40.9679
3.14917 36.5813
3.1549 30.9397
3.16064 29.9081
3.16638 29.4851
3.17211 31.4583
3.17785 30.727
3.18359 29.6201
3.18932 30.71
3.19506 29.4141
3.20079 29.974
3.20653 28.9446
3.21227 29.5392
3.218 30.316
3.22374 31.3611
3.22948 33.01
3.23521 32.4951
3.24095 30.4498
3.24668 31.3175
3.25242 32.5567
3.25816 31.8239
3.26389 30.8645
3.26963 34.1712
3.27536 31.8284
3.2811 32.6728
3.28684 31.8625
3.29257 33.8
3.29831 35.4714
3.30405 34.5353
3.30978 37
3.31552 38.648
3.32125 39.4983
3.32699 39.1827
3.33273 41.5801
3.33846 42.0897
3.3442 40.2821
3.34994 39.6007
3.35567 39.794
3.36141 41.4732
3.36714 43.2308
3.37288 55.1596
3.37862 64.7543
3.38435 62.5631
3.39009 74.3603
3.39582 70.0294
3.40156 41.4528
3.4073 42.3778
3.41303 40.8713
3.41877 40.769
3.42451 42.2632
3.43024 41.6306
3.43598 41.3531
3.44171 40.2382
3.44745 40.3799
3.45319 39.9687
3.45892 39.4
3.46466 41.6856
3.4704 41.5249
3.47613 41.1921
3.48187 41.3253
3.4876 42.3206
3.49334 42.3397
3.49908 42.9873
3.50481 44.2418
3.51055 45.525
3.51628 44.071
3.52202 46.2154
3.52776 51.0621
3.53349 51.1604
3.53923 55.0895
3.54497 64.163
3.5507 68.4515
3.55644 64.2444
3.56217 58.8
3.56791 53.673
3.57365 48.823
3.57938 49.7222
3.58512 50.7323
3.59086 47.6975
3.59659 50.1019
3.60233 49.3061
3.60806 51.1
3.6138 50.6444
3.61954 52.3612
3.62527 52.8464
3.63101 55.7757
3.63674 59.6586
3.64248 65.1127
3.64822 67.6316
3.65395 69.9701
3.65969 71.2676
3.66543 70.6006
3.67116 68.6176
3.6769 67.506
3.68263 71.5271
3.68837 70.8159
3.69411 69.8768
3.69984 66.7932
3.70558 65.7151
3.71132 64.003
3.71705 67.5942
3.72279 66.242
3.72852 68.2478
3.73426 70.3313
3.74 71.3933
3.74573 71.4209
3.75147 73.2168
3.7572 73.6497
3.76294 73.7507
3.76868 74.5153
3.77441 79.6761
3.78015 81.0808
3.78589 83.9515
3.79162 84.6385
3.79736 88.4087
3.80309 92.1131
3.80883 96.5493
3.81457 102.525
3.8203 107.413
3.82604 116.445
3.83178 129.662
3.83751 155.784
3.84325 235.087
3.84898 361.552
3.85472 487.74
3.86046 382.82
3.86619 365.015
3.87193 432.174
3.87766 546.374
3.8834 719.776
3.88914 916.531
3.89487 1076.56
3.90061 1015.34
3.90635 835.578
3.91208 652.568
3.91782 476.171
3.92355 359.395
3.92929 286.606
3.93503 230.456
3.94076 193.302
3.9465 165.918
3.95224 146.253
3.95797 132.491
3.96371 120.791
3.96944 116.828
3.97518 112.496
3.98092 107.284
3.98665 101.84
3.99239 98.0921
3.99812 94.0638
4.00386 92.1782
4.0096 92.3978
4.01533 88.5789
4.02107 87.8872
4.02681 87.3039
4.03254 87.3128
4.03828 86.6082
4.04401 85.6529
4.04975 85.6702
4.05549 81.8856
4.06122 82.289
4.06696 80.888
4.0727 79.7247
4.07843 80.7408
4.08417 78.4092
4.0899 78.4672
4.09564 78.0745
4.10138 76.3501
4.10711 77.0545
4.11285 74.3852
4.11858 75.6
4.12432 74.8553
4.13006 78.7283
4.13579 76.148
4.14153 78.059
4.14727 76.8969
4.153 76.1706
4.15874 73.7535
4.16447 76.4056
4.17021 74.9688
4.17595 74.5342
4.18168 73.624
4.18742 75.7287
4.19316 75.4192
4.19889 77.6207
4.20463 80.5345
4.21036 79.7077
4.2161 79.0371
4.22184 76.8114
4.22757 78.448
4.23331 77.3713
4.23904 75.0792
4.24478 76.1119
4.25052 74.7786
4.25625 75.8076
4.26199 76.5915
4.26773 81.3018
4.27346 79.9974
4.2792 79.4599
4.28493 83.3722
4.29067 80.9571
4.29641 80.1863
4.30214 82.7975
4.30788 85.8342
4.31362 86.8951
4.31935 87.9008
4.32509 90.2975
4.33082 88.4839
4.33656 92.7973
4.3423 95.8164
4.34803 94.7694
4.35377 98.7601
4.3595 102.095
4.36524 107.093
4.37098 110.669
4.37671 114.85
4.38245 118.08
4.38819 122.389
4.39392 133.081
4.39966 134.078
4.40539 147.898
4.41113 158.946
4.41687 173.938
4.4226 205.262
4.42834 259.435
4.43408 424.153
4.43981 961.237
4.44555 2101.67
4.45128 8875.27
4.45702 11718.8
4.46276 5047.62
4.46849 1607.18
4.47423 831.445
4.47996 475.096
4.4857 396.192
4.49144 379.563
4.49717 350.569
4.50291 353.252
4.50865 335.412
4.51438 307.763
4.52012 273.196
4.52585 234.408
4.53159 206.903
4.53733 181.407
4.54306 157.923
4.5488 142.683
4.55454 130.298
4.56027 117.345
4.56601 108.786
4.57174 101.688
4.57748 96.2628
4.58322 90.8592
4.58895 89.5388
4.59469 85.6061
4.60042 82.7429
4.60616 78.993
4.6119 77.2539
4.61763 76.5689
4.62337 74.1316
4.62911 75.9802
4.63484 75.6188
4.64058 70.0583
4.64631 70.094
4.65205 66.2903
4.65779 64.9091
4.66352 65.8607
4.66926 64.128
4.675 65.6353
4.68073 63.4024
4.68647 63.9317
4.6922 63.2155
4.69794 60.8665
4.70368 62.0847
4.70941 62.2897
4.71515 63.0746
4.72088 61.5568
4.72662 60.993
4.73236 61.4014
4.73809 61.4622
4.74383 62.7455
4.74957 59.8071
4.7553 60.7056
4.76104 59.9007
4.76677 60.2967
4.77251 57.4014
4.77825 57.4209
4.78398 56.3022
4.78972 54.0359
4.79546 55.5289
4.80119 54.8854
4.80693 54.5576
4.81266 52.4943
4.8184 54.1471
4.82414 51.817
4.82987 53.0045
4.83561 51.4419
4.84134 52.9609
4.84708 56.7438
4.85282 55.906
4.85855 54.7731
4.86429 51.9658
4.87003 50.7644
4.87576 50.4889
4.8815 49.0216
4.88723 50.3525
4.89297 48.7004
4.89871 48.8596
4.90444 49
4.91018 49.6636
4.91592 48.5642
4.92165 48.7857
4.92739 47.2785
4.93312 48.3
4.93886 47.7856
4.9446 48.4653
4.95033 47.2303
4.95607 47.8879
4.9618 47.1853
4.96754 48.0596
4.97328 48.9979
4.97901 56.2094
4.98475 51.8364
4.99049 48.3482
4.99622 47.482
5.00196 47.06
5.00769 46.4545
5.01343 46.6976
5.01917 46.6058
5.0249 47.0114
5.03064 45.5313
5.03638 47.6905
5.04211 46.6761
5.04785 46.8575
5.05358 47.0064
5.05932 47.1253
5.06506 46.567
5.07079 45.4099
5.07653 47.6985
5.08226 46.2763
5.088 45.7642
5.09374 46.0464
5.09947 46.563
5.10521 44.3311
5.11095 43.9808
5.11668 44.4447
5.12242 44.1754
5.12815 45.0679
5.13389 45.0832
5.13963 45.2328
5.14536 45.015
5.1511 45.7201
5.15684 45.9713
5.16257 45.4217
5.16831 45.7983
5.17404 46.2303
5.17978 44.9686
5.18552 44.9014
5.19125 45.2381
5.19699 44.2661
5.20272 44.453
5.20846 44.7669
5.2142 46.3649
5.21993 44.9103
5.22567 43.8865
5.23141 45.242
5.23714 47.087
5.24288 44.8678
5.24861 46.6843
5.25435 45.3842
5.26009 46.3942
5.26582 45.9019
5.27156 45.8262
5.2773 45.4729
5.28303 45.2878
5.28877 46.057
5.2945 46.0531
5.30024 46.8482
5.30598 46.5426
5.31171 45.2465
5.31745 47.8859
5.32318 47.2869
5.32892 46.7917
5.33466 46.9734
5.34039 46.6534
5.34613 47.6289
5.35187 56.3294
5.3576 49.0679
5.36334 48.1163
5.36907 46.9826
5.37481 48.4896
5.38055 47.5239
5.38628 48.2425
5.39202 50.5929
5.39776 50.7077
5.40349 51.5365
5.40923 48.4035
5.41496 47.2272
5.4207 44.5884
5.42644 46.8132
5.43217 46.4807
5.43791 45.3386
5.44364 49.3888
5.44938 48.3464
5.45512 48.7631
5.46085 48.7992
5.46659 48.0192
5.47233 46.3871
5.47806 47.1129
5.4838 47.1475
5.48953 46.5547
5.49527 46.8841
5.50101 46.7694
5.50674 46.5693
5.51248 45.6322
5.51822 45.8878
5.52395 47.9202
5.52969 46.9426
5.53542 48.9509
5.54116 50.4821
5.5469 47.8
5.55263 48.0431
5.55837 48.065
5.5641 47.7795
5.56984 46.4563
5.57558 47.8945
5.58131 48.7248
5.58705 48.1794
5.59279 48.8059
5.59852 48.115
5.60426 48.3708
5.60999 48.6392
5.61573 48.7765
5.62147 49.4789
5.6272 48.0113
5.63294 50.8423
5.63868 48.0329
5.64441 49.9026
5.65015 49.6453
5.65588 51.5204
5.66162 51.4501
5.66736 51.2761
5.67309 50.3872
5.67883 50.6687
5.68456 50.2642
5.6903 50.8244
5.69604 51.1423
5.70177 53.0357
5.70751 53.7137
5.71325 53.5973
5.71898 53.8227
5.72472 53.5564
5.73045 53.9669
5.73619 52.496
5.74193 52.6556
5.74766 53.6184
5.7534 54.1609
5.75914 54.0533
5.76487 54.4232
5.77061 52.044
5.77634 56.2096
5.78208 56.9414
5.78782 57.361
5.79355 55.7893
5.79929 57.3643
5.80502 57.1351
5.81076 55.4982
5.8165 57.1538
5.82223 57.1024
5.82797 57.7868
5.83371 57.1464
5.83944 57.2401
5.84518 57.6502
5.85091 58.0505
5.85665 57.5899
5.86239 56.8412
5.86812 58.4588
5.87386 58.2622
5.8796 58.9942
5.88533 59.5395
5.89107 59.5415
5.8968 59.4595
5.90254 60.6892
5.90828 60.5281
5.91401 60.4049
5.91975 60.7939
5.92548 61.8018
5.93122 62.3327
5.93696 63.5802
5.94269 73.0473
5.94843 70.9656
5.95417 88.4804
5.9599 71.8192
5.96564 68.6133
5.97137 65.9842
5.97711 67.7962
5.98285 68.2963
5.98858 68.1861
5.99432 68.1033
6.00006 68.5064
6.00579 68.9458
6.01153 71.5271
6.01726 73.9336
6.023 75.4931
6.02874 74.6643
6.03447 73.0599
6.04021 72.8242
6.04594 74.1939
6.05168 75.0932
6.05742 75.6446
6.06315 76.5087
6.06889 76.9377
6.07463 79.1633
6.08036 78.1541
6.0861 78.9722
6.09183 80.7434
6.09757 82.6883
6.10331 83.3513
6.10904 83.1235
6.11478 86.3431
6.12052 86.4663
6.12625 86.8918
6.13199 88.7782
6.13772 90.6311
6.14346 91.0979
6.1492 93.583
6.15493 94.9288
6.16067 95.6842
6.1664 99.9045
6.17214 101.181
6.17788 103.396
6.18361 106.093
6.18935 108.247
6.19509 116.766
6.20082 115.068
6.20656 119.504
6.21229 124.774
6.21803 135.196
6.22377 137.077
6.2295 144.093
6.23524 150.984
6.24098 153.614
6.24671 159.651
6.25245 176.684
6.25818 186.117
6.26392 205.082
6.26966 238.328
6.27539 319.683
6.28113 423.574
6.28686 1005.23
6.2926 2845.81
6.29834 6352.99
6.30407 6572.72
6.30981 9989.72
6.31555 3089.08
6.32128 1640.47
6.32702 644.65
6.33275 415.097
6.33849 364.684
6.34423 299.274
6.34996 292.012
6.3557 292.586
6.36144 293.301
6.36717 307.546
6.37291 325.276
6.37864 323.954
6.38438 303.431
6.39012 281.807
6.39585 257.177
6.40159 226.949
6.40732 204.748
6.41306 186.881
6.4188 169.855
6.42453 157.388
6.43027 148.137
6.43601 142.063
6.44174 134.582
6.44748 131.116
6.45321 126.779
6.45895 126.647
6.46469 121.34
6.47042 118.425
6.47616 119.055
6.4819 112.21
6.48763 109.571
6.49337 107.095
6.4991 104.818
6.50484 103.363
6.51058 101.198
6.51631 101.793
6.52205 98.5214
6.52778 97.5117
6.53352 97.3612
6.53926 98.4949
6.54499 96.056
6.55073 96.1424
6.55647 94.8687
6.5622 94.9291
6.56794 94.5714
6.57367 93.8367
6.57941 95.5926
6.58515 93.8064
6.59088 93.4693
6.59662 92.324
6.60236 90.7736
6.60809 89.8505
6.61383 89.0741
6.61956 89.0099
6.6253 88.1045
6.63104 88.145
6.63677 88.5442
6.64251 87.1445
6.64824 87.3882
6.65398 87.0352
6.65972 86.7576
6.66545 86.5908
6.67119 85.6392
6.67693 87.4126
6.68266 86.9207
6.6884 87.0047
6.69413 86.8758
6.69987 84.0448
6.70561 86.0932
6.71134 85.0033
6.71708 85.1787
6.72282 83.8264
6.72855 84.738
6.73429 83.9767
6.74002 83.1831
6.74576 84.1044
6.7515 82.8896
6.75723 84.4876
6.76297 82.6071
6.7687 83.1325
6.77444 82.9838
6.78018 80.804
6.78591 83.0594
6.79165 83.4189
6.79739 81.7705
6.80312 83.0528
6.80886 83.2404
6.81459 84.0563
6.82033 82.7563
6.82607 82.566
6.8318 82.3587
6.83754 81.9201
6.84328 81.6046
6.84901 82.4169
6.85475 81.4575
6.86048 82.6646
6.86622 80.5806
6.87196 83.7523
6.87769 81.3366
6.88343 81.9146
6.88916 82.2074
6.8949 81.715
6.90064 81.8064
6.90637 82.0849
6.91211 82.5981
6.91785 82.1106
6.92358 81.2226
6.92932 81.7407
6.93505 82.7003
6.94079 82.6798
6.94653 82.3868
6.95226 83.4061
6.958 81.5937
6.96374 81.5091
6.96947 81.5031
6.97521 82.3595
6.98094 81.9434
6.98668 81.7267
6.99242 83.8305
6.99815 82.6553
7.00389 81.4889
7.00962 82.2197
7.01536 83.2786
7.0211 83.2113
7.02683 83.9493
7.03257 83.0352
7.03831 83.2149
7.04404 84.6073
7.04978 84.893
7.05551 83.8668
7.06125 83.8133
7.06699 82.4862
7.07272 83.9362
7.07846 84.0494
7.0842 84.9774
7.08993 85.4711
7.09567 87.1336
7.1014 85.3368
7.10714 85.1116
7.11288 88.0703
7.11861 87.7358
7.12435 88.2027
7.13008 86.7262
7.13582 87.6289
7.14156 86.8696
7.14729 88.6336
7.15303 87.6919
7.15877 88.0885
7.1645 87.9449
7.17024 89.0796
7.17597 87.6308
7.18171 89.7756
7.18745 89.425
7.19318 89.026
7.19892 90.4101
7.20466 90.8646
7.21039 90.3857
7.21613 91.9788
7.22186 93.1185
7.2276 92.829
7.23334 92.9386
7.23907 92.4874
7.24481 93.0144
7.25054 93.729
7.25628 93.3459
7.26202 96.8866
7.26775 94.2936
7.27349 94.5912
7.27923 95.4561
7.28496 97.0494
7.2907 97.0015
7.29643 98.931
7.30217 97.0134
7.30791 98.756
7.31364 99.3994
7.31938 99.3008
7.32512 102.594
7.33085 100.696
7.33659 103.424
7.34232 103.56
7.34806 106.477
7.3538 107.59
7.35953 105.567
7.36527 112.59
7.371 120.156
7.37674 157.257
7.38248 141.162
7.38821 366.509
7.39395 367.35
7.39969 432.507
7.40542 786.284
7.41116 408.589
7.41689 251.539
7.42263 183.802
7.42837 164.867
7.4341 160.283
7.43984 161.094
7.44558 166.744
7.45131 176.264
7.45705 191.708
7.46278 208.601
7.46852 233.602
7.47426 252.425
7.47999 263.407
7.48573 258.569
7.49146 240.428
7.4972 219.349
7.50294 198.414
7.50867 178.117
7.51441 162.447
7.52015 147.791
7.52588 135.638
7.53162 126.716
7.53735 119.972
7.54309 113.981
7.54883 109.588
7.55456 106.508
7.5603 103.961
7.56604 102.458
7.57177 97.5198
7.57751 95.9819
7.58324 93.1943
7.58898 93.4438
7.59472 91.8958
7.60045 91.1681
7.60619 88.5471
7.61192 86.9549
7.61766 87.7116
7.6234 86.8374
7.62913 86.9296
7.63487 86.7577
7.64061 85.5014
7.64634 84.4214
7.65208 83.9182
7.65781 84.6069
7.66355 84.3452
7.66929 83.7621
7.67502 83.7658
7.68076 84.2843
7.6865 84.6082
7.69223 83.8269
7.69797 84.3481
7.7037 85.7273
7.70944 88.6923
7.71518 101.288
7.72091 117.256
7.72665 222.773
7.73238 381.464
7.73812 138.33
7.74386 142.742
7.74959 107.209
7.75533 97.8084
7.76107 96.7099
7.7668 95.2857
7.77254 97.7232
7.77827 101.406
7.78401 105.034
7.78975 111.577
7.79548 119.8
7.80122 127.733
7.80696 134.764
7.81269 136.435
7.81843 134.139
7.82416 123.807
7.8299 117.005
7.83564 108.237
7.84137 101.496
7.84711 95.7866
7.85284 89.9245
7.85858 87.4317
7.86432 84.4023
7.87005 82.587
7.87579 79.9626
7.88153 76.8238
7.88726 76.505
7.893 75.1552
7.89873 74.3111
7.90447 74.7122
7.91021 78.7824
7.91594 79.5135
7.92168 83.0202
7.92742 75.5146
7.93315 72.321
7.93889 70.1322
7.94462 69.4352
7.95036 68.0907
7.9561 68.7026
7.96183 68.4625
7.96757 70.0454
7.9733 70.9046
7.97904 69.9516
7.98478 68.5082
7.99051 68.3528
7.99625 67.4514
8.00199 68.2579
8.00772 67.6077
8.01346 66.376
8.01919 67.6888
8.02493 65.8967
8.03067 67.0711
8.0364 65.874
8.04214 65.3064
8.04788 64.3187
8.05361 65.092
8.05935 65.0278
8.06508 65.7627
8.07082 64.8874
8.07656 63.6024
8.08229 64.6032
8.08803 65.2913
8.09376 64.2576
8.0995 64.154
8.10524 62.498
8.11097 61.4055
8.11671 59.4379
8.12245 59.1208
8.12818 58.4769
8.13392 57.218
8.13965 57.2638
8.14539 57.4213
8.15113 56.4265
8.15686 52.0814
8.1626 55.2682
8.16834 54.8195
8.17407 56.8718
8.17981 56.0445
8.18554 57.2696
8.19128 58.376
8.19702 56.69
8.20275 57.0329
8.20849 57.0256
8.21422 57.4154
8.21996 57.2052
8.2257 56.7843
8.23143 55.712
8.23717 55.6021
8.24291 56.7835
8.24864 56.5161
8.25438 57.7971
8.26011 55.5148
8.26585 56.0638
8.27159 56.3164
8.27732 56.4069
8.28306 55.3276
8.2888 57.1159
8.29453 55.816
8.30027 55.5279
8.306 55.1189
8.31174 56.8337
8.31748 54.7163
8.32321 56.3183
8.32895 55.2116
8.33468 55.1135
8.34042 53.7889
8.34616 56.5857
8.35189 54.2511
8.35763 54.2368
8.36337 54.6236
8.3691 54.2691
8.37484 55.4574
8.38057 53.781
8.38631 55.2301
8.39205 54.419
8.39778 55.6152
8.40352 54.3698
8.40926 53.0123
8.41499 53.5854
8.42073 55.4405
8.42646 55.8469
8.4322 55.1675
8.43794 56.7688
8.44367 56.2444
8.44941 53.5699
8.45514 55.4541
8.46088 55.1049
8.46662 54.8941
8.47235 54.5603
8.47809 53.7128
8.48383 54.9211
8.48956 53.44
8.4953 53.9141
8.50103 54.5489
8.50677 52.992
8.51251 53.826
8.51824 53
8.52398 54.2732
8.52972 52.3565
8.53545 54.5159
8.54119 54.1471
8.54692 55.6909
8.55266 54.0379
8.5584 54.1897
8.56413 53.5873
8.56987 50.6413
8.5756 52.6278
8.58134 52.644
8.58708 51.5623
8.59281 51.8491
8.59855 53.1981
8.60429 52.9693
8.61002 53.6129
8.61576 52.8551
8.62149 54.9035
8.62723 52.4388
8.63297 49.9487
8.6387 52.2441
8.64444 52.4797
8.65018 52.6289
8.65591 52.3881
8.66165 45.1774
8.66738 51.7367
8.67312 52.0111
8.67886 51.2121
8.68459 52.3558
8.69033 51.4741
8.69606 52.88
8.7018 50.8828
8.70754 52.016
8.71327 50.6667
8.71901 50.0815
8.72475 50.8217
8.73048 52.8468
8.73622 54.3276
8.74195 54.7621
8.74769 52.3644
8.75343 51.8846
8.75916 52.9915
8.7649 51.289
8.77064 51.3856
8.77637 51.2366
8.78211 52.1147
8.78784 50.6681
8.79358 52.0296
8.79932 52.8465
8.80505 52.0704
8.81079 52.5419
8.81652 50.8104
8.82226 51.1606
8.828 53.6528
8.83373 53.4439
8.83947 52.6738
8.84521 50.6
8.85094 50.8777
8.85668 50.8256
8.86241 50.9949
8.86815 50.8103
8.87389 53.6103
8.87962 51.6301
8.88536 49.2431
8.8911 53.7487
8.89683 51.1728
8.90257 53.0055
8.9083 55.4335
8.91404 50.3937
8.91978 59.6229
8.92551 68.8471
8.93125 71.5244
8.93698 143.626
8.94272 112.087
8.94846 82.2121
8.95419 60.4564
8.95993 55.8986
8.96567 57.3665
8.9714 55.0394
8.97714 55.4051
8.98287 55.6993
8.98861 56.4667
8.99435 57.2345
9.00008 54.2051
9.00582 54.3882
9.01156 61.3282
9.01729 58.7073
9.02303 60.8857
9.02876 63.2308
9.0345 61.2439
9.04024 60.8682
9.04597 67.4423
9.05171 59.8898
9.05744 58.0578
9.06318 59.301
9.06892 53.3697
9.07465 59.0729
9.08039 51.5128
9.08613 55.1308
9.09186 54.8854
9.0976 61.1827
9.10333 59.9583
9.10907 59.3163
9.11481 52.6146
9.12054 51.8636
9.12628 50.4388
9.13202 52.6585
9.13775 53.087
9.14349 53.7857
9.14922 54.6951
9.15496 54.3659
9.1607 51.8514
9.16643 43.8875
9.17217 48.8082
9.1779 51.9737
9.18364 46.4143
9.18938 49.4265
9.19511 48.5882
9.20085 52.2698
9.20659 49.4923
9.21232 51.9
9.21806 46
9.22379 46.6727
9.22953 45.8545
9.23527 45.6792
9.241 47.8571
9.24674 49.898
9.25248 45.7234
9.25821 48.0444
9.26395 47.6818
9.26968 42.6279
9.27542 43.1538
9.28116 43.35
9.28689 42.2857
9.29263 36.9394
9.29836 41.8788
9.3041 37.0606
9.30984 39.8214
9.31557 38.3704
9.32131 36.9259
9.32705 34.6
9.33278 35.5217
9.33852 33.2105
9.34425 35.6667
9.34999 28.4118
9.35573 26.5714
9.36146 22.0909
9.3672 15.5455
9.37294 30.625
9.37867 21
9.38441 14.6667
9.39014 12.5
9.39588 0
9.40162 0
9.40735 0
9.41309 0
9.41882 0
9.42456 0
9.4303 0
9.43603 0
9.44177 0
9.44751 0
9.45324 0
9.45898 0
9.46471 0
9.47045 0
9.47619 0
9.48192 0
9.48766 0
9.4934 0
9.49913 0
9.50487 0
9.5106 0
9.51634 0
9.52208 0
9.52781 0
9.53355 0
9.53928 0
9.54502 0
9.55076 0
9.55649 0
9.56223 0
9.56797 0
9.5737 0
9.57944 0
9.58517 0
9.59091 0
9.59665 0
9.60238 0
9.60812 0
9.61386 0
9.61959 0
9.62533 0
9.63106 0
9.6368 0
9.64254 0
9.64827 0
9.65401 0
9.65974 0
9.66548 0
9.67122 0
9.67695 0
9.68269 0
9.68843 0
9.69416 0
9.6999 0
9.70563 0
9.71137 0
9.71711 0
9.72284 0
9.72858 0
9.73432 0
9.74005 0
9.74579 0
9.75152 0
9.75726 0
9.763 0
9.76873 0
9.77447 0
9.7802 0
9.78594 0
9.79168 0
9.79741 0
9.80315 0
9.80889 0
9.81462 0
9.82036 0
9.82609 0
9.83183 0
9.83757 0
9.8433 0
9.84904 0
9.85478 0
9.86051 0
9.86625 0
9.87198 0
9.87772 0
9.88346 0
9.88919 0
9.89493 0
9.90066 0
9.9064 0
9.91214 0
9.91787 0
9.92361 0
9.92935 0
9.93508 0
9.94082 0
9.94655 0
9.95229 0
9.95803 0
9.96376 0
9.9695 0
9.97524 0
9.98097 0
9.98671 0
9.99244 0
9.99818 0
10.0039 0
10.0097 0
10.0154 0
10.0211 0
10.0269 0
10.0326 0
10.0383 0
10.0441 0
10.0498 0
10.0555 0
10.0613 0
10.067 0
10.0728 0
10.0785 0
10.0842 0
10.09 0
10.0957 0
10.1014 0
10.1072 0
10.1129 0
10.1186 0
10.1244 0
10.1301 0
10.1358 0
10.1416 0
10.1473 0
10.1531 0
10.1588 0
10.1645 0
10.1703 0
10.176 0
10.1817 0
10.1875 0
10.1932 0
10.1989 0
10.2047 0
10.2104 0
10.2162 0
10.2219 0
10.2276 0
10.2334 0
10.2391 0
10.2448 0
10.2506 0
10.2563 0
10.262 0
10.2678 0
10.2735 0
10.2793 0
10.285 0
10.2907 0
10.2965 0
10.3022 0
10.3079 0
10.3137 0
10.3194 0
10.3251 0
10.3309 0
10.3366 0
10.3424 0
10.3481 0
10.3538 0
10.3596 0
10.3653 0
10.371 0
10.3768 0
10.3825 0
10.3882 0
10.394 0
10.3997 0
10.4054 0
10.4112 0
10.4169 0
10.4227 0
10.4284 0
10.4341 0
10.4399 0
10.4456 0
10.4513 0
10.4571 0
10.4628 0
10.4685 0
10.4743 0
10.48 0
10.4858 0
10.4915 0
10.4972 0
10.503 0
10.5087 0
10.5144 0
10.5202 0
10.5259 0
10.5316 0
10.5374 0
10.5431 0
10.5489 0
10.5546 0
10.5603 0
10.5661 0
10.5718 0
10.5775 0
10.5833 0
10.589 0
10.5947 0
10.6005 0
10.6062 0
10.612 0
10.6177 0
10.6234 0
10.6292 0
10.6349 0
10.6406 0
10.6464 0
10.6521 0
10.6578 0
10.6636 0
10.6693 0
10.6751 0
10.6808 0
10.6865 0
10.6923 0
10.698 0
10.7037 0
10.7095 0
10.7152 0
10.7209 0
10.7267 0
10.7324 0
10.7381 0
10.7439 0
10.7496 0
10.7554 0
10.7611 0
10.7668 0
10.7726 0
10.7783 0
10.784 0
10.7898 0
10.7955 0
10.8012 0
10.807 0
10.8127 0
10.8185 0
10.8242 0
10.8299 0
10.8357 0
10.8414 0
10.8471 0
10.8529 0
10.8586 0
10.8643 0
10.8701 0
10.8758 0
10.8816 0
10.8873 0
10.893 0
10.8988 0
10.9045 0
10.9102 0
10.916 0
10.9217 0
10.9274 0
10.9332 0
10.9389 0
10.9447 0
10.9504 0
10.9561 0
10.9619 0
10.9676 0
10.9733 0
10.9791 0
10.9848 0
10.9905 0
10.9963 0
11.002 0
11.0077 0
11.0135 0
11.0192 0
11.025 0
11.0307 0
11.0364 0
11.0422 0
11.0479 0
11.0536 0
11.0594 0
11.0651 0
11.0708 0
11.0766 0
11.0823 0
11.0881 0
11.0938 0
11.0995 0
11.1053 0
11.111 0
11.1167 0
11.1225 0
11.1282 0
11.1339 0
11.1397 0
11.1454 0
11.1512 0
11.1569 0
11.1626 0
11.1684 0
11.1741 0
11.1798 0
11.1856 0
11.1913 0
11.197 0
11.2028 0
11.2085 0
11.2143 0
11.22 0
11.2257 0
11.2315 0
11.2372 0
11.2429 0
11.2487 0
11.2544 0
11.2601 0
11.2659 0
11.2716 0
11.2774 0
11.2831 0
11.2888 0
11.2946 0
11.3003 0
11.306 0
11.3118 0
11.3175 0
11.3232 0
11.329 0
11.3347 0
11.3404 0
11.3462 0
11.3519 0
11.3577 0
11.3634 0
11.3691 0
11.3749 0
11.3806 0
11.3863 0
11.3921 0
11.3978 0
11.4035 0
11.4093 0
11.415 0
11.4208 0
11.4265 0
11.4322 0
11.438 0
11.4437 0
11.4494 0
11.4552 0
11.4609 0
11.4666 0
11.4724 0
11.4781 0
11.4839 0
11.4896 0
11.4953 0
11.5011 0
11.5068 0
11.5125 0
11.5183 0
11.524 0
11.5297 0
11.5355 0
11.5412 0
11.547 0
11.5527 0
11.5584 0
11.5642 0
11.5699 0
11.5756 0
11.5814 0
11.5871 0
11.5928 0
11.5986 0
11.6043 0
11.61 0
11.6158 0
11.6215 0
11.6273 0
11.633 0
11.6387 0
11.6445 0
11.6502 0
11.6559 0
11.6617 0
11.6674 0
11.6731 0
11.6789 0
11.6846 0
11.6904 0
11.6961 0
11.7018 0
11.7076 0
11.7133 0
11.719 0
11.7248 0
11.7305 0
11.7362 0
11.742 0
