0 0
0.00573619 -24
0.0114724 -4
0.0172086 8.5
0.0229448 -10
0.028681 8.33333
0.0344171 -8.5
0.0401533 0.6
0.0458895 4.2
0.0516257 1
0.0573619 -1.33333
0.0630981 -0.571429
0.0688343 0.142857
0.0745705 13.3333
0.0803067 4.11111
0.0860429 3.88889
0.091779 2.75
0.0975152 5.53846
0.103251 -8.22222
0.108988 -2.11111
0.114724 9.1
0.12046 6.63636
0.126196 5.6
0.131932 4
0.137669 -1.8
0.143405 2
0.149141 1.69231
0.154877 6.875
0.160613 6.93333
0.16635 7.93333
0.172086 -1.5
0.177822 1.52632
0.183558 4.11765
0.189294 -0.857143
0.19503 1.57143
0.200767 -2.71429
0.206503 3.82353
0.212239 12.2222
0.217975 6.33333
0.223711 8.17647
0.229448 0.166667
0.235184 1.56522
0.24092 -3.81818
0.246656 4.22222
0.252392 0.16
0.258129 -0.62963
0.263865 -4.80952
0.269601 -4.33333
0.275337 -0.482759
0.281073 3.52
0.28681 -3.5
0.292546 6.36
0.298282 -4.2069
0.304018 10
0.309754 -1.83333
0.31549 0.16129
0.321227 3.7037
0.326963 0.6
0.332699 2
0.338435 0.69697
0.344171 -1.625
0.349908 3.02857
0.355644 1.51429
0.36138 3.67742
0.367116 5.82353
0.372852 4.24242
0.378589 4.18919
0.384325 -1.875
0.390061 6.17949
0.395797 4.30769
0.401533 2.84615
0.40727 7.11628
0.413006 7.35135
0.418742 12.45
0.424478 9.61765
0.430214 10.3778
0.43595 15.2927
0.441687 11.375
0.447423 13.6383
0.453159 16.4103
0.458895 13.2791
0.464631 14.4773
0.470368 16.5122
0.476104 16.3617
0.48184 15.4722
0.487576 12.2308
0.493312 15.0488
0.499049 18.225
0.504785 15.8246
0.510521 17.4889
0.516257 17.6977
0.521993 15.75
0.52773 20.8302
0.533466 23.6667
0.539202 25.3125
0.544938 22.4902
0.550674 26.9231
0.55641 19.875
0.562147 20.7647
0.567883 19.7018
0.573619 16.9333
0.579355 17.2963
0.585091 19.2105
0.590828 22.717
0.596564 16.4792
0.6023 13.7857
0.608036 18.4462
0.613772 15.4286
0.619509 20.6552
0.625245 20.2373
0.630981 16.3818
0.636717 22.4138
0.642453 21.7719
0.64819 23.6667
0.653926 21.0769
0.659662 20.9692
0.665398 21.75
0.671134 23.8947
0.67687 25.129
0.682607 22.6349
0.688343 24.1493
0.694079 25.463
0.699815 25.3623
0.705551 24.3231
0.711288 23.5455
0.717024 23.2973
0.72276 27.9508
0.728496 24.9857
0.734232 26.0312
0.739969 26
0.745705 30.1549
0.751441 23.9138
0.757177 28.013
0.762913 28.7313
0.76865 30
0.774386 20.2647
0.780122 30.0411
0.785858 25.3636
0.791594 24.3
0.79733 24.378
0.803067 23.5507
0.808803 26.0857
0.814539 24.2346
0.820275 21.2394
0.826011 28.4935
0.831748 24.3056
0.837484 24.7647
0.84322 28.3
0.848956 26.5972
0.854692 27.0235
0.860429 25.1852
0.866165 24.3151
0.871901 24.8375
0.877637 26.6867
0.883373 23.4156
0.88911 24.8462
0.894846 23.8
0.900582 25.8675
0.906318 26.5541
0.912054 24.4889
0.91779 22.8966
0.923527 27.4416
0.929263 24.2093
0.934999 28.4725
0.940735 26.1975
0.946471 26.8929
0.952208 27.2353
0.957944 21.3979
0.96368 26.6667
0.969416 25.5368
0.975152 27.8889
0.980889 28.3176
0.986625 24.3372
0.992361 25.6842
0.998097 23.7895
1.00383 25.4625
1.00957 26.4343
1.01531 27.2062
1.02104 23.8571
1.02678 25.4792
1.03251 26.1758
1.03825 24.1
1.04399 23.9767
1.04972 27.5545
1.05546 25.1683
1.0612 23.8537
1.06693 26.1495
1.07267 26.7912
1.0784 30.3107
1.08414 24.9082
1.08988 28.77
1.09561 28.2476
1.10135 27.4535
1.10708 24.8455
1.11282 26
1.11856 26.898
1.12429 26.0952
1.13003 29.6857
1.13577 26.9333
1.1415 26.3922
1.14724 26.1468
1.15297 23.24
1.15871 22.94
1.16445 23.4261
1.17018 25.4952
1.17592 23.4112
1.18166 22.9479
1.18739 27.437
1.19313 21.8073
1.19886 22.2427
1.2046 24.2609
1.21034 24.271
1.21607 23.2636
1.22181 24.6455
1.22754 25.6154
1.23328 27.3645
1.23902 22.9375
1.24475 24.2773
1.25049 24.3394
1.25623 25.6296
1.26196 26.0342
1.2677 24.121
1.27343 24.1622
1.27917 21.9746
1.28491 24.1864
1.29064 25.2743
1.29638 22.8103
1.30212 24.5812
1.30785 21.7059
1.31359 22.8362
1.31932 24.2992
1.32506 24.6723
1.3308 23.9828
1.33653 24.2857
1.34227 24.1849
1.348 22.4803
1.35374 20.6903
1.35948 24.52
1.36521 25.5344
1.37095 26.2636
1.37669 24.0216
1.38242 25.1311
1.38816 20.9389
1.39389 24.0932
1.39963 22.7424
1.40537 24.3178
1.4111 23.25
1.41684 26.3287
1.42258 24.3778
1.42831 27.4545
1.43405 22.5385
1.43978 25.7259
1.44552 23.8551
1.45126 22.8559
1.45699 21.9007
1.46273 23.2045
1.46846 23.5794
1.4742 24.4895
1.47994 25.8217
1.48567 25.5865
1.49141 22.8615
1.49715 21.5436
1.50288 23.8686
1.50862 24.2661
1.51435 23.6644
1.52009 25.8227
1.52583 24.4122
1.53156 22.1926
1.5373 24.0952
1.54304 22.5745
1.54877 23.8529
1.55451 23.2752
1.56024 26.8248
1.56598 22.6643
1.57172 24.3121
1.57745 21.2905
1.58319 22.1986
1.58892 23.5704
1.59466 23.5867
1.6004 25.4545
1.60613 22.1667
1.61187 24.3557
1.61761 26.3121
1.62334 28.6015
1.62908 27.3742
1.63481 26.0795
1.64055 23.6933
1.64629 24.9658
1.65202 24.4371
1.65776 23.298
1.6635 25.0803
1.66923 23.8931
1.67497 22.1595
1.6807 24.6277
1.68644 23.8354
1.69218 21.8827
1.69791 26.4379
1.70365 21.6419
1.70938 24.3013
1.71512 23.9448
1.72086 23.0221
1.72659 22.4104
1.73233 25.9871
1.73807 25.8235
1.7438 25.0542
1.74954 23.7296
1.75527 21.2378
1.76101 25.3309
1.76675 25.0608
1.77248 24.311
1.77822 24.4354
1.78396 23.9345
1.78969 24.6688
1.79543 23.1676
1.80116 24.4331
1.8069 23.7427
1.81264 25.2455
1.81837 24.4067
1.82411 24.4278
1.82984 25.8261
1.83558 28.1212
1.84132 23.5091
1.84705 26.4201
1.85279 26.4094
1.85853 24.0625
1.86426 27.2599
1.87 24.9767
1.87573 25.7938
1.88147 25.0056
1.88721 24.8953
1.89294 24.7457
1.89868 28.5235
1.90442 29.2011
1.91015 31.426
1.91589 45.2024
1.92162 52.3583
1.92736 35.6836
1.9331 34.7202
1.93883 37.593
1.94457 35.7989
1.9503 33.7
1.95604 29.7442
1.96178 28.7182
1.96751 31.7135
1.97325 26.6258
1.97899 27.3262
1.98472 26.9787
1.99046 26.4629
1.99619 27.8187
2.00193 26.5105
2.00767 27.4237
2.0134 28.5988
2.01914 26.9787
2.02488 24.4869
2.03061 25.5989
2.03635 26.25
2.04208 27.0432
2.04782 26.016
2.05356 28.6828
2.05929 25.9337
2.06503 28.455
2.07076 26.0114
2.0765 28.6839
2.08224 27.6378
2.08797 30.4682
2.09371 27.798
2.09945 31.0162
2.10518 28.7236
2.11092 28.139
2.11665 26.5949
2.12239 27.7729
2.12813 28.9053
2.13386 27.9751
2.1396 27.2211
2.14534 28.9385
2.15107 29.4973
2.15681 30.5226
2.16254 29.698
2.16828 28.288
2.17402 28.9147
2.17975 29.27
2.18549 28.582
2.19122 28.2426
2.19696 30.2871
2.2027 32.5902
2.20843 42.5562
2.21417 60.5142
2.21991 69.2958
2.22564 42.9508
2.23138 35.9479
2.23711 34.3961
2.24285 32.4712
2.24859 32.4896
2.25432 31.7945
2.26006 32.2573
2.2658 32.4194
2.27153 29.1535
2.27727 30.9194
2.283 30.2289
2.28874 29.6667
2.29448 28.973
2.30021 32.3886
2.30595 30.4949
2.31168 31.8241
2.31742 32.0338
2.32316 34.6971
2.32889 37.2196
2.33463 38
2.34037 38.6901
2.3461 41.816
2.35184 44.2443
2.35757 47.3137
2.36331 43.743
2.36905 47.5023
2.37478 46.018
2.38052 46.235
2.38626 41.2576
2.39199 40.9231
2.39773 37.5556
2.40346 38.3562
2.4092 36.9417
2.41494 33.8507
2.42067 33.8894
2.42641 34.3687
2.43214 33.4156
2.43788 34.657
2.44362 32.8502
2.44935 32.5107
2.45509 32.3991
2.46083 31.8756
2.46656 33.2402
2.4723 34.1723
2.47803 33.1209
2.48377 35.3496
2.48951 33.6068
2.49524 33.5023
2.50098 31.5982
2.50672 35.323
2.51245 35.2618
2.51819 34.625
2.52392 33.1597
2.52966 33.6276
2.5354 36.0417
2.54113 33.1667
2.54687 34.9004
2.5526 33.6398
2.55834 33.7748
2.56408 35.0596
2.56981 34.4917
2.57555 35.8054
2.58129 34.6364
2.58702 36.2218
2.59276 33.5761
2.59849 33.822
2.60423 33.3136
2.60997 34.9087
2.6157 33.4679
2.62144 35.4102
2.62718 34.6468
2.63291 32.9331
2.63865 33.6051
2.64438 34.3992
2.65012 33.492
2.65586 35.317
2.66159 35.1937
2.66733 34.3402
2.67306 34.4085
2.6788 35.3906
2.68454 35.8193
2.69027 37.8635
2.69601 35.887
2.70175 39.8203
2.70748 39.3704
2.71322 37.7511
2.71895 37.2682
2.72469 36.1893
2.73043 35.6063
2.73616 37.275
2.7419 34.5292
2.74764 36.4032
2.75337 34.1472
2.75911 35.8061
2.76484 35.2262
2.77058 34.9095
2.77632 35.1776
2.78205 34.0317
2.78779 36.6023
2.79352 37.2541
2.79926 36
2.805 37.4177
2.81073 34.9256
2.81647 35.3519
2.82221 33.327
2.82794 34.3095
2.83368 36.25
2.83941 35.8123
2.84515 37.804
2.85089 36.1977
2.85662 36.6255
2.86236 38.1069
2.8681 35.2683
2.87383 37.4491
2.87957 36.9173
2.8853 37.49
2.89104 36.4753
2.89678 38.2226
2.90251 36.7778
2.90825 36.9921
2.91398 38.365
2.91972 38.6065
2.92546 39.9768
2.93119 38.3396
2.93693 39.1986
2.94267 38.6832
2.9484 39.2113
2.95414 39.6498
2.95987 39.1511
2.96561 39.0885
2.97135 42.8612
2.97708 40.4787
2.98282 39.4462
2.98856 40.8393
2.99429 44.0929
3.00003 41.7844
3.00576 39.1939
3.0115 43.625
3.01724 40.7301
3.02297 40.2672
3.02871 42.6727
3.03444 39.8674
3.04018 41.0827
3.04592 41.5662
3.05165 42.4373
3.05739 42.0601
3.06313 40.0311
3.06886 42.4831
3.0746 42.6947
3.08033 43.3116
3.08607 45.2837
3.09181 47.8225
3.09754 51.0208
3.10328 57.8947
3.10902 61.0514
3.11475 61.4678
3.12049 55.4579
3.12622 50.8185
3.13196 53.5801
3.1377 53.7267
3.14343 61.5036
3.14917 58.8858
3.1549 48.961
3.16064 48.8088
3.16638 48.4554
3.17211 50.2569
3.17785 47.9113
3.18359 50.3513
3.18932 49.7567
3.19506 49.835
3.20079 48.9294
3.20653 49.3094
3.21227 50.9863
3.218 52.0764
3.22374 51.5243
3.22948 51.3177
3.23521 51.9377
3.24095 53.829
3.24668 53.3302
3.25242 53.05
3.25816 54.1901
3.26389 54.7387
3.26963 55.7979
3.27536 53.9439
3.2811 56.0882
3.28684 55.7625
3.29257 59.5967
3.29831 61.0714
3.30405 63.7179
3.30978 68.9869
3.31552 69.4309
3.32125 74.6034
3.32699 77.3223
3.33273 77.8942
3.33846 78.1586
3.3442 76.5799
3.34994 74.0625
3.35567 72.8638
3.36141 70.4006
3.36714 68.7596
3.37288 68.3648
3.37862 66.43
3.38435 66.52
3.39009 66.4579
3.39582 65.0163
3.40156 65.522
3.4073 66.8508
3.41303 69.7063
3.41877 69.8911
3.42451 71.4458
3.43024 69.4618
3.43598 69.3762
3.44171 68.3448
3.44745 66.9123
3.45319 66.7743
3.45892 69.3226
3.46466 68.7455
3.4704 70.6478
3.47613 68.3113
3.48187 70.5602
3.4876 70.0381
3.49334 71.6667
3.49908 74.0637
3.50481 73.7313
3.51055 75.8094
3.51628 76.6871
3.52202 82.6492
3.52776 90.3509
3.53349 98.2516
3.53923 118.627
3.54497 145.191
3.5507 161.264
3.55644 148.27
3.56217 125.397
3.56791 106.085
3.57365 94.4472
3.57938 89.5234
3.58512 88.6985
3.59086 87.2166
3.59659 89.216
3.60233 90.0262
3.60806 88.6636
3.6138 91.0571
3.61954 93.4209
3.62527 97.8795
3.63101 103.798
3.63674 117.103
3.64248 131.049
3.64822 143.879
3.65395 151.488
3.65969 150.341
3.66543 143.535
3.67116 136.915
3.6769 135.241
3.68263 139.365
3.68837 134.413
3.69411 134.32
3.69984 131.068
3.70558 132.218
3.71132 134.398
3.71705 139.319
3.72279 138.175
3.72852 137.057
3.73426 142.418
3.74 144.034
3.74573 147.627
3.75147 151.243
3.7572 157.633
3.76294 161.568
3.76868 166.991
3.77441 172.33
3.78015 180.669
3.78589 186.097
3.79162 196.79
3.79736 208.21
3.80309 223.315
3.80883 234.412
3.81457 260.125
3.8203 282.576
3.82604 315.341
3.83178 373.978
3.83751 535.14
3.84325 1035.83
3.84898 1747.97
3.85472 2585.48
3.86046 1555
3.86619 1238.4
3.87193 1386.57
3.87766 1738.99
3.8834 2253.84
3.88914 2879.51
3.89487 3428.19
3.90061 3245.6
3.90635 2606.42
3.91208 1942.86
3.91782 1360.98
3.92355 1000.14
3.92929 780.328
3.93503 617.379
3.94076 511.36
3.9465 436.153
3.95224 387.4
3.95797 347.094
3.96371 311.794
3.96944 292.745
3.97518 270.681
3.98092 251.459
3.98665 239.797
3.99239 229.374
3.99812 219.846
4.00386 204.707
4.0096 200.717
4.01533 196.497
4.02107 188.62
4.02681 187.571
4.03254 191.265
4.03828 185.011
4.04401 181.716
4.04975 176.255
4.05549 170.436
4.06122 166.246
4.06696 162.846
4.0727 161.094
4.07843 158.772
4.08417 154.751
4.0899 150.664
4.09564 149.362
4.10138 148.866
4.10711 147.925
4.11285 147.026
4.11858 144.767
4.12432 145.005
4.13006 143.141
4.13579 144.351
4.14153 142.643
4.14727 142.332
4.153 140.78
4.15874 141.544
4.16447 139.913
4.17021 139.392
4.17595 138.234
4.18168 138.581
4.18742 139.344
4.19316 139.79
4.19889 138.144
4.20463 140.963
4.21036 140.577
4.2161 139.027
4.22184 138.158
4.22757 138.512
4.23331 138.777
4.23904 137.049
4.24478 140.597
4.25052 138.389
4.25625 139.756
4.26199 140.045
4.26773 142.148
4.27346 144.156
4.2792 145.429
4.28493 145.425
4.29067 149.742
4.29641 150.318
4.30214 151.699
4.30788 154.918
4.31362 156.724
4.31935 156.193
4.32509 160.967
4.33082 163.062
4.33656 169.709
4.3423 172.652
4.34803 176.085
4.35377 183.49
4.3595 188.918
4.36524 197.165
4.37098 203.475
4.37671 212.066
4.38245 220.896
4.38819 232.788
4.39392 249.286
4.39966 257.943
4.40539 279.664
4.41113 301.1
4.41687 332.4
4.4226 395.587
4.42834 506.186
4.43408 842.645
4.43981 1923.64
4.44555 4654.65
4.45128 14878.3
4.45702 17324.4
4.46276 7332.17
4.46849 2736.19
4.47423 1580.5
4.47996 1053.54
4.4857 960.486
4.49144 938.99
4.49717 911.367
4.50291 922.698
4.50865 857.189
4.51438 764.422
4.52012 657.194
4.52585 551.227
4.53159 464.072
4.53733 394.674
4.54306 337.957
4.5488 297.988
4.55454 267.785
4.56027 242.331
4.56601 221.143
4.57174 204.162
4.57748 189.881
4.58322 179.134
4.58895 168.376
4.59469 161.215
4.60042 155.743
4.60616 148.584
4.6119 145.22
4.61763 139.258
4.62337 139.926
4.62911 138.515
4.63484 133.92
4.64058 126.163
4.64631 121.475
4.65205 118.985
4.65779 116.284
4.66352 113.742
4.66926 109.242
4.675 108.317
4.68073 108.876
4.68647 109.214
4.6922 108.235
4.69794 108.088
4.70368 107.334
4.70941 109.476
4.71515 110.342
4.72088 111.237
4.72662 111.984
4.73236 112.406
4.73809 112.286
4.74383 111.763
4.74957 110.599
4.7553 106.504
4.76104 104.178
4.76677 102.645
4.77251 100.193
4.77825 94.8512
4.78398 94.2889
4.78972 89.9641
4.79546 89.9667
4.80119 88.5775
4.80693 87.0392
4.81266 86.1012
4.8184 85.3195
4.82414 84.9665
4.82987 82.0726
4.83561 81.959
4.84134 84.2739
4.84708 86.1847
4.85282 85.8803
4.85855 81.7004
4.86429 80.574
4.87003 78.6097
4.87576 76.8333
4.8815 77.9546
4.88723 75.3861
4.89297 75.696
4.89871 75.7991
4.90444 76.778
4.91018 76.5744
4.91592 76.0199
4.92165 76.8506
4.92739 75.5046
4.93312 76.2848
4.93886 74.7527
4.9446 73.2477
4.95033 72.71
4.95607 73.0484
4.9618 74.0246
4.96754 74.5894
4.97328 76.015
4.97901 80
4.98475 76.1308
4.99049 72.862
4.99622 72.3376
5.00196 73.0333
5.00769 71.8803
5.01343 70.9978
5.01917 72.4108
5.0249 71.1686
5.03064 71.2613
5.03638 72.0411
5.04211 72.0913
5.04785 72.4557
5.05358 71.4145
5.05932 71.2311
5.06506 72.2615
5.07079 72.2489
5.07653 70.0234
5.08226 71.6184
5.088 69.5853
5.09374 70.5232
5.09947 70.9152
5.10521 70.5154
5.11095 68.9338
5.11668 69.9436
5.12242 69.4408
5.12815 68.62
5.13389 72.0333
5.13963 72.7586
5.14536 70.8476
5.1511 72.6367
5.15684 72.2561
5.16257 72.163
5.16831 71.8365
5.17404 72.6384
5.17978 73.6143
5.18552 73.1376
5.19125 71.7184
5.19699 69.427
5.20272 69.3501
5.20846 69.6544
5.2142 70.9536
5.21993 70.1453
5.22567 68.8287
5.23141 71.106
5.23714 72.1316
5.24288 70.7719
5.24861 71.8729
5.25435 70.0297
5.26009 69.4419
5.26582 70.6823
5.27156 71.9141
5.2773 71.1042
5.28303 72.8845
5.28877 73.2159
5.2945 72.7592
5.30024 73.7318
5.30598 73.842
5.31171 74.6253
5.31745 73.6452
5.32318 72.0675
5.32892 71.3948
5.33466 72.7035
5.34039 73.2526
5.34613 71.1237
5.35187 71.2729
5.3576 72.465
5.36334 72.7505
5.36907 71.9478
5.37481 74.5871
5.38055 77.7859
5.38628 82.7356
5.39202 90.3419
5.39776 93.4939
5.40349 91.2484
5.40923 83.128
5.41496 78.0669
5.4207 73.8773
5.42644 73.3307
5.43217 72.0345
5.43791 73.872
5.44364 73.5322
5.44938 74.5656
5.45512 75.5482
5.46085 74.5052
5.46659 72.3467
5.47233 71.4173
5.47806 71.8554
5.4838 69.7616
5.48953 70.4219
5.49527 71.0766
5.50101 71.5786
5.50674 73.0209
5.51248 72.0099
5.51822 70.8277
5.52395 72.2375
5.52969 73.604
5.53542 72.2703
5.54116 73.8126
5.5469 72.4224
5.55263 72.1451
5.55837 71.6789
5.5641 71.9544
5.56984 72.1726
5.57558 73.5039
5.58131 71.4594
5.58705 73.0782
5.59279 73.851
5.59852 73.4374
5.60426 72.7565
5.60999 73.5144
5.61573 74.3608
5.62147 73.2173
5.6272 74.5197
5.63294 73.7942
5.63868 73.0021
5.64441 73.4719
5.65015 73.5151
5.65588 75.2058
5.66162 73.7358
5.66736 75.8513
5.67309 75.9945
5.67883 76.1836
5.68456 77.6654
5.6903 76.3272
5.69604 76.913
5.70177 77.7011
5.70751 79.0979
5.71325 80.736
5.71898 79.6705
5.72472 80.3977
5.73045 79.8915
5.73619 81.8794
5.74193 81.1704
5.74766 80.1128
5.7534 82.8027
5.75914 83.142
5.76487 84.1798
5.77061 85.2198
5.77634 86.1885
5.78208 89.9905
5.78782 88.3297
5.79355 88.1092
5.79929 85.723
5.80502 86.8949
5.81076 86.509
5.8165 85.0885
5.82223 87.3482
5.82797 85.4816
5.83371 85.654
5.83944 86.6465
5.84518 86.3938
5.85091 86.6916
5.85665 87.3288
5.86239 88.2847
5.86812 86.871
5.87386 87.0281
5.8796 88.5904
5.88533 88.2917
5.89107 89.1623
5.8968 88.3166
5.90254 90.5115
5.90828 91.1143
5.91401 90.4739
5.91975 91.0916
5.92548 90.2964
5.93122 92.305
5.93696 92.069
5.94269 94.1327
5.94843 93.6812
5.95417 95.3964
5.9599 94.7947
5.96564 95.9705
5.97137 97.4561
5.97711 97.9181
5.98285 101.252
5.98858 101.099
5.99432 101.998
6.00006 104.291
6.00579 107.357
6.01153 112
6.01726 113.943
6.023 113.769
6.02874 110.776
6.03447 109.856
6.04021 108.009
6.04594 108.169
6.05168 109.263
6.05742 110.405
6.06315 110.712
6.06889 111.826
6.07463 111.705
6.08036 113.71
6.0861 115.92
6.09183 118.427
6.09757 120.273
6.10331 121.268
6.10904 121.822
6.11478 123.905
6.12052 125.576
6.12625 124.574
6.13199 126.444
6.13772 129.969
6.14346 130.416
6.1492 132.367
6.15493 134.968
6.16067 135.918
6.1664 139.488
6.17214 143.462
6.17788 146.548
6.18361 150.884
6.18935 153.968
6.19509 161.029
6.20082 163.132
6.20656 170.658
6.21229 178.476
6.21803 189.105
6.22377 193.699
6.2295 199.861
6.23524 211.394
6.24098 210.452
6.24671 216.671
6.25245 232.095
6.25818 244.611
6.26392 263.547
6.26966 299.468
6.27539 391.908
6.28113 518.858
6.28686 1350.14
6.2926 3188.65
6.29834 6995.15
6.30407 7642.97
6.30981 9028.88
6.31555 3075.2
6.32128 1562.01
6.32702 822.288
6.33275 617.471
6.33849 554.236
6.34423 516.399
6.34996 528.346
6.3557 564.463
6.36144 618.887
6.36717 705.427
6.37291 781.701
6.37864 793.521
6.38438 728.912
6.39012 640.436
6.39585 549.138
6.40159 463.171
6.40732 394.329
6.41306 340.418
6.4188 300.817
6.42453 271.638
6.43027 251.917
6.43601 235.508
6.44174 223.913
6.44748 214.608
6.45321 207.568
6.45895 204.804
6.46469 201.266
6.47042 196.44
6.47616 192.499
6.4819 179.515
6.48763 173.025
6.49337 170.154
6.4991 163.554
6.50484 159.529
6.51058 157.017
6.51631 155.821
6.52205 152.722
6.52778 149.683
6.53352 149.925
6.53926 147.438
6.54499 146.338
6.55073 146.395
6.55647 148.732
6.5622 147.776
6.56794 146.965
6.57367 146.807
6.57941 146.753
6.58515 144.469
6.59088 141.772
6.59662 139.074
6.60236 137.226
6.60809 134.368
6.61383 135.029
6.61956 135.094
6.6253 132.294
6.63104 132.951
6.63677 132.197
6.64251 131.695
6.64824 131.725
6.65398 132.401
6.65972 132.938
6.66545 131.828
6.67119 132.495
6.67693 132.324
6.68266 132.697
6.6884 134.149
6.69413 133.158
6.69987 131.03
6.70561 130.387
6.71134 129.958
6.71708 131.137
6.72282 128.463
6.72855 130.342
6.73429 128.18
6.74002 128.427
6.74576 127.47
6.7515 126.951
6.75723 125.556
6.76297 125.889
6.7687 124.735
6.77444 124.405
6.78018 122.694
6.78591 124.005
6.79165 124.465
6.79739 125.606
6.80312 134.674
6.80886 141.505
6.81459 132.932
6.82033 128.328
6.82607 124.538
6.8318 122.047
6.83754 122.171
6.84328 121.626
6.84901 121.937
6.85475 122.76
6.86048 123.446
6.86622 121.563
6.87196 122.578
6.87769 122.985
6.88343 123.129
6.88916 121.966
6.8949 122.951
6.90064 122.659
6.90637 123.431
6.91211 123.5
6.91785 122.049
6.92358 122.342
6.92932 123.1
6.93505 122.041
6.94079 122.595
6.94653 123.498
6.95226 121.107
6.958 122.693
6.96374 122.489
6.96947 123.075
6.97521 121.518
6.98094 122.741
6.98668 123.869
6.99242 123.112
6.99815 123.018
7.00389 123.403
7.00962 124.359
7.01536 124.15
7.0211 123.113
7.02683 124.441
7.03257 123.364
7.03831 123.868
7.04404 124.406
7.04978 125.245
7.05551 126.037
7.06125 125.407
7.06699 125.785
7.07272 126.506
7.07846 126.644
7.0842 127.238
7.08993 128.286
7.09567 128.684
7.1014 130.53
7.10714 132.356
7.11288 134.031
7.11861 134.358
7.12435 135.371
7.13008 135.705
7.13582 133.346
7.14156 131.42
7.14729 132.842
7.15303 133.163
7.15877 133.011
7.1645 132.923
7.17024 134.06
7.17597 134.906
7.18171 134.076
7.18745 137.003
7.19318 136.167
7.19892 135.862
7.20466 138.932
7.21039 138.726
7.21613 141.126
7.22186 142.536
7.2276 143.483
7.23334 143.665
7.23907 143.873
7.24481 144.623
7.25054 144.644
7.25628 146.048
7.26202 146.67
7.26775 148.58
7.27349 148.632
7.27923 150.176
7.28496 151.584
7.2907 153.545
7.29643 155.738
7.30217 156.263
7.30791 158.476
7.31364 162.739
7.31938 161.392
7.32512 168.897
7.33085 168.523
7.33659 173.521
7.34232 172.69
7.34806 178.272
7.3538 186.173
7.35953 185.264
7.36527 200.019
7.371 227.685
7.37674 353.682
7.38248 326.771
7.38821 1023.47
7.39395 942.549
7.39969 1235.65
7.40542 1723.97
7.41116 986.934
7.41689 587.203
7.42263 410.839
7.42837 368.916
7.4341 362.081
7.43984 366.455
7.44558 392.314
7.45131 430.18
7.45705 484.411
7.46278 552.472
7.46852 641.703
7.47426 724.217
7.47999 766.554
7.48573 747.472
7.49146 668.972
7.4972 572.807
7.50294 484.047
7.50867 408.549
7.51441 348.282
7.52015 305.458
7.52588 273.354
7.53162 247.343
7.53735 228.122
7.54309 212.825
7.54883 200.462
7.55456 190.508
7.5603 181.57
7.56604 175.164
7.57177 168.943
7.57751 164.71
7.58324 162.978
7.58898 158.817
7.59472 154.983
7.60045 153.042
7.60619 151.217
7.61192 148.965
7.61766 146.658
7.6234 143.419
7.62913 144.234
7.63487 142.524
7.64061 141.634
7.64634 139.744
7.65208 140.113
7.65781 139.893
7.66355 137.285
7.66929 137.605
7.67502 136.402
7.68076 137.139
7.6865 137.399
7.69223 139.728
7.69797 140.307
7.7037 139.815
7.70944 146.593
7.71518 175.992
7.72091 218.828
7.72665 302.732
7.73238 452.606
7.73812 211.634
7.74386 165.273
7.74959 172.636
7.75533 169.261
7.76107 170.509
7.7668 176.282
7.77254 187.588
7.77827 199.293
7.78401 214.229
7.78975 237.345
7.79548 264.875
7.80122 295.38
7.80696 322.261
7.81269 339.592
7.81843 328.202
7.82416 298.693
7.8299 264.445
7.83564 228.122
7.84137 200.465
7.84711 179.53
7.85284 163.445
7.85858 152.791
7.86432 143.058
7.87005 137.087
7.87579 132.249
7.88153 128.034
7.88726 126.201
7.893 123.511
7.89873 119.549
7.90447 120.775
7.91021 121.228
7.91594 119.523
7.92168 122.528
7.92742 115.138
7.93315 112.249
7.93889 109.486
7.94462 108.208
7.95036 107.459
7.9561 107.044
7.96183 105.432
7.96757 105.37
7.9733 106.301
7.97904 105.785
7.98478 105.942
7.99051 103.726
7.99625 103.816
8.00199 104.611
8.00772 103.402
8.01346 103.943
8.01919 102.32
8.02493 100.634
8.03067 101.169
8.0364 99.7808
8.04214 101.255
8.04788 100.1
8.05361 100.623
8.05935 100.509
8.06508 99.9303
8.07082 99.9263
8.07656 99.9524
8.08229 99.2221
8.08803 101.5
8.09376 101.543
8.0995 99.5045
8.10524 98.0312
8.11097 95.1849
8.11671 92.2967
8.12245 91.1248
8.12818 89.6574
8.13392 86.1321
8.13965 85.2087
8.14539 85.6824
8.15113 85.8893
8.15686 78.9754
8.1626 82.9558
8.16834 84.8223
8.17407 84.7677
8.17981 86.1936
8.18554 85.567
8.19128 86.4149
8.19702 87.4315
8.20275 86.9489
8.20849 86.6184
8.21422 87.2496
8.21996 84.9774
8.2257 86.0313
8.23143 85.0052
8.23717 85.8615
8.24291 86.5986
8.24864 85.666
8.25438 85.4255
8.26011 87.048
8.26585 85.4797
8.27159 86.7232
8.27732 85.096
8.28306 84.3121
8.2888 84.3851
8.29453 84.5603
8.30027 84.1715
8.306 84.1885
8.31174 85.3895
8.31748 84.7807
8.32321 84.0151
8.32895 84.0934
8.33468 83.3212
8.34042 84.2559
8.34616 84.321
8.35189 83.5905
8.35763 83.9825
8.36337 82.5864
8.3691 84.4872
8.37484 82.2444
8.38057 83.6524
8.38631 82.5133
8.39205 83.369
8.39778 81.0588
8.40352 82.3046
8.40926 82.4608
8.41499 84.9171
8.42073 86.8452
8.42646 88.574
8.4322 91.7306
8.43794 92.3714
8.44367 92.3491
8.44941 87.3368
8.45514 83.8405
8.46088 82.9489
8.46662 82.8889
8.47235 83.5523
8.47809 81.9069
8.48383 81.0254
8.48956 81.472
8.4953 80.3933
8.50103 80.2126
8.50677 80.5973
8.51251 80.9351
8.51824 80.6325
8.52398 82.1014
8.52972 80.9094
8.53545 81.5565
8.54119 82.1321
8.54692 80.2121
8.55266 81.8659
8.5584 81.328
8.56413 83.6205
8.56987 81.69
8.5756 80.6958
8.58134 81.8359
8.58708 80.0337
8.59281 79.3931
8.59855 79.4441
8.60429 80.843
8.61002 80.7774
8.61576 78.3216
8.62149 80.9035
8.62723 79.8163
8.63297 78.7033
8.6387 80.9933
8.64444 81.321
8.65018 80.866
8.65591 79.0734
8.66165 80.4792
8.66738 78.274
8.67312 78.2915
8.67886 78.0682
8.68459 78.6479
8.69033 78.2112
8.69606 78.8109
8.7018 80.1406
8.70754 79.348
8.71327 79.5862
8.71901 80.3991
8.72475 80.9186
8.73048 81.9879
8.73622 81.3405
8.74195 83.1613
8.74769 84.1822
8.75343 80.8077
8.75916 80.5508
8.7649 79.8349
8.77064 79.983
8.77637 78.3438
8.78211 78.7615
8.78784 79.6638
8.79358 80.9557
8.79932 79.136
8.80505 78.9624
8.81079 79.665
8.81652 79.5592
8.82226 78.7824
8.828 82.662
8.83373 82.9024
8.83947 81.3262
8.84521 82.8
8.85094 81.2128
8.85668 80.4974
8.86241 83.9077
8.86815 84.6092
8.87389 84.3333
8.87962 82.659
8.88536 85.5967
8.8911 86.4599
8.89683 85.0432
8.90257 85.1421
8.9083 86.9595
8.91404 84.7125
8.91978 89.6514
8.92551 99.0892
8.93125 104.433
8.93698 104.84
8.94272 100.389
8.94846 99.1333
8.95419 94.0134
8.95993 92.3919
8.96567 94.0062
8.9714 89.3937
8.97714 92
8.98287 95.5455
8.98861 93.1185
8.99435 98.7379
9.00008 93.9658
9.00582 101.895
9.01156 102.893
9.01729 105.886
9.02303 104.857
9.02876 112.923
9.0345 107.293
9.04024 109.357
9.04597 111.481
9.05171 99.2441
9.05744 98.6198
9.06318 100.427
9.06892 96.6387
9.07465 95.125
9.08039 87.3333
9.08613 86.2056
9.09186 90.875
9.0976 82.4423
9.10333 83.9479
9.10907 85.7755
9.11481 79.125
9.12054 83.3977
9.12628 80.3265
9.13202 81.4268
9.13775 81.2935
9.14349 79.75
9.14922 79.0854
9.15496 77.5366
9.1607 80.6757
9.16643 77.525
9.17217 76.7671
9.1779 80.3684
9.18364 73.5143
9.18938 79.1471
9.19511 75.5735
9.20085 75
9.20659 71.3846
9.21232 73.5333
9.21806 67.8689
9.22379 71.6909
9.22953 73.8545
9.23527 71.0943
9.241 71.3571
9.24674 72.6939
9.25248 69.9149
9.25821 68.1333
9.26395 70.3636
9.26968 66.3953
9.27542 65.359
9.28116 67.05
9.28689 64.4
9.29263 62.3939
9.29836 67.4242
9.3041 54.0606
9.30984 60.3214
9.31557 52.3333
9.32131 55.5185
9.32705 45.85
9.33278 50.3478
9.33852 37.5263
9.34425 50.5
9.34999 41.7059
9.35573 41.9286
9.36146 37.8182
9.3672 31.4545
9.37294 35.125
9.37867 33.8889
9.38441 13.3333
9.39014 13.75
9.39588 0
9.40162 0
9.40735 0
9.41309 0
9.41882 0
9.42456 0
9.4303 0
9.43603 0
9.44177 0
9.44751 0
9.45324 0
9.45898 0
9.46471 0
9.47045 0
9.47619 0
9.48192 0
9.48766 0
9.4934 0
9.49913 0
9.50487 0
9.5106 0
9.51634 0
9.52208 0
9.52781 0
9.53355 0
9.53928 0
9.54502 0
9.55076 0
9.55649 0
9.56223 0
9.56797 0
9.5737 0
9.57944 0
9.58517 0
9.59091 0
9.59665 0
9.60238 0
9.60812 0
9.61386 0
9.61959 0
9.62533 0
9.63106 0
9.6368 0
9.64254 0
9.64827 0
9.65401 0
9.65974 0
9.66548 0
9.67122 0
9.67695 0
9.68269 0
9.68843 0
9.69416 0
9.6999 0
9.70563 0
9.71137 0
9.71711 0
9.72284 0
9.72858 0
9.73432 0
9.74005 0
9.74579 0
9.75152 0
9.75726 0
9.763 0
9.76873 0
9.77447 0
9.7802 0
9.78594 0
9.79168 0
9.79741 0
9.80315 0
9.80889 0
9.81462 0
9.82036 0
9.82609 0
9.83183 0
9.83757 0
9.8433 0
9.84904 0
9.85478 0
9.86051 0
9.86625 0
9.87198 0
9.87772 0
9.88346 0
9.88919 0
9.89493 0
9.90066 0
9.9064 0
9.91214 0
9.91787 0
9.92361 0
9.92935 0
9.93508 0
9.94082 0
9.94655 0
9.95229 0
9.95803 0
9.96376 0
9.9695 0
9.97524 0
9.98097 0
9.98671 0
9.99244 0
9.99818 0
10.0039 0
10.0097 0
10.0154 0
10.0211 0
10.0269 0
10.0326 0
10.0383 0
10.0441 0
10.0498 0
10.0555 0
10.0613 0
10.067 0
10.0728 0
10.0785 0
10.0842 0
10.09 0
10.0957 0
10.1014 0
10.1072 0
10.1129 0
10.1186 0
10.1244 0
10.1301 0
10.1358 0
10.1416 0
10.1473 0
10.1531 0
10.1588 0
10.1645 0
10.1703 0
10.176 0
10.1817 0
10.1875 0
10.1932 0
10.1989 0
10.2047 0
10.2104 0
10.2162 0
10.2219 0
10.2276 0
10.2334 0
10.2391 0
10.2448 0
10.2506 0
10.2563 0
10.262 0
10.2678 0
10.2735 0
10.2793 0
10.285 0
10.2907 0
10.2965 0
10.3022 0
10.3079 0
10.3137 0
10.3194 0
10.3251 0
10.3309 0
10.3366 0
10.3424 0
10.3481 0
10.3538 0
10.3596 0
10.3653 0
10.371 0
10.3768 0
10.3825 0
10.3882 0
10.394 0
10.3997 0
10.4054 0
10.4112 0
10.4169 0
10.4227 0
10.4284 0
10.4341 0
10.4399 0
10.4456 0
10.4513 0
10.4571 0
10.4628 0
10.4685 0
10.4743 0
10.48 0
10.4858 0
10.4915 0
10.4972 0
10.503 0
10.5087 0
10.5144 0
10.5202 0
10.5259 0
10.5316 0
10.5374 0
10.5431 0
10.5489 0
10.5546 0
10.5603 0
10.5661 0
10.5718 0
10.5775 0
10.5833 0
10.589 0
10.5947 0
10.6005 0
10.6062 0
10.612 0
10.6177 0
10.6234 0
10.6292 0
10.6349 0
10.6406 0
10.6464 0
10.6521 0
10.6578 0
10.6636 0
10.6693 0
10.6751 0
10.6808 0
10.6865 0
10.6923 0
10.698 0
10.7037 0
10.7095 0
10.7152 0
10.7209 0
10.7267 0
10.7324 0
10.7381 0
10.7439 0
10.7496 0
10.7554 0
10.7611 0
10.7668 0
10.7726 0
10.7783 0
10.784 0
10.7898 0
10.7955 0
10.8012 0
10.807 0
10.8127 0
10.8185 0
10.8242 0
10.8299 0
10.8357 0
10.8414 0
10.8471 0
10.8529 0
10.8586 0
10.8643 0
10.8701 0
10.8758 0
10.8816 0
10.8873 0
10.893 0
10.8988 0
10.9045 0
10.9102 0
10.916 0
10.9217 0
10.9274 0
10.9332 0
10.9389 0
10.9447 0
10.9504 0
10.9561 0
10.9619 0
10.9676 0
10.9733 0
10.9791 0
10.9848 0
10.9905 0
10.9963 0
11.002 0
11.0077 0
11.0135 0
11.0192 0
11.025 0
11.0307 0
11.0364 0
11.0422 0
11.0479 0
11.0536 0
11.0594 0
11.0651 0
11.0708 0
11.0766 0
11.0823 0
11.0881 0
11.0938 0
11.0995 0
11.1053 0
11.111 0
11.1167 0
11.1225 0
11.1282 0
11.1339 0
11.1397 0
11.1454 0
11.1512 0
11.1569 0
11.1626 0
11.1684 0
11.1741 0
11.1798 0
11.1856 0
11.1913 0
11.197 0
11.2028 0
11.2085 0
11.2143 0
11.22 0
11.2257 0
11.2315 0
11.2372 0
11.2429 0
11.2487 0
11.2544 0
11.2601 0
11.2659 0
11.2716 0
11.2774 0
11.2831 0
11.2888 0
11.2946 0
11.3003 0
11.306 0
11.3118 0
11.3175 0
11.3232 0
11.329 0
11.3347 0
11.3404 0
11.3462 0
11.3519 0
11.3577 0
11.3634 0
11.3691 0
11.3749 0
11.3806 0
11.3863 0
11.3921 0
11.3978 0
11.4035 0
11.4093 0
11.415 0
11.4208 0
11.4265 0
11.4322 0
11.438 0
11.4437 0
11.4494 0
11.4552 0
11.4609 0
11.4666 0
11.4724 0
11.4781 0
11.4839 0
11.4896 0
11.4953 0
11.5011 0
11.5068 0
11.5125 0
11.5183 0
11.524 0
11.5297 0
11.5355 0
11.5412 0
11.547 0
11.5527 0
11.5584 0
11.5642 0
11.5699 0
11.5756 0
11.5814 0
11.5871 0
11.5928 0
11.5986 0
11.6043 0
11.61 0
11.6158 0
11.6215 0
11.6273 0
11.633 0
11.6387 0
11.6445 0
11.6502 0
11.6559 0
11.6617 0
11.6674 0
11.6731 0
11.6789 0
11.6846 0
11.6904 0
11.6961 0
11.7018 0
11.7076 0
11.7133 0
11.719 0
11.7248 0
11.7305 0
11.7362 0
11.742 0
