0 0
0.00573619 2
0.0114724 -37
0.0172086 -11.5
0.0229448 -23
0.028681 -6.33333
0.0344171 -4
0.0401533 6
0.0458895 -12.6
0.0516257 -10.6667
0.0573619 -4.16667
0.0630981 5.28571
0.0688343 11.8571
0.0745705 8
0.0803067 6.55556
0.0860429 4.33333
0.091779 -0.5
0.0975152 1.61538
0.103251 4.33333
0.108988 7.77778
0.114724 -5.3
0.12046 6.09091
0.126196 2.06667
0.131932 -4.625
0.137669 -0.0666667
0.143405 -2.92308
0.149141 4.92308
0.154877 -6.4375
0.160613 4.46667
0.16635 2.86667
0.172086 0.25
0.177822 0.894737
0.183558 3.35294
0.189294 0.142857
0.19503 -2.04762
0.200767 3.47619
0.206503 3.76471
0.212239 8.38889
0.217975 -0.0952381
0.223711 -3.05882
0.229448 1.33333
0.235184 1.78261
0.24092 4.59091
0.246656 -0.444444
0.252392 -0.32
0.258129 4.77778
0.263865 -3.52381
0.269601 4.70833
0.275337 -4.24138
0.281073 3.76
0.28681 -1.875
0.292546 0.32
0.298282 -4.2069
0.304018 1.14815
0.309754 -2.86667
0.31549 -2
0.321227 2.11111
0.326963 -0.733333
0.332699 -2.87097
0.338435 -2.30303
0.344171 -8.125
0.349908 2.65714
0.355644 0.8
0.36138 1.77419
0.367116 0.970588
0.372852 1.12121
0.378589 -2.54054
0.384325 3.40625
0.390061 -0.435897
0.395797 3.30769
0.401533 -0.384615
0.40727 4.34884
0.413006 8.35135
0.418742 4.775
0.424478 12.2059
0.430214 7.37778
0.43595 4.65854
0.441687 8.53125
0.447423 8.6383
0.453159 12.1282
0.458895 6.7907
0.464631 6.13636
0.470368 10.5366
0.476104 10.8085
0.48184 7.05556
0.487576 6.11538
0.493312 8.7561
0.499049 6.675
0.504785 12.8246
0.510521 12.4444
0.516257 13.0233
0.521993 9.81818
0.52773 12.6981
0.533466 9.77778
0.539202 12.7292
0.544938 14.5686
0.550674 15.7692
0.55641 9.85417
0.562147 5.58824
0.567883 12.8596
0.573619 12.6
0.579355 11.0926
0.585091 11.0351
0.590828 9.88679
0.596564 11.2292
0.6023 7.30357
0.608036 12.5231
0.613772 11.551
0.619509 14.8276
0.625245 9.8983
0.630981 11.7636
0.636717 12.8276
0.642453 12.1404
0.64819 10.2381
0.653926 14.5769
0.659662 13.4462
0.665398 21.5625
0.671134 15.4737
0.67687 17.8226
0.682607 16.3651
0.688343 16.0746
0.694079 17.6667
0.699815 16.6812
0.705551 14.0769
0.711288 14
0.717024 14.4054
0.72276 18.459
0.728496 13.0286
0.734232 16.7188
0.739969 15.913
0.745705 21.3662
0.751441 17.8448
0.757177 16.8442
0.762913 17.4478
0.76865 18.5072
0.774386 16.2794
0.780122 13.6712
0.785858 13.013
0.791594 15.9333
0.79733 14.5366
0.803067 14.029
0.808803 8.48571
0.814539 14.1728
0.820275 16.493
0.826011 13.6104
0.831748 16.3056
0.837484 16.7176
0.84322 13.8429
0.848956 16.2361
0.854692 13.4118
0.860429 18.1852
0.866165 9.0274
0.871901 15.7125
0.877637 12.6265
0.883373 14.3896
0.88911 16.0897
0.894846 11.3059
0.900582 15.8916
0.906318 16.9865
0.912054 14.7667
0.91779 14.3103
0.923527 16.2857
0.929263 15.8953
0.934999 16.6593
0.940735 17.1481
0.946471 18.1071
0.952208 14.2941
0.957944 15.2796
0.96368 18.1282
0.969416 15.3368
0.975152 12.8222
0.980889 18.2353
0.986625 18.2907
0.992361 17.0632
0.998097 15.0421
1.00383 15.125
1.00957 16.6667
1.01531 15.1649
1.02104 15.0119
1.02678 13.2292
1.03251 16.3187
1.03825 15.24
1.04399 16.7674
1.04972 16.297
1.05546 17.6337
1.0612 15.3293
1.06693 14.9346
1.07267 17.9011
1.0784 17.6019
1.08414 13.2653
1.08988 17.36
1.09561 14.0952
1.10135 15.1163
1.10708 16.2182
1.11282 17.6316
1.11856 16.3367
1.12429 14.9429
1.13003 14.9905
1.13577 15.3714
1.1415 16.7353
1.14724 16.9541
1.15297 15
1.15871 15.88
1.16445 14.887
1.17018 16.0667
1.17592 15.9346
1.18166 16.9479
1.18739 16.2773
1.19313 12.7615
1.19886 13.466
1.2046 14.2261
1.21034 11.9065
1.21607 13.7
1.22181 17.5273
1.22754 15.9658
1.23328 13.4206
1.23902 13.7768
1.24475 13.6975
1.25049 16.055
1.25623 12.5556
1.26196 12.8034
1.2677 16.5565
1.27343 14.1532
1.27917 14.1356
1.28491 14.2119
1.29064 17.1239
1.29638 13.2241
1.30212 15.5897
1.30785 15.042
1.31359 15.431
1.31932 14.6772
1.32506 12.7815
1.3308 15.819
1.33653 13.2619
1.34227 14.9496
1.348 14.0472
1.35374 14.823
1.35948 14.408
1.36521 13.8855
1.37095 13
1.37669 14.9568
1.38242 14.8934
1.38816 13.9924
1.39389 13.322
1.39963 16.5152
1.40537 15.062
1.4111 13.9018
1.41684 15.1958
1.42258 13.6519
1.42831 15.4298
1.43405 11.4692
1.43978 12.4148
1.44552 15.6159
1.45126 13.7542
1.45699 14.3972
1.46273 13.8258
1.46846 13.3571
1.4742 16.8112
1.47994 15.4264
1.48567 12.985
1.49141 16.6538
1.49715 12.2617
1.50288 15.3577
1.50862 12.6129
1.51435 13.2123
1.52009 12.7801
1.52583 13.9237
1.53156 14.0519
1.5373 14.3673
1.54304 12.2057
1.54877 12
1.55451 13.2013
1.56024 11.9635
1.56598 13.5
1.57172 11.4823
1.57745 13.1757
1.58319 14.8298
1.58892 14.1268
1.59466 13.3
1.6004 12.6713
1.60613 11.4203
1.61187 12.557
1.61761 12.0955
1.62334 11.5489
1.62908 14.9677
1.63481 13.7483
1.64055 13.5667
1.64629 11.5822
1.65202 11.5497
1.65776 12.4371
1.6635 10.2409
1.66923 10.9245
1.67497 13.9693
1.6807 14.4818
1.68644 14.4304
1.69218 15.0864
1.69791 14.2941
1.70365 12.3986
1.70938 15.0705
1.71512 12.4172
1.72086 13.6765
1.72659 12.7399
1.73233 14.6065
1.73807 11.0327
1.7438 12.9578
1.74954 14.6289
1.75527 12.872
1.76101 14.3235
1.76675 13.9448
1.77248 14.6646
1.77822 12.8231
1.78396 14.1071
1.78969 14.1975
1.79543 13.6936
1.80116 13.7006
1.8069 15.0994
1.81264 14.7126
1.81837 10.4133
1.82411 13.1944
1.82984 12.4658
1.83558 13.8121
1.84132 12.2
1.84705 15.4911
1.85279 12.9591
1.85853 12.725
1.86426 15.2486
1.87 13.1279
1.87573 12.4625
1.88147 14.9548
1.88721 15.9535
1.89294 14.2023
1.89868 15.4118
1.90442 15.3391
1.91015 17.4615
1.91589 31.9107
1.92162 34.0802
1.92736 17.0904
1.9331 18.2024
1.93883 16.5291
1.94457 15.7354
1.9503 15.9882
1.95604 16.4884
1.96178 13.989
1.96751 14.0595
1.97325 14.1043
1.97899 14.2727
1.98472 14.9415
1.99046 15.3943
1.99619 15.8352
2.00193 14.7737
2.00767 14.0734
2.0134 15.0523
2.01914 15.0798
2.02488 14.4869
2.03061 11.4407
2.03635 13.4255
2.04208 15.8108
2.04782 14.4255
2.05356 15.1667
2.05929 16.1271
2.06503 13.98
2.07076 14.7841
2.0765 15.3679
2.08224 16.2449
2.08797 14.9364
2.09371 17.7424
2.09945 14.0595
2.10518 16.7136
2.11092 13.5615
2.11665 15.9231
2.12239 17.9082
2.12813 15.9172
2.13386 14.6766
2.1396 15.9296
2.14534 15.0667
2.15107 14.4011
2.15681 17.7688
2.16254 16.1485
2.16828 17.413
2.17402 17.4218
2.17975 16.01
2.18549 15.0106
2.19122 17.3119
2.19696 16.7624
2.2027 18.2049
2.20843 25.2865
2.21417 32.1792
2.21991 39.2441
2.22564 27.3607
2.23138 18.6872
2.23711 15.7826
2.24285 17.649
2.24859 16.6927
2.25432 15.9178
2.26006 17.2427
2.2658 17.0269
2.27153 15.0744
2.27727 17.5972
2.283 17.1095
2.28874 15.652
2.29448 16.3874
2.30021 16.218
2.30595 15.0152
2.31168 18.4491
2.31742 16.3333
2.32316 18.1154
2.32889 17.3598
2.33463 18.7512
2.34037 16.9906
2.3461 17.9009
2.35184 19.6199
2.35757 22.6814
2.36331 21.3084
2.36905 21.0507
2.37478 21.1577
2.38052 19.7512
2.38626 20.0707
2.39199 19.4231
2.39773 20.1111
2.40346 19.9406
2.4092 20.1659
2.41494 21.4525
2.42067 16.8249
2.42641 18.1244
2.43214 16.5671
2.43788 18.657
2.44362 16.3172
2.44935 18.4464
2.45509 18.0516
2.46083 16.8018
2.46656 17.4105
2.4723 15.6807
2.47803 16.8047
2.48377 18.1947
2.48951 16.3034
2.49524 16.905
2.50098 17.9062
2.50672 17.115
2.51245 17.867
2.51819 17.6435
2.52392 19.895
2.52966 17.6611
2.5354 18.6435
2.54113 18.1708
2.54687 18.9351
2.5526 19.0805
2.55834 17.3198
2.56408 16.8766
2.56981 17.343
2.57555 19.0543
2.58129 20.4978
2.58702 18.1506
2.59276 19.1193
2.59849 17.6653
2.60423 18.3602
2.60997 17.9959
2.6157 18.6606
2.62144 19.6328
2.62718 17.9447
2.63291 18.4142
2.63865 19.4936
2.64438 18.2798
2.65012 18.452
2.65586 18.5045
2.66159 18.585
2.66733 18.6352
2.67306 19.3447
2.6788 19.6953
2.68454 18.5252
2.69027 18.4578
2.69601 20.1174
2.70175 18.3555
2.70748 22.4362
2.71322 17.0591
2.71895 19.41
2.72469 18.9342
2.73043 19.7835
2.73616 18.6667
2.7419 19.4942
2.74764 19.3992
2.75337 18.2164
2.75911 20.27
2.76484 17.5278
2.77058 17.8519
2.77632 19.2046
2.78205 18.5357
2.78779 20.2085
2.79352 19.5574
2.79926 20.7594
2.805 18.8233
2.81073 19.7893
2.81647 18.1704
2.82221 20.403
2.82794 19.6389
2.83368 19.9375
2.83941 20.8087
2.84515 19.536
2.85089 20.3798
2.85662 19.6629
2.86236 18.4008
2.8681 20.5935
2.87383 18.6755
2.87957 19.5683
2.8853 19.51
2.89104 19.5323
2.89678 21.3887
2.90251 21.1418
2.90825 21.4724
2.91398 23.1533
2.91972 20.6498
2.92546 20.9575
2.93119 20.3208
2.93693 19.9711
2.94267 21.5802
2.9484 21.8981
2.95414 21.5486
2.95987 21.9676
2.96561 23.6308
2.97135 24.5623
2.97708 26.4043
2.98282 31.8088
2.98856 64.9286
2.99429 65.7429
3.00003 34.3197
3.00576 28.943
3.0115 25.7574
3.01724 23.6886
3.02297 22.3855
3.02871 24.0216
3.03444 24.4731
3.04018 22.9856
3.04592 23.7537
3.05165 23.681
3.05739 22.4947
3.06313 24.358
3.06886 23.902
3.0746 26.1123
3.08033 25.5507
3.08607 24.3121
3.09181 23.692
3.09754 25.9412
3.10328 30.0263
3.10902 30.7671
3.11475 30.6169
3.12049 27.7253
3.12622 26.306
3.13196 31.6512
3.1377 33.3667
3.14343 38.1
3.14917 33.9654
3.1549 28.805
3.16064 29.0772
3.16638 27.5677
3.17211 27.2535
3.17785 27.7679
3.18359 27.9176
3.18932 29.54
3.19506 28.6734
3.20079 30.5167
3.20653 30.5765
3.21227 29.0034
3.218 28.2014
3.22374 28.5694
3.22948 28.9164
3.23521 31.9967
3.24095 31.8178
3.24668 31.5206
3.25242 30.6233
3.25816 30.7465
3.26389 29.8968
3.26963 30.6952
3.27536 30.736
3.2811 29.9669
3.28684 32.4094
3.29257 32.7082
3.29831 33.3821
3.30405 33.3429
3.30978 35.5377
3.31552 35.1743
3.32125 36.8678
3.32699 39.3887
3.33273 39.9487
3.33846 37.2483
3.3442 37.4232
3.34994 38.7257
3.35567 37.505
3.36141 37.9211
3.36714 40.3173
3.37288 50.4267
3.37862 62.3549
3.38435 60.7415
3.39009 72.5185
3.39582 73.9935
3.40156 40.1792
3.4073 42.7143
3.41303 40.2574
3.41877 40.0099
3.42451 41.6687
3.43024 39.5796
3.43598 37.2244
3.44171 39.1254
3.44745 38.4838
3.45319 40.884
3.45892 40.8032
3.46466 39.8024
3.4704 39.6977
3.47613 37.8245
3.48187 40.4488
3.4876 40.527
3.49334 40.7651
3.49908 40.7962
3.50481 42.5881
3.51055 42.1875
3.51628 42.7097
3.52202 46.1538
3.52776 47.3137
3.53349 47.6069
3.53923 53.0648
3.54497 61.1034
3.5507 65.403
3.55644 60.9678
3.56217 55.2687
3.56791 52.2579
3.57365 48.0373
3.57938 47.6667
3.58512 48.0338
3.59086 46.1115
3.59659 47.6204
3.60233 47.6676
3.60806 49.4939
3.6138 49.5746
3.61954 48.8955
3.62527 51.0542
3.63101 53.1495
3.63674 58.2749
3.64248 63.1127
3.64822 65.7585
3.65395 66.7635
3.65969 67.7412
3.66543 65.1982
3.67116 66.6834
3.6769 65.378
3.68263 68.2165
3.68837 66.0667
3.69411 66.7977
3.69984 63.1926
3.70558 62.7909
3.71132 64.759
3.71705 63.4522
3.72279 65.035
3.72852 64.2299
3.73426 66.5791
3.74 69.3848
3.74573 68.9684
3.75147 69.6301
3.7572 70.3164
3.76294 73.8899
3.76868 73.1472
3.77441 75.5312
3.78015 76.6797
3.78589 79.4485
3.79162 81.1429
3.79736 85.5014
3.80309 87.9762
3.80883 90.4746
3.81457 96.691
3.8203 104.823
3.82604 112.619
3.83178 124.562
3.83751 149.59
3.84325 220.933
3.84898 353.813
3.85472 452.271
3.86046 369.606
3.86619 349.236
3.87193 418.109
3.87766 523.412
3.8834 692.124
3.88914 880.804
3.89487 1034.41
3.90061 977.082
3.90635 802.466
3.91208 622.917
3.91782 456.783
3.92355 348.351
3.92929 275.47
3.93503 222.566
3.94076 186.05
3.9465 159.156
3.95224 144.328
3.95797 125.31
3.96371 117.201
3.96944 110.201
3.97518 108.313
3.98092 99.3275
3.98665 97.019
3.99239 95.2412
3.99812 90.5479
4.00386 90.0575
4.0096 90.3297
4.01533 84.5711
4.02107 83.905
4.02681 83.6416
4.03254 83.6711
4.03828 83.0164
4.04401 82.4904
4.04975 79.8338
4.05549 80.4096
4.06122 78.7832
4.06696 78.0677
4.0727 75.8831
4.07843 75.9352
4.08417 75.1192
4.0899 74.084
4.09564 74.484
4.10138 73.2241
4.10711 75.0597
4.11285 74.5408
4.11858 73.6583
4.12432 73.3947
4.13006 75.4755
4.13579 72.361
4.14153 73.5576
4.14727 71.1392
4.153 72.7795
4.15874 72.2465
4.16447 72.0612
4.17021 73.2935
4.17595 72.6789
4.18168 72.3013
4.18742 72.5866
4.19316 73.8157
4.19889 76.5603
4.20463 77.9507
4.21036 76.4795
4.2161 77.6048
4.22184 74.1783
4.22757 75.344
4.23331 75.1708
4.23904 74.8306
4.24478 74.9677
4.25052 73.6997
4.25625 73.7995
4.26199 74.5739
4.26773 76.3223
4.27346 76.5333
4.2792 77.5349
4.28493 78.1494
4.29067 78.6591
4.29641 81.2767
4.30214 82.4123
4.30788 82.2129
4.31362 82.1381
4.31935 84.7311
4.32509 87.885
4.33082 88.1911
4.33656 91.4587
4.3423 91.2729
4.34803 94.3509
4.35377 98.0152
4.3595 99.7275
4.36524 104.049
4.37098 106.052
4.37671 111.087
4.38245 113.942
4.38819 117.714
4.39392 129.115
4.39966 130.295
4.40539 140.707
4.41113 153.761
4.41687 167.641
4.4226 195.692
4.42834 248.915
4.43408 408.312
4.43981 921.031
4.44555 2006.13
4.45128 8480.16
4.45702 11269.3
4.46276 4867.67
4.46849 1542.72
4.47423 798
4.47996 456.984
4.4857 381.675
4.49144 364.967
4.49717 338.712
4.50291 337.606
4.50865 320.137
4.51438 294.383
4.52012 260.924
4.52585 227.716
4.53159 199.503
4.53733 174.983
4.54306 153.156
4.5488 136.115
4.55454 124.882
4.56027 114.981
4.56601 105.261
4.57174 98.9543
4.57748 93.4907
4.58322 88.6754
4.58895 84.1942
4.59469 82.6462
4.60042 78.7193
4.60616 76.6729
4.6119 75.3109
4.61763 73.9289
4.62337 71.7113
4.62911 71.3218
4.63484 71.4447
4.64058 69.6294
4.64631 65.6789
4.65205 64.8263
4.65779 62.4499
4.66352 63.3904
4.66926 63.2633
4.675 61.7179
4.68073 61.2214
4.68647 60.3212
4.6922 61.7724
4.69794 62.1493
4.70368 59.1076
4.70941 59.6373
4.71515 60.0022
4.72088 61.645
4.72662 61.0953
4.73236 61.6596
4.73809 61.2037
4.74383 60.067
4.74957 58.5457
4.7553 58.4719
4.76104 57.6682
4.76677 57.1986
4.77251 56.5
4.77825 57.1698
4.78398 54.3244
4.78972 54.5191
4.79546 51.6889
4.80119 52.9461
4.80693 51.6382
4.81266 49.5448
4.8184 50.8138
4.82414 49.5781
4.82987 50.4966
4.83561 50.1116
4.84134 53.863
4.84708 55.2931
4.85282 56.3996
4.85855 54.8568
4.86429 50.344
4.87003 50.3672
4.87576 48.6511
4.8815 47.1123
4.88723 49.2662
4.89297 48.0573
4.89871 47.8272
4.90444 47.8475
4.91018 46.3638
4.91592 48.0642
4.92165 47.9892
4.92739 47.8927
4.93312 46.987
4.93886 47.0503
4.9446 46.9028
4.95033 45.0661
4.95607 46.4506
4.9618 45.2299
4.96754 47.3349
4.97328 47.3476
4.97901 55.6987
4.98475 49.6379
4.99049 46.7176
4.99622 45.189
5.00196 44.1778
5.00769 45.8803
5.01343 44.8212
5.01917 43.5934
5.0249 44.533
5.03064 45.514
5.03638 43.8896
5.04211 46.4413
5.04785 44.4622
5.05358 45.1923
5.05932 45.1015
5.06506 43.8176
5.07079 43.279
5.07653 48.0955
5.08226 45.25
5.088 45.7263
5.09374 44.3861
5.09947 43.6239
5.10521 43.7917
5.11095 44.0256
5.11668 44.4781
5.12242 43.6798
5.12815 43.6115
5.13389 42.2536
5.13963 44.4289
5.14536 46.3798
5.1511 45.1261
5.15684 45.4201
5.16257 45.6065
5.16831 44.293
5.17404 44.7273
5.17978 45.5112
5.18552 43.6468
5.19125 43.9607
5.19699 45.5215
5.20272 42.8424
5.20846 43.908
5.2142 42.496
5.21993 43.0983
5.22567 43.7024
5.23141 43.946
5.23714 44.7686
5.24288 44.6055
5.24861 43.1144
5.25435 43.0693
5.26009 43.6598
5.26582 44.4819
5.27156 44.5787
5.2773 43.3271
5.28303 44.3151
5.28877 44.7597
5.2945 45.1
5.30024 44.8857
5.30598 45.1518
5.31171 45.1463
5.31745 44.3963
5.32318 44.462
5.32892 45.2639
5.33466 45.047
5.34039 45.7119
5.34613 45.7925
5.35187 55.8324
5.3576 47.8333
5.36334 44.3636
5.36907 45.2321
5.37481 45.2407
5.38055 45.9834
5.38628 45.4394
5.39202 47.919
5.39776 49.1331
5.40349 48.3862
5.40923 47.0039
5.41496 45.8337
5.4207 44.4283
5.42644 45.3366
5.43217 44.0548
5.43791 45.937
5.44364 44.5489
5.44938 45.6282
5.45512 45.2209
5.46085 46.7329
5.46659 45.8487
5.47233 45.3306
5.47806 46.6594
5.4838 44.3758
5.48953 44.8203
5.49527 45.0845
5.50101 45.5807
5.50674 44.4042
5.51248 45.1909
5.51822 46.3507
5.52395 46.2096
5.52969 45.8891
5.53542 46.8412
5.54116 47.1621
5.5469 45.6224
5.55263 47.5765
5.55837 45.5346
5.5641 45.5836
5.56984 45.0813
5.57558 44.7812
5.58131 46.1584
5.58705 46.1355
5.59279 45.7059
5.59852 46.2156
5.60426 45.8782
5.60999 45.8676
5.61573 46.8824
5.62147 47.6237
5.6272 46.8218
5.63294 47.5154
5.63868 46.345
5.64441 48.0899
5.65015 46.7981
5.65588 47.4602
5.66162 48.6301
5.66736 49.2992
5.67309 48.1505
5.67883 48.9142
5.68456 48.9276
5.6903 47.8577
5.69604 48.8538
5.70177 49.9004
5.70751 49.8399
5.71325 51.1503
5.71898 50.6089
5.72472 50.6291
5.73045 51.1654
5.73619 50.6166
5.74193 50.6815
5.74766 52.0733
5.7534 51.4693
5.75914 51.5404
5.76487 52.53
5.77061 53.6923
5.77634 52.3865
5.78208 50.6181
5.78782 54.4659
5.79355 54.1533
5.79929 54.5104
5.80502 52.7411
5.81076 54.157
5.8165 54.0673
5.82223 54.4618
5.82797 54.3474
5.83371 54.8954
5.83944 54.4329
5.84518 55.3608
5.85091 54.5252
5.85665 57.3075
5.86239 56.7062
5.86812 56.5986
5.87386 56.5618
5.8796 57.5192
5.88533 57.0984
5.89107 56.3264
5.8968 57.8456
5.90254 57.2451
5.90828 58.5064
5.91401 60.194
5.91975 58.8492
5.92548 61.1339
5.93122 59.8429
5.93696 62.0522
5.94269 73.14
5.94843 70.337
5.95417 93.3911
5.9599 71.4821
5.96564 67.5617
5.97137 64.0088
5.97711 66.1124
5.98285 66.1393
5.98858 63.8996
5.99432 67.4402
6.00006 66.989
6.00579 68.6859
6.01153 69.2401
6.01726 71.0019
6.023 70.5382
6.02874 71.3555
6.03447 71.1854
6.04021 71.232
6.04594 71.0395
6.05168 72.2509
6.05742 72.9355
6.06315 73.8576
6.06889 72.6922
6.07463 73.5714
6.08036 76.6398
6.0861 76.4705
6.09183 79.1858
6.09757 80.551
6.10331 80.5459
6.10904 81.0978
6.11478 83.4471
6.12052 83.2589
6.12625 84.8935
6.13199 85.6154
6.13772 87.094
6.14346 87.3559
6.1492 90.2111
6.15493 92.4911
6.16067 93.7491
6.1664 95.4653
6.17214 96.8996
6.17788 101.305
6.18361 101.574
6.18935 106.623
6.19509 110.521
6.20082 111.156
6.20656 117.091
6.21229 122.317
6.21803 131.319
6.22377 132.469
6.2295 137.849
6.23524 148
6.24098 149.81
6.24671 154.342
6.25245 171.896
6.25818 179.587
6.26392 198.682
6.26966 231.521
6.27539 311.894
6.28113 412.801
6.28686 969.639
6.2926 2771.11
6.29834 6242.56
6.30407 6442.16
6.30981 9993.48
6.31555 3050.51
6.32128 1612.42
6.32702 632.899
6.33275 407.112
6.33849 354.904
6.34423 289.982
6.34996 282.791
6.3557 283.323
6.36144 282.725
6.36717 296.697
6.37291 313.283
6.37864 309.988
6.38438 290.924
6.39012 270.054
6.39585 248.49
6.40159 221.101
6.40732 198.711
6.41306 179.764
6.4188 164.449
6.42453 150.24
6.43027 143.398
6.43601 137.66
6.44174 129.715
6.44748 127.949
6.45321 124.491
6.45895 122.087
6.46469 117.678
6.47042 114.396
6.47616 115.696
6.4819 108.129
6.48763 105.18
6.49337 102.585
6.4991 101.015
6.50484 99.7866
6.51058 97.3769
6.51631 98.2545
6.52205 96.273
6.52778 94.2917
6.53352 95.1187
6.53926 93.2761
6.54499 93.128
6.55073 90.7102
6.55647 91.5561
6.5622 91.3449
6.56794 91.716
6.57367 91.1683
6.57941 90.5185
6.58515 91.2661
6.59088 89.1505
6.59662 89.6165
6.60236 88.3789
6.60809 87.3135
6.61383 88.5303
6.61956 85.762
6.6253 85.5177
6.63104 83.9853
6.63677 84.0685
6.64251 84.0925
6.64824 83.3674
6.65398 84.0973
6.65972 82.3142
6.66545 83.5066
6.67119 83.3706
6.67693 83.9584
6.68266 84.4935
6.6884 83.7626
6.69413 85.0839
6.69987 84.312
6.70561 83.0064
6.71134 82.3137
6.71708 83.314
6.72282 82.285
6.72855 83.0096
6.73429 82.5774
6.74002 81.0892
6.74576 81.0498
6.7515 80.4728
6.75723 82.7645
6.76297 81.3945
6.7687 81.433
6.77444 81.8074
6.78018 78.314
6.78591 79.7641
6.79165 80.0945
6.79739 80.0435
6.80312 81.8835
6.80886 79.7245
6.81459 80.492
6.82033 80.2326
6.82607 80.9009
6.8318 80.7966
6.83754 80.0366
6.84328 79.2492
6.84901 80.1787
6.85475 81.4526
6.86048 80.3047
6.86622 79.4242
6.87196 80.7969
6.87769 81.0739
6.88343 80.5047
6.88916 81.0929
6.8949 78.8616
6.90064 80.5422
6.90637 80.3071
6.91211 80.9225
6.91785 80.564
6.92358 80.9138
6.92932 80.7253
6.93505 80.0081
6.94079 80.0637
6.94653 80.6942
6.95226 80.4777
6.958 79.4016
6.96374 78.5532
6.96947 79.0687
6.97521 80.6907
6.98094 78.7673
6.98668 80.2898
6.99242 79.2131
6.99815 79.4466
7.00389 80.2779
7.00962 80.4101
7.01536 81.4491
7.0211 79.5086
7.02683 80.7973
7.03257 82.6003
7.03831 80.8417
7.04404 81.1616
7.04978 80.0321
7.05551 82.2159
7.06125 81.875
7.06699 82.7592
7.07272 81.5104
7.07846 82.362
7.0842 81.6099
7.08993 82.1809
7.09567 82.8381
7.1014 82.7932
7.10714 83.2447
7.11288 84.0138
7.11861 84.5622
7.12435 85.2357
7.13008 86.1086
7.13582 84.8851
7.14156 84.7361
7.14729 86.2087
7.15303 84.8019
7.15877 84.1435
7.1645 85.2649
7.17024 85.1519
7.17597 85.9169
7.18171 87.1466
7.18745 86.1574
7.19318 86.1177
7.19892 85.8372
7.20466 88.8012
7.21039 87.3094
7.21613 89.9516
7.22186 88.6717
7.2276 88.9181
7.23334 89.9805
7.23907 90.1399
7.24481 90.5137
7.25054 90.514
7.25628 91.6073
7.26202 91.5299
7.26775 91.1878
7.27349 91.8745
7.27923 92.1433
7.28496 92.5785
7.2907 93.7786
7.29643 95.1709
7.30217 94.1662
7.30791 94.8438
7.31364 96.2055
7.31938 97.4812
7.32512 98.0103
7.33085 98.6232
7.33659 101.309
7.34232 100.507
7.34806 103.228
7.3538 103.953
7.35953 103.95
7.36527 108.163
7.371 116.868
7.37674 149.834
7.38248 135.285
7.38821 342.834
7.39395 348.943
7.39969 413.711
7.40542 732.801
7.41116 390.582
7.41689 238.73
7.42263 173.778
7.42837 156.87
7.4341 152.545
7.43984 153.671
7.44558 159.736
7.45131 168.942
7.45705 182.313
7.46278 198.785
7.46852 222.351
7.47426 242.166
7.47999 251.911
7.48573 246.139
7.49146 232.347
7.4972 211.69
7.50294 191.356
7.50867 173.056
7.51441 156.226
7.52015 142.277
7.52588 132.143
7.53162 122.953
7.53735 116.41
7.54309 109.943
7.54883 107.178
7.55456 102.573
7.5603 100.886
7.56604 99.7865
7.57177 95.9207
7.57751 92.9083
7.58324 90.2541
7.58898 90.8104
7.59472 89.1694
7.60045 87.4957
7.60619 87.1547
7.61192 84.1761
7.61766 83.8366
7.6234 84.6034
7.62913 83.8958
7.63487 82.2817
7.64061 82.7557
7.64634 81.5355
7.65208 80.7518
7.65781 82.1458
7.66355 81.0257
7.66929 81.1268
7.67502 79.9421
7.68076 81.0843
7.6865 82.3748
7.69223 81.1429
7.69797 82.0817
7.7037 84.0643
7.70944 87.0027
7.71518 98.4741
7.72091 114.219
7.72665 216.068
7.73238 375.419
7.73812 133.43
7.74386 140.147
7.74959 104.843
7.75533 93.6986
7.76107 91.0391
7.7668 90.6044
7.77254 95.0682
7.77827 97.1204
7.78401 102.269
7.78975 108.365
7.79548 115.348
7.80122 123.299
7.80696 129.653
7.81269 130.594
7.81843 126.85
7.82416 121.052
7.8299 113.343
7.83564 103.934
7.84137 96.4468
7.84711 92.6653
7.85284 86.9367
7.85858 83.3948
7.86432 80.7342
7.87005 78.9049
7.87579 75.7299
7.88153 74.7486
7.88726 73.4993
7.893 73.6323
7.89873 71.6019
7.90447 72.0413
7.91021 76.3979
7.91594 76.3699
7.92168 80.5027
7.92742 74.0528
7.93315 69.332
7.93889 66.9804
7.94462 68.5338
7.95036 66.6306
7.9561 66.3163
7.96183 66.6287
7.96757 68.5021
7.9733 67.9341
7.97904 66.8364
7.98478 67.3096
7.99051 66.8209
7.99625 65.6837
8.00199 65.7628
8.00772 65.0508
8.01346 64.2124
8.01919 64.4362
8.02493 64.3086
8.03067 64.2664
8.0364 63.1824
8.04214 62.9297
8.04788 63.3297
8.05361 62.318
8.05935 62.6878
8.06508 63.8217
8.07082 61.7131
8.07656 62.5152
8.08229 62.2865
8.08803 62.626
8.09376 62.4389
8.0995 61.1566
8.10524 59.498
8.11097 59.9762
8.11671 57.7817
8.12245 57.2551
8.12818 57.776
8.13392 57.6235
8.13965 54.8858
8.14539 55.0433
8.15113 55.2713
8.15686 50.4716
8.1626 53.0656
8.16834 53.6192
8.17407 54.6787
8.17981 53.6851
8.18554 55.8382
8.19128 55.0162
8.19702 55.4984
8.20275 56.2405
8.20849 56.0494
8.21422 56.6601
8.21996 55.0957
8.2257 55.633
8.23143 55.2565
8.23717 56.4529
8.24291 55.2095
8.24864 55.241
8.25438 56.6715
8.26011 55.2638
8.26585 54.5068
8.27159 55.2693
8.27732 56.1248
8.28306 53.6455
8.2888 55.0216
8.29453 54.0634
8.30027 53.9306
8.306 53.9365
8.31174 54.9095
8.31748 55.6338
8.32321 53.1892
8.32895 51.6473
8.33468 53.2484
8.34042 54.5522
8.34616 54.3232
8.35189 52.9887
8.35763 53.0197
8.36337 53.0131
8.3691 54.5035
8.37484 53.3632
8.38057 52.4214
8.38631 51.9513
8.39205 51.9619
8.39778 52.5564
8.40352 52.8023
8.40926 51.0515
8.41499 53.1537
8.42073 53.3548
8.42646 53.1173
8.4322 56.017
8.43794 54.4416
8.44367 56.1596
8.44941 53.9171
8.45514 52.9757
8.46088 52.1432
8.46662 53.522
8.47235 51.059
8.47809 52.7367
8.48383 52.0986
8.48956 52.064
8.4953 54.0582
8.50103 53.3362
8.50677 53.5787
8.51251 52.6667
8.51824 52.2479
8.52398 52.6113
8.52972 52.006
8.53545 53.229
8.54119 52.9369
8.54692 53.4424
8.55266 52.519
8.5584 52.9325
8.56413 53.1416
8.56987 50.8116
8.5756 53.123
8.58134 51.7616
8.58708 51.3232
8.59281 52.2767
8.59855 52.2588
8.60429 51.157
8.61002 51.4613
8.61576 52.5124
8.62149 51.0675
8.62723 52.0952
8.63297 51.652
8.6387 52.592
8.64444 52.0849
8.65018 52.0893
8.65591 51.986
8.66165 48.4566
8.66738 51.1281
8.67312 53.5793
8.67886 49.8636
8.68459 50.6404
8.69033 48.251
8.69606 51.5236
8.7018 53.6367
8.70754 50.356
8.71327 50.0613
8.71901 50.6481
8.72475 53.2868
8.73048 51.5282
8.73622 51.1466
8.74195 52.4153
8.74769 51.2246
8.75343 51.9829
8.75916 52.7161
8.7649 50.4312
8.77064 50.8432
8.77637 51.2812
8.78211 53.5459
8.78784 51.4935
8.79358 50.4532
8.79932 49.7281
8.80505 50.4366
8.81079 53.4138
8.81652 51.0047
8.82226 49.0155
8.828 51.6806
8.83373 52.0488
8.83947 52.0535
8.84521 52.2585
8.85094 49.5319
8.85668 50.4308
8.86241 53.6308
8.86815 49.7701
8.87389 52.5487
8.87962 53.6936
8.88536 53.2707
8.8911 53.1872
8.89683 50.1543
8.90257 54.3224
8.9083 54.4335
8.91404 56.925
8.91978 56.2286
8.92551 69.2675
8.93125 71.8841
8.93698 145.534
8.94272 112.604
8.94846 82.5091
8.95419 63.2617
8.95993 54.8851
8.96567 55.5839
8.9714 54.5669
8.97714 56.0823
8.98287 54.6783
8.98861 57.763
8.99435 52.9862
9.00008 53.0085
9.00582 56.8947
9.01156 58.8092
9.01729 57.3008
9.02303 59.0143
9.02876 60.7009
9.0345 57.3415
9.04024 59.6667
9.04597 60.1154
9.05171 55.3307
9.05744 55.314
9.06318 54.8544
9.06892 53.7227
9.07465 55.8854
9.08039 53.3675
9.08613 54.757
9.09186 58.5
9.0976 61.4231
9.10333 56
9.10907 62.4082
9.11481 50.8854
9.12054 53.25
9.12628 49.9286
9.13202 48.8902
9.13775 52.9674
9.14349 46.5833
9.14922 52.061
9.15496 48.378
9.1607 48.1486
9.16643 45.2875
9.17217 47.9589
9.1779 48.7763
9.18364 50.2429
9.18938 45.2353
9.19511 46.8676
9.20085 51.619
9.20659 45.3538
9.21232 51.2667
9.21806 45.7869
9.22379 45.8545
9.22953 42.2182
9.23527 42.1698
9.241 49.5536
9.24674 46.6735
9.25248 43.766
9.25821 43.8667
9.26395 43
9.26968 43.3488
9.27542 43.2821
9.28116 42.275
9.28689 40.1429
9.29263 41.9697
9.29836 39.4545
9.3041 39.1515
9.30984 37.6429
9.31557 39.4815
9.32131 36.7407
9.32705 25.5
9.33278 40.3478
9.33852 28.4211
9.34425 33.2222
9.34999 24.4118
9.35573 32.5714
9.36146 27.8182
9.3672 21.0909
9.37294 16.625
9.37867 18.4444
9.38441 10.3333
9.39014 8.75
9.39588 0
9.40162 0
9.40735 0
9.41309 0
9.41882 0
9.42456 0
9.4303 0
9.43603 0
9.44177 0
9.44751 0
9.45324 0
9.45898 0
9.46471 0
9.47045 0
9.47619 0
9.48192 0
9.48766 0
9.4934 0
9.49913 0
9.50487 0
9.5106 0
9.51634 0
9.52208 0
9.52781 0
9.53355 0
9.53928 0
9.54502 0
9.55076 0
9.55649 0
9.56223 0
9.56797 0
9.5737 0
9.57944 0
9.58517 0
9.59091 0
9.59665 0
9.60238 0
9.60812 0
9.61386 0
9.61959 0
9.62533 0
9.63106 0
9.6368 0
9.64254 0
9.64827 0
9.65401 0
9.65974 0
9.66548 0
9.67122 0
9.67695 0
9.68269 0
9.68843 0
9.69416 0
9.6999 0
9.70563 0
9.71137 0
9.71711 0
9.72284 0
9.72858 0
9.73432 0
9.74005 0
9.74579 0
9.75152 0
9.75726 0
9.763 0
9.76873 0
9.77447 0
9.7802 0
9.78594 0
9.79168 0
9.79741 0
9.80315 0
9.80889 0
9.81462 0
9.82036 0
9.82609 0
9.83183 0
9.83757 0
9.8433 0
9.84904 0
9.85478 0
9.86051 0
9.86625 0
9.87198 0
9.87772 0
9.88346 0
9.88919 0
9.89493 0
9.90066 0
9.9064 0
9.91214 0
9.91787 0
9.92361 0
9.92935 0
9.93508 0
9.94082 0
9.94655 0
9.95229 0
9.95803 0
9.96376 0
9.9695 0
9.97524 0
9.98097 0
9.98671 0
9.99244 0
9.99818 0
10.0039 0
10.0097 0
10.0154 0
10.0211 0
10.0269 0
10.0326 0
10.0383 0
10.0441 0
10.0498 0
10.0555 0
10.0613 0
10.067 0
10.0728 0
10.0785 0
10.0842 0
10.09 0
10.0957 0
10.1014 0
10.1072 0
10.1129 0
10.1186 0
10.1244 0
10.1301 0
10.1358 0
10.1416 0
10.1473 0
10.1531 0
10.1588 0
10.1645 0
10.1703 0
10.176 0
10.1817 0
10.1875 0
10.1932 0
10.1989 0
10.2047 0
10.2104 0
10.2162 0
10.2219 0
10.2276 0
10.2334 0
10.2391 0
10.2448 0
10.2506 0
10.2563 0
10.262 0
10.2678 0
10.2735 0
10.2793 0
10.285 0
10.2907 0
10.2965 0
10.3022 0
10.3079 0
10.3137 0
10.3194 0
10.3251 0
10.3309 0
10.3366 0
10.3424 0
10.3481 0
10.3538 0
10.3596 0
10.3653 0
10.371 0
10.3768 0
10.3825 0
10.3882 0
10.394 0
10.3997 0
10.4054 0
10.4112 0
10.4169 0
10.4227 0
10.4284 0
10.4341 0
10.4399 0
10.4456 0
10.4513 0
10.4571 0
10.4628 0
10.4685 0
10.4743 0
10.48 0
10.4858 0
10.4915 0
10.4972 0
10.503 0
10.5087 0
10.5144 0
10.5202 0
10.5259 0
10.5316 0
10.5374 0
10.5431 0
10.5489 0
10.5546 0
10.5603 0
10.5661 0
10.5718 0
10.5775 0
10.5833 0
10.589 0
10.5947 0
10.6005 0
10.6062 0
10.612 0
10.6177 0
10.6234 0
10.6292 0
10.6349 0
10.6406 0
10.6464 0
10.6521 0
10.6578 0
10.6636 0
10.6693 0
10.6751 0
10.6808 0
10.6865 0
10.6923 0
10.698 0
10.7037 0
10.7095 0
10.7152 0
10.7209 0
10.7267 0
10.7324 0
10.7381 0
10.7439 0
10.7496 0
10.7554 0
10.7611 0
10.7668 0
10.7726 0
10.7783 0
10.784 0
10.7898 0
10.7955 0
10.8012 0
10.807 0
10.8127 0
10.8185 0
10.8242 0
10.8299 0
10.8357 0
10.8414 0
10.8471 0
10.8529 0
10.8586 0
10.8643 0
10.8701 0
10.8758 0
10.8816 0
10.8873 0
10.893 0
10.8988 0
10.9045 0
10.9102 0
10.916 0
10.9217 0
10.9274 0
10.9332 0
10.9389 0
10.9447 0
10.9504 0
10.9561 0
10.9619 0
10.9676 0
10.9733 0
10.9791 0
10.9848 0
10.9905 0
10.9963 0
11.002 0
11.0077 0
11.0135 0
11.0192 0
11.025 0
11.0307 0
11.0364 0
11.0422 0
11.0479 0
11.0536 0
11.0594 0
11.0651 0
11.0708 0
11.0766 0
11.0823 0
11.0881 0
11.0938 0
11.0995 0
11.1053 0
11.111 0
11.1167 0
11.1225 0
11.1282 0
11.1339 0
11.1397 0
11.1454 0
11.1512 0
11.1569 0
11.1626 0
11.1684 0
11.1741 0
11.1798 0
11.1856 0
11.1913 0
11.197 0
11.2028 0
11.2085 0
11.2143 0
11.22 0
11.2257 0
11.2315 0
11.2372 0
11.2429 0
11.2487 0
11.2544 0
11.2601 0
11.2659 0
11.2716 0
11.2774 0
11.2831 0
11.2888 0
11.2946 0
11.3003 0
11.306 0
11.3118 0
11.3175 0
11.3232 0
11.329 0
11.3347 0
11.3404 0
11.3462 0
11.3519 0
11.3577 0
11.3634 0
11.3691 0
11.3749 0
11.3806 0
11.3863 0
11.3921 0
11.3978 0
11.4035 0
11.4093 0
11.415 0
11.4208 0
11.4265 0
11.4322 0
11.438 0
11.4437 0
11.4494 0
11.4552 0
11.4609 0
11.4666 0
11.4724 0
11.4781 0
11.4839 0
11.4896 0
11.4953 0
11.5011 0
11.5068 0
11.5125 0
11.5183 0
11.524 0
11.5297 0
11.5355 0
11.5412 0
11.547 0
11.5527 0
11.5584 0
11.5642 0
11.5699 0
11.5756 0
11.5814 0
11.5871 0
11.5928 0
11.5986 0
11.6043 0
11.61 0
11.6158 0
11.6215 0
11.6273 0
11.633 0
11.6387 0
11.6445 0
11.6502 0
11.6559 0
11.6617 0
11.6674 0
11.6731 0
11.6789 0
11.6846 0
11.6904 0
11.6961 0
11.7018 0
11.7076 0
11.7133 0
11.719 0
11.7248 0
11.7305 0
11.7362 0
11.742 0
