0 0
0.00573619 -2
0.0114724 -7
0.0172086 10.5
0.0229448 11
0.028681 5
0.0344171 8
0.0401533 4.2
0.0458895 1.8
0.0516257 16.3333
0.0573619 6
0.0630981 -0.428571
0.0688343 2.42857
0.0745705 4.83333
0.0803067 0.777778
0.0860429 0.333333
0.091779 -8
0.0975152 0
0.103251 2.33333
0.108988 -2
0.114724 6.6
0.12046 -6.18182
0.126196 -3.26667
0.131932 4.75
0.137669 0.666667
0.143405 6.92308
0.149141 -5.23077
0.154877 4.8125
0.160613 -4.8
0.16635 7.06667
0.172086 2.58333
0.177822 6.15789
0.183558 -6.52941
0.189294 -2.64286
0.19503 -3.85714
0.200767 2.90476
0.206503 10.7647
0.212239 5.61111
0.217975 6.71429
0.223711 -1.76471
0.229448 0.0833333
0.235184 3
0.24092 2.31818
0.246656 5.61111
0.252392 2.48
0.258129 3.07407
0.263865 2.66667
0.269601 -0.5
0.275337 5.13793
0.281073 0.88
0.28681 2.91667
0.292546 -0.76
0.298282 1.24138
0.304018 0.925926
0.309754 3
0.31549 -0.483871
0.321227 1.96296
0.326963 4.4
0.332699 0.16129
0.338435 4.57576
0.344171 -0.875
0.349908 3.4
0.355644 -3.74286
0.36138 0.322581
0.367116 1.73529
0.372852 4.84848
0.378589 4.94595
0.384325 3.1875
0.390061 2.07692
0.395797 4.41026
0.401533 -0.538462
0.40727 5.95349
0.413006 3.08108
0.418742 7.975
0.424478 6.79412
0.430214 11.4444
0.43595 9.34146
0.441687 13.0625
0.447423 11.1277
0.453159 8.79487
0.458895 9.32558
0.464631 11.2045
0.470368 10.8049
0.476104 7.70213
0.48184 10.9722
0.487576 9.80769
0.493312 16.4634
0.499049 14.775
0.504785 11.5439
0.510521 12.2
0.516257 13.814
0.521993 13.1136
0.52773 13.434
0.533466 15.7333
0.539202 13.3125
0.544938 13.7059
0.550674 15.3654
0.55641 12.5
0.562147 14.6471
0.567883 15.1404
0.573619 14.7111
0.579355 14.463
0.585091 10.2456
0.590828 13.4528
0.596564 14.7917
0.6023 12.0179
0.608036 11.9385
0.613772 12.4082
0.619509 13.3793
0.625245 10.7966
0.630981 14.9273
0.636717 16.069
0.642453 16
0.64819 16.9048
0.653926 15.7885
0.659662 14.7385
0.665398 16.2969
0.671134 20.4035
0.67687 22.4355
0.682607 15.7937
0.688343 19.806
0.694079 17.963
0.699815 19.4348
0.705551 19.1231
0.711288 19.2
0.717024 18.2703
0.72276 21.8197
0.728496 19.6143
0.734232 17.8281
0.739969 21.0145
0.745705 20.7465
0.751441 16.8621
0.757177 17.6494
0.762913 18.6418
0.76865 21.9565
0.774386 17.9412
0.780122 19.6027
0.785858 19.3117
0.791594 19.6167
0.79733 19.0976
0.803067 17.971
0.808803 22.1714
0.814539 17.7901
0.820275 22.7183
0.826011 19.3766
0.831748 20.75
0.837484 19.3176
0.84322 17.2571
0.848956 16.625
0.854692 19.7059
0.860429 16.7284
0.866165 16.9589
0.871901 15.7625
0.877637 19.241
0.883373 20.2597
0.88911 14.5641
0.894846 18.6353
0.900582 17.2771
0.906318 20.5676
0.912054 17.0222
0.91779 20.8621
0.923527 18.8571
0.929263 16.593
0.934999 16.4945
0.940735 17.716
0.946471 14.8929
0.952208 20.1059
0.957944 19.4301
0.96368 15.359
0.969416 17.2211
0.975152 17.8222
0.980889 17.5412
0.986625 16.3488
0.992361 17.7474
0.998097 19.2632
1.00383 18.425
1.00957 20.2929
1.01531 15.9588
1.02104 20.0833
1.02678 19.8021
1.03251 18.6484
1.03825 18.88
1.04399 20.8372
1.04972 16.4257
1.05546 16.198
1.0612 17.0244
1.06693 17.486
1.07267 18.956
1.0784 17.466
1.08414 21.5
1.08988 19.16
1.09561 19.6286
1.10135 17.2326
1.10708 17.2091
1.11282 22.7579
1.11856 17.5306
1.12429 17.8952
1.13003 18.4857
1.13577 18.4762
1.1415 15.6569
1.14724 14.5872
1.15297 15.95
1.15871 14.34
1.16445 16.1565
1.17018 17.3333
1.17592 14.4393
1.18166 17.6146
1.18739 18.2437
1.19313 16.0917
1.19886 15.6214
1.2046 17.6435
1.21034 16.243
1.21607 17.4
1.22181 18.0364
1.22754 16.0598
1.23328 19.4019
1.23902 18.1875
1.24475 15.9832
1.25049 16.6422
1.25623 16.6667
1.26196 18.3077
1.2677 18.4113
1.27343 20.3423
1.27917 16.3644
1.28491 19.9153
1.29064 19.9115
1.29638 17.1897
1.30212 17.0342
1.30785 17.6218
1.31359 17.681
1.31932 19.1654
1.32506 21.3277
1.3308 20.9655
1.33653 17.8651
1.34227 19.4538
1.348 20.4724
1.35374 21.5841
1.35948 19.352
1.36521 18.6107
1.37095 19.0727
1.37669 18.482
1.38242 17.7869
1.38816 18.5649
1.39389 16.8051
1.39963 15.4697
1.40537 16.4186
1.4111 15.3393
1.41684 15.5874
1.42258 19.5259
1.42831 17.0331
1.43405 20
1.43978 18.963
1.44552 16.3333
1.45126 17.6695
1.45699 15.9858
1.46273 14.1212
1.46846 19.1746
1.4742 17.3357
1.47994 16.5814
1.48567 18.1203
1.49141 16.9462
1.49715 15.5101
1.50288 15.5912
1.50862 16.629
1.51435 17.9178
1.52009 15.6383
1.52583 13.6489
1.53156 17.3556
1.5373 18.381
1.54304 17.8369
1.54877 18.2794
1.55451 15.604
1.56024 17.5547
1.56598 16.2571
1.57172 14.9291
1.57745 16.0338
1.58319 15.4255
1.58892 15.6479
1.59466 17.6667
1.6004 15.8671
1.60613 16.1304
1.61187 15.0671
1.61761 16.0255
1.62334 14.1654
1.62908 16.9484
1.63481 16.9007
1.64055 16.6133
1.64629 17
1.65202 15.053
1.65776 14.7483
1.6635 16.6058
1.66923 16.8239
1.67497 15.5215
1.6807 16.8759
1.68644 15.6456
1.69218 16.3951
1.69791 15.4771
1.70365 13.6149
1.70938 16.4423
1.71512 13.8528
1.72086 15.0441
1.72659 16.659
1.73233 19.471
1.73807 16.3725
1.7438 17.1084
1.74954 15.8994
1.75527 16.6463
1.76101 17.0221
1.76675 19.2541
1.77248 19.7927
1.77822 15.6531
1.78396 13.6786
1.78969 16.9936
1.79543 17.1445
1.80116 18.5287
1.8069 17.8947
1.81264 17.0719
1.81837 14.0733
1.82411 17.4444
1.82984 16.8882
1.83558 16.4788
1.84132 16.2909
1.84705 14.3077
1.85279 17.3743
1.85853 16.4813
1.86426 16.3333
1.87 16.8953
1.87573 16.5938
1.88147 17.904
1.88721 16.9186
1.89294 16.8382
1.89868 20.0588
1.90442 19.8621
1.91015 22.2071
1.91589 37.8512
1.92162 38.7647
1.92736 21.6497
1.9331 22.4524
1.93883 21.3663
1.94457 22.8466
1.9503 21.7412
1.95604 18.7035
1.96178 20.6298
1.96751 22.8973
1.97325 18.3252
1.97899 19.7754
1.98472 18.5691
1.99046 18.1029
1.99619 15.6154
2.00193 17.7789
2.00767 18.7345
2.0134 18.2674
2.01914 18.1277
2.02488 16.5602
2.03061 18.9774
2.03635 18.4309
2.04208 20.1351
2.04782 19.0638
2.05356 17.3011
2.05929 18.5746
2.06503 18.975
2.07076 18.2273
2.0765 18.2435
2.08224 19.3469
2.08797 18.6994
2.09371 16.3737
2.09945 17.973
2.10518 19.201
2.11092 18.2727
2.11665 18.2923
2.12239 19.8068
2.12813 18.9172
2.13386 18.801
2.1396 18.7638
2.14534 17.9282
2.15107 18.9091
2.15681 20.3417
2.16254 17.9455
2.16828 19.2717
2.17402 19.763
2.17975 17.915
2.18549 17.7143
2.19122 19.0792
2.19696 18.1139
2.2027 19.961
2.20843 23.8146
2.21417 35.1085
2.21991 42.5117
2.22564 30.9836
2.23138 20.5403
2.23711 21.8116
2.24285 19.0481
2.24859 18.1823
2.25432 19.8904
2.26006 19.4029
2.2658 21.2097
2.27153 19.6698
2.27727 20.5261
2.283 20.7861
2.28874 20.8235
2.29448 20.8739
2.30021 18.763
2.30595 18.3333
2.31168 20.6343
2.31742 18.8647
2.32316 21.649
2.32889 20.3037
2.33463 22.1408
2.34037 20.1174
2.3461 22.2406
2.35184 24.1041
2.35757 23.5294
2.36331 24.3878
2.36905 26.9355
2.37478 25.4775
2.38052 23.4747
2.38626 23.8788
2.39199 22.8974
2.39773 24.058
2.40346 23.863
2.4092 25.6278
2.41494 23.5837
2.42067 21.9355
2.42641 21.0507
2.43214 19.0649
2.43788 20.7343
2.44362 21.9119
2.44935 20.4464
2.45509 18.0939
2.46083 21.1613
2.46656 20.2533
2.4723 20.6681
2.47803 20.9674
2.48377 21.5044
2.48951 20.6197
2.49524 20.5701
2.50098 20.9107
2.50672 19.9735
2.51245 20.4764
2.51819 19.2639
2.52392 20.8866
2.52966 20.0711
2.5354 21.4583
2.54113 20.6542
2.54687 19.2164
2.5526 23.1398
2.55834 20.0135
2.56408 21.1404
2.56981 20.9628
2.57555 21.3529
2.58129 19.9654
2.58702 21.4728
2.59276 21.7119
2.59849 22.2627
2.60423 22.0424
2.60997 20.4813
2.6157 22.7018
2.62144 21.7812
2.62718 20.983
2.63291 20.2343
2.63865 20.8112
2.64438 20.4979
2.65012 21.808
2.65586 21.6295
2.66159 23.3676
2.66733 21.6598
2.67306 22.8085
2.6788 22.9883
2.68454 24.1218
2.69027 23.6948
2.69601 22.7522
2.70175 24.0273
2.70748 21.1523
2.71322 23.9831
2.71895 23.2989
2.72469 22.5638
2.73043 22.4606
2.73616 22.0958
2.7419 21.8638
2.74764 21.2055
2.75337 22.4805
2.75911 22.2243
2.76484 22.2302
2.77058 21.284
2.77632 22.1583
2.78205 21.1468
2.78779 21.9459
2.79352 23.291
2.79926 22.1917
2.805 22.3373
2.81073 21.5
2.81647 23.5444
2.82221 21.3764
2.82794 22.8214
2.83368 21.8583
2.83941 22.5632
2.84515 21.756
2.85089 23.3837
2.85662 23.5955
2.86236 24.5916
2.8681 24.1382
2.87383 24.3962
2.87957 24.9568
2.8853 26.3614
2.89104 23.2129
2.89678 24.483
2.90251 23.7395
2.90825 24.5866
2.91398 23.719
2.91972 23.2708
2.92546 24.8919
2.93119 25.0868
2.93693 25.2599
2.94267 23.9351
2.9484 22.4792
2.95414 25.7743
2.95987 25.0216
2.96561 26.5731
2.97135 27.1174
2.97708 29.2589
2.98282 32.8127
2.98856 57.8821
2.99429 62.5357
3.00003 36.0967
3.00576 29.4259
3.0115 27.4559
3.01724 25.7855
3.02297 27.6374
3.02871 24.6583
3.03444 26.8423
3.04018 26.3885
3.04592 27.0551
3.05165 26.7634
3.05739 27.5866
3.06313 28.2374
3.06886 27.8074
3.0746 26.9649
3.08033 29.2681
3.08607 28.039
3.09181 27.9167
3.09754 30.1246
3.10328 31.4812
3.10902 32.8904
3.11475 35.1898
3.12049 31.0037
3.12622 31.6335
3.13196 35.1993
3.1377 35.2233
3.14343 42.9893
3.14917 38.3391
3.1549 33.1631
3.16064 29.6728
3.16638 32.1683
3.17211 31.7778
3.17785 31.0307
3.18359 32.2617
3.18932 30.8733
3.19506 29.6162
3.20079 30.0632
3.20653 29.886
3.21227 30.7065
3.218 32.0903
3.22374 31.934
3.22948 34.1371
3.23521 33.8492
3.24095 33.2305
3.24668 35.0794
3.25242 34.6467
3.25816 34.1479
3.26389 34.771
3.26963 34.6438
3.27536 34.4356
3.2811 33.1728
3.28684 35.2031
3.29257 36.2361
3.29831 34.5286
3.30405 37.6603
3.30978 40.7082
3.31552 39.6579
3.32125 40.8678
3.32699 42.8837
3.33273 43.7468
3.33846 42.8586
3.3442 42.9436
3.34994 43.1771
3.35567 43.2159
3.36141 45.0694
3.36714 43.4135
3.37288 53.0456
3.37862 68.7065
3.38435 62.9046
3.39009 70.2896
3.39582 56.9052
3.40156 43.9245
3.4073 44.6317
3.41303 42.0165
3.41877 43.1749
3.42451 44.9505
3.43024 44.8153
3.43598 42.297
3.44171 42.8871
3.44745 42.039
3.45319 42.2947
3.45892 42.5645
3.46466 42.985
3.4704 46.0199
3.47613 44.2185
3.48187 45.3916
3.4876 45.0349
3.49334 43.9651
3.49908 45.6561
3.50481 46.7343
3.51055 47.2344
3.51628 45.9742
3.52202 50.9354
3.52776 53.1925
3.53349 55.3553
3.53923 60.9784
3.54497 69.0846
3.5507 75.9424
3.55644 70.4309
3.56217 63.6209
3.56791 56.8868
3.57365 52.0124
3.57938 53.614
3.58512 51.4431
3.59086 53.0764
3.59659 52.3765
3.60233 53.3907
3.60806 53.0849
3.6138 54.5238
3.61954 56.5164
3.62527 58.262
3.63101 58.8255
3.63674 66.5529
3.64248 68.3064
3.64822 72.0495
3.65395 75.1946
3.65969 76.1
3.66543 73.4414
3.67116 72.373
3.6769 72.5863
3.68263 76.302
3.68837 73.7143
3.69411 73.2698
3.69984 71.1331
3.70558 69.1182
3.71132 69.7801
3.71705 73.2812
3.72279 73.0437
3.72852 72.9582
3.73426 75.4179
3.74 75.927
3.74573 78.6139
3.75147 78.0838
3.7572 76.9689
3.76294 79.7449
3.76868 79.6288
3.77441 85.2699
3.78015 86.844
3.78589 90.6273
3.79162 94.7172
3.79736 98.188
3.80309 103.616
3.80883 107.561
3.81457 113.396
3.8203 120.707
3.82604 130.555
3.83178 149.715
3.83751 195.829
3.84325 363.324
3.84898 549.867
3.85472 931.02
3.86046 514.885
3.86619 417.511
3.87193 479.444
3.87766 608.275
3.8834 793.112
3.88914 1012.27
3.89487 1193.95
3.90061 1134.74
3.90635 934.513
3.91208 726.391
3.91782 524.832
3.92355 392.777
3.92929 311.753
3.93503 254.173
3.94076 209.601
3.9465 182.06
3.95224 160.542
3.95797 144.628
3.96371 132.732
3.96944 125.615
3.97518 120.076
3.98092 114.029
3.98665 109.038
3.99239 106.211
3.99812 102.652
4.00386 98.4224
4.0096 97.5422
4.01533 96.2395
4.02107 93.9555
4.02681 93.5584
4.03254 93.8957
4.03828 92.7945
4.04401 92.8457
4.04975 92.3485
4.05549 88.2234
4.06122 87.5636
4.06696 86.6901
4.0727 86.5403
4.07843 84.538
4.08417 83.4146
4.0899 82.5144
4.09564 82.6516
4.10138 82.6443
4.10711 82.4675
4.11285 83.2245
4.11858 82.3417
4.12432 81.2368
4.13006 82.125
4.13579 80.5948
4.14153 81.5147
4.14727 80.9742
4.153 80.6719
4.15874 81.0227
4.16447 81.4184
4.17021 81.1558
4.17595 80.271
4.18168 80.56
4.18742 81.3049
4.19316 81.6566
4.19889 82.431
4.20463 85.1527
4.21036 85.1974
4.2161 83.1432
4.22184 81.2765
4.22757 84.0347
4.23331 81.5421
4.23904 81.8033
4.24478 82.3557
4.25052 83.0789
4.25625 84.149
4.26199 83.8546
4.26773 84.2302
4.27346 84.3692
4.2792 85.416
4.28493 86.4608
4.29067 87.9899
4.29641 88.6247
4.30214 89.3531
4.30788 91.2847
4.31362 93.3018
4.31935 92.0444
4.32509 93.4075
4.33082 98.9504
4.33656 98.8373
4.3423 100.2
4.34803 105.396
4.35377 106.823
4.3595 110.352
4.36524 115.253
4.37098 118.572
4.37671 122.208
4.38245 126.563
4.38819 133.182
4.39392 142.835
4.39966 146.603
4.40539 158.135
4.41113 172.176
4.41687 191.579
4.4226 224.017
4.42834 280.87
4.43408 467.137
4.43981 1070.57
4.44555 2304.31
4.45128 9837.04
4.45702 12782.8
4.46276 5486.58
4.46849 1793.15
4.47423 912.789
4.47996 524.33
4.4857 436.62
4.49144 419.253
4.49717 389.105
4.50291 390.129
4.50865 369.873
4.51438 336.632
4.52012 296.717
4.52585 258.122
4.53159 225.592
4.53733 195.853
4.54306 171.741
4.5488 153.939
4.55454 141.133
4.56027 127.493
4.56601 118.268
4.57174 110.315
4.57748 103.065
4.58322 97.5465
4.58895 94.9442
4.59469 91.0283
4.60042 88.342
4.60616 83.9042
4.6119 83.1528
4.61763 80.2533
4.62337 79.2864
4.62911 80.1733
4.63484 78.3223
4.64058 75.1469
4.64631 71.5757
4.65205 71.1588
4.65779 69.0163
4.66352 67.331
4.66926 67.4831
4.675 67.7087
4.68073 67.2714
4.68647 65.3645
4.6922 67.0751
4.69794 66.8439
4.70368 65.8513
4.70941 65.7028
4.71515 65.1798
4.72088 66.3387
4.72662 64.8953
4.73236 66.0188
4.73809 65.8444
4.74383 63.8549
4.74957 63.8071
4.7553 64.0931
4.76104 63.316
4.76677 62.3902
4.77251 60.6651
4.77825 58.9535
4.78398 58.3467
4.78972 58.1005
4.79546 58.5378
4.80119 58.2472
4.80693 55.4862
4.81266 55.092
4.8184 55.5632
4.82414 54.4933
4.82987 55.1905
4.83561 55.2597
4.84134 57.5174
4.84708 59.431
4.85282 60.25
4.85855 59.1344
4.86429 54.6196
4.87003 53.9007
4.87576 53.0333
4.8815 53.6479
4.88723 51.6235
4.89297 53.2048
4.89871 52.5076
4.90444 50.9821
4.91018 51.0572
4.91592 51.4934
4.92165 51.6645
4.92739 50.895
4.93312 49.5761
4.93886 51.3151
4.9446 50.7847
4.95033 50.5714
4.95607 51.2769
4.9618 51.6763
4.96754 51.3739
4.97328 51.4013
4.97901 59.6346
4.98475 53.4673
4.99049 51.6476
4.99622 50.3418
5.00196 49.8022
5.00769 48.2395
5.01343 50.223
5.01917 48.4066
5.0249 46.8041
5.03064 48.1749
5.03638 48.1948
5.04211 49.9891
5.04785 47.8985
5.05358 47.9359
5.05932 48.3477
5.06506 47.4088
5.07079 48.8991
5.07653 47.8323
5.08226 47.0768
5.088 47.3432
5.09374 48.8333
5.09947 47.1891
5.10521 48.4057
5.11095 48.0962
5.11668 48.3946
5.12242 47.625
5.12815 48.4013
5.13389 48.3368
5.13963 48.3556
5.14536 48.4378
5.1511 49.7308
5.15684 47.2582
5.16257 48.4087
5.16831 48.8195
5.17404 48.2707
5.17978 47.343
5.18552 48.117
5.19125 47.5155
5.19699 47.5665
5.20272 48.0263
5.20846 49.0879
5.2142 48.6573
5.21993 46.3056
5.22567 47.7537
5.23141 46.49
5.23714 46.7983
5.24288 47.7036
5.24861 48.2436
5.25435 48.6495
5.26009 47.666
5.26582 49.1706
5.27156 47.9939
5.2773 48.6333
5.28303 47.4139
5.28877 48.7026
5.2945 50.6245
5.30024 48.8877
5.30598 50.2807
5.31171 49.1683
5.31745 48.8257
5.32318 49.9536
5.32892 47.5972
5.33466 49.272
5.34039 50.0814
5.34613 49.7044
5.35187 53.4932
5.3576 50.2366
5.36334 48.2114
5.36907 48.4217
5.37481 49.4129
5.38055 48.8378
5.38628 50.173
5.39202 52.9427
5.39776 55.3105
5.40349 54.2088
5.40923 51.1811
5.41496 51.7546
5.4207 48.8087
5.42644 48.5389
5.43217 49.2008
5.43791 49.0965
5.44364 49.7775
5.44938 51.2994
5.45512 52.1024
5.46085 49.9876
5.46659 49.4598
5.47233 48.625
5.47806 49.6
5.4838 49.0141
5.48953 48.6191
5.49527 47.556
5.50101 49.1698
5.50674 49.0949
5.51248 49.7793
5.51822 49.3186
5.52395 47.6707
5.52969 50.1881
5.53542 49.9887
5.54116 53.2632
5.5469 50.3813
5.55263 48.6176
5.55837 50.6768
5.5641 50.673
5.56984 51.3552
5.57558 49.6914
5.58131 50.0535
5.58705 49.7653
5.59279 51.3078
5.59852 50.8932
5.60426 51.2712
5.60999 49.7908
5.61573 50.9784
5.62147 52.0443
5.6272 52.3358
5.63294 50.6827
5.63868 52.232
5.64441 53.7921
5.65015 52.3075
5.65588 51.4
5.66162 54.4462
5.66736 54.1332
5.67309 53.1725
5.67883 52.9541
5.68456 52.4188
5.6903 52.6211
5.69604 54.083
5.70177 53.844
5.70751 55.0339
5.71325 56.0867
5.71898 56.4104
5.72472 56.9197
5.73045 56.1029
5.73619 56.7292
5.74193 56.8815
5.74766 55.7838
5.7534 55.2701
5.75914 56.8363
5.76487 57.6386
5.77061 61.0403
5.77634 58.3135
5.78208 59.4612
5.78782 58.5783
5.79355 58.6054
5.79929 59.1973
5.80502 59.6848
5.81076 59.1372
5.8165 58.8365
5.82223 59.2123
5.82797 60.1066
5.83371 58.692
5.83944 60.4991
5.84518 59.5018
5.85091 61.3607
5.85665 60.617
5.86239 62.0566
5.86812 60.6434
5.87386 62.7715
5.8796 61.7115
5.88533 62.1054
5.89107 61.8774
5.8968 63.139
5.90254 63.0675
5.90828 64.1851
5.91401 64.9851
5.91975 65.7252
5.92548 65.7839
5.93122 65.4177
5.93696 67.8284
5.94269 72.1873
5.94843 71.4638
5.95417 76.6
5.9599 68.9379
5.96564 70.7808
5.97137 70.2421
5.97711 69.701
5.98285 71.0265
5.98858 70.3066
5.99432 72.1467
6.00006 73.8245
6.00579 74.3863
6.01153 76.2004
6.01726 76.6926
6.023 78.9983
6.02874 77.3986
6.03447 78.764
6.04021 76.8541
6.04594 78.1957
6.05168 78.3907
6.05742 79.0902
6.06315 78.3802
6.06889 80.3221
6.07463 81.4267
6.08036 82.2312
6.0861 83.4757
6.09183 86.0478
6.09757 87.4527
6.10331 86.4414
6.10904 87.9331
6.11478 89.615
6.12052 91.6259
6.12625 92.644
6.13199 93.966
6.13772 96.0651
6.14346 96.1744
6.1492 99.5
6.15493 100.539
6.16067 102.486
6.1664 105.382
6.17214 105.049
6.17788 110.241
6.18361 110.455
6.18935 115.655
6.19509 120.392
6.20082 121.526
6.20656 126.925
6.21229 132.882
6.21803 142.23
6.22377 143.629
6.2295 150.246
6.23524 161.119
6.24098 162.414
6.24671 167.884
6.25245 186.574
6.25818 195.91
6.26392 213.487
6.26966 248.803
6.27539 336.883
6.28113 444.326
6.28686 1081.08
6.2926 3014.88
6.29834 6645.56
6.30407 6815.28
6.30981 9899.12
6.31555 3125.73
6.32128 1687.94
6.32702 675.915
6.33275 440.059
6.33849 384.557
6.34423 316.236
6.34996 309.508
6.3557 313.445
6.36144 312.38
6.36717 334.186
6.37291 353.8
6.37864 352.393
6.38438 330.167
6.39012 301.977
6.39585 277.791
6.40159 243.544
6.40732 219.658
6.41306 198.093
6.4188 180.345
6.42453 165.942
6.43027 158.117
6.43601 150.105
6.44174 142.446
6.44748 138.432
6.45321 134.39
6.45895 132.15
6.46469 129.677
6.47042 125.696
6.47616 125.193
6.4819 118.326
6.48763 115.091
6.49337 114.028
6.4991 109.563
6.50484 109.252
6.51058 106.943
6.51631 106.801
6.52205 104.181
6.52778 105.353
6.53352 105.863
6.53926 102.726
6.54499 100.958
6.55073 100.623
6.55647 101.889
6.5622 100.255
6.56794 100.714
6.57367 101.233
6.57941 99.8384
6.58515 98.7532
6.59088 98.3107
6.59662 96.4746
6.60236 95.6352
6.60809 95.5338
6.61383 94.6246
6.61956 93.9934
6.6253 93.2395
6.63104 92.8111
6.63677 92.818
6.64251 92.3523
6.64824 93.2875
6.65398 92.7164
6.65972 93.1595
6.66545 91.769
6.67119 91.3884
6.67693 92.787
6.68266 93.8803
6.6884 91.5393
6.69413 91.5973
6.69987 90.7856
6.70561 90.2958
6.71134 91.5507
6.71708 91.2834
6.72282 90.2166
6.72855 88.131
6.73429 89.4143
6.74002 89.5526
6.74576 89.5997
6.7515 87.5288
6.75723 87.937
6.76297 88.8459
6.7687 87.0969
6.77444 88.1262
6.78018 87.191
6.78591 87.6027
6.79165 89.3764
6.79739 87.8978
6.80312 89.1351
6.80886 88.1783
6.81459 90.3714
6.82033 89.7753
6.82607 89.4135
6.8318 88.0637
6.83754 88.2096
6.84328 87.0246
6.84901 86.71
6.85475 87.969
6.86048 88.1608
6.86622 86.4984
6.87196 87.2354
6.87769 88.0181
6.88343 87.0963
6.88916 86.9211
6.8949 87.8225
6.90064 86.8679
6.90637 87.6636
6.91211 87.6487
6.91785 88.0679
6.92358 87.7194
6.92932 87.7052
6.93505 88.4316
6.94079 86.9742
6.94653 86.7936
6.95226 88.0207
6.958 86.8709
6.96374 87.7523
6.96947 87.4484
6.97521 86.4207
6.98094 86.3522
6.98668 87.7568
6.99242 88.6485
6.99815 87.1553
7.00389 88.3314
7.00962 88.1137
7.01536 88.8419
7.0211 89.2081
7.02683 88.1222
7.03257 87.8637
7.03831 91.2278
7.04404 89.6359
7.04978 89.0902
7.05551 89.5972
7.06125 89.7346
7.06699 89.046
7.07272 90.1929
7.07846 88.5774
7.0842 90.3087
7.08993 91.1687
7.09567 91.4072
7.1014 90.8346
7.10714 92.8899
7.11288 92.5046
7.11861 93.5668
7.12435 93.1787
7.13008 92.9315
7.13582 93.0978
7.14156 92.4453
7.14729 93.6937
7.15303 91.6873
7.15877 92.6779
7.1645 92.8363
7.17024 92.6062
7.17597 94.8046
7.18171 93.8534
7.18745 93.6044
7.19318 94.0107
7.19892 95.1966
7.20466 95.9553
7.21039 97.4954
7.21613 97.3601
7.22186 96.6581
7.2276 97.6106
7.23334 97.2545
7.23907 98.5975
7.24481 99.0346
7.25054 97.8866
7.25628 99.8459
7.26202 99.6448
7.26775 100.768
7.27349 101.085
7.27923 100.874
7.28496 102.288
7.2907 102.595
7.29643 104.379
7.30217 104.374
7.30791 104.671
7.31364 106.399
7.31938 105.376
7.32512 108.183
7.33085 110.164
7.33659 111.59
7.34232 110.362
7.34806 113.801
7.3538 116.251
7.35953 115.187
7.36527 120.983
7.371 132.149
7.37674 175.24
7.38248 152.877
7.38821 421.981
7.39395 414.44
7.39969 490.49
7.40542 881.763
7.41116 440.17
7.41689 279.442
7.42263 199.006
7.42837 180.424
7.4341 173.623
7.43984 173.848
7.44558 182.74
7.45131 192.964
7.45705 209.635
7.46278 227.55
7.46852 254.93
7.47426 278.544
7.47999 289.571
7.48573 285.179
7.49146 267.224
7.4972 241.297
7.50294 215.793
7.50867 194.297
7.51441 176.651
7.52015 158.693
7.52588 146.028
7.53162 136.805
7.53735 128.1
7.54309 121.624
7.54883 116.965
7.55456 112.965
7.5603 110.037
7.56604 107.782
7.57177 104.769
7.57751 101.481
7.58324 100.374
7.58898 98.2107
7.59472 96.1903
7.60045 96.1826
7.60619 95.5781
7.61192 94.2915
7.61766 93.0114
7.6234 92.2853
7.62913 93.0042
7.63487 91.0775
7.64061 91.2874
7.64634 90.9277
7.65208 90.1481
7.65781 89.1833
7.66355 88.0913
7.66929 88.7436
7.67502 88.4201
7.68076 87.5629
7.6865 88.7963
7.69223 88.6923
7.69797 89.2736
7.7037 90.7049
7.70944 95.8242
7.71518 109.586
7.72091 126.081
7.72665 235.553
7.73238 398.365
7.73812 149.331
7.74386 148.462
7.74959 111.502
7.75533 103.173
7.76107 102.868
7.7668 101.795
7.77254 105.992
7.77827 108.692
7.78401 112.095
7.78975 120.234
7.79548 128.354
7.80122 139.731
7.80696 147.197
7.81269 148.345
7.81843 145.903
7.82416 135.716
7.8299 126.658
7.83564 116.544
7.84137 109.407
7.84711 102.409
7.85284 96.3261
7.85858 92.3033
7.86432 89.2532
7.87005 86.2826
7.87579 83.8289
7.88153 83.265
7.88726 80.5615
7.893 81.0326
7.89873 78.3315
7.90447 78.0669
7.91021 83.3538
7.91594 81.8184
7.92168 88.8288
7.92742 81.2893
7.93315 76.3361
7.93889 73.8482
7.94462 73.6197
7.95036 73.3938
7.9561 72.7201
7.96183 73.5228
7.96757 75.3136
7.9733 77.082
7.97904 76.0288
7.98478 75.2767
7.99051 71.6689
7.99625 71.4357
8.00199 71.1297
8.00772 69.1385
8.01346 69.2071
8.01919 69.9043
8.02493 70.0291
8.03067 69.1437
8.0364 68.9633
8.04214 70.0557
8.04788 68.8283
8.05361 69.4087
8.05935 68.5635
8.06508 69.6676
8.07082 69.0818
8.07656 68.3342
8.08229 68.3601
8.08803 70.2129
8.09376 67.8187
8.0995 67.1309
8.10524 65.787
8.11097 66.502
8.11671 64.6745
8.12245 62.4071
8.12818 63.3491
8.13392 60.8468
8.13965 60.5551
8.14539 59.1522
8.15113 58.9744
8.15686 55.2907
8.1626 58.2068
8.16834 59.0522
8.17407 59.5294
8.17981 59.4025
8.18554 60.0139
8.19128 59.2399
8.19702 58.6854
8.20275 60.6738
8.20849 59.9267
8.21422 59.3547
8.21996 60.4661
8.2257 59.3861
8.23143 60.2496
8.23717 59.8472
8.24291 59.7835
8.24864 60.3359
8.25438 60.5673
8.26011 60.8137
8.26585 58.089
8.27159 61.0565
8.27732 59.9789
8.28306 59.0443
8.2888 59.609
8.29453 59.0757
8.30027 58.2717
8.306 58.2664
8.31174 59.7179
8.31748 58.2495
8.32321 57.7527
8.32895 58.7801
8.33468 58.2398
8.34042 58.0256
8.34616 58.7006
8.35189 57.8665
8.35763 57.8662
8.36337 57.5996
8.3691 58.5035
8.37484 57.9417
8.38057 57.6476
8.38631 57.3673
8.39205 58.1405
8.39778 58.6471
8.40352 57.7512
8.40926 56.5417
8.41499 57.1122
8.42073 56.6381
8.42646 58.3673
8.4322 58.7112
8.43794 60.7221
8.44367 60.2968
8.44941 59.6658
8.45514 57.173
8.46088 56.8491
8.46662 56.5969
8.47235 55.7989
8.47809 58.4548
8.48383 55.8507
8.48956 54.0427
8.4953 56.8975
8.50103 55.2845
8.50677 55.5787
8.51251 56.1239
8.51824 55.4387
8.52398 55.9239
8.52972 54.7492
8.53545 56.6522
8.54119 57.2102
8.54692 55.1303
8.55266 57.5831
8.5584 56.881
8.56413 55.7982
8.56987 54.4498
8.5756 56.8026
8.58134 56.4118
8.58708 55.0673
8.59281 55.4214
8.59855 56.6486
8.60429 54.6382
8.61002 57.2903
8.61576 56.9753
8.62149 56.0322
8.62723 56.1769
8.63297 56.4506
8.6387 55.8997
8.64444 55.9151
8.65018 54.3333
8.65591 54.4231
8.66165 52.5245
8.66738 55.7687
8.67312 55.4502
8.67886 54.9053
8.68459 54.1311
8.69033 55.6295
8.69606 55.5164
8.7018 54.0156
8.70754 54.636
8.71327 54.2337
8.71901 55.897
8.72475 56.2132
8.73048 54.1613
8.73622 55.9871
8.74195 52.7258
8.74769 56.1949
8.75343 54.4744
8.75916 53.0424
8.7649 53.1193
8.77064 56.7119
8.77637 55.2768
8.78211 55.3257
8.78784 53.2009
8.79358 52.7438
8.79932 56.1053
8.80505 55.0751
8.81079 54.3645
8.81652 56.5972
8.82226 52.4663
8.828 56.9491
8.83373 54.0488
8.83947 54.9893
8.84521 54.9415
8.85094 54.9787
8.85668 55.2462
8.86241 56.3231
8.86815 59.2126
8.87389 55.6872
8.87962 54.0694
8.88536 54.3481
8.8911 55.4599
8.89683 56.0988
8.90257 60.6448
8.9083 57.5723
8.91404 53.55
8.91978 61.48
8.92551 68.8535
8.93125 73.7866
8.93698 134.982
8.94272 103.805
8.94846 81.3576
8.95419 62.8725
8.95993 59.0068
8.96567 60.6335
8.9714 57.9921
8.97714 58.3987
8.98287 57.2587
8.98861 58.6
8.99435 58.5793
9.00008 58.6581
9.00582 64.2895
9.01156 63.7939
9.01729 64.8943
9.02303 65.9214
9.02876 65.5128
9.0345 64.0406
9.04024 59.062
9.04597 70.6827
9.05171 62.3937
9.05744 62.595
9.06318 64.835
9.06892 58.5294
9.07465 62.0521
9.08039 56.7094
9.08613 56.4486
9.09186 59.7604
9.0976 61.1923
9.10333 57.5729
9.10907 60.9184
9.11481 53.2917
9.12054 56.5
9.12628 53.5
9.13202 55.7317
9.13775 56.1739
9.14349 54.9286
9.14922 55.5976
9.15496 55.878
9.1607 56.5541
9.16643 51.0125
9.17217 49.3014
9.1779 53.25
9.18364 50.8
9.18938 50.3235
9.19511 53.9265
9.20085 53.1587
9.20659 47.9538
9.21232 52.0667
9.21806 52.0492
9.22379 44.8
9.22953 48.3455
9.23527 52.283
9.241 52.1786
9.24674 48.1837
9.25248 48.7021
9.25821 49.2889
9.26395 46.2955
9.26968 45.6744
9.27542 47.0513
9.28116 43.125
9.28689 46.5429
9.29263 38.9697
9.29836 44.4848
9.3041 43.4848
9.30984 43.2143
9.31557 38.2222
9.32131 43.0741
9.32705 40
9.33278 37.0435
9.33852 31.3158
9.34425 29.7222
9.34999 28.8824
9.35573 30.5
9.36146 31.5455
9.3672 19.9091
9.37294 24.375
9.37867 16.5556
9.38441 24.6667
9.39014 9.25
9.39588 0
9.40162 0
9.40735 0
9.41309 0
9.41882 0
9.42456 0
9.4303 0
9.43603 0
9.44177 0
9.44751 0
9.45324 0
9.45898 0
9.46471 0
9.47045 0
9.47619 0
9.48192 0
9.48766 0
9.4934 0
9.49913 0
9.50487 0
9.5106 0
9.51634 0
9.52208 0
9.52781 0
9.53355 0
9.53928 0
9.54502 0
9.55076 0
9.55649 0
9.56223 0
9.56797 0
9.5737 0
9.57944 0
9.58517 0
9.59091 0
9.59665 0
9.60238 0
9.60812 0
9.61386 0
9.61959 0
9.62533 0
9.63106 0
9.6368 0
9.64254 0
9.64827 0
9.65401 0
9.65974 0
9.66548 0
9.67122 0
9.67695 0
9.68269 0
9.68843 0
9.69416 0
9.6999 0
9.70563 0
9.71137 0
9.71711 0
9.72284 0
9.72858 0
9.73432 0
9.74005 0
9.74579 0
9.75152 0
9.75726 0
9.763 0
9.76873 0
9.77447 0
9.7802 0
9.78594 0
9.79168 0
9.79741 0
9.80315 0
9.80889 0
9.81462 0
9.82036 0
9.82609 0
9.83183 0
9.83757 0
9.8433 0
9.84904 0
9.85478 0
9.86051 0
9.86625 0
9.87198 0
9.87772 0
9.88346 0
9.88919 0
9.89493 0
9.90066 0
9.9064 0
9.91214 0
9.91787 0
9.92361 0
9.92935 0
9.93508 0
9.94082 0
9.94655 0
9.95229 0
9.95803 0
9.96376 0
9.9695 0
9.97524 0
9.98097 0
9.98671 0
9.99244 0
9.99818 0
10.0039 0
10.0097 0
10.0154 0
10.0211 0
10.0269 0
10.0326 0
10.0383 0
10.0441 0
10.0498 0
10.0555 0
10.0613 0
10.067 0
10.0728 0
10.0785 0
10.0842 0
10.09 0
10.0957 0
10.1014 0
10.1072 0
10.1129 0
10.1186 0
10.1244 0
10.1301 0
10.1358 0
10.1416 0
10.1473 0
10.1531 0
10.1588 0
10.1645 0
10.1703 0
10.176 0
10.1817 0
10.1875 0
10.1932 0
10.1989 0
10.2047 0
10.2104 0
10.2162 0
10.2219 0
10.2276 0
10.2334 0
10.2391 0
10.2448 0
10.2506 0
10.2563 0
10.262 0
10.2678 0
10.2735 0
10.2793 0
10.285 0
10.2907 0
10.2965 0
10.3022 0
10.3079 0
10.3137 0
10.3194 0
10.3251 0
10.3309 0
10.3366 0
10.3424 0
10.3481 0
10.3538 0
10.3596 0
10.3653 0
10.371 0
10.3768 0
10.3825 0
10.3882 0
10.394 0
10.3997 0
10.4054 0
10.4112 0
10.4169 0
10.4227 0
10.4284 0
10.4341 0
10.4399 0
10.4456 0
10.4513 0
10.4571 0
10.4628 0
10.4685 0
10.4743 0
10.48 0
10.4858 0
10.4915 0
10.4972 0
10.503 0
10.5087 0
10.5144 0
10.5202 0
10.5259 0
10.5316 0
10.5374 0
10.5431 0
10.5489 0
10.5546 0
10.5603 0
10.5661 0
10.5718 0
10.5775 0
10.5833 0
10.589 0
10.5947 0
10.6005 0
10.6062 0
10.612 0
10.6177 0
10.6234 0
10.6292 0
10.6349 0
10.6406 0
10.6464 0
10.6521 0
10.6578 0
10.6636 0
10.6693 0
10.6751 0
10.6808 0
10.6865 0
10.6923 0
10.698 0
10.7037 0
10.7095 0
10.7152 0
10.7209 0
10.7267 0
10.7324 0
10.7381 0
10.7439 0
10.7496 0
10.7554 0
10.7611 0
10.7668 0
10.7726 0
10.7783 0
10.784 0
10.7898 0
10.7955 0
10.8012 0
10.807 0
10.8127 0
10.8185 0
10.8242 0
10.8299 0
10.8357 0
10.8414 0
10.8471 0
10.8529 0
10.8586 0
10.8643 0
10.8701 0
10.8758 0
10.8816 0
10.8873 0
10.893 0
10.8988 0
10.9045 0
10.9102 0
10.916 0
10.9217 0
10.9274 0
10.9332 0
10.9389 0
10.9447 0
10.9504 0
10.9561 0
10.9619 0
10.9676 0
10.9733 0
10.9791 0
10.9848 0
10.9905 0
10.9963 0
11.002 0
11.0077 0
11.0135 0
11.0192 0
11.025 0
11.0307 0
11.0364 0
11.0422 0
11.0479 0
11.0536 0
11.0594 0
11.0651 0
11.0708 0
11.0766 0
11.0823 0
11.0881 0
11.0938 0
11.0995 0
11.1053 0
11.111 0
11.1167 0
11.1225 0
11.1282 0
11.1339 0
11.1397 0
11.1454 0
11.1512 0
11.1569 0
11.1626 0
11.1684 0
11.1741 0
11.1798 0
11.1856 0
11.1913 0
11.197 0
11.2028 0
11.2085 0
11.2143 0
11.22 0
11.2257 0
11.2315 0
11.2372 0
11.2429 0
11.2487 0
11.2544 0
11.2601 0
11.2659 0
11.2716 0
11.2774 0
11.2831 0
11.2888 0
11.2946 0
11.3003 0
11.306 0
11.3118 0
11.3175 0
11.3232 0
11.329 0
11.3347 0
11.3404 0
11.3462 0
11.3519 0
11.3577 0
11.3634 0
11.3691 0
11.3749 0
11.3806 0
11.3863 0
11.3921 0
11.3978 0
11.4035 0
11.4093 0
11.415 0
11.4208 0
11.4265 0
11.4322 0
11.438 0
11.4437 0
11.4494 0
11.4552 0
11.4609 0
11.4666 0
11.4724 0
11.4781 0
11.4839 0
11.4896 0
11.4953 0
11.5011 0
11.5068 0
11.5125 0
11.5183 0
11.524 0
11.5297 0
11.5355 0
11.5412 0
11.547 0
11.5527 0
11.5584 0
11.5642 0
11.5699 0
11.5756 0
11.5814 0
11.5871 0
11.5928 0
11.5986 0
11.6043 0
11.61 0
11.6158 0
11.6215 0
11.6273 0
11.633 0
11.6387 0
11.6445 0
11.6502 0
11.6559 0
11.6617 0
11.6674 0
11.6731 0
11.6789 0
11.6846 0
11.6904 0
11.6961 0
11.7018 0
11.7076 0
11.7133 0
11.719 0
11.7248 0
11.7305 0
11.7362 0
11.742 0
