0 0
0.00573619 -1
0.0114724 -22
0.0172086 -14.5
0.0229448 -3
0.028681 -5
0.0344171 11
0.0401533 -4.2
0.0458895 10.2
0.0516257 6
0.0573619 6.33333
0.0630981 -0.714286
0.0688343 4.14286
0.0745705 1
0.0803067 6.22222
0.0860429 -3.33333
0.091779 14.5
0.0975152 -6.76923
0.103251 -3.44444
0.108988 2.33333
0.114724 -4.5
0.12046 5.72727
0.126196 3.53333
0.131932 1.75
0.137669 -0.133333
0.143405 -3.76923
0.149141 1.15385
0.154877 2.4375
0.160613 0.466667
0.16635 -4.33333
0.172086 -0.0833333
0.177822 2
0.183558 10.4706
0.189294 -1.57143
0.19503 1.47619
0.200767 2.80952
0.206503 -0.352941
0.212239 3.66667
0.217975 -0.380952
0.223711 0.588235
0.229448 2.70833
0.235184 3.47826
0.24092 3
0.246656 1.88889
0.252392 -6.04
0.258129 -0.37037
0.263865 -2.14286
0.269601 1.58333
0.275337 0.551724
0.281073 0.4
0.28681 -0.583333
0.292546 -3.64
0.298282 -2.06897
0.304018 6.48148
0.309754 0.433333
0.31549 3.83871
0.321227 0.814815
0.326963 1.6
0.332699 -0.645161
0.338435 5.0303
0.344171 -0.791667
0.349908 -0.0285714
0.355644 -1.28571
0.36138 -0.290323
0.367116 -3.85294
0.372852 1.33333
0.378589 3.56757
0.384325 0.3125
0.390061 0.717949
0.395797 4.15385
0.401533 1.46154
0.40727 2.2093
0.413006 3.62162
0.418742 8.675
0.424478 4.76471
0.430214 7.02222
0.43595 11.0488
0.441687 15.4688
0.447423 6.17021
0.453159 7.97436
0.458895 9.72093
0.464631 15.2727
0.470368 7.95122
0.476104 10.766
0.48184 6.58333
0.487576 10.2308
0.493312 7.68293
0.499049 12
0.504785 14.0526
0.510521 11.8889
0.516257 7.37209
0.521993 8.70455
0.52773 10.4906
0.533466 13.3333
0.539202 12.7708
0.544938 11.7451
0.550674 11.6154
0.55641 16.5208
0.562147 13.2549
0.567883 13.7895
0.573619 14
0.579355 10.8148
0.585091 13.6842
0.590828 15.1887
0.596564 8.8125
0.6023 10.1071
0.608036 8.83077
0.613772 11.551
0.619509 9.86207
0.625245 11.1356
0.630981 13.9818
0.636717 17.5345
0.642453 15.7018
0.64819 15.7778
0.653926 12.7885
0.659662 14.6
0.665398 11.5625
0.671134 13.4386
0.67687 18.7581
0.682607 15.746
0.688343 18.8806
0.694079 11.963
0.699815 11.6522
0.705551 15.1231
0.711288 15.9455
0.717024 16.5405
0.72276 18.2131
0.728496 12.3571
0.734232 15.3906
0.739969 12.6522
0.745705 21.7324
0.751441 16.8621
0.757177 17.6753
0.762913 19.5373
0.76865 13.9855
0.774386 13.9265
0.780122 14.3699
0.785858 16.961
0.791594 14.35
0.79733 14.7927
0.803067 14.087
0.808803 13.6429
0.814539 18
0.820275 15.8451
0.826011 15.7662
0.831748 13.3472
0.837484 17.0706
0.84322 13.5857
0.848956 14.3889
0.854692 15.2706
0.860429 16.321
0.866165 12.9726
0.871901 16.1625
0.877637 17.7831
0.883373 14.2597
0.88911 13.3077
0.894846 11.1882
0.900582 12.9398
0.906318 11.4865
0.912054 15.6444
0.91779 12.8391
0.923527 13.6494
0.929263 12.2093
0.934999 15.967
0.940735 12.4938
0.946471 14.2143
0.952208 12.6471
0.957944 18.3333
0.96368 11.3846
0.969416 16.5579
0.975152 16.7556
0.980889 16.4353
0.986625 14.9302
0.992361 17.2737
0.998097 15.3263
1.00383 14.2
1.00957 15.6061
1.01531 14.6804
1.02104 13.5238
1.02678 15.6667
1.03251 16.8681
1.03825 14.31
1.04399 13.9651
1.04972 16.4158
1.05546 15.5149
1.0612 16.1829
1.06693 17
1.07267 16.0549
1.0784 13.9903
1.08414 16.1735
1.08988 13.62
1.09561 16.019
1.10135 15.1512
1.10708 15.4818
1.11282 14.0737
1.11856 16.8776
1.12429 16.1333
1.13003 17.6762
1.13577 18.3524
1.1415 13.3529
1.14724 13.6422
1.15297 15.6
1.15871 13.7
1.16445 12.287
1.17018 14.0286
1.17592 14.4206
1.18166 13.8958
1.18739 14.9832
1.19313 14.5321
1.19886 12.6893
1.2046 16.5478
1.21034 13.9252
1.21607 12.1091
1.22181 14.9273
1.22754 15.5812
1.23328 16.3645
1.23902 15.9554
1.24475 14.2017
1.25049 12.5963
1.25623 15.2222
1.26196 15.1538
1.2677 13.2984
1.27343 12.9099
1.27917 11.7458
1.28491 13.4068
1.29064 14.9558
1.29638 14.7241
1.30212 13.7778
1.30785 17.3445
1.31359 15.8966
1.31932 16.2913
1.32506 11.958
1.3308 14.3017
1.33653 14.6905
1.34227 10.4622
1.348 12.811
1.35374 12.2124
1.35948 13.264
1.36521 14.0305
1.37095 12.9273
1.37669 14.1223
1.38242 16.2213
1.38816 13.5573
1.39389 14.0847
1.39963 14.0455
1.40537 14.2946
1.4111 16.2321
1.41684 14.951
1.42258 14.2296
1.42831 15.3223
1.43405 13.4385
1.43978 13.4222
1.44552 14.413
1.45126 14.5169
1.45699 15.3688
1.46273 15.9091
1.46846 14.4206
1.4742 14.1538
1.47994 13.8372
1.48567 13.9248
1.49141 14.8231
1.49715 14.0134
1.50288 13.3358
1.50862 12.5081
1.51435 13.726
1.52009 11.9645
1.52583 14.5344
1.53156 13.4963
1.5373 15.8912
1.54304 13.227
1.54877 13.3162
1.55451 15.4497
1.56024 14.0584
1.56598 13.8214
1.57172 13.9574
1.57745 13.0676
1.58319 13.234
1.58892 12.8803
1.59466 13.7467
1.6004 13.3497
1.60613 15.2174
1.61187 13.7181
1.61761 13.9682
1.62334 17.7744
1.62908 14.1806
1.63481 13.0596
1.64055 14.0333
1.64629 13.8356
1.65202 14.4371
1.65776 12.9205
1.6635 13.7883
1.66923 12.1006
1.67497 11.454
1.6807 11.1314
1.68644 13.3354
1.69218 11.4691
1.69791 14.8235
1.70365 15.0743
1.70938 13.7244
1.71512 14.7669
1.72086 15.1324
1.72659 13.5607
1.73233 12.1613
1.73807 14.6405
1.7438 17.0482
1.74954 14.0189
1.75527 15.1098
1.76101 16.9706
1.76675 16.4807
1.77248 16.3049
1.77822 17.5374
1.78396 13.8452
1.78969 15.4204
1.79543 13.9884
1.80116 14.9554
1.8069 10.1228
1.81264 11.2455
1.81837 13.84
1.82411 14.6
1.82984 14.764
1.83558 15.4485
1.84132 16.2667
1.84705 13.8402
1.85279 12.6316
1.85853 13.2125
1.86426 13.6102
1.87 13.4477
1.87573 12.85
1.88147 15
1.88721 13.1221
1.89294 15.1156
1.89868 13.9294
1.90442 16.9828
1.91015 15.8876
1.91589 28.8929
1.92162 32.2995
1.92736 18.7119
1.9331 15.875
1.93883 18.0116
1.94457 17.9947
1.9503 17.8
1.95604 16.3372
1.96178 16.4033
1.96751 15.3189
1.97325 16.2454
1.97899 14.9091
1.98472 14.8883
1.99046 13.7886
1.99619 14.4505
2.00193 14.5526
2.00767 15.4746
2.0134 15.436
2.01914 13.8032
2.02488 16.7435
2.03061 13.9266
2.03635 14.7553
2.04208 14.1081
2.04782 14.2819
2.05356 13.8925
2.05929 15.8122
2.06503 13.82
2.07076 14.1477
2.0765 14.0777
2.08224 15.5612
2.08797 14.0058
2.09371 15.8737
2.09945 15.5838
2.10518 13.1206
2.11092 17.016
2.11665 13.641
2.12239 15.5024
2.12813 13.4911
2.13386 13.3134
2.1396 13.5879
2.14534 17.5846
2.15107 12.5668
2.15681 16.8543
2.16254 15.1436
2.16828 15.1793
2.17402 15.9858
2.17975 15.735
2.18549 15.4603
2.19122 14.5149
2.19696 17.2277
2.2027 15.8293
2.20843 19.7191
2.21417 26.2547
2.21991 36.1643
2.22564 24.5847
2.23138 17.0616
2.23711 17.1063
2.24285 15.8558
2.24859 17.3125
2.25432 17.2557
2.26006 15.1699
2.2658 13.3118
2.27153 13.9023
2.27727 14.9526
2.283 15.0348
2.28874 16.1618
2.29448 14.3243
2.30021 14.7488
2.30595 14.2323
2.31168 14.0139
2.31742 16.6425
2.32316 13.7548
2.32889 17.0187
2.33463 16.8779
2.34037 15.4178
2.3461 17.1792
2.35184 19.3439
2.35757 18.6127
2.36331 17.9019
2.36905 19.9585
2.37478 19.1802
2.38052 19.9171
2.38626 20.4444
2.39199 17.6709
2.39773 19.5169
2.40346 19.3242
2.4092 21.87
2.41494 18.8235
2.42067 15.3272
2.42641 17.5207
2.43214 13.6234
2.43788 17.7536
2.44362 17.8238
2.44935 16.133
2.45509 15.3239
2.46083 15.9816
2.46656 14.4454
2.4723 17.7017
2.47803 17.4837
2.48377 16.8407
2.48951 16.5598
2.49524 16.9593
2.50098 15.5402
2.50672 17.3496
2.51245 15.3305
2.51819 15.3889
2.52392 15.895
2.52966 17.1841
2.5354 17.9537
2.54113 16.975
2.54687 18.1385
2.5526 16.2881
2.55834 17.2793
2.56408 18.2894
2.56981 18.2149
2.57555 17.267
2.58129 18.5238
2.58702 17.2678
2.59276 17.7942
2.59849 17.6144
2.60423 16.0932
2.60997 17.0539
2.6157 18.1193
2.62144 18.5898
2.62718 19.6681
2.63291 15.9916
2.63865 19.0215
2.64438 17.8107
2.65012 15.988
2.65586 17.0893
2.66159 18.3518
2.66733 18.8443
2.67306 19.5447
2.6788 18.0352
2.68454 18.8697
2.69027 17.8153
2.69601 19.3913
2.70175 18.168
2.70748 19.6379
2.71322 20.5232
2.71895 18.4138
2.72469 18.4527
2.73043 18.4449
2.73616 20.275
2.7419 17.6654
2.74764 19.0593
2.75337 18.5022
2.75911 18.1483
2.76484 18.1627
2.77058 18.6173
2.77632 17.5907
2.78205 18.7143
2.78779 19.2432
2.79352 17.6434
2.79926 19.1541
2.805 16.7108
2.81073 17.814
2.81647 19.6741
2.82221 18.2053
2.82794 18.131
2.83368 20.7208
2.83941 18.3249
2.84515 17.936
2.85089 21.6318
2.85662 19.367
2.86236 18.9542
2.8681 18.8984
2.87383 19.8415
2.87957 18.7626
2.8853 17.8394
2.89104 20.3042
2.89678 18.4038
2.90251 19.4674
2.90825 20.1535
2.91398 21.5146
2.91972 19.8845
2.92546 19.8494
2.93119 19.717
2.93693 19.7112
2.94267 18.4084
2.9484 20.0943
2.95414 20.8405
2.95987 22.0072
2.96561 22.3
2.97135 24.1139
2.97708 25.2553
2.98282 28.5936
2.98856 56.8393
2.99429 71.8286
3.00003 32.1599
3.00576 27.4144
3.0115 24.5993
3.01724 23.4602
3.02297 20.1679
3.02871 20.7878
3.03444 23.4444
3.04018 21.4892
3.04592 21.2574
3.05165 22.7133
3.05739 21.2579
3.06313 22.0389
3.06886 23.2804
3.0746 24.5018
3.08033 22.9239
3.08607 21.5461
3.09181 23.3913
3.09754 26.1938
3.10328 27.0714
3.10902 27.6027
3.11475 26.461
3.12049 26.8242
3.12622 25.1708
3.13196 31.9715
3.1377 32.3433
3.14343 34.7143
3.14917 31.3806
3.1549 25.922
3.16064 27.6765
3.16638 26.0462
3.17211 27.059
3.17785 27.1433
3.18359 26.3513
3.18932 27.41
3.19506 26.2391
3.20079 28.0186
3.20653 26.6808
3.21227 25.2901
3.218 25.2118
3.22374 26.5174
3.22948 27.214
3.23521 27.8164
3.24095 27.6431
3.24668 28.7206
3.25242 26.4767
3.25816 28.081
3.26389 28.2032
3.26963 27.8664
3.27536 29.4785
3.2811 29.5809
3.28684 28.9438
3.29257 32.1148
3.29831 30.675
3.30405 30.3974
3.30978 31.1213
3.31552 32.5888
3.32125 33.1864
3.32699 34.0598
3.33273 35.2147
3.33846 35.7414
3.3442 33.9498
3.34994 34.9167
3.35567 34.2458
3.36141 34.7603
3.36714 35.9359
3.37288 45.8143
3.37862 57.6826
3.38435 51.9446
3.39009 73.8283
3.39582 96.5229
3.40156 40.3396
3.4073 40.546
3.41303 35.2277
3.41877 33.4917
3.42451 35.483
3.43024 34.1242
3.43598 33.8449
3.44171 33.9498
3.44745 35.4026
3.45319 34.536
3.45892 34.8968
3.46466 35.506
3.4704 35.2625
3.47613 36.4404
3.48187 36.4488
3.4876 36.181
3.49334 37.5746
3.49908 36.4745
3.50481 37.1642
3.51055 37.7594
3.51628 36.6581
3.52202 39.8246
3.52776 40.7578
3.53349 42.9623
3.53923 47.4537
3.54497 54.5862
3.5507 57.0818
3.55644 52.5498
3.56217 49.7612
3.56791 46.1258
3.57365 42.618
3.57938 40.3363
3.58512 42.6492
3.59086 40.8057
3.59659 41.534
3.60233 42.4227
3.60806 43.0636
3.6138 42.2508
3.61954 43.5313
3.62527 46.0241
3.63101 48.2243
3.63674 52.1873
3.64248 56.3555
3.64822 56.6966
3.65395 58.4012
3.65969 60.0706
3.66543 58.6637
3.67116 55.7994
3.6769 56.7351
3.68263 60.8234
3.68837 60.273
3.69411 57.6979
3.69984 55.4731
3.70558 55.6
3.71132 56.1265
3.71705 55.6928
3.72279 58.2711
3.72852 57.1642
3.73426 58.6537
3.74 59.8455
3.74573 61.0475
3.75147 61.2168
3.7572 62.1638
3.76294 63.513
3.76868 63.2301
3.77441 66.142
3.78015 67.9276
3.78589 68.4576
3.79162 72.7668
3.79736 74.594
3.80309 76.378
3.80883 81.0328
3.81457 84.1662
3.8203 89.2609
3.82604 95.6433
3.83178 104.903
3.83751 124.511
3.84325 168.872
3.84898 267.377
3.85472 311.754
3.86046 314.8
3.86619 311.103
3.87193 365.708
3.87766 461.593
3.8834 596.085
3.88914 756.958
3.89487 886.698
3.90061 827.07
3.90635 682.771
3.91208 535.785
3.91782 392.118
3.92355 299.392
3.92929 235.948
3.93503 191.176
3.94076 160.796
3.9465 139.699
3.95224 122.144
3.95797 109.14
3.96371 100.823
3.96944 97.9193
3.97518 94.2207
3.98092 87.5731
3.98665 83.8374
3.99239 82.2547
3.99812 80.2527
4.00386 78.6638
4.0096 78.921
4.01533 73.7974
4.02107 74.6884
4.02681 74.2675
4.03254 72.6069
4.03828 72.0658
4.04401 71.3857
4.04975 71.067
4.05549 68.8484
4.06122 69.2977
4.06696 68.6901
4.0727 68.7169
4.07843 66.8986
4.08417 68.4173
4.0899 66.0105
4.09564 66.609
4.10138 65.5714
4.10711 66.1974
4.11285 64.3036
4.11858 64.9111
4.12432 64.9868
4.13006 64.4701
4.13579 65.3403
4.14153 64.1769
4.14727 65.567
4.153 67.0236
4.15874 63.7819
4.16447 64.6556
4.17021 66.0234
4.17595 64.3842
4.18168 66.0907
4.18742 64.2506
4.19316 65.9066
4.19889 66.9282
4.20463 68.9064
4.21036 68.5487
4.2161 68.3342
4.22184 67.7416
4.22757 68.344
4.23331 66.7178
4.23904 67.9918
4.24478 69.2139
4.25052 66.3282
4.25625 68.0271
4.26199 66.4662
4.26773 68.7161
4.27346 69.7436
4.2792 70.2584
4.28493 71.1646
4.29067 71.0278
4.29641 70.4493
4.30214 70.4963
4.30788 72.7822
4.31362 75.6726
4.31935 75.2063
4.32509 76.42
4.33082 74.933
4.33656 80.9307
4.3423 81.8671
4.34803 83.4486
4.35377 85.8081
4.3595 87.8946
4.36524 91.4939
4.37098 94.9055
4.37671 100.168
4.38245 102.406
4.38819 107.005
4.39392 113.675
4.39966 116.349
4.40539 125.906
4.41113 135.693
4.41687 148.751
4.4226 173.774
4.42834 216.821
4.43408 357.968
4.43981 809.218
4.44555 1745.16
4.45128 7273.4
4.45702 10275.2
4.46276 4221.94
4.46849 1348.05
4.47423 690.751
4.47996 391.431
4.4857 326.885
4.49144 310.561
4.49717 288.798
4.50291 287.849
4.50865 273.669
4.51438 253.848
4.52012 225.535
4.52585 200.179
4.53159 174.108
4.53733 155.931
4.54306 134.659
4.5488 120.859
4.55454 110.9
4.56027 101.915
4.56601 93.5023
4.57174 87.632
4.57748 81.7581
4.58322 76.9284
4.58895 77.1675
4.59469 73.8821
4.60042 68.2146
4.60616 67.9322
4.6119 67.8472
4.61763 64.6667
4.62337 62.8037
4.62911 64.3193
4.63484 62.9459
4.64058 62.4872
4.64631 58.6445
4.65205 57.2332
4.65779 56.5524
4.66352 55.8196
4.66926 55.7585
4.675 54.7867
4.68073 54.2452
4.68647 52.656
4.6922 52.7458
4.69794 52.5837
4.70368 54.3341
4.70941 54.2116
4.71515 53.8947
4.72088 51.8793
4.72662 54.3116
4.73236 53.4484
4.73809 54.4462
4.74383 52.1071
4.74957 53.9365
4.7553 52.5195
4.76104 49.8781
4.76677 49.1986
4.77251 50
4.77825 49.7721
4.78398 48.5711
4.78972 47.7177
4.79546 48.1733
4.80119 49.1326
4.80693 46.9493
4.81266 46.3402
4.8184 46.177
4.82414 46.5804
4.82987 46.9184
4.83561 45.3736
4.84134 46.3717
4.84708 49.399
4.85282 52.9124
4.85855 49.2643
4.86429 45.7289
4.87003 44.3811
4.87576 44.1667
4.8815 42.946
4.88723 42.9472
4.89297 41.7533
4.89871 41.0821
4.90444 42.0538
4.91018 42.3112
4.91592 42.0509
4.92165 41.4351
4.92739 40.3379
4.93312 42.363
4.93886 43.14
4.9446 42.3472
4.95033 41.1429
4.95607 41.589
4.9618 41.0357
4.96754 41.0734
4.97328 43.5451
4.97901 50.015
4.98475 46.5841
4.99049 42.4926
4.99622 41.8471
5.00196 39.9489
5.00769 39.5432
5.01343 41.4945
5.01917 38.9751
5.0249 39.4533
5.03064 40.3952
5.03638 40.2403
5.04211 40.1761
5.04785 39.2138
5.05358 40.359
5.05932 40.9352
5.06506 42.1363
5.07079 40.3798
5.07653 39.6221
5.08226 38.3246
5.088 38.9116
5.09374 39.0823
5.09947 38.9065
5.10521 37.3991
5.11095 38.7201
5.11668 38.9916
5.12242 38.6184
5.12815 37.7792
5.13389 39.9231
5.13963 39.6336
5.14536 40.3176
5.1511 40.2927
5.15684 40.1455
5.16257 40.3587
5.16831 39.6858
5.17404 39.4222
5.17978 39.8072
5.18552 39.1581
5.19125 40.2919
5.19699 38.6931
5.20272 37.7265
5.20846 38.4969
5.2142 36.998
5.21993 37.6303
5.22567 39.4004
5.23141 39.794
5.23714 40.3864
5.24288 39.3198
5.24861 38.6102
5.25435 38.3723
5.26009 39.4046
5.26582 39.2132
5.27156 40.2188
5.2773 40.9521
5.28303 41.1197
5.28877 40.0916
5.2945 40
5.30024 39.948
5.30598 39.3347
5.31171 41.1583
5.31745 41.2448
5.32318 42.0274
5.32892 41.9563
5.33466 42.364
5.34039 41.9311
5.34613 41.6897
5.35187 52.9142
5.3576 43.7325
5.36334 41.7801
5.36907 40.3927
5.37481 40.7614
5.38055 41.3326
5.38628 41.7336
5.39202 44.8281
5.39776 44.5827
5.40349 43.4468
5.40923 41.6929
5.41496 41.7789
5.4207 41.3784
5.42644 40.3599
5.43217 41.9655
5.43791 41.1929
5.44364 41.3867
5.44938 41.7945
5.45512 42.6948
5.46085 40.5631
5.46659 40.1782
5.47233 38.8306
5.47806 41.7505
5.4838 40.5394
5.48953 42.1934
5.49527 40.4715
5.50101 39.9224
5.50674 40.7913
5.51248 41.326
5.51822 40.3627
5.52395 40.8922
5.52969 41.6871
5.53542 42.2155
5.54116 43.2568
5.5469 42.0206
5.55263 42.4333
5.55837 42.0305
5.5641 41.8612
5.56984 42.8194
5.57558 43.6797
5.58131 41.2772
5.58705 41.7882
5.59279 42.1804
5.59852 40.2977
5.60426 43.0351
5.60999 41.7985
5.61573 42.9686
5.62147 41.5513
5.6272 43.576
5.63294 43.4788
5.63868 44.5133
5.64441 43.4307
5.65015 43.634
5.65588 43.3767
5.66162 43.5382
5.66736 42.9768
5.67309 44.6202
5.67883 43.1437
5.68456 44.3836
5.6903 43.8244
5.69604 43.4209
5.70177 45.3233
5.70751 44.4652
5.71325 44.6513
5.71898 44.7052
5.72472 45.3308
5.73045 44.9816
5.73619 45.8755
5.74193 44.4352
5.74766 46.4041
5.7534 46.7739
5.75914 47.6529
5.76487 47.4232
5.77061 50.7271
5.77634 47.4923
5.78208 48.8733
5.78782 47.698
5.79355 48.3333
5.79929 50.4554
5.80502 48.2402
5.81076 47.296
5.8165 48.225
5.82223 47.2067
5.82797 49.3787
5.83371 47.6882
5.83944 49.1512
5.84518 49.2582
5.85091 50.1402
5.85665 51.2573
5.86239 50.6843
5.86812 50.9839
5.87386 49.7828
5.8796 52.85
5.88533 51.5729
5.89107 52.1038
5.8968 51.3571
5.90254 52.9858
5.90828 52.5045
5.91401 54.6493
5.91975 54.8473
5.92548 54.8268
5.93122 54.3216
5.93696 59.0466
5.94269 79.1436
5.94843 72.7554
5.95417 116.289
5.9599 71.0603
5.96564 68.0387
5.97137 59.3228
5.97711 59.5105
5.98285 59.5926
5.98858 58.2938
5.99432 60.5072
6.00006 60.8757
6.00579 62.0217
6.01153 63.269
6.01726 63.167
6.023 62.1528
6.02874 62.9569
6.03447 63.2697
6.04021 63.8436
6.04594 64.0251
6.05168 64.9857
6.05742 66.0866
6.06315 64.2101
6.06889 66.952
6.07463 68.2876
6.08036 69.095
6.0861 68.7292
6.09183 71.4867
6.09757 73.2523
6.10331 71.7081
6.10904 73.7976
6.11478 74.8577
6.12052 75.8316
6.12625 76.6911
6.13199 77.5206
6.13772 80.3816
6.14346 80.0979
6.1492 82.9429
6.15493 83.5783
6.16067 85.214
6.1664 86.901
6.17214 87.9489
6.17788 89.7435
6.18361 93.3069
6.18935 97.5433
6.19509 101.12
6.20082 103.561
6.20656 108.398
6.21229 112.235
6.21803 120.51
6.22377 122.287
6.2295 127.167
6.23524 136.243
6.24098 139.247
6.24671 144.02
6.25245 161.848
6.25818 168.8
6.26392 186.503
6.26966 216.364
6.27539 290.097
6.28113 390.721
6.28686 865.852
6.2926 2553.34
6.29834 5934.85
6.30407 6184.1
6.30981 10126.3
6.31555 3005.29
6.32128 1602.4
6.32702 602.13
6.33275 378.122
6.33849 325.022
6.34423 264.03
6.34996 259.239
6.3557 258.575
6.36144 255.934
6.36717 265.522
6.37291 277.957
6.37864 272.928
6.38438 257.051
6.39012 238.178
6.39585 221.009
6.40159 196.37
6.40732 177.832
6.41306 161.038
6.4188 147.182
6.42453 136.445
6.43027 129.253
6.43601 124.782
6.44174 118.411
6.44748 114.518
6.45321 111.844
6.45895 110.451
6.46469 106.271
6.47042 104.942
6.47616 103.255
6.4819 97.6963
6.48763 94.9834
6.49337 94.1362
6.4991 91.6913
6.50484 90.5342
6.51058 89.2513
6.51631 89.2627
6.52205 86.6086
6.52778 85.9617
6.53352 86.2859
6.53926 83.0017
6.54499 83.7168
6.55073 83.1022
6.55647 82.7841
6.5622 83.2535
6.56794 82.5563
6.57367 83.6533
6.57941 81.266
6.58515 82.371
6.59088 79.9401
6.59662 80.3958
6.60236 79.4041
6.60809 77.0418
6.61383 78.0404
6.61956 77.5504
6.6253 74.6543
6.63104 77.6645
6.63677 77.3506
6.64251 75.9221
6.64824 75.5815
6.65398 74.354
6.65972 76.4434
6.66545 75.2162
6.67119 76.4498
6.67693 76.218
6.68266 76.7039
6.6884 76.2248
6.69413 75.0688
6.69987 76.5216
6.70561 75.3778
6.71134 74.4804
6.71708 74.8213
6.72282 75.0255
6.72855 74.9904
6.73429 73.6572
6.74002 72.3774
6.74576 73.2664
6.7515 73.5898
6.75723 74.5373
6.76297 72.1109
6.7687 70.7464
6.77444 71.4417
6.78018 71.7409
6.78591 71.7412
6.79165 72.485
6.79739 72.5645
6.80312 74.2267
6.80886 73.5478
6.81459 71.709
6.82033 72.7737
6.82607 72.228
6.8318 70.3307
6.83754 71.4226
6.84328 72.3015
6.84901 72.0611
6.85475 72.1977
6.86048 71.83
6.86622 72.3661
6.87196 71.9431
6.87769 71.7438
6.88343 70.2329
6.88916 71.6594
6.8949 70.4886
6.90064 71.9002
6.90637 71.0355
6.91211 72.8544
6.91785 72.3839
6.92358 70.2947
6.92932 71.7222
6.93505 72.3094
6.94079 72.0622
6.94653 70.5841
6.95226 71.715
6.958 71.285
6.96374 72.2857
6.96947 71.7969
6.97521 71.6279
6.98094 70.9544
6.98668 71.5616
6.99242 70.1369
6.99815 71.8236
7.00389 71.0119
7.00962 71.5084
7.01536 71.687
7.0211 72.4147
7.02683 72.7571
7.03257 71.2512
7.03831 73.5024
7.04404 73.5332
7.04978 73.7156
7.05551 73.1792
7.06125 74.2423
7.06699 73.8466
7.07272 73.2463
7.07846 73.7528
7.0842 74.9503
7.08993 73.4119
7.09567 74.8491
7.1014 75.164
7.10714 75.1269
7.11288 75.5535
7.11861 75.8034
7.12435 74.994
7.13008 76.1771
7.13582 74.927
7.14156 75.6987
7.14729 77.1877
7.15303 76.9659
7.15877 77.4794
7.1645 78.2024
7.17024 76.587
7.17597 75.1954
7.18171 77.8748
7.18745 76.6485
7.19318 77.8914
7.19892 78.2381
7.20466 78.5793
7.21039 79.5244
7.21613 79.7277
7.22186 79.8754
7.2276 79.1106
7.23334 80.1542
7.23907 79.1242
7.24481 80.4791
7.25054 79.3387
7.25628 81.4154
7.26202 81.1702
7.26775 81.5246
7.27349 81.9927
7.27923 83.2157
7.28496 83.8547
7.2907 82.0953
7.29643 84.1589
7.30217 84.27
7.30791 84.8095
7.31364 86.1603
7.31938 86.8406
7.32512 87.3319
7.33085 86.7971
7.33659 88.9701
7.34232 90.0089
7.34806 90.7894
7.3538 91.5751
7.35953 93.0015
7.36527 96.1308
7.371 102.303
7.37674 126.213
7.38248 116.736
7.38821 266.22
7.39395 287.979
7.39969 348.074
7.40542 530.124
7.41116 339.999
7.41689 190.407
7.42263 145.678
7.42837 135.138
7.4341 130.734
7.43984 130.977
7.44558 136.251
7.45131 144.765
7.45705 158.424
7.46278 173.402
7.46852 191.254
7.47426 206.579
7.47999 214.521
7.48573 209.86
7.49146 197.792
7.4972 181.504
7.50294 165.023
7.50867 149.869
7.51441 135.147
7.52015 124.089
7.52588 115.771
7.53162 108.476
7.53735 103.534
7.54309 98.5918
7.54883 95.3259
7.55456 90.6566
7.5603 88.5292
7.56604 85.882
7.57177 84.983
7.57751 83.5625
7.58324 80.438
7.58898 80.7739
7.59472 78.6389
7.60045 77.442
7.60619 77.9733
7.61192 76.1465
7.61766 75.7415
7.6234 73.9615
7.62913 73.7761
7.63487 73.7549
7.64061 73.125
7.64634 72.5077
7.65208 72.5797
7.65781 72.2639
7.66355 71.9715
7.66929 71.1268
7.67502 73.23
7.68076 73.1314
7.6865 73.1909
7.69223 73.3379
7.69797 73.3453
7.7037 73.8531
7.70944 78.3668
7.71518 87.7427
7.72091 100.409
7.72665 190.771
7.73238 337.325
7.73812 117.317
7.74386 132.974
7.74959 99.9574
7.75533 83.1845
7.76107 82.1646
7.7668 80.5632
7.77254 83.509
7.77827 85.6005
7.78401 90.2545
7.78975 95.5618
7.79548 101.669
7.80122 108.762
7.80696 112.617
7.81269 113.466
7.81843 109.756
7.82416 103.389
7.8299 98.0041
7.83564 90.6591
7.84137 87.3972
7.84711 82.53
7.85284 78.0391
7.85858 75.7049
7.86432 71.564
7.87005 69.2391
7.87579 67.1965
7.88153 67.2992
7.88726 65.3904
7.893 64.7353
7.89873 63.909
7.90447 64.4245
7.91021 67.7423
7.91594 67.1558
7.92168 72.6873
7.92742 67.8693
7.93315 63.0437
7.93889 61.3639
7.94462 59.7789
7.95036 59.2882
7.9561 58.2436
7.96183 58.0161
7.96757 60.0798
7.9733 61.1814
7.97904 58.4738
7.98478 60.8575
7.99051 60.7368
7.99625 59.4423
8.00199 58.3697
8.00772 57.2016
8.01346 56.8377
8.01919 57.4574
8.02493 56.3788
8.03067 56.6667
8.0364 57.6417
8.04214 57.7135
8.04788 57.5591
8.05361 56.3272
8.05935 56.4511
8.06508 55.3244
8.07082 56.0724
8.07656 56.317
8.08229 55.8647
8.08803 55.6975
8.09376 56.1301
8.0995 55.6816
8.10524 53.076
8.11097 53.7094
8.11671 52.5569
8.12245 51.156
8.12818 50.5336
8.13392 49.5482
8.13965 49.3373
8.14539 49.3386
8.15113 49.1525
8.15686 45.9742
8.1626 48.923
8.16834 48.2609
8.17407 49.5475
8.17981 48.8157
8.18554 49.4083
8.19128 49.0746
8.19702 49.1059
8.20275 49.6853
8.20849 48.9404
8.21422 49.7997
8.21996 49.767
8.2257 49.1235
8.23143 47.445
8.23717 50.4085
8.24291 49.8468
8.24864 48.649
8.25438 49.4219
8.26011 50.6089
8.26585 48.4623
8.27159 49.307
8.27732 49.1958
8.28306 48.8921
8.2888 48.947
8.29453 48.5174
8.30027 49.1021
8.306 47.9078
8.31174 48.3979
8.31748 50.002
8.32321 49.3333
8.32895 47.9212
8.33468 48.0171
8.34042 48.6077
8.34616 48.2798
8.35189 48.6018
8.35763 47.5175
8.36337 49.8424
8.3691 47.0696
8.37484 48.8744
8.38057 47.7595
8.38631 48.0376
8.39205 47.2738
8.39778 48.3971
8.40352 47.8628
8.40926 48.4167
8.41499 47.7439
8.42073 48.4643
8.42646 48.4974
8.4322 49.4903
8.43794 49.8493
8.44367 50.1621
8.44941 49.456
8.45514 47.7486
8.46088 47.1023
8.46662 47.5633
8.47235 45.9598
8.47809 46.8564
8.48383 46.169
8.48956 46.3573
8.4953 46.374
8.50103 48.273
8.50677 46.5227
8.51251 47.6431
8.51824 46.7265
8.52398 46.0141
8.52972 45.4653
8.53545 47.7507
8.54119 47.1802
8.54692 45.7333
8.55266 46.9417
8.5584 47.2412
8.56413 46.8253
8.56987 45.0729
8.5756 46.6958
8.58134 46.3746
8.58708 45.3973
8.59281 47.7799
8.59855 47.3642
8.60429 45.8874
8.61002 48.0839
8.61576 46.7527
8.62149 48.6077
8.62723 49.6327
8.63297 46.0073
8.6387 47.4582
8.64444 47.1292
8.65018 47.0412
8.65591 46.2308
8.66165 46.2491
8.66738 45.8577
8.67312 45.2362
8.67886 45.0644
8.68459 47.0112
8.69033 44.9841
8.69606 45.0945
8.7018 44.3164
8.70754 46.4
8.71327 46.4636
8.71901 45.9914
8.72475 46.2442
8.73048 45.2944
8.73622 44.9138
8.74195 44.8468
8.74769 45.9958
8.75343 46.859
8.75916 46.9195
8.7649 45.6284
8.77064 47.161
8.77637 42.7545
8.78211 46.1605
8.78784 46.6201
8.79358 43.5025
8.79932 44.9649
8.80505 44.8404
8.81079 45.6256
8.81652 47.5829
8.82226 44.5285
8.828 45.912
8.83373 47.2049
8.83947 45.7112
8.84521 48.7854
8.85094 46.6436
8.85668 46.3333
8.86241 45.3538
8.86815 44.7241
8.87389 45.9538
8.87962 47.4913
8.88536 46.9337
8.8911 45.9947
8.89683 47.8889
8.90257 47.6721
8.9083 48.1965
8.91404 48.3875
8.91978 51.9257
8.92551 61.1529
8.93125 68.2561
8.93698 147.356
8.94272 114.691
8.94846 74.6606
8.95419 54.9597
8.95993 50.5338
8.96567 51.3602
8.9714 47.2205
8.97714 48.5886
8.98287 47.3916
8.98861 50.0074
8.99435 51.1241
9.00008 50.1368
9.00582 50.7697
9.01156 52.3511
9.01729 50.5041
9.02303 52.2
9.02876 56.9915
9.0345 51.1463
9.04024 51.5581
9.04597 53.8269
9.05171 50.2047
9.05744 50.5289
9.06318 50.6019
9.06892 49.7059
9.07465 55.2708
9.08039 48.8718
9.08613 53.215
9.09186 53.0312
9.0976 57.25
9.10333 54.7604
9.10907 56.9898
9.11481 47.9896
9.12054 45.5795
9.12628 46.6633
9.13202 44.2683
9.13775 42.8696
9.14349 42.0595
9.14922 45.6341
9.15496 46.0488
9.1607 49.2838
9.16643 44.8
9.17217 43.6301
9.1779 44.2763
9.18364 44.6857
9.18938 46.5588
9.19511 45.2794
9.20085 45.4762
9.20659 40.8615
9.21232 43.1333
9.21806 44.1148
9.22379 42.6364
9.22953 43.6364
9.23527 49
9.241 44.5893
9.24674 38.0408
9.25248 42.6383
9.25821 38.9333
9.26395 46
9.26968 39.4651
9.27542 35.0769
9.28116 37.175
9.28689 41.7714
9.29263 38
9.29836 42.7273
9.3041 36.8485
9.30984 36.3214
9.31557 26.9259
9.32131 33.4444
9.32705 24.55
9.33278 28.8261
9.33852 29.0526
9.34425 27.1667
9.34999 22.9412
9.35573 30.1429
9.36146 25.9091
9.3672 23.5455
9.37294 20.5
9.37867 10.8889
9.38441 -0.666667
9.39014 9.75
9.39588 0
9.40162 0
9.40735 0
9.41309 0
9.41882 0
9.42456 0
9.4303 0
9.43603 0
9.44177 0
9.44751 0
9.45324 0
9.45898 0
9.46471 0
9.47045 0
9.47619 0
9.48192 0
9.48766 0
9.4934 0
9.49913 0
9.50487 0
9.5106 0
9.51634 0
9.52208 0
9.52781 0
9.53355 0
9.53928 0
9.54502 0
9.55076 0
9.55649 0
9.56223 0
9.56797 0
9.5737 0
9.57944 0
9.58517 0
9.59091 0
9.59665 0
9.60238 0
9.60812 0
9.61386 0
9.61959 0
9.62533 0
9.63106 0
9.6368 0
9.64254 0
9.64827 0
9.65401 0
9.65974 0
9.66548 0
9.67122 0
9.67695 0
9.68269 0
9.68843 0
9.69416 0
9.6999 0
9.70563 0
9.71137 0
9.71711 0
9.72284 0
9.72858 0
9.73432 0
9.74005 0
9.74579 0
9.75152 0
9.75726 0
9.763 0
9.76873 0
9.77447 0
9.7802 0
9.78594 0
9.79168 0
9.79741 0
9.80315 0
9.80889 0
9.81462 0
9.82036 0
9.82609 0
9.83183 0
9.83757 0
9.8433 0
9.84904 0
9.85478 0
9.86051 0
9.86625 0
9.87198 0
9.87772 0
9.88346 0
9.88919 0
9.89493 0
9.90066 0
9.9064 0
9.91214 0
9.91787 0
9.92361 0
9.92935 0
9.93508 0
9.94082 0
9.94655 0
9.95229 0
9.95803 0
9.96376 0
9.9695 0
9.97524 0
9.98097 0
9.98671 0
9.99244 0
9.99818 0
10.0039 0
10.0097 0
10.0154 0
10.0211 0
10.0269 0
10.0326 0
10.0383 0
10.0441 0
10.0498 0
10.0555 0
10.0613 0
10.067 0
10.0728 0
10.0785 0
10.0842 0
10.09 0
10.0957 0
10.1014 0
10.1072 0
10.1129 0
10.1186 0
10.1244 0
10.1301 0
10.1358 0
10.1416 0
10.1473 0
10.1531 0
10.1588 0
10.1645 0
10.1703 0
10.176 0
10.1817 0
10.1875 0
10.1932 0
10.1989 0
10.2047 0
10.2104 0
10.2162 0
10.2219 0
10.2276 0
10.2334 0
10.2391 0
10.2448 0
10.2506 0
10.2563 0
10.262 0
10.2678 0
10.2735 0
10.2793 0
10.285 0
10.2907 0
10.2965 0
10.3022 0
10.3079 0
10.3137 0
10.3194 0
10.3251 0
10.3309 0
10.3366 0
10.3424 0
10.3481 0
10.3538 0
10.3596 0
10.3653 0
10.371 0
10.3768 0
10.3825 0
10.3882 0
10.394 0
10.3997 0
10.4054 0
10.4112 0
10.4169 0
10.4227 0
10.4284 0
10.4341 0
10.4399 0
10.4456 0
10.4513 0
10.4571 0
10.4628 0
10.4685 0
10.4743 0
10.48 0
10.4858 0
10.4915 0
10.4972 0
10.503 0
10.5087 0
10.5144 0
10.5202 0
10.5259 0
10.5316 0
10.5374 0
10.5431 0
10.5489 0
10.5546 0
10.5603 0
10.5661 0
10.5718 0
10.5775 0
10.5833 0
10.589 0
10.5947 0
10.6005 0
10.6062 0
10.612 0
10.6177 0
10.6234 0
10.6292 0
10.6349 0
10.6406 0
10.6464 0
10.6521 0
10.6578 0
10.6636 0
10.6693 0
10.6751 0
10.6808 0
10.6865 0
10.6923 0
10.698 0
10.7037 0
10.7095 0
10.7152 0
10.7209 0
10.7267 0
10.7324 0
10.7381 0
10.7439 0
10.7496 0
10.7554 0
10.7611 0
10.7668 0
10.7726 0
10.7783 0
10.784 0
10.7898 0
10.7955 0
10.8012 0
10.807 0
10.8127 0
10.8185 0
10.8242 0
10.8299 0
10.8357 0
10.8414 0
10.8471 0
10.8529 0
10.8586 0
10.8643 0
10.8701 0
10.8758 0
10.8816 0
10.8873 0
10.893 0
10.8988 0
10.9045 0
10.9102 0
10.916 0
10.9217 0
10.9274 0
10.9332 0
10.9389 0
10.9447 0
10.9504 0
10.9561 0
10.9619 0
10.9676 0
10.9733 0
10.9791 0
10.9848 0
10.9905 0
10.9963 0
11.002 0
11.0077 0
11.0135 0
11.0192 0
11.025 0
11.0307 0
11.0364 0
11.0422 0
11.0479 0
11.0536 0
11.0594 0
11.0651 0
11.0708 0
11.0766 0
11.0823 0
11.0881 0
11.0938 0
11.0995 0
11.1053 0
11.111 0
11.1167 0
11.1225 0
11.1282 0
11.1339 0
11.1397 0
11.1454 0
11.1512 0
11.1569 0
11.1626 0
11.1684 0
11.1741 0
11.1798 0
11.1856 0
11.1913 0
11.197 0
11.2028 0
11.2085 0
11.2143 0
11.22 0
11.2257 0
11.2315 0
11.2372 0
11.2429 0
11.2487 0
11.2544 0
11.2601 0
11.2659 0
11.2716 0
11.2774 0
11.2831 0
11.2888 0
11.2946 0
11.3003 0
11.306 0
11.3118 0
11.3175 0
11.3232 0
11.329 0
11.3347 0
11.3404 0
11.3462 0
11.3519 0
11.3577 0
11.3634 0
11.3691 0
11.3749 0
11.3806 0
11.3863 0
11.3921 0
11.3978 0
11.4035 0
11.4093 0
11.415 0
11.4208 0
11.4265 0
11.4322 0
11.438 0
11.4437 0
11.4494 0
11.4552 0
11.4609 0
11.4666 0
11.4724 0
11.4781 0
11.4839 0
11.4896 0
11.4953 0
11.5011 0
11.5068 0
11.5125 0
11.5183 0
11.524 0
11.5297 0
11.5355 0
11.5412 0
11.547 0
11.5527 0
11.5584 0
11.5642 0
11.5699 0
11.5756 0
11.5814 0
11.5871 0
11.5928 0
11.5986 0
11.6043 0
11.61 0
11.6158 0
11.6215 0
11.6273 0
11.633 0
11.6387 0
11.6445 0
11.6502 0
11.6559 0
11.6617 0
11.6674 0
11.6731 0
11.6789 0
11.6846 0
11.6904 0
11.6961 0
11.7018 0
11.7076 0
11.7133 0
11.719 0
11.7248 0
11.7305 0
11.7362 0
11.742 0
