0 0
0.00573619 -16
0.0114724 8
0.0172086 2
0.0229448 8.33333
0.028681 15.6667
0.0344171 14
0.0401533 -3.4
0.0458895 6
0.0516257 2
0.0573619 7.33333
0.0630981 -0.285714
0.0688343 -3
0.0745705 -5.5
0.0803067 1.77778
0.0860429 8
0.091779 -11.5
0.0975152 5
0.103251 10
0.108988 -0.555556
0.114724 0.6
0.12046 9
0.126196 4
0.131932 3
0.137669 10.6
0.143405 4.07692
0.149141 4.30769
0.154877 6
0.160613 0.533333
0.16635 -1.66667
0.172086 -0.0833333
0.177822 4.78947
0.183558 5.58824
0.189294 4.85714
0.19503 4
0.200767 1.09524
0.206503 1.76471
0.212239 4.22222
0.217975 0.666667
0.223711 1.88235
0.229448 -5.41667
0.235184 1.30435
0.24092 -2.54545
0.246656 -4.72222
0.252392 -0.08
0.258129 -0.296296
0.263865 0.428571
0.269601 1.66667
0.275337 -1.93103
0.281073 2.12
0.28681 1.58333
0.292546 4.44
0.298282 2.27586
0.304018 2.96296
0.309754 9.2
0.31549 3.41935
0.321227 1.77778
0.326963 5.43333
0.332699 0.0645161
0.338435 3.54545
0.344171 7.70833
0.349908 2.85714
0.355644 2.2
0.36138 1.19355
0.367116 -0.352941
0.372852 1.12121
0.378589 -1.83784
0.384325 7.09375
0.390061 -0.410256
0.395797 1.51282
0.401533 3.19231
0.40727 2.86047
0.413006 7.72973
0.418742 7.75
0.424478 7.47059
0.430214 11.8222
0.43595 9.95122
0.441687 4.40625
0.447423 12.617
0.453159 10.0769
0.458895 4.55814
0.464631 7.36364
0.470368 8.87805
0.476104 8.42553
0.48184 5.91667
0.487576 9.01923
0.493312 14.3902
0.499049 12.575
0.504785 11.193
0.510521 14.1778
0.516257 16.1163
0.521993 10.5227
0.52773 13
0.533466 12.9556
0.539202 12.125
0.544938 14.0392
0.550674 9.76923
0.55641 11.9792
0.562147 15.3137
0.567883 14.2105
0.573619 12.4444
0.579355 9.62963
0.585091 12.1053
0.590828 12.2642
0.596564 11.4167
0.6023 7.375
0.608036 10.9846
0.613772 10.551
0.619509 10.4138
0.625245 9.8983
0.630981 12.3455
0.636717 13.8276
0.642453 14.0877
0.64819 14.8095
0.653926 15.1346
0.659662 15.0769
0.665398 12.7344
0.671134 16.5263
0.67687 15.7742
0.682607 16.127
0.688343 16.6119
0.694079 17.7037
0.699815 16.3478
0.705551 15.0769
0.711288 15.9636
0.717024 18.4324
0.72276 9.7541
0.728496 13.9571
0.734232 16.6875
0.739969 18.029
0.745705 17.5915
0.751441 19.7069
0.757177 19.8052
0.762913 15.7015
0.76865 20.3768
0.774386 17.5
0.780122 15.9726
0.785858 14.5974
0.791594 15.2167
0.79733 12.1098
0.803067 16.3768
0.808803 16.3
0.814539 17.4938
0.820275 16.169
0.826011 14.7532
0.831748 14.7083
0.837484 16.0706
0.84322 17.5571
0.848956 16.3611
0.854692 13.9765
0.860429 16.321
0.866165 17.8356
0.871901 14.1
0.877637 14.2289
0.883373 17.1948
0.88911 16.8718
0.894846 13.5176
0.900582 15.5904
0.906318 18.6757
0.912054 16.4444
0.91779 18.1954
0.923527 15.9481
0.929263 13.9419
0.934999 14.2967
0.940735 17.6667
0.946471 16.25
0.952208 14.8353
0.957944 11.8495
0.96368 10.8462
0.969416 14.5263
0.975152 11.6556
0.980889 12.7294
0.986625 14.8372
0.992361 12.8737
0.998097 15.8211
1.00383 16.575
1.00957 17.4444
1.01531 16.6082
1.02104 15.9167
1.02678 15.25
1.03251 14.3736
1.03825 15.03
1.04399 14.7442
1.04972 14.901
1.05546 13.802
1.0612 16.2561
1.06693 14.7383
1.07267 17.8901
1.0784 15.0388
1.08414 14.7755
1.08988 14
1.09561 14.8762
1.10135 14.9302
1.10708 16.0091
1.11282 18.1789
1.11856 14.3571
1.12429 14.2286
1.13003 17.581
1.13577 19.9238
1.1415 13.3235
1.14724 17.4495
1.15297 14.53
1.15871 15.53
1.16445 13.8261
1.17018 17.8857
1.17592 14.215
1.18166 10.4792
1.18739 14.521
1.19313 14.1651
1.19886 12.9903
1.2046 14.1739
1.21034 16.7757
1.21607 8.80909
1.22181 13.5909
1.22754 13.8376
1.23328 13.2991
1.23902 12.8214
1.24475 12.605
1.25049 15.8624
1.25623 13.8333
1.26196 13.1795
1.2677 14
1.27343 15.4595
1.27917 12.9407
1.28491 18.3814
1.29064 16.1062
1.29638 13.4741
1.30212 17.3077
1.30785 16.4034
1.31359 14.5862
1.31932 12.9606
1.32506 13.5714
1.3308 13.9569
1.33653 14.5635
1.34227 12.4622
1.348 14.9134
1.35374 14.8053
1.35948 15.84
1.36521 15.0611
1.37095 12
1.37669 14.6691
1.38242 14
1.38816 15.7252
1.39389 14.4068
1.39963 10.0303
1.40537 15.4961
1.4111 15.1786
1.41684 16.0909
1.42258 14.5333
1.42831 17.4876
1.43405 14.3462
1.43978 17.3037
1.44552 16.7971
1.45126 13.8136
1.45699 16.383
1.46273 13.3182
1.46846 13.4206
1.4742 15.035
1.47994 15.2016
1.48567 15.4962
1.49141 15.6231
1.49715 14.2685
1.50288 13.1533
1.50862 13.6048
1.51435 14.0137
1.52009 12.8936
1.52583 14.3511
1.53156 15.1852
1.5373 12.7687
1.54304 13.9716
1.54877 14.1765
1.55451 13.349
1.56024 14.8467
1.56598 15.25
1.57172 12.9787
1.57745 12.5608
1.58319 13.1206
1.58892 11.9789
1.59466 13.2
1.6004 12.6154
1.60613 13.2754
1.61187 13.4497
1.61761 14.4076
1.62334 14.1955
1.62908 13.8452
1.63481 13.0397
1.64055 14.8133
1.64629 12.0411
1.65202 12.649
1.65776 15.9934
1.6635 13.2993
1.66923 12.8113
1.67497 13.3988
1.6807 12.7007
1.68644 13.5949
1.69218 11.4691
1.69791 14.1634
1.70365 13.1892
1.70938 15.2821
1.71512 15.5583
1.72086 13.8676
1.72659 13.5491
1.73233 14.3806
1.73807 14.7516
1.7438 14.5904
1.74954 11.3962
1.75527 14.1646
1.76101 15.4338
1.76675 14.3204
1.77248 13.6524
1.77822 13.0748
1.78396 12.4345
1.78969 15.7261
1.79543 14.8439
1.80116 15.5096
1.8069 13.4152
1.81264 14.7246
1.81837 12.9533
1.82411 12.7056
1.82984 11.4596
1.83558 14.0242
1.84132 15.2485
1.84705 14.7278
1.85279 17.0117
1.85853 15.3875
1.86426 14.5763
1.87 13.7674
1.87573 15.1625
1.88147 14.8475
1.88721 16.407
1.89294 15.4451
1.89868 15.5
1.90442 17.0517
1.91015 18.0592
1.91589 27.5357
1.92162 31.7487
1.92736 16.4407
1.9331 15.6607
1.93883 18.5116
1.94457 17.6296
1.9503 15.1765
1.95604 15.5174
1.96178 16.011
1.96751 14.5622
1.97325 15.227
1.97899 12.861
1.98472 15.9787
1.99046 15.3943
1.99619 16.0989
2.00193 14.5579
2.00767 14.0678
2.0134 13.5988
2.01914 11.4628
2.02488 13.466
2.03061 16.0508
2.03635 16.2394
2.04208 14.0811
2.04782 16.4681
2.05356 12.8226
2.05929 15.4365
2.06503 15.705
2.07076 14.1534
2.0765 14.6943
2.08224 14.9388
2.08797 15.6821
2.09371 14.7424
2.09945 14.1514
2.10518 15.1106
2.11092 17.262
2.11665 16.3385
2.12239 15.3913
2.12813 15.432
2.13386 14.6965
2.1396 15.9296
2.14534 16.1436
2.15107 15.8503
2.15681 17.7136
2.16254 16.2376
2.16828 14.1141
2.17402 16.109
2.17975 14.14
2.18549 14.7249
2.19122 14.7574
2.19696 15.0149
2.2027 17.2537
2.20843 20.5506
2.21417 28.3915
2.21991 35.8451
2.22564 25.2678
2.23138 16.0047
2.23711 16.1159
2.24285 15.5625
2.24859 15.8333
2.25432 16.9909
2.26006 13.3447
2.2658 16.0645
2.27153 15.5674
2.27727 15.0853
2.283 15.9104
2.28874 15.7402
2.29448 15.7072
2.30021 15.346
2.30595 15.0303
2.31168 15.463
2.31742 16.5411
2.32316 16.8846
2.32889 16.6262
2.33463 16.9812
2.34037 16.3944
2.3461 17.6368
2.35184 18.3891
2.35757 17.3676
2.36331 19.8551
2.36905 20.5253
2.37478 19.3919
2.38052 19.7327
2.38626 19.7929
2.39199 19.2991
2.39773 20.4638
2.40346 19.6073
2.4092 24.2332
2.41494 19.4796
2.42067 16.1521
2.42641 18.1244
2.43214 15.7792
2.43788 17.9227
2.44362 16.837
2.44935 13.3305
2.45509 18.4601
2.46083 16.023
2.46656 16.5764
2.4723 15.0336
2.47803 16.7674
2.48377 15.0442
2.48951 16.7479
2.49524 15.991
2.50098 15.1027
2.50672 18.1947
2.51245 15.8155
2.51819 16.9722
2.52392 16.1723
2.52966 15.3598
2.5354 15.9907
2.54113 17.6458
2.54687 15.8615
2.5526 17.8263
2.55834 15.7117
2.56408 15.8851
2.56981 17.843
2.57555 17.3665
2.58129 15.4242
2.58702 17.3598
2.59276 16.3663
2.59849 14.4831
2.60423 14.3475
2.60997 18.0207
2.6157 17.3624
2.62144 18.3828
2.62718 16.5277
2.63291 17.7824
2.63865 17.0429
2.64438 17.5514
2.65012 18.1
2.65586 16.058
2.66159 16.83
2.66733 16.6639
2.67306 18.1064
2.6788 17.5938
2.68454 18.0756
2.69027 18.2088
2.69601 18.3609
2.70175 17.4688
2.70748 18.1029
2.71322 17.4557
2.71895 18.1188
2.72469 15.3827
2.73043 17.5197
2.73616 19.9833
2.7419 19.5798
2.74764 18.4427
2.75337 19.026
2.75911 17.6654
2.76484 18.4405
2.77058 20.5185
2.77632 18.9961
2.78205 18.5238
2.78779 17.7066
2.79352 17.9262
2.79926 18.5338
2.805 18.5703
2.81073 19.1694
2.81647 19.0296
2.82221 18.0875
2.82794 17.6627
2.83368 17.5292
2.83941 19.3574
2.84515 20.576
2.85089 20.4612
2.85662 20.3858
2.86236 18.6374
2.8681 17.0285
2.87383 20.1925
2.87957 19.9856
2.8853 16.7631
2.89104 20.9506
2.89678 19.5849
2.90251 19.5364
2.90825 18.6772
2.91398 19.2372
2.91972 19.8881
2.92546 20.2819
2.93119 20.834
2.93693 20.5307
2.94267 20.2366
2.9484 19.0679
2.95414 20.6615
2.95987 21.2302
2.96561 21.6
2.97135 21.8505
2.97708 25.2801
2.98282 32
2.98856 60.2643
2.99429 72.075
3.00003 30.9628
3.00576 25.9506
3.0115 23.5294
3.01724 22.0623
3.02297 20.4924
3.02871 21.2986
3.03444 21.3082
3.04018 21.3022
3.04592 22.3125
3.05165 22.8925
3.05739 21.5583
3.06313 22.9416
3.06886 22.5304
3.0746 21.1333
3.08033 23.9167
3.08607 21.4574
3.09181 23.1522
3.09754 22.9273
3.10328 26.5639
3.10902 26.5959
3.11475 27.0814
3.12049 25.3223
3.12622 24.1886
3.13196 30.1352
3.1377 28.5933
3.14343 34.1214
3.14917 30.7612
3.1549 25.5142
3.16064 23.1728
3.16638 24.6634
3.17211 25.7153
3.17785 23.3788
3.18359 24.5018
3.18932 25.27
3.19506 26.5017
3.20079 25.2528
3.20653 25.9707
3.21227 27.8976
3.218 25.184
3.22374 26.6146
3.22948 28.3244
3.23521 27.7246
3.24095 29.2193
3.24668 28.0286
3.25242 27.4267
3.25816 28.9261
3.26389 25.8839
3.26963 27.9384
3.27536 26.6337
3.2811 28.5919
3.28684 28.8188
3.29257 28.3541
3.29831 28.7857
3.30405 31.266
3.30978 30.6066
3.31552 30.4046
3.32125 32.9153
3.32699 32.505
3.33273 33.8397
3.33846 33.2621
3.3442 33.7555
3.34994 37.059
3.35567 35.8904
3.36141 35.3091
3.36714 36.2596
3.37288 46.1107
3.37862 58.4642
3.38435 51.0369
3.39009 80.4848
3.39582 111.039
3.40156 40.3176
3.4073 44.6
3.41303 35.1914
3.41877 35.505
3.42451 34.9814
3.43024 37.5669
3.43598 35.4917
3.44171 35.4953
3.44745 35.0065
3.45319 34.094
3.45892 35.5419
3.46466 32.4401
3.4704 35.7807
3.47613 34.255
3.48187 35.488
3.4876 34.7238
3.49334 37.1333
3.49908 36.5892
3.50481 37.2836
3.51055 36.9094
3.51628 38.3871
3.52202 39.5077
3.52776 39.7174
3.53349 43.5566
3.53923 45.3395
3.54497 52.1473
3.5507 55.4182
3.55644 53.4727
3.56217 47.3612
3.56791 44.7673
3.57365 41.8913
3.57938 41.1637
3.58512 41.9908
3.59086 41.8312
3.59659 43.2716
3.60233 42.5044
3.60806 42.8727
3.6138 43.9365
3.61954 43.7134
3.62527 43.6958
3.63101 46.9377
3.63674 50.29
3.64248 56.1127
3.64822 57.1579
3.65395 58.7994
3.65969 58.5765
3.66543 57.4084
3.67116 56.4514
3.6769 56.3571
3.68263 62.5641
3.68837 58.9524
3.69411 56.5073
3.69984 56.0992
3.70558 54.6273
3.71132 53.9849
3.71705 56.3304
3.72279 56.9359
3.72852 56.5761
3.73426 56.2925
3.74 57.4073
3.74573 57.5918
3.75147 59.0231
3.7572 60.404
3.76294 62.1246
3.76868 62.638
3.77441 63.4943
3.78015 65.8273
3.78589 67.0182
3.79162 69.519
3.79736 71.9728
3.80309 73.753
3.80883 78.4657
3.81457 81.4548
3.8203 86.163
3.82604 90.8994
3.83178 102.222
3.83751 117.393
3.84325 154.382
3.84898 233.841
3.85472 280.556
3.86046 280.504
3.86619 288.625
3.87193 341.093
3.87766 442.305
3.8834 573.349
3.88914 731.006
3.89487 852.782
3.90061 798.862
3.90635 655.22
3.91208 513.722
3.91782 377.575
3.92355 285.875
3.92929 227.147
3.93503 186.327
3.94076 153.642
3.9465 135.409
3.95224 120.217
3.95797 106.852
3.96371 98.4012
3.96944 93.3047
3.97518 88.5313
3.98092 84.617
3.98665 80.9702
3.99239 81.8645
3.99812 78.4548
4.00386 74.3276
4.0096 74.3433
4.01533 72.2447
4.02107 71.8368
4.02681 68.4104
4.03254 70.4706
4.03828 70.937
4.04401 70.5647
4.04975 69.7265
4.05549 68.9734
4.06122 67.8815
4.06696 66.099
4.0727 64.9273
4.07843 66.8761
4.08417 65.6098
4.0899 65.7165
4.09564 64.2846
4.10138 63.6359
4.10711 63.7558
4.11285 63.8776
4.11858 62.9167
4.12432 62.8
4.13006 63.894
4.13579 63.3143
4.14153 63.3217
4.14727 62.634
4.153 64.1286
4.15874 63.2266
4.16447 64.3138
4.17021 63.6182
4.17595 62.8711
4.18168 62.1413
4.18742 63.8114
4.19316 63.2702
4.19889 63.5805
4.20463 67.0468
4.21036 68.4846
4.2161 67.374
4.22184 64.4419
4.22757 64.888
4.23331 64.0569
4.23904 63.2022
4.24478 65.3085
4.25052 63.4606
4.25625 65.3767
4.26199 66.4561
4.26773 66.9079
4.27346 67.7436
4.2792 67.3876
4.28493 68.2203
4.29067 69.0631
4.29641 69.3671
4.30214 68.8864
4.30788 71.3317
4.31362 71.0793
4.31935 73.8773
4.32509 73.8225
4.33082 75.0918
4.33656 78.8373
4.3423 80.7657
4.34803 82.6617
4.35377 83.9419
4.3595 88.018
4.36524 90.1081
4.37098 92.2313
4.37671 96.1342
4.38245 99.0459
4.38819 104.938
4.39392 111.21
4.39966 115.986
4.40539 123.211
4.41113 131.388
4.41687 147.331
4.4226 170.118
4.42834 212.829
4.43408 350.454
4.43981 784.386
4.44555 1735.04
4.45128 7148.91
4.45702 10501.3
4.46276 4149.43
4.46849 1358.69
4.47423 687.567
4.47996 386.874
4.4857 320.248
4.49144 304.194
4.49717 280.776
4.50291 282.049
4.50865 267.29
4.51438 245.841
4.52012 219.207
4.52585 192.305
4.53159 170.803
4.53733 149.329
4.54306 130.741
4.5488 120.636
4.55454 108.01
4.56027 101.345
4.56601 91.2723
4.57174 87.0558
4.57748 78.4977
4.58322 75.9761
4.58895 72.3277
4.59469 70.0165
4.60042 69.1226
4.60616 66.8575
4.6119 65.1088
4.61763 63.2356
4.62337 63.9723
4.62911 63.7005
4.63484 63.3059
4.64058 59.6807
4.64631 57.5161
4.65205 57.9082
4.65779 54.4312
4.66352 54.5365
4.66926 53.3116
4.675 53.1147
4.68073 52.7857
4.68647 52.5057
4.6922 50.5981
4.69794 52.0068
4.70368 51.4874
4.70941 49.9194
4.71515 50.5811
4.72088 52.4408
4.72662 51.0465
4.73236 50.8028
4.73809 51.6339
4.74383 51.6964
4.74957 50.2817
4.7553 51.0952
4.76104 49.8172
4.76677 48.9486
4.77251 48.7638
4.77825 48.2488
4.78398 46.8244
4.78972 45.1986
4.79546 45.5222
4.80119 44.6944
4.80693 44.5184
4.81266 43.9632
4.8184 43.9126
4.82414 42.5112
4.82987 45.3651
4.83561 44.6515
4.84134 45.3065
4.84708 48.1724
4.85282 50.5171
4.85855 47.1586
4.86429 44.6765
4.87003 41.8961
4.87576 42.0378
4.8815 41.2635
4.88723 41.4317
4.89297 41.9273
4.89871 42.4644
4.90444 41.0291
4.91018 42.5217
4.91592 40.2611
4.92165 40.3355
4.92739 41.0251
4.93312 40.7261
4.93886 41.3063
4.9446 39.2315
4.95033 40.484
4.95607 39.4747
4.9618 40.1451
4.96754 39.7339
4.97328 42.7017
4.97901 48.5021
4.98475 44.1869
4.99049 39.8853
4.99622 39.7091
5.00196 39.9067
5.00769 39.1885
5.01343 39.2671
5.01917 39.1349
5.0249 39.1526
5.03064 38.6415
5.03638 38.0043
5.04211 39.9435
5.04785 38.7127
5.05358 37.7115
5.05932 39.7214
5.06506 38.9956
5.07079 39.3176
5.07653 35.172
5.08226 39.136
5.088 38.6779
5.09374 39.8861
5.09947 39.9696
5.10521 38.364
5.11095 38.5064
5.11668 39.7787
5.12242 37.739
5.12815 37.2972
5.13389 38.0541
5.13963 39.2241
5.14536 37.9571
5.1511 39.438
5.15684 38.7643
5.16257 38.4304
5.16831 37.5096
5.17404 40.0545
5.17978 39.6323
5.18552 38.0041
5.19125 38.6335
5.19699 37.985
5.20272 38.2932
5.20846 38.4703
5.2142 38.7742
5.21993 38.141
5.22567 37.9529
5.23141 38.78
5.23714 38.3206
5.24288 37.9616
5.24861 38.0339
5.25435 38.295
5.26009 39.0581
5.26582 38.7953
5.27156 39.8384
5.2773 39.6021
5.28303 38.7353
5.28877 40.1466
5.2945 39.6327
5.30024 41.3909
5.30598 39.0728
5.31171 38.9539
5.31745 39.61
5.32318 38.8776
5.32892 39.5456
5.33466 41.7648
5.34039 40.7015
5.34613 41.631
5.35187 53.3489
5.3576 42.035
5.36334 42.5603
5.36907 40.4159
5.37481 39.5726
5.38055 40.7131
5.38628 39.1133
5.39202 41.3676
5.39776 43.7258
5.40349 43.6013
5.40923 42.1516
5.41496 40.7424
5.4207 39.2599
5.42644 39.2685
5.43217 40.1136
5.43791 39.1142
5.44364 40.5863
5.44938 41.9687
5.45512 40.7028
5.46085 40.9917
5.46659 40.2241
5.47233 39.4597
5.47806 39.4614
5.4838 39.5717
5.48953 39.3086
5.49527 39.2083
5.50101 39.0356
5.50674 40.4042
5.51248 42.0557
5.51822 40.7575
5.52395 41.0279
5.52969 40.3465
5.53542 40.1758
5.54116 40.0989
5.5469 40.5925
5.55263 40.6686
5.55837 40.9228
5.5641 41.2643
5.56984 41.0278
5.57558 41.5645
5.58131 41.1307
5.58705 41.1202
5.59279 41.0863
5.59852 42.9754
5.60426 41.3893
5.60999 41.1708
5.61573 42.4137
5.62147 41.6056
5.6272 42.3827
5.63294 42.0423
5.63868 42.4189
5.64441 42.3708
5.65015 43.4453
5.65588 43.2214
5.66162 43.4951
5.66736 42.8822
5.67309 41.0202
5.67883 41.0918
5.68456 43.1937
5.6903 44.6137
5.69604 43.1166
5.70177 44.235
5.70751 44.2674
5.71325 43.9942
5.71898 44.1792
5.72472 44.2486
5.73045 45.0423
5.73619 44.3478
5.74193 43.8574
5.74766 45.6504
5.7534 45.8372
5.75914 45.7278
5.76487 46.4888
5.77061 44.9286
5.77634 46.4635
5.78208 46.4348
5.78782 47.9687
5.79355 48.9866
5.79929 46.5332
5.80502 47.2383
5.81076 48.6877
5.8165 47.4596
5.82223 48.5791
5.82797 49.3952
5.83371 48.3403
5.83944 49.5917
5.84518 49.641
5.85091 47.7327
5.85665 47.9574
5.86239 50.1569
5.86812 49.8781
5.87386 50.1985
5.8796 50.7885
5.88533 50.1722
5.89107 51.3868
5.8968 50
5.90254 52.6625
5.90828 50.8022
5.91401 52.9683
5.91975 53.0744
5.92548 53.9821
5.93122 54.7468
5.93696 57.3041
5.94269 79.1909
5.94843 74.9366
5.95417 120.421
5.9599 72.0697
5.96564 67.5193
5.97137 56.6018
5.97711 57.2724
5.98285 56.5891
5.98858 58.1442
5.99432 58.0326
6.00006 59.9086
6.00579 59.9783
6.01153 60.926
6.01726 63
6.023 61.967
6.02874 62.2388
6.03447 61.6404
6.04021 62.2865
6.04594 63.5422
6.05168 64.5878
6.05742 65.2394
6.06315 65.6979
6.06889 66.6139
6.07463 66.1911
6.08036 66.2527
6.0861 67.6372
6.09183 68.1204
6.09757 72.1818
6.10331 70.6811
6.10904 73.2384
6.11478 72.75
6.12052 75.0443
6.12625 75.4014
6.13199 76.8587
6.13772 79.4213
6.14346 79.4199
6.1492 80.2716
6.15493 83.7651
6.16067 82.3211
6.1664 84.6823
6.17214 87.0748
6.17788 90.5445
6.18361 91.8569
6.18935 95.6137
6.19509 98.3148
6.20082 100.436
6.20656 106.149
6.21229 109.246
6.21803 117.214
6.22377 119.334
6.2295 124.879
6.23524 135.494
6.24098 138.06
6.24671 140.037
6.25245 159.058
6.25818 165.512
6.26392 183.129
6.26966 212.113
6.27539 283.048
6.28113 385.059
6.28686 836.148
6.2926 2485.63
6.29834 5857.96
6.30407 6104.38
6.30981 10179
6.31555 2975.69
6.32128 1590.01
6.32702 594.683
6.33275 371.89
6.33849 323.169
6.34423 258.756
6.34996 253.224
6.3557 252.998
6.36144 248.891
6.36717 258.936
6.37291 268.51
6.37864 263.834
6.38438 250.155
6.39012 230.346
6.39585 215.327
6.40159 192.982
6.40732 174.115
6.41306 158.551
6.4188 144.98
6.42453 134.537
6.43027 127.183
6.43601 120.506
6.44174 115.307
6.44748 111.941
6.45321 109.988
6.45895 106.424
6.46469 103.312
6.47042 100.964
6.47616 99.1076
6.4819 95.0419
6.48763 92.9371
6.49337 91.4086
6.4991 90.3585
6.50484 87.8616
6.51058 85.7315
6.51631 85.8046
6.52205 83.1003
6.52778 83.555
6.53352 83.913
6.53926 81.7121
6.54499 80.7584
6.55073 80.335
6.55647 81.0604
6.5622 80.8173
6.56794 80.758
6.57367 80.3333
6.57941 79.3131
6.58515 77.4177
6.59088 79.9822
6.59662 78.3713
6.60236 77.305
6.60809 75.7556
6.61383 75.4242
6.61956 75.0463
6.6253 74.6543
6.63104 74.9886
6.63677 74.8481
6.64251 74.0747
6.64824 74.8179
6.65398 73.0604
6.65972 73.2089
6.66545 73.8779
6.67119 72.1748
6.67693 74.1115
6.68266 73.8528
6.6884 74.6321
6.69413 74.052
6.69987 72.7104
6.70561 71.2412
6.71134 72.2778
6.71708 72.6892
6.72282 73.2229
6.72855 71.3946
6.73429 72.975
6.74002 71.6943
6.74576 71.9548
6.7515 71.5618
6.75723 71.9967
6.76297 71.1633
6.7687 70.3861
6.77444 70.5356
6.78018 70.3056
6.78591 71.0015
6.79165 70.948
6.79739 68.866
6.80312 71.6879
6.80886 70.949
6.81459 69.9582
6.82033 69.3481
6.82607 69.8538
6.8318 69.6009
6.83754 69.8636
6.84328 69.56
6.84901 70.0643
6.85475 70.8203
6.86048 70.4104
6.86622 70.1226
6.87196 69.5138
6.87769 68.5452
6.88343 69.1693
6.88916 69.6517
6.8949 69.9642
6.90064 69.9585
6.90637 69.2022
6.91211 69.8734
6.91785 71.0979
6.92358 68.2821
6.92932 69.4784
6.93505 71.2182
6.94079 69.6935
6.94653 69.292
6.95226 68.7564
6.958 69
6.96374 68.9362
6.96947 70.0125
6.97521 69.5887
6.98094 71.0912
6.98668 70.539
6.99242 68.6081
6.99815 70.1828
7.00389 69.2868
7.00962 69.5714
7.01536 69.8028
7.0211 70.4523
7.02683 69.9255
7.03257 70.3737
7.03831 67.958
7.04404 70.9003
7.04978 70.8517
7.05551 70.294
7.06125 70.5355
7.06699 72.6656
7.07272 71.368
7.07846 71.2568
7.0842 72.1611
7.08993 70.5289
7.09567 73.0582
7.1014 72.288
7.10714 74.7477
7.11288 73.7355
7.11861 73.7296
7.12435 73.5991
7.13008 75.9524
7.13582 75.0109
7.14156 74.5937
7.14729 74.3333
7.15303 73.6161
7.15877 74.6443
7.1645 73.9643
7.17024 73.6431
7.17597 75.98
7.18171 74.9206
7.18745 74.9368
7.19318 75.7049
7.19892 76.1521
7.20466 75.6614
7.21039 76.1509
7.21613 76.2405
7.22186 76.5015
7.2276 77.1624
7.23334 76.9311
7.23907 78.5645
7.24481 78.9264
7.25054 78.9661
7.25628 80.0755
7.26202 78.8612
7.26775 79.7124
7.27349 80.9723
7.27923 79.2142
7.28496 80.109
7.2907 81.7273
7.29643 81.5172
7.30217 81.0979
7.30791 82.6116
7.31364 83.3163
7.31938 82.9308
7.32512 85.2596
7.33085 85.4928
7.33659 86.5612
7.34232 86.3666
7.34806 89.4986
7.3538 90.0075
7.35953 90.2901
7.36527 93.3939
7.371 98.7905
7.37674 122.434
7.38248 113.6
7.38821 250.843
7.39395 278.24
7.39969 335.169
7.40542 504.961
7.41116 329.763
7.41689 185.771
7.42263 139.51
7.42837 129.429
7.4341 126.163
7.43984 127.782
7.44558 134.172
7.45131 141.639
7.45705 153.775
7.46278 167.412
7.46852 185.445
7.47426 200.701
7.47999 207.649
7.48573 203.363
7.49146 190.968
7.4972 176.304
7.50294 159.727
7.50867 145.976
7.51441 133.279
7.52015 120.692
7.52588 111.837
7.53162 105.844
7.53735 101.398
7.54309 95.3554
7.54883 92.2256
7.55456 88.5382
7.5603 86.6462
7.56604 85.4003
7.57177 82.3385
7.57751 80.4111
7.58324 80.5949
7.58898 78.2935
7.59472 75.9
7.60045 75.1203
7.60619 74.8298
7.61192 73.5254
7.61766 73.1222
7.6234 72.3723
7.62913 72.1352
7.63487 71.8
7.64061 71.4368
7.64634 70.8971
7.65208 70.0564
7.65781 70.1875
7.66355 70.0813
7.66929 69.5499
7.67502 70.281
7.68076 69.64
7.6865 71.174
7.69223 70.1223
7.69797 72.0989
7.7037 71.6028
7.70944 74.7981
7.71518 85.3902
7.72091 97.6709
7.72665 184.675
7.73238 323.788
7.73812 113.985
7.74386 130.759
7.74959 100.201
7.75533 80.7451
7.76107 80.0502
7.7668 78.1799
7.77254 81.6231
7.77827 83.881
7.78401 88.3467
7.78975 93.3225
7.79548 98.7421
7.80122 104.809
7.80696 109.569
7.81269 110.74
7.81843 107.392
7.82416 100.352
7.8299 95.1284
7.83564 89.9589
7.84137 83.5489
7.84711 78.4909
7.85284 74.8518
7.85858 73.3033
7.86432 69.3966
7.87005 69.2976
7.87579 66.3797
7.88153 65.862
7.88726 65.5247
7.893 63.6076
7.89873 62.8791
7.90447 62.8547
7.91021 63.6996
7.91594 64.1951
7.92168 71.531
7.92742 67.0821
7.93315 60.3525
7.93889 59.5118
7.94462 59.2211
7.95036 58.3978
7.9561 57.424
7.96183 58.6609
7.96757 57.8762
7.9733 59.3212
7.97904 57.9764
7.98478 58.2301
7.99051 57.422
7.99625 58.1417
8.00199 57.6
8.00772 56.0645
8.01346 56.3113
8.01919 56.5691
8.02493 55.6053
8.03067 55.5425
8.0364 55.4488
8.04214 55.6021
8.04788 53.6882
8.05361 55.0289
8.05935 55.6164
8.06508 55.1542
8.07082 54.6769
8.07656 54.2536
8.08229 53.3062
8.08803 55.465
8.09376 55.6636
8.0995 54.448
8.10524 53.3474
8.11097 53.428
8.11671 50.5124
8.12245 50.9525
8.12818 51.7431
8.13392 49.8904
8.13965 47.4659
8.14539 49.1667
8.15113 48.2402
8.15686 43.7313
8.1626 47.9429
8.16834 46.103
8.17407 47.911
8.17981 46.2949
8.18554 48.433
8.19128 47.671
8.19702 48.3224
8.20275 47.7331
8.20849 47.4463
8.21422 47.5156
8.21996 46.8957
8.2257 47.6435
8.23143 47.0908
8.23717 48.0693
8.24291 48.3081
8.24864 47.2049
8.25438 48.0557
8.26011 47.2897
8.26585 47.4391
8.27159 47.8814
8.27732 48.8925
8.28306 47.2254
8.2888 47.1159
8.29453 47.2188
8.30027 48.7091
8.306 48.0123
8.31174 47.5895
8.31748 47.169
8.32321 47.3527
8.32895 48.4585
8.33468 46.2955
8.34042 48.9701
8.34616 47.0781
8.35189 46.3009
8.35763 46.7741
8.36337 46.5077
8.3691 46.9861
8.37484 46.1368
8.38057 47.6167
8.38631 46.5243
8.39205 47.6976
8.39778 47.4779
8.40352 46.7465
8.40926 45.7402
8.41499 45.8951
8.42073 45.9833
8.42646 46.5204
8.4322 46.9466
8.43794 47.5688
8.44367 47.591
8.44941 49.4404
8.45514 47.3297
8.46088 47.0486
8.46662 46.9018
8.47235 45.8713
8.47809 45.3564
8.48383 43.7465
8.48956 45.816
8.4953 46.2022
8.50103 43.6408
8.50677 44.424
8.51251 46.2507
8.51824 44.339
8.52398 46.0141
8.52972 45.3565
8.53545 46.0377
8.54119 46.1502
8.54692 45.4909
8.55266 45.6122
8.5584 47.2187
8.56413 46.6807
8.56987 43.7477
8.5756 45.822
8.58134 44.3808
8.58708 45.6902
8.59281 45.7013
8.59855 46.4473
8.60429 45.7201
8.61002 44.7258
8.61576 47.1555
8.62149 45.4855
8.62723 45.8231
8.63297 44.9597
8.6387 44.5184
8.64444 45.8413
8.65018 45.3333
8.65591 46.9301
8.66165 50.0302
8.66738 47.7046
8.67312 44.6937
8.67886 42.1856
8.68459 43.3895
8.69033 45.0199
8.69606 44.0582
8.7018 43.9492
8.70754 42.576
8.71327 44.7969
8.71901 44.3047
8.72475 46.6085
8.73048 45.3024
8.73622 44.0647
8.74195 46.9153
8.74769 46.4025
8.75343 46.6624
8.75916 47.6568
8.7649 43.2661
8.77064 45.3305
8.77637 43.7857
8.78211 45.9312
8.78784 44.5284
8.79358 43.3892
8.79932 46.2412
8.80505 45.1455
8.81079 45.6995
8.81652 44.9242
8.82226 43.3109
8.828 44.3102
8.83373 44.9805
8.83947 45.4171
8.84521 47.1951
8.85094 44.016
8.85668 44.6256
8.86241 43.041
8.86815 45.6092
8.87389 44.1231
8.87962 47.0347
8.88536 44.6851
8.8911 44.3209
8.89683 46.1975
8.90257 47.6503
8.9083 48.8844
8.91404 47.5187
8.91978 50.4114
8.92551 63.7261
8.93125 68.3963
8.93698 158.926
8.94272 122.477
8.94846 78.1818
8.95419 58.4899
8.95993 49.3851
8.96567 50.5093
8.9714 48.4409
8.97714 47.4051
8.98287 49.2727
8.98861 49
8.99435 50.9724
9.00008 51.3846
9.00582 50.0066
9.01156 51.4122
9.01729 52.3008
9.02303 49.7214
9.02876 52.5299
9.0345 51.2358
9.04024 50.907
9.04597 49.9038
9.05171 53.874
9.05744 48.3884
9.06318 54.7184
9.06892 48.9496
9.07465 51.0833
9.08039 44.9658
9.08613 46.5421
9.09186 53.0208
9.0976 58.5481
9.10333 52.7083
9.10907 56.7755
9.11481 45.9271
9.12054 44.6591
9.12628 40.8776
9.13202 44
9.13775 44.5978
9.14349 46.9405
9.14922 45.122
9.15496 45.9268
9.1607 42.5541
9.16643 45.8375
9.17217 43.9041
9.1779 41.7763
9.18364 39.9571
9.18938 41.5735
9.19511 42
9.20085 43.1905
9.20659 41.5385
9.21232 48.3667
9.21806 37.541
9.22379 39.2182
9.22953 40.6364
9.23527 39.7736
9.241 42
9.24674 38.5918
9.25248 41.3617
9.25821 38.2444
9.26395 37.7045
9.26968 35.9767
9.27542 41.5641
9.28116 40.1
9.28689 38.6286
9.29263 36.4848
9.29836 35.3333
9.3041 35.4848
9.30984 34.3214
9.31557 28.8148
9.32131 33.6296
9.32705 32.1
9.33278 25.8696
9.33852 28.6316
9.34425 27.3333
9.34999 29.4118
9.35573 31.5714
9.36146 27.9091
9.3672 17
9.37294 16.625
9.37867 16.8889
9.38441 11.6667
9.39014 -1.5
9.39588 0
9.40162 0
9.40735 0
9.41309 0
9.41882 0
9.42456 0
9.4303 0
9.43603 0
9.44177 0
9.44751 0
9.45324 0
9.45898 0
9.46471 0
9.47045 0
9.47619 0
9.48192 0
9.48766 0
9.4934 0
9.49913 0
9.50487 0
9.5106 0
9.51634 0
9.52208 0
9.52781 0
9.53355 0
9.53928 0
9.54502 0
9.55076 0
9.55649 0
9.56223 0
9.56797 0
9.5737 0
9.57944 0
9.58517 0
9.59091 0
9.59665 0
9.60238 0
9.60812 0
9.61386 0
9.61959 0
9.62533 0
9.63106 0
9.6368 0
9.64254 0
9.64827 0
9.65401 0
9.65974 0
9.66548 0
9.67122 0
9.67695 0
9.68269 0
9.68843 0
9.69416 0
9.6999 0
9.70563 0
9.71137 0
9.71711 0
9.72284 0
9.72858 0
9.73432 0
9.74005 0
9.74579 0
9.75152 0
9.75726 0
9.763 0
9.76873 0
9.77447 0
9.7802 0
9.78594 0
9.79168 0
9.79741 0
9.80315 0
9.80889 0
9.81462 0
9.82036 0
9.82609 0
9.83183 0
9.83757 0
9.8433 0
9.84904 0
9.85478 0
9.86051 0
9.86625 0
9.87198 0
9.87772 0
9.88346 0
9.88919 0
9.89493 0
9.90066 0
9.9064 0
9.91214 0
9.91787 0
9.92361 0
9.92935 0
9.93508 0
9.94082 0
9.94655 0
9.95229 0
9.95803 0
9.96376 0
9.9695 0
9.97524 0
9.98097 0
9.98671 0
9.99244 0
9.99818 0
10.0039 0
10.0097 0
10.0154 0
10.0211 0
10.0269 0
10.0326 0
10.0383 0
10.0441 0
10.0498 0
10.0555 0
10.0613 0
10.067 0
10.0728 0
10.0785 0
10.0842 0
10.09 0
10.0957 0
10.1014 0
10.1072 0
10.1129 0
10.1186 0
10.1244 0
10.1301 0
10.1358 0
10.1416 0
10.1473 0
10.1531 0
10.1588 0
10.1645 0
10.1703 0
10.176 0
10.1817 0
10.1875 0
10.1932 0
10.1989 0
10.2047 0
10.2104 0
10.2162 0
10.2219 0
10.2276 0
10.2334 0
10.2391 0
10.2448 0
10.2506 0
10.2563 0
10.262 0
10.2678 0
10.2735 0
10.2793 0
10.285 0
10.2907 0
10.2965 0
10.3022 0
10.3079 0
10.3137 0
10.3194 0
10.3251 0
10.3309 0
10.3366 0
10.3424 0
10.3481 0
10.3538 0
10.3596 0
10.3653 0
10.371 0
10.3768 0
10.3825 0
10.3882 0
10.394 0
10.3997 0
10.4054 0
10.4112 0
10.4169 0
10.4227 0
10.4284 0
10.4341 0
10.4399 0
10.4456 0
10.4513 0
10.4571 0
10.4628 0
10.4685 0
10.4743 0
10.48 0
10.4858 0
10.4915 0
10.4972 0
10.503 0
10.5087 0
10.5144 0
10.5202 0
10.5259 0
10.5316 0
10.5374 0
10.5431 0
10.5489 0
10.5546 0
10.5603 0
10.5661 0
10.5718 0
10.5775 0
10.5833 0
10.589 0
10.5947 0
10.6005 0
10.6062 0
10.612 0
10.6177 0
10.6234 0
10.6292 0
10.6349 0
10.6406 0
10.6464 0
10.6521 0
10.6578 0
10.6636 0
10.6693 0
10.6751 0
10.6808 0
10.6865 0
10.6923 0
10.698 0
10.7037 0
10.7095 0
10.7152 0
10.7209 0
10.7267 0
10.7324 0
10.7381 0
10.7439 0
10.7496 0
10.7554 0
10.7611 0
10.7668 0
10.7726 0
10.7783 0
10.784 0
10.7898 0
10.7955 0
10.8012 0
10.807 0
10.8127 0
10.8185 0
10.8242 0
10.8299 0
10.8357 0
10.8414 0
10.8471 0
10.8529 0
10.8586 0
10.8643 0
10.8701 0
10.8758 0
10.8816 0
10.8873 0
10.893 0
10.8988 0
10.9045 0
10.9102 0
10.916 0
10.9217 0
10.9274 0
10.9332 0
10.9389 0
10.9447 0
10.9504 0
10.9561 0
10.9619 0
10.9676 0
10.9733 0
10.9791 0
10.9848 0
10.9905 0
10.9963 0
11.002 0
11.0077 0
11.0135 0
11.0192 0
11.025 0
11.0307 0
11.0364 0
11.0422 0
11.0479 0
11.0536 0
11.0594 0
11.0651 0
11.0708 0
11.0766 0
11.0823 0
11.0881 0
11.0938 0
11.0995 0
11.1053 0
11.111 0
11.1167 0
11.1225 0
11.1282 0
11.1339 0
11.1397 0
11.1454 0
11.1512 0
11.1569 0
11.1626 0
11.1684 0
11.1741 0
11.1798 0
11.1856 0
11.1913 0
11.197 0
11.2028 0
11.2085 0
11.2143 0
11.22 0
11.2257 0
11.2315 0
11.2372 0
11.2429 0
11.2487 0
11.2544 0
11.2601 0
11.2659 0
11.2716 0
11.2774 0
11.2831 0
11.2888 0
11.2946 0
11.3003 0
11.306 0
11.3118 0
11.3175 0
11.3232 0
11.329 0
11.3347 0
11.3404 0
11.3462 0
11.3519 0
11.3577 0
11.3634 0
11.3691 0
11.3749 0
11.3806 0
11.3863 0
11.3921 0
11.3978 0
11.4035 0
11.4093 0
11.415 0
11.4208 0
11.4265 0
11.4322 0
11.438 0
11.4437 0
11.4494 0
11.4552 0
11.4609 0
11.4666 0
11.4724 0
11.4781 0
11.4839 0
11.4896 0
11.4953 0
11.5011 0
11.5068 0
11.5125 0
11.5183 0
11.524 0
11.5297 0
11.5355 0
11.5412 0
11.547 0
11.5527 0
11.5584 0
11.5642 0
11.5699 0
11.5756 0
11.5814 0
11.5871 0
11.5928 0
11.5986 0
11.6043 0
11.61 0
11.6158 0
11.6215 0
11.6273 0
11.633 0
11.6387 0
11.6445 0
11.6502 0
11.6559 0
11.6617 0
11.6674 0
11.6731 0
11.6789 0
11.6846 0
11.6904 0
11.6961 0
11.7018 0
11.7076 0
11.7133 0
11.719 0
11.7248 0
11.7305 0
11.7362 0
11.742 0
