0 0
0.00573619 -2
0.0114724 6
0.0172086 -0.5
0.0229448 8.66667
0.028681 13
0.0344171 -2.5
0.0401533 13.6
0.0458895 14.8
0.0516257 6.66667
0.0573619 8
0.0630981 9.42857
0.0688343 2.14286
0.0745705 -0.666667
0.0803067 6.55556
0.0860429 6.55556
0.091779 0.75
0.0975152 -2.30769
0.103251 10
0.108988 4.66667
0.114724 2.6
0.12046 -4.54545
0.126196 0.866667
0.131932 1
0.137669 2.13333
0.143405 3
0.149141 -0.384615
0.154877 -1.9375
0.160613 1.93333
0.16635 2.26667
0.172086 2.58333
0.177822 9.10526
0.183558 7.05882
0.189294 7.42857
0.19503 8.38095
0.200767 4.09524
0.206503 -2
0.212239 -0.0555556
0.217975 1.90476
0.223711 -1.35294
0.229448 0.291667
0.235184 3.6087
0.24092 -0.0909091
0.246656 2.88889
0.252392 -0.12
0.258129 0.037037
0.263865 1.42857
0.269601 5.83333
0.275337 0.551724
0.281073 5.16
0.28681 -0.208333
0.292546 2
0.298282 4.13793
0.304018 -2.51852
0.309754 1.73333
0.31549 5.03226
0.321227 -3.22222
0.326963 1.6
0.332699 4.29032
0.338435 2.63636
0.344171 5.875
0.349908 1
0.355644 3.74286
0.36138 3.09677
0.367116 5.32353
0.372852 5.90909
0.378589 7.18919
0.384325 8.46875
0.390061 4.07692
0.395797 0.948718
0.401533 2
0.40727 6.11628
0.413006 7.32432
0.418742 3.375
0.424478 7.82353
0.430214 4.55556
0.43595 6.46341
0.441687 4.8125
0.447423 6.25532
0.453159 4.94872
0.458895 8
0.464631 6.31818
0.470368 3.04878
0.476104 10.9362
0.48184 8.38889
0.487576 14.0769
0.493312 11.4146
0.499049 8.45
0.504785 12.5965
0.510521 18.6889
0.516257 12.0698
0.521993 13.3409
0.52773 14.5283
0.533466 18.6222
0.539202 15.7292
0.544938 14.549
0.550674 17.7308
0.55641 11.9583
0.562147 13.451
0.567883 13.8596
0.573619 11.8
0.579355 15.6852
0.585091 12.5088
0.590828 12.3396
0.596564 16.3125
0.6023 17.7857
0.608036 15.2308
0.613772 13.2041
0.619509 13.0172
0.625245 13.5593
0.630981 16.3818
0.636717 18.069
0.642453 16.5263
0.64819 17.8095
0.653926 11.8269
0.659662 19.3692
0.665398 18.1406
0.671134 18.6316
0.67687 13.1129
0.682607 16.9365
0.688343 12.8657
0.694079 19.3889
0.699815 19.6232
0.705551 19.2
0.711288 18.5636
0.717024 16.9054
0.72276 20.3279
0.728496 19.9714
0.734232 16.0781
0.739969 18.029
0.745705 16
0.751441 15.3103
0.757177 19.1169
0.762913 17.2388
0.76865 17.029
0.774386 14.8676
0.780122 17.726
0.785858 19.2857
0.791594 18
0.79733 13.0488
0.803067 22.2174
0.808803 16.2143
0.814539 16.7901
0.820275 16.0423
0.826011 17.1429
0.831748 13.1528
0.837484 18.6
0.84322 15.9857
0.848956 15.5556
0.854692 15.9059
0.860429 16.3704
0.866165 17.0411
0.871901 15.3125
0.877637 15.6867
0.883373 14.8571
0.88911 16.1154
0.894846 17.8471
0.900582 17.7108
0.906318 16.9054
0.912054 16.9778
0.91779 15.7471
0.923527 17.5714
0.929263 17.2209
0.934999 16.5714
0.940735 15.2346
0.946471 15.6786
0.952208 18.2824
0.957944 17.1183
0.96368 14.9487
0.969416 13.5474
0.975152 16.9444
0.980889 17.8941
0.986625 18.6395
0.992361 16.4842
0.998097 17.4737
1.00383 16.05
1.00957 17.303
1.01531 16.0206
1.02104 15.3571
1.02678 12.2604
1.03251 15.1209
1.03825 16.79
1.04399 17.2791
1.04972 17.4951
1.05546 15.8317
1.0612 15.8049
1.06693 17.4019
1.07267 14.5495
1.0784 15.0097
1.08414 17.4796
1.08988 15.44
1.09561 15.6
1.10135 16.9186
1.10708 17.3455
1.11282 15.8211
1.11856 17.2449
1.12429 14.5048
1.13003 19.7905
1.13577 18.6571
1.1415 16.1961
1.14724 15.9633
1.15297 15.4
1.15871 13.82
1.16445 15.2174
1.17018 16.5619
1.17592 16.7477
1.18166 14.2396
1.18739 13.6387
1.19313 14.4771
1.19886 14.9612
1.2046 16.3304
1.21034 17.8037
1.21607 16.2273
1.22181 17.2364
1.22754 15.4103
1.23328 16.5888
1.23902 16.2589
1.24475 15.5378
1.25049 15.0826
1.25623 13.8611
1.26196 17.547
1.2677 17.6613
1.27343 19.2162
1.27917 13.7881
1.28491 13.9237
1.29064 12.4336
1.29638 19.3534
1.30212 16.4103
1.30785 14.1008
1.31359 15.4138
1.31932 15.189
1.32506 16
1.3308 19.319
1.33653 17.754
1.34227 18.0756
1.348 17.2126
1.35374 17.6106
1.35948 15.96
1.36521 16.0916
1.37095 14.3364
1.37669 15.0647
1.38242 16.8443
1.38816 14.1832
1.39389 14.0508
1.39963 15.2045
1.40537 14.3488
1.4111 14.9821
1.41684 16.2797
1.42258 18.9259
1.42831 15.7603
1.43405 15.7154
1.43978 16.037
1.44552 15.9565
1.45126 15.1271
1.45699 15.461
1.46273 15.8333
1.46846 13.6905
1.4742 16.7692
1.47994 15.8217
1.48567 16.5564
1.49141 16.7692
1.49715 15.8591
1.50288 14.7518
1.50862 13.5242
1.51435 15.5753
1.52009 15.156
1.52583 17.1679
1.53156 14.7037
1.5373 12.6327
1.54304 12.8156
1.54877 15.3235
1.55451 16.1678
1.56024 13.8394
1.56598 11.5786
1.57172 17.5035
1.57745 15.3851
1.58319 17.5674
1.58892 18.1338
1.59466 15.52
1.6004 12.4965
1.60613 15.6812
1.61187 15.0134
1.61761 16.5732
1.62334 14.2105
1.62908 15.1226
1.63481 15.6887
1.64055 17.86
1.64629 13.1712
1.65202 16.1788
1.65776 14.9603
1.6635 14.7664
1.66923 16.4528
1.67497 15.9755
1.6807 14.1533
1.68644 15.5506
1.69218 15.0494
1.69791 16.6863
1.70365 14.2162
1.70938 15.9038
1.71512 13.4294
1.72086 15.1618
1.72659 13.2428
1.73233 16.8839
1.73807 14.0523
1.7438 14.7169
1.74954 14.7799
1.75527 14.9207
1.76101 15.4632
1.76675 13.5525
1.77248 14.1768
1.77822 16.898
1.78396 15.0893
1.78969 13.2357
1.79543 16.1329
1.80116 14.1783
1.8069 14.8596
1.81264 15.3533
1.81837 13.2867
1.82411 15.3333
1.82984 13.1429
1.83558 15.5515
1.84132 15.5273
1.84705 14.1479
1.85279 15.7018
1.85853 15.05
1.86426 15.0169
1.87 17.0407
1.87573 13.85
1.88147 17.2712
1.88721 16.6337
1.89294 17.2948
1.89868 17.5353
1.90442 18.8851
1.91015 18.1006
1.91589 34.8095
1.92162 38.6364
1.92736 18.6497
1.9331 17.7083
1.93883 19.0349
1.94457 19.2328
1.9503 19
1.95604 15.9767
1.96178 14.7403
1.96751 18.3568
1.97325 18.2515
1.97899 15.8663
1.98472 15.766
1.99046 14.7771
1.99619 16.7912
2.00193 16.6158
2.00767 16.9322
2.0134 15.2035
2.01914 16.5266
2.02488 14.9738
2.03061 17.2373
2.03635 16.4947
2.04208 15.0216
2.04782 15.2872
2.05356 15.7473
2.05929 17.0939
2.06503 15.845
2.07076 15.3466
2.0765 17.5233
2.08224 16.7296
2.08797 18.8266
2.09371 17.7475
2.09945 17.2324
2.10518 16.4472
2.11092 15.385
2.11665 16.759
2.12239 17.2802
2.12813 17.142
2.13386 17.5721
2.1396 16.8543
2.14534 15.5128
2.15107 19.1123
2.15681 16.3719
2.16254 16.8713
2.16828 14.8424
2.17402 18.0521
2.17975 17.15
2.18549 17.9312
2.19122 16.9059
2.19696 15.3218
2.2027 18.0488
2.20843 20.9438
2.21417 31.566
2.21991 39.3239
2.22564 25.5137
2.23138 18.6066
2.23711 17.401
2.24285 18.0385
2.24859 18.1979
2.25432 17.4338
2.26006 18.534
2.2658 15.2312
2.27153 15.5674
2.27727 16.0758
2.283 15.806
2.28874 17.2598
2.29448 15.6126
2.30021 17.4076
2.30595 14.9192
2.31168 18.4213
2.31742 16.2609
2.32316 15.9038
2.32889 17.1822
2.33463 19.4413
2.34037 17.6573
2.3461 19.4057
2.35184 18.6923
2.35757 20.5392
2.36331 21.0421
2.36905 20.341
2.37478 20.8468
2.38052 17.9401
2.38626 20.1667
2.39199 19.0171
2.39773 21.7391
2.40346 20.379
2.4092 23.5874
2.41494 19.3258
2.42067 18.2212
2.42641 17.9078
2.43214 16.6147
2.43788 19.0628
2.44362 18.304
2.44935 18.6781
2.45509 16.8169
2.46083 17.5668
2.46656 15.9956
2.4723 15.7353
2.47803 16.7907
2.48377 18.0708
2.48951 18.3932
2.49524 17.7647
2.50098 17.1116
2.50672 15.7434
2.51245 18.4249
2.51819 17.4954
2.52392 16.6975
2.52966 16.0377
2.5354 20.1944
2.54113 17.3375
2.54687 17.7186
2.5526 16.2712
2.55834 17.9054
2.56408 18.5532
2.56981 18.2645
2.57555 16.9864
2.58129 17.2857
2.58702 19.7573
2.59276 17.9177
2.59849 17.0424
2.60423 19.0381
2.60997 18.9502
2.6157 19.4037
2.62144 15.9492
2.62718 17.8043
2.63291 18.636
2.63865 17.7382
2.64438 17.6667
2.65012 18.672
2.65586 16.6652
2.66159 19.0277
2.66733 17.7377
2.67306 18.8128
2.6788 17.9141
2.68454 18.7605
2.69027 17.5863
2.69601 20.7435
2.70175 20.3594
2.70748 18.1029
2.71322 19.1392
2.71895 17.0881
2.72469 19.0617
2.73043 19.7598
2.73616 16.7458
2.7419 19.9455
2.74764 19.8656
2.75337 19.1126
2.75911 17.4335
2.76484 19.0476
2.77058 17.9012
2.77632 19.9382
2.78205 19.0992
2.78779 18.3861
2.79352 17.5902
2.79926 20.4361
2.805 19.5783
2.81073 18.3554
2.81647 18.6074
2.82221 18.3612
2.82794 18.9286
2.83368 18.8083
2.83941 19.574
2.84515 19.856
2.85089 18.3643
2.85662 19.8539
2.86236 19.3893
2.8681 18.6463
2.87383 18.6151
2.87957 21.2626
2.8853 18.0402
2.89104 18.9544
2.89678 21.1774
2.90251 19.6245
2.90825 18.6968
2.91398 20.3394
2.91972 20.3646
2.92546 20
2.93119 21.3774
2.93693 20.574
2.94267 20.8168
2.9484 21.9547
2.95414 21
2.95987 20.6978
2.96561 23.0423
2.97135 24.452
2.97708 25.9894
2.98282 31.6653
2.98856 56.8071
2.99429 74.2893
3.00003 32.7918
3.00576 27.8365
3.0115 23.6728
3.01724 24.09
3.02297 24.1298
3.02871 22.1763
3.03444 22.9821
3.04018 22.6223
3.04592 23.1066
3.05165 24.5878
3.05739 22.6643
3.06313 20.7626
3.06886 24.3446
3.0746 23.5439
3.08033 24.5362
3.08607 24.0142
3.09181 24.8297
3.09754 26.9758
3.10328 27.2857
3.10902 27.2226
3.11475 28.4271
3.12049 25.8022
3.12622 25.9502
3.13196 29.7722
3.1377 30.63
3.14343 36.5321
3.14917 33.6713
3.1549 26.8759
3.16064 27.2904
3.16638 26.2178
3.17211 26.4896
3.17785 26.2116
3.18359 27.595
3.18932 25.95
3.19506 24.9933
3.20079 25.3569
3.20653 27.3029
3.21227 28.3515
3.218 25.7083
3.22374 27.684
3.22948 26.5217
3.23521 28.023
3.24095 29.7621
3.24668 29.619
3.25242 29.34
3.25816 27.4366
3.26389 28.8
3.26963 28.2774
3.27536 29.8746
3.2811 29.3676
3.28684 29.8656
3.29257 30.4295
3.29831 30.6357
3.30405 31.4679
3.30978 33.7541
3.31552 33.1941
3.32125 34.9525
3.32699 35.2326
3.33273 34.8974
3.33846 35.0793
3.3442 35.5925
3.34994 35.7778
3.35567 36.0233
3.36141 36.2934
3.36714 37.9167
3.37288 45.9739
3.37862 58.2901
3.38435 54.3323
3.39009 76.2795
3.39582 95.4739
3.40156 37.7579
3.4073 42.5746
3.41303 37.1155
3.41877 37.8647
3.42451 35.548
3.43024 36.8248
3.43598 36.6832
3.44171 34.5737
3.44745 35.2662
3.45319 35.4953
3.45892 35.6129
3.46466 34.9551
3.4704 35.8239
3.47613 35.3344
3.48187 36.7861
3.4876 36.8952
3.49334 36.0381
3.49908 38.4682
3.50481 38.6866
3.51055 38.7219
3.51628 38.5484
3.52202 41.1723
3.52776 45.2981
3.53349 42.8459
3.53923 48.8364
3.54497 53.9028
3.5507 58.603
3.55644 56.5402
3.56217 50.4179
3.56791 46.5157
3.57365 43.0342
3.57938 44.5556
3.58512 43.4062
3.59086 46.1592
3.59659 46.7469
3.60233 42.5015
3.60806 44.3818
3.6138 45.3968
3.61954 46.1433
3.62527 47.7922
3.63101 47.704
3.63674 53.0423
3.64248 58.3179
3.64822 59.4489
3.65395 61.8234
3.65969 62.5971
3.66543 59.982
3.67116 58.6897
3.6769 60.631
3.68263 64.1652
3.68837 61.4762
3.69411 60.7889
3.69984 56.1161
3.70558 57.3455
3.71132 57.6506
3.71705 59.8174
3.72279 58.8601
3.72852 59.5761
3.73426 60.1821
3.74 61.5815
3.74573 61.6329
3.75147 63.3642
3.7572 64.3701
3.76294 66.1681
3.76868 64.7761
3.77441 68.821
3.78015 70.5655
3.78589 70.797
3.79162 73.5335
3.79736 77.0817
3.80309 80.3393
3.80883 81.5851
3.81457 89.0437
3.8203 91.4783
3.82604 98.2317
3.83178 110.729
3.83751 128.037
3.84325 177.07
3.84898 285.399
3.85472 329.458
3.86046 327.394
3.86619 312.671
3.87193 375.719
3.87766 473.321
3.8834 617.264
3.88914 782.953
3.89487 915.262
3.90061 859.8
3.90635 705.194
3.91208 553.945
3.91782 404.286
3.92355 308.119
3.92929 245.866
3.93503 198.813
3.94076 164.372
3.9465 141.483
3.95224 125.856
3.95797 114.477
3.96371 103.339
3.96944 99.6562
3.97518 96.3242
3.98092 90.038
3.98665 88.8184
3.99239 84.6775
3.99812 82.3005
4.00386 81.4943
4.0096 78.7057
4.01533 77.8395
4.02107 76.5964
4.02681 75.9065
4.03254 76.6257
4.03828 76
4.04401 74.854
4.04975 76.0483
4.05549 72.6702
4.06122 72.3324
4.06696 71.1042
4.0727 70.2857
4.07843 68.7775
4.08417 68.7236
4.0899 67.8793
4.09564 67.2846
4.10138 65.2185
4.10711 67.6909
4.11285 67.5612
4.11858 67.4
4.12432 66.1342
4.13006 66.7962
4.13579 66.8493
4.14153 67.5442
4.14727 67.7964
4.153 66.6982
4.15874 65.6714
4.16447 68.4694
4.17021 65.7636
4.17595 66.7789
4.18168 65.5493
4.18742 67.8631
4.19316 67.7778
4.19889 69.6839
4.20463 70.7241
4.21036 71.3538
4.2161 70.4456
4.22184 67.6718
4.22757 67.776
4.23331 68.8267
4.23904 66.3743
4.24478 68.3557
4.25052 68.5343
4.25625 70
4.26199 69.9549
4.26773 71.1893
4.27346 70.9974
4.2792 71.1628
4.28493 71.5646
4.29067 72.0985
4.29641 73.0329
4.30214 74.4741
4.30788 76.5916
4.31362 76.1816
4.31935 76.9661
4.32509 77.9125
4.33082 79.7742
4.33656 82.3973
4.3423 85.1377
4.34803 87.3885
4.35377 89.5833
4.3595 89.527
4.36524 93.1941
4.37098 95.9975
4.37671 100.603
4.38245 102.3
4.38819 107.611
4.39392 116.472
4.39966 119.572
4.40539 127.412
4.41113 139.066
4.41687 153.651
4.4226 177.553
4.42834 224.01
4.43408 367.941
4.43981 835.803
4.44555 1802.02
4.45128 7506.62
4.45702 10471.4
4.46276 4377.29
4.46849 1383.27
4.47423 710.051
4.47996 402.845
4.4857 336.406
4.49144 322.758
4.49717 300.417
4.50291 300.958
4.50865 285.036
4.51438 262.856
4.52012 232.841
4.52585 205.893
4.53159 179.9
4.53733 156.485
4.54306 138.163
4.5488 125.822
4.55454 114.848
4.56027 105.462
4.56601 95.385
4.57174 90.0228
4.57748 84.7279
4.58322 80.6897
4.58895 77.8908
4.59469 73.7689
4.60042 72.4599
4.60616 70.6098
4.6119 69.5026
4.61763 67.6844
4.62337 64.2448
4.62911 66.4777
4.63484 64.6141
4.64058 61.8788
4.64631 61.2339
4.65205 60.5087
4.65779 57.6177
4.66352 57.5799
4.66926 56.087
4.675 55.3326
4.68073 57.6452
4.68647 56.3189
4.6922 54.6223
4.69794 53.4253
4.70368 54.1785
4.70941 55.5264
4.71515 55.1974
4.72088 54.5731
4.72662 54.286
4.73236 54.1268
4.73809 54.984
4.74383 55.4263
4.74957 55.0635
4.7553 52.7078
4.76104 52.3567
4.76677 50.7734
4.77251 49.4381
4.77825 49.0093
4.78398 47.6378
4.78972 47.4569
4.79546 47.4956
4.80119 45.3528
4.80693 46.5276
4.81266 45.931
4.8184 47.0253
4.82414 45.7455
4.82987 45.61
4.83561 47.328
4.84134 47.7739
4.84708 50.2931
4.85282 52.8077
4.85855 48.6498
4.86429 45.1503
4.87003 44.8591
4.87576 44.8089
4.8815 43.6631
4.88723 42.542
4.89297 43.5661
4.89871 42.9978
4.90444 43.7422
4.91018 40.8284
4.91592 43.3119
4.92165 42.7641
4.92739 41.2785
4.93312 43.6696
4.93886 43.5252
4.9446 42.5972
4.95033 41.8166
4.95607 43.6
4.9618 43.1071
4.96754 41.5757
4.97328 44.7618
4.97901 52.6966
4.98475 46.4953
4.99049 43.7707
4.99622 42.6921
5.00196 41.8889
5.00769 41.6208
5.01343 41.521
5.01917 41.6556
5.0249 41.0661
5.03064 41.1339
5.03638 41.2836
5.04211 41.113
5.04785 40.5054
5.05358 41.2628
5.05932 40.6652
5.06506 41.0044
5.07079 41.4013
5.07653 39.6688
5.08226 41.3399
5.088 40.2989
5.09374 39.3776
5.09947 38.6891
5.10521 39.7632
5.11095 40.9936
5.11668 40.5929
5.12242 41.9518
5.12815 39.9448
5.13389 38.4283
5.13963 39.3664
5.14536 39.9871
5.1511 40.0748
5.15684 40.6824
5.16257 39.7957
5.16831 40.1104
5.17404 40.1697
5.17978 40.4843
5.18552 38.8747
5.19125 40.677
5.19699 40.9871
5.20272 40.4661
5.20846 39.2659
5.2142 40.7016
5.21993 41.5748
5.22567 39.7709
5.23141 40.438
5.23714 40.5372
5.24288 39.2964
5.24861 40.6038
5.25435 40.495
5.26009 39.971
5.26582 40.7122
5.27156 40.9898
5.2773 40.8104
5.28303 40.2941
5.28877 40.6497
5.2945 40.6122
5.30024 41.9522
5.30598 41.0541
5.31171 42.2866
5.31745 41.5456
5.32318 42.0738
5.32892 40.9206
5.33466 40.8753
5.34039 43.9979
5.34613 42.7547
5.35187 54.1813
5.3576 43.5226
5.36334 42.4651
5.36907 40.5899
5.37481 41.4834
5.38055 41.262
5.38628 41.9861
5.39202 44.5613
5.39776 46.0161
5.40349 45.7182
5.40923 43.1752
5.41496 41.9006
5.4207 41.0873
5.42644 40.8599
5.43217 40.2373
5.43791 41.5689
5.44364 41.8649
5.44938 42.7378
5.45512 42.8976
5.46085 44.8675
5.46659 41.1015
5.47233 41.8064
5.47806 41.5465
5.4838 41.7455
5.48953 41.002
5.49527 41.1729
5.50101 42.4277
5.50674 41.7552
5.51248 41.666
5.51822 42.988
5.52395 41.5848
5.52969 41.9743
5.53542 41.189
5.54116 42.3558
5.5469 42.3196
5.55263 42.4039
5.55837 41.9167
5.5641 43.0551
5.56984 41.6151
5.57558 43.6602
5.58131 43.0871
5.58705 44.605
5.59279 43.6098
5.59852 41.6817
5.60426 42.3413
5.60999 42
5.61573 42.851
5.62147 42.66
5.6272 42.3358
5.63294 45.2154
5.63868 44.0575
5.64441 43.5262
5.65015 45.7151
5.65588 41.8563
5.66162 46.4168
5.66736 44.6602
5.67309 45.0532
5.67883 44.2675
5.68456 44.3679
5.6903 44.1534
5.69604 43.9051
5.70177 45.5827
5.70751 45.7891
5.71325 48.1985
5.71898 47.6089
5.72472 47.1549
5.73045 46.2537
5.73619 45.3992
5.74193 47.3111
5.74766 47.5602
5.7534 47.5862
5.75914 47.6193
5.76487 46.8577
5.77061 50.619
5.77634 48.3385
5.78208 52.8923
5.78782 49.046
5.79355 50.546
5.79929 50.7078
5.80502 50.0582
5.81076 51.5126
5.8165 50.1962
5.82223 50.2328
5.82797 49.5294
5.83371 50.2148
5.83944 51.0208
5.84518 51.7674
5.85091 51.4673
5.85665 50.3288
5.86239 50.7463
5.86812 52.0197
5.87386 52.3464
5.8796 52.2481
5.88533 53.5554
5.89107 53.7094
5.8968 53.4807
5.90254 54.5702
5.90828 54.9056
5.91401 54.0168
5.91975 54.0687
5.92548 55.3071
5.93122 56.3956
5.93696 59.4067
5.94269 79.8545
5.94843 73.9257
5.95417 114.98
5.9599 72.1977
5.96564 67.3886
5.97137 60.4895
5.97711 60.6381
5.98285 61.1323
5.98858 60.6843
5.99432 61.6612
6.00006 62.6216
6.00579 62.0903
6.01153 64.0704
6.01726 66.9165
6.023 66.5243
6.02874 64.8438
6.03447 65.3483
6.04021 65.7627
6.04594 66.1113
6.05168 66.6738
6.05742 69.4899
6.06315 67.9497
6.06889 67.726
6.07463 69.295
6.08036 71.2814
6.0861 71.9184
6.09183 71.7982
6.09757 73.6605
6.10331 75.0036
6.10904 74.9811
6.11478 75.6022
6.12052 76.5301
6.12625 79.1134
6.13199 78.7388
6.13772 82.0416
6.14346 82.2722
6.1492 85.3166
6.15493 87.0641
6.16067 87.2912
6.1664 89.6042
6.17214 91.0164
6.17788 94.3613
6.18361 95.9845
6.18935 99.8682
6.19509 103.735
6.20082 105.377
6.20656 112.25
6.21229 115.301
6.21803 124.372
6.22377 126.4
6.2295 131.998
6.23524 141.709
6.24098 144.295
6.24671 146.673
6.25245 164.062
6.25818 171.87
6.26392 190.977
6.26966 223.174
6.27539 297.98
6.28113 403.97
6.28686 895.186
6.2926 2638.53
6.29834 6080.79
6.30407 6321.01
6.30981 10225.5
6.31555 3074.75
6.32128 1640.87
6.32702 616.816
6.33275 389.39
6.33849 336.227
6.34423 271.87
6.34996 265.928
6.3557 266.623
6.36144 262.97
6.36717 273.898
6.37291 286.816
6.37864 283.017
6.38438 268.779
6.39012 249.039
6.39585 229.604
6.40159 202.328
6.40732 182.942
6.41306 164.444
6.4188 152.555
6.42453 140.348
6.43027 134.169
6.43601 128.741
6.44174 121.557
6.44748 118.084
6.45321 114.519
6.45895 112.773
6.46469 109.145
6.47042 107.186
6.47616 105.081
6.4819 98.6141
6.48763 97.2368
6.49337 97.1478
6.4991 94.6329
6.50484 94.2492
6.51058 92.6024
6.51631 92.2003
6.52205 88.0674
6.52778 88.2117
6.53352 86.9348
6.53926 85.904
6.54499 85.6384
6.55073 85
6.55647 84.2643
6.5622 84.5953
6.56794 83.4151
6.57367 84.9433
6.57941 83.5168
6.58515 80.6871
6.59088 82.2136
6.59662 82.2014
6.60236 80.5456
6.60809 80.4968
6.61383 79.032
6.61956 79.1273
6.6253 77.8858
6.63104 78.5521
6.63677 78.1853
6.64251 76.7289
6.64824 78.401
6.65398 77.3909
6.65972 76.8038
6.66545 75.5875
6.67119 76.945
6.67693 78.1265
6.68266 76.9029
6.6884 77.7972
6.69413 78.0621
6.69987 76.6512
6.70561 76.9373
6.71134 76.3039
6.71708 77.0016
6.72282 75.6083
6.72855 75.1581
6.73429 75.8353
6.74002 76.7596
6.74576 75.8832
6.7515 74.5189
6.75723 75.1095
6.76297 74.2111
6.7687 74.8449
6.77444 74.8236
6.78018 74.1761
6.78591 73.7412
6.79165 75.3197
6.79739 75.1223
6.80312 76.236
6.80886 74.5605
6.81459 76.3183
6.82033 74.5348
6.82607 75.0708
6.8318 74.9332
6.83754 73.2612
6.84328 72.86
6.84901 72.9906
6.85475 73.2075
6.86048 74.3078
6.86622 72.6548
6.87196 72.2
6.87769 73.092
6.88343 73.6382
6.88916 72.9985
6.8949 73.9805
6.90064 72.5361
6.90637 73.3133
6.91211 74.0301
6.91785 73.8784
6.92358 74.4655
6.92932 74.3627
6.93505 74.3941
6.94079 73.736
6.94653 73.0122
6.95226 73.4331
6.958 73.8205
6.96374 73.0821
6.96947 73.3281
6.97521 73.3328
6.98094 72.9748
6.98668 74.1426
6.99242 74.5505
6.99815 73.521
7.00389 73.1516
7.00962 73.1383
7.01536 74.8466
7.0211 73.723
7.02683 74.5753
7.03257 73.6845
7.03831 74.1664
7.04404 75.645
7.04978 75.4679
7.05551 75.2466
7.06125 75.1373
7.06699 75.4064
7.07272 77.2225
7.07846 75.4354
7.0842 76.9051
7.08993 75.3374
7.09567 76.566
7.1014 75.87
7.10714 76.8899
7.11288 77.3104
7.11861 78.3103
7.12435 78.3874
7.13008 78.6771
7.13582 79.0714
7.14156 79.2699
7.14729 78.7523
7.15303 77.7322
7.15877 78.484
7.1645 79.2158
7.17024 78.8894
7.17597 79.3692
7.18171 79.1481
7.18745 79.6794
7.19318 78.7615
7.19892 79.9493
7.20466 79.8545
7.21039 80.7393
7.21613 79.9924
7.22186 80.579
7.2276 81.6983
7.23334 82.4805
7.23907 82.2594
7.24481 82.0707
7.25054 83.7172
7.25628 83.0196
7.26202 82.9284
7.26775 83.4844
7.27349 84.2891
7.27923 83.9892
7.28496 84.7645
7.2907 86.7639
7.29643 85.8036
7.30217 86.816
7.30791 87.8318
7.31364 89.8746
7.31938 88.9158
7.32512 90.6445
7.33085 89.5696
7.33659 91.2254
7.34232 90.3338
7.34806 94.2522
7.3538 96.0255
7.35953 95.8719
7.36527 97.8183
7.371 105.879
7.37674 130.965
7.38248 121.278
7.38821 283.115
7.39395 302.1
7.39969 366.21
7.40542 558.657
7.41116 357.823
7.41689 199.548
7.42263 150.864
7.42837 137.914
7.4341 134.303
7.43984 137.386
7.44558 141.632
7.45131 150.546
7.45705 163.45
7.46278 178.527
7.46852 198.865
7.47426 215.054
7.47999 223.47
7.48573 219.08
7.49146 205.99
7.4972 187.382
7.50294 170.165
7.50867 156.063
7.51441 140.047
7.52015 129.042
7.52588 119.806
7.53162 112.38
7.53735 105.518
7.54309 100.856
7.54883 98.4345
7.55456 94.4084
7.5603 92.5906
7.56604 87.5744
7.57177 85.67
7.57751 85.1292
7.58324 83.5142
7.58898 82.9312
7.59472 81.0375
7.60045 81.3957
7.60619 79.4515
7.61192 77.9732
7.61766 75.9162
7.6234 76.0913
7.62913 75.3831
7.63487 75.6535
7.64061 75.2816
7.64634 75.2837
7.65208 75.8406
7.65781 75.7389
7.66355 74.4422
7.66929 73.8547
7.67502 73.6295
7.68076 74.6786
7.6865 74.3663
7.69223 74.864
7.69797 76
7.7037 76.1287
7.70944 79.647
7.71518 90.6755
7.72091 104.016
7.72665 198.922
7.73238 350.476
7.73812 121.727
7.74386 136.85
7.74959 103.304
7.75533 86.3775
7.76107 83.4728
7.7668 84.5618
7.77254 86.2086
7.77827 89.9111
7.78401 93.8512
7.78975 99.052
7.79548 105.841
7.80122 112.814
7.80696 115.326
7.81269 117.657
7.81843 114.138
7.82416 107.527
7.8299 100.257
7.83564 94.8674
7.84137 87.7007
7.84711 83.7894
7.85284 80.2601
7.85858 75.6872
7.86432 73.744
7.87005 73.0231
7.87579 70.0294
7.88153 69.9085
7.88726 68.0509
7.893 67.1799
7.89873 66.6997
7.90447 65.9516
7.91021 69.7744
7.91594 69.7967
7.92168 74.5175
7.92742 67.993
7.93315 62.9563
7.93889 62.2723
7.94462 62.1169
7.95036 61.2936
7.9561 62.5882
7.96183 61.1877
7.96757 62.8624
7.9733 62.9099
7.97904 61.5654
7.98478 62.8479
7.99051 60.6323
7.99625 60.9908
8.00199 60.1186
8.00772 59.7106
8.01346 58.7652
8.01919 59.5013
8.02493 59.0702
8.03067 58.537
8.0364 58.2743
8.04214 58.9032
8.04788 58.2871
8.05361 58.2352
8.05935 57.9577
8.06508 56.8646
8.07082 58.1381
8.07656 56.6526
8.08229 56.4507
8.08803 57.7689
8.09376 57.3522
8.0995 55.9178
8.10524 57.0136
8.11097 55.4557
8.11671 53.9294
8.12245 53.1872
8.12818 53.303
8.13392 52.1321
8.13965 50.9121
8.14539 50.4659
8.15113 51.637
8.15686 47.022
8.1626 49.9272
8.16834 49.969
8.17407 49.5279
8.17981 49.0492
8.18554 49.5455
8.19128 50.7504
8.19702 48.634
8.20275 49.5371
8.20849 48.8859
8.21422 49.5977
8.21996 51.4209
8.2257 50.3409
8.23143 48.7103
8.23717 48.5915
8.24291 50.0827
8.24864 49.6717
8.25438 51.2621
8.26011 51.2768
8.26585 49.8201
8.27159 49.4859
8.27732 50.9539
8.28306 48.894
8.2888 49.3143
8.29453 50.3599
8.30027 50.2254
8.306 49.8463
8.31174 50.8568
8.31748 48.7243
8.32321 48.5914
8.32895 51.0145
8.33468 50.1263
8.34042 48.1173
8.34616 49.5271
8.35189 49.8394
8.35763 50.4627
8.36337 49.0044
8.3691 49.3527
8.37484 48.5942
8.38057 47.0452
8.38631 48.323
8.39205 46.931
8.39778 48.8088
8.40352 47.8767
8.40926 48.8186
8.41499 48.3683
8.42073 49.4357
8.42646 47.949
8.4322 50.3252
8.43794 50.2078
8.44367 50.2868
8.44941 49.715
8.45514 47.7
8.46088 48.0844
8.46662 48.4186
8.47235 46.9786
8.47809 48.609
8.48383 46.5042
8.48956 47.6747
8.4953 47.5873
8.50103 49.6925
8.50677 46.712
8.51251 48.4956
8.51824 48.8519
8.52398 48
8.52972 49.6979
8.53545 49.5246
8.54119 48.033
8.54692 46.4727
8.55266 50.2974
8.5584 49.3344
8.56413 49.4337
8.56987 46.4195
8.5756 49.1262
8.58134 47.7585
8.58708 47.3569
8.59281 47.3899
8.59855 49.639
8.60429 45.9147
8.61002 47.5355
8.61576 45.629
8.62149 46.9421
8.62723 48.0986
8.63297 46.4212
8.6387 45.8227
8.64444 47.0221
8.65018 46.4158
8.65591 46.7273
8.66165 50.8755
8.66738 47.4164
8.67312 47.262
8.67886 46.2614
8.68459 47.2509
8.69033 46.4861
8.69606 48.8036
8.7018 45.6367
8.70754 45.544
8.71327 45.8123
8.71901 45.6996
8.72475 46.7713
8.73048 46.1936
8.73622 46.0129
8.74195 47.6573
8.74769 46.8517
8.75343 48.0983
8.75916 46.8051
8.7649 46.9312
8.77064 47.8602
8.77637 47.8795
8.78211 48.5459
8.78784 47.393
8.79358 45.5172
8.79932 46.5702
8.80505 47.1362
8.81079 45.9803
8.81652 46.5829
8.82226 46.8135
8.828 46.4954
8.83373 49.0439
8.83947 47.3369
8.84521 46.0341
8.85094 49.1862
8.85668 45.4256
8.86241 46.959
8.86815 47.3678
8.87389 48.6615
8.87962 48.5491
8.88536 47.0442
8.8911 49.7914
8.89683 45.4383
8.90257 48.541
8.9083 47
8.91404 47.025
8.91978 51.44
8.92551 63.0701
8.93125 73.6341
8.93698 150.914
8.94272 115.819
8.94846 78.7212
8.95419 59.4966
8.95993 50.473
8.96567 50.9441
8.9714 51.9291
8.97714 53.5506
8.98287 51.979
8.98861 49.5852
8.99435 52.4966
9.00008 50.2906
9.00582 49.2829
9.01156 55.4809
9.01729 54.9431
9.02303 53.6214
9.02876 59.0598
9.0345 51.4715
9.04024 53.0698
9.04597 54.4327
9.05171 54.3386
9.05744 52.3719
9.06318 56.1942
9.06892 49.0252
9.07465 53.0521
9.08039 50.0769
9.08613 49.5981
9.09186 54.4271
9.0976 60.9231
9.10333 53.9583
9.10907 54.7041
9.11481 47.2604
9.12054 49.7955
9.12628 48.7245
9.13202 47.7073
9.13775 51.0652
9.14349 46.1905
9.14922 48.2561
9.15496 42.3537
9.1607 49.7297
9.16643 43.55
9.17217 48.0959
9.1779 48.9474
9.18364 43.7571
9.18938 47.0735
9.19511 45.1324
9.20085 45.619
9.20659 41.9692
9.21232 47.7333
9.21806 42.2787
9.22379 40.4727
9.22953 43.4
9.23527 44.3396
9.241 41.8214
9.24674 39.2245
9.25248 41.5532
9.25821 41.2444
9.26395 40.75
9.26968 36.4884
9.27542 42.2821
9.28116 38.7
9.28689 42.6571
9.29263 38.0303
9.29836 42.7879
9.3041 37.8485
9.30984 37.6786
9.31557 38.6296
9.32131 35.3333
9.32705 27.15
9.33278 34.5652
9.33852 26.4211
9.34425 37.2778
9.34999 27.7059
9.35573 28.9286
9.36146 22.6364
9.3672 20.9091
9.37294 22
9.37867 24.7778
9.38441 13
9.39014 4.75
9.39588 0
9.40162 0
9.40735 0
9.41309 0
9.41882 0
9.42456 0
9.4303 0
9.43603 0
9.44177 0
9.44751 0
9.45324 0
9.45898 0
9.46471 0
9.47045 0
9.47619 0
9.48192 0
9.48766 0
9.4934 0
9.49913 0
9.50487 0
9.5106 0
9.51634 0
9.52208 0
9.52781 0
9.53355 0
9.53928 0
9.54502 0
9.55076 0
9.55649 0
9.56223 0
9.56797 0
9.5737 0
9.57944 0
9.58517 0
9.59091 0
9.59665 0
9.60238 0
9.60812 0
9.61386 0
9.61959 0
9.62533 0
9.63106 0
9.6368 0
9.64254 0
9.64827 0
9.65401 0
9.65974 0
9.66548 0
9.67122 0
9.67695 0
9.68269 0
9.68843 0
9.69416 0
9.6999 0
9.70563 0
9.71137 0
9.71711 0
9.72284 0
9.72858 0
9.73432 0
9.74005 0
9.74579 0
9.75152 0
9.75726 0
9.763 0
9.76873 0
9.77447 0
9.7802 0
9.78594 0
9.79168 0
9.79741 0
9.80315 0
9.80889 0
9.81462 0
9.82036 0
9.82609 0
9.83183 0
9.83757 0
9.8433 0
9.84904 0
9.85478 0
9.86051 0
9.86625 0
9.87198 0
9.87772 0
9.88346 0
9.88919 0
9.89493 0
9.90066 0
9.9064 0
9.91214 0
9.91787 0
9.92361 0
9.92935 0
9.93508 0
9.94082 0
9.94655 0
9.95229 0
9.95803 0
9.96376 0
9.9695 0
9.97524 0
9.98097 0
9.98671 0
9.99244 0
9.99818 0
10.0039 0
10.0097 0
10.0154 0
10.0211 0
10.0269 0
10.0326 0
10.0383 0
10.0441 0
10.0498 0
10.0555 0
10.0613 0
10.067 0
10.0728 0
10.0785 0
10.0842 0
10.09 0
10.0957 0
10.1014 0
10.1072 0
10.1129 0
10.1186 0
10.1244 0
10.1301 0
10.1358 0
10.1416 0
10.1473 0
10.1531 0
10.1588 0
10.1645 0
10.1703 0
10.176 0
10.1817 0
10.1875 0
10.1932 0
10.1989 0
10.2047 0
10.2104 0
10.2162 0
10.2219 0
10.2276 0
10.2334 0
10.2391 0
10.2448 0
10.2506 0
10.2563 0
10.262 0
10.2678 0
10.2735 0
10.2793 0
10.285 0
10.2907 0
10.2965 0
10.3022 0
10.3079 0
10.3137 0
10.3194 0
10.3251 0
10.3309 0
10.3366 0
10.3424 0
10.3481 0
10.3538 0
10.3596 0
10.3653 0
10.371 0
10.3768 0
10.3825 0
10.3882 0
10.394 0
10.3997 0
10.4054 0
10.4112 0
10.4169 0
10.4227 0
10.4284 0
10.4341 0
10.4399 0
10.4456 0
10.4513 0
10.4571 0
10.4628 0
10.4685 0
10.4743 0
10.48 0
10.4858 0
10.4915 0
10.4972 0
10.503 0
10.5087 0
10.5144 0
10.5202 0
10.5259 0
10.5316 0
10.5374 0
10.5431 0
10.5489 0
10.5546 0
10.5603 0
10.5661 0
10.5718 0
10.5775 0
10.5833 0
10.589 0
10.5947 0
10.6005 0
10.6062 0
10.612 0
10.6177 0
10.6234 0
10.6292 0
10.6349 0
10.6406 0
10.6464 0
10.6521 0
10.6578 0
10.6636 0
10.6693 0
10.6751 0
10.6808 0
10.6865 0
10.6923 0
10.698 0
10.7037 0
10.7095 0
10.7152 0
10.7209 0
10.7267 0
10.7324 0
10.7381 0
10.7439 0
10.7496 0
10.7554 0
10.7611 0
10.7668 0
10.7726 0
10.7783 0
10.784 0
10.7898 0
10.7955 0
10.8012 0
10.807 0
10.8127 0
10.8185 0
10.8242 0
10.8299 0
10.8357 0
10.8414 0
10.8471 0
10.8529 0
10.8586 0
10.8643 0
10.8701 0
10.8758 0
10.8816 0
10.8873 0
10.893 0
10.8988 0
10.9045 0
10.9102 0
10.916 0
10.9217 0
10.9274 0
10.9332 0
10.9389 0
10.9447 0
10.9504 0
10.9561 0
10.9619 0
10.9676 0
10.9733 0
10.9791 0
10.9848 0
10.9905 0
10.9963 0
11.002 0
11.0077 0
11.0135 0
11.0192 0
11.025 0
11.0307 0
11.0364 0
11.0422 0
11.0479 0
11.0536 0
11.0594 0
11.0651 0
11.0708 0
11.0766 0
11.0823 0
11.0881 0
11.0938 0
11.0995 0
11.1053 0
11.111 0
11.1167 0
11.1225 0
11.1282 0
11.1339 0
11.1397 0
11.1454 0
11.1512 0
11.1569 0
11.1626 0
11.1684 0
11.1741 0
11.1798 0
11.1856 0
11.1913 0
11.197 0
11.2028 0
11.2085 0
11.2143 0
11.22 0
11.2257 0
11.2315 0
11.2372 0
11.2429 0
11.2487 0
11.2544 0
11.2601 0
11.2659 0
11.2716 0
11.2774 0
11.2831 0
11.2888 0
11.2946 0
11.3003 0
11.306 0
11.3118 0
11.3175 0
11.3232 0
11.329 0
11.3347 0
11.3404 0
11.3462 0
11.3519 0
11.3577 0
11.3634 0
11.3691 0
11.3749 0
11.3806 0
11.3863 0
11.3921 0
11.3978 0
11.4035 0
11.4093 0
11.415 0
11.4208 0
11.4265 0
11.4322 0
11.438 0
11.4437 0
11.4494 0
11.4552 0
11.4609 0
11.4666 0
11.4724 0
11.4781 0
11.4839 0
11.4896 0
11.4953 0
11.5011 0
11.5068 0
11.5125 0
11.5183 0
11.524 0
11.5297 0
11.5355 0
11.5412 0
11.547 0
11.5527 0
11.5584 0
11.5642 0
11.5699 0
11.5756 0
11.5814 0
11.5871 0
11.5928 0
11.5986 0
11.6043 0
11.61 0
11.6158 0
11.6215 0
11.6273 0
11.633 0
11.6387 0
11.6445 0
11.6502 0
11.6559 0
11.6617 0
11.6674 0
11.6731 0
11.6789 0
11.6846 0
11.6904 0
11.6961 0
11.7018 0
11.7076 0
11.7133 0
11.719 0
11.7248 0
11.7305 0
11.7362 0
11.742 0
