0 0
0.00573619 0
0.0114724 29.029
0.0172086 5.5055
0.0229448 5.67233
0.028681 -5.67233
0.0344171 -7.5075
0.0401533 -4.8048
0.0458895 14.014
0.0516257 9.009
0.0573619 -1.5015
0.0630981 -0.286
0.0688343 0.572
0.0745705 11.5115
0.0803067 -6.006
0.0860429 1.89078
0.091779 6.5065
0.0975152 5.621
0.103251 4.22644
0.108988 9.89878
0.114724 7.007
0.12046 -1.365
0.126196 0.667333
0.131932 6.006
0.137669 4.13747
0.143405 -1.54
0.149141 1.386
0.154877 3.87888
0.160613 1.73507
0.16635 -3.2032
0.172086 11.5115
0.177822 1.15905
0.183558 -1.70759
0.189294 1.43
0.19503 1.09633
0.200767 -5.52933
0.206503 -0.235529
0.212239 5.78356
0.217975 -1.62067
0.223711 1.41318
0.229448 -0.792458
0.235184 -1.65383
0.24092 0.8645
0.246656 -1.61272
0.252392 1.2012
0.258129 4.70841
0.263865 0.286
0.269601 0.75075
0.275337 2.69234
0.281073 1.48148
0.28681 2.37737
0.292546 3.16316
0.298282 -0.586793
0.304018 3.44789
0.309754 5.47213
0.31549 0.548935
0.321227 4.74548
0.326963 -0.567233
0.332699 -2.35719
0.338435 2.548
0.344171 -2.5025
0.349908 3.5464
0.355644 4.719
0.36138 6.91013
0.367116 8.09632
0.372852 2.15367
0.378589 4.40981
0.384325 7.007
0.390061 7.64867
0.395797 2.74633
0.401533 1.5015
0.40727 7.84505
0.413006 9.60419
0.418742 10.8609
0.424478 9.86279
0.430214 10.4104
0.43595 12.427
0.441687 10.4479
0.447423 16.1438
0.453159 15.323
0.458895 20.602
0.464631 15.47
0.470368 13.8919
0.476104 16.4633
0.48184 19.8532
0.487576 17.4405
0.493312 20.4106
0.499049 20.02
0.504785 19.6512
0.510521 21.9775
0.516257 21.7659
0.521993 20.7935
0.52773 24.1184
0.533466 25.2252
0.539202 26.4014
0.544938 28.0084
0.550674 23.1385
0.55641 24.9416
0.562147 22.4342
0.567883 23.6552
0.573619 21.5326
0.579355 21.2991
0.585091 23.5147
0.590828 23.8162
0.596564 20.4579
0.6023 21.2712
0.608036 23.6852
0.613772 23.5541
0.619509 21.7976
0.625245 26.4671
0.630981 24.7156
0.636717 26.6128
0.642453 22.7771
0.64819 24.6119
0.653926 27.0655
0.659662 28.4438
0.665398 27.6057
0.671134 31.1188
0.67687 29.6425
0.682607 28.8066
0.688343 31.7332
0.694079 30.6788
0.699815 27.2736
0.705551 30.877
0.711288 27.8824
0.717024 31.2204
0.72276 31.1623
0.728496 32.1607
0.734232 27.8872
0.739969 31.9014
0.745705 32.2294
0.751441 29.6331
0.757177 32.903
0.762913 32.4951
0.76865 31.1326
0.774386 36.2126
0.780122 32.7313
0.785858 30.121
0.791594 28.1448
0.79733 29.3708
0.803067 29.7689
0.808803 29.1148
0.814539 27.9044
0.820275 26.0542
0.826011 34.671
0.831748 29.6546
0.837484 26.344
0.84322 30.6735
0.848956 29.7519
0.854692 28.5344
0.860429 30.858
0.866165 33.6363
0.871901 30.7182
0.877637 32.8883
0.883373 29.653
0.88911 31.1208
0.894846 29.3823
0.900582 29.4029
0.906318 31.4639
0.912054 30.1746
0.91779 30.2946
0.923527 29.562
0.929263 31.6479
0.934999 32.01
0.940735 30.6603
0.946471 30.316
0.952208 31.1723
0.957944 29.438
0.96368 27.0912
0.969416 27.4274
0.975152 26.9491
0.980889 30.6542
0.986625 28.9941
0.992361 31.5684
0.998097 30.0827
1.00383 27.2397
1.00957 30.6164
1.01531 31.8566
1.02104 30.9118
1.02678 29.2688
1.03251 32.868
1.03825 28.7287
1.04399 32.7187
1.04972 27.81
1.05546 31.6851
1.0612 31.3118
1.06693 31.2462
1.07267 32.846
1.0784 32.1389
1.08414 29.3048
1.08988 33.5936
1.09561 33.9959
1.10135 31.7061
1.10708 33.2605
1.11282 31.5895
1.11856 31.5826
1.12429 29.5819
1.13003 36.7891
1.13577 31.7365
1.1415 29.7454
1.14724 26.0168
1.15297 28.058
1.15871 27.3673
1.16445 29.4816
1.17018 30.173
1.17592 28.0374
1.18166 30.1238
1.18739 30.8628
1.19313 29.4698
1.19886 29.4469
1.2046 26.6788
1.21034 31.0404
1.21607 27.4911
1.22181 29.2656
1.22754 29.6621
1.23328 28.4116
1.23902 30.4501
1.24475 29.2225
1.25049 28.6892
1.25623 28.0002
1.26196 28.4814
1.2677 28.254
1.27343 25.521
1.27917 25.1438
1.28491 29.1393
1.29064 31.1284
1.29638 30.3752
1.30212 27.9424
1.30785 28.3392
1.31359 28.8478
1.31932 27.9492
1.32506 24.8652
1.3308 28.0194
1.33653 27.5513
1.34227 30.888
1.348 25.5531
1.35374 28.4975
1.35948 31.3513
1.36521 27.1263
1.37095 27.5912
1.37669 27.9848
1.38242 27.4783
1.38816 30.0835
1.39389 28.783
1.39963 27.7778
1.40537 28.1522
1.4111 25.7043
1.41684 28.392
1.42258 26.9306
1.42831 27.5399
1.43405 25.9182
1.43978 30.0745
1.44552 27.6726
1.45126 30.8698
1.45699 31.2227
1.46273 29.7646
1.46846 29.2514
1.4742 26.047
1.47994 25.2268
1.48567 27.3055
1.49141 27.2349
1.49715 26.4224
1.50288 29.5039
1.50862 30.5466
1.51435 26.8282
1.52009 27.4814
1.52583 29.0978
1.53156 23.8979
1.5373 26.0669
1.54304 26.4733
1.54877 26.8062
1.55451 27.2957
1.56024 27.3339
1.56598 29.0791
1.57172 27.4672
1.57745 27.0405
1.58319 25.8769
1.58892 27.9293
1.59466 27.8545
1.6004 27.895
1.60613 26.8312
1.61187 27.4368
1.61761 26.383
1.62334 25.7475
1.62908 28.7642
1.63481 26.1718
1.64055 26.0927
1.64629 25.8477
1.65202 26.6226
1.65776 26.1718
1.6635 27.9403
1.66923 25.9442
1.67497 27.856
1.6807 27.743
1.68644 26.0387
1.69218 27.6573
1.69791 24.6913
1.70365 27.514
1.70938 26.9692
1.71512 25.8602
1.72086 27.0049
1.72659 25.4358
1.73233 28.1313
1.73807 28.7804
1.7438 24.0964
1.74954 26.5171
1.75527 29.3708
1.76101 27.763
1.76675 27.5413
1.77248 27.851
1.77822 28.348
1.78396 30.3339
1.78969 28.0089
1.79543 28.5603
1.80116 26.7082
1.8069 28.2329
1.81264 28.8252
1.81837 28.7754
1.82411 28.2671
1.82984 28.3575
1.83558 26.2383
1.84132 27.6094
1.84705 28.2827
1.85279 28.268
1.85853 28.0468
1.86426 29.6624
1.87 29.966
1.87573 28.1969
1.88147 27.1401
1.88721 27.7137
1.89294 28.8959
1.89868 29.0997
1.90442 30.8527
1.91015 33.8267
1.91589 56.2169
1.92162 70.9693
1.92736 37.8174
1.9331 34.3736
1.93883 34.7324
1.94457 38.0168
1.9503 36.1597
1.95604 38.9692
1.96178 32.4689
1.96751 38.1192
1.97325 35.207
1.97899 32.7921
1.98472 28.8799
1.99046 31.7288
1.99619 29.557
2.00193 28.4389
2.00767 31.4269
2.0134 28.738
2.01914 29.817
2.02488 29.5374
2.03061 27.6887
2.03635 30.4719
2.04208 27.8116
2.04782 31.5049
2.05356 29.5941
2.05929 31.6504
2.06503 30.3804
2.07076 29.7342
2.0765 31.0881
2.08224 30.1577
2.08797 30.2152
2.09371 30.0856
2.09945 31.2258
2.10518 31.4787
2.11092 32.6851
2.11665 29.9684
2.12239 28.6373
2.12813 28.4604
2.13386 31.0559
2.1396 29.9948
2.14534 28.1255
2.15107 32.7975
2.15681 30.3871
2.16254 31.0657
2.16828 31.3629
2.17402 31.828
2.17975 32.5876
2.18549 29.3362
2.19122 32.0766
2.19696 30.3372
2.2027 35.5282
2.20843 39.8544
2.21417 65.6788
2.21991 67.0717
2.22564 43.8799
2.23138 38.0712
2.23711 35.7362
2.24285 31.9646
2.24859 30.1968
2.25432 31.095
2.26006 31.099
2.2658 33.5066
2.27153 31.8504
2.27727 31.7094
2.283 31.4344
2.28874 31.7376
2.29448 33.0105
2.30021 33.5169
2.30595 32.3151
2.31168 34.6643
2.31742 31.4324
2.32316 34.0532
2.32889 36.616
2.33463 33.705
2.34037 36.7033
2.3461 36.6026
2.35184 37.268
2.35757 35.6876
2.36331 34.9835
2.36905 37.526
2.37478 38.0425
2.38052 36.9909
2.38626 35.3232
2.39199 34.5217
2.39773 41.6696
2.40346 37.2335
2.4092 40.7762
2.41494 36.6837
2.42067 35.0304
2.42641 35.4686
2.43214 33.111
2.43788 33.7584
2.44362 34.3603
2.44935 35.31
2.45509 36.9148
2.46083 34.7167
2.46656 34.423
2.4723 33.1339
2.47803 34.2901
2.48377 34.7338
2.48951 34.0126
2.49524 35.2977
2.50098 34.0832
2.50672 33.8214
2.51245 34.0297
2.51819 33.7003
2.52392 35.0224
2.52966 35.0559
2.5354 33.8625
2.54113 34.0966
2.54687 34.6797
2.5526 34.8526
2.55834 37.7539
2.56408 35.3459
2.56981 34.3401
2.57555 37.2091
2.58129 36.361
2.58702 36.4339
2.59276 36.0772
2.59849 35.4761
2.60423 36.0402
2.60997 36.7255
2.6157 36.2885
2.62144 37.5336
2.62718 34.9967
2.63291 37.393
2.63865 36.8652
2.64438 38.211
2.65012 35.4314
2.65586 36.7242
2.66159 38.4534
2.66733 36.7047
2.67306 37.7952
2.6788 37.9989
2.68454 37.7141
2.69027 38.3757
2.69601 38.3122
2.70175 39.9188
2.70748 39.731
2.71322 37.9915
2.71895 38.4292
2.72469 41.1563
2.73043 38.8065
2.73616 38.2716
2.7419 40.1374
2.74764 39.4426
2.75337 37.7433
2.75911 39.9144
2.76484 37.2952
2.77058 37.4737
2.77632 39.5453
2.78205 37.8195
2.78779 39.7965
2.79352 41.0451
2.79926 38.5423
2.805 38.5043
2.81073 36.3669
2.81647 37.975
2.82221 39.4691
2.82794 39.4044
2.83368 39.7689
2.83941 41.7168
2.84515 41.9819
2.85089 40.137
2.85662 39.4701
2.86236 40.1966
2.8681 40.8823
2.87383 41.8682
2.87957 41.4479
2.8853 40.9847
2.89104 39.6936
2.89678 40.6784
2.90251 41.6968
2.90825 41.175
2.91398 41.9726
2.91972 42.3781
2.92546 41.4855
2.93119 41.0523
2.93693 43.0575
2.94267 43.2187
2.9484 42.4575
2.95414 43.413
2.95987 45.1206
2.96561 42.785
2.97135 45.1056
2.97708 48.0125
2.98282 51.4219
2.98856 73.7594
2.99429 87.8449
3.00003 55.5276
3.00576 51.5077
3.0115 47.3672
3.01724 46.8149
3.02297 45.7518
3.02871 45.3043
3.03444 46.3617
3.04018 47.7924
3.04592 47.4481
3.05165 47.8112
3.05739 46.3926
3.06313 48.3129
3.06886 46.9861
3.0746 48.2868
3.08033 49.0091
3.08607 49.1519
3.09181 48.378
3.09754 49.7071
3.10328 50.4113
3.10902 56.0731
3.11475 56.7618
3.12049 56.408
3.12622 54.6133
3.13196 61.5277
3.1377 62.6993
3.14343 70.785
3.14917 65.5049
3.1549 55.3035
3.16064 55.2206
3.16638 53.7864
3.17211 55.9239
3.17785 54.136
3.18359 53.8244
3.18932 54.5845
3.19506 54.1854
3.20079 54.374
3.20653 55.2995
3.21227 54.6724
3.218 53.3832
3.22374 55.6076
3.22948 57.6998
3.23521 56.3186
3.24095 56.0411
3.24668 57.1587
3.25242 57.8611
3.25816 58.1778
3.26389 57.8417
3.26963 59.0761
3.27536 57.8334
3.2811 58.1942
3.28684 62.4874
3.29257 62.3278
3.29831 62.6841
3.30405 64.6575
3.30978 67.2377
3.31552 65.4437
3.32125 69.4931
3.32699 69.784
3.33273 71.7768
3.33846 70.7086
3.3442 69.4393
3.34994 71.4985
3.35567 72.1817
3.36141 74.2287
3.36714 71.4592
3.37288 71.3938
3.37862 74.197
3.38435 70.5135
3.39009 77.4174
3.39582 72.3959
3.40156 71.0836
3.4073 72.3771
3.41303 71.3419
3.41877 74.8338
3.42451 76.609
3.43024 76.1653
3.43598 73.8659
3.44171 73.4809
3.44745 73.0957
3.45319 74.0677
3.45892 73.3507
3.46466 76.8193
3.4704 77.057
3.47613 78.4293
3.48187 78.9252
3.4876 79.6478
3.49334 79.5112
3.49908 79.605
3.50481 80.7792
3.51055 80.227
3.51628 84.9881
3.52202 86.3108
3.52776 93.5531
3.53349 92.9797
3.53923 102.164
3.54497 112.181
3.5507 120.423
3.55644 119.982
3.56217 110.513
3.56791 102.782
3.57365 95.2598
3.57938 94.776
3.58512 94.8394
3.59086 93.348
3.59659 95.7036
3.60233 94.3537
3.60806 96.6875
3.6138 98.0408
3.61954 100.692
3.62527 103.866
3.63101 106.458
3.63674 112.557
3.64248 121.679
3.64822 130.651
3.65395 138.698
3.65969 138.827
3.66543 134.642
3.67116 128.683
3.6769 129.251
3.68263 132.289
3.68837 132.583
3.69411 132.787
3.69984 128.267
3.70558 128.686
3.71132 126.349
3.71705 128.801
3.72279 133.606
3.72852 134.364
3.73426 136.587
3.74 139.305
3.74573 142.535
3.75147 144.014
3.7572 145.931
3.76294 150.742
3.76868 151.504
3.77441 158.263
3.78015 161.825
3.78589 167.974
3.79162 174.51
3.79736 180.998
3.80309 190.625
3.80883 199.193
3.81457 213.622
3.8203 226.846
3.82604 247.119
3.83178 279.947
3.83751 363.012
3.84325 577.913
3.84898 1006.84
3.85472 1409.85
3.86046 939.296
3.86619 695.589
3.87193 750.177
3.87766 867.732
3.8834 1021.21
3.88914 1226.04
3.89487 1466.58
3.90061 1567.08
3.90635 1473.85
3.91208 1278.13
3.91782 1008.65
3.92355 797.22
3.92929 647.797
3.93503 527.651
3.94076 445.711
3.9465 385.686
3.95224 340.571
3.95797 303.093
3.96371 273.618
3.96944 254.88
3.97518 244.195
3.98092 225.295
3.98665 216.552
3.99239 207.429
3.99812 198.307
4.00386 194.119
4.0096 189.535
4.01533 182.582
4.02107 180.456
4.02681 175.921
4.03254 177.683
4.03828 176.168
4.04401 170.443
4.04975 169.888
4.05549 166.31
4.06122 163.114
4.06696 161.602
4.0727 160.306
4.07843 154.997
4.08417 153.37
4.0899 153.891
4.09564 151.556
4.10138 150.442
4.10711 150.54
4.11285 148.855
4.11858 148.465
4.12432 148.306
4.13006 147.52
4.13579 148.018
4.14153 146.339
4.14727 148.685
4.153 147.909
4.15874 145.826
4.16447 147.078
4.17021 147.298
4.17595 147.748
4.18168 147.427
4.18742 148.937
4.19316 146.652
4.19889 146.894
4.20463 146.205
4.21036 148.22
4.2161 148.552
4.22184 146.79
4.22757 150.019
4.23331 147.395
4.23904 147.062
4.24478 149.62
4.25052 148.505
4.25625 150.123
4.26199 149.31
4.26773 151.986
4.27346 154.062
4.2792 154.886
4.28493 156.757
4.29067 158.8
4.29641 161.04
4.30214 159.503
4.30788 165.296
4.31362 166.327
4.31935 169.744
4.32509 173.546
4.33082 174.524
4.33656 179.619
4.3423 183.983
4.34803 188.514
4.35377 192.637
4.3595 201.317
4.36524 205.67
4.37098 214.592
4.37671 223.558
4.38245 229.925
4.38819 243.051
4.39392 261.185
4.39966 266.314
4.40539 289.174
4.41113 311.658
4.41687 345.707
4.4226 409.05
4.42834 520.697
4.43408 850.885
4.43981 1905.39
4.44555 4974.41
4.45128 16549.6
4.45702 23491.8
4.46276 10331.5
4.46849 2879.51
4.47423 1408.06
4.47996 797.082
4.4857 655.742
4.49144 611.856
4.49717 571.936
4.50291 581.038
4.50865 565.207
4.51438 541.628
4.52012 498.772
4.52585 449.129
4.53159 403.249
4.53733 356.825
4.54306 322.298
4.5488 291.401
4.55454 266.299
4.56027 246.082
4.56601 225.596
4.57174 215.418
4.57748 204.628
4.58322 190.62
4.58895 179.859
4.59469 169.797
4.60042 162.202
4.60616 155.284
4.6119 152.149
4.61763 148.037
4.62337 146.213
4.62911 143.22
4.63484 138.96
4.64058 133.443
4.64631 131.441
4.65205 127.994
4.65779 124.637
4.66352 121.674
4.66926 119.545
4.675 118.602
4.68073 118.685
4.68647 114.969
4.6922 114.996
4.69794 115.4
4.70368 113.308
4.70941 111.862
4.71515 112.141
4.72088 112.384
4.72662 111.805
4.73236 112.171
4.73809 109.437
4.74383 109.406
4.74957 108.403
4.7553 108.455
4.76104 108.542
4.76677 106.005
4.77251 103.535
4.77825 101.436
4.78398 102.36
4.78972 99.9874
4.79546 101.168
4.80119 101.371
4.80693 96.0799
4.81266 96.4642
4.8184 96.1604
4.82414 93.7968
4.82987 93.9306
4.83561 94.6709
4.84134 96.1352
4.84708 97.743
4.85282 102.07
4.85855 98.6228
4.86429 92.8353
4.87003 91.0933
4.87576 90.3858
4.8815 90.5959
4.88723 88.861
4.89297 88.6524
4.89871 88.7539
4.90444 89.1294
4.91018 89.8495
4.91592 87.7425
4.92165 87.9602
4.92739 86.8539
4.93312 88.3513
4.93886 86.5832
4.9446 86.568
4.95033 85.7936
4.95607 86.6778
4.9618 86.6424
4.96754 85.5511
4.97328 88.1761
4.97901 92.0685
4.98475 90.5999
4.99049 85.7077
4.99622 86.0031
5.00196 84.5311
5.00769 84.1595
5.01343 85.6198
5.01917 85.4173
5.0249 85.5023
5.03064 83.8894
5.03638 85.0438
5.04211 83.6792
5.04785 83.0095
5.05358 83.2242
5.05932 83.4938
5.06506 81.29
5.07079 82.3806
5.07653 83.2573
5.08226 82.734
5.088 81.6647
5.09374 81.2584
5.09947 81.7382
5.10521 81.9678
5.11095 81.9323
5.11668 82.7549
5.12242 81.6605
5.12815 84.1138
5.13389 82.6418
5.13963 83.1197
5.14536 83.141
5.1511 82.8969
5.15684 82.1948
5.16257 82.9329
5.16831 83.3274
5.17404 84.4561
5.17978 85.0244
5.18552 81.9998
5.19125 82.1317
5.19699 82.503
5.20272 81.8652
5.20846 80.6491
5.2142 81.3454
5.21993 81.8446
5.22567 81.8312
5.23141 83.6816
5.23714 84.5197
5.24288 81.9539
5.24861 81.5221
5.25435 81.6182
5.26009 82.1609
5.26582 82.4
5.27156 80.7883
5.2773 82.96
5.28303 81.1819
5.28877 82.2369
5.2945 82.6193
5.30024 82.6938
5.30598 83.0414
5.31171 80.8523
5.31745 83.4049
5.32318 81.4527
5.32892 83.226
5.33466 84.2109
5.34039 84.3494
5.34613 82.6906
5.35187 82.3708
5.3576 80.838
5.36334 81.9487
5.36907 82.5777
5.37481 84.0923
5.38055 85.1578
5.38628 86.0701
5.39202 89.2215
5.39776 92.6208
5.40349 91.4107
5.40923 89.6466
5.41496 88.1144
5.4207 84.9893
5.42644 85.1726
5.43217 83.8525
5.43791 84.1865
5.44364 84.8373
5.44938 86.6815
5.45512 89.4146
5.46085 87.8165
5.46659 86.8492
5.47233 85.4442
5.47806 84.5815
5.4838 85.265
5.48953 83.4427
5.49527 84.1587
5.50101 84.573
5.50674 84.1258
5.51248 85.2183
5.51822 85.6788
5.52395 83.8702
5.52969 86.2703
5.53542 84.6668
5.54116 87.441
5.5469 86.4939
5.55263 85.5678
5.55837 86.2752
5.5641 85.7853
5.56984 86.084
5.57558 86.6921
5.58131 87.5746
5.58705 86.7068
5.59279 87.3147
5.59852 87.4775
5.60426 87.2717
5.60999 87.6615
5.61573 87.9761
5.62147 88.4163
5.6272 87.7368
5.63294 89.7358
5.63868 87.6276
5.64441 88.7385
5.65015 89.7236
5.65588 89.2562
5.66162 90.3701
5.66736 90.1171
5.67309 92.2904
5.67883 89.9322
5.68456 91.5141
5.6903 92.3991
5.69604 92.3254
5.70177 93.5446
5.70751 92.4596
5.71325 93.0988
5.71898 94.3621
5.72472 93.8452
5.73045 94.4767
5.73619 95.3581
5.74193 95.0505
5.74766 95.2286
5.7534 97.2964
5.75914 97.5017
5.76487 98.0268
5.77061 99.0898
5.77634 99.5629
5.78208 101.792
5.78782 100.579
5.79355 100.087
5.79929 101.583
5.80502 102.487
5.81076 100.456
5.8165 100.941
5.82223 101.787
5.82797 101.169
5.83371 102.998
5.83944 102.238
5.84518 102.162
5.85091 103.509
5.85665 103.974
5.86239 104.65
5.86812 104.918
5.87386 104.82
5.8796 104.41
5.88533 105.754
5.89107 107.018
5.8968 109.146
5.90254 107.585
5.90828 108.807
5.91401 109.131
5.91975 108.528
5.92548 110.185
5.93122 110.576
5.93696 111.707
5.94269 110.889
5.94843 113.505
5.95417 115.271
5.9599 118.751
5.96564 117.193
5.97137 118.028
5.97711 118.368
5.98285 119.465
5.98858 121.903
5.99432 123.143
6.00006 122.85
6.00579 125.1
6.01153 128.43
6.01726 129.29
6.023 130.314
6.02874 130.313
6.03447 131.948
6.04021 131.75
6.04594 131.895
6.05168 134.12
6.05742 134.138
6.06315 134.414
6.06889 137.103
6.07463 138.625
6.08036 140.815
6.0861 141.532
6.09183 144.321
6.09757 146.543
6.10331 144.918
6.10904 147.037
6.11478 151.425
6.12052 151.524
6.12625 154.428
6.13199 157.644
6.13772 160.665
6.14346 159.198
6.1492 164.633
6.15493 166.868
6.16067 169.655
6.1664 172.812
6.17214 177.919
6.17788 181.585
6.18361 186.086
6.18935 190.835
6.19509 200.565
6.20082 202.353
6.20656 209.823
6.21229 220.487
6.21803 231.95
6.22377 236.579
6.2295 248.757
6.23524 261.435
6.24098 264.861
6.24671 273.055
6.25245 298.024
6.25818 314.209
6.26392 341.42
6.26966 394.678
6.27539 520.623
6.28113 636.717
6.28686 1528.74
6.2926 4600.76
6.29834 9006.16
6.30407 11172.2
6.30981 16570.2
6.31555 5441.45
6.32128 2728.98
6.32702 1024.37
6.33275 643.025
6.33849 553.652
6.34423 474.189
6.34996 465.256
6.3557 467.194
6.36144 459.9
6.36717 480.75
6.37291 512.411
6.37864 525.422
6.38438 522.569
6.39012 503.123
6.39585 474.242
6.40159 426.446
6.40732 388.335
6.41306 351.069
6.4188 323.2
6.42453 297.486
6.43027 280.163
6.43601 266.169
6.44174 254.108
6.44748 243.457
6.45321 235.927
6.45895 231.466
6.46469 223.618
6.47042 217.063
6.47616 214.692
6.4819 204.175
6.48763 200.445
6.49337 195.612
6.4991 190.149
6.50484 188.716
6.51058 185.702
6.51631 184.103
6.52205 181.337
6.52778 178.415
6.53352 178.049
6.53926 175.785
6.54499 176.599
6.55073 174.234
6.55647 172.239
6.5622 171.642
6.56794 172.645
6.57367 173.517
6.57941 171.04
6.58515 169.957
6.59088 168.89
6.59662 166.883
6.60236 163.833
6.60809 162.859
6.61383 161.464
6.61956 160.488
6.6253 158.309
6.63104 158.831
6.63677 160.147
6.64251 157.077
6.64824 158.865
6.65398 159.12
6.65972 159.561
6.66545 157.636
6.67119 156.797
6.67693 159.482
6.68266 156.882
6.6884 158.547
6.69413 157.637
6.69987 155.925
6.70561 154.698
6.71134 153.536
6.71708 153.261
6.72282 152.243
6.72855 152.147
6.73429 151.832
6.74002 149.755
6.74576 150.214
6.7515 150.401
6.75723 149.783
6.76297 151.427
6.7687 149.176
6.77444 150.153
6.78018 150.235
6.78591 149.859
6.79165 152.456
6.79739 155.497
6.80312 171.689
6.80886 198.012
6.81459 190.662
6.82033 211.93
6.82607 169.397
6.8318 162.378
6.83754 150.951
6.84328 148.652
6.84901 150.012
6.85475 150.552
6.86048 150.513
6.86622 148.592
6.87196 150.749
6.87769 150.203
6.88343 148.902
6.88916 146.555
6.8949 146.987
6.90064 149
6.90637 148.893
6.91211 148.951
6.91785 149.334
6.92358 149.54
6.92932 147.935
6.93505 148.427
6.94079 149.073
6.94653 147.865
6.95226 149.27
6.958 149.575
6.96374 149.601
6.96947 148.1
6.97521 147.714
6.98094 149.066
6.98668 149.235
6.99242 149.597
6.99815 149.823
7.00389 149.537
7.00962 149.164
7.01536 150.493
7.0211 150.43
7.02683 151.123
7.03257 150.492
7.03831 150.65
7.04404 150.895
7.04978 152.134
7.05551 152.051
7.06125 152.466
7.06699 151.845
7.07272 152.32
7.07846 153.359
7.0842 153.816
7.08993 153.787
7.09567 155.962
7.1014 154.917
7.10714 157.035
7.11288 156.874
7.11861 157.335
7.12435 158.932
7.13008 159.132
7.13582 158.211
7.14156 157.538
7.14729 159.593
7.15303 159.633
7.15877 159.796
7.1645 159.114
7.17024 160.705
7.17597 161.107
7.18171 161.179
7.18745 162.012
7.19318 162.869
7.19892 162.712
7.20466 164.441
7.21039 164.848
7.21613 166.879
7.22186 166.686
7.2276 169.583
7.23334 169.962
7.23907 168.343
7.24481 170.582
7.25054 170.132
7.25628 170.011
7.26202 172.118
7.26775 176.343
7.27349 178.809
7.27923 176.261
7.28496 180.128
7.2907 179.586
7.29643 180.722
7.30217 182.029
7.30791 184.114
7.31364 186.402
7.31938 188.101
7.32512 190.317
7.33085 191.095
7.33659 196.06
7.34232 196.35
7.34806 198.796
7.3538 203.878
7.35953 206.956
7.36527 215.163
7.371 234.257
7.37674 304.728
7.38248 342.36
7.38821 681.062
7.39395 1009.84
7.39969 1619.65
7.40542 2624.89
7.41116 1029.68
7.41689 535.211
7.42263 345.944
7.42837 304.845
7.4341 291.149
7.43984 289.051
7.44558 297.625
7.45131 305.946
7.45705 323.502
7.46278 342.303
7.46852 372.323
7.47426 403.166
7.47999 428.451
7.48573 444.364
7.49146 442.393
7.4972 419.425
7.50294 389.653
7.50867 357.416
7.51441 324.427
7.52015 298.364
7.52588 274.387
7.53162 254.852
7.53735 237.992
7.54309 224.539
7.54883 215.983
7.55456 206.368
7.5603 204.624
7.56604 195.87
7.57177 188.954
7.57751 184.632
7.58324 179.778
7.58898 175.945
7.59472 173.359
7.60045 171.107
7.60619 168.165
7.61192 165.492
7.61766 165.01
7.6234 162.42
7.62913 160.304
7.63487 159.321
7.64061 159.491
7.64634 157.543
7.65208 156.779
7.65781 155.985
7.66355 155.708
7.66929 154.759
7.67502 156.863
7.68076 155.921
7.6865 154.638
7.69223 156.659
7.69797 158.168
7.7037 158.918
7.70944 167.091
7.71518 201.082
7.72091 230.624
7.72665 438.723
7.73238 749.865
7.73812 264.089
7.74386 250.305
7.74959 181.018
7.75533 172.117
7.76107 170.779
7.7668 169.914
7.77254 173.799
7.77827 178.197
7.78401 183.871
7.78975 189.641
7.79548 198.534
7.80122 205.416
7.80696 215.576
7.81269 225.298
7.81843 227.744
7.82416 226.34
7.8299 218.568
7.83564 205.412
7.84137 193.697
7.84711 184.141
7.85284 173.632
7.85858 164.9
7.86432 158.81
7.87005 151.522
7.87579 148.094
7.88153 145.06
7.88726 142.193
7.893 138.828
7.89873 137.299
7.90447 138.055
7.91021 139.984
7.91594 139.231
7.92168 144.332
7.92742 134.199
7.93315 130.542
7.93889 129.622
7.94462 127.673
7.95036 127.214
7.9561 125.3
7.96183 125.246
7.96757 124.51
7.9733 123.426
7.97904 124.58
7.98478 124.954
7.99051 123.748
7.99625 122.21
8.00199 122.009
8.00772 122.095
8.01346 121.176
8.01919 120.522
8.02493 119.839
8.03067 118.876
8.0364 118.797
8.04214 120.42
8.04788 119.778
8.05361 117.813
8.05935 117.88
8.06508 115.618
8.07082 116.093
8.07656 116.65
8.08229 114.947
8.08803 117.204
8.09376 115.573
8.0995 114.114
8.10524 112.961
8.11097 112.694
8.11671 109.615
8.12245 107.925
8.12818 106.259
8.13392 103.207
8.13965 104.105
8.14539 101.887
8.15113 103.719
8.15686 95.6175
8.1626 99.99
8.16834 101.348
8.17407 101.874
8.17981 101.425
8.18554 103.18
8.19128 101.925
8.19702 104.163
8.20275 104.231
8.20849 102.247
8.21422 103.373
8.21996 101.691
8.2257 102.332
8.23143 102.808
8.23717 102.207
8.24291 102.317
8.24864 102.357
8.25438 103.854
8.26011 103.193
8.26585 101.138
8.27159 101.753
8.27732 103.33
8.28306 102.636
8.2888 101.252
8.29453 101.349
8.30027 99.1897
8.306 101.364
8.31174 100.403
8.31748 102.275
8.32321 101.224
8.32895 99.8342
8.33468 98.9468
8.34042 99.195
8.34616 99.7765
8.35189 99.8984
8.35763 100.212
8.36337 100.591
8.3691 99.6076
8.37484 99.1865
8.38057 99.0561
8.38631 100.109
8.39205 98.4555
8.39778 100.917
8.40352 100.191
8.40926 98.834
8.41499 101.072
8.42073 101.072
8.42646 99.9621
8.4322 102.568
8.43794 102.144
8.44367 103.829
8.44941 101.7
8.45514 99.9485
8.46088 99.5445
8.46662 99.3163
8.47235 101.171
8.47809 100.563
8.48383 96.987
8.48956 97.7937
8.4953 99.2931
8.50103 95.817
8.50677 98.8321
8.51251 98.284
8.51824 97.9155
8.52398 99.9026
8.52972 96.3107
8.53545 98.6522
8.54119 97.5148
8.54692 97.0242
8.55266 97.2692
8.5584 97.2547
8.56413 98.6075
8.56987 98.8495
8.5756 97.9619
8.58134 96.4462
8.58708 95.6208
8.59281 96.2439
8.59855 96.387
8.60429 97.1892
8.61002 97.3359
8.61576 96.05
8.62149 95.816
8.62723 97.206
8.63297 95.3957
8.6387 96.394
8.64444 97.3297
8.65018 95.9481
8.65591 95.704
8.66165 93.5198
8.66738 95.9428
8.67312 95.8005
8.67886 94.1016
8.68459 96.4634
8.69033 90.7281
8.69606 94.5636
8.7018 95.5447
8.70754 95.1871
8.71327 95.1832
8.71901 97.1056
8.72475 96.3521
8.73048 95.4744
8.73622 96.1305
8.74195 94.6994
8.74769 98.0853
8.75343 97.0414
8.75916 95.1162
8.7649 92.9323
8.77064 96.0154
8.77637 96.5786
8.78211 97.2347
8.78784 98.3515
8.79358 95.4352
8.79932 97.2682
8.80505 95.189
8.81079 94.7252
8.81652 97.5714
8.82226 92.5017
8.828 97.0738
8.83373 96.9261
8.83947 94.7364
8.84521 97.0384
8.85094 94.5572
8.85668 94.7613
8.86241 97.1997
8.86815 96.2743
8.87389 101.856
8.87962 97.3458
8.88536 98.2086
8.8911 98.1944
8.89683 94.9405
8.90257 101.429
8.9083 96.8308
8.91404 98.2919
8.91978 101.456
8.92551 107.222
8.93125 114.218
8.93698 110.521
8.94272 103.217
8.94846 104.711
8.95419 101.282
8.95993 100.614
8.96567 100.199
8.9714 98.5788
8.97714 101.646
8.98287 103.383
8.98861 104.92
8.99435 102.854
9.00008 102.307
9.00582 105.592
9.01156 109.239
9.01729 107.53
9.02303 103.868
9.02876 112.583
9.0345 108.881
9.04024 107.604
9.04597 116.848
9.05171 104.924
9.05744 106.851
9.06318 109.022
9.06892 104.39
9.07465 107.013
9.08039 101.118
9.08613 99.8755
9.09186 103.186
9.0976 96.3848
9.10333 96.315
9.10907 99.9468
9.11481 93.2807
9.12054 97.0287
9.12628 93.1339
9.13202 94.7288
9.13775 99.0664
9.14349 89.8517
9.14922 95.095
9.15496 90.2853
9.1607 97.5704
9.16643 89.4268
9.17217 95.1498
9.1779 95.8062
9.18364 89.1748
9.18938 90.8408
9.19511 85.4825
9.20085 94.7137
9.20659 89.1198
9.21232 90.5905
9.21806 87.4316
9.22379 88.6522
9.22953 87.2144
9.23527 83.6685
9.241 88.9818
9.24674 85.2076
9.25248 85.4471
9.25821 81.8818
9.26395 85.0395
9.26968 79.0324
9.27542 87.3437
9.28116 81.4814
9.28689 83.9124
9.29263 66.8243
9.29836 79.4127
9.3041 69.16
9.30984 69.9628
9.31557 71.0339
9.32131 72.2944
9.32705 58.5585
9.33278 67.3281
9.33852 58.6902
9.34425 56.5565
9.34999 53.1708
9.35573 56.628
9.36146 51.779
9.3672 45.045
9.37294 41.4164
9.37867 22.3557
9.38441 10.3437
9.39014 10.2603
9.39588 0
9.40162 0
9.40735 0
9.41309 0
9.41882 0
9.42456 0
9.4303 0
9.43603 0
9.44177 0
9.44751 0
9.45324 0
9.45898 0
9.46471 0
9.47045 0
9.47619 0
9.48192 0
9.48766 0
9.4934 0
9.49913 0
9.50487 0
9.5106 0
9.51634 0
9.52208 0
9.52781 0
9.53355 0
9.53928 0
9.54502 0
9.55076 0
9.55649 0
9.56223 0
9.56797 0
9.5737 0
9.57944 0
9.58517 0
9.59091 0
9.59665 0
9.60238 0
9.60812 0
9.61386 0
9.61959 0
9.62533 0
9.63106 0
9.6368 0
9.64254 0
9.64827 0
9.65401 0
9.65974 0
9.66548 0
9.67122 0
9.67695 0
9.68269 0
9.68843 0
9.69416 0
9.6999 0
9.70563 0
9.71137 0
9.71711 0
9.72284 0
9.72858 0
9.73432 0
9.74005 0
9.74579 0
9.75152 0
9.75726 0
9.763 0
9.76873 0
9.77447 0
9.7802 0
9.78594 0
9.79168 0
9.79741 0
9.80315 0
9.80889 0
9.81462 0
9.82036 0
9.82609 0
9.83183 0
9.83757 0
9.8433 0
9.84904 0
9.85478 0
9.86051 0
9.86625 0
9.87198 0
9.87772 0
9.88346 0
9.88919 0
9.89493 0
9.90066 0
9.9064 0
9.91214 0
9.91787 0
9.92361 0
9.92935 0
9.93508 0
9.94082 0
9.94655 0
9.95229 0
9.95803 0
9.96376 0
9.9695 0
9.97524 0
9.98097 0
9.98671 0
9.99244 0
9.99818 0
10.0039 0
10.0097 0
10.0154 0
10.0211 0
10.0269 0
10.0326 0
10.0383 0
10.0441 0
10.0498 0
10.0555 0
10.0613 0
10.067 0
10.0728 0
10.0785 0
10.0842 0
10.09 0
10.0957 0
10.1014 0
10.1072 0
10.1129 0
10.1186 0
10.1244 0
10.1301 0
10.1358 0
10.1416 0
10.1473 0
10.1531 0
10.1588 0
10.1645 0
10.1703 0
10.176 0
10.1817 0
10.1875 0
10.1932 0
10.1989 0
10.2047 0
10.2104 0
10.2162 0
10.2219 0
10.2276 0
10.2334 0
10.2391 0
10.2448 0
10.2506 0
10.2563 0
10.262 0
10.2678 0
10.2735 0
10.2793 0
10.285 0
10.2907 0
10.2965 0
10.3022 0
10.3079 0
10.3137 0
10.3194 0
10.3251 0
10.3309 0
10.3366 0
10.3424 0
10.3481 0
10.3538 0
10.3596 0
10.3653 0
10.371 0
10.3768 0
10.3825 0
10.3882 0
10.394 0
10.3997 0
10.4054 0
10.4112 0
10.4169 0
10.4227 0
10.4284 0
10.4341 0
10.4399 0
10.4456 0
10.4513 0
10.4571 0
10.4628 0
10.4685 0
10.4743 0
10.48 0
10.4858 0
10.4915 0
10.4972 0
10.503 0
10.5087 0
10.5144 0
10.5202 0
10.5259 0
10.5316 0
10.5374 0
10.5431 0
10.5489 0
10.5546 0
10.5603 0
10.5661 0
10.5718 0
10.5775 0
10.5833 0
10.589 0
10.5947 0
10.6005 0
10.6062 0
10.612 0
10.6177 0
10.6234 0
10.6292 0
10.6349 0
10.6406 0
10.6464 0
10.6521 0
10.6578 0
10.6636 0
10.6693 0
10.6751 0
10.6808 0
10.6865 0
10.6923 0
10.698 0
10.7037 0
10.7095 0
10.7152 0
10.7209 0
10.7267 0
10.7324 0
10.7381 0
10.7439 0
10.7496 0
10.7554 0
10.7611 0
10.7668 0
10.7726 0
10.7783 0
10.784 0
10.7898 0
10.7955 0
10.8012 0
10.807 0
10.8127 0
10.8185 0
10.8242 0
10.8299 0
10.8357 0
10.8414 0
10.8471 0
10.8529 0
10.8586 0
10.8643 0
10.8701 0
10.8758 0
10.8816 0
10.8873 0
10.893 0
10.8988 0
10.9045 0
10.9102 0
10.916 0
10.9217 0
10.9274 0
10.9332 0
10.9389 0
10.9447 0
10.9504 0
10.9561 0
10.9619 0
10.9676 0
10.9733 0
10.9791 0
10.9848 0
10.9905 0
10.9963 0
11.002 0
11.0077 0
11.0135 0
11.0192 0
11.025 0
11.0307 0
11.0364 0
11.0422 0
11.0479 0
11.0536 0
11.0594 0
11.0651 0
11.0708 0
11.0766 0
11.0823 0
11.0881 0
11.0938 0
11.0995 0
11.1053 0
11.111 0
11.1167 0
11.1225 0
11.1282 0
11.1339 0
11.1397 0
11.1454 0
11.1512 0
11.1569 0
11.1626 0
11.1684 0
11.1741 0
11.1798 0
11.1856 0
11.1913 0
11.197 0
11.2028 0
11.2085 0
11.2143 0
11.22 0
11.2257 0
11.2315 0
11.2372 0
11.2429 0
11.2487 0
11.2544 0
11.2601 0
11.2659 0
11.2716 0
11.2774 0
11.2831 0
11.2888 0
11.2946 0
11.3003 0
11.306 0
11.3118 0
11.3175 0
11.3232 0
11.329 0
11.3347 0
11.3404 0
11.3462 0
11.3519 0
11.3577 0
11.3634 0
11.3691 0
11.3749 0
11.3806 0
11.3863 0
11.3921 0
11.3978 0
11.4035 0
11.4093 0
11.415 0
11.4208 0
11.4265 0
11.4322 0
11.438 0
11.4437 0
11.4494 0
11.4552 0
11.4609 0
11.4666 0
11.4724 0
11.4781 0
11.4839 0
11.4896 0
11.4953 0
11.5011 0
11.5068 0
11.5125 0
11.5183 0
11.524 0
11.5297 0
11.5355 0
11.5412 0
11.547 0
11.5527 0
11.5584 0
11.5642 0
11.5699 0
11.5756 0
11.5814 0
11.5871 0
11.5928 0
11.5986 0
11.6043 0
11.61 0
11.6158 0
11.6215 0
11.6273 0
11.633 0
11.6387 0
11.6445 0
11.6502 0
11.6559 0
11.6617 0
11.6674 0
11.6731 0
11.6789 0
11.6846 0
11.6904 0
11.6961 0
11.7018 0
11.7076 0
11.7133 0
11.719 0
11.7248 0
11.7305 0
11.7362 0
11.742 0
