0 0
0.00573619 6
0.0114724 -19
0.0172086 -2.5
0.0229448 -9.33333
0.028681 1
0.0344171 -11.5
0.0401533 9.6
0.0458895 5.8
0.0516257 2
0.0573619 -1.16667
0.0630981 -12.8571
0.0688343 -1
0.0745705 -1.16667
0.0803067 -0.111111
0.0860429 -1.33333
0.091779 0.25
0.0975152 4.69231
0.103251 8
0.108988 2.33333
0.114724 3.8
0.12046 -3.09091
0.126196 2.8
0.131932 -1.375
0.137669 5.4
0.143405 2.46154
0.149141 1.92308
0.154877 0.125
0.160613 4.2
0.16635 -5.66667
0.172086 1.83333
0.177822 1.42105
0.183558 -2.29412
0.189294 1.78571
0.19503 5.04762
0.200767 5.2381
0.206503 -2.70588
0.212239 -3.61111
0.217975 -0.714286
0.223711 -0.823529
0.229448 1.5
0.235184 0.0434783
0.24092 2.95455
0.246656 3.05556
0.252392 2
0.258129 0.666667
0.263865 3.47619
0.269601 -1.625
0.275337 7.24138
0.281073 5.6
0.28681 -4.04167
0.292546 2.24
0.298282 -1.31034
0.304018 -1.11111
0.309754 2.66667
0.31549 -0.225806
0.321227 -6.07407
0.326963 5.6
0.332699 1.96774
0.338435 -1.51515
0.344171 3.875
0.349908 -4.91429
0.355644 6.62857
0.36138 3.80645
0.367116 0.0294118
0.372852 1.93939
0.378589 2.54054
0.384325 0
0.390061 3.23077
0.395797 2.41026
0.401533 5.61538
0.40727 2.34884
0.413006 2.37838
0.418742 -0.375
0.424478 2.85294
0.430214 6.04444
0.43595 7.14634
0.441687 5.75
0.447423 10.7234
0.453159 12.4359
0.458895 10.4186
0.464631 7.59091
0.470368 7.95122
0.476104 9.14894
0.48184 8.61111
0.487576 6.42308
0.493312 11.4146
0.499049 4.65
0.504785 10.0526
0.510521 8.71111
0.516257 9.34884
0.521993 10.9318
0.52773 9.58491
0.533466 10.5111
0.539202 9.8125
0.544938 10.3137
0.550674 12.5577
0.55641 8.47917
0.562147 11.4706
0.567883 7.15789
0.573619 12.0889
0.579355 14.963
0.585091 8.12281
0.590828 7.24528
0.596564 9.625
0.6023 11.4464
0.608036 8.23077
0.613772 10.3673
0.619509 13.3276
0.625245 10.7119
0.630981 10.6909
0.636717 10.069
0.642453 9.64912
0.64819 11.254
0.653926 12.0769
0.659662 11.6154
0.665398 11.1562
0.671134 10.9474
0.67687 13.6129
0.682607 14.4127
0.688343 10.8209
0.694079 10.4074
0.699815 14.3623
0.705551 14.2154
0.711288 12.4
0.717024 13.473
0.72276 14.2131
0.728496 17.0429
0.734232 16.1562
0.739969 14.9275
0.745705 13.2817
0.751441 17.0172
0.757177 16.1429
0.762913 14.8209
0.76865 14.2174
0.774386 14.3529
0.780122 15.8219
0.785858 11.6883
0.791594 16.05
0.79733 12.3415
0.803067 11.7971
0.808803 14.6286
0.814539 13.5185
0.820275 11.0845
0.826011 12.1429
0.831748 13.0278
0.837484 15.1765
0.84322 14.2286
0.848956 13.2222
0.854692 15.0706
0.860429 14.8395
0.866165 14.0411
0.871901 11.925
0.877637 14.2892
0.883373 10.8571
0.88911 14.9231
0.894846 15.2
0.900582 16.5181
0.906318 15.7703
0.912054 12.8444
0.91779 11.6667
0.923527 14.7532
0.929263 14.1977
0.934999 14.7143
0.940735 11.4815
0.946471 15.2738
0.952208 12.8471
0.957944 10.4946
0.96368 13.6154
0.969416 12.1789
0.975152 12.6222
0.980889 10.4118
0.986625 11.4186
0.992361 11.9789
0.998097 10.1684
1.00383 13.2625
1.00957 12.1515
1.01531 12.2887
1.02104 11.7024
1.02678 13.7188
1.03251 10.9011
1.03825 14.07
1.04399 8.9186
1.04972 13.2376
1.05546 12.5545
1.0612 11.2683
1.06693 12.4019
1.07267 13.956
1.0784 11.8835
1.08414 14.3878
1.08988 9.5
1.09561 11.3048
1.10135 12.4884
1.10708 11.5545
1.11282 11.7579
1.11856 11.7857
1.12429 17.5143
1.13003 14.1238
1.13577 11.2
1.1415 11.9412
1.14724 12.2661
1.15297 13.15
1.15871 9.71
1.16445 12.5478
1.17018 12.0857
1.17592 14.2523
1.18166 13.7708
1.18739 10.2101
1.19313 12.0092
1.19886 9.81553
1.2046 9.37391
1.21034 11.8598
1.21607 12.3545
1.22181 12.1818
1.22754 14.4103
1.23328 12.6355
1.23902 11.4643
1.24475 10.479
1.25049 12.2294
1.25623 11.4352
1.26196 12.6325
1.2677 12.371
1.27343 14.027
1.27917 12.7373
1.28491 11.6102
1.29064 11.4602
1.29638 10.8879
1.30212 12.4359
1.30785 10.1597
1.31359 13.1466
1.31932 11.8583
1.32506 11.6303
1.3308 13
1.33653 12.3333
1.34227 12.3529
1.348 13.3386
1.35374 12.0531
1.35948 11.416
1.36521 11.1756
1.37095 12.6727
1.37669 10.5971
1.38242 11.082
1.38816 11.2595
1.39389 12.4576
1.39963 12.1667
1.40537 13.7984
1.4111 12.7768
1.41684 13
1.42258 16.8296
1.42831 13.4132
1.43405 14.8538
1.43978 12.3037
1.44552 13.1159
1.45126 12.2881
1.45699 12.9504
1.46273 12.0227
1.46846 9.61905
1.4742 10.0559
1.47994 13.3256
1.48567 14.7594
1.49141 11.7846
1.49715 10.255
1.50288 12.3723
1.50862 10.0806
1.51435 13.0479
1.52009 11.4823
1.52583 10.3664
1.53156 12.637
1.5373 12.3469
1.54304 14.2199
1.54877 13.8971
1.55451 11.255
1.56024 11.1679
1.56598 11.1429
1.57172 13.9433
1.57745 13.6284
1.58319 11.5674
1.58892 13.4155
1.59466 11.1733
1.6004 12.9161
1.60613 13.7609
1.61187 10.1208
1.61761 13.0446
1.62334 12.7143
1.62908 13.1419
1.63481 14.1391
1.64055 10.7533
1.64629 11.7192
1.65202 10.6689
1.65776 12.3377
1.6635 14.9927
1.66923 14.5031
1.67497 12.6012
1.6807 11.708
1.68644 11.2342
1.69218 11.3333
1.69791 11.0392
1.70365 12.0541
1.70938 12.3205
1.71512 12.5031
1.72086 10.3529
1.72659 12.4624
1.73233 11.2903
1.73807 12.8431
1.7438 12.2048
1.74954 11.8176
1.75527 13.5061
1.76101 15.1691
1.76675 13.1492
1.77248 11.4512
1.77822 13.7143
1.78396 11.0774
1.78969 10.1975
1.79543 12.6474
1.80116 11.4777
1.8069 14.3041
1.81264 13.5749
1.81837 14.6067
1.82411 15.4556
1.82984 11.1677
1.83558 13.0121
1.84132 11.9273
1.84705 11.929
1.85279 12.4444
1.85853 13.575
1.86426 11.2712
1.87 14.0581
1.87573 13.825
1.88147 13.5763
1.88721 10.3721
1.89294 14.3699
1.89868 13.4588
1.90442 13.1897
1.91015 14.8343
1.91589 13.9702
1.92162 17.5829
1.92736 18.6102
1.9331 22.2381
1.93883 22.8779
1.94457 24.0952
1.9503 22.9824
1.95604 18.5581
1.96178 17.6298
1.96751 15.6703
1.97325 13.5153
1.97899 13.5561
1.98472 13.5
1.99046 14.4229
1.99619 13.5275
2.00193 13.1737
2.00767 11.2655
2.0134 15.3605
2.01914 14.8883
2.02488 13.822
2.03061 15.5085
2.03635 11.1383
2.04208 11.7243
2.04782 15.4468
2.05356 15.3118
2.05929 14.8453
2.06503 14.965
2.07076 12.0909
2.0765 13.0777
2.08224 14.3724
2.08797 14.1329
2.09371 13.9646
2.09945 16.4432
2.10518 17.3367
2.11092 14.8396
2.11665 15.1949
2.12239 15.3092
2.12813 15.3018
2.13386 15.4726
2.1396 15.9447
2.14534 14.0564
2.15107 13.9144
2.15681 14.9447
2.16254 17.4505
2.16828 15.5978
2.17402 14.6682
2.17975 14.96
2.18549 15.2487
2.19122 13.6931
2.19696 16.1782
2.2027 15.5073
2.20843 15.4944
2.21417 19.0472
2.21991 28.3897
2.22564 46.1749
2.23138 71.2891
2.23711 45.4541
2.24285 24.5577
2.24859 21.5573
2.25432 17.0046
2.26006 14.966
2.2658 17.6021
2.27153 17.507
2.27727 18.128
2.283 17.0547
2.28874 17.4755
2.29448 14.8018
2.30021 16.9905
2.30595 17.4192
2.31168 17.6944
2.31742 17.6135
2.32316 19.8077
2.32889 19.6636
2.33463 20.3662
2.34037 22.5915
2.3461 22.6274
2.35184 25.8869
2.35757 27.6912
2.36331 30.9299
2.36905 32.4332
2.37478 32.3649
2.38052 28.7327
2.38626 25.9141
2.39199 22.8846
2.39773 21.4155
2.40346 22.0868
2.4092 19.6188
2.41494 17.1312
2.42067 20.1382
2.42641 18.8203
2.43214 18.3463
2.43788 17.7391
2.44362 18.4758
2.44935 18.0429
2.45509 16.9296
2.46083 17.1336
2.46656 15.5895
2.4723 15.9202
2.47803 19.3953
2.48377 17.2788
2.48951 16.5256
2.49524 16.3937
2.50098 15.8705
2.50672 17.2699
2.51245 18.1545
2.51819 16.7315
2.52392 18.5378
2.52966 18.954
2.5354 17
2.54113 15.2208
2.54687 16.6407
2.5526 15.8347
2.55834 16.2387
2.56408 17.1277
2.56981 18.3388
2.57555 16.3801
2.58129 18.1039
2.58702 15.9456
2.59276 17.5062
2.59849 18.2966
2.60423 16.8475
2.60997 18.6017
2.6157 17.6193
2.62144 17.6016
2.62718 17.9106
2.63291 17.0418
2.63865 18.6223
2.64438 16.9547
2.65012 15.216
2.65586 15.2723
2.66159 15.4071
2.66733 17.4303
2.67306 17.417
2.6788 18.1719
2.68454 18.0798
2.69027 16.3414
2.69601 16.9478
2.70175 17.0898
2.70748 18.0905
2.71322 16.5105
2.71895 18.6667
2.72469 19.4527
2.73043 18.9606
2.73616 17.4333
2.7419 19.2257
2.74764 18.4545
2.75337 16.9957
2.75911 18.4373
2.76484 15.7024
2.77058 18.0864
2.77632 16.6525
2.78205 15.627
2.78779 17.1236
2.79352 15.6598
2.79926 17.0789
2.805 18.3133
2.81073 17.6405
2.81647 17.5667
2.82221 17.057
2.82794 16.4921
2.83368 16.9333
2.83941 17.1372
2.84515 17.296
2.85089 16.0039
2.85662 17.1461
2.86236 15.1527
2.8681 15.9797
2.87383 16.4151
2.87957 16.9964
2.8853 16.992
2.89104 18.7452
2.89678 17.2792
2.90251 16.728
2.90825 16.3071
2.91398 16.5949
2.91972 17.7798
2.92546 16.3977
2.93119 16.6302
2.93693 16.9856
2.94267 18.9656
2.9484 16.7283
2.95414 18.1946
2.95987 17.223
2.96561 17.1423
2.97135 16.1495
2.97708 17.5
2.98282 20.3028
2.98856 21.4107
2.99429 21.55
3.00003 26.7546
3.00576 19.1103
3.0115 26.114
3.01724 19.3322
3.02297 15.8321
3.02871 18.5432
3.03444 18.2186
3.04018 17.8669
3.04592 18.1985
3.05165 18.1649
3.05739 18.364
3.06313 17.965
3.06886 17.4324
3.0746 17.2667
3.08033 19.1159
3.08607 18.3901
3.09181 19.663
3.09754 20.7301
3.10328 22.7105
3.10902 27.4281
3.11475 31.0407
3.12049 30.8462
3.12622 27.8149
3.13196 22.9324
3.1377 22.21
3.14343 19.3964
3.14917 22.7682
3.1549 27.8901
3.16064 31.0404
3.16638 37.165
3.17211 31.4444
3.17785 24.4198
3.18359 23.8387
3.18932 24.2167
3.19506 21.1987
3.20079 21.9851
3.20653 22.0521
3.21227 21.9898
3.218 21.3889
3.22374 21.2674
3.22948 20.8094
3.23521 23.1311
3.24095 22.4387
3.24668 24.0286
3.25242 22.3033
3.25816 22.3486
3.26389 22.5194
3.26963 25.137
3.27536 23.1947
3.2811 22.8713
3.28684 22.8969
3.29257 22.6623
3.29831 25.3036
3.30405 26.0705
3.30978 27.8984
3.31552 30.523
3.32125 34.2983
3.32699 35.9302
3.33273 38.5705
3.33846 41.5034
3.3442 41.7053
3.34994 41.2431
3.35567 37.9236
3.36141 37.3281
3.36714 37.8462
3.37288 36.1498
3.37862 32.413
3.38435 30.5446
3.39009 29.2121
3.39582 29.3268
3.40156 27.6635
3.4073 27.8571
3.41303 26.7063
3.41877 27.9571
3.42451 29.7245
3.43024 32.621
3.43598 30.6568
3.44171 28.3918
3.44745 28.7825
3.45319 27.4169
3.45892 26.6935
3.46466 26.8084
3.4704 26.7575
3.47613 27.3775
3.48187 26.2139
3.4876 26.6889
3.49334 27.727
3.49908 29.8121
3.50481 29.3821
3.51055 28.8438
3.51628 28.2194
3.52202 32.04
3.52776 32.1988
3.53349 33.3553
3.53923 40.1728
3.54497 52.6364
3.5507 69.9788
3.55644 89.1061
3.56217 94.1015
3.56791 77.2642
3.57365 58.9006
3.57938 45.6842
3.58512 40.8246
3.59086 36.9427
3.59659 35.8704
3.60233 34.7959
3.60806 34.8515
3.6138 35.946
3.61954 34.7582
3.62527 36.1235
3.63101 38.1308
3.63674 40.8882
3.64248 44.3439
3.64822 53.13
3.65395 65.0359
3.65969 72.3029
3.66543 73.9279
3.67116 75.1317
3.6769 69.8958
3.68263 64.7379
3.68837 64.7524
3.69411 65.1554
3.69984 64.1983
3.70558 72.6515
3.71132 75.1988
3.71705 69.7942
3.72279 64.5947
3.72852 63.1642
3.73426 63.4657
3.74 64.4438
3.74573 66.2563
3.75147 64.8468
3.7572 67.6921
3.76294 70.2116
3.76868 70.8804
3.77441 74.6392
3.78015 77.0585
3.78589 78.8242
3.79162 83.0204
3.79736 88.0136
3.80309 95.7411
3.80883 99.4746
3.81457 107.767
3.8203 115.617
3.82604 122.521
3.83178 138.197
3.83751 152.756
3.84325 171.694
3.84898 193.014
3.85472 235.073
3.86046 287.656
3.86619 355.378
3.87193 521.845
3.87766 795.676
3.8834 838.473
3.88914 1111.72
3.89487 1512.83
3.90061 2038
3.90635 2611.58
3.91208 3015.82
3.91782 2614.78
3.92355 1943.95
3.92929 1360.79
3.93503 904.929
3.94076 628.003
3.9465 469.386
3.95224 371.081
3.95797 300.41
3.96371 252.301
3.96944 223.042
3.97518 195.831
3.98092 175.023
3.98665 158.493
3.99239 148.003
3.99812 136.096
4.00386 124.67
4.0096 119.09
4.01533 110.842
4.02107 106.576
4.02681 102.686
4.03254 99.5134
4.03828 94.811
4.04401 93.3223
4.04975 95.2761
4.05549 91.625
4.06122 88.6647
4.06696 84.5052
4.0727 79.4
4.07843 76.8676
4.08417 76.0705
4.0899 72.5118
4.09564 71.4548
4.10138 70.605
4.10711 68.2649
4.11285 69.1939
4.11858 66.7556
4.12432 65.7474
4.13006 66.5353
4.13579 64.8052
4.14153 64.4558
4.14727 63.5567
4.153 64.4147
4.15874 62.6204
4.16447 61.5561
4.17021 62.5844
4.17595 61.9447
4.18168 61.0693
4.18742 61.6925
4.19316 61.6414
4.19889 60.3477
4.20463 61.2635
4.21036 65.0897
4.2161 67.7613
4.22184 70.845
4.22757 66.7787
4.23331 63.8861
4.23904 61.5164
4.24478 59.6468
4.25052 61.0585
4.25625 59.3631
4.26199 59.7769
4.26773 60.8849
4.27346 62.4
4.2792 61.4703
4.28493 62.6076
4.29067 62.8914
4.29641 63.2493
4.30214 63.5358
4.30788 65.2129
4.31362 65.821
4.31935 65.1488
4.32509 68.7175
4.33082 69.4739
4.33656 71.9147
4.3423 72.6643
4.34803 73.6617
4.35377 77.5076
4.3595 78.4679
4.36524 80.9066
4.37098 83.9726
4.37671 85.0605
4.38245 91.0097
4.38819 94.3522
4.39392 99.5013
4.39966 104.492
4.40539 110.916
4.41113 115.607
4.41687 123.595
4.4226 130.726
4.42834 140.891
4.43408 156.505
4.43981 166.457
4.44555 191.616
4.45128 222.541
4.45702 280.841
4.46276 403.759
4.46849 834.129
4.47423 2823.83
4.47996 5491.64
4.4857 9035.95
4.49144 6616.71
4.49717 2371.75
4.50291 1627.24
4.50865 1174.99
4.51438 1036.13
4.52012 939.32
4.52585 789.079
4.53159 661.233
4.53733 527.045
4.54306 410.072
4.5488 326.031
4.55454 265.015
4.56027 218.805
4.56601 185.298
4.57174 162.475
4.57748 142.76
4.58322 129.513
4.58895 117.522
4.59469 108.134
4.60042 98.9458
4.60616 92.1028
4.6119 85.8264
4.61763 79.8111
4.62337 76.642
4.62911 74.9678
4.63484 73.8212
4.64058 72.3193
4.64631 71.406
4.65205 66.1811
4.65779 60.38
4.66352 55.6461
4.66926 54.7826
4.675 52.8853
4.68073 50.869
4.68647 49.5718
4.6922 50.4068
4.69794 50.7376
4.70368 50.8375
4.70941 53.7683
4.71515 52.1162
4.72088 52.2019
4.72662 55.0279
4.73236 53.8545
4.73809 52.7986
4.74383 56.0982
4.74957 55.9086
4.7553 57.1169
4.76104 54.8646
4.76677 52.8294
4.77251 50.4931
4.77825 48.1721
4.78398 45.1622
4.78972 44.8397
4.79546 42.6578
4.80119 41.0607
4.80693 39.3111
4.81266 36.269
4.8184 35.3931
4.82414 34.6562
4.82987 34.5805
4.83561 33.4761
4.84134 32.5913
4.84708 34.4212
4.85282 33.5214
4.85855 32.5396
4.86429 32.5308
4.87003 31.6744
4.87576 33.9067
4.8815 37.1404
4.88723 34.8633
4.89297 34.5022
4.89871 31.9136
4.90444 29.9955
4.91018 30.7597
4.91592 30.2677
4.92165 32.026
4.92739 28.8219
4.93312 29.4239
4.93886 30.8928
4.9446 30.7755
4.95033 30.4606
4.95607 30.1165
4.9618 29.9152
4.96754 28.8372
4.97328 27.6288
4.97901 30.0342
4.98475 28.4159
4.99049 28.2845
4.99622 28.4501
5.00196 29.4822
5.00769 32.8647
5.01343 32.9978
5.01917 31.7676
5.0249 29.3781
5.03064 29.7559
5.03638 28.9827
5.04211 28.213
5.04785 29.0778
5.05358 28.8226
5.05932 28.676
5.06506 28.3407
5.07079 27.7918
5.07653 26.3779
5.08226 27.1864
5.088 28.4758
5.09374 26.5527
5.09947 28.0826
5.10521 28.8399
5.11095 26.7628
5.11668 27.9102
5.12242 27.3969
5.12815 27.6327
5.13389 26.3202
5.13963 27.2953
5.14536 26.4034
5.1511 26.7842
5.15684 27.9406
5.16257 27.1239
5.16831 28.138
5.17404 28.5616
5.17978 29.1749
5.18552 29.4168
5.19125 29.8447
5.19699 28.7146
5.20272 27.7046
5.20846 28.6135
5.2142 29.1996
5.21993 26.6795
5.22567 26.7281
5.23141 28.846
5.23714 28.3291
5.24288 29.0896
5.24861 29.1038
5.25435 29.695
5.26009 28.9834
5.26582 29.0853
5.27156 30.0982
5.2773 31.3875
5.28303 30.771
5.28877 28.6945
5.2945 30.3551
5.30024 30.262
5.30598 30.4179
5.31171 30.9439
5.31745 30.9253
5.32318 30.635
5.32892 31.6706
5.33466 30.9325
5.34039 31.4405
5.34613 29.7317
5.35187 28.4795
5.3576 30.5432
5.36334 29.2262
5.36907 26.8395
5.37481 28.6183
5.38055 29.8108
5.38628 30.9563
5.39202 33.1957
5.39776 34.7944
5.40349 41.4656
5.40923 45.2933
5.41496 45.8641
5.4207 40.2245
5.42644 34.6654
5.43217 30.0872
5.43791 29.3209
5.44364 28.711
5.44938 28.3092
5.45512 28.6466
5.46085 27.8696
5.46659 28.7011
5.47233 29.0101
5.47806 30.303
5.4838 32.1697
5.48953 31.3223
5.49527 31.3988
5.50101 31.0231
5.50674 28.7742
5.51248 28.5447
5.51822 27.6273
5.52395 28.3613
5.52969 29.6515
5.53542 27.9112
5.54116 29.2589
5.5469 28.6093
5.55263 28.5882
5.55837 27.2744
5.5641 28.9924
5.56984 28.7937
5.57558 27.498
5.58131 29.1604
5.58705 28.7844
5.59279 26.2608
5.59852 27.6242
5.60426 27.9465
5.60999 28.1862
5.61573 28.802
5.62147 29.008
5.6272 29.3396
5.63294 27.725
5.63868 28.3634
5.64441 28.4869
5.65015 29.266
5.65588 29.0718
5.66162 29.8552
5.66736 29.1795
5.67309 28.7339
5.67883 30.7445
5.68456 29.0509
5.6903 30.0795
5.69604 28.6265
5.70177 29.9361
5.70751 29.8719
5.71325 30.7187
5.71898 31.4721
5.72472 31.6042
5.73045 34.0974
5.73619 34.2589
5.74193 35.5093
5.74766 34.2124
5.7534 33.705
5.75914 32.9941
5.76487 33.1011
5.77061 33.8077
5.77634 34.4212
5.78208 30.7108
5.78782 37.6225
5.79355 36.2682
5.79929 37.518
5.80502 39.5797
5.81076 38.4477
5.8165 37.6923
5.82223 37.2644
5.82797 35.3879
5.83371 35.3821
5.83944 34.6087
5.84518 35.4121
5.85091 34.914
5.85665 35.1509
5.86239 35.0639
5.86812 35.6667
5.87386 35.4682
5.8796 35.0904
5.88533 35.9367
5.89107 35.166
5.8968 34.5927
5.90254 33.8117
5.90828 34.6806
5.91401 35.5448
5.91975 34.2786
5.92548 34.6054
5.93122 34.6895
5.93696 34.5802
5.94269 34.9345
5.94843 35.0652
5.95417 35.4768
5.9599 35.6648
5.96564 35.6575
5.97137 37.293
5.97711 37.0705
5.98285 39.3474
5.98858 38.1186
5.99432 40.8424
6.00006 40.2505
6.00579 41.8574
6.01153 41.9043
6.01726 43.5237
6.023 43.8733
6.02874 48.3537
6.03447 49.9569
6.04021 49.3726
6.04594 44.3321
6.05168 45.0645
6.05742 43.895
6.06315 43.9184
6.06889 43.0463
6.07463 44.6215
6.08036 43.3405
6.0861 43.4271
6.09183 45.0195
6.09757 44.8571
6.10331 47.5802
6.10904 47.4974
6.11478 49.3193
6.12052 50.3936
6.12625 50.8813
6.13199 49.9463
6.13772 50.8427
6.14346 51.21
6.1492 50.5986
6.15493 51.7972
6.16067 53.1228
6.1664 53.0347
6.17214 54.5748
6.17788 55.438
6.18361 54.8707
6.18935 56.4946
6.19509 59.1771
6.20082 59.9358
6.20656 62.1658
6.21229 66.5767
6.21803 66.9256
6.22377 69.3513
6.2295 74.5854
6.23524 79.5346
6.24098 83.4897
6.24671 87.0587
6.25245 92.4894
6.25818 93.9766
6.26392 94.3763
6.26966 97.6325
6.27539 101.864
6.28113 104.689
6.28686 111.106
6.2926 123.147
6.29834 133.395
6.30407 139.099
6.30981 177.119
6.31555 279.532
6.32128 224.183
6.32702 884.244
6.33275 4210.05
6.33849 4850
6.34423 4924.64
6.34996 6571.52
6.3557 5631.39
6.36144 1893.85
6.36717 1190.03
6.37291 835.467
6.37864 686.822
6.38438 640.488
6.39012 658.044
6.39585 713.917
6.40159 720.834
6.40732 678.465
6.41306 582.444
6.4188 474.037
6.42453 369.103
6.43027 296.169
6.43601 241.558
6.44174 197.562
6.44748 171.73
6.45321 151.827
6.45895 138.593
6.46469 127.657
6.47042 121.372
6.47616 119.01
6.4819 113.945
6.48763 109.025
6.49337 100.929
6.4991 92.6467
6.50484 85.6971
6.51058 83.136
6.51631 79.7176
6.52205 77.5905
6.52778 74.555
6.53352 73.7876
6.53926 69.9478
6.54499 68.4704
6.55073 65.6114
6.55647 65.0604
6.5622 64.8756
6.56794 63.9983
6.57367 63.8133
6.57941 63.7508
6.58515 62.4048
6.59088 64.2832
6.59662 65.2715
6.60236 64.2123
6.60809 61.635
6.61383 60.5522
6.61956 58.7091
6.6253 57.5241
6.63104 57.4463
6.63677 55.5426
6.64251 55.461
6.64824 54.7652
6.65398 54.1963
6.65972 53.1531
6.66545 53.6617
6.67119 53.5324
6.67693 53.3627
6.68266 54.3673
6.6884 55.9858
6.69413 56.4966
6.69987 56.008
6.70561 55.3232
6.71134 56.3824
6.71708 56.2351
6.72282 56.5525
6.72855 54.5032
6.73429 54.3195
6.74002 52.6927
6.74576 52.6667
6.7515 51.0774
6.75723 51.1144
6.76297 51.3005
6.7687 49.0808
6.77444 49.5049
6.78018 49.3339
6.78591 49.1644
6.79165 49.537
6.79739 48.8074
6.80312 49.5916
6.80886 47.8933
6.81459 48.4936
6.82033 48.2373
6.82607 47.6038
6.8318 47.2096
6.83754 46.8469
6.84328 46.1815
6.84901 47.1787
6.85475 47.6863
6.86048 47.3369
6.86622 48.4823
6.87196 48.5877
6.87769 47.9918
6.88343 48.5342
6.88916 49.1455
6.8949 48.8665
6.90064 48.4531
6.90637 46.8102
6.91211 47.3402
6.91785 46.6256
6.92358 46.7288
6.92932 48.1744
6.93505 47.0977
6.94079 46.4552
6.94653 47.4021
6.95226 45.8392
6.958 46.2063
6.96374 45.8404
6.96947 45.5453
6.97521 47.4066
6.98094 45.1116
6.98668 45.6862
6.99242 46.5474
6.99815 45.8155
7.00389 45.9138
7.00962 45.9739
7.01536 45.7308
7.0211 45.3318
7.02683 46.5216
7.03257 45.7504
7.03831 47.2068
7.04404 46.8459
7.04978 47.4648
7.05551 46.5789
7.06125 47.3796
7.06699 47.4908
7.07272 47.7151
7.07846 45.8054
7.0842 48.0331
7.08993 46.8799
7.09567 48.6321
7.1014 48.0369
7.10714 48.5948
7.11288 48.5428
7.11861 49.7081
7.12435 50.536
7.13008 51.6726
7.13582 52.7935
7.14156 53.039
7.14729 53.9474
7.15303 51.1486
7.15877 50.4229
7.1645 50.1801
7.17024 50.3776
7.17597 50.5415
7.18171 50.2275
7.18745 50.6162
7.19318 51.6972
7.19892 51.573
7.20466 51.8127
7.21039 51.7591
7.21613 51.7549
7.22186 51.9453
7.2276 51.8764
7.23334 54.2859
7.23907 53.8082
7.24481 54.6825
7.25054 54.6745
7.25628 56.6616
7.26202 54.6925
7.26775 55.3532
7.27349 53.9007
7.27923 55.2465
7.28496 55.186
7.2907 55.4413
7.29643 57.6492
7.30217 57.0742
7.30791 59.0551
7.31364 57.9621
7.31938 60.7083
7.32512 61.6091
7.33085 61.8768
7.33659 63.5493
7.34232 64.4143
7.34806 66.7579
7.3538 68.6652
7.35953 68.3358
7.36527 70.9855
7.371 71.2962
7.37674 73.3299
7.38248 75.8187
7.38821 77.6037
7.39395 81.5
7.39969 86.0844
7.40542 89.0043
7.41116 94.2208
7.41689 99.2434
7.42263 110.753
7.42837 139.682
7.4341 208.328
7.43984 360.573
7.44558 683.815
7.45131 846.691
7.45705 810.194
7.46278 587.695
7.46852 442.457
7.47426 373.857
7.47999 390.181
7.48573 433.385
7.49146 490.856
7.4972 566.537
7.50294 634.246
7.50867 688.964
7.51441 681.525
7.52015 612.689
7.52588 509.528
7.53162 403.631
7.53735 320.089
7.54309 258.119
7.54883 210.749
7.55456 175.382
7.5603 150.019
7.56604 132.441
7.57177 116.742
7.57751 106.088
7.58324 97.3662
7.58898 92.5463
7.59472 85.9917
7.60045 81.9594
7.60619 77.6329
7.61192 76.0563
7.61766 74.3494
7.6234 72.4009
7.62913 70.5113
7.63487 68.4211
7.64061 67.2629
7.64634 65.0056
7.65208 64.2877
7.65781 64.0986
7.66355 61.4265
7.66929 61.3234
7.67502 61.1708
7.68076 60.1514
7.6865 59.4059
7.69223 58.6909
7.69797 58.8424
7.7037 60.1538
7.70944 58.5865
7.71518 58.5748
7.72091 60.3348
7.72665 60.2108
7.73238 61.5553
7.73812 62.7014
7.74386 62.0029
7.74959 63.4887
7.75533 66.2141
7.76107 68.7699
7.7668 77.6525
7.77254 115.958
7.77827 215.844
7.78401 216.098
7.78975 237.914
7.79548 181.021
7.80122 137.27
7.80696 135.301
7.81269 151.324
7.81843 169.472
7.82416 186.517
7.8299 213.673
7.83564 243.54
7.84137 270.641
7.84711 274.728
7.85284 257.071
7.85858 217.514
7.86432 175.287
7.87005 144.398
7.87579 116.434
7.88153 98.4467
7.88726 83.9731
7.893 75.4459
7.89873 68.6889
7.90447 62.8818
7.91021 58.9453
7.91594 55.8401
7.92168 53.5458
7.92742 51.8651
7.93315 51.1189
7.93889 49.2932
7.94462 48.7183
7.95036 47.2869
7.9561 46.4818
7.96183 45.7802
7.96757 44.8487
7.9733 44.375
7.97904 47.5039
7.98478 44.589
7.99051 42.1235
7.99625 43.689
8.00199 43.4828
8.00772 41.5775
8.01346 41.7691
8.01919 41.1941
8.02493 42.449
8.03067 41.9484
8.0364 40.7283
8.04214 39.8369
8.04788 40.092
8.05361 40.0526
8.05935 39.1204
8.06508 39.9182
8.07082 38.5724
8.07656 39.3725
8.08229 39.1012
8.08803 39.6611
8.09376 39.9658
8.0995 39.4981
8.10524 39.4993
8.11097 41.3606
8.11671 40.6144
8.12245 39.1018
8.12818 38.3202
8.13392 37.1202
8.13965 35.0341
8.14539 34.5197
8.15113 33.4035
8.15686 30.4948
8.1626 32.8545
8.16834 34.0889
8.17407 33.8341
8.17981 33.255
8.18554 34.4607
8.19128 33.8201
8.19702 33.0748
8.20275 33.9259
8.20849 33.7819
8.21422 32.913
8.21996 32.7461
8.2257 32.3461
8.23143 34.6876
8.23717 33.2718
8.24291 33.0229
8.24864 30.7913
8.25438 33.3501
8.26011 33.3672
8.26585 33.5783
8.27159 34.2731
8.27732 34.2476
8.28306 33.6956
8.2888 34.1415
8.29453 32.3333
8.30027 32.1927
8.306 31.709
8.31174 34.2021
8.31748 33.1348
8.32321 33.3914
8.32895 34.0394
8.33468 32.591
8.34042 34.1642
8.34616 32.8482
8.35189 32.9683
8.35763 33.7654
8.36337 31.7177
8.3691 32.7541
8.37484 32.6413
8.38057 30.7452
8.38631 33.6571
8.39205 32.119
8.39778 33.2353
8.40352 31.0093
8.40926 33.4926
8.41499 32.5707
8.42073 32.7452
8.42646 32.2551
8.4322 34.9684
8.43794 35.2675
8.44367 36.9177
8.44941 38.2098
8.45514 41.0568
8.46088 40.913
8.46662 39.9922
8.47235 36.6702
8.47809 35.2074
8.48383 34.0648
8.48956 31.968
8.4953 31.1717
8.50103 32.9023
8.50677 32.3067
8.51251 33.2419
8.51824 29.6439
8.52398 32.2845
8.52972 32.858
8.53545 33.058
8.54119 32.2372
8.54692 31.9061
8.55266 32.8105
8.5584 33.1061
8.56413 31.7801
8.56987 31.8237
8.5756 32.4045
8.58134 32.5077
8.58708 30.2088
8.59281 31.9245
8.59855 31.2524
8.60429 31.8396
8.61002 33
8.61576 32.8233
8.62149 30.9743
8.62723 31.3095
8.63297 31.0842
8.6387 31.3746
8.64444 31.4096
8.65018 31.9725
8.65591 31.7902
8.66165 33.517
8.66738 31.6762
8.67312 29.4354
8.67886 31.4205
8.68459 31.1236
8.69033 29.745
8.69606 32.0909
8.7018 31.7539
8.70754 31.824
8.71327 31.3525
8.71901 31.3519
8.72475 31.4574
8.73048 30.6694
8.73622 31.6422
8.74195 30.8306
8.74769 28.2839
8.75343 31.5684
8.75916 32.2246
8.7649 34.4404
8.77064 34.9958
8.77637 35.433
8.78211 31.789
8.78784 30.5677
8.79358 32.5961
8.79932 30.7544
8.80505 29.3474
8.81079 31.2365
8.81652 30.2464
8.82226 34.4145
8.828 33.037
8.83373 32.9951
8.83947 34.2406
8.84521 32.6244
8.85094 31.4574
8.85668 34.7641
8.86241 32.0462
8.86815 32.7874
8.87389 34.7795
8.87962 35.3295
8.88536 34.3149
8.8911 34.9733
8.89683 31.9012
8.90257 36.388
8.9083 35.185
8.91404 36.4875
8.91978 36.6229
8.92551 34.0573
8.93125 34.6159
8.93698 34.2945
8.94272 34.3825
8.94846 41.5091
8.95419 39.4564
8.95993 40.0338
8.96567 41.2547
8.9714 44.8976
8.97714 57.462
8.98287 91.2867
8.98861 172.304
8.99435 215.083
9.00008 148.385
9.00582 92.4145
9.01156 69.458
9.01729 60.0325
9.02303 54.1643
9.02876 53.4359
9.0345 56.9756
9.04024 57.2946
9.04597 60.4615
9.05171 59.4095
9.05744 65.2562
9.06318 67.0971
9.06892 64.0672
9.07465 71.0729
9.08039 66.4103
9.08613 63.514
9.09186 57.1771
9.0976 49.5385
9.10333 51.0521
9.10907 45.5918
9.11481 44.3125
9.12054 48.5
9.12628 41.6327
9.13202 41.5
9.13775 37.2065
9.14349 34.8095
9.14922 35.8293
9.15496 37.7805
9.1607 37.973
9.16643 34.15
9.17217 36.7808
9.1779 39.0395
9.18364 35.3714
9.18938 38.5147
9.19511 36.5147
9.20085 35.7619
9.20659 35.7077
9.21232 34.1167
9.21806 30.8361
9.22379 35.6182
9.22953 32.7636
9.23527 36.4906
9.241 30.3929
9.24674 27.9388
9.25248 29.9787
9.25821 27.5778
9.26395 31.5
9.26968 26.8372
9.27542 33.0513
9.28116 30.325
9.28689 41.4857
9.29263 27.9697
9.29836 37.0909
9.3041 31.5152
9.30984 30.4643
9.31557 22.6667
9.32131 21.4815
9.32705 20.2
9.33278 28.6957
9.33852 15.9474
9.34425 25
9.34999 18.1176
9.35573 22.2143
9.36146 16.1818
9.3672 13.5455
9.37294 9
9.37867 12.7778
9.38441 4.66667
9.39014 2.25
9.39588 0
9.40162 0
9.40735 0
9.41309 0
9.41882 0
9.42456 0
9.4303 0
9.43603 0
9.44177 0
9.44751 0
9.45324 0
9.45898 0
9.46471 0
9.47045 0
9.47619 0
9.48192 0
9.48766 0
9.4934 0
9.49913 0
9.50487 0
9.5106 0
9.51634 0
9.52208 0
9.52781 0
9.53355 0
9.53928 0
9.54502 0
9.55076 0
9.55649 0
9.56223 0
9.56797 0
9.5737 0
9.57944 0
9.58517 0
9.59091 0
9.59665 0
9.60238 0
9.60812 0
9.61386 0
9.61959 0
9.62533 0
9.63106 0
9.6368 0
9.64254 0
9.64827 0
9.65401 0
9.65974 0
9.66548 0
9.67122 0
9.67695 0
9.68269 0
9.68843 0
9.69416 0
9.6999 0
9.70563 0
9.71137 0
9.71711 0
9.72284 0
9.72858 0
9.73432 0
9.74005 0
9.74579 0
9.75152 0
9.75726 0
9.763 0
9.76873 0
9.77447 0
9.7802 0
9.78594 0
9.79168 0
9.79741 0
9.80315 0
9.80889 0
9.81462 0
9.82036 0
9.82609 0
9.83183 0
9.83757 0
9.8433 0
9.84904 0
9.85478 0
9.86051 0
9.86625 0
9.87198 0
9.87772 0
9.88346 0
9.88919 0
9.89493 0
9.90066 0
9.9064 0
9.91214 0
9.91787 0
9.92361 0
9.92935 0
9.93508 0
9.94082 0
9.94655 0
9.95229 0
9.95803 0
9.96376 0
9.9695 0
9.97524 0
9.98097 0
9.98671 0
9.99244 0
9.99818 0
10.0039 0
10.0097 0
10.0154 0
10.0211 0
10.0269 0
10.0326 0
10.0383 0
10.0441 0
10.0498 0
10.0555 0
10.0613 0
10.067 0
10.0728 0
10.0785 0
10.0842 0
10.09 0
10.0957 0
10.1014 0
10.1072 0
10.1129 0
10.1186 0
10.1244 0
10.1301 0
10.1358 0
10.1416 0
10.1473 0
10.1531 0
10.1588 0
10.1645 0
10.1703 0
10.176 0
10.1817 0
10.1875 0
10.1932 0
10.1989 0
10.2047 0
10.2104 0
10.2162 0
10.2219 0
10.2276 0
10.2334 0
10.2391 0
10.2448 0
10.2506 0
10.2563 0
10.262 0
10.2678 0
10.2735 0
10.2793 0
10.285 0
10.2907 0
10.2965 0
10.3022 0
10.3079 0
10.3137 0
10.3194 0
10.3251 0
10.3309 0
10.3366 0
10.3424 0
10.3481 0
10.3538 0
10.3596 0
10.3653 0
10.371 0
10.3768 0
10.3825 0
10.3882 0
10.394 0
10.3997 0
10.4054 0
10.4112 0
10.4169 0
10.4227 0
10.4284 0
10.4341 0
10.4399 0
10.4456 0
10.4513 0
10.4571 0
10.4628 0
10.4685 0
10.4743 0
10.48 0
10.4858 0
10.4915 0
10.4972 0
10.503 0
10.5087 0
10.5144 0
10.5202 0
10.5259 0
10.5316 0
10.5374 0
10.5431 0
10.5489 0
10.5546 0
10.5603 0
10.5661 0
10.5718 0
10.5775 0
10.5833 0
10.589 0
10.5947 0
10.6005 0
10.6062 0
10.612 0
10.6177 0
10.6234 0
10.6292 0
10.6349 0
10.6406 0
10.6464 0
10.6521 0
10.6578 0
10.6636 0
10.6693 0
10.6751 0
10.6808 0
10.6865 0
10.6923 0
10.698 0
10.7037 0
10.7095 0
10.7152 0
10.7209 0
10.7267 0
10.7324 0
10.7381 0
10.7439 0
10.7496 0
10.7554 0
10.7611 0
10.7668 0
10.7726 0
10.7783 0
10.784 0
10.7898 0
10.7955 0
10.8012 0
10.807 0
10.8127 0
10.8185 0
10.8242 0
10.8299 0
10.8357 0
10.8414 0
10.8471 0
10.8529 0
10.8586 0
10.8643 0
10.8701 0
10.8758 0
10.8816 0
10.8873 0
10.893 0
10.8988 0
10.9045 0
10.9102 0
10.916 0
10.9217 0
10.9274 0
10.9332 0
10.9389 0
10.9447 0
10.9504 0
10.9561 0
10.9619 0
10.9676 0
10.9733 0
10.9791 0
10.9848 0
10.9905 0
10.9963 0
11.002 0
11.0077 0
11.0135 0
11.0192 0
11.025 0
11.0307 0
11.0364 0
11.0422 0
11.0479 0
11.0536 0
11.0594 0
11.0651 0
11.0708 0
11.0766 0
11.0823 0
11.0881 0
11.0938 0
11.0995 0
11.1053 0
11.111 0
11.1167 0
11.1225 0
11.1282 0
11.1339 0
11.1397 0
11.1454 0
11.1512 0
11.1569 0
11.1626 0
11.1684 0
11.1741 0
11.1798 0
11.1856 0
11.1913 0
11.197 0
11.2028 0
11.2085 0
11.2143 0
11.22 0
11.2257 0
11.2315 0
11.2372 0
11.2429 0
11.2487 0
11.2544 0
11.2601 0
11.2659 0
11.2716 0
11.2774 0
11.2831 0
11.2888 0
11.2946 0
11.3003 0
11.306 0
11.3118 0
11.3175 0
11.3232 0
11.329 0
11.3347 0
11.3404 0
11.3462 0
11.3519 0
11.3577 0
11.3634 0
11.3691 0
11.3749 0
11.3806 0
11.3863 0
11.3921 0
11.3978 0
11.4035 0
11.4093 0
11.415 0
11.4208 0
11.4265 0
11.4322 0
11.438 0
11.4437 0
11.4494 0
11.4552 0
11.4609 0
11.4666 0
11.4724 0
11.4781 0
11.4839 0
11.4896 0
11.4953 0
11.5011 0
11.5068 0
11.5125 0
11.5183 0
11.524 0
11.5297 0
11.5355 0
11.5412 0
11.547 0
11.5527 0
11.5584 0
11.5642 0
11.5699 0
11.5756 0
11.5814 0
11.5871 0
11.5928 0
11.5986 0
11.6043 0
11.61 0
11.6158 0
11.6215 0
11.6273 0
11.633 0
11.6387 0
11.6445 0
11.6502 0
11.6559 0
11.6617 0
11.6674 0
11.6731 0
11.6789 0
11.6846 0
11.6904 0
11.6961 0
11.7018 0
11.7076 0
11.7133 0
11.719 0
11.7248 0
11.7305 0
11.7362 0
11.742 0
