0 0
0.00573619 11
0.0114724 8
0.0172086 24
0.0229448 8
0.028681 2.66667
0.0344171 22
0.0401533 2.4
0.0458895 -1.6
0.0516257 -5.66667
0.0573619 -6.16667
0.0630981 12
0.0688343 -3.42857
0.0745705 -1.16667
0.0803067 0.777778
0.0860429 1.77778
0.091779 -2
0.0975152 -4.84615
0.103251 3.22222
0.108988 -4.33333
0.114724 5.5
0.12046 2.63636
0.126196 0.866667
0.131932 1.25
0.137669 7.73333
0.143405 6.07692
0.149141 -2.76923
0.154877 7.5
0.160613 -5.4
0.16635 10.2
0.172086 3.75
0.177822 -4.10526
0.183558 -3.05882
0.189294 3.14286
0.19503 3.33333
0.200767 -0.380952
0.206503 0.176471
0.212239 7.61111
0.217975 0
0.223711 -0.294118
0.229448 2.54167
0.235184 3.3913
0.24092 -2.77273
0.246656 6.22222
0.252392 -0.48
0.258129 2.51852
0.263865 0.142857
0.269601 4.54167
0.275337 2.44828
0.281073 11.08
0.28681 -5.45833
0.292546 -3.4
0.298282 0.275862
0.304018 -0.888889
0.309754 3.6
0.31549 3.12903
0.321227 4.14815
0.326963 4.46667
0.332699 6.83871
0.338435 3.60606
0.344171 0.0416667
0.349908 -3.54286
0.355644 1.97143
0.36138 4.87097
0.367116 4.58824
0.372852 3.27273
0.378589 6.59459
0.384325 3.78125
0.390061 5.69231
0.395797 2.41026
0.401533 5.15385
0.40727 9.69767
0.413006 9.27027
0.418742 9.3
0.424478 4.47059
0.430214 10.2444
0.43595 12.561
0.441687 16.4375
0.447423 12.8936
0.453159 12.9744
0.458895 13.5814
0.464631 16.4318
0.470368 15.8049
0.476104 15.6596
0.48184 13.3056
0.487576 13
0.493312 18
0.499049 16.15
0.504785 22.1053
0.510521 19.8
0.516257 16.6744
0.521993 14.4545
0.52773 25.2075
0.533466 19.5778
0.539202 18.6458
0.544938 23.3137
0.550674 18.6731
0.55641 22.7708
0.562147 18.7255
0.567883 20.0175
0.573619 14.5111
0.579355 20.9815
0.585091 14.6842
0.590828 15.2642
0.596564 17.9583
0.6023 13.75
0.608036 16.6462
0.613772 17.9796
0.619509 19.1897
0.625245 21.5085
0.630981 20.6
0.636717 19.1207
0.642453 21.7018
0.64819 23.0952
0.653926 19.2885
0.659662 20.8923
0.665398 25.5
0.671134 23.4035
0.67687 28.7258
0.682607 25.0476
0.688343 24
0.694079 21.8704
0.699815 22.3043
0.705551 23.1385
0.711288 22.9455
0.717024 27.1081
0.72276 26.1311
0.728496 24.4
0.734232 30.4062
0.739969 25.3913
0.745705 27.2958
0.751441 25.5
0.757177 27.5844
0.762913 24.3731
0.76865 27.8406
0.774386 26.0441
0.780122 25.2329
0.785858 23.0779
0.791594 24.1167
0.79733 24.0244
0.803067 25.5797
0.808803 26.4857
0.814539 25.8148
0.820275 23.6479
0.826011 25.2078
0.831748 22.3472
0.837484 26.7882
0.84322 26.3429
0.848956 26.875
0.854692 25.0118
0.860429 22.6173
0.866165 21.0548
0.871901 24.4875
0.877637 22.9759
0.883373 21.987
0.88911 19.7179
0.894846 20.0706
0.900582 24.0482
0.906318 27.7297
0.912054 25.2444
0.91779 22.908
0.923527 24.0909
0.929263 24.0581
0.934999 22.2198
0.940735 22.3333
0.946471 26.0595
0.952208 26
0.957944 23.5699
0.96368 22.6795
0.969416 24.8211
0.975152 25.6222
0.980889 24.0235
0.986625 20.7674
0.992361 29.6105
0.998097 26.1579
1.00383 26.3
1.00957 24.0202
1.01531 24.3918
1.02104 22.7143
1.02678 23.0521
1.03251 23.4066
1.03825 26.36
1.04399 25.3488
1.04972 25.7327
1.05546 22.9901
1.0612 23.3902
1.06693 26.215
1.07267 24.4396
1.0784 26.8155
1.08414 25.1122
1.08988 25.77
1.09561 27.4
1.10135 25.2442
1.10708 26.5273
1.11282 24.9158
1.11856 26.8878
1.12429 24.2476
1.13003 29.4095
1.13577 26.0095
1.1415 26.2255
1.14724 24.8073
1.15297 23.34
1.15871 22.64
1.16445 23.2087
1.17018 25.4286
1.17592 26.1682
1.18166 25.1354
1.18739 23
1.19313 23.156
1.19886 23.2621
1.2046 22.0435
1.21034 24.0093
1.21607 20.1455
1.22181 22.0091
1.22754 26.5128
1.23328 19.2243
1.23902 23.0446
1.24475 22.3109
1.25049 23.4037
1.25623 22.9259
1.26196 24.2821
1.2677 22.1774
1.27343 24.0811
1.27917 23.4068
1.28491 22.7797
1.29064 22.7611
1.29638 22.0259
1.30212 25.7692
1.30785 22.2353
1.31359 23.6034
1.31932 23.0236
1.32506 24.6639
1.3308 21.9655
1.33653 23.3016
1.34227 24.2269
1.348 24.6929
1.35374 23.7434
1.35948 24.36
1.36521 23.2901
1.37095 23.3273
1.37669 24.7554
1.38242 21.7049
1.38816 20.916
1.39389 22.0932
1.39963 22.4545
1.40537 24.1163
1.4111 22.125
1.41684 24.6643
1.42258 24.3778
1.42831 23.281
1.43405 21.3846
1.43978 25.1852
1.44552 24.1522
1.45126 20.4915
1.45699 23.1064
1.46273 24.9848
1.46846 24.9603
1.4742 22.7413
1.47994 21.9845
1.48567 22.3985
1.49141 20.9692
1.49715 21.2617
1.50288 25.6058
1.50862 24.5242
1.51435 22.6096
1.52009 23.7092
1.52583 22.855
1.53156 23.8519
1.5373 24.8027
1.54304 24.0709
1.54877 24.0809
1.55451 25.3691
1.56024 21.8394
1.56598 22.7786
1.57172 21.2553
1.57745 23.027
1.58319 22.0567
1.58892 21.4648
1.59466 24.96
1.6004 24.0909
1.60613 21.2681
1.61187 22.9128
1.61761 22.7516
1.62334 25.8947
1.62908 23.9677
1.63481 23.5033
1.64055 23.58
1.64629 23
1.65202 23.5298
1.65776 22.8278
1.6635 22.6204
1.66923 25.4403
1.67497 25.6503
1.6807 26.4599
1.68644 24.6456
1.69218 23.0802
1.69791 23.4444
1.70365 23.2838
1.70938 23.7436
1.71512 23.7975
1.72086 22.6029
1.72659 22.7341
1.73233 21.9806
1.73807 25.0392
1.7438 23.2711
1.74954 26.3145
1.75527 22.5976
1.76101 24.8529
1.76675 25.6298
1.77248 24.7073
1.77822 24.9864
1.78396 25.3452
1.78969 24.6943
1.79543 25.0231
1.80116 26.4268
1.8069 25.0175
1.81264 26.2275
1.81837 25.38
1.82411 25.4167
1.82984 22.5342
1.83558 23.7636
1.84132 26.0303
1.84705 23.8225
1.85279 26.0468
1.85853 24.1625
1.86426 25.3333
1.87 26.3314
1.87573 25.5125
1.88147 26.4068
1.88721 27.7267
1.89294 25.4277
1.89868 25.3353
1.90442 26.9368
1.91015 29.4201
1.91589 43.875
1.92162 51.9251
1.92736 34.5763
1.9331 32.2024
1.93883 37.4477
1.94457 34.8889
1.9503 31.2471
1.95604 26.1279
1.96178 27.3425
1.96751 27
1.97325 27.6994
1.97899 26.4225
1.98472 22.6809
1.99046 26.6114
1.99619 28.478
2.00193 25.3053
2.00767 26.6723
2.0134 26.6395
2.01914 26.2234
2.02488 26.6544
2.03061 26.0056
2.03635 26.3085
2.04208 27.9568
2.04782 24.2181
2.05356 27.6505
2.05929 27.7735
2.06503 25.48
2.07076 26.0455
2.0765 28.4041
2.08224 25.1786
2.08797 28.104
2.09371 29.6061
2.09945 29.1568
2.10518 24.6533
2.11092 26.9305
2.11665 28.8513
2.12239 27.1739
2.12813 25.2485
2.13386 27.3532
2.1396 28.7487
2.14534 29.9231
2.15107 29.1979
2.15681 29.1809
2.16254 26.8762
2.16828 26.7337
2.17402 27.7773
2.17975 26.61
2.18549 28.1905
2.19122 29.8069
2.19696 30.0941
2.2027 32.6537
2.20843 42.2978
2.21417 59.1132
2.21991 68.3146
2.22564 40.7322
2.23138 33.1469
2.23711 31.1256
2.24285 32.5337
2.24859 34.4167
2.25432 31.3562
2.26006 30.1748
2.2658 27.3495
2.27153 29.1581
2.27727 30.0095
2.283 28.7114
2.28874 30.6078
2.29448 30.1577
2.30021 30.6682
2.30595 30.6263
2.31168 30.1574
2.31742 32.3865
2.32316 33.5577
2.32889 34.7804
2.33463 34.9249
2.34037 37.3005
2.3461 37.8019
2.35184 39.7828
2.35757 40.9657
2.36331 43.6402
2.36905 44.3088
2.37478 44.1532
2.38052 41.4009
2.38626 40.7374
2.39199 37.9231
2.39773 37.2319
2.40346 36.0411
2.4092 35.574
2.41494 33.5611
2.42067 31.8111
2.42641 31.1152
2.43214 31.368
2.43788 30.9855
2.44362 32.022
2.44935 32.3949
2.45509 31.1268
2.46083 31.8065
2.46656 31.8865
2.4723 32.5462
2.47803 29.3349
2.48377 32.2035
2.48951 30.1239
2.49524 31.3846
2.50098 33.4821
2.50672 33.5044
2.51245 31.0644
2.51819 32.287
2.52392 28.2773
2.52966 32.1381
2.5354 30.9028
2.54113 33.4667
2.54687 31.9394
2.5526 33.1525
2.55834 32.8919
2.56408 34.0809
2.56981 31.5702
2.57555 32.8281
2.58129 31.8485
2.58702 33.7824
2.59276 33.2099
2.59849 31.6441
2.60423 34.839
2.60997 35.0581
2.6157 36.422
2.62144 33.3711
2.62718 33.383
2.63291 33.6695
2.63865 33.4549
2.64438 31.6049
2.65012 30.552
2.65586 32.683
2.66159 33.3043
2.66733 31.918
2.67306 33.3787
2.6788 34.1133
2.68454 34.6429
2.69027 36.008
2.69601 34.8478
2.70175 39.625
2.70748 39.6872
2.71322 35.5443
2.71895 37.9808
2.72469 35.786
2.73043 36.5157
2.73616 34.7583
2.7419 34.7354
2.74764 34.5494
2.75337 31.6883
2.75911 35.5247
2.76484 34.131
2.77058 32.7325
2.77632 34.3552
2.78205 35.7262
2.78779 34.2201
2.79352 34.4467
2.79926 34.2481
2.805 34.8153
2.81073 33.6446
2.81647 35.3815
2.82221 34.1597
2.82794 35.2222
2.83368 35.0875
2.83941 36.7978
2.84515 34.94
2.85089 35.376
2.85662 34.9551
2.86236 33.9313
2.8681 35.7195
2.87383 35.5849
2.87957 36.9496
2.8853 36.7711
2.89104 36.2357
2.89678 36.3358
2.90251 36.4406
2.90825 35.185
2.91398 37.5912
2.91972 35.9711
2.92546 36.7954
2.93119 37.2755
2.93693 36.2347
2.94267 37.9504
2.9484 37.1358
2.95414 38.0934
2.95987 37.2374
2.96561 38.05
2.97135 41.4555
2.97708 41.0071
2.98282 40.741
2.98856 41.1893
2.99429 43.3036
3.00003 39.9777
3.00576 39.0456
3.0115 40.7022
3.01724 38.6609
3.02297 39.2672
3.02871 37.8165
3.03444 40.1004
3.04018 40.0791
3.04592 40.7757
3.05165 38.7706
3.05739 39.4558
3.06313 41.1051
3.06886 39.652
3.0746 40.9333
3.08033 42.6196
3.08607 44.1489
3.09181 47.4167
3.09754 49.9689
3.10328 55.4436
3.10902 57.8356
3.11475 54.9153
3.12049 53.2051
3.12622 50.1566
3.13196 52.6833
3.1377 54.7767
3.14343 63.4071
3.14917 59.2561
3.1549 49.4539
3.16064 47.3051
3.16638 48.4686
3.17211 47.191
3.17785 45.6109
3.18359 47.8136
3.18932 47.6167
3.19506 48.2997
3.20079 47.1896
3.20653 47.8632
3.21227 47.413
3.218 50.1181
3.22374 49.7951
3.22948 50.1672
3.23521 52.3934
3.24095 51.7732
3.24668 52.9905
3.25242 51.8467
3.25816 49.7465
3.26389 51.0516
3.26963 52.0959
3.27536 52.429
3.2811 54.7978
3.28684 55.6469
3.29257 56.9869
3.29831 56.775
3.30405 61.2019
3.30978 64.8623
3.31552 67.5855
3.32125 70.4068
3.32699 73.4219
3.33273 74.5481
3.33846 72.5965
3.3442 73.9655
3.34994 71.2951
3.35567 68.6478
3.36141 68.6782
3.36714 67.2051
3.37288 66.3648
3.37862 64.8532
3.38435 63.9662
3.39009 66.2593
3.39582 63.8431
3.40156 61.9937
3.4073 66.7397
3.41303 65.066
3.41877 67.6238
3.42451 68.4892
3.43024 67.4395
3.43598 66.6106
3.44171 62.4107
3.44745 65.5065
3.45319 63.7304
3.45892 67.1355
3.46466 66.3832
3.4704 67.0332
3.47613 64.904
3.48187 67.6988
3.4876 67.5905
3.49334 69.7841
3.49908 68.5414
3.50481 69.6746
3.51055 72.3344
3.51628 72.8064
3.52202 78.64
3.52776 84.1335
3.53349 92.5346
3.53923 112.46
3.54497 137.251
3.5507 150.158
3.55644 138.399
3.56217 117.487
3.56791 100.091
3.57365 90.8975
3.57938 87.0088
3.58512 84.8862
3.59086 83.9045
3.59659 86.2099
3.60233 86.7201
3.60806 86.5303
3.6138 88.5175
3.61954 91.5104
3.62527 93.3554
3.63101 97.6822
3.63674 110.873
3.64248 122.526
3.64822 134.873
3.65395 142.787
3.65969 141.521
3.66543 135.616
3.67116 127.157
3.6769 130.205
3.68263 131.16
3.68837 132.013
3.69411 126.475
3.69984 125.278
3.70558 124.339
3.71132 123.292
3.71705 128.093
3.72279 131.606
3.72852 130.866
3.73426 135.057
3.74 140.076
3.74573 141.323
3.75147 142.798
3.7572 147.198
3.76294 151.913
3.76868 155.874
3.77441 164.031
3.78015 168.663
3.78589 174.094
3.79162 184.414
3.79736 195.602
3.80309 209.372
3.80883 220.275
3.81457 242.522
3.8203 261.823
3.82604 291.982
3.83178 349.767
3.83751 496.284
3.84325 990.679
3.84898 1631.43
3.85472 2436.76
3.86046 1456.7
3.86619 1128.93
3.87193 1257.05
3.87766 1583.28
3.8834 2061.49
3.88914 2636.52
3.89487 3143.39
3.90061 2981.54
3.90635 2395.51
3.91208 1792.04
3.91782 1257.87
3.92355 930.84
3.92929 721.68
3.93503 575.168
3.94076 474.436
3.9465 403.202
3.95224 360.708
3.95797 319.523
3.96371 288.888
3.96944 269.875
3.97518 251.711
3.98092 235.523
3.98665 221.011
3.99239 213.794
3.99812 204.165
4.00386 196.236
4.0096 190.616
4.01533 183.805
4.02107 178.496
4.02681 176.655
4.03254 176.099
4.03828 174.364
4.04401 170.306
4.04975 165.595
4.05549 160.888
4.06122 155.962
4.06696 153.995
4.0727 151.597
4.07843 148.025
4.08417 145.463
4.0899 143.488
4.09564 143.402
4.10138 140.476
4.10711 141.714
4.11285 140.286
4.11858 140.419
4.12432 137.966
4.13006 137.992
4.13579 135.784
4.14153 136.212
4.14727 135.966
4.153 135.512
4.15874 134.317
4.16447 132.449
4.17021 134.636
4.17595 133.105
4.18168 132.883
4.18742 131.783
4.19316 133.096
4.19889 135.672
4.20463 134.135
4.21036 134.079
4.2161 134.538
4.22184 133.266
4.22757 133.365
4.23331 132.218
4.23904 132.899
4.24478 133.873
4.25052 133.481
4.25625 135.469
4.26199 135.459
4.26773 137.269
4.27346 136.236
4.2792 140.682
4.28493 139.494
4.29067 141.462
4.29641 142.745
4.30214 144.03
4.30788 148.082
4.31362 149.985
4.31935 151.95
4.32509 156.43
4.33082 158.395
4.33656 163.763
4.3423 164.406
4.34803 170.579
4.35377 175.856
4.3595 182.242
4.36524 188.45
4.37098 196.02
4.37671 203.861
4.38245 211.222
4.38819 224.978
4.39392 237.921
4.39966 245.392
4.40539 268.929
4.41113 290.656
4.41687 322.077
4.4226 381.469
4.42834 490.514
4.43408 816.656
4.43981 1876.8
4.44555 4536.25
4.45128 14686.2
4.45702 17785.1
4.46276 7415.03
4.46849 2722
4.47423 1533.53
4.47996 1002.77
4.4857 909.529
4.49144 881.083
4.49717 854.919
4.50291 865.364
4.50865 807.681
4.51438 719.329
4.52012 619.76
4.52585 516.625
4.53159 436.441
4.53733 372.423
4.54306 319.552
4.5488 281.059
4.55454 253.83
4.56027 230.521
4.56601 210.937
4.57174 195.168
4.57748 180.453
4.58322 169.983
4.58895 161.864
4.59469 153.101
4.60042 146.837
4.60616 140.687
4.6119 139.466
4.61763 134.536
4.62337 134.136
4.62911 132.896
4.63484 128.991
4.64058 122.622
4.64631 117.617
4.65205 113.065
4.65779 110.121
4.66352 108.626
4.66926 105.819
4.675 104.56
4.68073 103.445
4.68647 103.246
4.6922 103.753
4.69794 104.593
4.70368 104.124
4.70941 106.073
4.71515 104.605
4.72088 107.186
4.72662 106.967
4.73236 107.392
4.73809 108.172
4.74383 106.54
4.74957 104.48
4.7553 102.279
4.76104 98.8172
4.76677 95.6308
4.77251 94.1743
4.77825 92.5442
4.78398 90.8311
4.78972 87.4522
4.79546 85.5489
4.80119 85.7596
4.80693 82.8041
4.81266 81.6667
4.8184 80.8598
4.82414 79.1987
4.82987 77.5215
4.83561 76.2164
4.84134 80.4978
4.84708 84.1379
4.85282 83.7671
4.85855 80.87
4.86429 77.426
4.87003 77.1316
4.87576 76.6133
4.8815 74.4838
4.88723 75.0767
4.89297 74.7665
4.89871 74.9158
4.90444 73.0157
4.91018 72.4485
4.91592 73.708
4.92165 72.6407
4.92739 70.9521
4.93312 72.2935
4.93886 72.8818
4.9446 71.5718
4.95033 72.0341
4.95607 71.9824
4.9618 71.8237
4.96754 72.2018
4.97328 73.6953
4.97901 79.688
4.98475 74.0514
4.99049 70.4013
4.99622 69.9151
5.00196 70.18
5.00769 69.5676
5.01343 70.3157
5.01917 69.1349
5.0249 70.0387
5.03064 69.9007
5.03638 69.5736
5.04211 71.1457
5.04785 70.2095
5.05358 69.391
5.05932 69.4687
5.06506 68.822
5.07079 69.1438
5.07653 66.3248
5.08226 68.0439
5.088 68.5432
5.09374 69.3333
5.09947 69.3804
5.10521 68.4868
5.11095 67.8034
5.11668 69.8476
5.12242 67.5943
5.12815 68.1826
5.13389 70.079
5.13963 69.0797
5.14536 69.5472
5.1511 69.9402
5.15684 71.4652
5.16257 71.5
5.16831 69.3694
5.17404 70.8606
5.17978 71.6525
5.18552 69.1376
5.19125 68.9917
5.19699 68.6459
5.20272 68.1882
5.20846 66.8773
5.2142 66.7641
5.21993 69.7137
5.22567 68.9079
5.23141 69.566
5.23714 69.38
5.24288 67.032
5.24861 69.1928
5.25435 69.0396
5.26009 71.2739
5.26582 69.8017
5.27156 70.456
5.2773 71.3063
5.28303 71.5546
5.28877 71.0855
5.2945 71.3775
5.30024 73.2994
5.30598 70.9709
5.31171 72.2064
5.31745 73.7635
5.32318 72.6835
5.32892 71.5218
5.33466 71.2945
5.34039 69.8225
5.34613 70.7924
5.35187 70.115
5.3576 70.7325
5.36334 69.2474
5.36907 70.2031
5.37481 72.1494
5.38055 73.2225
5.38628 79.34
5.39202 86.4308
5.39776 90.496
5.40349 87.7265
5.40923 80.4272
5.41496 74.8905
5.4207 72.1559
5.42644 69.8619
5.43217 70.0507
5.43791 71.4134
5.44364 74.5281
5.44938 71.5323
5.45512 74.1787
5.46085 72.6936
5.46659 71.4732
5.47233 70.371
5.47806 70.2475
5.4838 67.8808
5.48953 67.5098
5.49527 68.1847
5.50101 69.6122
5.50674 70.0057
5.51248 69.4672
5.51822 69.3968
5.52395 68.8204
5.52969 69.9802
5.53542 70.1285
5.54116 69.32
5.5469 70.8561
5.55263 69.4118
5.55837 70.2906
5.5641 70.6464
5.56984 70.3393
5.57558 70.4453
5.58131 71.9148
5.58705 71.9008
5.59279 70.4922
5.59852 70.6078
5.60426 71.1107
5.60999 70.4338
5.61573 70.1216
5.62147 72.2414
5.6272 72.3358
5.63294 71.8481
5.63868 73.0349
5.64441 71.8146
5.65015 73.3038
5.65588 72.633
5.66162 72.4971
5.66736 74.89
5.67309 74.0183
5.67883 75.479
5.68456 73.3288
5.6903 74.9335
5.69604 75.7273
5.70177 74.5
5.70751 77.0057
5.71325 77.183
5.71898 78.7091
5.72472 76.6998
5.73045 78.5809
5.73619 78.7866
5.74193 78.6519
5.74766 77.9286
5.7534 79.5651
5.75914 81
5.76487 81.5187
5.77061 84.9121
5.77634 84.825
5.78208 82.7108
5.78782 84.1013
5.79355 86.1034
5.79929 84.7742
5.80502 83.8143
5.81076 83.6805
5.8165 83.6327
5.82223 82.6443
5.82797 83.6783
5.83371 84.9259
5.83944 85.3951
5.84518 83.6465
5.85091 85.7607
5.85665 83.6828
5.86239 84.7099
5.86812 86.5251
5.87386 86.7079
5.8796 86.0769
5.88533 86.2285
5.89107 86.2924
5.8968 87.2297
5.90254 88.2487
5.90828 88.1525
5.91401 88.0168
5.91975 88.2863
5.92548 87.6
5.93122 90.159
5.93696 90.4422
5.94269 90.6873
5.94843 90.8768
5.95417 92.15
5.9599 93.1036
5.96564 93.302
5.97137 95.9596
5.97711 96.9295
5.98285 96.9982
5.98858 99.0967
5.99432 100.279
6.00006 101.314
6.00579 103.292
6.01153 107.406
6.01726 109.038
6.023 108.29
6.02874 106.575
6.03447 104.884
6.04021 104.773
6.04594 105.569
6.05168 107.029
6.05742 107.597
6.06315 107.776
6.06889 108.655
6.07463 109.955
6.08036 110.848
6.0861 114.889
6.09183 114.719
6.09757 117.596
6.10331 117.198
6.10904 118.66
6.11478 121.551
6.12052 121.879
6.12625 123.391
6.13199 125.716
6.13772 126.74
6.14346 126.238
6.1492 129.19
6.15493 131.891
6.16067 134.426
6.1664 135.491
6.17214 139.201
6.17788 143.304
6.18361 145.14
6.18935 150.892
6.19509 156.485
6.20082 157.427
6.20656 165.544
6.21229 173.456
6.21803 183.508
6.22377 187.728
6.2295 194.6
6.23524 204.876
6.24098 206.509
6.24671 213.052
6.25245 227.647
6.25818 239.605
6.26392 260.52
6.26966 294.892
6.27539 385.695
6.28113 514.4
6.28686 1342.58
6.2926 3193.55
6.29834 7078.48
6.30407 7534.64
6.30981 9049.81
6.31555 3029.16
6.32128 1549.13
6.32702 799.321
6.33275 598.012
6.33849 534.947
6.34423 490.801
6.34996 502.723
6.3557 533.116
6.36144 582.664
6.36717 662.741
6.37291 731.095
6.37864 741.419
6.38438 685.623
6.39012 598.087
6.39585 518.301
6.40159 437.179
6.40732 374.555
6.41306 322.977
6.4188 286.099
6.42453 258.545
6.43027 242.134
6.43601 226.591
6.44174 214.896
6.44748 207.135
6.45321 199.337
6.45895 196.98
6.46469 193.46
6.47042 189.375
6.47616 185.961
6.4819 173.109
6.48763 164.702
6.49337 163.138
6.4991 156.081
6.50484 154.267
6.51058 152.021
6.51631 150.947
6.52205 147.153
6.52778 146.477
6.53352 145.059
6.53926 143.261
6.54499 142.992
6.55073 143.374
6.55647 142.52
6.5622 143.874
6.56794 142.506
6.57367 143.752
6.57941 143.815
6.58515 141.382
6.59088 137.367
6.59662 134.166
6.60236 133.381
6.60809 132.619
6.61383 132.424
6.61956 129.856
6.6253 128.367
6.63104 128.573
6.63677 127.688
6.64251 127.071
6.64824 128.061
6.65398 128.539
6.65972 126.952
6.66545 129.454
6.67119 128.146
6.67693 130.479
6.68266 131.291
6.6884 130.47
6.69413 130.854
6.69987 127.083
6.70561 127.421
6.71134 126.588
6.71708 126.786
6.72282 126.502
6.72855 125.895
6.73429 125.444
6.74002 123.783
6.74576 122.492
6.7515 121.652
6.75723 121.159
6.76297 121.471
6.7687 121.69
6.77444 120.85
6.78018 120.817
6.78591 121.502
6.79165 122.124
6.79739 123.377
6.80312 129.745
6.80886 137.618
6.81459 129.074
6.82033 123.082
6.82607 122.624
6.8318 120.017
6.83754 119.443
6.84328 118.231
6.84901 118.879
6.85475 118.263
6.86048 120.074
6.86622 120.015
6.87196 120.086
6.87769 119.12
6.88343 118.539
6.88916 120.144
6.8949 119.016
6.90064 118.599
6.90637 120.437
6.91211 118.733
6.91785 119.569
6.92358 118.329
6.92932 121.323
6.93505 119.306
6.94079 119.006
6.94653 118.266
6.95226 120.188
6.958 120.028
6.96374 119.878
6.96947 118.238
6.97521 119.502
6.98094 119.668
6.98668 119.141
6.99242 119.778
6.99815 119.233
7.00389 120.019
7.00962 121.425
7.01536 121.939
7.0211 120.729
7.02683 120.896
7.03257 120.957
7.03831 122.052
7.04404 122.795
7.04978 123.174
7.05551 122.887
7.06125 123.102
7.06699 122.952
7.07272 123.494
7.07846 124.053
7.0842 125.066
7.08993 125.199
7.09567 126.101
7.1014 126.027
7.10714 127.743
7.11288 128.731
7.11861 130.796
7.12435 130.135
7.13008 131.376
7.13582 129.671
7.14156 128.382
7.14729 129.674
7.15303 130.071
7.15877 130.812
7.1645 130.177
7.17024 128.963
7.17597 131.274
7.18171 132.534
7.18745 132.503
7.19318 132.985
7.19892 132.739
7.20466 135.608
7.21039 136.284
7.21613 136.139
7.22186 137.634
7.2276 138.095
7.23334 139.463
7.23907 138.932
7.24481 139.853
7.25054 138.906
7.25628 140.822
7.26202 143.078
7.26775 143.861
7.27349 143.527
7.27923 144.424
7.28496 146.038
7.2907 148.721
7.29643 150.06
7.30217 150.547
7.30791 155.074
7.31364 158.337
7.31938 157.436
7.32512 161.507
7.33085 165.13
7.33659 167.925
7.34232 166.718
7.34806 172.539
7.3538 177.138
7.35953 177.766
7.36527 190.754
7.371 217.276
7.37674 333.566
7.38248 309.321
7.38821 950.648
7.39395 885.459
7.39969 1186.87
7.40542 1639.97
7.41116 944.762
7.41689 556.12
7.42263 387.214
7.42837 347.516
7.4341 343.435
7.43984 347.061
7.44558 367.596
7.45131 400.97
7.45705 450.709
7.46278 513.298
7.46852 596.221
7.47426 671.578
7.47999 709.636
7.48573 693.388
7.49146 621.154
7.4972 534.218
7.50294 452.993
7.50867 384.484
7.51441 329.091
7.52015 290.917
7.52588 260.023
7.53162 235.748
7.53735 218.404
7.54309 203.192
7.54883 191.199
7.55456 183.711
7.5603 175.743
7.56604 169.489
7.57177 163.282
7.57751 158.046
7.58324 154.41
7.58898 151.529
7.59472 149.885
7.60045 145.342
7.60619 144.042
7.61192 142.272
7.61766 139.982
7.6234 139.652
7.62913 138.786
7.63487 137.725
7.64061 136.599
7.64634 134.633
7.65208 133.901
7.65781 135.176
7.66355 131.807
7.66929 132.803
7.67502 132.968
7.68076 133.754
7.6865 132.393
7.69223 133.308
7.69797 134.047
7.7037 135.615
7.70944 142.47
7.71518 167.613
7.72091 205.014
7.72665 283.517
7.73238 416.272
7.73812 204.413
7.74386 160.875
7.74959 165.579
7.75533 162.772
7.76107 163.144
7.7668 168.975
7.77254 178.236
7.77827 188.092
7.78401 203.69
7.78975 223.653
7.79548 250.392
7.80122 278.69
7.80696 302.958
7.81269 316.762
7.81843 306.731
7.82416 279.804
7.8299 249.105
7.83564 215.919
7.84137 191.915
7.84711 171.558
7.85284 156.551
7.85858 145.791
7.86432 138.291
7.87005 132.363
7.87579 128.234
7.88153 123.854
7.88726 119.934
7.893 119.879
7.89873 116.596
7.90447 114.916
7.91021 116.634
7.91594 117.592
7.92168 119.294
7.92742 111.832
7.93315 108.515
7.93889 107.213
7.94462 107.221
7.95036 104.43
7.9561 103.69
7.96183 104.02
7.96757 103.843
7.9733 102.516
7.97904 102.297
7.98478 101.762
7.99051 100.714
7.99625 100.808
8.00199 102.621
8.00772 99.5569
8.01346 98.2493
8.01919 99.7021
8.02493 98.4609
8.03067 98.2831
8.0364 98.2454
8.04214 98.0769
8.04788 97.6332
8.05361 96.5453
8.05935 97.3862
8.06508 96.3458
8.07082 94.8633
8.07656 96.8375
8.08229 98.113
8.08803 99.3207
8.09376 98.8292
8.0995 96.8062
8.10524 94.0122
8.11097 92.8996
8.11671 89.7791
8.12245 88.6065
8.12818 87.6232
8.13392 86.4822
8.13965 84.5682
8.14539 85.0958
8.15113 84.7085
8.15686 76.9677
8.1626 80.8417
8.16834 82.5176
8.17407 84.2398
8.17981 84.7112
8.18554 85.0817
8.19128 85.154
8.19702 84.3333
8.20275 84.4695
8.20849 85.6644
8.21422 83.8309
8.21996 82.5565
8.2257 81.9965
8.23143 82.9756
8.23717 82.6075
8.24291 84.5053
8.24864 83.2789
8.25438 84.8618
8.26011 84.7306
8.26585 84.1567
8.27159 83.6045
8.27732 83.595
8.28306 82.2832
8.2888 83.4263
8.29453 82.9489
8.30027 81.9865
8.306 82.7807
8.31174 83.3705
8.31748 81.6861
8.32321 81.628
8.32895 81.6452
8.33468 83.2013
8.34042 82.6887
8.34616 81.7527
8.35189 82.1335
8.35763 81.0439
8.36337 80.7877
8.3691 81.587
8.37484 83.9193
8.38057 80.3905
8.38631 81.8385
8.39205 81.0595
8.39778 82.1422
8.40352 81.3442
8.40926 82.4142
8.41499 82.5488
8.42073 84.419
8.42646 85.9107
8.4322 90.1116
8.43794 90.2364
8.44367 90.3766
8.44941 86.272
8.45514 83.4568
8.46088 82.0614
8.46662 82.5866
8.47235 82.0322
8.47809 80.6569
8.48383 79.2253
8.48956 78.848
8.4953 79.5928
8.50103 77.9224
8.50677 80.3707
8.51251 80.2271
8.51824 79.0741
8.52398 80.6085
8.52972 77.8731
8.53545 80.9913
8.54119 80.7027
8.54692 79.3788
8.55266 79.9796
8.5584 80.4277
8.56413 82.1084
8.56987 80.3435
8.5756 82.246
8.58134 79.4087
8.58708 78.7407
8.59281 78.2138
8.59855 76.5559
8.60429 79.0273
8.61002 77.7387
8.61576 77.1025
8.62149 78.2701
8.62723 80.5
8.63297 77.8755
8.6387 77.4615
8.64444 78.0664
8.65018 78.1478
8.65591 76.9895
8.66165 75.9434
8.66738 78.4769
8.67312 78.524
8.67886 79.5568
8.68459 77.9813
8.69033 77.7012
8.69606 79.3636
8.7018 77.1602
8.70754 78.508
8.71327 78.8966
8.71901 77.2489
8.72475 79.8178
8.73048 78.9919
8.73622 80.2371
8.74195 82.0282
8.74769 81.6737
8.75343 80.265
8.75916 81.2966
8.7649 77.945
8.77064 79.2203
8.77637 76.6518
8.78211 78.2431
8.78784 77.7642
8.79358 76.931
8.79932 78.557
8.80505 79.4225
8.81079 78.4926
8.81652 79.2938
8.82226 76.9741
8.828 78.9722
8.83373 82.1073
8.83947 79.4973
8.84521 79.9756
8.85094 78.1223
8.85668 80.0154
8.86241 79.7846
8.86815 81.408
8.87389 81.9179
8.87962 83.422
8.88536 80.5746
8.8911 80.738
8.89683 80.7037
8.90257 82.6393
8.9083 84.2659
8.91404 84.575
8.91978 87.7086
8.92551 96.4713
8.93125 107.012
8.93698 102.951
8.94272 98.0872
8.94846 96.697
8.95419 91.396
8.95993 88.2432
8.96567 90.8012
8.9714 88.9921
8.97714 90.3671
8.98287 91.2308
8.98861 91.763
8.99435 96.7655
9.00008 92.4872
9.00582 96.5592
9.01156 103.275
9.01729 103.008
9.02303 105.486
9.02876 110.427
9.0345 104.577
9.04024 104.767
9.04597 111.538
9.05171 100.724
9.05744 92.6694
9.06318 99.6311
9.06892 90.9412
9.07465 90.0938
9.08039 85.7009
9.08613 84.3738
9.09186 86
9.0976 81.5865
9.10333 86.4583
9.10907 81.449
9.11481 78.2708
9.12054 81.0682
9.12628 78.449
9.13202 76.6219
9.13775 79.5652
9.14349 78.119
9.14922 79.1585
9.15496 73.8659
9.1607 80.6487
9.16643 75.925
9.17217 74.7397
9.1779 76.5395
9.18364 76.1714
9.18938 74.7941
9.19511 73.3529
9.20085 74.5873
9.20659 74.9692
9.21232 79.5
9.21806 75.5738
9.22379 72.5455
9.22953 72.4182
9.23527 70.2642
9.241 68.0179
9.24674 69.3673
9.25248 70.5106
9.25821 61.8222
9.26395 71.5455
9.26968 66.6512
9.27542 65.2308
9.28116 64.8
9.28689 69.2
9.29263 51.9697
9.29836 63.5455
9.3041 59.1818
9.30984 65
9.31557 60.5556
9.32131 54.7407
9.32705 48.85
9.33278 53.8261
9.33852 46.5789
9.34425 45.7778
9.34999 41.1765
9.35573 42.0714
9.36146 42.9091
9.3672 30
9.37294 28.625
9.37867 26.4444
9.38441 17
9.39014 3.5
9.39588 0
9.40162 0
9.40735 0
9.41309 0
9.41882 0
9.42456 0
9.4303 0
9.43603 0
9.44177 0
9.44751 0
9.45324 0
9.45898 0
9.46471 0
9.47045 0
9.47619 0
9.48192 0
9.48766 0
9.4934 0
9.49913 0
9.50487 0
9.5106 0
9.51634 0
9.52208 0
9.52781 0
9.53355 0
9.53928 0
9.54502 0
9.55076 0
9.55649 0
9.56223 0
9.56797 0
9.5737 0
9.57944 0
9.58517 0
9.59091 0
9.59665 0
9.60238 0
9.60812 0
9.61386 0
9.61959 0
9.62533 0
9.63106 0
9.6368 0
9.64254 0
9.64827 0
9.65401 0
9.65974 0
9.66548 0
9.67122 0
9.67695 0
9.68269 0
9.68843 0
9.69416 0
9.6999 0
9.70563 0
9.71137 0
9.71711 0
9.72284 0
9.72858 0
9.73432 0
9.74005 0
9.74579 0
9.75152 0
9.75726 0
9.763 0
9.76873 0
9.77447 0
9.7802 0
9.78594 0
9.79168 0
9.79741 0
9.80315 0
9.80889 0
9.81462 0
9.82036 0
9.82609 0
9.83183 0
9.83757 0
9.8433 0
9.84904 0
9.85478 0
9.86051 0
9.86625 0
9.87198 0
9.87772 0
9.88346 0
9.88919 0
9.89493 0
9.90066 0
9.9064 0
9.91214 0
9.91787 0
9.92361 0
9.92935 0
9.93508 0
9.94082 0
9.94655 0
9.95229 0
9.95803 0
9.96376 0
9.9695 0
9.97524 0
9.98097 0
9.98671 0
9.99244 0
9.99818 0
10.0039 0
10.0097 0
10.0154 0
10.0211 0
10.0269 0
10.0326 0
10.0383 0
10.0441 0
10.0498 0
10.0555 0
10.0613 0
10.067 0
10.0728 0
10.0785 0
10.0842 0
10.09 0
10.0957 0
10.1014 0
10.1072 0
10.1129 0
10.1186 0
10.1244 0
10.1301 0
10.1358 0
10.1416 0
10.1473 0
10.1531 0
10.1588 0
10.1645 0
10.1703 0
10.176 0
10.1817 0
10.1875 0
10.1932 0
10.1989 0
10.2047 0
10.2104 0
10.2162 0
10.2219 0
10.2276 0
10.2334 0
10.2391 0
10.2448 0
10.2506 0
10.2563 0
10.262 0
10.2678 0
10.2735 0
10.2793 0
10.285 0
10.2907 0
10.2965 0
10.3022 0
10.3079 0
10.3137 0
10.3194 0
10.3251 0
10.3309 0
10.3366 0
10.3424 0
10.3481 0
10.3538 0
10.3596 0
10.3653 0
10.371 0
10.3768 0
10.3825 0
10.3882 0
10.394 0
10.3997 0
10.4054 0
10.4112 0
10.4169 0
10.4227 0
10.4284 0
10.4341 0
10.4399 0
10.4456 0
10.4513 0
10.4571 0
10.4628 0
10.4685 0
10.4743 0
10.48 0
10.4858 0
10.4915 0
10.4972 0
10.503 0
10.5087 0
10.5144 0
10.5202 0
10.5259 0
10.5316 0
10.5374 0
10.5431 0
10.5489 0
10.5546 0
10.5603 0
10.5661 0
10.5718 0
10.5775 0
10.5833 0
10.589 0
10.5947 0
10.6005 0
10.6062 0
10.612 0
10.6177 0
10.6234 0
10.6292 0
10.6349 0
10.6406 0
10.6464 0
10.6521 0
10.6578 0
10.6636 0
10.6693 0
10.6751 0
10.6808 0
10.6865 0
10.6923 0
10.698 0
10.7037 0
10.7095 0
10.7152 0
10.7209 0
10.7267 0
10.7324 0
10.7381 0
10.7439 0
10.7496 0
10.7554 0
10.7611 0
10.7668 0
10.7726 0
10.7783 0
10.784 0
10.7898 0
10.7955 0
10.8012 0
10.807 0
10.8127 0
10.8185 0
10.8242 0
10.8299 0
10.8357 0
10.8414 0
10.8471 0
10.8529 0
10.8586 0
10.8643 0
10.8701 0
10.8758 0
10.8816 0
10.8873 0
10.893 0
10.8988 0
10.9045 0
10.9102 0
10.916 0
10.9217 0
10.9274 0
10.9332 0
10.9389 0
10.9447 0
10.9504 0
10.9561 0
10.9619 0
10.9676 0
10.9733 0
10.9791 0
10.9848 0
10.9905 0
10.9963 0
11.002 0
11.0077 0
11.0135 0
11.0192 0
11.025 0
11.0307 0
11.0364 0
11.0422 0
11.0479 0
11.0536 0
11.0594 0
11.0651 0
11.0708 0
11.0766 0
11.0823 0
11.0881 0
11.0938 0
11.0995 0
11.1053 0
11.111 0
11.1167 0
11.1225 0
11.1282 0
11.1339 0
11.1397 0
11.1454 0
11.1512 0
11.1569 0
11.1626 0
11.1684 0
11.1741 0
11.1798 0
11.1856 0
11.1913 0
11.197 0
11.2028 0
11.2085 0
11.2143 0
11.22 0
11.2257 0
11.2315 0
11.2372 0
11.2429 0
11.2487 0
11.2544 0
11.2601 0
11.2659 0
11.2716 0
11.2774 0
11.2831 0
11.2888 0
11.2946 0
11.3003 0
11.306 0
11.3118 0
11.3175 0
11.3232 0
11.329 0
11.3347 0
11.3404 0
11.3462 0
11.3519 0
11.3577 0
11.3634 0
11.3691 0
11.3749 0
11.3806 0
11.3863 0
11.3921 0
11.3978 0
11.4035 0
11.4093 0
11.415 0
11.4208 0
11.4265 0
11.4322 0
11.438 0
11.4437 0
11.4494 0
11.4552 0
11.4609 0
11.4666 0
11.4724 0
11.4781 0
11.4839 0
11.4896 0
11.4953 0
11.5011 0
11.5068 0
11.5125 0
11.5183 0
11.524 0
11.5297 0
11.5355 0
11.5412 0
11.547 0
11.5527 0
11.5584 0
11.5642 0
11.5699 0
11.5756 0
11.5814 0
11.5871 0
11.5928 0
11.5986 0
11.6043 0
11.61 0
11.6158 0
11.6215 0
11.6273 0
11.633 0
11.6387 0
11.6445 0
11.6502 0
11.6559 0
11.6617 0
11.6674 0
11.6731 0
11.6789 0
11.6846 0
11.6904 0
11.6961 0
11.7018 0
11.7076 0
11.7133 0
11.719 0
11.7248 0
11.7305 0
11.7362 0
11.742 0
