0 0
0.00573619 -7
0.0114724 -2
0.0172086 -1.5
0.0229448 -11
0.028681 7
0.0344171 -11.5
0.0401533 5.2
0.0458895 10.8
0.0516257 4.33333
0.0573619 -3
0.0630981 -1
0.0688343 7.85714
0.0745705 3.33333
0.0803067 1.77778
0.0860429 0.111111
0.091779 7.75
0.0975152 7.07692
0.103251 0.777778
0.108988 3.11111
0.114724 5.5
0.12046 -0.545455
0.126196 5.2
0.131932 2
0.137669 -5.73333
0.143405 -6.61538
0.149141 -5.84615
0.154877 -7.125
0.160613 3.46667
0.16635 7.46667
0.172086 0.666667
0.177822 6.42105
0.183558 -4.82353
0.189294 -1.64286
0.19503 0.285714
0.200767 -1
0.206503 0.529412
0.212239 -0.888889
0.217975 3.33333
0.223711 -4.17647
0.229448 5.875
0.235184 1.6087
0.24092 0.0454545
0.246656 2.11111
0.252392 -0.56
0.258129 6.33333
0.263865 -3.14286
0.269601 4.66667
0.275337 -7.51724
0.281073 -1.68
0.28681 -1.29167
0.292546 3.56
0.298282 -4.24138
0.304018 3
0.309754 4.56667
0.31549 -3.3871
0.321227 2.03704
0.326963 -1.23333
0.332699 -2.29032
0.338435 -0.787879
0.344171 2.41667
0.349908 -1.91429
0.355644 4.02857
0.36138 1.80645
0.367116 1.41176
0.372852 -2.93939
0.378589 1.75676
0.384325 1.6875
0.390061 7.05128
0.395797 0.74359
0.401533 8.19231
0.40727 5.86047
0.413006 6.18919
0.418742 11.775
0.424478 6.67647
0.430214 6.68889
0.43595 10.1463
0.441687 13.2812
0.447423 10.4255
0.453159 5
0.458895 10.907
0.464631 17.2273
0.470368 10.9512
0.476104 10.2766
0.48184 12.3056
0.487576 10.8462
0.493312 11.9268
0.499049 12.575
0.504785 12.2632
0.510521 13.8889
0.516257 13.4419
0.521993 17.5682
0.52773 15.6792
0.533466 14.2444
0.539202 17.1667
0.544938 16.0784
0.550674 13.7692
0.55641 13
0.562147 13.3529
0.567883 14.2982
0.573619 10.6
0.579355 13.2778
0.585091 17.2982
0.590828 12.2264
0.596564 11.6042
0.6023 14.1071
0.608036 11.6
0.613772 10.1837
0.619509 19.1897
0.625245 10.9661
0.630981 15.6909
0.636717 15.1034
0.642453 15.2807
0.64819 14.254
0.653926 16.75
0.659662 15.8615
0.665398 18
0.671134 17.9123
0.67687 14.2419
0.682607 16.2857
0.688343 19.6866
0.694079 19.7593
0.699815 17.087
0.705551 17.5846
0.711288 18.4727
0.717024 17.7432
0.72276 16.7869
0.728496 18.7
0.734232 17.9062
0.739969 18.4058
0.745705 20.6479
0.751441 16.4138
0.757177 21.039
0.762913 15.1642
0.76865 20.7536
0.774386 16.1029
0.780122 19.7397
0.785858 19.3117
0.791594 15.4667
0.79733 18.8902
0.803067 15.3043
0.808803 18.7857
0.814539 19.2469
0.820275 18.6338
0.826011 16.7013
0.831748 17.6944
0.837484 17.0118
0.84322 19.2429
0.848956 17.875
0.854692 19.4118
0.860429 18.9012
0.866165 19.3425
0.871901 15.4125
0.877637 19.2169
0.883373 20.3247
0.88911 23.9487
0.894846 18.6118
0.900582 18.0361
0.906318 17.9595
0.912054 16.5333
0.91779 17.023
0.923527 18.7273
0.929263 18.407
0.934999 18.8681
0.940735 16.3827
0.946471 21.2262
0.952208 16.7647
0.957944 16.7419
0.96368 18.4231
0.969416 16.8526
0.975152 17.5111
0.980889 14.9294
0.986625 19.0698
0.992361 17.3789
0.998097 15.7053
1.00383 20.3875
1.00957 16.3333
1.01531 17.6289
1.02104 14.7143
1.02678 15.25
1.03251 18.4506
1.03825 17.42
1.04399 14.6395
1.04972 19.0594
1.05546 15.9307
1.0612 18.2317
1.06693 17.8972
1.07267 17.1429
1.0784 19.1262
1.08414 17.1327
1.08988 19.33
1.09561 13.7238
1.10135 16.7093
1.10708 18.7818
1.11282 16.7263
1.11856 21.0918
1.12429 18.8571
1.13003 18.8286
1.13577 18.4952
1.1415 17.8922
1.14724 17.1101
1.15297 16.85
1.15871 19.25
1.16445 15.3565
1.17018 16.581
1.17592 15.4299
1.18166 16.4167
1.18739 16.8403
1.19313 16.7064
1.19886 16.9126
1.2046 16.113
1.21034 17.215
1.21607 17.2364
1.22181 17.3182
1.22754 16.8205
1.23328 17.8692
1.23902 15.6161
1.24475 15.6218
1.25049 15.5505
1.25623 14.5093
1.26196 12.8205
1.2677 15.7661
1.27343 14.8649
1.27917 16.9237
1.28491 16.0169
1.29064 14.7522
1.29638 14.2672
1.30212 16.5641
1.30785 14.3109
1.31359 17.2155
1.31932 14.8425
1.32506 16.6891
1.3308 15.5517
1.33653 14.0317
1.34227 16.6387
1.348 14.3228
1.35374 15.6372
1.35948 15.608
1.36521 16.8397
1.37095 16.6273
1.37669 16.5252
1.38242 16.3443
1.38816 16.3588
1.39389 17.8644
1.39963 16.3409
1.40537 16.6977
1.4111 14.2679
1.41684 16.6014
1.42258 14.6444
1.42831 16.0826
1.43405 17.3923
1.43978 16.7852
1.44552 14.1957
1.45126 15.2797
1.45699 15.2057
1.46273 16.7424
1.46846 16.3095
1.4742 15.965
1.47994 16.4574
1.48567 16.3759
1.49141 14.1154
1.49715 14.3221
1.50288 16.3504
1.50862 15.0565
1.51435 17.6781
1.52009 18
1.52583 14.8397
1.53156 14.2444
1.5373 17.0136
1.54304 14.4397
1.54877 15.3676
1.55451 14.7919
1.56024 14.7153
1.56598 13.5571
1.57172 15.5035
1.57745 14.2365
1.58319 17.1489
1.58892 16.7746
1.59466 18.5
1.6004 14.3706
1.60613 15.6449
1.61187 14.8188
1.61761 17.5669
1.62334 16.2857
1.62908 13.5097
1.63481 16.0596
1.64055 15.46
1.64629 15.1301
1.65202 17.2649
1.65776 14.9404
1.6635 17.9781
1.66923 15.717
1.67497 17.1656
1.6807 16.1971
1.68644 14.5886
1.69218 15.537
1.69791 15.0588
1.70365 15.2973
1.70938 16.4359
1.71512 12.9693
1.72086 16.2059
1.72659 14.0751
1.73233 15.8065
1.73807 15.7516
1.7438 15.488
1.74954 16.6226
1.75527 16.1159
1.76101 15.2794
1.76675 15.8508
1.77248 17.7378
1.77822 16.7823
1.78396 14.619
1.78969 14.4459
1.79543 17.0405
1.80116 17.6879
1.8069 18.3567
1.81264 17.6587
1.81837 18.4533
1.82411 15.9667
1.82984 17.559
1.83558 16.0061
1.84132 17.103
1.84705 16.8343
1.85279 15.9181
1.85853 15.775
1.86426 18.1525
1.87 15.593
1.87573 19.45
1.88147 17.8418
1.88721 17.6395
1.89294 17.7399
1.89868 19.0529
1.90442 19.7414
1.91015 20.1598
1.91589 33.2857
1.92162 33.0535
1.92736 22.1469
1.9331 19.4762
1.93883 20.9186
1.94457 20.1323
1.9503 18.1
1.95604 19.7674
1.96178 20.1657
1.96751 20.1081
1.97325 18.9448
1.97899 18.738
1.98472 16.016
1.99046 17.2514
1.99619 14.2308
2.00193 16.5
2.00767 17.3955
2.0134 17.2035
2.01914 18.2394
2.02488 18.1675
2.03061 18.6554
2.03635 18.3723
2.04208 18.2919
2.04782 19.4043
2.05356 15.957
2.05929 18.0442
2.06503 17.26
2.07076 17.7386
2.0765 16.399
2.08224 19.8265
2.08797 17.4162
2.09371 16.3737
2.09945 17.3405
2.10518 17.6784
2.11092 18.3262
2.11665 18.5077
2.12239 17.7729
2.12813 19.2249
2.13386 16.7164
2.1396 16.1357
2.14534 19.4564
2.15107 17.9251
2.15681 16.0905
2.16254 18.1584
2.16828 17.2174
2.17402 17.1706
2.17975 20.175
2.18549 18.9365
2.19122 20.2376
2.19696 20.3267
2.2027 20.0976
2.20843 26.264
2.21417 33.0425
2.21991 41
2.22564 29.1093
2.23138 20.327
2.23711 18.1498
2.24285 19.3317
2.24859 17.7865
2.25432 16.4155
2.26006 17.9078
2.2658 17.3656
2.27153 19.0093
2.27727 19.3223
2.283 20.0697
2.28874 18.2157
2.29448 20.3784
2.30021 20.0332
2.30595 19.0758
2.31168 17.912
2.31742 19.4686
2.32316 19.7548
2.32889 18.986
2.33463 22.7089
2.34037 21.554
2.3461 21.0896
2.35184 20.5566
2.35757 22.8824
2.36331 24.0234
2.36905 22.9631
2.37478 24.036
2.38052 22.3318
2.38626 24.1364
2.39199 22.8034
2.39773 22.1932
2.40346 23.9909
2.4092 24.2646
2.41494 21.1538
2.42067 19.3318
2.42641 19.212
2.43214 22.3463
2.43788 20.7778
2.44362 19.63
2.44935 19.7339
2.45509 18.8638
2.46083 20.1198
2.46656 18.2969
2.4723 20.6092
2.47803 19.5442
2.48377 19.0973
2.48951 20.8376
2.49524 19.1855
2.50098 17.9732
2.50672 20.7522
2.51245 18.8197
2.51819 19.9954
2.52392 20.5168
2.52966 19.8033
2.5354 20.8889
2.54113 23.1583
2.54687 20.5714
2.5526 19.7373
2.55834 19.3514
2.56408 22.017
2.56981 20
2.57555 19.9774
2.58129 20.2424
2.58702 19.887
2.59276 19.2881
2.59849 21.6737
2.60423 20.1314
2.60997 22.6515
2.6157 20.6789
2.62144 23.1875
2.62718 21.0468
2.63291 19.5816
2.63865 20.515
2.64438 19.5679
2.65012 21.64
2.65586 19.4241
2.66159 22.6285
2.66733 19.8689
2.67306 20.1957
2.6788 21.0078
2.68454 21.0294
2.69027 23.739
2.69601 20.8826
2.70175 21.5117
2.70748 21.856
2.71322 22.2532
2.71895 21.5517
2.72469 22.8313
2.73043 21.4961
2.73616 22.6458
2.7419 23.2296
2.74764 20.4466
2.75337 22.039
2.75911 22.3384
2.76484 23.6349
2.77058 22.9383
2.77632 22.112
2.78205 22.996
2.78779 20.5135
2.79352 22.1762
2.79926 22.6917
2.805 21.2289
2.81073 21.8182
2.81647 22.5481
2.82221 20.8099
2.82794 20.7183
2.83368 24.5792
2.83941 25.1733
2.84515 20.684
2.85089 22.6202
2.85662 23.2846
2.86236 21.6069
2.8681 23.4715
2.87383 22.2264
2.87957 21.3489
2.8853 21.9076
2.89104 23.8745
2.89678 24.0906
2.90251 21.318
2.90825 22.8189
2.91398 24.3285
2.91972 23.8881
2.92546 24.5251
2.93119 23.4642
2.93693 23.852
2.94267 23.5802
2.9484 25.1396
2.95414 24.2023
2.95987 26.3669
2.96561 25.75
2.97135 25.7509
2.97708 28.5461
2.98282 35.996
2.98856 66.825
2.99429 68.3
3.00003 34.4089
3.00576 29.6616
3.0115 27.0257
3.01724 27.9896
3.02297 25.355
3.02871 24.8777
3.03444 27.1828
3.04018 25.8201
3.04592 25.8419
3.05165 26.147
3.05739 26.9894
3.06313 27.0661
3.06886 27.0541
3.0746 27.7614
3.08033 27.3188
3.08607 27.7731
3.09181 29.0362
3.09754 29.3875
3.10328 32.3383
3.10902 31.5068
3.11475 31.4746
3.12049 29.4286
3.12622 31.3559
3.13196 35.3843
3.1377 36.61
3.14343 40.4679
3.14917 37.301
3.1549 30.3972
3.16064 29.8419
3.16638 29.9604
3.17211 29.5451
3.17785 29.8498
3.18359 29.7706
3.18932 29.8933
3.19506 30.9899
3.20079 31.9219
3.20653 32.1335
3.21227 32.0819
3.218 32.1979
3.22374 33.2326
3.22948 32.2274
3.23521 31.4885
3.24095 34.9071
3.24668 34.6127
3.25242 34.7167
3.25816 33.169
3.26389 35.4097
3.26963 34.7637
3.27536 33.7162
3.2811 35.2243
3.28684 34.7656
3.29257 34.0229
3.29831 36.0071
3.30405 35.6827
3.30978 36.9115
3.31552 39.8882
3.32125 39.3254
3.32699 40.7243
3.33273 40.5865
3.33846 39.8931
3.3442 42.3887
3.34994 40.25
3.35567 42.6611
3.36141 43.1703
3.36714 44.2692
3.37288 55.9251
3.37862 66.9898
3.38435 66.8031
3.39009 75.6027
3.39582 74.817
3.40156 42.7862
3.4073 45.5556
3.41303 42.2079
3.41877 43.9076
3.42451 43.9381
3.43024 41.3376
3.43598 40.769
3.44171 41.2508
3.44745 40.8734
3.45319 39.6583
3.45892 42.6065
3.46466 40.7036
3.4704 42.0399
3.47613 43.0497
3.48187 42.1657
3.4876 43.7492
3.49334 43.2794
3.49908 44.1879
3.50481 44.4985
3.51055 46.2031
3.51628 46.829
3.52202 47.9908
3.52776 50.5093
3.53349 53.5786
3.53923 56.6296
3.54497 64.0596
3.5507 69.3455
3.55644 68.1318
3.56217 61
3.56791 53.566
3.57365 50.5342
3.57938 51.4327
3.58512 52.2923
3.59086 51.7803
3.59659 51.1358
3.60233 51.5131
3.60806 52.7515
3.6138 51.7968
3.61954 53.3761
3.62527 54.8886
3.63101 55.2555
3.63674 62.1722
3.64248 66.2457
3.64822 69.9257
3.65395 70.488
3.65969 72.8794
3.66543 70.2042
3.67116 68.2821
3.6769 69.3185
3.68263 71.9573
3.68837 71.4222
3.69411 69.7243
3.69984 64.9405
3.70558 66.2303
3.71132 66.3554
3.71705 67.6377
3.72279 69.8601
3.72852 69.1045
3.73426 70.0657
3.74 72.1545
3.74573 72.2816
3.75147 73.4191
3.7572 74.2175
3.76294 76.6203
3.76868 77.6626
3.77441 80.1847
3.78015 82.1476
3.78589 83.7333
3.79162 85.2566
3.79736 88.4332
3.80309 92.5774
3.80883 93.9791
3.81457 104.487
3.8203 108.845
3.82604 118.082
3.83178 130.122
3.83751 155.697
3.84325 238.808
3.84898 360.453
3.85472 492.082
3.86046 383.786
3.86619 364.517
3.87193 432.531
3.87766 542.245
3.8834 714.158
3.88914 911.567
3.89487 1069.28
3.90061 1013.16
3.90635 834.176
3.91208 656.584
3.91782 477.709
3.92355 361.185
3.92929 286.871
3.93503 231.261
3.94076 191.168
3.9465 166.526
3.95224 147.542
3.95797 133.111
3.96371 120.493
3.96944 118.336
3.97518 111.466
3.98092 105.433
3.98665 102.846
3.99239 97.6721
3.99812 94.4734
4.00386 92.0029
4.0096 92.7602
4.01533 89.8895
4.02107 87.7656
4.02681 86.2597
4.03254 89.2139
4.03828 87.0575
4.04401 85.3113
4.04975 85.7587
4.05549 84.2287
4.06122 81.159
4.06696 82.7969
4.0727 81.0286
4.07843 80.0732
4.08417 78.9268
4.0899 77.5328
4.09564 77.8723
4.10138 76.7199
4.10711 77.9039
4.11285 77.7066
4.11858 76.1361
4.12432 76.7158
4.13006 76.606
4.13579 76.787
4.14153 75.4209
4.14727 76.4149
4.153 75.5171
4.15874 75.5326
4.16447 77.5
4.17021 77.1403
4.17595 74.8289
4.18168 77.0053
4.18742 77.3127
4.19316 79.2778
4.19889 77.6178
4.20463 80.4631
4.21036 81.6256
4.2161 82.1618
4.22184 78.4935
4.22757 79.2667
4.23331 77.3663
4.23904 79.2732
4.24478 78.8706
4.25052 79.285
4.25625 80.2846
4.26199 79.9599
4.26773 80.3913
4.27346 79.1077
4.2792 82.168
4.28493 82.3342
4.29067 82.3384
4.29641 84.8849
4.30214 83.6716
4.30788 85.2178
4.31362 86.6292
4.31935 88.1984
4.32509 89.6175
4.33082 92.2655
4.33656 94.8587
4.3423 95.1739
4.34803 98.3358
4.35377 100.26
4.3595 103.9
4.36524 107.681
4.37098 110.271
4.37671 114.811
4.38245 119.874
4.38819 124.328
4.39392 132.824
4.39966 135.895
4.40539 145.916
4.41113 160.076
4.41687 175.408
4.4226 205.284
4.42834 256.944
4.43408 424.858
4.43981 961.201
4.44555 2099.14
4.45128 8864.33
4.45702 11619.1
4.46276 5022.76
4.46849 1605.99
4.47423 828.074
4.47996 472.902
4.4857 393.413
4.49144 381.093
4.49717 351.805
4.50291 352.493
4.50865 336.441
4.51438 307.283
4.52012 272.721
4.52585 236.107
4.53159 206.564
4.53733 182.078
4.54306 158.763
4.5488 143.934
4.55454 130.91
4.56027 119.185
4.56601 109.901
4.57174 105.338
4.57748 98.0837
4.58322 92.3413
4.58895 89.9175
4.59469 85.9528
4.60042 82.8797
4.60616 80.5023
4.6119 78.785
4.61763 77.0689
4.62337 77.5566
4.62911 77.9381
4.63484 73.6094
4.64058 73.2284
4.64631 69.5252
4.65205 68.7221
4.65779 66.7809
4.66352 65.1941
4.66926 63.215
4.675 64.6628
4.68073 64.7405
4.68647 63.0934
4.6922 62.7458
4.69794 62.448
4.70368 63.0229
4.70941 62.8539
4.71515 62.8882
4.72088 62.5452
4.72662 62.1279
4.73236 61.7746
4.73809 61.3707
4.74383 62.5134
4.74957 62.3655
4.7553 61.2944
4.76104 59.6795
4.76677 59.6028
4.77251 57.7179
4.77825 58.7791
4.78398 57.3556
4.78972 57.2321
4.79546 54.9244
4.80119 53.5618
4.80693 54.9931
4.81266 53.5402
4.8184 54.3448
4.82414 53.125
4.82987 53.5374
4.83561 51.6948
4.84134 55.1826
4.84708 58.2044
4.85282 59.6303
4.85855 56.2709
4.86429 53.9522
4.87003 51.5058
4.87576 52.2356
4.8815 51.0972
4.88723 49.9736
4.89297 49.9229
4.89871 48.4665
4.90444 48.8946
4.91018 49.3295
4.91592 49.3429
4.92165 48.5087
4.92739 48.6689
4.93312 50.3826
4.93886 49.6455
4.9446 49.6944
4.95033 48.4606
4.95607 48.9473
4.9618 50.5848
4.96754 49.2179
4.97328 49.9464
4.97901 58.9679
4.98475 52.8715
4.99049 49.4904
4.99622 48.138
5.00196 47.0889
5.00769 47.6785
5.01343 46.9095
5.01917 48.1079
5.0249 46.8178
5.03064 46.7948
5.03638 45.6234
5.04211 48.4326
5.04785 47.8035
5.05358 46.6496
5.05932 46.6868
5.06506 48.2681
5.07079 47.2897
5.07653 43.3652
5.08226 46.4364
5.088 46.4021
5.09374 45.9873
5.09947 47.3043
5.10521 46.2895
5.11095 45.7372
5.11668 46.2818
5.12242 46.0088
5.12815 45.0616
5.13389 45.0187
5.13963 47.2931
5.14536 46.7082
5.1511 48.1795
5.15684 45.9816
5.16257 45.4913
5.16831 46.9384
5.17404 47.2303
5.17978 47.2578
5.18552 45.7536
5.19125 45.7743
5.19699 46.3348
5.20272 44.3151
5.20846 44.3681
5.2142 45.0282
5.21993 46.1645
5.22567 46.3854
5.23141 45.932
5.23714 45.6688
5.24288 44.307
5.24861 46.3708
5.25435 45.6634
5.26009 46.1888
5.26582 47.8017
5.27156 46.3988
5.2773 46.6354
5.28303 46.4097
5.28877 47.3809
5.2945 47.4653
5.30024 46.3742
5.30598 47.0333
5.31171 46.9319
5.31745 47.0747
5.32318 47.3903
5.32892 47.5218
5.33466 47.7853
5.34039 48.4572
5.34613 49.1929
5.35187 56.1092
5.3576 48.2119
5.36334 48.0698
5.36907 46.0793
5.37481 45.9958
5.38055 47.2495
5.38628 48.9344
5.39202 50.2174
5.39776 50.6936
5.40349 51.8058
5.40923 49.6496
5.41496 47.5558
5.4207 47.0956
5.42644 47.7665
5.43217 46.2657
5.43791 46.4803
5.44364 49.4054
5.44938 49.681
5.45512 48.9297
5.46085 48.6584
5.46659 48.5498
5.47233 46.1734
5.47806 46.9089
5.4838 46.0485
5.48953 47.3242
5.49527 48.4224
5.50101 46.195
5.50674 47.9905
5.51248 46.3897
5.51822 47.7796
5.52395 48.4511
5.52969 48.2376
5.53542 48.896
5.54116 49.1705
5.5469 48.3645
5.55263 49.7706
5.55837 48.8557
5.5641 48.057
5.56984 47.7738
5.57558 48.4531
5.58131 50.198
5.58705 49.4179
5.59279 49.1196
5.59852 49.0329
5.60426 49.1162
5.60999 48.4376
5.61573 48.8863
5.62147 50.6901
5.6272 50.4897
5.63294 49.4269
5.63868 51.2218
5.64441 51.2378
5.65015 50.2132
5.65588 51.1476
5.66162 49.6145
5.66736 49.4846
5.67309 49.7303
5.67883 50.4651
5.68456 49.8121
5.6903 52.2033
5.69604 52.0909
5.70177 51.1297
5.70751 52.7589
5.71325 52.4682
5.71898 54.0829
5.72472 52.9044
5.73045 51.6507
5.73619 52.9605
5.74193 54.1222
5.74766 53.1617
5.7534 54.8966
5.75914 55.2939
5.76487 55.7753
5.77061 56.5238
5.77634 56.3788
5.78208 55.3894
5.78782 56.547
5.79355 56.8525
5.79929 57.8918
5.80502 56.0432
5.81076 56.4224
5.8165 56.5212
5.82223 56.5661
5.82797 57.0202
5.83371 57.1521
5.83944 57.3081
5.84518 57.6081
5.85091 57.5776
5.85665 57.7079
5.86239 57.5493
5.86812 58.3602
5.87386 59.4251
5.8796 59.0269
5.88533 59.6819
5.89107 58.6509
5.8968 60.0946
5.90254 60.8526
5.90828 59.8131
5.91401 61.9757
5.91975 61.1584
5.92548 64.4518
5.93122 63.3087
5.93696 66.2313
5.94269 73.0109
5.94843 72.1322
5.95417 90.7625
5.9599 73.3107
5.96564 70.5009
5.97137 67.4158
5.97711 67.5162
5.98285 66.5132
5.98858 66.6679
5.99432 69.0362
6.00006 70.6143
6.00579 70.4838
6.01153 73.583
6.01726 73.4118
6.023 73.4705
6.02874 74.1239
6.03447 73.4663
6.04021 74.4991
6.04594 72.9264
6.05168 75.0251
6.05742 76.8932
6.06315 76.1771
6.06889 77.8238
6.07463 78.1095
6.08036 79.2151
6.0861 79.1458
6.09183 81.8142
6.09757 82.0093
6.10331 82.9514
6.10904 83.6278
6.11478 86.1861
6.12052 85.0124
6.12625 88.6702
6.13199 89.8372
6.13772 91.9928
6.14346 90.3505
6.1492 93.4792
6.15493 95.7117
6.16067 97.3088
6.1664 98.2899
6.17214 101.372
6.17788 104.286
6.18361 105.952
6.18935 109.599
6.19509 114.283
6.20082 114.644
6.20656 121.691
6.21229 127.012
6.21803 135.826
6.22377 138.05
6.2295 142.278
6.23524 152.586
6.24098 154.229
6.24671 160.399
6.25245 177.664
6.25818 186.454
6.26392 202.801
6.26966 235.468
6.27539 319.45
6.28113 420.951
6.28686 999.151
6.2926 2821.81
6.29834 6315.96
6.30407 6540.99
6.30981 9917.03
6.31555 3049.08
6.32128 1618.46
6.32702 638.062
6.33275 412.331
6.33849 359.162
6.34423 296.438
6.34996 290.925
6.3557 292.002
6.36144 292.433
6.36717 306.261
6.37291 324.839
6.37864 321.976
6.38438 302.617
6.39012 279.419
6.39585 255.381
6.40159 227.391
6.40732 203.581
6.41306 182.608
6.4188 168.528
6.42453 155.797
6.43027 148.28
6.43601 143.007
6.44174 135.925
6.44748 131.635
6.45321 126.872
6.45895 126.652
6.46469 120.822
6.47042 120.276
6.47616 118.677
6.4819 112.564
6.48763 109.869
6.49337 107.855
6.4991 104.571
6.50484 104.14
6.51058 101.525
6.51631 102.314
6.52205 99.4622
6.52778 97.0317
6.53352 99.5318
6.53926 97.2239
6.54499 96.0064
6.55073 96.7286
6.55647 95.6269
6.5622 95.3165
6.56794 94.3311
6.57367 95.3233
6.57941 94.867
6.58515 94.4097
6.59088 93.6764
6.59662 92.0928
6.60236 92.3475
6.60809 90.5129
6.61383 89.6717
6.61956 88.2198
6.6253 88.3778
6.63104 89.5521
6.63677 88.3973
6.64251 87.0828
6.64824 87.6022
6.65398 87.7349
6.65972 87.0989
6.66545 87.5347
6.67119 88.9515
6.67693 88.0849
6.68266 88.7152
6.6884 87.6997
6.69413 87.4966
6.69987 87.0368
6.70561 86.5257
6.71134 87.4461
6.71708 86.6763
6.72282 84.5589
6.72855 85.8994
6.73429 84.9684
6.74002 84.3217
6.74576 84.528
6.7515 83.8781
6.75723 83.126
6.76297 83.6009
6.7687 83.2326
6.77444 84.11
6.78018 83.8389
6.78591 84.2314
6.79165 84.8457
6.79739 83.3786
6.80312 85.3012
6.80886 83.4666
6.81459 83.7572
6.82033 82.6551
6.82607 83.0189
6.8318 83.9115
6.83754 83.2013
6.84328 82.24
6.84901 83.1395
6.85475 83.1095
6.86048 83.7764
6.86622 83.0016
6.87196 83.0846
6.87769 81.9277
6.88343 82.632
6.88916 82.743
6.8949 82.7459
6.90064 82.6943
6.90637 82.5185
6.91211 84.2263
6.91785 82.9384
6.92358 83.7602
6.92932 84.1019
6.93505 83.2378
6.94079 83.2686
6.94653 83.1529
6.95226 84.0096
6.958 84.0961
6.96374 83.6839
6.96947 82.1672
6.97521 83.6327
6.98094 82.8616
6.98668 84.1877
6.99242 83.4386
6.99815 83.8932
7.00389 83.156
7.00962 83.1137
7.01536 83.2942
7.0211 84.1847
7.02683 83.4993
7.03257 82.9847
7.03831 84.0339
7.04404 82.9426
7.04978 84.2141
7.05551 82.8989
7.06125 84.412
7.06699 85.7715
7.07272 86.1395
7.07846 85.6746
7.0842 85.2003
7.08993 85.3237
7.09567 85.1572
7.1014 87.647
7.10714 86.4985
7.11288 85.9419
7.11861 88.0691
7.12435 87.5496
7.13008 87.2753
7.13582 88.736
7.14156 88.8801
7.14729 88.9129
7.15303 87.8328
7.15877 88.5756
7.1645 88.6086
7.17024 90.4086
7.17597 88.6723
7.18171 88.6183
7.18745 88.1809
7.19318 89.6651
7.19892 90.0968
7.20466 90.4827
7.21039 90.8034
7.21613 91.2133
7.22186 91.228
7.2276 92.0445
7.23334 92.6392
7.23907 91.7893
7.24481 92.8095
7.25054 93.7275
7.25628 92.216
7.26202 95.3403
7.26775 95.4411
7.27349 94.8438
7.27923 95.1864
7.28496 96.0378
7.2907 96.0894
7.29643 96.5832
7.30217 96.2077
7.30791 97.4568
7.31364 99.1618
7.31938 99.818
7.32512 101.333
7.33085 101.875
7.33659 102.97
7.34232 103.583
7.34806 106.192
7.3538 106.896
7.35953 107.093
7.36527 113.045
7.371 120.76
7.37674 157.705
7.38248 140.808
7.38821 365.464
7.39395 369.819
7.39969 436.471
7.40542 790.346
7.41116 408.823
7.41689 252.182
7.42263 183.192
7.42837 165.598
7.4341 157.818
7.43984 160.799
7.44558 167.32
7.45131 176.97
7.45705 191.557
7.46278 208.626
7.46852 230.756
7.47426 252.288
7.47999 263.223
7.48573 258.923
7.49146 240.056
7.4972 220.766
7.50294 198.993
7.50867 179.793
7.51441 161.767
7.52015 147.706
7.52588 136.052
7.53162 128.567
7.53735 120.559
7.54309 113.99
7.54883 109.579
7.55456 106.531
7.5603 103.33
7.56604 102.442
7.57177 97.7026
7.57751 97.3458
7.58324 94.8834
7.58898 92.9326
7.59472 91.4625
7.60045 91.471
7.60619 90.4177
7.61192 88.6507
7.61766 88.1861
7.6234 87.6263
7.62913 86.2704
7.63487 85.3915
7.64061 84.4195
7.64634 85.0765
7.65208 84.6827
7.65781 83.5833
7.66355 82.4907
7.66929 82.8447
7.67502 84.5358
7.68076 83.8643
7.6865 84.3338
7.69223 83.7569
7.69797 85.0201
7.7037 84.6601
7.70944 88.7555
7.71518 101.256
7.72091 116.536
7.72665 222.123
7.73238 377.739
7.73812 136.738
7.74386 141.91
7.74959 105.599
7.75533 97.0592
7.76107 94.9331
7.7668 94.3805
7.77254 97.7955
7.77827 101.294
7.78401 104.973
7.78975 111.401
7.79548 120.219
7.80122 126.846
7.80696 134.946
7.81269 136.005
7.81843 132.434
7.82416 125.781
7.8299 116.131
7.83564 107.013
7.84137 101.121
7.84711 96.5105
7.85284 90.717
7.85858 87.0956
7.86432 83.3629
7.87005 79.553
7.87579 78.7687
7.88153 76.5861
7.88726 75.8727
7.893 75.3429
7.89873 73.663
7.90447 73.859
7.91021 78.1308
7.91594 76.3781
7.92168 81.4798
7.92742 76.1919
7.93315 69.7117
7.93889 70.0052
7.94462 70.1211
7.95036 68.9783
7.9561 68.362
7.96183 69.5322
7.96757 70.2737
7.9733 70.7043
7.97904 70.2133
7.98478 70.174
7.99051 68.4423
7.99625 68.2913
8.00199 68.6593
8.00772 65.192
8.01346 66.3971
8.01919 66.6755
8.02493 66.2583
8.03067 66.0642
8.0364 65.6798
8.04214 65.2745
8.04788 66.0302
8.05361 65.2904
8.05935 64.1429
8.06508 65.0791
8.07082 63.7788
8.07656 64.7305
8.08229 64.8068
8.08803 64.6162
8.09376 64.2733
8.0995 63.9615
8.10524 63.2646
8.11097 61.7741
8.11671 60.0902
8.12245 59.1452
8.12818 58.5758
8.13392 57.041
8.13965 58.1404
8.14539 57.6365
8.15113 56.0999
8.15686 51.9444
8.1626 54.6762
8.16834 56.7771
8.17407 57.0498
8.17981 56.6359
8.18554 57.2573
8.19128 56.2528
8.19702 57.352
8.20275 58.1367
8.20849 57.4106
8.21422 55.4401
8.21996 57.1739
8.2257 57.8765
8.23143 55.8639
8.23717 55.9325
8.24291 56.7658
8.24864 56.7913
8.25438 56.1706
8.26011 57.9982
8.26585 56.5687
8.27159 56.9115
8.27732 56.4242
8.28306 56.104
8.2888 56.2554
8.29453 55.5706
8.30027 57.4066
8.306 55.4529
8.31174 55.24
8.31748 54.7706
8.32321 55.9376
8.32895 55.1971
8.33468 55.7516
8.34042 54.8038
8.34616 53.4772
8.35189 57.1448
8.35763 54.4803
8.36337 55.3764
8.3691 54.1647
8.37484 55.1143
8.38057 53.5929
8.38631 56.3252
8.39205 52.5905
8.39778 54.5956
8.40352 55.2814
8.40926 54.0711
8.41499 55.5244
8.42073 55.8667
8.42646 56.7628
8.4322 55.0049
8.43794 57.6078
8.44367 56.5985
8.44941 54.9378
8.45514 53.2595
8.46088 55.2481
8.46662 55.1008
8.47235 55.8123
8.47809 55.1888
8.48383 53.1437
8.48956 52.936
8.4953 53.374
8.50103 53.0431
8.50677 52.544
8.51251 53.649
8.51824 52.9259
8.52398 52.3606
8.52972 54.1813
8.53545 54.1043
8.54119 53.3754
8.54692 52.697
8.55266 54.6414
8.5584 52.283
8.56413 53.0663
8.56987 50.9605
8.5756 50.8964
8.58134 51.8173
8.58708 53.862
8.59281 52.7547
8.59855 54.4089
8.60429 53.2628
8.61002 53.3064
8.61576 52.2155
8.62149 53.0772
8.62723 54.085
8.63297 50.1795
8.6387 51.1271
8.64444 51.3985
8.65018 52.6907
8.65591 52.3287
8.66165 50.4189
8.66738 51.5267
8.67312 50.7565
8.67886 52.4053
8.68459 51.2322
8.69033 49.494
8.69606 53.6073
8.7018 50.5977
8.70754 52.24
8.71327 52.908
8.71901 51.7682
8.72475 52.3798
8.73048 51.5081
8.73622 53.6034
8.74195 53.8952
8.74769 53.4703
8.75343 52.7222
8.75916 53.6398
8.7649 53.0872
8.77064 51.9619
8.77637 50.3929
8.78211 52.5183
8.78784 53.2096
8.79358 52.0985
8.79932 52.6667
8.80505 51.77
8.81079 53.3202
8.81652 52.3554
8.82226 50.4249
8.828 53.0231
8.83373 53.7024
8.83947 53.4545
8.84521 53.1122
8.85094 51.883
8.85668 54.0718
8.86241 51.1538
8.86815 53.477
8.87389 55.8308
8.87962 52.0405
8.88536 53.5801
8.8911 52.4225
8.89683 54.284
8.90257 56.1475
8.9083 53.7803
8.91404 52.9
8.91978 58.0457
8.92551 67.051
8.93125 73.4756
8.93698 143.123
8.94272 111.685
8.94846 86.1091
8.95419 62.4765
8.95993 57.1689
8.96567 54.3043
8.9714 56.1339
8.97714 57.2468
8.98287 59.3916
8.98861 55.4
8.99435 56.3172
9.00008 54.2051
9.00582 56.6908
9.01156 58.0153
9.01729 60.065
9.02303 60.7429
9.02876 59.1709
9.0345 58.252
9.04024 61.2946
9.04597 65.9135
9.05171 59.1417
9.05744 55.9256
9.06318 58.4757
9.06892 55.3025
9.07465 55.3438
9.08039 56.0342
9.08613 54.2991
9.09186 60.7812
9.0976 62.4135
9.10333 60.5208
9.10907 62.6327
9.11481 50
9.12054 52.3068
9.12628 54.8163
9.13202 50.3659
9.13775 54.1196
9.14349 50.4167
9.14922 55.561
9.15496 47.6951
9.1607 51.6622
9.16643 49.0125
9.17217 54.4384
9.1779 50.9079
9.18364 51.4571
9.18938 52.5882
9.19511 49.5
9.20085 50.6984
9.20659 50.2923
9.21232 50.8667
9.21806 50.8033
9.22379 49.4182
9.22953 49.2909
9.23527 47.8679
9.241 46.25
9.24674 43.6939
9.25248 44.7872
9.25821 46.0667
9.26395 51.5227
9.26968 49.2791
9.27542 49.3077
9.28116 41.025
9.28689 45.2571
9.29263 39.7879
9.29836 43.3939
9.3041 40.4545
9.30984 37.5357
9.31557 34.1481
9.32131 35.4074
9.32705 33.05
9.33278 38.5652
9.33852 28.6316
9.34425 34
9.34999 30.6471
9.35573 24.2143
9.36146 30.8182
9.3672 14.1818
9.37294 27.5
9.37867 18.2222
9.38441 14.6667
9.39014 7
9.39588 0
9.40162 0
9.40735 0
9.41309 0
9.41882 0
9.42456 0
9.4303 0
9.43603 0
9.44177 0
9.44751 0
9.45324 0
9.45898 0
9.46471 0
9.47045 0
9.47619 0
9.48192 0
9.48766 0
9.4934 0
9.49913 0
9.50487 0
9.5106 0
9.51634 0
9.52208 0
9.52781 0
9.53355 0
9.53928 0
9.54502 0
9.55076 0
9.55649 0
9.56223 0
9.56797 0
9.5737 0
9.57944 0
9.58517 0
9.59091 0
9.59665 0
9.60238 0
9.60812 0
9.61386 0
9.61959 0
9.62533 0
9.63106 0
9.6368 0
9.64254 0
9.64827 0
9.65401 0
9.65974 0
9.66548 0
9.67122 0
9.67695 0
9.68269 0
9.68843 0
9.69416 0
9.6999 0
9.70563 0
9.71137 0
9.71711 0
9.72284 0
9.72858 0
9.73432 0
9.74005 0
9.74579 0
9.75152 0
9.75726 0
9.763 0
9.76873 0
9.77447 0
9.7802 0
9.78594 0
9.79168 0
9.79741 0
9.80315 0
9.80889 0
9.81462 0
9.82036 0
9.82609 0
9.83183 0
9.83757 0
9.8433 0
9.84904 0
9.85478 0
9.86051 0
9.86625 0
9.87198 0
9.87772 0
9.88346 0
9.88919 0
9.89493 0
9.90066 0
9.9064 0
9.91214 0
9.91787 0
9.92361 0
9.92935 0
9.93508 0
9.94082 0
9.94655 0
9.95229 0
9.95803 0
9.96376 0
9.9695 0
9.97524 0
9.98097 0
9.98671 0
9.99244 0
9.99818 0
10.0039 0
10.0097 0
10.0154 0
10.0211 0
10.0269 0
10.0326 0
10.0383 0
10.0441 0
10.0498 0
10.0555 0
10.0613 0
10.067 0
10.0728 0
10.0785 0
10.0842 0
10.09 0
10.0957 0
10.1014 0
10.1072 0
10.1129 0
10.1186 0
10.1244 0
10.1301 0
10.1358 0
10.1416 0
10.1473 0
10.1531 0
10.1588 0
10.1645 0
10.1703 0
10.176 0
10.1817 0
10.1875 0
10.1932 0
10.1989 0
10.2047 0
10.2104 0
10.2162 0
10.2219 0
10.2276 0
10.2334 0
10.2391 0
10.2448 0
10.2506 0
10.2563 0
10.262 0
10.2678 0
10.2735 0
10.2793 0
10.285 0
10.2907 0
10.2965 0
10.3022 0
10.3079 0
10.3137 0
10.3194 0
10.3251 0
10.3309 0
10.3366 0
10.3424 0
10.3481 0
10.3538 0
10.3596 0
10.3653 0
10.371 0
10.3768 0
10.3825 0
10.3882 0
10.394 0
10.3997 0
10.4054 0
10.4112 0
10.4169 0
10.4227 0
10.4284 0
10.4341 0
10.4399 0
10.4456 0
10.4513 0
10.4571 0
10.4628 0
10.4685 0
10.4743 0
10.48 0
10.4858 0
10.4915 0
10.4972 0
10.503 0
10.5087 0
10.5144 0
10.5202 0
10.5259 0
10.5316 0
10.5374 0
10.5431 0
10.5489 0
10.5546 0
10.5603 0
10.5661 0
10.5718 0
10.5775 0
10.5833 0
10.589 0
10.5947 0
10.6005 0
10.6062 0
10.612 0
10.6177 0
10.6234 0
10.6292 0
10.6349 0
10.6406 0
10.6464 0
10.6521 0
10.6578 0
10.6636 0
10.6693 0
10.6751 0
10.6808 0
10.6865 0
10.6923 0
10.698 0
10.7037 0
10.7095 0
10.7152 0
10.7209 0
10.7267 0
10.7324 0
10.7381 0
10.7439 0
10.7496 0
10.7554 0
10.7611 0
10.7668 0
10.7726 0
10.7783 0
10.784 0
10.7898 0
10.7955 0
10.8012 0
10.807 0
10.8127 0
10.8185 0
10.8242 0
10.8299 0
10.8357 0
10.8414 0
10.8471 0
10.8529 0
10.8586 0
10.8643 0
10.8701 0
10.8758 0
10.8816 0
10.8873 0
10.893 0
10.8988 0
10.9045 0
10.9102 0
10.916 0
10.9217 0
10.9274 0
10.9332 0
10.9389 0
10.9447 0
10.9504 0
10.9561 0
10.9619 0
10.9676 0
10.9733 0
10.9791 0
10.9848 0
10.9905 0
10.9963 0
11.002 0
11.0077 0
11.0135 0
11.0192 0
11.025 0
11.0307 0
11.0364 0
11.0422 0
11.0479 0
11.0536 0
11.0594 0
11.0651 0
11.0708 0
11.0766 0
11.0823 0
11.0881 0
11.0938 0
11.0995 0
11.1053 0
11.111 0
11.1167 0
11.1225 0
11.1282 0
11.1339 0
11.1397 0
11.1454 0
11.1512 0
11.1569 0
11.1626 0
11.1684 0
11.1741 0
11.1798 0
11.1856 0
11.1913 0
11.197 0
11.2028 0
11.2085 0
11.2143 0
11.22 0
11.2257 0
11.2315 0
11.2372 0
11.2429 0
11.2487 0
11.2544 0
11.2601 0
11.2659 0
11.2716 0
11.2774 0
11.2831 0
11.2888 0
11.2946 0
11.3003 0
11.306 0
11.3118 0
11.3175 0
11.3232 0
11.329 0
11.3347 0
11.3404 0
11.3462 0
11.3519 0
11.3577 0
11.3634 0
11.3691 0
11.3749 0
11.3806 0
11.3863 0
11.3921 0
11.3978 0
11.4035 0
11.4093 0
11.415 0
11.4208 0
11.4265 0
11.4322 0
11.438 0
11.4437 0
11.4494 0
11.4552 0
11.4609 0
11.4666 0
11.4724 0
11.4781 0
11.4839 0
11.4896 0
11.4953 0
11.5011 0
11.5068 0
11.5125 0
11.5183 0
11.524 0
11.5297 0
11.5355 0
11.5412 0
11.547 0
11.5527 0
11.5584 0
11.5642 0
11.5699 0
11.5756 0
11.5814 0
11.5871 0
11.5928 0
11.5986 0
11.6043 0
11.61 0
11.6158 0
11.6215 0
11.6273 0
11.633 0
11.6387 0
11.6445 0
11.6502 0
11.6559 0
11.6617 0
11.6674 0
11.6731 0
11.6789 0
11.6846 0
11.6904 0
11.6961 0
11.7018 0
11.7076 0
11.7133 0
11.719 0
11.7248 0
11.7305 0
11.7362 0
11.742 0
