0 0
0.00573619 19
0.0114724 -16
0.0172086 12
0.0229448 -13.3333
0.028681 -15.3333
0.0344171 -4
0.0401533 12.4
0.0458895 -0.6
0.0516257 15.3333
0.0573619 -2.33333
0.0630981 -0.285714
0.0688343 -5.28571
0.0745705 7.66667
0.0803067 1
0.0860429 10
0.091779 2
0.0975152 2.61538
0.103251 1.44444
0.108988 6.11111
0.114724 3.9
0.12046 -7.18182
0.126196 -0.733333
0.131932 11.5
0.137669 -7.53333
0.143405 0.769231
0.149141 -5.84615
0.154877 -0.125
0.160613 3.2
0.16635 -1.86667
0.172086 11.25
0.177822 -0.210526
0.183558 2.52941
0.189294 -5.71429
0.19503 -1.61905
0.200767 1.66667
0.206503 2.41176
0.212239 2.05556
0.217975 -0.142857
0.223711 -1.05882
0.229448 5.04167
0.235184 0.826087
0.24092 1.72727
0.246656 3.55556
0.252392 -1.88
0.258129 7.85185
0.263865 2.47619
0.269601 -0.666667
0.275337 -1.68966
0.281073 8.8
0.28681 -1.66667
0.292546 4.4
0.298282 6.86207
0.304018 8.66667
0.309754 3.56667
0.31549 4.90323
0.321227 1.11111
0.326963 4.83333
0.332699 5.12903
0.338435 -0.515152
0.344171 2.83333
0.349908 1.45714
0.355644 4.11429
0.36138 6.03226
0.367116 2.02941
0.372852 1.72727
0.378589 1.2973
0.384325 5.3125
0.390061 2.79487
0.395797 1.64103
0.401533 3.46154
0.40727 6.67442
0.413006 10.4595
0.418742 4.25
0.424478 7.23529
0.430214 15.0222
0.43595 5.78049
0.441687 8.0625
0.447423 7.29787
0.453159 9.64103
0.458895 11.5814
0.464631 10.7045
0.470368 7.90244
0.476104 11.3191
0.48184 12.6111
0.487576 9
0.493312 14.4146
0.499049 11.65
0.504785 13.193
0.510521 9.64444
0.516257 16.2558
0.521993 19.9091
0.52773 18.1321
0.533466 15.4667
0.539202 15.5833
0.544938 12.9216
0.550674 17.8077
0.55641 14.625
0.562147 12.4118
0.567883 14.9649
0.573619 13.1778
0.579355 10.7963
0.585091 11.2632
0.590828 8.79245
0.596564 9.29167
0.6023 12.6786
0.608036 9.93846
0.613772 12.449
0.619509 13.3276
0.625245 11.4576
0.630981 15.3273
0.636717 14.4138
0.642453 15.2105
0.64819 13.3651
0.653926 14.4808
0.659662 14.9385
0.665398 17.2188
0.671134 18.8421
0.67687 21.3226
0.682607 15.9683
0.688343 18.1194
0.694079 16.9074
0.699815 15.1739
0.705551 16
0.711288 19
0.717024 17.0811
0.72276 23.2131
0.728496 14.0286
0.734232 17.6719
0.739969 16.8841
0.745705 20.507
0.751441 15.6379
0.757177 19.9351
0.762913 20.2985
0.76865 22.4058
0.774386 18.2059
0.780122 16
0.785858 21.2987
0.791594 17.0833
0.79733 18.0122
0.803067 16.971
0.808803 15.6714
0.814539 19.7531
0.820275 11.7324
0.826011 18.9091
0.831748 19.5139
0.837484 19.8118
0.84322 17.2143
0.848956 17.1806
0.854692 18.3059
0.860429 19.3704
0.866165 18.3151
0.871901 16.0875
0.877637 16.2771
0.883373 18.7013
0.88911 19.7949
0.894846 21.1412
0.900582 19.6145
0.906318 17.8919
0.912054 16.7444
0.91779 19.4023
0.923527 17.026
0.929263 17.5465
0.934999 14.033
0.940735 15.8148
0.946471 20.0595
0.952208 16.5294
0.957944 15.2366
0.96368 16.1026
0.969416 17.3474
0.975152 17.1444
0.980889 15.1412
0.986625 17.1628
0.992361 17.5053
0.998097 19.3684
1.00383 17.8625
1.00957 16.404
1.01531 20.1856
1.02104 18.131
1.02678 16.8542
1.03251 17.6484
1.03825 18.71
1.04399 19.4767
1.04972 17.9208
1.05546 17.3762
1.0612 16.7073
1.06693 16.3458
1.07267 19.6923
1.0784 21.3301
1.08414 17.7551
1.08988 17.72
1.09561 19.7143
1.10135 18.1744
1.10708 17.1091
1.11282 17.9263
1.11856 19.8469
1.12429 14.8857
1.13003 20.7048
1.13577 19.9143
1.1415 16.6569
1.14724 16.2936
1.15297 17.29
1.15871 17.86
1.16445 15.087
1.17018 19.2952
1.17592 18.6168
1.18166 17.3854
1.18739 14.3109
1.19313 18.2936
1.19886 18.4466
1.2046 18.4957
1.21034 18.8318
1.21607 17.5909
1.22181 15.4636
1.22754 18.188
1.23328 18.9159
1.23902 17.7232
1.24475 16.3445
1.25049 17.3578
1.25623 15.9907
1.26196 15.7265
1.2677 17.7903
1.27343 18.9009
1.27917 14.678
1.28491 16.9576
1.29064 18.0442
1.29638 16.569
1.30212 16.9573
1.30785 15.7899
1.31359 16.1897
1.31932 16.8268
1.32506 15.1429
1.3308 19.0603
1.33653 17.0397
1.34227 17.3529
1.348 19.0787
1.35374 18.6283
1.35948 17.096
1.36521 18.1985
1.37095 18.1273
1.37669 14.6547
1.38242 16.6721
1.38816 17.3511
1.39389 17.6356
1.39963 18.7727
1.40537 18.4496
1.4111 16.6429
1.41684 18.6154
1.42258 18.1407
1.42831 16.6281
1.43405 17.2308
1.43978 18.9185
1.44552 16.1232
1.45126 19.2458
1.45699 16.3759
1.46273 15.3258
1.46846 15.1825
1.4742 17.5175
1.47994 18.1705
1.48567 17.0677
1.49141 17.3769
1.49715 18.3557
1.50288 18.146
1.50862 16.9274
1.51435 17.6575
1.52009 16.7872
1.52583 14.542
1.53156 18.4963
1.5373 15.2993
1.54304 16.7305
1.54877 17.2132
1.55451 14.0537
1.56024 18.7445
1.56598 15.8214
1.57172 16.1915
1.57745 16.0203
1.58319 14.9858
1.58892 15.5211
1.59466 14.64
1.6004 17.0909
1.60613 14.9855
1.61187 15.1141
1.61761 14.0318
1.62334 16.5639
1.62908 15.3484
1.63481 13.5364
1.64055 17.6533
1.64629 14.0822
1.65202 13.6689
1.65776 16.7815
1.6635 15.8832
1.66923 17.0629
1.67497 15.1472
1.6807 14.3139
1.68644 15.9747
1.69218 15.6543
1.69791 16.8824
1.70365 15.6486
1.70938 17.0641
1.71512 16.5337
1.72086 15.1912
1.72659 14.3237
1.73233 18.3097
1.73807 15.9281
1.7438 17.4398
1.74954 17.6289
1.75527 15.1585
1.76101 17.3015
1.76675 17.2265
1.77248 17.2744
1.77822 15.2857
1.78396 12.744
1.78969 16.7898
1.79543 18.6994
1.80116 15.1783
1.8069 17.5263
1.81264 16.0599
1.81837 17.78
1.82411 15.5556
1.82984 18.1056
1.83558 15.9091
1.84132 18.0606
1.84705 17.1893
1.85279 17.7719
1.85853 16.5625
1.86426 16.548
1.87 17.6802
1.87573 14.8938
1.88147 17.4011
1.88721 13.8779
1.89294 17.3468
1.89868 16.8706
1.90442 19.3736
1.91015 17.2012
1.91589 33.6012
1.92162 35.6952
1.92736 22.1073
1.9331 22.6429
1.93883 21.9128
1.94457 21.5344
1.9503 19.5706
1.95604 20.6512
1.96178 20.3591
1.96751 21.4
1.97325 17.5276
1.97899 18.3262
1.98472 16.6809
1.99046 16.6857
1.99619 15.0714
2.00193 17.2
2.00767 18.548
2.0134 17.6744
2.01914 16.7819
2.02488 19.0576
2.03061 17.7627
2.03635 17.617
2.04208 18.8811
2.04782 16.3883
2.05356 16.6935
2.05929 18.9613
2.06503 18.715
2.07076 17.267
2.0765 17.5544
2.08224 15.3571
2.08797 16.9364
2.09371 17.8182
2.09945 16.4595
2.10518 18.397
2.11092 17.4652
2.11665 17.5744
2.12239 16.7246
2.12813 17.8698
2.13386 17.9701
2.1396 17.804
2.14534 18.359
2.15107 19.861
2.15681 17.5126
2.16254 17.8515
2.16828 20.212
2.17402 19.1185
2.17975 15.925
2.18549 18.5556
2.19122 17.5743
2.19696 17.3762
2.2027 19.9707
2.20843 24.7472
2.21417 35.5566
2.21991 42.2629
2.22564 29.4098
2.23138 19.8436
2.23711 19.1401
2.24285 18.6683
2.24859 20.276
2.25432 18.3242
2.26006 19.5194
2.2658 17.3495
2.27153 18.0884
2.27727 19
2.283 18.5622
2.28874 18.1029
2.29448 16.7793
2.30021 20.1896
2.30595 19.2424
2.31168 19.662
2.31742 20.1449
2.32316 21.5577
2.32889 19.9673
2.33463 20.1033
2.34037 19.8263
2.3461 20.6698
2.35184 22.5747
2.35757 23.0196
2.36331 24.9579
2.36905 23.6359
2.37478 23.7523
2.38052 23.8341
2.38626 22.6818
2.39199 24.5043
2.39773 25.1208
2.40346 21.9087
2.4092 23.9103
2.41494 22.2579
2.42067 18.6221
2.42641 20.5576
2.43214 18.2338
2.43788 19.8599
2.44362 20.7885
2.44935 20.927
2.45509 19.8122
2.46083 19.0276
2.46656 20.2052
2.4723 21.5252
2.47803 20.786
2.48377 19.3628
2.48951 20.7222
2.49524 20.4299
2.50098 20.5134
2.50672 21.2566
2.51245 19.1674
2.51819 18.1852
2.52392 20.2143
2.52966 19.6527
2.5354 19.6944
2.54113 19.3708
2.54687 22.4199
2.5526 20.8305
2.55834 19.4595
2.56408 19.2638
2.56981 21.9587
2.57555 21.1403
2.58129 22.1212
2.58702 21.8577
2.59276 20.1111
2.59849 20.8008
2.60423 20.5593
2.60997 20.0498
2.6157 20.9587
2.62144 21.6836
2.62718 18.9234
2.63291 22.5397
2.63865 21.0601
2.64438 22.6831
2.65012 22.344
2.65586 22.6473
2.66159 21.3874
2.66733 22.3033
2.67306 19.4383
2.6788 21.3945
2.68454 20.4118
2.69027 22.6185
2.69601 21.5565
2.70175 24.3945
2.70748 21.321
2.71322 21.8143
2.71895 24.0996
2.72469 21.6626
2.73043 22.1299
2.73616 22.9792
2.7419 21.1984
2.74764 22.5929
2.75337 19.7446
2.75911 23.2357
2.76484 23.381
2.77058 22.0165
2.77632 23.4788
2.78205 19.9921
2.78779 22.2432
2.79352 23.4795
2.79926 24.0338
2.805 21.6145
2.81073 22.4091
2.81647 22.6963
2.82221 24.7072
2.82794 20.3849
2.83368 22.5958
2.83941 24.6895
2.84515 24.06
2.85089 21.9535
2.85662 23.7491
2.86236 24.9046
2.8681 23.0813
2.87383 24.4075
2.87957 25.7158
2.8853 22.3896
2.89104 25.5399
2.89678 22.5283
2.90251 22.7778
2.90825 24.4094
2.91398 25.3175
2.91972 22.9061
2.92546 24.2548
2.93119 25.0868
2.93693 26.2708
2.94267 24.2901
2.9484 23.7396
2.95414 24.5409
2.95987 25.1763
2.96561 24.6038
2.97135 25.0854
2.97708 29.1631
2.98282 33.745
2.98856 54.35
2.99429 56.4179
3.00003 35.0149
3.00576 32.2776
3.0115 26.6103
3.01724 28.5606
3.02297 29.1489
3.02871 27.9928
3.03444 27.6738
3.04018 25.0612
3.04592 25.2316
3.05165 27.2079
3.05739 26.6572
3.06313 27.6732
3.06886 27.6115
3.0746 28.7754
3.08033 28.3043
3.08607 27.883
3.09181 29.1413
3.09754 29.1938
3.10328 30.8609
3.10902 32.7295
3.11475 33.0814
3.12049 31.7619
3.12622 31.7367
3.13196 34.2633
3.1377 35.9533
3.14343 41.6429
3.14917 37.3322
3.1549 31.9965
3.16064 33.5331
3.16638 30.8581
3.17211 30.8368
3.17785 31.4881
3.18359 32.1326
3.18932 30.53
3.19506 30.7946
3.20079 32.5985
3.20653 32.3192
3.21227 31.9761
3.218 33.5833
3.22374 33.5139
3.22948 34.6756
3.23521 34.8
3.24095 35.2156
3.24668 35.7238
3.25242 35.1667
3.25816 32.8697
3.26389 34.171
3.26963 34.5445
3.27536 34.703
3.2811 37.0221
3.28684 35.9656
3.29257 36.1213
3.29831 38.15
3.30405 40.7756
3.30978 40.7934
3.31552 39.5362
3.32125 42.7763
3.32699 42.1462
3.33273 44.2019
3.33846 44.5586
3.3442 41.8056
3.34994 43.9931
3.35567 45.1927
3.36141 43.0694
3.36714 44.7372
3.37288 56.9967
3.37862 71.3072
3.38435 66.6308
3.39009 73.4848
3.39582 57.6601
3.40156 43.1069
3.4073 43.3905
3.41303 43.6436
3.41877 45.4455
3.42451 44.774
3.43024 44.8344
3.43598 44.1815
3.44171 41.9969
3.44745 42.8474
3.45319 43.9436
3.45892 42.3968
3.46466 45.2485
3.4704 45.4817
3.47613 46.798
3.48187 44.9307
3.4876 44.7048
3.49334 43.9016
3.49908 44.5064
3.50481 45.3164
3.51055 47.8719
3.51628 49.0871
3.52202 51.0123
3.52776 52.823
3.53349 54.739
3.53923 62.1142
3.54497 69.5925
3.5507 74.6364
3.55644 72.4695
3.56217 63.1015
3.56791 58.4654
3.57365 57.4006
3.57938 54.345
3.58512 53.7631
3.59086 54.5987
3.59659 52.7593
3.60233 53.9621
3.60806 56.3879
3.6138 55.6857
3.61954 56.9134
3.62527 59.7259
3.63101 61.5109
3.63674 66.2689
3.64248 71.2659
3.64822 74.5604
3.65395 76.2305
3.65969 77.1824
3.66543 76.2252
3.67116 74.9843
3.6769 75.2262
3.68263 79.8832
3.68837 77.2381
3.69411 76.5425
3.69984 73.3683
3.70558 72.6515
3.71132 72.7018
3.71705 74.687
3.72279 75.4198
3.72852 76.8179
3.73426 76.8209
3.74 77.0197
3.74573 78.75
3.75147 80.4827
3.7572 82.0226
3.76294 85.2609
3.76868 85
3.77441 88.5824
3.78015 92.2117
3.78589 93.5091
3.79162 96.0729
3.79736 101.986
3.80309 105.518
3.80883 110.701
3.81457 118.735
3.8203 127.546
3.82604 138.213
3.83178 161.036
3.83751 223.404
3.84325 445.924
3.84898 696.629
3.85472 1239.94
3.86046 592.749
3.86619 453.689
3.87193 502.512
3.87766 632.973
3.8834 824.373
3.88914 1056.22
3.89487 1245.98
3.90061 1183.49
3.90635 973.598
3.91208 755.722
3.91782 547.853
3.92355 413.386
3.92929 326.895
3.93503 262.22
3.94076 219.363
3.9465 189.972
3.95224 168.242
3.95797 150.889
3.96371 137.643
3.96944 132.911
3.97518 127.526
3.98092 118.696
3.98665 114.669
3.99239 109.377
3.99812 105.37
4.00386 103.052
4.0096 101.422
4.01533 99.0368
4.02107 96.0119
4.02681 97.3247
4.03254 98.3316
4.03828 94.7699
4.04401 93.7769
4.04975 94.0161
4.05549 91.4309
4.06122 91.2254
4.06696 89.362
4.0727 88.7351
4.07843 87.693
4.08417 86.7832
4.0899 84.7953
4.09564 84.9973
4.10138 85.1373
4.10711 84.3922
4.11285 86.1811
4.11858 83.2556
4.12432 81.8737
4.13006 82.5217
4.13579 82.187
4.14153 83.244
4.14727 82.6675
4.153 82.5564
4.15874 83.6402
4.16447 84.2015
4.17021 81.4338
4.17595 82.0816
4.18168 82
4.18742 82.7959
4.19316 83.3889
4.19889 83.5718
4.20463 87.2759
4.21036 89.4974
4.2161 88.2785
4.22184 84.5995
4.22757 85.136
4.23331 81.7426
4.23904 83.6339
4.24478 85.0448
4.25052 83.8448
4.25625 85.3089
4.26199 85.3434
4.26773 86.4015
4.27346 87.441
4.2792 89.5685
4.28493 88.1013
4.29067 88.3889
4.29641 87.5178
4.30214 89.2148
4.30788 92.5421
4.31362 93.4578
4.31935 94.4883
4.32509 96.0725
4.33082 98.0347
4.33656 102.368
4.3423 101.959
4.34803 106.754
4.35377 108.816
4.3595 113.018
4.36524 117.349
4.37098 121.823
4.37671 127.176
4.38245 129.886
4.38819 135.022
4.39392 147.462
4.39966 150.131
4.40539 161.41
4.41113 177.595
4.41687 195.669
4.4226 229.262
4.42834 290.184
4.43408 482.352
4.43981 1103.62
4.44555 2402.25
4.45128 10129.6
4.45702 13150.4
4.46276 5645.6
4.46849 1860.98
4.47423 947.959
4.47996 549.564
4.4857 456.416
4.49144 439.343
4.49717 405.2
4.50291 408.104
4.50865 384
4.51438 351.974
4.52012 307.355
4.52585 268.191
4.53159 232.526
4.53733 201.253
4.54306 176.175
4.5488 158.216
4.55454 145.155
4.56027 130.43
4.56601 122.087
4.57174 114.708
4.57748 106.34
4.58322 101.556
4.58895 96.6432
4.59469 93.6014
4.60042 88.9434
4.60616 88.2033
4.6119 86.1788
4.61763 82.5467
4.62337 83.1755
4.62911 81.005
4.63484 79.8541
4.64058 77.8695
4.64631 75.1606
4.65205 73.8114
4.65779 71.5221
4.66352 70.9977
4.66926 68.2802
4.675 69.633
4.68073 68.4476
4.68647 67.7699
4.6922 68.7651
4.69794 66.1244
4.70368 67.3455
4.70941 68.0982
4.71515 66.8048
4.72088 66.0023
4.72662 67.0209
4.73236 68.608
4.73809 68.7185
4.74383 67.9286
4.74957 66.5838
4.7553 66.1732
4.76104 64.1377
4.76677 63.6355
4.77251 61.2592
4.77825 62.4884
4.78398 59.3378
4.78972 58.0215
4.79546 58.8844
4.80119 57.9438
4.80693 58.3687
4.81266 57.4437
4.8184 57.0943
4.82414 55.4777
4.82987 55.771
4.83561 55.082
4.84134 57.5022
4.84708 59.33
4.85282 61.3846
4.85855 59.9824
4.86429 56.7403
4.87003 56.0416
4.87576 54.4222
4.8815 53.7365
4.88723 54.307
4.89297 52.2907
4.89871 54.095
4.90444 52.6368
4.91018 52.1808
4.91592 52.3429
4.92165 52.9372
4.92739 52.4178
4.93312 53.1043
4.93886 52.8906
4.9446 51.6644
4.95033 49.9254
4.95607 50.2286
4.9618 51.4487
4.96754 53.2775
4.97328 50.8498
4.97901 60.5534
4.98475 56.1121
4.99049 52.6051
4.99622 50.8577
5.00196 50.1889
5.00769 50.3592
5.01343 49.1678
5.01917 49.3174
5.0249 50.0683
5.03064 48.8683
5.03638 48.8961
5.04211 50.7217
5.04785 50.1123
5.05358 49.1282
5.05932 49.6544
5.06506 49.9538
5.07079 48.4099
5.07653 46.448
5.08226 48.3662
5.088 48.8084
5.09374 48.4367
5.09947 51.2761
5.10521 48.6579
5.11095 49.6816
5.11668 49.3591
5.12242 48.7018
5.12815 49.8981
5.13389 49.1933
5.13963 47.6142
5.14536 48.03
5.1511 50.1026
5.15684 50.041
5.16257 48.6652
5.16831 49.9406
5.17404 48.7535
5.17978 49.3184
5.18552 49.4538
5.19125 49.6894
5.19699 48.0751
5.20272 48.2101
5.20846 48.7301
5.2142 48.879
5.21993 47.7415
5.22567 47.9251
5.23141 49.48
5.23714 49.2208
5.24288 49.8038
5.24861 49.7161
5.25435 47.3307
5.26009 49.4046
5.26582 48.2175
5.27156 48.2188
5.2773 49.4708
5.28303 49.8445
5.28877 49.776
5.2945 50.2796
5.30024 49.9189
5.30598 49.4283
5.31171 51.6633
5.31745 50.1577
5.32318 51.7532
5.32892 50.0952
5.33466 50.3129
5.34039 49.8184
5.34613 48.7547
5.35187 52.6842
5.3576 50.0412
5.36334 49.3235
5.36907 50.0716
5.37481 49.1784
5.38055 50.8545
5.38628 51.7674
5.39202 56.9229
5.39776 57.4617
5.40349 54.8058
5.40923 53.128
5.41496 50.4462
5.4207 50.8337
5.42644 48.3521
5.43217 49.6389
5.43791 49.813
5.44364 51.6341
5.44938 51.1566
5.45512 52.5964
5.46085 52.7785
5.46659 50.8391
5.47233 50.373
5.47806 50.1307
5.4838 50.2404
5.48953 49.8125
5.49527 50.6916
5.50101 51.0671
5.50674 49.6546
5.51248 51
5.51822 51.1924
5.52395 50.008
5.52969 51.2495
5.53542 52.7467
5.54116 53.0968
5.5469 52.4598
5.55263 51.5353
5.55837 51.4228
5.5641 50.576
5.56984 52.1528
5.57558 50.6758
5.58131 51.5307
5.58705 52.1317
5.59279 51.9745
5.59852 52.6489
5.60426 52.3985
5.60999 54.9232
5.61573 51.3745
5.62147 51.829
5.6272 52.2645
5.63294 52.1231
5.63868 53.4209
5.64441 53.3352
5.65015 54.4057
5.65588 53.4544
5.66162 55.0098
5.66736 55.3417
5.67309 54.0899
5.67883 55.4172
5.68456 54.2681
5.6903 53.4418
5.69604 56.4743
5.70177 54.6015
5.70751 56.2957
5.71325 57.5626
5.71898 56.1464
5.72472 58.4092
5.73045 57.2757
5.73619 55.168
5.74193 58.8963
5.74766 57.7105
5.7534 58.0211
5.75914 57.9428
5.76487 57.5412
5.77061 58.4194
5.77634 60.2058
5.78208 63.6484
5.78782 60.2762
5.79355 60.0594
5.79929 59.8596
5.80502 58.9981
5.81076 61.5921
5.8165 61.5365
5.82223 60.5736
5.82797 60.864
5.83371 59.903
5.83944 60.7921
5.84518 61.7454
5.85091 61.6187
5.85665 62.7137
5.86239 63.7537
5.86812 62.0484
5.87386 63.3202
5.8796 62.0865
5.88533 63.5413
5.89107 64.5245
5.8968 63.9093
5.90254 64.7496
5.90828 64.0327
5.91401 65.8209
5.91975 65.5916
5.92548 67.1107
5.93122 66.9316
5.93696 67.7966
5.94269 71.8018
5.94843 71.6938
5.95417 77.0946
5.9599 70.9774
5.96564 69.8306
5.97137 70.6053
5.97711 71.9524
5.98285 72.7496
5.98858 71.7573
5.99432 73.2373
6.00006 74.4863
6.00579 75.343
6.01153 76.7798
6.01726 77.8159
6.023 78.8003
6.02874 78.8259
6.03447 77.2491
6.04021 77.9174
6.04594 78.6158
6.05168 80.1487
6.05742 80.9632
6.06315 79.5417
6.06889 81.274
6.07463 82.6679
6.08036 84.6828
6.0861 85.7483
6.09183 85.5345
6.09757 88.2746
6.10331 87.8793
6.10904 89.7221
6.11478 91.885
6.12052 91.1436
6.12625 94.3944
6.13199 94.805
6.13772 98.2441
6.14346 96.879
6.1492 101.431
6.15493 102.377
6.16067 104.223
6.1664 104.92
6.17214 108.113
6.17788 111.606
6.18361 112.772
6.18935 120.969
6.19509 122.821
6.20082 124.042
6.20656 130.814
6.21229 136.441
6.21803 144.646
6.22377 146.133
6.2295 153.112
6.23524 163.526
6.24098 167.352
6.24671 171.732
6.25245 192.443
6.25818 200.153
6.26392 219.654
6.26966 255.485
6.27539 347.809
6.28113 461.762
6.28686 1124.4
6.2926 3122.86
6.29834 6799.76
6.30407 6914.01
6.30981 9802.38
6.31555 3239.27
6.32128 1777.48
6.32702 709.603
6.33275 453.559
6.33849 397.831
6.34423 328.246
6.34996 320.619
6.3557 325.336
6.36144 326.581
6.36717 347.453
6.37291 368.181
6.37864 366.178
6.38438 343.488
6.39012 315.946
6.39585 286.168
6.40159 254.043
6.40732 226.802
6.41306 203.663
6.4188 185.842
6.42453 171.162
6.43027 162.314
6.43601 156.025
6.44174 147.352
6.44748 143.865
6.45321 137.034
6.45895 136.852
6.46469 132.891
6.47042 129.106
6.47616 128.168
6.4819 120.792
6.48763 117.965
6.49337 116.098
6.4991 113.976
6.50484 111.761
6.51058 109.874
6.51631 110.392
6.52205 105.234
6.52778 105.582
6.53352 106.048
6.53926 105.271
6.54499 105.886
6.55073 105.268
6.55647 103.149
6.5622 102.948
6.56794 102.864
6.57367 104.208
6.57941 102.946
6.58515 102.455
6.59088 100.299
6.59662 99.4431
6.60236 98.1761
6.60809 95.455
6.61383 95.4209
6.61956 96.805
6.6253 94.127
6.63104 96.1173
6.63677 94.3356
6.64251 92.3571
6.64824 94.3083
6.65398 93.7886
6.65972 94.2823
6.66545 93.8366
6.67119 93.5987
6.67693 93.5607
6.68266 94.1472
6.6884 94.0818
6.69413 94.0822
6.69987 94.3152
6.70561 92.1254
6.71134 91.9379
6.71708 90.6232
6.72282 90.6863
6.72855 90.1853
6.73429 90.787
6.74002 90.6799
6.74576 90.4019
6.7515 90.6112
6.75723 90.209
6.76297 90.017
6.7687 90.2391
6.77444 89.7168
6.78018 88.3339
6.78591 89.8402
6.79165 91.3386
6.79739 89.392
6.80312 92.8944
6.80886 91.9379
6.81459 90.5209
6.82033 90.3623
6.82607 88.5377
6.8318 88.3851
6.83754 88.6522
6.84328 89.2569
6.84901 89.7226
6.85475 89.4575
6.86048 89.1164
6.86622 89.0371
6.87196 88.8
6.87769 89.4943
6.88343 88.045
6.88916 89.6749
6.8949 87.6384
6.90064 88.9263
6.90637 87.3349
6.91211 88.7547
6.91785 89.4344
6.92358 87.4812
6.92932 88.6883
6.93505 88.8534
6.94079 88.8498
6.94653 88.7691
6.95226 90.1401
6.958 87.8394
6.96374 89.1641
6.96947 89.15
6.97521 88.3516
6.98094 88.3899
6.98668 89.0796
6.99242 89.6314
6.99815 88.9757
7.00389 89.8009
7.00962 89.5253
7.01536 91.2645
7.0211 89.8889
7.02683 90.7958
7.03257 90.5191
7.03831 89.378
7.04404 90.0483
7.04978 91.2416
7.05551 91.9586
7.06125 90.642
7.06699 91.6396
7.07272 90.6335
7.07846 91.8453
7.0842 93.8479
7.08993 94.1033
7.09567 93.2972
7.1014 94.353
7.10714 94.763
7.11288 94.9037
7.11861 94.6267
7.12435 96.6231
7.13008 96.4509
7.13582 95.5652
7.14156 94.0915
7.14729 94.9234
7.15303 95.4458
7.15877 94.3863
7.1645 95.6592
7.17024 95.3348
7.17597 96.7477
7.18171 95.2046
7.18745 95.9162
7.19318 96.2141
7.19892 97.384
7.20466 99.4539
7.21039 100.963
7.21613 99.3873
7.22186 99.6657
7.2276 100.24
7.23334 100.097
7.23907 100.802
7.24481 102.658
7.25054 101.159
7.25628 101.595
7.26202 102.867
7.26775 102.677
7.27349 104.092
7.27923 102.827
7.28496 104.087
7.2907 104.899
7.29643 104.441
7.30217 104.622
7.30791 107.621
7.31364 108.166
7.31938 108.233
7.32512 111.906
7.33085 112.004
7.33659 113.319
7.34232 112.131
7.34806 114.855
7.3538 119.312
7.35953 118.078
7.36527 125.108
7.371 134.156
7.37674 180.638
7.38248 156.872
7.38821 450.661
7.39395 439.8
7.39969 518.381
7.40542 929.937
7.41116 454.598
7.41689 289.112
7.42263 207.6
7.42837 187.585
7.4341 182.105
7.43984 182.235
7.44558 188.066
7.45131 200.026
7.45705 216.091
7.46278 239.588
7.46852 265.394
7.47426 291.751
7.47999 303.645
7.48573 300.153
7.49146 277.821
7.4972 250.439
7.50294 225.426
7.50867 201.516
7.51441 180.205
7.52015 164.179
7.52588 152.32
7.53162 139.917
7.53735 131.77
7.54309 125.233
7.54883 120.649
7.55456 115.889
7.5603 113.829
7.56604 109.421
7.57177 108.622
7.57751 104.637
7.58324 101.411
7.58898 100.945
7.59472 99.6736
7.60045 100.375
7.60619 98.3558
7.61192 96.6239
7.61766 95.0568
7.6234 93.7561
7.62913 93.8817
7.63487 92.6662
7.64061 93.1422
7.64634 91.516
7.65208 91.6601
7.65781 92.0056
7.66355 91.2867
7.66929 90.2821
7.67502 90.9945
7.68076 91.5586
7.6865 90.447
7.69223 91.0783
7.69797 91.6003
7.7037 91.635
7.70944 96.9121
7.71518 110.824
7.72091 129.648
7.72665 239.969
7.73238 407.245
7.73812 152.335
7.74386 150.38
7.74959 111.229
7.75533 105.477
7.76107 102.25
7.7668 103.06
7.77254 106.54
7.77827 111.938
7.78401 114.759
7.78975 124.83
7.79548 135.085
7.80122 143.083
7.80696 150.877
7.81269 154.674
7.81843 149.942
7.82416 139.898
7.8299 130.93
7.83564 120.464
7.84137 111.766
7.84711 105.668
7.85284 99.558
7.85858 94.888
7.86432 90.8411
7.87005 88.8492
7.87579 85.0334
7.88153 83.7063
7.88726 82.8868
7.893 80.7379
7.89873 80.7649
7.90447 80.0869
7.91021 84.0107
7.91594 82.8591
7.92168 89.2749
7.92742 82.5216
7.93315 76.5533
7.93889 76.1675
7.94462 74.2986
7.95036 74.6401
7.9561 73.9246
7.96183 76.1354
7.96757 78.8129
7.9733 78.5188
7.97904 76.6702
7.98478 76.8726
7.99051 73.0434
7.99625 72.584
8.00199 73.1641
8.00772 72.3745
8.01346 71.8813
8.01919 71.6503
8.02493 71.3682
8.03067 70.6764
8.0364 71.2533
8.04214 71.313
8.04788 70.2157
8.05361 69.0578
8.05935 69.9749
8.06508 69.2292
8.07082 69.9129
8.07656 68.6856
8.08229 70.0762
8.08803 70.7101
8.09376 68.7201
8.0995 67.6739
8.10524 67.4559
8.11097 66.2285
8.11671 65.4275
8.12245 63.5902
8.12818 63.9552
8.13392 61.8415
8.13965 59.8911
8.14539 60.727
8.15113 60.9622
8.15686 56.8928
8.1626 59.9857
8.16834 60.78
8.17407 61.9457
8.17981 61.0661
8.18554 61.9815
8.19128 61.0875
8.19702 61.0701
8.20275 62.196
8.20849 61.891
8.21422 62.5681
8.21996 61.36
8.2257 61.6035
8.23143 60.5305
8.23717 60.5737
8.24291 63.0757
8.24864 62.1822
8.25438 61.0269
8.26011 61.072
8.26585 61.1915
8.27159 62.58
8.27732 62.3551
8.28306 60.7611
8.2888 60.9686
8.29453 60.3558
8.30027 60.2543
8.306 60.3893
8.31174 61.4863
8.31748 59.7666
8.32321 60.3699
8.32895 60.7531
8.33468 60.0364
8.34042 59.4606
8.34616 59.4664
8.35189 57.7715
8.35763 60.9649
8.36337 59.4923
8.3691 59.8237
8.37484 58.6099
8.38057 58.8381
8.38631 59.3496
8.39205 60.9143
8.39778 58.8039
8.40352 60.2698
8.40926 59.3603
8.41499 59.722
8.42073 59.2976
8.42646 60.25
8.4322 62.7718
8.43794 61.4623
8.44367 62.1347
8.44941 60.1062
8.45514 57.8811
8.46088 59.6292
8.46662 60.0181
8.47235 60.2761
8.47809 57.5745
8.48383 57.8761
8.48956 57.728
8.4953 59.1302
8.50103 57.3707
8.50677 57.3787
8.51251 59.9617
8.51824 58.0057
8.52398 57.969
8.52972 57.5317
8.53545 58.9971
8.54119 59.1982
8.54692 57.5939
8.55266 58.2682
8.5584 56.7813
8.56413 58.1024
8.56987 56.1702
8.5756 60.3592
8.58134 57.3963
8.58708 58.3535
8.59281 56.5975
8.59855 58.2748
8.60429 56.4846
8.61002 58.4258
8.61576 57.2191
8.62149 57.7106
8.62723 60.5442
8.63297 57.9194
8.6387 58.2809
8.64444 58.2768
8.65018 58.0275
8.65591 57.3042
8.66165 63.5925
8.66738 56.5338
8.67312 56.7712
8.67886 57.5379
8.68459 55.8427
8.69033 55.6375
8.69606 55.6255
8.7018 55.8906
8.70754 55.324
8.71327 56.5709
8.71901 54.485
8.72475 57.1744
8.73048 57.6452
8.73622 56.306
8.74195 58.6814
8.74769 59.3814
8.75343 58.9316
8.75916 56.9619
8.7649 57.6468
8.77064 56.6822
8.77637 56.3571
8.78211 55.5917
8.78784 55.6987
8.79358 54.8522
8.79932 55.364
8.80505 54.7324
8.81079 56.4975
8.81652 53.7109
8.82226 54.5855
8.828 54.713
8.83373 55.2537
8.83947 56.2727
8.84521 57.4049
8.85094 59.1064
8.85668 56.0256
8.86241 55.9179
8.86815 57.4023
8.87389 56.8615
8.87962 57.2486
8.88536 57.6464
8.8911 54.9465
8.89683 58.1852
8.90257 58.9508
8.9083 58.8786
8.91404 58.3438
8.91978 61.2914
8.92551 70.7261
8.93125 74.0976
8.93698 127.939
8.94272 102.128
8.94846 83.7879
8.95419 65.1275
8.95993 62.0676
8.96567 63.2236
8.9714 61.0157
8.97714 59.3038
8.98287 60.1399
8.98861 62.7556
8.99435 63.6552
9.00008 59.0085
9.00582 62.9803
9.01156 64.5573
9.01729 65.4065
9.02303 64.4643
9.02876 69.1795
9.0345 64.9594
9.04024 67.5736
9.04597 66.6154
9.05171 66.8898
9.05744 63.1074
9.06318 66.5825
9.06892 61.8151
9.07465 67.1458
9.08039 62.1111
9.08613 57.6449
9.09186 60.3542
9.0976 54.7788
9.10333 59.8542
9.10907 58.0816
9.11481 53.8542
9.12054 57.6591
9.12628 56.4388
9.13202 57.5244
9.13775 59.2391
9.14349 53.7381
9.14922 55.2195
9.15496 55.378
9.1607 56.8243
9.16643 52.75
9.17217 52.6438
9.1779 59.5395
9.18364 56.0143
9.18938 54.6618
9.19511 51.5294
9.20085 54.2698
9.20659 54.0615
9.21232 50.4833
9.21806 47.9508
9.22379 49.0545
9.22953 49.6909
9.23527 51.6604
9.241 53.1786
9.24674 50.0612
9.25248 50.1064
9.25821 51.5111
9.26395 46.5
9.26968 40.7209
9.27542 49.6667
9.28116 46.15
9.28689 45.2571
9.29263 44.4242
9.29836 43.303
9.3041 45.0909
9.30984 38.9643
9.31557 40.037
9.32131 42.1111
9.32705 26.75
9.33278 34.6522
9.33852 30.1579
9.34425 30.6667
9.34999 30.1765
9.35573 23.5
9.36146 29.6364
9.3672 24.1818
9.37294 19.75
9.37867 16.3333
9.38441 9
9.39014 14.25
9.39588 0
9.40162 0
9.40735 0
9.41309 0
9.41882 0
9.42456 0
9.4303 0
9.43603 0
9.44177 0
9.44751 0
9.45324 0
9.45898 0
9.46471 0
9.47045 0
9.47619 0
9.48192 0
9.48766 0
9.4934 0
9.49913 0
9.50487 0
9.5106 0
9.51634 0
9.52208 0
9.52781 0
9.53355 0
9.53928 0
9.54502 0
9.55076 0
9.55649 0
9.56223 0
9.56797 0
9.5737 0
9.57944 0
9.58517 0
9.59091 0
9.59665 0
9.60238 0
9.60812 0
9.61386 0
9.61959 0
9.62533 0
9.63106 0
9.6368 0
9.64254 0
9.64827 0
9.65401 0
9.65974 0
9.66548 0
9.67122 0
9.67695 0
9.68269 0
9.68843 0
9.69416 0
9.6999 0
9.70563 0
9.71137 0
9.71711 0
9.72284 0
9.72858 0
9.73432 0
9.74005 0
9.74579 0
9.75152 0
9.75726 0
9.763 0
9.76873 0
9.77447 0
9.7802 0
9.78594 0
9.79168 0
9.79741 0
9.80315 0
9.80889 0
9.81462 0
9.82036 0
9.82609 0
9.83183 0
9.83757 0
9.8433 0
9.84904 0
9.85478 0
9.86051 0
9.86625 0
9.87198 0
9.87772 0
9.88346 0
9.88919 0
9.89493 0
9.90066 0
9.9064 0
9.91214 0
9.91787 0
9.92361 0
9.92935 0
9.93508 0
9.94082 0
9.94655 0
9.95229 0
9.95803 0
9.96376 0
9.9695 0
9.97524 0
9.98097 0
9.98671 0
9.99244 0
9.99818 0
10.0039 0
10.0097 0
10.0154 0
10.0211 0
10.0269 0
10.0326 0
10.0383 0
10.0441 0
10.0498 0
10.0555 0
10.0613 0
10.067 0
10.0728 0
10.0785 0
10.0842 0
10.09 0
10.0957 0
10.1014 0
10.1072 0
10.1129 0
10.1186 0
10.1244 0
10.1301 0
10.1358 0
10.1416 0
10.1473 0
10.1531 0
10.1588 0
10.1645 0
10.1703 0
10.176 0
10.1817 0
10.1875 0
10.1932 0
10.1989 0
10.2047 0
10.2104 0
10.2162 0
10.2219 0
10.2276 0
10.2334 0
10.2391 0
10.2448 0
10.2506 0
10.2563 0
10.262 0
10.2678 0
10.2735 0
10.2793 0
10.285 0
10.2907 0
10.2965 0
10.3022 0
10.3079 0
10.3137 0
10.3194 0
10.3251 0
10.3309 0
10.3366 0
10.3424 0
10.3481 0
10.3538 0
10.3596 0
10.3653 0
10.371 0
10.3768 0
10.3825 0
10.3882 0
10.394 0
10.3997 0
10.4054 0
10.4112 0
10.4169 0
10.4227 0
10.4284 0
10.4341 0
10.4399 0
10.4456 0
10.4513 0
10.4571 0
10.4628 0
10.4685 0
10.4743 0
10.48 0
10.4858 0
10.4915 0
10.4972 0
10.503 0
10.5087 0
10.5144 0
10.5202 0
10.5259 0
10.5316 0
10.5374 0
10.5431 0
10.5489 0
10.5546 0
10.5603 0
10.5661 0
10.5718 0
10.5775 0
10.5833 0
10.589 0
10.5947 0
10.6005 0
10.6062 0
10.612 0
10.6177 0
10.6234 0
10.6292 0
10.6349 0
10.6406 0
10.6464 0
10.6521 0
10.6578 0
10.6636 0
10.6693 0
10.6751 0
10.6808 0
10.6865 0
10.6923 0
10.698 0
10.7037 0
10.7095 0
10.7152 0
10.7209 0
10.7267 0
10.7324 0
10.7381 0
10.7439 0
10.7496 0
10.7554 0
10.7611 0
10.7668 0
10.7726 0
10.7783 0
10.784 0
10.7898 0
10.7955 0
10.8012 0
10.807 0
10.8127 0
10.8185 0
10.8242 0
10.8299 0
10.8357 0
10.8414 0
10.8471 0
10.8529 0
10.8586 0
10.8643 0
10.8701 0
10.8758 0
10.8816 0
10.8873 0
10.893 0
10.8988 0
10.9045 0
10.9102 0
10.916 0
10.9217 0
10.9274 0
10.9332 0
10.9389 0
10.9447 0
10.9504 0
10.9561 0
10.9619 0
10.9676 0
10.9733 0
10.9791 0
10.9848 0
10.9905 0
10.9963 0
11.002 0
11.0077 0
11.0135 0
11.0192 0
11.025 0
11.0307 0
11.0364 0
11.0422 0
11.0479 0
11.0536 0
11.0594 0
11.0651 0
11.0708 0
11.0766 0
11.0823 0
11.0881 0
11.0938 0
11.0995 0
11.1053 0
11.111 0
11.1167 0
11.1225 0
11.1282 0
11.1339 0
11.1397 0
11.1454 0
11.1512 0
11.1569 0
11.1626 0
11.1684 0
11.1741 0
11.1798 0
11.1856 0
11.1913 0
11.197 0
11.2028 0
11.2085 0
11.2143 0
11.22 0
11.2257 0
11.2315 0
11.2372 0
11.2429 0
11.2487 0
11.2544 0
11.2601 0
11.2659 0
11.2716 0
11.2774 0
11.2831 0
11.2888 0
11.2946 0
11.3003 0
11.306 0
11.3118 0
11.3175 0
11.3232 0
11.329 0
11.3347 0
11.3404 0
11.3462 0
11.3519 0
11.3577 0
11.3634 0
11.3691 0
11.3749 0
11.3806 0
11.3863 0
11.3921 0
11.3978 0
11.4035 0
11.4093 0
11.415 0
11.4208 0
11.4265 0
11.4322 0
11.438 0
11.4437 0
11.4494 0
11.4552 0
11.4609 0
11.4666 0
11.4724 0
11.4781 0
11.4839 0
11.4896 0
11.4953 0
11.5011 0
11.5068 0
11.5125 0
11.5183 0
11.524 0
11.5297 0
11.5355 0
11.5412 0
11.547 0
11.5527 0
11.5584 0
11.5642 0
11.5699 0
11.5756 0
11.5814 0
11.5871 0
11.5928 0
11.5986 0
11.6043 0
11.61 0
11.6158 0
11.6215 0
11.6273 0
11.633 0
11.6387 0
11.6445 0
11.6502 0
11.6559 0
11.6617 0
11.6674 0
11.6731 0
11.6789 0
11.6846 0
11.6904 0
11.6961 0
11.7018 0
11.7076 0
11.7133 0
11.719 0
11.7248 0
11.7305 0
11.7362 0
11.742 0
