0 0
0.00573619 7
0.0114724 -18
0.0172086 -17.5
0.0229448 -15.6667
0.028681 -14.3333
0.0344171 -1
0.0401533 8.8
0.0458895 5.8
0.0516257 3.66667
0.0573619 -5.83333
0.0630981 4.42857
0.0688343 -2.14286
0.0745705 -3.66667
0.0803067 -1.88889
0.0860429 -1.88889
0.091779 4.75
0.0975152 3
0.103251 -4.33333
0.108988 0.333333
0.114724 -8
0.12046 -3.18182
0.126196 -0.8
0.131932 -3.125
0.137669 0.533333
0.143405 -7.07692
0.149141 0.538462
0.154877 2
0.160613 -4.06667
0.16635 2.46667
0.172086 5.41667
0.177822 6
0.183558 6.17647
0.189294 1.35714
0.19503 1.09524
0.200767 2.09524
0.206503 5.11765
0.212239 4.38889
0.217975 1.47619
0.223711 1.70588
0.229448 4.875
0.235184 -2.95652
0.24092 -0.227273
0.246656 0.555556
0.252392 4.04
0.258129 -2.7037
0.263865 2.09524
0.269601 -1.125
0.275337 3.48276
0.281073 4.28
0.28681 3.75
0.292546 -0.28
0.298282 3.51724
0.304018 -3.48148
0.309754 1.43333
0.31549 5.09677
0.321227 -2.37037
0.326963 2.56667
0.332699 -1.29032
0.338435 2.36364
0.344171 1.91667
0.349908 5.4
0.355644 3.68571
0.36138 2.32258
0.367116 2.82353
0.372852 1.27273
0.378589 4.32432
0.384325 2.84375
0.390061 2.4359
0.395797 3.35897
0.401533 6.11538
0.40727 8.13953
0.413006 7.13514
0.418742 7.625
0.424478 8.85294
0.430214 12.2
0.43595 10.3659
0.441687 18.2812
0.447423 15.4255
0.453159 9.07692
0.458895 12.5581
0.464631 11.3636
0.470368 16.3902
0.476104 13.5106
0.48184 13.75
0.487576 10
0.493312 13.9512
0.499049 16.35
0.504785 12.2456
0.510521 15.4
0.516257 13.5116
0.521993 18.0682
0.52773 18.6981
0.533466 16.8444
0.539202 19.5833
0.544938 19.1765
0.550674 20
0.55641 17.4167
0.562147 17.0784
0.567883 16.1053
0.573619 15.1333
0.579355 16.0185
0.585091 16.5965
0.590828 10.9057
0.596564 11.1875
0.6023 9.51786
0.608036 15.6462
0.613772 17.6327
0.619509 13.5862
0.625245 19.6271
0.630981 18.1636
0.636717 13.8966
0.642453 22.3684
0.64819 18.0794
0.653926 23.7692
0.659662 19.0462
0.665398 18.7188
0.671134 18.1404
0.67687 20.6613
0.682607 20.127
0.688343 20.403
0.694079 20.6852
0.699815 21.087
0.705551 24.1385
0.711288 23.1091
0.717024 19.8108
0.72276 18.8361
0.728496 19.4857
0.734232 20.9062
0.739969 18.8696
0.745705 23.2958
0.751441 21.0517
0.757177 23.7792
0.762913 26.5224
0.76865 25.6957
0.774386 21.7941
0.780122 21.2466
0.785858 23.6104
0.791594 22.5
0.79733 19.878
0.803067 20.1014
0.808803 20
0.814539 20.1235
0.820275 19.9296
0.826011 18
0.831748 20.0833
0.837484 19.0471
0.84322 22.6
0.848956 22.1944
0.854692 20.1647
0.860429 21.9136
0.866165 22.5479
0.871901 21.4
0.877637 23.4096
0.883373 23.7922
0.88911 24.2308
0.894846 20.9059
0.900582 21.2892
0.906318 22.3108
0.912054 23.9222
0.91779 20.2989
0.923527 18
0.929263 19.9535
0.934999 21.5934
0.940735 20.9877
0.946471 21.7262
0.952208 22.4941
0.957944 22.0538
0.96368 19.9103
0.969416 17.9474
0.975152 22.8111
0.980889 19.5059
0.986625 18.6395
0.992361 20.7368
0.998097 19.7895
1.00383 23.3625
1.00957 22.0808
1.01531 22.7938
1.02104 20.5833
1.02678 22.5417
1.03251 23.5714
1.03825 20.52
1.04399 20.8023
1.04972 22.4653
1.05546 21.7228
1.0612 22.378
1.06693 22.9813
1.07267 20.9011
1.0784 19.2718
1.08414 19.9082
1.08988 22.14
1.09561 20.981
1.10135 23.8372
1.10708 23.5545
1.11282 23
1.11856 24.0204
1.12429 17.1143
1.13003 25.1048
1.13577 19.7048
1.1415 23.4804
1.14724 20.4587
1.15297 21.73
1.15871 19.49
1.16445 16.7565
1.17018 18.2857
1.17592 19.3364
1.18166 17.8646
1.18739 18.8487
1.19313 22.4954
1.19886 19.6505
1.2046 18.5652
1.21034 20.8505
1.21607 16.9364
1.22181 19.7909
1.22754 20.7436
1.23328 24.243
1.23902 22.1339
1.24475 18.8403
1.25049 19.055
1.25623 22.6944
1.26196 20.3162
1.2677 16.9516
1.27343 18.1622
1.27917 20.6949
1.28491 19.339
1.29064 20.3274
1.29638 19.3362
1.30212 18.6325
1.30785 20.2101
1.31359 17.3534
1.31932 23.0945
1.32506 21.2605
1.3308 17.8362
1.33653 17.5714
1.34227 19.4034
1.348 21.0157
1.35374 18.646
1.35948 20.08
1.36521 19.7328
1.37095 17.6909
1.37669 21.0863
1.38242 19.4262
1.38816 21.2137
1.39389 18.2288
1.39963 20.1515
1.40537 18.9302
1.4111 18.9107
1.41684 19.8392
1.42258 19.0593
1.42831 18.562
1.43405 19.7538
1.43978 19.1704
1.44552 19
1.45126 16.0169
1.45699 19.2269
1.46273 18.9621
1.46846 21.6587
1.4742 17.9231
1.47994 20.5349
1.48567 20.0827
1.49141 20.7538
1.49715 18.5906
1.50288 19.562
1.50862 17.8629
1.51435 17.637
1.52009 18.8794
1.52583 18.4886
1.53156 18.2074
1.5373 19.7279
1.54304 19.1418
1.54877 19.2059
1.55451 17.7181
1.56024 17.6934
1.56598 19.1571
1.57172 21.9645
1.57745 19.0203
1.58319 21.8298
1.58892 21.7254
1.59466 20.5133
1.6004 20.1119
1.60613 19.8768
1.61187 22.1544
1.61761 18.9682
1.62334 19.3383
1.62908 21.0065
1.63481 19.7285
1.64055 18.72
1.64629 19.1712
1.65202 17.8079
1.65776 18.2517
1.6635 19.9708
1.66923 18.5031
1.67497 19.0859
1.6807 19.6642
1.68644 17.981
1.69218 18.5864
1.69791 17.7124
1.70365 21.1757
1.70938 19.8654
1.71512 18.7485
1.72086 19.4118
1.72659 20.9133
1.73233 20.0903
1.73807 19.4771
1.7438 18.1747
1.74954 20.2201
1.75527 17.8963
1.76101 19.4265
1.76675 21.116
1.77248 16.061
1.77822 16.966
1.78396 18.0476
1.78969 19.3949
1.79543 19.3237
1.80116 17.0191
1.8069 22.3333
1.81264 19.8802
1.81837 19.8667
1.82411 18.0611
1.82984 16.8075
1.83558 19.5697
1.84132 18.1576
1.84705 19.0414
1.85279 20.5088
1.85853 21.2437
1.86426 19.8531
1.87 19.5698
1.87573 19.2
1.88147 20.7797
1.88721 20.8081
1.89294 19.9306
1.89868 20.1647
1.90442 24.6322
1.91015 23.9704
1.91589 36.2679
1.92162 36.6257
1.92736 23.8701
1.9331 25.6786
1.93883 26.4244
1.94457 27.127
1.9503 25.3882
1.95604 22.4186
1.96178 23.5193
1.96751 25.6
1.97325 22.319
1.97899 22.6043
1.98472 21.75
1.99046 20.8057
1.99619 19.6099
2.00193 20.6
2.00767 17.7458
2.0134 19.5058
2.01914 19.8936
2.02488 20.2251
2.03061 20.7853
2.03635 17.4947
2.04208 19.5676
2.04782 21.1277
2.05356 21.1828
2.05929 20.6796
2.06503 19.44
2.07076 20.6307
2.0765 18.6995
2.08224 20.2602
2.08797 20.9017
2.09371 21.5152
2.09945 19.2865
2.10518 20.1759
2.11092 20.0267
2.11665 20.8205
2.12239 21.9179
2.12813 21.568
2.13386 21.0746
2.1396 21.5578
2.14534 20.5026
2.15107 21.6578
2.15681 23.9849
2.16254 21.7921
2.16828 21.9239
2.17402 22.237
2.17975 20.57
2.18549 21.8201
2.19122 22.1139
2.19696 22.1337
2.2027 23.522
2.20843 30.6067
2.21417 44.717
2.21991 56.7324
2.22564 33.3115
2.23138 26.9763
2.23711 22.8647
2.24285 23.9663
2.24859 24.0938
2.25432 22.8676
2.26006 21.7913
2.2658 24.4731
2.27153 23.3442
2.27727 22.7156
2.283 23.0249
2.28874 24.5049
2.29448 23.7117
2.30021 22.2891
2.30595 25
2.31168 23.8657
2.31742 25.1643
2.32316 25.5144
2.32889 26.5047
2.33463 25.7183
2.34037 26.1737
2.3461 27.2783
2.35184 30.181
2.35757 28.6569
2.36331 30.4673
2.36905 30.2949
2.37478 28.7748
2.38052 29.765
2.38626 28.3889
2.39199 28.0214
2.39773 29.8164
2.40346 28.8493
2.4092 30.8431
2.41494 26.4932
2.42067 24.9309
2.42641 23.576
2.43214 24.1991
2.43788 23.7971
2.44362 24.7709
2.44935 24.6996
2.45509 25.8498
2.46083 24.1982
2.46656 23.5764
2.4723 23.2143
2.47803 24.2512
2.48377 26.2876
2.48951 24.4316
2.49524 26.5747
2.50098 24.9152
2.50672 25.4735
2.51245 25.5193
2.51819 26.8657
2.52392 25.0756
2.52966 25.6151
2.5354 23.9907
2.54113 25.8417
2.54687 25.0087
2.5526 24.9534
2.55834 24.9279
2.56408 27.8298
2.56981 25.5579
2.57555 25.7376
2.58129 25.632
2.58702 24.9163
2.59276 26.9918
2.59849 25.8771
2.60423 26.8093
2.60997 26.8257
2.6157 24.8211
2.62144 24.7188
2.62718 26.1447
2.63291 24.1004
2.63865 26.0215
2.64438 26.4403
2.65012 26.6
2.65586 27.692
2.66159 25.0356
2.66733 27.2582
2.67306 26.9064
2.6788 27.0508
2.68454 27.0336
2.69027 27.1486
2.69601 27.7739
2.70175 28.8359
2.70748 28.6955
2.71322 28.654
2.71895 29.2835
2.72469 28.8642
2.73043 25.4213
2.73616 28.5417
2.7419 26.4319
2.74764 26.0949
2.75337 29.4632
2.75911 26.3802
2.76484 26.4167
2.77058 26.0412
2.77632 26.9228
2.78205 27.5992
2.78779 29.6641
2.79352 28.0205
2.79926 29.0902
2.805 27.3133
2.81073 27.0537
2.81647 27.1481
2.82221 28.8023
2.82794 29.0357
2.83368 26.45
2.83941 28.1083
2.84515 28.82
2.85089 28.3837
2.85662 28.9513
2.86236 27.4847
2.8681 30.5935
2.87383 28.0528
2.87957 29.5432
2.8853 28.7028
2.89104 28.9278
2.89678 28.2943
2.90251 30.1188
2.90825 31.0551
2.91398 30.8431
2.91972 29.0433
2.92546 31.6255
2.93119 29.3321
2.93693 30.87
2.94267 29.4656
2.9484 30.3245
2.95414 30.8911
2.95987 30.1439
2.96561 32.7846
2.97135 32.8719
2.97708 32.3546
2.98282 32.9442
2.98856 45.1643
2.99429 49.9643
3.00003 38.8439
3.00576 34.8137
3.0115 32.9522
3.01724 33.2976
3.02297 32.8015
3.02871 33.2842
3.03444 30.8925
3.04018 31.7554
3.04592 33.2353
3.05165 32.0645
3.05739 31.9011
3.06313 33.0934
3.06886 34.8446
3.0746 35.1825
3.08033 34.0906
3.08607 32.1667
3.09181 36.5036
3.09754 37.1522
3.10328 40.9586
3.10902 42.7808
3.11475 41.7492
3.12049 38.2857
3.12622 37.331
3.13196 40.8932
3.1377 42.5733
3.14343 52.5536
3.14917 45.7059
3.1549 40.0177
3.16064 38.2426
3.16638 36.8218
3.17211 39.1354
3.17785 40.3584
3.18359 37.0215
3.18932 38.5767
3.19506 39.4916
3.20079 38.2082
3.20653 38.2248
3.21227 39.5973
3.218 39.566
3.22374 39.1111
3.22948 39.8562
3.23521 39.423
3.24095 41.1004
3.24668 42.6698
3.25242 40.5533
3.25816 41.75
3.26389 41.5129
3.26963 41.8082
3.27536 42.3828
3.2811 42.0772
3.28684 43.9
3.29257 43.9803
3.29831 42.9214
3.30405 46.859
3.30978 48.1902
3.31552 48.398
3.32125 51.0746
3.32699 50.804
3.33273 51.4904
3.33846 53.4759
3.3442 53.2821
3.34994 56.7882
3.35567 53.1694
3.36141 51.5079
3.36714 52.984
3.37288 66.9609
3.37862 84.1331
3.38435 78.1723
3.39009 82.1919
3.39582 62.8627
3.40156 49.2421
3.4073 50.7238
3.41303 51.6931
3.41877 52.1221
3.42451 52.1424
3.43024 54.2357
3.43598 50.6535
3.44171 51.2759
3.44745 49.8507
3.45319 51.1724
3.45892 50.9065
3.46466 51.3323
3.4704 51.2259
3.47613 51.3179
3.48187 52.4247
3.4876 53.2571
3.49334 54.7937
3.49908 55.3376
3.50481 56.9194
3.51055 55.9656
3.51628 59.0645
3.52202 58.1662
3.52776 60.8385
3.53349 65.0252
3.53923 73.4907
3.54497 87.3197
3.5507 94.8818
3.55644 91.8328
3.56217 78.6209
3.56791 69.7547
3.57365 66.8416
3.57938 64.2368
3.58512 64.5415
3.59086 63.4427
3.59659 63.0802
3.60233 63.6618
3.60806 64.0242
3.6138 65.2889
3.61954 67.6507
3.62527 69.8373
3.63101 74.0187
3.63674 79.3414
3.64248 86.3353
3.64822 91.5356
3.65395 95.0359
3.65969 94
3.66543 92.2553
3.67116 89.4796
3.6769 88.5774
3.68263 92.0655
3.68837 92.2476
3.69411 91.7918
3.69984 88.3031
3.70558 86.1394
3.71132 88.0361
3.71705 89.5739
3.72279 92.4431
3.72852 91.3045
3.73426 90.4836
3.74 92.7331
3.74573 95.8481
3.75147 97.1098
3.7572 100.144
3.76294 102.078
3.76868 104.515
3.77441 108.33
3.78015 108.482
3.78589 114.445
3.79162 117.743
3.79736 123.88
3.80309 129.295
3.80883 136.403
3.81457 145.63
3.8203 156.682
3.82604 169.695
3.83178 199.299
3.83751 280.725
3.84325 510.671
3.84898 996.054
3.85472 1436.9
3.86046 787.282
3.86619 586.311
3.87193 650.583
3.87766 813.088
3.8834 1061.67
3.88914 1357.55
3.89487 1614.6
3.90061 1535.75
3.90635 1258.13
3.91208 963.656
3.91782 689.562
3.92355 515.301
3.92929 405.669
3.93503 324.242
3.94076 271.824
3.9465 235.278
3.95224 208.439
3.95797 185.965
3.96371 168.814
3.96944 159.294
3.97518 152.76
3.98092 144.205
3.98665 138.36
3.99239 134.374
3.99812 130.271
4.00386 124.836
4.0096 122.161
4.01533 119.484
4.02107 116.837
4.02681 115.909
4.03254 116.856
4.03828 116.425
4.04401 114.658
4.04975 113.563
4.05549 109.941
4.06122 104.673
4.06696 105.56
4.0727 105.208
4.07843 103.513
4.08417 104.073
4.0899 103.984
4.09564 104.41
4.10138 100.35
4.10711 102.166
4.11285 100.092
4.11858 99.1417
4.12432 98.9816
4.13006 99.8886
4.13579 97.8364
4.14153 97.7668
4.14727 97.8711
4.153 98.6745
4.15874 97.0312
4.16447 97.301
4.17021 98.5299
4.17595 95.9658
4.18168 97.6773
4.18742 97.1266
4.19316 98.7626
4.19889 101.471
4.20463 102.739
4.21036 101.285
4.2161 98.6233
4.22184 98.1189
4.22757 99.3173
4.23331 97.7574
4.23904 98.9044
4.24478 98.7289
4.25052 99.5013
4.25625 99.8591
4.26199 101.103
4.26773 102
4.27346 102.595
4.2792 104.021
4.28493 104.772
4.29067 105.386
4.29641 106.995
4.30214 107.573
4.30788 109.339
4.31362 109.777
4.31935 115.431
4.32509 116.88
4.33082 115.931
4.33656 121.616
4.3423 124.005
4.34803 127.549
4.35377 130.46
4.3595 133.314
4.36524 138.681
4.37098 144.396
4.37671 152.047
4.38245 153.899
4.38819 162.409
4.39392 175.336
4.39966 179.862
4.40539 195.644
4.41113 211.398
4.41687 236.831
4.4226 278.541
4.42834 356.43
4.43408 594.11
4.43981 1395.79
4.44555 3039.94
4.45128 12429.9
4.45702 15643
4.46276 6511.71
4.46849 2256.74
4.47423 1179.98
4.47996 697.752
4.4857 588.752
4.49144 553.24
4.49717 515.357
4.50291 516.25
4.50865 483.523
4.51438 437.501
4.52012 382.528
4.52585 330.642
4.53159 284.167
4.53733 246.132
4.54306 215.213
4.5488 192.108
4.55454 174.023
4.56027 157.153
4.56601 146.897
4.57174 135.099
4.57748 125.344
4.58322 119.084
4.58895 114.396
4.59469 109.757
4.60042 108.764
4.60616 103.5
4.6119 101.78
4.61763 97.8778
4.62337 98.9977
4.62911 98.3243
4.63484 94.6447
4.64058 91.7646
4.64631 90.4037
4.65205 86.0397
4.65779 85.0303
4.66352 81.7534
4.66926 82.0894
4.675 80.7087
4.68073 79.5595
4.68647 78.5649
4.6922 78.5448
4.69794 80.3281
4.70368 76.6384
4.70941 79.5793
4.71515 79.7346
4.72088 79.6937
4.72662 78.693
4.73236 79.8193
4.73809 79.8444
4.74383 79.5737
4.74957 79.066
4.7553 77.7381
4.76104 76.1874
4.76677 73.7266
4.77251 72.0115
4.77825 71.4674
4.78398 70.4289
4.78972 68.4234
4.79546 67.76
4.80119 68.2315
4.80693 66.8341
4.81266 65.5816
4.8184 63.8253
4.82414 65.0804
4.82987 64.5306
4.83561 64.4465
4.84134 67.0326
4.84708 67.6404
4.85282 69.8013
4.85855 67.9956
4.86429 62.3759
4.87003 60.3626
4.87576 61.2844
4.8815 59.9849
4.88723 61.2182
4.89297 59.3348
4.89871 60.2765
4.90444 59.6188
4.91018 59.6316
4.91592 60.0111
4.92165 61.4069
4.92739 58.8493
4.93312 58.6848
4.93886 59.5996
4.9446 59.787
4.95033 59.1429
4.95607 58.5692
4.9618 59.1964
4.96754 61.5872
4.97328 60.4442
4.97901 67.7457
4.98475 62.0888
4.99049 58.1401
4.99622 55.7643
5.00196 56.9511
5.00769 57.4922
5.01343 56.3245
5.01917 57.1224
5.0249 56.1936
5.03064 56.7408
5.03638 55.8333
5.04211 57.3109
5.04785 58.2484
5.05358 57.2436
5.05932 56.2462
5.06506 57.211
5.07079 56.9721
5.07653 52.9002
5.08226 57.557
5.088 56.5789
5.09374 56.0949
5.09947 55.9022
5.10521 55.2018
5.11095 55.5577
5.11668 54.1441
5.12242 55.5526
5.12815 55.4459
5.13389 56.6071
5.13963 56.2543
5.14536 55.7039
5.1511 55.6538
5.15684 56.7029
5.16257 55.9196
5.16831 57.7941
5.17404 56.7758
5.17978 57.1256
5.18552 55.037
5.19125 56.6501
5.19699 54.6974
5.20272 55.0328
5.20846 55.0429
5.2142 55.8105
5.21993 54.3675
5.22567 56.5011
5.23141 55.722
5.23714 56.552
5.24288 55.1343
5.24861 56.4004
5.25435 54.9366
5.26009 56.4523
5.26582 55.742
5.27156 56.8037
5.2773 56.4229
5.28303 56.8803
5.28877 54.7963
5.2945 57.9653
5.30024 56.5156
5.30598 57.6486
5.31171 58.986
5.31745 59.1515
5.32318 59.346
5.32892 56.5635
5.33466 57.3027
5.34039 58.3257
5.34613 57.0168
5.35187 57.4288
5.3576 56.9979
5.36334 55.9598
5.36907 58.5416
5.37481 58.0373
5.38055 58.8378
5.38628 61.9781
5.39202 63.3399
5.39776 66.3125
5.40349 64.4175
5.40923 61.2224
5.41496 58.6146
5.4207 56.6965
5.42644 56.8385
5.43217 57.2657
5.43791 57.5591
5.44364 57.7526
5.44938 59.9765
5.45512 59.4378
5.46085 58.2505
5.46659 59.1743
5.47233 59.1129
5.47806 57.4158
5.4838 57.1333
5.48953 56.9629
5.49527 57.2436
5.50101 58.2725
5.50674 57.1423
5.51248 57.5865
5.51822 58.0501
5.52395 58.1657
5.52969 57.1941
5.53542 57.9792
5.54116 57.6926
5.5469 58.1533
5.55263 57.5137
5.55837 57.6037
5.5641 57.3042
5.56984 57.4802
5.57558 58.0273
5.58131 58.5921
5.58705 58.9561
5.59279 58.4961
5.59852 60.232
5.60426 58.7565
5.60999 59.5259
5.61573 59.9961
5.62147 60.0221
5.6272 59.212
5.63294 59.7577
5.63868 58.6242
5.64441 58.9476
5.65015 59.3717
5.65588 60.9786
5.66162 61.5029
5.66736 60.7587
5.67309 60.0459
5.67883 60.7265
5.68456 60.726
5.6903 61.1941
5.69604 62.1028
5.70177 61.8872
5.70751 63.1751
5.71325 64.8266
5.71898 64.474
5.72472 63.9254
5.73045 63.5846
5.73619 64.3854
5.74193 62.6833
5.74766 65.1523
5.7534 65.59
5.75914 64.9073
5.76487 66.5206
5.77061 63.0403
5.77634 67.825
5.78208 71.2571
5.78782 68.628
5.79355 69.749
5.79929 68.4364
5.80502 67.6848
5.81076 68.6733
5.8165 68.3788
5.82223 69.7058
5.82797 67.5092
5.83371 69.9829
5.83944 69.0227
5.84518 70.6685
5.85091 69.0075
5.85665 69.3694
5.86239 70.1715
5.86812 70.3817
5.87386 71.7453
5.8796 70.8558
5.88533 72.0773
5.89107 71.7491
5.8968 71.5251
5.90254 70.7265
5.90828 71.5009
5.91401 74.5168
5.91975 75.1412
5.92548 75.1
5.93122 75.1238
5.93696 77.431
5.94269 81
5.94843 79.0942
5.95417 82.8857
5.9599 78.9209
5.96564 80.2247
5.97137 80.0404
5.97711 78.4819
5.98285 81.261
5.98858 80.9252
5.99432 82.2754
6.00006 84.5174
6.00579 84.4531
6.01153 86.7473
6.01726 89.2163
6.023 90.2118
6.02874 87.9982
6.03447 87.2978
6.04021 87.993
6.04594 88.1382
6.05168 89.5771
6.05742 89.6243
6.06315 91.1632
6.06889 90.9947
6.07463 92.7959
6.08036 93.4355
6.0861 93.2552
6.09183 95.7593
6.09757 98.9666
6.10331 98.3982
6.10904 99.6038
6.11478 101.993
6.12052 101.47
6.12625 103.59
6.13199 105.551
6.13772 107.349
6.14346 108.167
6.1492 110.272
6.15493 112.208
6.16067 112.379
6.1664 115.064
6.17214 117.938
6.17788 122.805
6.18361 122.766
6.18935 128.516
6.19509 134.44
6.20082 134.531
6.20656 142.017
6.21229 148.038
6.21803 155.726
6.22377 158.319
6.2295 165.977
6.23524 175.286
6.24098 177.016
6.24671 180.448
6.25245 198.887
6.25818 208.144
6.26392 226.069
6.26966 264.904
6.27539 356.356
6.28113 463.39
6.28686 1248.52
6.2926 3189.46
6.29834 6951.7
6.30407 6881.46
6.30981 9272.28
6.31555 2817.37
6.32128 1548.82
6.32702 686.081
6.33275 464.788
6.33849 417.198
6.34423 356.248
6.34996 352.631
6.3557 361.62
6.36144 372.263
6.36717 406.969
6.37291 439.792
6.37864 442.509
6.38438 414.291
6.39012 374.398
6.39585 335.285
6.40159 293.305
6.40732 259.915
6.41306 230.724
6.4188 208.402
6.42453 191.14
6.43027 180.578
6.43601 172.452
6.44174 164.038
6.44748 157.801
6.45321 153.654
6.45895 151.976
6.46469 147.16
6.47042 145.353
6.47616 143.131
6.4819 136.562
6.48763 133.281
6.49337 131.616
6.4991 127.945
6.50484 123.839
6.51058 121.129
6.51631 122.069
6.52205 119.056
6.52778 119.433
6.53352 119.487
6.53926 116.434
6.54499 115.704
6.55073 114.402
6.55647 115.031
6.5622 114.523
6.56794 115.405
6.57367 115.603
6.57941 114.535
6.58515 115.042
6.59088 112.576
6.59662 112.718
6.60236 109.616
6.60809 108.027
6.61383 107.537
6.61956 107.375
6.6253 106.423
6.63104 106.456
6.63677 107.139
6.64251 104.378
6.64824 105.767
6.65398 106.183
6.65972 106.761
6.66545 104.008
6.67119 105.966
6.67693 105.438
6.68266 105.032
6.6884 104.948
6.69413 106.628
6.69987 104.893
6.70561 104.408
6.71134 103.837
6.71708 103.908
6.72282 102.678
6.72855 102.235
6.73429 101.088
6.74002 102.006
6.74576 102.592
6.7515 102.577
6.75723 100.877
6.76297 99.8629
6.7687 101.425
6.77444 100.694
6.78018 100.169
6.78591 101.21
6.79165 100.057
6.79739 100.176
6.80312 101.233
6.80886 100.424
6.81459 100.579
6.82033 101.142
6.82607 99.967
6.8318 99.7888
6.83754 98.4176
6.84328 98.8969
6.84901 98.8464
6.85475 99.9935
6.86048 98.7136
6.86622 98.4919
6.87196 98.9877
6.87769 99.0345
6.88343 98.2345
6.88916 100.322
6.8949 98.1205
6.90064 98.4562
6.90637 98.3318
6.91211 99.432
6.91785 99.8894
6.92358 99.5596
6.92932 98.9398
6.93505 99.259
6.94079 99.4112
6.94653 99.0367
6.95226 98.9029
6.958 100.107
6.96374 99.4271
6.96947 99.6281
6.97521 100.532
6.98094 99.772
6.98668 100.985
6.99242 100.585
6.99815 99.9045
7.00389 100.501
7.00962 100.092
7.01536 100.901
7.0211 100.407
7.02683 99.3651
7.03257 100.871
7.03831 101.195
7.04404 100.82
7.04978 102.072
7.05551 101.548
7.06125 101.903
7.06699 102.514
7.07272 103.163
7.07846 101.721
7.0842 102.892
7.08993 102.574
7.09567 104.186
7.1014 103.988
7.10714 106.005
7.11288 105.913
7.11861 105.737
7.12435 106.703
7.13008 107.384
7.13582 106.787
7.14156 105.391
7.14729 106.934
7.15303 106.373
7.15877 106.806
7.1645 105.891
7.17024 107.164
7.17597 108.403
7.18171 108.827
7.18745 107.693
7.19318 108.086
7.19892 107.332
7.20466 110.33
7.21039 111.009
7.21613 112.018
7.22186 112.865
7.2276 112.601
7.23334 113.864
7.23907 112.08
7.24481 114.046
7.25054 112.806
7.25628 114.293
7.26202 115.891
7.26775 114.888
7.27349 115.857
7.27923 116.874
7.28496 117.781
7.2907 118.516
7.29643 119.69
7.30217 120.712
7.30791 122.588
7.31364 123.178
7.31938 122.768
7.32512 125.466
7.33085 128.559
7.33659 130.558
7.34232 129.638
7.34806 132.755
7.3538 135.381
7.35953 134.333
7.36527 142.821
7.371 157.145
7.37674 219.051
7.38248 196.862
7.38821 569.578
7.39395 538.991
7.39969 668.289
7.40542 1117.31
7.41116 561.874
7.41689 353.646
7.42263 259.349
7.42837 231.359
7.4341 222.207
7.43984 218.083
7.44558 227.815
7.45131 243.82
7.45705 266.345
7.46278 296.184
7.46852 335.241
7.47426 370.518
7.47999 389.083
7.48573 382.637
7.49146 349.483
7.4972 313.754
7.50294 274.71
7.50867 244.013
7.51441 216.953
7.52015 193.359
7.52588 177.102
7.53162 162.517
7.53735 153.922
7.54309 143.802
7.54883 137.894
7.55456 133.329
7.5603 128.842
7.56604 126.527
7.57177 122.234
7.57751 119.654
7.58324 115.806
7.58898 113.687
7.59472 113.407
7.60045 111.894
7.60619 110.996
7.61192 109.425
7.61766 106.371
7.6234 108.511
7.62913 106.665
7.63487 105.225
7.64061 105.566
7.64634 105.074
7.65208 103.34
7.65781 104.054
7.66355 103.753
7.66929 102.538
7.67502 103.649
7.68076 103.837
7.6865 102.788
7.69223 103.06
7.69797 104.374
7.7037 105.236
7.70944 109.651
7.71518 122.846
7.72091 142.678
7.72665 244.164
7.73238 404.226
7.73812 166.434
7.74386 155.131
7.74959 126.502
7.75533 120.425
7.76107 119.04
7.7668 118.854
7.77254 122.815
7.77827 128.937
7.78401 136.939
7.78975 147.213
7.79548 157.568
7.80122 172.077
7.80696 181.87
7.81269 189.577
7.81843 183.847
7.82416 170.944
7.8299 157.53
7.83564 142.841
7.84137 131.035
7.84711 122.163
7.85284 115.032
7.85858 108.945
7.86432 102.927
7.87005 99.7677
7.87579 96.4104
7.88153 95.6626
7.88726 93.157
7.893 91.8305
7.89873 91.5122
7.90447 89.9174
7.91021 93.4673
7.91594 92.0867
7.92168 102.111
7.92742 97.6759
7.93315 86.9098
7.93889 86.623
7.94462 85.2606
7.95036 83.5453
7.9561 84.179
7.96183 83.9558
7.96757 87.2063
7.9733 85.5712
7.97904 86.0628
7.98478 84.4479
7.99051 82.5061
7.99625 82.1325
8.00199 82.0579
8.00772 80.5364
8.01346 79.7929
8.01919 80.0572
8.02493 80.3033
8.03067 80.8061
8.0364 79.874
8.04214 79.6233
8.04788 78.4327
8.05361 78.0066
8.05935 77.4735
8.06508 77.7011
8.07082 78.1153
8.07656 79.8771
8.08229 77.9409
8.08803 79.4776
8.09376 78.5874
8.0995 77.4891
8.10524 75.1072
8.11097 75.4333
8.11671 73.166
8.12245 71.3935
8.12818 73.4348
8.13392 70.0806
8.13965 68.294
8.14539 68.6102
8.15113 68.3563
8.15686 63.8786
8.1626 66.3466
8.16834 67.6643
8.17407 68.6425
8.17981 69.1982
8.18554 68.7935
8.19128 68.4619
8.19702 70.0109
8.20275 69.7133
8.20849 69.3203
8.21422 68.8489
8.21996 68.007
8.2257 68.1896
8.23143 68.8953
8.23717 68.1385
8.24291 67.0863
8.24864 67.4194
8.25438 68.1005
8.26011 66.9151
8.26585 67.7602
8.27159 68.4275
8.27732 68.1324
8.28306 67.3083
8.2888 68.2043
8.29453 66.6462
8.30027 67.0501
8.306 67.0123
8.31174 68.7495
8.31748 66.8551
8.32321 66.5247
8.32895 67.6826
8.33468 63.9315
8.34042 67.0128
8.34616 64.9848
8.35189 65.8077
8.35763 66.3333
8.36337 65.6171
8.3691 65.3155
8.37484 65.2399
8.38057 65.2548
8.38631 64.7566
8.39205 64.6881
8.39778 64.6765
8.40352 64.2977
8.40926 64.8627
8.41499 65.5488
8.42073 65.8143
8.42646 65.6607
8.4322 67.233
8.43794 70.3584
8.44367 68.8803
8.44941 66.0984
8.45514 64.8297
8.46088 64.8107
8.46662 64.7649
8.47235 63.2332
8.47809 63.1543
8.48383 64.0704
8.48956 63.768
8.4953 64.651
8.50103 62.6638
8.50677 63.7733
8.51251 64.8053
8.51824 63.4444
8.52398 64.1887
8.52972 62.864
8.53545 63.7391
8.54119 61.7447
8.54692 61.6091
8.55266 65.1516
8.5584 63.0997
8.56413 64.3464
8.56987 62.1033
8.5756 61.945
8.58134 62.6378
8.58708 62.4714
8.59281 63.4686
8.59855 65.3834
8.60429 63.8362
8.61002 62.2355
8.61576 61.7915
8.62149 62.3119
8.62723 61.6259
8.63297 61.3333
8.6387 61.8997
8.64444 64.8672
8.65018 65.7663
8.65591 61.7308
8.66165 56.9283
8.66738 63.9253
8.67312 63.1181
8.67886 62.9318
8.68459 64.0112
8.69033 60.8805
8.69606 61.9818
8.7018 60.6094
8.70754 63.408
8.71327 61.2989
8.71901 62.4464
8.72475 63.5155
8.73048 63.4476
8.73622 64.0991
8.74195 63.5202
8.74769 65.5551
8.75343 61.9145
8.75916 62.7712
8.7649 63.8761
8.77064 62.5339
8.77637 60.4732
8.78211 63.9174
8.78784 64.131
8.79358 62.1379
8.79932 61.6535
8.80505 60.8779
8.81079 61.2463
8.81652 59.1422
8.82226 62.1451
8.828 62.5231
8.83373 64.6585
8.83947 63.2406
8.84521 62.2
8.85094 61.3457
8.85668 64.2103
8.86241 63.5897
8.86815 62.6379
8.87389 63.6256
8.87962 63.9595
8.88536 62.8287
8.8911 62.6738
8.89683 60.8704
8.90257 65.0492
8.9083 65.2543
8.91404 64.9437
8.91978 65.8686
8.92551 75.1465
8.93125 78.9085
8.93698 105.73
8.94272 89.8859
8.94846 80.3939
8.95419 68.698
8.95993 68.5541
8.96567 69.2857
8.9714 65.9449
8.97714 67.1266
8.98287 68.986
8.98861 68.3111
8.99435 69.0345
9.00008 67.1367
9.00582 72.875
9.01156 74.9847
9.01729 74.4715
9.02303 75.0786
9.02876 81.7009
9.0345 75.2764
9.04024 77.5349
9.04597 79.7115
9.05171 74.2835
9.05744 71.3554
9.06318 74.1262
9.06892 69.4454
9.07465 71.4688
9.08039 66
9.08613 64.0748
9.09186 70.4479
9.0976 63.0769
9.10333 64.2083
9.10907 67.0408
9.11481 64.4271
9.12054 63.9205
9.12628 59.1837
9.13202 62.7805
9.13775 60.0217
9.14349 64.3095
9.14922 65.2073
9.15496 59.6829
9.1607 67.2432
9.16643 58.3625
9.17217 61.0548
9.1779 61.4342
9.18364 59.2286
9.18938 61.4118
9.19511 56.2647
9.20085 63.1111
9.20659 60.0769
9.21232 57.6833
9.21806 61.9344
9.22379 59.6182
9.22953 58.1091
9.23527 62.2453
9.241 59.9286
9.24674 59.9592
9.25248 55.4681
9.25821 53.5111
9.26395 53.1818
9.26968 51.1628
9.27542 59.641
9.28116 47.95
9.28689 51.0286
9.29263 43.9091
9.29836 51.3333
9.3041 46.8182
9.30984 50.0714
9.31557 39.2593
9.32131 44.4444
9.32705 37.1
9.33278 38.1739
9.33852 34.1579
9.34425 43.8333
9.34999 29
9.35573 39.6429
9.36146 35
9.3672 32.1818
9.37294 38.625
9.37867 23.3333
9.38441 10.3333
9.39014 5.75
9.39588 0
9.40162 0
9.40735 0
9.41309 0
9.41882 0
9.42456 0
9.4303 0
9.43603 0
9.44177 0
9.44751 0
9.45324 0
9.45898 0
9.46471 0
9.47045 0
9.47619 0
9.48192 0
9.48766 0
9.4934 0
9.49913 0
9.50487 0
9.5106 0
9.51634 0
9.52208 0
9.52781 0
9.53355 0
9.53928 0
9.54502 0
9.55076 0
9.55649 0
9.56223 0
9.56797 0
9.5737 0
9.57944 0
9.58517 0
9.59091 0
9.59665 0
9.60238 0
9.60812 0
9.61386 0
9.61959 0
9.62533 0
9.63106 0
9.6368 0
9.64254 0
9.64827 0
9.65401 0
9.65974 0
9.66548 0
9.67122 0
9.67695 0
9.68269 0
9.68843 0
9.69416 0
9.6999 0
9.70563 0
9.71137 0
9.71711 0
9.72284 0
9.72858 0
9.73432 0
9.74005 0
9.74579 0
9.75152 0
9.75726 0
9.763 0
9.76873 0
9.77447 0
9.7802 0
9.78594 0
9.79168 0
9.79741 0
9.80315 0
9.80889 0
9.81462 0
9.82036 0
9.82609 0
9.83183 0
9.83757 0
9.8433 0
9.84904 0
9.85478 0
9.86051 0
9.86625 0
9.87198 0
9.87772 0
9.88346 0
9.88919 0
9.89493 0
9.90066 0
9.9064 0
9.91214 0
9.91787 0
9.92361 0
9.92935 0
9.93508 0
9.94082 0
9.94655 0
9.95229 0
9.95803 0
9.96376 0
9.9695 0
9.97524 0
9.98097 0
9.98671 0
9.99244 0
9.99818 0
10.0039 0
10.0097 0
10.0154 0
10.0211 0
10.0269 0
10.0326 0
10.0383 0
10.0441 0
10.0498 0
10.0555 0
10.0613 0
10.067 0
10.0728 0
10.0785 0
10.0842 0
10.09 0
10.0957 0
10.1014 0
10.1072 0
10.1129 0
10.1186 0
10.1244 0
10.1301 0
10.1358 0
10.1416 0
10.1473 0
10.1531 0
10.1588 0
10.1645 0
10.1703 0
10.176 0
10.1817 0
10.1875 0
10.1932 0
10.1989 0
10.2047 0
10.2104 0
10.2162 0
10.2219 0
10.2276 0
10.2334 0
10.2391 0
10.2448 0
10.2506 0
10.2563 0
10.262 0
10.2678 0
10.2735 0
10.2793 0
10.285 0
10.2907 0
10.2965 0
10.3022 0
10.3079 0
10.3137 0
10.3194 0
10.3251 0
10.3309 0
10.3366 0
10.3424 0
10.3481 0
10.3538 0
10.3596 0
10.3653 0
10.371 0
10.3768 0
10.3825 0
10.3882 0
10.394 0
10.3997 0
10.4054 0
10.4112 0
10.4169 0
10.4227 0
10.4284 0
10.4341 0
10.4399 0
10.4456 0
10.4513 0
10.4571 0
10.4628 0
10.4685 0
10.4743 0
10.48 0
10.4858 0
10.4915 0
10.4972 0
10.503 0
10.5087 0
10.5144 0
10.5202 0
10.5259 0
10.5316 0
10.5374 0
10.5431 0
10.5489 0
10.5546 0
10.5603 0
10.5661 0
10.5718 0
10.5775 0
10.5833 0
10.589 0
10.5947 0
10.6005 0
10.6062 0
10.612 0
10.6177 0
10.6234 0
10.6292 0
10.6349 0
10.6406 0
10.6464 0
10.6521 0
10.6578 0
10.6636 0
10.6693 0
10.6751 0
10.6808 0
10.6865 0
10.6923 0
10.698 0
10.7037 0
10.7095 0
10.7152 0
10.7209 0
10.7267 0
10.7324 0
10.7381 0
10.7439 0
10.7496 0
10.7554 0
10.7611 0
10.7668 0
10.7726 0
10.7783 0
10.784 0
10.7898 0
10.7955 0
10.8012 0
10.807 0
10.8127 0
10.8185 0
10.8242 0
10.8299 0
10.8357 0
10.8414 0
10.8471 0
10.8529 0
10.8586 0
10.8643 0
10.8701 0
10.8758 0
10.8816 0
10.8873 0
10.893 0
10.8988 0
10.9045 0
10.9102 0
10.916 0
10.9217 0
10.9274 0
10.9332 0
10.9389 0
10.9447 0
10.9504 0
10.9561 0
10.9619 0
10.9676 0
10.9733 0
10.9791 0
10.9848 0
10.9905 0
10.9963 0
11.002 0
11.0077 0
11.0135 0
11.0192 0
11.025 0
11.0307 0
11.0364 0
11.0422 0
11.0479 0
11.0536 0
11.0594 0
11.0651 0
11.0708 0
11.0766 0
11.0823 0
11.0881 0
11.0938 0
11.0995 0
11.1053 0
11.111 0
11.1167 0
11.1225 0
11.1282 0
11.1339 0
11.1397 0
11.1454 0
11.1512 0
11.1569 0
11.1626 0
11.1684 0
11.1741 0
11.1798 0
11.1856 0
11.1913 0
11.197 0
11.2028 0
11.2085 0
11.2143 0
11.22 0
11.2257 0
11.2315 0
11.2372 0
11.2429 0
11.2487 0
11.2544 0
11.2601 0
11.2659 0
11.2716 0
11.2774 0
11.2831 0
11.2888 0
11.2946 0
11.3003 0
11.306 0
11.3118 0
11.3175 0
11.3232 0
11.329 0
11.3347 0
11.3404 0
11.3462 0
11.3519 0
11.3577 0
11.3634 0
11.3691 0
11.3749 0
11.3806 0
11.3863 0
11.3921 0
11.3978 0
11.4035 0
11.4093 0
11.415 0
11.4208 0
11.4265 0
11.4322 0
11.438 0
11.4437 0
11.4494 0
11.4552 0
11.4609 0
11.4666 0
11.4724 0
11.4781 0
11.4839 0
11.4896 0
11.4953 0
11.5011 0
11.5068 0
11.5125 0
11.5183 0
11.524 0
11.5297 0
11.5355 0
11.5412 0
11.547 0
11.5527 0
11.5584 0
11.5642 0
11.5699 0
11.5756 0
11.5814 0
11.5871 0
11.5928 0
11.5986 0
11.6043 0
11.61 0
11.6158 0
11.6215 0
11.6273 0
11.633 0
11.6387 0
11.6445 0
11.6502 0
11.6559 0
11.6617 0
11.6674 0
11.6731 0
11.6789 0
11.6846 0
11.6904 0
11.6961 0
11.7018 0
11.7076 0
11.7133 0
11.719 0
11.7248 0
11.7305 0
11.7362 0
11.742 0
