0 0
0.00573619 18
0.0114724 24
0.0172086 6
0.0229448 5.66667
0.028681 9.33333
0.0344171 7.5
0.0401533 -4.2
0.0458895 17
0.0516257 4.66667
0.0573619 -2
0.0630981 2.85714
0.0688343 13.1429
0.0745705 9.66667
0.0803067 0.444444
0.0860429 3.55556
0.091779 6.75
0.0975152 3.53846
0.103251 4.44444
0.108988 4.11111
0.114724 3.7
0.12046 0.636364
0.126196 -0.933333
0.131932 2.25
0.137669 6.8
0.143405 -0.384615
0.149141 -2.46154
0.154877 -3.1875
0.160613 -6.86667
0.16635 1.93333
0.172086 5.25
0.177822 0.421053
0.183558 6.29412
0.189294 1.14286
0.19503 1
0.200767 0.571429
0.206503 -0.647059
0.212239 -1.94444
0.217975 -1.42857
0.223711 -2.88235
0.229448 -0.625
0.235184 2.95652
0.24092 -3.22727
0.246656 0.166667
0.252392 4.8
0.258129 -0.814815
0.263865 -2.09524
0.269601 -2.79167
0.275337 2
0.281073 -3.8
0.28681 -0.833333
0.292546 -3.6
0.298282 -0.206897
0.304018 -3.44444
0.309754 6.66667
0.31549 -0.806452
0.321227 -1.33333
0.326963 -4.83333
0.332699 2.6129
0.338435 -0.969697
0.344171 -1.375
0.349908 -1.28571
0.355644 2.51429
0.36138 1.67742
0.367116 -0.176471
0.372852 -2.12121
0.378589 -0.459459
0.384325 2.46875
0.390061 2.33333
0.395797 1.97436
0.401533 -1.61538
0.40727 3.27907
0.413006 6.83784
0.418742 2.925
0.424478 2.20588
0.430214 10.5778
0.43595 9.58537
0.441687 5
0.447423 7.59574
0.453159 9.35897
0.458895 4.53488
0.464631 8.18182
0.470368 5.95122
0.476104 4.42553
0.48184 9.13889
0.487576 8.69231
0.493312 10.4146
0.499049 9.775
0.504785 9.49123
0.510521 7.46667
0.516257 12.093
0.521993 8.06818
0.52773 12.6226
0.533466 18.5333
0.539202 8.60417
0.544938 9.47059
0.550674 9.01923
0.55641 7.97917
0.562147 13.1176
0.567883 8.26316
0.573619 10.6
0.579355 9.85185
0.585091 8.22807
0.590828 9.83019
0.596564 6.89583
0.6023 11.2143
0.608036 10.2923
0.613772 9.4898
0.619509 4.48276
0.625245 13.0169
0.630981 11
0.636717 8.27586
0.642453 12.9825
0.64819 14.7778
0.653926 11.3462
0.659662 14.7538
0.665398 9.375
0.671134 11.0175
0.67687 12.2581
0.682607 14.6032
0.688343 11.3433
0.694079 12.1667
0.699815 11.8986
0.705551 14.3846
0.711288 13
0.717024 11.6757
0.72276 17.2951
0.728496 9.81429
0.734232 10.75
0.739969 9.86957
0.745705 12.9014
0.751441 13.0517
0.757177 12.8442
0.762913 11.8657
0.76865 14.4203
0.774386 9.77941
0.780122 14
0.785858 11.8961
0.791594 13.1167
0.79733 10.1585
0.803067 12.7246
0.808803 10.8857
0.814539 14.963
0.820275 11.3944
0.826011 13.1429
0.831748 12.6528
0.837484 13.5059
0.84322 12.9714
0.848956 12.25
0.854692 13.4588
0.860429 13.679
0.866165 10.0137
0.871901 13.3
0.877637 10.6988
0.883373 13.6494
0.88911 13.6667
0.894846 11.3412
0.900582 15.494
0.906318 14.1622
0.912054 13.3444
0.91779 14.3218
0.923527 11.7403
0.929263 11.3023
0.934999 11.7253
0.940735 12.9506
0.946471 12.0595
0.952208 11.2118
0.957944 11.2473
0.96368 13.8718
0.969416 16.2
0.975152 15.2778
0.980889 11.4471
0.986625 8.52326
0.992361 15.0421
0.998097 10.1053
1.00383 10.9625
1.00957 10.6566
1.01531 13.1959
1.02104 13.4762
1.02678 12.9167
1.03251 10.4066
1.03825 13.13
1.04399 12.4186
1.04972 14.7822
1.05546 12.901
1.0612 12.6341
1.06693 11.2804
1.07267 11.8681
1.0784 11.2427
1.08414 12.3571
1.08988 11.4
1.09561 11.019
1.10135 9.56977
1.10708 10.4909
1.11282 9.82105
1.11856 12.2857
1.12429 13.1524
1.13003 12.6381
1.13577 11.0381
1.1415 13.0882
1.14724 11.0734
1.15297 10.65
1.15871 9.4
1.16445 11.3739
1.17018 12.9048
1.17592 13.1869
1.18166 12.7188
1.18739 12.3277
1.19313 11.2752
1.19886 9.56311
1.2046 12.7478
1.21034 11.6822
1.21607 10.8909
1.22181 11.5636
1.22754 9.88889
1.23328 11.5607
1.23902 10.5268
1.24475 12.6807
1.25049 11.844
1.25623 12.2593
1.26196 11.9145
1.2677 9.70161
1.27343 11.9459
1.27917 11.5932
1.28491 14.0593
1.29064 10.8319
1.29638 11.5172
1.30212 10.0085
1.30785 12.6807
1.31359 13.3621
1.31932 11.1496
1.32506 12.1933
1.3308 13.6466
1.33653 13.1429
1.34227 12.0924
1.348 12.5197
1.35374 13.3009
1.35948 12.672
1.36521 13.3588
1.37095 12.5455
1.37669 13.7554
1.38242 11.8852
1.38816 12.3359
1.39389 14.1695
1.39963 12.0606
1.40537 12.4186
1.4111 13.8661
1.41684 12.035
1.42258 13.5037
1.42831 13.7603
1.43405 14.3846
1.43978 14.4519
1.44552 14.9638
1.45126 12.3305
1.45699 12.4255
1.46273 13.4924
1.46846 13.0079
1.4742 12
1.47994 12.6047
1.48567 13.8571
1.49141 13.2077
1.49715 12.7114
1.50288 13.2117
1.50862 13.9758
1.51435 13.0137
1.52009 11.6809
1.52583 11.1221
1.53156 10.637
1.5373 11.6463
1.54304 11.7092
1.54877 13.3235
1.55451 11.2483
1.56024 11.635
1.56598 10.4643
1.57172 14.4397
1.57745 11.8446
1.58319 9.06383
1.58892 13.5211
1.59466 11.4333
1.6004 12.8881
1.60613 13.2464
1.61187 13.0537
1.61761 13.4968
1.62334 12.3233
1.62908 13.4516
1.63481 13.5762
1.64055 11.94
1.64629 11.5411
1.65202 11.8411
1.65776 9.97351
1.6635 10.5912
1.66923 10.6792
1.67497 11.0736
1.6807 13.5255
1.68644 13.0253
1.69218 13.8086
1.69791 11.6536
1.70365 11.8041
1.70938 12.3077
1.71512 13.227
1.72086 9.85294
1.72659 11.9306
1.73233 10.671
1.73807 10.2549
1.7438 12.8494
1.74954 13.3522
1.75527 10.0061
1.76101 11.8603
1.76675 11.8011
1.77248 14.0122
1.77822 12.1701
1.78396 14.3929
1.78969 12.1592
1.79543 12.185
1.80116 11.6879
1.8069 12.655
1.81264 11.9042
1.81837 13.5667
1.82411 11.7444
1.82984 13.2174
1.83558 11.5636
1.84132 15.0364
1.84705 16.3905
1.85279 13.0819
1.85853 15.1687
1.86426 12.4294
1.87 13.3081
1.87573 15.3687
1.88147 14.0678
1.88721 14.657
1.89294 11.6474
1.89868 11.8647
1.90442 11.592
1.91015 14.4379
1.91589 14.1548
1.92162 15.6898
1.92736 16.2938
1.9331 22.1726
1.93883 22.0116
1.94457 24.2698
1.9503 28.3647
1.95604 21.4419
1.96178 18.9724
1.96751 17.7568
1.97325 13.0675
1.97899 12.861
1.98472 14.9574
1.99046 12.8629
1.99619 13.456
2.00193 14.0842
2.00767 13.0339
2.0134 12.3198
2.01914 14.9734
2.02488 14.4712
2.03061 13.887
2.03635 14.2287
2.04208 13.5946
2.04782 13.7872
2.05356 14.8172
2.05929 12.895
2.06503 14.3
2.07076 12.3011
2.0765 15.0207
2.08224 13.7806
2.08797 14.9711
2.09371 14.5152
2.09945 13.1027
2.10518 14.8442
2.11092 14.4118
2.11665 16.1026
2.12239 16.4444
2.12813 16.929
2.13386 15.9602
2.1396 16.0754
2.14534 14.8154
2.15107 15.3743
2.15681 15.392
2.16254 18.0297
2.16828 15.587
2.17402 14.6161
2.17975 15.69
2.18549 14.9048
2.19122 14.8762
2.19696 17.0891
2.2027 15.7415
2.20843 16.736
2.21417 17.1415
2.21991 24.5446
2.22564 33.3169
2.23138 73.4218
2.23711 57.1546
2.24285 26.399
2.24859 22.7188
2.25432 20.3973
2.26006 19.1262
2.2658 17.2473
2.27153 18.1023
2.27727 17.3507
2.283 17.2587
2.28874 18.8824
2.29448 17.7838
2.30021 17.2038
2.30595 18
2.31168 17.8935
2.31742 19.0242
2.32316 19.7933
2.32889 20.0841
2.33463 21.7418
2.34037 23.1268
2.3461 25.9953
2.35184 30.552
2.35757 31.5294
2.36331 35.3598
2.36905 36.9032
2.37478 35.4054
2.38052 33.7373
2.38626 31.6212
2.39199 27.9615
2.39773 24.4251
2.40346 23.6986
2.4092 22.0717
2.41494 21.0588
2.42067 21.0369
2.42641 19.1521
2.43214 21.1558
2.43788 18.2754
2.44362 17.9471
2.44935 20.1717
2.45509 17.9155
2.46083 18.9493
2.46656 19.9476
2.4723 19.416
2.47803 18.2977
2.48377 20.6416
2.48951 18
2.49524 17.7376
2.50098 18.0045
2.50672 16.3584
2.51245 17.309
2.51819 15.9815
2.52392 18.2437
2.52966 17.5481
2.5354 19.412
2.54113 18.6417
2.54687 17.4545
2.5526 18.7415
2.55834 16.982
2.56408 18.0511
2.56981 18.7273
2.57555 15.819
2.58129 18.9437
2.58702 19.9289
2.59276 16.93
2.59849 17.9958
2.60423 20.3093
2.60997 17.1784
2.6157 17.2248
2.62144 20.1055
2.62718 17.0468
2.63291 17.4812
2.63865 16.0472
2.64438 18.3786
2.65012 16.216
2.65586 18.1027
2.66159 16.9012
2.66733 17.832
2.67306 17.2383
2.6788 16.6094
2.68454 17.9286
2.69027 17.2811
2.69601 17.0304
2.70175 17.2461
2.70748 17.4568
2.71322 17.3797
2.71895 21.1034
2.72469 16.8971
2.73043 19.9803
2.73616 18.8833
2.7419 18.9222
2.74764 15.996
2.75337 17.29
2.75911 15.73
2.76484 15.0437
2.77058 17.1934
2.77632 14.6757
2.78205 17.8889
2.78779 16.4865
2.79352 16.3484
2.79926 15.6955
2.805 17.3133
2.81073 20.3058
2.81647 16.0815
2.82221 15.5057
2.82794 16.7063
2.83368 16.2583
2.83941 15.9495
2.84515 18.648
2.85089 17.438
2.85662 17.4345
2.86236 18.0114
2.8681 16.0081
2.87383 19.0717
2.87957 17.1439
2.8853 16.751
2.89104 17.4601
2.89678 16.1208
2.90251 17.046
2.90825 17.3898
2.91398 16.4745
2.91972 19.2383
2.92546 16.7761
2.93119 16.4377
2.93693 17.6859
2.94267 18.4427
2.9484 15.4868
2.95414 16.2763
2.95987 15.8705
2.96561 18.2962
2.97135 16.7758
2.97708 18.3262
2.98282 20.3546
2.98856 19.9857
2.99429 21.0464
3.00003 23.6506
3.00576 19.8517
3.0115 23.5882
3.01724 18.5882
3.02297 18.6107
3.02871 18.0863
3.03444 18.4014
3.04018 19.0252
3.04592 17.6103
3.05165 17.7348
3.05739 16.7067
3.06313 17.5253
3.06886 18.5845
3.0746 17.2947
3.08033 20.0036
3.08607 19.4397
3.09181 20.5725
3.09754 22.91
3.10328 22.9737
3.10902 29.3767
3.11475 35.2746
3.12049 34.6557
3.12622 30.5018
3.13196 24.1566
3.1377 22.2767
3.14343 20.0679
3.14917 20.0346
3.1549 25.617
3.16064 32.0735
3.16638 37.396
3.17211 35.6042
3.17785 26.4949
3.18359 22.6487
3.18932 22.4667
3.19506 21.9832
3.20079 23.7249
3.20653 21.8664
3.21227 21.5597
3.218 20.8333
3.22374 19.8715
3.22948 21.1371
3.23521 20.7475
3.24095 24.1933
3.24668 25.5746
3.25242 27.6067
3.25816 26
3.26389 23.5129
3.26963 23.774
3.27536 24.6502
3.2811 22.9118
3.28684 24.3656
3.29257 24.8787
3.29831 25.9893
3.30405 27.1154
3.30978 29.5902
3.31552 32.1151
3.32125 35.4644
3.32699 38.5448
3.33273 42.2019
3.33846 44.7828
3.3442 45.5047
3.34994 45.3368
3.35567 44.2093
3.36141 41.3375
3.36714 39.9712
3.37288 36.6938
3.37862 33.3652
3.38435 32.9138
3.39009 30.2357
3.39582 31.4444
3.40156 29.0377
3.4073 27.9873
3.41303 27
3.41877 28.5215
3.42451 29.0805
3.43024 33.4873
3.43598 32.8053
3.44171 30.8527
3.44745 29.0325
3.45319 27.5737
3.45892 26.4645
3.46466 27
3.4704 26.9037
3.47613 27.1325
3.48187 27.8042
3.4876 26.6762
3.49334 28.5683
3.49908 30.7898
3.50481 31.0358
3.51055 30.3844
3.51628 30.0968
3.52202 31.4708
3.52776 34.0901
3.53349 39.8176
3.53923 43.6265
3.54497 54.1285
3.5507 76.2394
3.55644 103.193
3.56217 115.737
3.56791 96.3553
3.57365 69.8727
3.57938 51.269
3.58512 43.8431
3.59086 38.6815
3.59659 37.0216
3.60233 37.0787
3.60806 37.703
3.6138 37.8413
3.61954 37.2269
3.62527 39.7319
3.63101 40.0125
3.63674 42.9517
3.64248 46.2977
3.64822 55.0867
3.65395 67.6707
3.65969 79.3029
3.66543 84.1982
3.67116 83.2038
3.6769 79.1994
3.68263 75.0228
3.68837 71.2032
3.69411 71.085
3.69984 69.9518
3.70558 74.597
3.71132 84.759
3.71705 82.6783
3.72279 73.5539
3.72852 70.2597
3.73426 72.2
3.74 72.7303
3.74573 74.7627
3.75147 76.3902
3.7572 77.274
3.76294 78.5478
3.76868 78.6779
3.77441 83.1222
3.78015 85.9554
3.78589 89.9788
3.79162 94.3061
3.79736 100.439
3.80309 104.747
3.80883 111.499
3.81457 123.391
3.8203 131.418
3.82604 141.832
3.83178 156.787
3.83751 174.081
3.84325 196.087
3.84898 225.263
3.85472 268.121
3.86046 321.115
3.86619 397.607
3.87193 559.411
3.87766 809.313
3.8834 977.812
3.88914 1283.92
3.89487 1690.74
3.90061 2286.75
3.90635 3035.63
3.91208 3766.98
3.91782 3523.26
3.92355 2714.51
3.92929 1905.26
3.93503 1240.41
3.94076 847.472
3.9465 623.946
3.95224 485.344
3.95797 386.547
3.96371 322.525
3.96944 281.365
3.97518 242.896
3.98092 216.518
3.98665 195.13
3.99239 179.027
3.99812 162.801
4.00386 149.066
4.0096 142.21
4.01533 131.855
4.02107 125.326
4.02681 117.706
4.03254 114.008
4.03828 110.679
4.04401 107.722
4.04975 106.354
4.05549 105.654
4.06122 100.902
4.06696 96.6641
4.0727 92.0156
4.07843 88.3042
4.08417 85.7453
4.0899 81.5512
4.09564 81.266
4.10138 78.4426
4.10711 76.8961
4.11285 75.7117
4.11858 74.3083
4.12432 73.2079
4.13006 71.6304
4.13579 70.7273
4.14153 69.3887
4.14727 66.3634
4.153 67.168
4.15874 67.6261
4.16447 68.0944
4.17021 67.6494
4.17595 66.0632
4.18168 66.56
4.18742 65.3359
4.19316 65.3207
4.19889 66.1264
4.20463 64.835
4.21036 68.3231
4.2161 71.7056
4.22184 75.7106
4.22757 75.2587
4.23331 68.5693
4.23904 66.7623
4.24478 64.6915
4.25052 63.1603
4.25625 64.3117
4.26199 65.3484
4.26773 63.89
4.27346 65.7821
4.2792 65.6227
4.28493 64.9696
4.29067 66.4722
4.29641 65.937
4.30214 65.6691
4.30788 67.1361
4.31362 68.5703
4.31935 69.7833
4.32509 71.535
4.33082 72.5037
4.33656 72.3413
4.3423 76.0145
4.34803 77.5965
4.35377 78.8131
4.3595 81.437
4.36524 83.914
4.37098 85.9104
4.37671 89.2237
4.38245 92.1425
4.38819 96.8424
4.39392 99.7848
4.39966 105.791
4.40539 111.461
4.41113 118.766
4.41687 126.521
4.4226 133.375
4.42834 143.024
4.43408 154.527
4.43981 165.396
4.44555 186.401
4.45128 210.561
4.45702 245.67
4.46276 307.03
4.46849 470.143
4.47423 1098.82
4.47996 2433.29
4.4857 6773.19
4.49144 6131.5
4.49717 3188.22
4.50291 2105.56
4.50865 1505.72
4.51438 1352.01
4.52012 1204.09
4.52585 1021.68
4.53159 857.762
4.53733 681.652
4.54306 525.225
4.5488 407.624
4.55454 324.82
4.56027 263.012
4.56601 221.049
4.57174 192.216
4.57748 166.505
4.58322 150.496
4.58895 134.82
4.59469 122.927
4.60042 109.748
4.60616 101.129
4.6119 93.4819
4.61763 86.3978
4.62337 84.1016
4.62911 80.2995
4.63484 78.3741
4.64058 78.8904
4.64631 77.2798
4.65205 72.0074
4.65779 64.9207
4.66352 62.0457
4.66926 58.4565
4.675 56.2317
4.68073 55.1262
4.68647 53.3713
4.6922 53.0872
4.69794 51.5724
4.70368 54.3387
4.70941 54.3526
4.71515 56.1009
4.72088 57.4153
4.72662 59.393
4.73236 59.1362
4.73809 61.0183
4.74383 61.5469
4.74957 62.5635
4.7553 60.3268
4.76104 58.0271
4.76677 58.8131
4.77251 53.1697
4.77825 53.1233
4.78398 48.54
4.78972 45.4641
4.79546 44.4556
4.80119 39.9595
4.80693 39.5115
4.81266 39.1793
4.8184 37.9425
4.82414 35.5804
4.82987 34.2698
4.83561 34.2437
4.84134 32.7022
4.84708 32.6059
4.85282 33.4359
4.85855 32.2974
4.86429 32.7426
4.87003 31.5589
4.87576 33.16
4.8815 35.9546
4.88723 35.4964
4.89297 35.5
4.89871 33.0302
4.90444 33.0605
4.91018 29.6659
4.91592 29.3009
4.92165 31.5281
4.92739 29.1027
4.93312 29.8696
4.93886 30.0656
4.9446 29.5486
4.95033 30.258
4.95607 29.4703
4.9618 29.5067
4.96754 28.0229
4.97328 28.03
4.97901 27.8526
4.98475 29.1682
4.99049 28.2675
4.99622 27.8471
5.00196 28.1933
5.00769 28.3814
5.01343 30.1214
5.01917 31.1535
5.0249 31.1139
5.03064 28.0518
5.03638 27.5411
5.04211 27.2174
5.04785 27.0454
5.05358 28.4936
5.05932 28.7689
5.06506 29.2198
5.07079 26.4871
5.07653 25.6157
5.08226 28.3794
5.088 27.7347
5.09374 28.0696
5.09947 28.3435
5.10521 26.9518
5.11095 26.5534
5.11668 28.0397
5.12242 27.1798
5.12815 26.6476
5.13389 27.0229
5.13963 26.4526
5.14536 24.8369
5.1511 26.6432
5.15684 26.7275
5.16257 26.1978
5.16831 26.1826
5.17404 27.8384
5.17978 27.6794
5.18552 27.7659
5.19125 29.499
5.19699 29.3047
5.20272 28.6455
5.20846 28.6155
5.2142 28.1391
5.21993 27.5705
5.22567 27.045
5.23141 28.548
5.23714 26.5966
5.24288 27.8486
5.24861 27.7288
5.25435 29.095
5.26009 29.6515
5.26582 29.6119
5.27156 29.4233
5.2773 31.2958
5.28303 29.2836
5.28877 29.8411
5.2945 30.4306
5.30024 30.869
5.30598 30.2557
5.31171 32.0581
5.31745 33.4419
5.32318 31.6603
5.32892 33.2798
5.33466 32.6339
5.34039 32.6013
5.34613 29.9706
5.35187 28.5185
5.3576 29.4835
5.36334 28.7907
5.36907 28.9265
5.37481 29.6141
5.38055 28.9459
5.38628 30.2247
5.39202 31.0217
5.39776 36.5544
5.40349 44.0418
5.40923 49.4823
5.41496 50.3834
5.4207 44.1684
5.42644 35.3619
5.43217 31.7323
5.43791 30.4094
5.44364 28.0832
5.44938 28.8787
5.45512 28.2691
5.46085 28.3085
5.46659 28.1609
5.47233 30.5706
5.47806 31.2535
5.4838 29.6101
5.48953 30.2539
5.49527 30.6149
5.50101 29.87
5.50674 29.1556
5.51248 27.3519
5.51822 27.7154
5.52395 27.8942
5.52969 26.3762
5.53542 26.9679
5.54116 28.1537
5.5469 28.9327
5.55263 28.0216
5.55837 27.9634
5.5641 28.5798
5.56984 28.6627
5.57558 28.166
5.58131 28.5941
5.58705 28.0153
5.59279 28.5
5.59852 27.4702
5.60426 28.3635
5.60999 28.1536
5.61573 26.3569
5.62147 27.9336
5.6272 27.5835
5.63294 27.6
5.63868 28.1848
5.64441 27.4682
5.65015 26.8245
5.65588 27.6388
5.66162 28.8043
5.66736 26.6892
5.67309 27.1339
5.67883 27.7924
5.68456 28.8023
5.6903 27.9372
5.69604 28.7451
5.70177 28.4718
5.70751 27.6309
5.71325 28.3083
5.71898 28.7996
5.72472 29.3614
5.73045 31.296
5.73619 32.919
5.74193 33.9889
5.74766 34.0977
5.7534 32.2969
5.75914 32.1755
5.76487 31.927
5.77061 34.5806
5.77634 33.4
5.78208 30.4234
5.78782 35.6501
5.79355 37.4272
5.79929 37.2239
5.80502 37.6473
5.81076 38.1101
5.8165 38.1115
5.82223 35.9832
5.82797 34.8143
5.83371 34.4658
5.83944 33.6295
5.84518 33.8095
5.85091 34.1364
5.85665 32.6615
5.86239 31.9215
5.86812 32.3799
5.87386 34.2079
5.8796 34.4288
5.88533 34.7627
5.89107 33.7642
5.8968 33.0541
5.90254 33.3162
5.90828 32.9492
5.91401 33.3507
5.91975 32.3531
5.92548 33.8536
5.93122 33.4954
5.93696 33.0224
5.94269 33.8382
5.94843 34.1775
5.95417 32.75
5.9599 35.2599
5.96564 34.2173
5.97137 34.3018
5.97711 34.9505
5.98285 36.9436
5.98858 36.9799
5.99432 38.1014
6.00006 38.0146
6.00579 38.8087
6.01153 39.0469
6.01726 41.3359
6.023 44.6823
6.02874 46.0539
6.03447 50.7528
6.04021 47.4148
6.04594 47.1005
6.05168 45.224
6.05742 42.3499
6.06315 41.2778
6.06889 41.5107
6.07463 40.4564
6.08036 41.681
6.0861 42.5729
6.09183 42.6442
6.09757 43.3692
6.10331 43.3405
6.10904 45.777
6.11478 48.1004
6.12052 49.2855
6.12625 48.0384
6.13199 47.4526
6.13772 47.4846
6.14346 46.8114
6.1492 46.6194
6.15493 47.1317
6.16067 48.4947
6.1664 48.5295
6.17214 52
6.17788 51.9546
6.18361 53.4345
6.18935 53.1968
6.19509 55.3345
6.20082 53.7726
6.20656 56.6205
6.21229 59.6899
6.21803 61.775
6.22377 63.0353
6.2295 66.411
6.23524 70.6359
6.24098 74.8207
6.24671 81.6913
6.25245 85.8604
6.25818 87.6324
6.26392 87.3696
6.26966 88.1658
6.27539 90.7339
6.28113 93.8108
6.28686 98.1944
6.2926 107.249
6.29834 114.776
6.30407 118.471
6.30981 139.821
6.31555 182.525
6.32128 165.448
6.32702 349.224
6.33275 1218.64
6.33849 3952.04
6.34423 2471.2
6.34996 4664.35
6.3557 5010.19
6.36144 2556.97
6.36717 1500.53
6.37291 974.243
6.37864 778.123
6.38438 722.919
6.39012 730.822
6.39585 810.014
6.40159 862.454
6.40732 867.136
6.41306 777.885
6.4188 639.83
6.42453 491.483
6.43027 380.925
6.43601 299.218
6.44174 239.474
6.44748 198.928
6.45321 173.375
6.45895 154.949
6.46469 140.149
6.47042 132.394
6.47616 129.844
6.4819 123.871
6.48763 118.407
6.49337 110.261
6.4991 100.921
6.50484 91.9283
6.51058 86.5611
6.51631 81.3136
6.52205 76.375
6.52778 73.9817
6.53352 71.0067
6.53926 69.2542
6.54499 68.3344
6.55073 66.0251
6.55647 64.3782
6.5622 62.7858
6.56794 63.0941
6.57367 61.9633
6.57941 61.2239
6.58515 63.2452
6.59088 63.0081
6.59662 64.3853
6.60236 63.9182
6.60809 62.3344
6.61383 59.2441
6.61956 57.7934
6.6253 53.8167
6.63104 54.2785
6.63677 53.8731
6.64251 55.263
6.64824 53.385
6.65398 52.354
6.65972 51.7289
6.66545 51.9769
6.67119 49.9822
6.67693 52.8087
6.68266 52.6246
6.6884 52.9654
6.69413 53.7668
6.69987 54.8208
6.70561 54.7878
6.71134 56.4297
6.71708 56.3543
6.72282 53.6783
6.72855 53.9217
6.73429 53.2512
6.74002 51.3615
6.74576 50.5779
6.7515 49.9786
6.75723 50.2338
6.76297 48.6841
6.7687 48.6155
6.77444 48.8333
6.78018 48.2857
6.78591 48.1933
6.79165 46.9134
6.79739 46.0519
6.80312 45.9969
6.80886 46.0414
6.81459 46.1672
6.82033 46.6503
6.82607 46.5173
6.8318 45.1832
6.83754 45.0516
6.84328 44.3123
6.84901 45.1458
6.85475 46.2141
6.86048 46.2067
6.86622 44.821
6.87196 45.5954
6.87769 44.2529
6.88343 44.3385
6.88916 46.4071
6.8949 45.2622
6.90064 44.5084
6.90637 44.6327
6.91211 44.5364
6.91785 44.3665
6.92358 45.685
6.92932 42.7006
6.93505 44.5717
6.94079 44.4613
6.94653 43.5979
6.95226 44.6863
6.958 43.126
6.96374 42.4681
6.96947 43.0422
6.97521 44.2496
6.98094 42.5896
6.98668 42.9655
6.99242 43.5163
6.99815 44.1456
7.00389 43.7132
7.00962 43.9877
7.01536 46.1768
7.0211 43.7261
7.02683 44.5991
7.03257 44.4533
7.03831 41.6478
7.04404 43.6254
7.04978 43.893
7.05551 44.196
7.06125 43.7022
7.06699 43.2209
7.07272 44.2389
7.07846 45.445
7.0842 45.1867
7.08993 45.3237
7.09567 45.0142
7.1014 46.3678
7.10714 47.1223
7.11288 47.185
7.11861 46.9954
7.12435 47.8829
7.13008 48.6443
7.13582 50.5683
7.14156 52.012
7.14729 51.9835
7.15303 52.6068
7.15877 49.9221
7.1645 48.7217
7.17024 47.0501
7.17597 46.7215
7.18171 46.5771
7.18745 48.1559
7.19318 47.0352
7.19892 47.6083
7.20466 48.0922
7.21039 48.1098
7.21613 49.3646
7.22186 48.9483
7.2276 50.3707
7.23334 50.9177
7.23907 51.1321
7.24481 51.2107
7.25054 53.6259
7.25628 54.148
7.26202 53.8642
7.26775 53.1565
7.27349 53.3489
7.27923 53.6271
7.28496 53.7544
7.2907 55.1305
7.29643 54.3448
7.30217 55.3205
7.30791 55.8676
7.31364 57.5219
7.31938 59.409
7.32512 59.233
7.33085 60.9623
7.33659 61.9567
7.34232 63.7645
7.34806 65.7607
7.3538 67.527
7.35953 71.6333
7.36527 71.4404
7.371 72.1199
7.37674 72.846
7.38248 76.1724
7.38821 80.072
7.39395 82.8647
7.39969 85.8578
7.40542 89.7214
7.41116 94.2544
7.41689 100.173
7.42263 109.307
7.42837 122.032
7.4341 143.855
7.43984 205.069
7.44558 384.467
7.45131 603.628
7.45705 710.573
7.46278 888.762
7.46852 719.269
7.47426 467.871
7.47999 463.318
7.48573 478.402
7.49146 547.869
7.4972 645.159
7.50294 741.77
7.50867 837.345
7.51441 880.654
7.52015 841.946
7.52588 727.412
7.53162 581.367
7.53735 452.422
7.54309 355.186
7.54883 280.469
7.55456 225.075
7.5603 189.58
7.56604 161.385
7.57177 141.34
7.57751 125.661
7.58324 113.025
7.58898 104.176
7.59472 97.0861
7.60045 90.8652
7.60619 86.6695
7.61192 83.4056
7.61766 80.4659
7.6234 77.0185
7.62913 75.9225
7.63487 74.1507
7.64061 69.2601
7.64634 68.1544
7.65208 67.5487
7.65781 63.9
7.66355 64.1912
7.66929 64.1994
7.67502 62.2837
7.68076 62.1729
7.6865 61.4342
7.69223 61.3338
7.69797 61.0802
7.7037 59.3189
7.70944 61.0151
7.71518 59.8615
7.72091 58.8091
7.72665 60.8516
7.73238 61.2183
7.73812 63.5239
7.74386 64.5598
7.74959 65.0399
7.75533 67.4324
7.76107 67.9038
7.7668 72.2926
7.77254 83.3713
7.77827 113.569
7.78401 151.167
7.78975 239.326
7.79548 232.24
7.80122 151.751
7.80696 137.345
7.81269 150.445
7.81843 166.618
7.82416 194.493
7.8299 230.042
7.83564 269.972
7.84137 312.572
7.84711 341.312
7.85284 341.218
7.85858 304.788
7.86432 248.623
7.87005 201.239
7.87579 156.807
7.88153 126.428
7.88726 104.266
7.893 88.7379
7.89873 76.4253
7.90447 70.5912
7.91021 64.8919
7.91594 60.7263
7.92168 57.8221
7.92742 54.5939
7.93315 53.6926
7.93889 51.9686
7.94462 49.569
7.95036 48.7862
7.9561 46.6676
7.96183 44.2976
7.96757 46.425
7.9733 44.1895
7.97904 43.8704
7.98478 43.0452
7.99051 43.1248
7.99625 42.6955
8.00199 42.3476
8.00772 41.1111
8.01346 40.9828
8.01919 39.9388
8.02493 40.6503
8.03067 40.9819
8.0364 39.2362
8.04214 39.8966
8.04788 40.1497
8.05361 39.1905
8.05935 38.8056
8.06508 39.4987
8.07082 38.0241
8.07656 38.9498
8.08229 37.0381
8.08803 38.507
8.09376 37.8305
8.0995 38.8074
8.10524 38.3216
8.11097 40.8917
8.11671 40.1176
8.12245 39.5142
8.12818 38.7536
8.13392 36.1149
8.13965 33.8793
8.14539 32.7297
8.15113 32.3509
8.15686 30.3346
8.1626 30.8516
8.16834 32.3879
8.17407 30.9457
8.17981 32.0061
8.18554 33.4391
8.19128 33.1086
8.19702 33.1106
8.20275 32.2998
8.20849 32.5196
8.21422 33.3662
8.21996 32.4591
8.2257 34.0748
8.23143 33.2182
8.23717 31.0266
8.24291 33.3081
8.24864 32.1784
8.25438 31.0072
8.26011 30.9299
8.26585 31.3656
8.27159 32.403
8.27732 34.8369
8.28306 32.4566
8.2888 33.9862
8.29453 32.6176
8.30027 32.5703
8.306 31.9283
8.31174 32.08
8.31748 31.338
8.32321 31.1247
8.32895 31.9336
8.33468 31.7495
8.34042 30.1173
8.34616 31.4078
8.35189 31.5385
8.35763 31.0833
8.36337 31.0284
8.3691 32.1207
8.37484 31.4372
8.38057 28.9429
8.38631 31.7965
8.39205 30.5952
8.39778 30.7917
8.40352 31.6256
8.40926 30.674
8.41499 30.5951
8.42073 31.8119
8.42646 31.4464
8.4322 32.5024
8.43794 32.4935
8.44367 35.0798
8.44941 38.3549
8.45514 40.3216
8.46088 42.8414
8.46662 42.0646
8.47235 39.5228
8.47809 35.3271
8.48383 33.4141
8.48956 31.352
8.4953 30.6565
8.50103 31.4914
8.50677 31.3787
8.51251 31.6844
8.51824 31.7123
8.52398 31.1915
8.52972 31.1178
8.53545 30.5565
8.54119 29.9069
8.54692 30.7394
8.55266 30.0875
8.5584 32.119
8.56413 32.6928
8.56987 31.3799
8.5756 30.0388
8.58134 31.4861
8.58708 32.0269
8.59281 31.8648
8.59855 33
8.60429 31.884
8.61002 30.6258
8.61576 29.5972
8.62149 33.7106
8.62723 28.619
8.63297 31.337
8.6387 30.8528
8.64444 30.1587
8.65018 28.9553
8.65591 30.3217
8.66165 33.634
8.66738 30.5943
8.67312 31.7454
8.67886 30.3447
8.68459 31.4494
8.69033 32.9721
8.69606 33.32
8.7018 30.4648
8.70754 31.508
8.71327 31.1839
8.71901 30.4635
8.72475 28.6628
8.73048 29.6452
8.73622 33.9397
8.74195 30.3669
8.74769 32.2669
8.75343 31.1368
8.75916 32.6102
8.7649 34.0321
8.77064 34.0636
8.77637 37.125
8.78211 35.2018
8.78784 33.7336
8.79358 33.8079
8.79932 33.9386
8.80505 31.1127
8.81079 30.7882
8.81652 29.5592
8.82226 30.0259
8.828 32.6991
8.83373 31.1073
8.83947 31.4866
8.84521 32.7268
8.85094 32.8351
8.85668 31.241
8.86241 33.1077
8.86815 34.1667
8.87389 33.3897
8.87962 34.289
8.88536 35.5193
8.8911 34.7487
8.89683 34.2469
8.90257 36.7814
8.9083 35.6647
8.91404 35.55
8.91978 35.8171
8.92551 36.8853
8.93125 38.4451
8.93698 37.2086
8.94272 34.8792
8.94846 41.3152
8.95419 39.2215
8.95993 38.4257
8.96567 39.7578
8.9714 43.8583
8.97714 48.0316
8.98287 59.2937
8.98861 91.6815
8.99435 197.283
9.00008 272.872
9.00582 248.875
9.01156 156.641
9.01729 88.0244
9.02303 67.1929
9.02876 69.8376
9.0345 63.5041
9.04024 64.8527
9.04597 64.9135
9.05171 64.937
9.05744 69.7273
9.06318 76.7767
9.06892 74.8571
9.07465 78.9375
9.08039 74.6667
9.08613 71.0935
9.09186 70.9688
9.0976 60.4423
9.10333 56.3021
9.10907 54.5
9.11481 47.9062
9.12054 49.1932
9.12628 43.3673
9.13202 43.2317
9.13775 41.0217
9.14349 37.7738
9.14922 37.2683
9.15496 37.1098
9.1607 41.0405
9.16643 36.0375
9.17217 36.3699
9.1779 32.8947
9.18364 34.8429
9.18938 35.3676
9.19511 34.75
9.20085 30.6667
9.20659 30.2923
9.21232 33.15
9.21806 29.8033
9.22379 31.4
9.22953 35.2182
9.23527 31.7925
9.241 31.9643
9.24674 29.3061
9.25248 28.9574
9.25821 29.7333
9.26395 36.4091
9.26968 29.7209
9.27542 33
9.28116 29.875
9.28689 30.9714
9.29263 24.0909
9.29836 33.303
9.3041 27.2121
9.30984 30.5714
9.31557 24.1852
9.32131 27.7778
9.32705 16.45
9.33278 25.913
9.33852 16.7895
9.34425 17.0556
9.34999 20.2353
9.35573 16.5714
9.36146 17
9.3672 13
9.37294 11.75
9.37867 8.33333
9.38441 5.66667
9.39014 7
9.39588 0
9.40162 0
9.40735 0
9.41309 0
9.41882 0
9.42456 0
9.4303 0
9.43603 0
9.44177 0
9.44751 0
9.45324 0
9.45898 0
9.46471 0
9.47045 0
9.47619 0
9.48192 0
9.48766 0
9.4934 0
9.49913 0
9.50487 0
9.5106 0
9.51634 0
9.52208 0
9.52781 0
9.53355 0
9.53928 0
9.54502 0
9.55076 0
9.55649 0
9.56223 0
9.56797 0
9.5737 0
9.57944 0
9.58517 0
9.59091 0
9.59665 0
9.60238 0
9.60812 0
9.61386 0
9.61959 0
9.62533 0
9.63106 0
9.6368 0
9.64254 0
9.64827 0
9.65401 0
9.65974 0
9.66548 0
9.67122 0
9.67695 0
9.68269 0
9.68843 0
9.69416 0
9.6999 0
9.70563 0
9.71137 0
9.71711 0
9.72284 0
9.72858 0
9.73432 0
9.74005 0
9.74579 0
9.75152 0
9.75726 0
9.763 0
9.76873 0
9.77447 0
9.7802 0
9.78594 0
9.79168 0
9.79741 0
9.80315 0
9.80889 0
9.81462 0
9.82036 0
9.82609 0
9.83183 0
9.83757 0
9.8433 0
9.84904 0
9.85478 0
9.86051 0
9.86625 0
9.87198 0
9.87772 0
9.88346 0
9.88919 0
9.89493 0
9.90066 0
9.9064 0
9.91214 0
9.91787 0
9.92361 0
9.92935 0
9.93508 0
9.94082 0
9.94655 0
9.95229 0
9.95803 0
9.96376 0
9.9695 0
9.97524 0
9.98097 0
9.98671 0
9.99244 0
9.99818 0
10.0039 0
10.0097 0
10.0154 0
10.0211 0
10.0269 0
10.0326 0
10.0383 0
10.0441 0
10.0498 0
10.0555 0
10.0613 0
10.067 0
10.0728 0
10.0785 0
10.0842 0
10.09 0
10.0957 0
10.1014 0
10.1072 0
10.1129 0
10.1186 0
10.1244 0
10.1301 0
10.1358 0
10.1416 0
10.1473 0
10.1531 0
10.1588 0
10.1645 0
10.1703 0
10.176 0
10.1817 0
10.1875 0
10.1932 0
10.1989 0
10.2047 0
10.2104 0
10.2162 0
10.2219 0
10.2276 0
10.2334 0
10.2391 0
10.2448 0
10.2506 0
10.2563 0
10.262 0
10.2678 0
10.2735 0
10.2793 0
10.285 0
10.2907 0
10.2965 0
10.3022 0
10.3079 0
10.3137 0
10.3194 0
10.3251 0
10.3309 0
10.3366 0
10.3424 0
10.3481 0
10.3538 0
10.3596 0
10.3653 0
10.371 0
10.3768 0
10.3825 0
10.3882 0
10.394 0
10.3997 0
10.4054 0
10.4112 0
10.4169 0
10.4227 0
10.4284 0
10.4341 0
10.4399 0
10.4456 0
10.4513 0
10.4571 0
10.4628 0
10.4685 0
10.4743 0
10.48 0
10.4858 0
10.4915 0
10.4972 0
10.503 0
10.5087 0
10.5144 0
10.5202 0
10.5259 0
10.5316 0
10.5374 0
10.5431 0
10.5489 0
10.5546 0
10.5603 0
10.5661 0
10.5718 0
10.5775 0
10.5833 0
10.589 0
10.5947 0
10.6005 0
10.6062 0
10.612 0
10.6177 0
10.6234 0
10.6292 0
10.6349 0
10.6406 0
10.6464 0
10.6521 0
10.6578 0
10.6636 0
10.6693 0
10.6751 0
10.6808 0
10.6865 0
10.6923 0
10.698 0
10.7037 0
10.7095 0
10.7152 0
10.7209 0
10.7267 0
10.7324 0
10.7381 0
10.7439 0
10.7496 0
10.7554 0
10.7611 0
10.7668 0
10.7726 0
10.7783 0
10.784 0
10.7898 0
10.7955 0
10.8012 0
10.807 0
10.8127 0
10.8185 0
10.8242 0
10.8299 0
10.8357 0
10.8414 0
10.8471 0
10.8529 0
10.8586 0
10.8643 0
10.8701 0
10.8758 0
10.8816 0
10.8873 0
10.893 0
10.8988 0
10.9045 0
10.9102 0
10.916 0
10.9217 0
10.9274 0
10.9332 0
10.9389 0
10.9447 0
10.9504 0
10.9561 0
10.9619 0
10.9676 0
10.9733 0
10.9791 0
10.9848 0
10.9905 0
10.9963 0
11.002 0
11.0077 0
11.0135 0
11.0192 0
11.025 0
11.0307 0
11.0364 0
11.0422 0
11.0479 0
11.0536 0
11.0594 0
11.0651 0
11.0708 0
11.0766 0
11.0823 0
11.0881 0
11.0938 0
11.0995 0
11.1053 0
11.111 0
11.1167 0
11.1225 0
11.1282 0
11.1339 0
11.1397 0
11.1454 0
11.1512 0
11.1569 0
11.1626 0
11.1684 0
11.1741 0
11.1798 0
11.1856 0
11.1913 0
11.197 0
11.2028 0
11.2085 0
11.2143 0
11.22 0
11.2257 0
11.2315 0
11.2372 0
11.2429 0
11.2487 0
11.2544 0
11.2601 0
11.2659 0
11.2716 0
11.2774 0
11.2831 0
11.2888 0
11.2946 0
11.3003 0
11.306 0
11.3118 0
11.3175 0
11.3232 0
11.329 0
11.3347 0
11.3404 0
11.3462 0
11.3519 0
11.3577 0
11.3634 0
11.3691 0
11.3749 0
11.3806 0
11.3863 0
11.3921 0
11.3978 0
11.4035 0
11.4093 0
11.415 0
11.4208 0
11.4265 0
11.4322 0
11.438 0
11.4437 0
11.4494 0
11.4552 0
11.4609 0
11.4666 0
11.4724 0
11.4781 0
11.4839 0
11.4896 0
11.4953 0
11.5011 0
11.5068 0
11.5125 0
11.5183 0
11.524 0
11.5297 0
11.5355 0
11.5412 0
11.547 0
11.5527 0
11.5584 0
11.5642 0
11.5699 0
11.5756 0
11.5814 0
11.5871 0
11.5928 0
11.5986 0
11.6043 0
11.61 0
11.6158 0
11.6215 0
11.6273 0
11.633 0
11.6387 0
11.6445 0
11.6502 0
11.6559 0
11.6617 0
11.6674 0
11.6731 0
11.6789 0
11.6846 0
11.6904 0
11.6961 0
11.7018 0
11.7076 0
11.7133 0
11.719 0
11.7248 0
11.7305 0
11.7362 0
11.742 0
