0 0
0.00573619 13
0.0114724 -2
0.0172086 -6
0.0229448 11.6667
0.028681 -5
0.0344171 8
0.0401533 -4.2
0.0458895 13.6
0.0516257 14.6667
0.0573619 -1.5
0.0630981 -3
0.0688343 1.14286
0.0745705 -1.83333
0.0803067 9.33333
0.0860429 2.33333
0.091779 2.25
0.0975152 -3.46154
0.103251 0.666667
0.108988 5.55556
0.114724 -3.4
0.12046 -0.363636
0.126196 0.533333
0.131932 2.125
0.137669 4.53333
0.143405 6.84615
0.149141 -3
0.154877 5.4375
0.160613 8.93333
0.16635 15.8
0.172086 4.91667
0.177822 9.31579
0.183558 0.352941
0.189294 3.28571
0.19503 3.47619
0.200767 -2.66667
0.206503 0.647059
0.212239 4.33333
0.217975 7.47619
0.223711 1
0.229448 0.416667
0.235184 1
0.24092 -1.95455
0.246656 -0.0555556
0.252392 -2.84
0.258129 -3.92593
0.263865 0.0952381
0.269601 2.25
0.275337 2.24138
0.281073 3.08
0.28681 4.70833
0.292546 -2.96
0.298282 -0.0344828
0.304018 0.518519
0.309754 4.06667
0.31549 4.03226
0.321227 5.14815
0.326963 3.36667
0.332699 1.22581
0.338435 5.51515
0.344171 -1.41667
0.349908 2.88571
0.355644 3.14286
0.36138 -4.70968
0.367116 4.58824
0.372852 -0.727273
0.378589 2.64865
0.384325 4
0.390061 1.48718
0.395797 5.10256
0.401533 1
0.40727 5.06977
0.413006 6.54054
0.418742 6.475
0.424478 7.47059
0.430214 9.11111
0.43595 11.3415
0.441687 8.40625
0.447423 10.2979
0.453159 6.38462
0.458895 8.30233
0.464631 12.5909
0.470368 10.3415
0.476104 12.7872
0.48184 7.75
0.487576 12.3846
0.493312 12.878
0.499049 13.15
0.504785 13.2982
0.510521 16.7111
0.516257 12.2558
0.521993 13.2273
0.52773 11.3774
0.533466 18.5111
0.539202 15.9375
0.544938 14.6078
0.550674 14.8846
0.55641 16.9792
0.562147 13.3725
0.567883 16.6667
0.573619 11
0.579355 10.2778
0.585091 12.8246
0.590828 15.4528
0.596564 15.7917
0.6023 14.8393
0.608036 13.3692
0.613772 11.7143
0.619509 15.7414
0.625245 14.6441
0.630981 17.6182
0.636717 15.569
0.642453 13.2982
0.64819 15.2222
0.653926 19.75
0.659662 17.8
0.665398 17.7344
0.671134 18.7895
0.67687 15.7419
0.682607 19.5238
0.688343 17.209
0.694079 20.463
0.699815 15.5652
0.705551 16.8769
0.711288 18.1455
0.717024 19.7568
0.72276 19.8689
0.728496 19.1857
0.734232 17.7031
0.739969 19.3188
0.745705 21.1127
0.751441 16.9138
0.757177 21.8831
0.762913 19.5373
0.76865 19.6667
0.774386 14.9853
0.780122 15.3288
0.785858 15.9351
0.791594 15.65
0.79733 14.622
0.803067 16.0435
0.808803 17.8286
0.814539 19.3827
0.820275 15.0986
0.826011 17.3896
0.831748 16.3333
0.837484 16.7176
0.84322 17.1
0.848956 16.0139
0.854692 16.7647
0.860429 18.8025
0.866165 15.9863
0.871901 18.0375
0.877637 14.5904
0.883373 14.8442
0.88911 18.7949
0.894846 14.0824
0.900582 14.988
0.906318 16.1892
0.912054 16.1222
0.91779 17.2759
0.923527 17.2727
0.929263 17.1744
0.934999 15.3187
0.940735 19.5802
0.946471 18.1548
0.952208 18.6353
0.957944 19.3871
0.96368 15.8205
0.969416 16.1368
0.975152 17.5667
0.980889 19.2588
0.986625 16.593
0.992361 17.0842
0.998097 15.9789
1.00383 13.8375
1.00957 19.9596
1.01531 18.1134
1.02104 18.8929
1.02678 17.8333
1.03251 18.4176
1.03825 15.16
1.04399 19.5814
1.04972 18.2277
1.05546 19.099
1.0612 16.2073
1.06693 17.2897
1.07267 17.7473
1.0784 16.3981
1.08414 17.0306
1.08988 18.05
1.09561 14.3143
1.10135 18.8837
1.10708 18
1.11282 17.9895
1.11856 18.7041
1.12429 18.0952
1.13003 22.6
1.13577 19.4667
1.1415 18.951
1.14724 21.211
1.15297 16.3
1.15871 14.88
1.16445 15.6696
1.17018 16.7905
1.17592 13.8598
1.18166 15.4271
1.18739 13.8235
1.19313 16.8899
1.19886 16
1.2046 16.0261
1.21034 15.1776
1.21607 18.4364
1.22181 17.1
1.22754 13.7521
1.23328 14.0374
1.23902 16.3929
1.24475 15.5966
1.25049 16.6789
1.25623 16.8519
1.26196 18.4017
1.2677 19.0484
1.27343 17.0631
1.27917 15.6017
1.28491 16.0847
1.29064 13.2832
1.29638 16.6897
1.30212 18.9829
1.30785 20.6891
1.31359 18.0776
1.31932 20.0551
1.32506 16.5798
1.3308 17.7845
1.33653 12.1667
1.34227 14.6891
1.348 16.5197
1.35374 15.2124
1.35948 13.392
1.36521 12.8626
1.37095 15.5636
1.37669 14.7194
1.38242 15.8689
1.38816 15.687
1.39389 13.178
1.39963 15.25
1.40537 18.186
1.4111 17.3036
1.41684 15.5734
1.42258 15.5778
1.42831 13.9174
1.43405 18.2462
1.43978 16.5704
1.44552 18.3406
1.45126 16.2797
1.45699 15.3262
1.46273 16.053
1.46846 13.4524
1.4742 14.6713
1.47994 14.4884
1.48567 15.8571
1.49141 16.4385
1.49715 11.4966
1.50288 15.2774
1.50862 15.7581
1.51435 14.8904
1.52009 15.7518
1.52583 18.6336
1.53156 17.4296
1.5373 13.8367
1.54304 16.5248
1.54877 15.9926
1.55451 15.443
1.56024 13.7737
1.56598 14.9857
1.57172 15.4965
1.57745 15.2905
1.58319 17.1915
1.58892 16.1761
1.59466 15.56
1.6004 17.6084
1.60613 13.4638
1.61187 17.9732
1.61761 17.2293
1.62334 15.7744
1.62908 16.3419
1.63481 15.1192
1.64055 13.5733
1.64629 17.3151
1.65202 15.7483
1.65776 14.7483
1.6635 13.7153
1.66923 16.4528
1.67497 15.5399
1.6807 17.6423
1.68644 14.6519
1.69218 17.5309
1.69791 15.3856
1.70365 15.5135
1.70938 15.0513
1.71512 14.2454
1.72086 14.5294
1.72659 14.9769
1.73233 18.071
1.73807 15.4837
1.7438 17.2892
1.74954 15.5094
1.75527 18.25
1.76101 13.3015
1.76675 15.326
1.77248 17.6951
1.77822 17.0612
1.78396 19.3214
1.78969 15.3503
1.79543 17.474
1.80116 17.0064
1.8069 17.0702
1.81264 15.5569
1.81837 16.5133
1.82411 17.6889
1.82984 15.2671
1.83558 15.8303
1.84132 14.6606
1.84705 16.1716
1.85279 14.4444
1.85853 16.8188
1.86426 16.9435
1.87 15.5
1.87573 18.6437
1.88147 16.8701
1.88721 16.3372
1.89294 16.4971
1.89868 16.7706
1.90442 19.2126
1.91015 21.3728
1.91589 36.7917
1.92162 35.1925
1.92736 21.6328
1.9331 21.631
1.93883 22.4244
1.94457 21.4286
1.9503 21.8647
1.95604 19.0698
1.96178 18.7182
1.96751 18.7135
1.97325 18.6012
1.97899 17.754
1.98472 15.8936
1.99046 18.3829
1.99619 17.5385
2.00193 16.4421
2.00767 16.8475
2.0134 16.1512
2.01914 14.3564
2.02488 15.8796
2.03061 20.2712
2.03635 16.4468
2.04208 17.9189
2.04782 17.8564
2.05356 18.2581
2.05929 17.011
2.06503 17.985
2.07076 16.4716
2.0765 17.2487
2.08224 20.6327
2.08797 19.1387
2.09371 19.6162
2.09945 17.9568
2.10518 17.5729
2.11092 15.4385
2.11665 18.7641
2.12239 19.3575
2.12813 15.3432
2.13386 15.3085
2.1396 16.6633
2.14534 16.2718
2.15107 19.5989
2.15681 18.2412
2.16254 17.9604
2.16828 17.6141
2.17402 17.6351
2.17975 18.57
2.18549 18.9735
2.19122 18.0248
2.19696 19.0693
2.2027 20.8537
2.20843 27.5449
2.21417 32.7453
2.21991 38.9437
2.22564 31.3552
2.23138 19.981
2.23711 19.6715
2.24285 19.6058
2.24859 16.8802
2.25432 18.1324
2.26006 19.267
2.2658 17.5484
2.27153 17.707
2.27727 16.5071
2.283 18.4478
2.28874 18.3039
2.29448 19.1892
2.30021 18.7441
2.30595 19.0253
2.31168 19.8333
2.31742 18.9758
2.32316 19.6971
2.32889 20.743
2.33463 18.2019
2.34037 21.8263
2.3461 21.3774
2.35184 24.6516
2.35757 23.9608
2.36331 24.4346
2.36905 24.0415
2.37478 24.491
2.38052 23.4562
2.38626 23.8636
2.39199 23.5598
2.39773 24.401
2.40346 22.3242
2.4092 24.8655
2.41494 22.914
2.42067 19.235
2.42641 18.5207
2.43214 19.671
2.43788 21.8744
2.44362 20.4978
2.44935 19.6481
2.45509 20.6056
2.46083 22.1613
2.46656 20.3799
2.4723 21.5042
2.47803 21.6047
2.48377 20.5841
2.48951 20.1496
2.49524 19.5837
2.50098 19.5938
2.50672 21.2611
2.51245 19.5193
2.51819 20.1481
2.52392 21.105
2.52966 20.2845
2.5354 20.1852
2.54113 20.3542
2.54687 21.6494
2.5526 21.2881
2.55834 20.6667
2.56408 20.9532
2.56981 21.8347
2.57555 22.1991
2.58129 21.0519
2.58702 19.9665
2.59276 20.9053
2.59849 20.8475
2.60423 20.6356
2.60997 20.3278
2.6157 21.8624
2.62144 21
2.62718 21.7745
2.63291 22.5732
2.63865 20.4764
2.64438 21.1481
2.65012 20.564
2.65586 23.2946
2.66159 21.498
2.66733 21.6311
2.67306 22.1745
2.6788 21.4062
2.68454 21.5672
2.69027 21.8193
2.69601 22.2609
2.70175 21.9375
2.70748 24.7037
2.71322 23.1941
2.71895 21.6935
2.72469 24.9877
2.73043 22.4173
2.73616 23.475
2.7419 21.6226
2.74764 20.7668
2.75337 22.7706
2.75911 24.7376
2.76484 21.5317
2.77058 23.4074
2.77632 24.6486
2.78205 22.4127
2.78779 22.8263
2.79352 20.7664
2.79926 22.9549
2.805 23.1406
2.81073 21.5165
2.81647 21.4037
2.82221 21.8821
2.82794 23.1111
2.83368 22.1
2.83941 23.5235
2.84515 24.192
2.85089 23.3217
2.85662 23.9775
2.86236 23.2939
2.8681 22.2927
2.87383 23.0038
2.87957 24.1763
2.8853 23.3092
2.89104 22.3498
2.89678 23.9396
2.90251 23.3985
2.90825 24.2244
2.91398 26.6241
2.91972 25.0253
2.92546 24.0232
2.93119 23.4528
2.93693 24.4838
2.94267 24.5649
2.9484 25.3132
2.95414 25.3541
2.95987 24.5432
2.96561 28.45
2.97135 27.1886
2.97708 28.8369
2.98282 35.9203
2.98856 62.5857
2.99429 68.4214
3.00003 36.342
3.00576 29.3954
3.0115 28.0551
3.01724 26.2111
3.02297 27.1183
3.02871 27.2014
3.03444 27.2581
3.04018 27.3885
3.04592 25.2243
3.05165 25.638
3.05739 27.4982
3.06313 24.821
3.06886 26.4628
3.0746 28.5684
3.08033 28.5254
3.08607 27.6241
3.09181 28.4783
3.09754 30.1488
3.10328 33.1617
3.10902 33.1027
3.11475 31.8237
3.12049 31
3.12622 31.0107
3.13196 34.7082
3.1377 35.74
3.14343 42.7857
3.14917 37.526
3.1549 33.4894
3.16064 31.8603
3.16638 30.1782
3.17211 29.2465
3.17785 29.2253
3.18359 30.5556
3.18932 30.52
3.19506 30.138
3.20079 31.3048
3.20653 31.798
3.21227 32.0614
3.218 31.7847
3.22374 31.8368
3.22948 31.9498
3.23521 31.0033
3.24095 34.3086
3.24668 33.6921
3.25242 34.52
3.25816 33.4824
3.26389 33.4871
3.26963 34.1336
3.27536 33.5281
3.2811 35.511
3.28684 34.9
3.29257 35.3311
3.29831 34.8643
3.30405 36.3462
3.30978 39.0754
3.31552 39.6546
3.32125 41.8237
3.32699 40.6877
3.33273 43.3974
3.33846 41.231
3.3442 43
3.34994 40.3438
3.35567 42.0133
3.36141 40.8297
3.36714 45.0128
3.37288 58.127
3.37862 74.6451
3.38435 70.6369
3.39009 87.0909
3.39582 86.5523
3.40156 44.1289
3.4073 46.3016
3.41303 43.4488
3.41877 42.6469
3.42451 43.6161
3.43024 42.3917
3.43598 42.3003
3.44171 39.4013
3.44745 41.9058
3.45319 43.2727
3.45892 42.3419
3.46466 43.0778
3.4704 42.4452
3.47613 46.1755
3.48187 44.0151
3.4876 43.7873
3.49334 43.0286
3.49908 45.207
3.50481 45.9821
3.51055 45.1844
3.51628 44.3968
3.52202 48.2954
3.52776 50.3168
3.53349 52.1604
3.53923 57.4599
3.54497 62.9781
3.5507 71.1788
3.55644 66.5338
3.56217 61.8358
3.56791 55.1918
3.57365 53.2143
3.57938 50.3421
3.58512 51.3138
3.59086 51.5223
3.59659 51.5586
3.60233 53.1166
3.60806 51.7152
3.6138 52.7079
3.61954 52.7851
3.62527 55.4639
3.63101 56.6231
3.63674 62.994
3.64248 66.6012
3.64822 70.1269
3.65395 71.8323
3.65969 73.15
3.66543 71.0751
3.67116 69.8339
3.6769 70.8095
3.68263 73.5641
3.68837 71.8476
3.69411 71.0352
3.69984 66.3059
3.70558 69.7879
3.71132 67.994
3.71705 69.9275
3.72279 69.4315
3.72852 68.8895
3.73426 71.5821
3.74 70.4944
3.74573 73.5506
3.75147 74.7023
3.7572 76.0283
3.76294 77.5101
3.76868 79.2761
3.77441 81.1875
3.78015 83.7939
3.78589 86.4818
3.79162 88.8863
3.79736 93.3651
3.80309 97.9732
3.80883 100.964
3.81457 106.391
3.8203 112.302
3.82604 119.259
3.83178 134.172
3.83751 163.222
3.84325 257.155
3.84898 385.646
3.85472 554.579
3.86046 408.499
3.86619 376.381
3.87193 441.232
3.87766 565.335
3.8834 740.018
3.88914 945.76
3.89487 1110.71
3.90061 1048.92
3.90635 863.677
3.91208 673.636
3.91782 491.615
3.92355 372.608
3.92929 291.877
3.93503 235.495
3.94076 198.254
3.9465 170.469
3.95224 153.158
3.95797 138.116
3.96371 125.988
3.96944 121.305
3.97518 116.403
3.98092 106.202
3.98665 103.924
3.99239 99.7642
3.99812 97.6782
4.00386 96.2069
4.0096 94.3106
4.01533 93.6395
4.02107 90.4599
4.02681 89.8052
4.03254 91.5989
4.03828 88.1041
4.04401 86.0138
4.04975 87.6917
4.05549 83.0106
4.06122 84.1069
4.06696 83.3203
4.0727 82.3818
4.07843 80.7268
4.08417 79.8455
4.0899 78.5617
4.09564 79.2154
4.10138 77.986
4.10711 78.6701
4.11285 78.0791
4.11858 77.6139
4.12432 77.9026
4.13006 78.8668
4.13579 77.5948
4.14153 77.1475
4.14727 77.8325
4.153 78.3386
4.15874 79.2493
4.16447 77.8495
4.17021 79.3117
4.17595 77.9553
4.18168 78.0267
4.18742 79.4367
4.19316 79.3939
4.19889 79.8621
4.20463 84.7537
4.21036 81.6103
4.2161 81.6101
4.22184 78.8114
4.22757 79.632
4.23331 79.0322
4.23904 78.5874
4.24478 79.1816
4.25052 79.6768
4.25625 80.7696
4.26199 79.8221
4.26773 80.4911
4.27346 81.0949
4.2792 82.0517
4.28493 83.1696
4.29067 85.0202
4.29641 85.4575
4.30214 86.2025
4.30788 88.0767
4.31362 87.734
4.31935 88.7702
4.32509 91.9875
4.33082 91.5856
4.33656 96.6587
4.3423 98.099
4.34803 100.942
4.35377 103
4.3595 107.041
4.36524 109.216
4.37098 113.119
4.37671 118.468
4.38245 120.7
4.38819 126.887
4.39392 135.147
4.39966 140.033
4.40539 151.092
4.41113 162.78
4.41687 179.569
4.4226 211.906
4.42834 266.539
4.43408 437.72
4.43981 999.569
4.44555 2167.8
4.45128 9215.21
4.45702 12044.7
4.46276 5185.93
4.46849 1673.81
4.47423 856.394
4.47996 487.817
4.4857 406.877
4.49144 391.162
4.49717 364.293
4.50291 366.436
4.50865 344.962
4.51438 315.776
4.52012 281.108
4.52585 244.241
4.53159 211.305
4.53733 187.061
4.54306 162.969
4.5488 145.326
4.55454 132.458
4.56027 121.286
4.56601 111.38
4.57174 106.137
4.57748 96.5326
4.58322 94.7828
4.58895 89.3495
4.59469 87.0495
4.60042 84.1415
4.60616 81.6449
4.6119 78.9663
4.61763 78.1867
4.62337 77.9884
4.62911 76.25
4.63484 75.28
4.64058 72.8252
4.64631 70.656
4.65205 67.6973
4.65779 68.6946
4.66352 67.1781
4.66926 65.3454
4.675 64.8349
4.68073 63.7357
4.68647 62.713
4.6922 62.7942
4.69794 63.5543
4.70368 63.2288
4.70941 62.2141
4.71515 63.1645
4.72088 63.4269
4.72662 63.3791
4.73236 63.1103
4.73809 62.3913
4.74383 61.3728
4.74957 62.0508
4.7553 62.2532
4.76104 60.5034
4.76677 59.2477
4.77251 58.3509
4.77825 58.2907
4.78398 56.3378
4.78972 57.1603
4.79546 55.0467
4.80119 56.827
4.80693 54.0392
4.81266 53.1563
4.8184 53.0437
4.82414 53.5804
4.82987 52.39
4.83561 52.877
4.84134 55.0522
4.84708 58.0443
4.85282 60.2051
4.85855 57.2269
4.86429 51.7062
4.87003 51.2818
4.87576 50.3978
4.8815 49.7603
4.88723 49.2086
4.89297 50.9736
4.89871 49.1296
4.90444 50.6233
4.91018 48.5126
4.91592 49.6283
4.92165 49.4545
4.92739 50.0342
4.93312 49.0587
4.93886 48.7177
4.9446 48.5116
4.95033 48.7974
4.95607 49.0725
4.9618 49.1429
4.96754 48.4633
4.97328 50.5858
4.97901 58.453
4.98475 53.4252
4.99049 49.9066
4.99622 46.6369
5.00196 47.1
5.00769 47.8448
5.01343 46.5916
5.01917 45.4212
5.0249 46.4169
5.03064 46.5054
5.03638 47.0065
5.04211 47.2304
5.04785 46.3585
5.05358 46.3227
5.05932 47.3218
5.06506 47.3692
5.07079 46.6459
5.07653 45.9788
5.08226 46.3333
5.088 45.0274
5.09374 46.2131
5.09947 46.5543
5.10521 44.7895
5.11095 45.891
5.11668 47.6221
5.12242 45.9035
5.12815 46.6752
5.13389 44.7256
5.13963 46.0539
5.14536 46.206
5.1511 46.8889
5.15684 46.7828
5.16257 44.9457
5.16831 46.6093
5.17404 45.7354
5.17978 46.5224
5.18552 45.8131
5.19125 45.8302
5.19699 46.4571
5.20272 45.2473
5.20846 45.8978
5.2142 45.2198
5.21993 46.2201
5.22567 47.5632
5.23141 46.568
5.23714 46.2484
5.24288 46.8529
5.24861 45.5318
5.25435 46.2515
5.26009 46.8734
5.26582 47.5309
5.27156 45.4888
5.2773 48.4167
5.28303 46.7374
5.28877 46.3014
5.2945 45.9633
5.30024 46.0894
5.30598 47.3264
5.31171 46.8196
5.31745 47.7365
5.32318 47.5527
5.32892 48.129
5.33466 48.3783
5.34039 47.7077
5.34613 47.6813
5.35187 52.6784
5.3576 49.2551
5.36334 46.907
5.36907 47.4662
5.37481 46.8714
5.38055 47.9917
5.38628 48.3777
5.39202 50.9526
5.39776 52.5423
5.40349 51.3111
5.40923 49.6496
5.41496 49.3063
5.4207 46.8857
5.42644 47.6537
5.43217 47.8763
5.43791 48.2441
5.44364 48.4241
5.44938 48.3914
5.45512 48.6165
5.46085 48.5901
5.46659 48.5268
5.47233 47.4899
5.47806 46.0376
5.4838 48.0727
5.48953 46.7324
5.49527 47.8802
5.50101 47.8092
5.50674 46.9146
5.51248 47.4235
5.51822 47.9018
5.52395 46.2754
5.52969 46.9525
5.53542 47.8526
5.54116 49.7221
5.5469 49.0411
5.55263 47.5667
5.55837 48.3984
5.5641 49.5019
5.56984 48.5873
5.57558 48.2246
5.58131 47.9505
5.58705 48.3206
5.59279 49.4471
5.59852 48.4251
5.60426 48.9945
5.60999 49.2265
5.61573 50.4882
5.62147 49.8008
5.6272 49.9024
5.63294 49.4173
5.63868 49.1951
5.64441 48.279
5.65015 49.7943
5.65588 50.5029
5.66162 50.9276
5.66736 50.3687
5.67309 50.8991
5.67883 49.6487
5.68456 51.2759
5.6903 52.5601
5.69604 52.3972
5.70177 53.1203
5.70751 51.9925
5.71325 53.8921
5.71898 53.1541
5.72472 52.9331
5.73045 54.4283
5.73619 53.2846
5.74193 53.1019
5.74766 52.7011
5.7534 54.4693
5.75914 52.8264
5.76487 54.2697
5.77061 55.033
5.77634 54.4154
5.78208 53.7713
5.78782 55.8692
5.79355 56.4559
5.79929 56.9165
5.80502 57.7917
5.81076 55.6408
5.8165 57.2135
5.82223 56.1937
5.82797 56.2923
5.83371 57.5817
5.83944 58.2193
5.84518 58.0733
5.85091 59.0112
5.85665 59.4584
5.86239 58.7354
5.86812 59.2258
5.87386 59.1498
5.8796 58.9538
5.88533 59.4025
5.89107 61.2208
5.8968 59.2664
5.90254 60.9343
5.90828 60.5027
5.91401 61.0597
5.91975 63.3912
5.92548 64.2339
5.93122 63.6063
5.93696 65.4832
5.94269 72.2982
5.94843 71.1649
5.95417 88.5696
5.9599 73.3804
5.96564 70.2578
5.97137 66.2439
5.97711 68.4095
5.98285 68.6702
5.98858 67.2153
5.99432 69.3297
6.00006 70.3272
6.00579 70.9621
6.01153 73.8357
6.01726 74.3378
6.023 73.9983
6.02874 73.8653
6.03447 73.2228
6.04021 73.6204
6.04594 73.5171
6.05168 75.1971
6.05742 76.372
6.06315 73.7969
6.06889 76.9591
6.07463 77.3711
6.08036 78.2634
6.0861 81.6858
6.09183 80.9805
6.09757 83.718
6.10331 81.3694
6.10904 85.0961
6.11478 85.7263
6.12052 88.3528
6.12625 87.5602
6.13199 90.0787
6.13772 93.4521
6.14346 90.3505
6.1492 94.8374
6.15493 95.0356
6.16067 97.1895
6.1664 97.8646
6.17214 101.104
6.17788 103.787
6.18361 105.395
6.18935 109.37
6.19509 114.857
6.20082 117.396
6.20656 122.733
6.21229 128.166
6.21803 134.92
6.22377 139.061
6.2295 145.73
6.23524 154.147
6.24098 157.776
6.24671 160.82
6.25245 178.521
6.25818 186.411
6.26392 205.634
6.26966 239.337
6.27539 322.906
6.28113 426.402
6.28686 1018.99
6.2926 2879.82
6.29834 6428.88
6.30407 6663.2
6.30981 9927.23
6.31555 3097.17
6.32128 1648.71
6.32702 653.735
6.33275 419.62
6.33849 366.255
6.34423 301.654
6.34996 294.992
6.3557 297.987
6.36144 297.632
6.36717 315.634
6.37291 332.674
6.37864 330.389
6.38438 311.498
6.39012 285.732
6.39585 262.012
6.40159 234.071
6.40732 209.616
6.41306 190.497
6.4188 173.382
6.42453 158.032
6.43027 150.715
6.43601 144.193
6.44174 136.181
6.44748 134.41
6.45321 129.272
6.45895 126.731
6.46469 121.812
6.47042 120.215
6.47616 118.869
6.4819 112.742
6.48763 110.606
6.49337 107.855
6.4991 105.417
6.50484 104.95
6.51058 103.604
6.51631 103.685
6.52205 100.447
6.52778 98.84
6.53352 99.3997
6.53926 96.1936
6.54499 96.9072
6.55073 97.1792
6.55647 95.8843
6.5622 95.3213
6.56794 95.2874
6.57367 97.5767
6.57941 95.5488
6.58515 93.0726
6.59088 94.4709
6.59662 93.7023
6.60236 92.25
6.60809 89.6656
6.61383 89.6616
6.61956 89.1107
6.6253 89.0643
6.63104 89.7199
6.63677 90.1703
6.64251 87.7873
6.64824 87.9904
6.65398 87.6393
6.65972 87.3557
6.66545 88.1832
6.67119 87.0307
6.67693 88.2862
6.68266 88.4045
6.6884 88.4984
6.69413 90.156
6.69987 86.9456
6.70561 86.3971
6.71134 85.7631
6.71708 84.5797
6.72282 85.0478
6.72855 84.8339
6.73429 85.2995
6.74002 84.1752
6.74576 85.514
6.7515 85.832
6.75723 84.6053
6.76297 83.7334
6.7687 84.2132
6.77444 84.2832
6.78018 84.201
6.78591 84.8569
6.79165 84.1339
6.79739 82.7873
6.80312 85.6553
6.80886 83.6959
6.81459 85.6801
6.82033 84.0127
6.82607 82.2469
6.8318 82.9969
6.83754 83.2446
6.84328 82.4677
6.84901 82.4749
6.85475 83.2614
6.86048 84.3017
6.86622 83.1435
6.87196 83.1246
6.87769 81.9376
6.88343 83.7717
6.88916 82.8978
6.8949 81.6042
6.90064 81.1029
6.90637 83.0185
6.91211 84.8797
6.91785 83.5561
6.92358 83.5235
6.92932 84.3164
6.93505 85.1173
6.94079 83.0516
6.94653 82.9098
6.95226 83.1322
6.958 83.5008
6.96374 81.7964
6.96947 83.9828
6.97521 83.6845
6.98094 83.2594
6.98668 85.0841
6.99242 83.9689
6.99815 84.5356
7.00389 83.8276
7.00962 85.1413
7.01536 85.3224
7.0211 83.748
7.02683 84.0477
7.03257 85.2282
7.03831 84.2908
7.04404 84.4501
7.04978 86.5535
7.05551 85.6708
7.06125 86.1327
7.06699 85.2776
7.07272 85.5015
7.07846 85.2791
7.0842 85.4232
7.08993 86.6535
7.09567 85.2563
7.1014 86.0931
7.10714 87.3547
7.11288 86.6422
7.11861 86.9985
7.12435 87.9444
7.13008 88.0893
7.13582 89.3307
7.14156 88.2099
7.14729 88.8333
7.15303 90.661
7.15877 89.1695
7.1645 89.2574
7.17024 89.4499
7.17597 90.3292
7.18171 90.1328
7.18745 89.9882
7.19318 89.5963
7.19892 91.1475
7.20466 91.6441
7.21039 92.5884
7.21613 93.0998
7.22186 91.7158
7.2276 93.7313
7.23334 94.3144
7.23907 93.3538
7.24481 94.7143
7.25054 95.4875
7.25628 94.2689
7.26202 95.5731
7.26775 95.6498
7.27349 95.6365
7.27923 95.0247
7.28496 96.0988
7.2907 98.2991
7.29643 98.1874
7.30217 98.5875
7.30791 100.027
7.31364 100.44
7.31938 100.923
7.32512 102.437
7.33085 102.591
7.33659 104.409
7.34232 103.954
7.34806 107.268
7.3538 110.425
7.35953 109.657
7.36527 113.263
7.371 123.077
7.37674 160.431
7.38248 143.63
7.38821 379.576
7.39395 379.899
7.39969 452.996
7.40542 813.293
7.41116 415.342
7.41689 260.322
7.42263 185.103
7.42837 165.434
7.4341 160.637
7.43984 163.032
7.44558 170.643
7.45131 179.207
7.45705 194.057
7.46278 213.104
7.46852 236.902
7.47426 261.208
7.47999 269.923
7.48573 265.117
7.49146 247.536
7.4972 225.034
7.50294 201.493
7.50867 182.191
7.51441 165.127
7.52015 149.414
7.52588 139.201
7.53162 129.019
7.53735 121.388
7.54309 115.99
7.54883 112.689
7.55456 106.864
7.5603 103.329
7.56604 101.742
7.57177 98.9929
7.57751 97.9514
7.58324 95.4185
7.58898 93.566
7.59472 92.1181
7.60045 90.3652
7.60619 90.6934
7.61192 89.5732
7.61766 88.2571
7.6234 88.7076
7.62913 86.6563
7.63487 87.4056
7.64061 85.4871
7.64634 84.7274
7.65208 85.1283
7.65781 85.375
7.66355 84.3038
7.66929 83.359
7.67502 86.3251
7.68076 84.2
7.6865 84.2574
7.69223 84.9533
7.69797 85.5315
7.7037 87.1664
7.70944 91.6058
7.71518 104.607
7.72091 119.301
7.72665 225.637
7.73238 386.062
7.73812 140.135
7.74386 143.708
7.74959 109.804
7.75533 98.5155
7.76107 97.3598
7.7668 97.9327
7.77254 100.223
7.77827 102.761
7.78401 107.036
7.78975 113.585
7.79548 122.01
7.80122 129.666
7.80696 136.269
7.81269 139.186
7.81843 136.168
7.82416 127.504
7.8299 119.699
7.83564 109.329
7.84137 101.63
7.84711 97.3278
7.85284 91.1051
7.85858 88.1516
7.86432 84.5007
7.87005 81.981
7.87579 78.889
7.88153 78.1243
7.88726 77.0424
7.893 76.1969
7.89873 74.8329
7.90447 76.1011
7.91021 79.4085
7.91594 79.3184
7.92168 82.2453
7.92742 77.7594
7.93315 72.5519
7.93889 69.9882
7.94462 70.1718
7.95036 69.9175
7.9561 69.7335
7.96183 69.37
7.96757 70.6781
7.9733 72.3105
7.97904 70.7251
7.98478 70.8233
7.99051 69.1208
7.99625 68.0919
8.00199 68.2979
8.00772 67.3663
8.01346 66.7137
8.01919 67.3816
8.02493 66.6848
8.03067 66.7838
8.0364 66.2664
8.04214 65.374
8.04788 66.8324
8.05361 64.6202
8.05935 66.9709
8.06508 63.5134
8.07082 64.4209
8.07656 66.1876
8.08229 65.1537
8.08803 66.3081
8.09376 65.9895
8.0995 65.4429
8.10524 63.6798
8.11097 62.5152
8.11671 60.8967
8.12245 60.3514
8.12818 60.3557
8.13392 60.0634
8.13965 57.0564
8.14539 56.7165
8.15113 56.0567
8.15686 52.0607
8.1626 55.398
8.16834 55.4062
8.17407 57.5701
8.17981 56.828
8.18554 58.1602
8.19128 57.2853
8.19702 57.7274
8.20275 58.5898
8.20849 58.3339
8.21422 58.5517
8.21996 57.6209
8.2257 57.5861
8.23143 57.7138
8.23717 57.0764
8.24291 57.794
8.24864 57.7059
8.25438 57.7899
8.26011 58.4336
8.26585 55.9304
8.27159 57.3088
8.27732 57.6353
8.28306 56.0655
8.2888 57.0255
8.29453 56.6462
8.30027 56.3661
8.306 56.6578
8.31174 57.4442
8.31748 57.2515
8.32321 57.6043
8.32895 55.9876
8.33468 55.9251
8.34042 56.774
8.34616 56.4317
8.35189 54.8439
8.35763 56.8224
8.36337 55.0175
8.3691 54.5452
8.37484 53.2578
8.38057 55.2881
8.38631 54.3385
8.39205 54.069
8.39778 55.5392
8.40352 55.9651
8.40926 54.3676
8.41499 55.4024
8.42073 55.6619
8.42646 56.2755
8.4322 57.1408
8.43794 60.3065
8.44367 58.4414
8.44941 56.7617
8.45514 56.573
8.46088 56.6138
8.46662 54.5736
8.47235 55.8847
8.47809 53.2793
8.48383 54.2225
8.48956 54.704
8.4953 55.0028
8.50103 56.181
8.50677 53.84
8.51251 54.7257
8.51824 53.943
8.52398 55.9465
8.52972 53.7613
8.53545 55.4986
8.54119 54.0931
8.54692 55.0667
8.55266 54.4082
8.5584 56.3151
8.56413 56.0813
8.56987 53.6413
8.5756 54.2201
8.58134 53.3375
8.58708 54.3266
8.59281 53.1321
8.59855 54.7508
8.60429 53.7747
8.61002 53.5452
8.61576 54.7739
8.62149 55.0611
8.62723 53.0374
8.63297 52.1099
8.6387 52.4214
8.64444 54.9926
8.65018 54.5842
8.65591 54.458
8.66165 58.6189
8.66738 53.089
8.67312 55.3911
8.67886 54.2576
8.68459 52.5955
8.69033 50.6853
8.69606 55.1127
8.7018 52
8.70754 53.744
8.71327 52.1954
8.71901 53.3305
8.72475 51.845
8.73048 52.0161
8.73622 55.5129
8.74195 52.1371
8.74769 54.6907
8.75343 54.3846
8.75916 54.4364
8.7649 52.2844
8.77064 53.25
8.77637 53.5848
8.78211 53.1009
8.78784 54.3712
8.79358 54.0394
8.79932 53.9605
8.80505 51.5211
8.81079 51.8867
8.81652 55.9052
8.82226 52.7409
8.828 55.2639
8.83373 55.6927
8.83947 55.5668
8.84521 54.3317
8.85094 55.1649
8.85668 52.9436
8.86241 54.6308
8.86815 55.2241
8.87389 55.3641
8.87962 54.7919
8.88536 51.2652
8.8911 55.7647
8.89683 51.3519
8.90257 56.224
8.9083 57.1965
8.91404 56.5375
8.91978 57.4629
8.92551 68.8089
8.93125 73.8841
8.93698 140.699
8.94272 109.732
8.94846 85.2788
8.95419 62.4966
8.95993 58.3851
8.96567 58.1925
8.9714 54.6378
8.97714 57.7911
8.98287 58.014
8.98861 54.3407
8.99435 56.8828
9.00008 57.5299
9.00582 60.0197
9.01156 61.7405
9.01729 58.3659
9.02303 59.0286
9.02876 61.6581
9.0345 60.6016
9.04024 59.1628
9.04597 68.0769
9.05171 60.7323
9.05744 59.5455
9.06318 60.7282
9.06892 55.7563
9.07465 58.3021
9.08039 56.5812
9.08613 54.8224
9.09186 59.6146
9.0976 67.25
9.10333 61.7812
9.10907 62.3776
9.11481 53.4062
9.12054 53.8864
9.12628 51.2755
9.13202 50.9756
9.13775 50.0978
9.14349 53.9167
9.14922 56.4024
9.15496 51.061
9.1607 52.8514
9.16643 48.35
9.17217 50
9.1779 52.5132
9.18364 48.2143
9.18938 48.1618
9.19511 51.4853
9.20085 52.1111
9.20659 49.9077
9.21232 52.05
9.21806 46.541
9.22379 48.2545
9.22953 50.5818
9.23527 48.3962
9.241 46.5357
9.24674 49.7959
9.25248 47.7447
9.25821 44.9333
9.26395 43.4318
9.26968 46.093
9.27542 46.5385
9.28116 40.05
9.28689 43.6286
9.29263 39.3636
9.29836 46.9394
9.3041 38.8182
9.30984 36.9643
9.31557 41.3704
9.32131 33.7407
9.32705 29.35
9.33278 34.6087
9.33852 34.8421
9.34425 34.5556
9.34999 28.7059
9.35573 34.5714
9.36146 30.6364
9.3672 17.4545
9.37294 26.625
9.37867 21.4444
9.38441 12
9.39014 7.5
9.39588 0
9.40162 0
9.40735 0
9.41309 0
9.41882 0
9.42456 0
9.4303 0
9.43603 0
9.44177 0
9.44751 0
9.45324 0
9.45898 0
9.46471 0
9.47045 0
9.47619 0
9.48192 0
9.48766 0
9.4934 0
9.49913 0
9.50487 0
9.5106 0
9.51634 0
9.52208 0
9.52781 0
9.53355 0
9.53928 0
9.54502 0
9.55076 0
9.55649 0
9.56223 0
9.56797 0
9.5737 0
9.57944 0
9.58517 0
9.59091 0
9.59665 0
9.60238 0
9.60812 0
9.61386 0
9.61959 0
9.62533 0
9.63106 0
9.6368 0
9.64254 0
9.64827 0
9.65401 0
9.65974 0
9.66548 0
9.67122 0
9.67695 0
9.68269 0
9.68843 0
9.69416 0
9.6999 0
9.70563 0
9.71137 0
9.71711 0
9.72284 0
9.72858 0
9.73432 0
9.74005 0
9.74579 0
9.75152 0
9.75726 0
9.763 0
9.76873 0
9.77447 0
9.7802 0
9.78594 0
9.79168 0
9.79741 0
9.80315 0
9.80889 0
9.81462 0
9.82036 0
9.82609 0
9.83183 0
9.83757 0
9.8433 0
9.84904 0
9.85478 0
9.86051 0
9.86625 0
9.87198 0
9.87772 0
9.88346 0
9.88919 0
9.89493 0
9.90066 0
9.9064 0
9.91214 0
9.91787 0
9.92361 0
9.92935 0
9.93508 0
9.94082 0
9.94655 0
9.95229 0
9.95803 0
9.96376 0
9.9695 0
9.97524 0
9.98097 0
9.98671 0
9.99244 0
9.99818 0
10.0039 0
10.0097 0
10.0154 0
10.0211 0
10.0269 0
10.0326 0
10.0383 0
10.0441 0
10.0498 0
10.0555 0
10.0613 0
10.067 0
10.0728 0
10.0785 0
10.0842 0
10.09 0
10.0957 0
10.1014 0
10.1072 0
10.1129 0
10.1186 0
10.1244 0
10.1301 0
10.1358 0
10.1416 0
10.1473 0
10.1531 0
10.1588 0
10.1645 0
10.1703 0
10.176 0
10.1817 0
10.1875 0
10.1932 0
10.1989 0
10.2047 0
10.2104 0
10.2162 0
10.2219 0
10.2276 0
10.2334 0
10.2391 0
10.2448 0
10.2506 0
10.2563 0
10.262 0
10.2678 0
10.2735 0
10.2793 0
10.285 0
10.2907 0
10.2965 0
10.3022 0
10.3079 0
10.3137 0
10.3194 0
10.3251 0
10.3309 0
10.3366 0
10.3424 0
10.3481 0
10.3538 0
10.3596 0
10.3653 0
10.371 0
10.3768 0
10.3825 0
10.3882 0
10.394 0
10.3997 0
10.4054 0
10.4112 0
10.4169 0
10.4227 0
10.4284 0
10.4341 0
10.4399 0
10.4456 0
10.4513 0
10.4571 0
10.4628 0
10.4685 0
10.4743 0
10.48 0
10.4858 0
10.4915 0
10.4972 0
10.503 0
10.5087 0
10.5144 0
10.5202 0
10.5259 0
10.5316 0
10.5374 0
10.5431 0
10.5489 0
10.5546 0
10.5603 0
10.5661 0
10.5718 0
10.5775 0
10.5833 0
10.589 0
10.5947 0
10.6005 0
10.6062 0
10.612 0
10.6177 0
10.6234 0
10.6292 0
10.6349 0
10.6406 0
10.6464 0
10.6521 0
10.6578 0
10.6636 0
10.6693 0
10.6751 0
10.6808 0
10.6865 0
10.6923 0
10.698 0
10.7037 0
10.7095 0
10.7152 0
10.7209 0
10.7267 0
10.7324 0
10.7381 0
10.7439 0
10.7496 0
10.7554 0
10.7611 0
10.7668 0
10.7726 0
10.7783 0
10.784 0
10.7898 0
10.7955 0
10.8012 0
10.807 0
10.8127 0
10.8185 0
10.8242 0
10.8299 0
10.8357 0
10.8414 0
10.8471 0
10.8529 0
10.8586 0
10.8643 0
10.8701 0
10.8758 0
10.8816 0
10.8873 0
10.893 0
10.8988 0
10.9045 0
10.9102 0
10.916 0
10.9217 0
10.9274 0
10.9332 0
10.9389 0
10.9447 0
10.9504 0
10.9561 0
10.9619 0
10.9676 0
10.9733 0
10.9791 0
10.9848 0
10.9905 0
10.9963 0
11.002 0
11.0077 0
11.0135 0
11.0192 0
11.025 0
11.0307 0
11.0364 0
11.0422 0
11.0479 0
11.0536 0
11.0594 0
11.0651 0
11.0708 0
11.0766 0
11.0823 0
11.0881 0
11.0938 0
11.0995 0
11.1053 0
11.111 0
11.1167 0
11.1225 0
11.1282 0
11.1339 0
11.1397 0
11.1454 0
11.1512 0
11.1569 0
11.1626 0
11.1684 0
11.1741 0
11.1798 0
11.1856 0
11.1913 0
11.197 0
11.2028 0
11.2085 0
11.2143 0
11.22 0
11.2257 0
11.2315 0
11.2372 0
11.2429 0
11.2487 0
11.2544 0
11.2601 0
11.2659 0
11.2716 0
11.2774 0
11.2831 0
11.2888 0
11.2946 0
11.3003 0
11.306 0
11.3118 0
11.3175 0
11.3232 0
11.329 0
11.3347 0
11.3404 0
11.3462 0
11.3519 0
11.3577 0
11.3634 0
11.3691 0
11.3749 0
11.3806 0
11.3863 0
11.3921 0
11.3978 0
11.4035 0
11.4093 0
11.415 0
11.4208 0
11.4265 0
11.4322 0
11.438 0
11.4437 0
11.4494 0
11.4552 0
11.4609 0
11.4666 0
11.4724 0
11.4781 0
11.4839 0
11.4896 0
11.4953 0
11.5011 0
11.5068 0
11.5125 0
11.5183 0
11.524 0
11.5297 0
11.5355 0
11.5412 0
11.547 0
11.5527 0
11.5584 0
11.5642 0
11.5699 0
11.5756 0
11.5814 0
11.5871 0
11.5928 0
11.5986 0
11.6043 0
11.61 0
11.6158 0
11.6215 0
11.6273 0
11.633 0
11.6387 0
11.6445 0
11.6502 0
11.6559 0
11.6617 0
11.6674 0
11.6731 0
11.6789 0
11.6846 0
11.6904 0
11.6961 0
11.7018 0
11.7076 0
11.7133 0
11.719 0
11.7248 0
11.7305 0
11.7362 0
11.742 0
