0 0
0.00573619 -11
0.0114724 -10
0.0172086 3.5
0.0229448 0.666667
0.028681 13
0.0344171 3.5
0.0401533 9.4
0.0458895 12.6
0.0516257 5.66667
0.0573619 2
0.0630981 5.71429
0.0688343 0
0.0745705 -1.83333
0.0803067 -1.11111
0.0860429 5.77778
0.091779 2.75
0.0975152 -2.76923
0.103251 -0.555556
0.108988 1.22222
0.114724 3.2
0.12046 -3.27273
0.126196 -0.733333
0.131932 2.875
0.137669 3.26667
0.143405 0.615385
0.149141 5.38462
0.154877 -6.5
0.160613 -2.66667
0.16635 5.06667
0.172086 1.16667
0.177822 -0.578947
0.183558 6.23529
0.189294 6.57143
0.19503 -2.42857
0.200767 4.7619
0.206503 0.117647
0.212239 3.88889
0.217975 3.85714
0.223711 5.05882
0.229448 3.04167
0.235184 4
0.24092 -2.95455
0.246656 6.16667
0.252392 5.52
0.258129 5.44444
0.263865 3.95238
0.269601 3.41667
0.275337 6.68966
0.281073 3
0.28681 6.04167
0.292546 2.44
0.298282 2.44828
0.304018 -2.22222
0.309754 2.1
0.31549 -0.483871
0.321227 0.333333
0.326963 5.6
0.332699 6.41935
0.338435 1.54545
0.344171 2.25
0.349908 1.8
0.355644 5.97143
0.36138 -0.129032
0.367116 5.02941
0.372852 7.9697
0.378589 4.2973
0.384325 3.65625
0.390061 11.1795
0.395797 2.64103
0.401533 11.2692
0.40727 7.04651
0.413006 11.7297
0.418742 11.1
0.424478 9.82353
0.430214 12.4
0.43595 19.6098
0.441687 17.1562
0.447423 15.7872
0.453159 18.2821
0.458895 14.4419
0.464631 16.5227
0.470368 19.0732
0.476104 14.6809
0.48184 19.9444
0.487576 20.7885
0.493312 21.4146
0.499049 22.25
0.504785 20.9825
0.510521 23.5556
0.516257 24.814
0.521993 25.8409
0.52773 27.9811
0.533466 27.7556
0.539202 28.5
0.544938 30.7647
0.550674 27.8846
0.55641 27.5625
0.562147 25.3529
0.567883 26.5789
0.573619 23.6667
0.579355 25.3333
0.585091 25.4737
0.590828 23.7358
0.596564 22.0833
0.6023 22.4107
0.608036 22.0154
0.613772 23.7143
0.619509 26.9828
0.625245 22.8475
0.630981 26.7818
0.636717 22.3621
0.642453 27.1228
0.64819 24.5238
0.653926 29.3846
0.659662 31.6308
0.665398 29.1094
0.671134 31.9649
0.67687 33.9032
0.682607 36.0317
0.688343 34.8358
0.694079 40.2407
0.699815 40.8551
0.705551 36.5538
0.711288 31.3273
0.717024 34.2027
0.72276 35.8197
0.728496 26.5
0.734232 30
0.739969 35.9275
0.745705 32
0.751441 33.8448
0.757177 32.2338
0.762913 30.5075
0.76865 31.5942
0.774386 35.9706
0.780122 33.7808
0.785858 29.6623
0.791594 32
0.79733 32.8537
0.803067 30.2174
0.808803 32.0714
0.814539 29.3086
0.820275 30.6479
0.826011 32.2078
0.831748 30.8333
0.837484 28.4706
0.84322 34.6143
0.848956 28.9722
0.854692 30.8471
0.860429 34
0.866165 32.3014
0.871901 32.6625
0.877637 31.9277
0.883373 31.6623
0.88911 32.6667
0.894846 33.5765
0.900582 33.6145
0.906318 35.8919
0.912054 33.0667
0.91779 27.4598
0.923527 29.7013
0.929263 33.7326
0.934999 31.8022
0.940735 31.8148
0.946471 35.0833
0.952208 30.7882
0.957944 31.0323
0.96368 32.641
0.969416 28.4421
0.975152 31.7111
0.980889 30.7765
0.986625 34.3372
0.992361 32.4421
0.998097 32.5053
1.00383 30.425
1.00957 31.6869
1.01531 30.299
1.02104 31.5714
1.02678 28.3958
1.03251 32.0659
1.03825 31.54
1.04399 27.6163
1.04972 33.3366
1.05546 34.6139
1.0612 31.7805
1.06693 34.7383
1.07267 33.3407
1.0784 29.7379
1.08414 31.2755
1.08988 33.39
1.09561 31.0857
1.10135 30.2326
1.10708 33.0909
1.11282 33.0737
1.11856 31.9388
1.12429 28.6
1.13003 33.8381
1.13577 36.4
1.1415 30.8039
1.14724 32.3578
1.15297 29.93
1.15871 30.3
1.16445 30.7913
1.17018 27.8762
1.17592 29.7009
1.18166 31.4688
1.18739 28.1008
1.19313 27.7248
1.19886 29.5437
1.2046 28.8609
1.21034 32.757
1.21607 29.3091
1.22181 27.7818
1.22754 31.0085
1.23328 28.486
1.23902 29.0268
1.24475 29.9748
1.25049 28.8807
1.25623 29
1.26196 28.7863
1.2677 28.371
1.27343 27.9369
1.27917 29.0593
1.28491 27.5593
1.29064 30.7168
1.29638 29.069
1.30212 28.547
1.30785 27.8655
1.31359 30.1897
1.31932 30.252
1.32506 29.0756
1.3308 30.8621
1.33653 25.7381
1.34227 32.6555
1.348 30.2598
1.35374 29.9823
1.35948 27.328
1.36521 28.2977
1.37095 28.2
1.37669 29.0144
1.38242 30.7623
1.38816 30.6107
1.39389 28.9661
1.39963 32.2652
1.40537 31.9147
1.4111 28.9821
1.41684 28.5245
1.42258 29.6889
1.42831 29.876
1.43405 29.6385
1.43978 27.8889
1.44552 28.0145
1.45126 29.4407
1.45699 28.1915
1.46273 30.0152
1.46846 29.6032
1.4742 27.4476
1.47994 29.0543
1.48567 30.7594
1.49141 29.9615
1.49715 31.4631
1.50288 28.0073
1.50862 28.5806
1.51435 29.2192
1.52009 29.9645
1.52583 26.4275
1.53156 30.8815
1.5373 28.2177
1.54304 29.461
1.54877 30.1397
1.55451 31.2081
1.56024 29.3212
1.56598 33.1857
1.57172 31.7518
1.57745 30.6486
1.58319 29.1489
1.58892 27.1197
1.59466 29.2533
1.6004 27.8601
1.60613 27.6087
1.61187 30.1678
1.61761 29.3185
1.62334 27.2782
1.62908 28.4903
1.63481 25.6556
1.64055 29.8867
1.64629 27.5068
1.65202 28.3709
1.65776 28.6225
1.6635 28.1168
1.66923 29.1824
1.67497 29.0675
1.6807 30.219
1.68644 30.019
1.69218 28.5123
1.69791 27.0719
1.70365 27.1149
1.70938 27.5256
1.71512 26.6626
1.72086 26.2868
1.72659 28.9075
1.73233 28.071
1.73807 28.2288
1.7438 27.0181
1.74954 30.8302
1.75527 30.0244
1.76101 27.1471
1.76675 29.0884
1.77248 27.9634
1.77822 28.8163
1.78396 28.9821
1.78969 30.293
1.79543 28.6936
1.80116 27.293
1.8069 30.0877
1.81264 29.8144
1.81837 29.7
1.82411 29.3778
1.82984 29.9255
1.83558 27.9818
1.84132 28.9394
1.84705 29.0473
1.85279 28.0058
1.85853 28.0063
1.86426 28.7684
1.87 28.3663
1.87573 27.55
1.88147 28.8249
1.88721 29.5407
1.89294 31.1618
1.89868 30.6176
1.90442 34.7069
1.91015 36.6627
1.91589 55.3452
1.92162 83.3209
1.92736 38.2825
1.9331 34.6607
1.93883 33.8488
1.94457 35.5344
1.9503 35.4294
1.95604 36.1047
1.96178 36.2873
1.96751 36.1676
1.97325 34.9509
1.97899 32.508
1.98472 33
1.99046 31.2343
1.99619 31.1209
2.00193 31.0947
2.00767 29.7853
2.0134 30.4942
2.01914 30.6968
2.02488 32.0524
2.03061 30.3559
2.03635 32.1489
2.04208 31.6919
2.04782 31.6223
2.05356 31.328
2.05929 31.5138
2.06503 30.6
2.07076 31.0511
2.0765 29.5907
2.08224 33
2.08797 31.5723
2.09371 31.7626
2.09945 32.6919
2.10518 31.1256
2.11092 31.5562
2.11665 32.4256
2.12239 30.8889
2.12813 31.3254
2.13386 31.8806
2.1396 31.0854
2.14534 31.3128
2.15107 32.9198
2.15681 30.603
2.16254 30.2426
2.16828 30.6902
2.17402 33.455
2.17975 34.22
2.18549 32.1905
2.19122 32.6832
2.19696 33.6188
2.2027 34.4244
2.20843 41.0562
2.21417 65.7076
2.21991 66.7606
2.22564 48.4973
2.23138 37.2796
2.23711 33.5314
2.24285 35.4856
2.24859 33.599
2.25432 33.21
2.26006 32.699
2.2658 33.2957
2.27153 33.3721
2.27727 34.4502
2.283 33.2488
2.28874 31.6814
2.29448 34.3423
2.30021 33.7536
2.30595 32.298
2.31168 33.9815
2.31742 31.8502
2.32316 32.6394
2.32889 34.1215
2.33463 34.8357
2.34037 31.2911
2.3461 35.2594
2.35184 37.0633
2.35757 36.3824
2.36331 35.1402
2.36905 37.1843
2.37478 37.536
2.38052 36.1567
2.38626 36.5455
2.39199 36.8034
2.39773 39.5604
2.40346 38.1461
2.4092 40.3946
2.41494 37.8462
2.42067 35.5484
2.42641 34.5945
2.43214 34.4329
2.43788 35.5507
2.44362 33.9868
2.44935 35.6567
2.45509 35.4131
2.46083 33.7558
2.46656 34.7205
2.4723 32.563
2.47803 31.8
2.48377 33.3761
2.48951 35.4658
2.49524 33.8778
2.50098 35.5714
2.50672 36.2566
2.51245 33.824
2.51819 34.2778
2.52392 36.5756
2.52966 33.5063
2.5354 37.75
2.54113 34.3083
2.54687 34.5498
2.5526 36.4873
2.55834 33.1982
2.56408 35.1489
2.56981 34.8223
2.57555 35.0407
2.58129 35.7619
2.58702 36.9874
2.59276 36.679
2.59849 36.3263
2.60423 35.5381
2.60997 36.0747
2.6157 36.0872
2.62144 37.5391
2.62718 36.5532
2.63291 34.4603
2.63865 35.6609
2.64438 37.0206
2.65012 36.06
2.65586 36.2812
2.66159 36.5573
2.66733 37.5984
2.67306 35.1532
2.6788 36.4023
2.68454 39.437
2.69027 36.7992
2.69601 38.2174
2.70175 37.5898
2.70748 38.5391
2.71322 39.6962
2.71895 39.4023
2.72469 37.0947
2.73043 40.2598
2.73616 38.4833
2.7419 39.0078
2.74764 38.747
2.75337 38.8874
2.75911 39.6502
2.76484 37.119
2.77058 38.4444
2.77632 38.2741
2.78205 38.0714
2.78779 37.6216
2.79352 37.6311
2.79926 39.2594
2.805 39.2811
2.81073 38.3306
2.81647 37.9815
2.82221 40.3992
2.82794 38.4802
2.83368 41.5333
2.83941 40.8448
2.84515 38.984
2.85089 38.0853
2.85662 39.809
2.86236 39.771
2.8681 40.5854
2.87383 40.6
2.87957 39.687
2.8853 40.506
2.89104 40.9468
2.89678 41.3811
2.90251 40.8353
2.90825 40.9331
2.91398 39.9489
2.91972 42.6209
2.92546 39.8108
2.93119 40.8113
2.93693 42.7978
2.94267 41.2595
2.9484 42.9358
2.95414 42.3541
2.95987 42.2734
2.96561 43.3038
2.97135 45.331
2.97708 48.9929
2.98282 56.0478
2.98856 96.2821
2.99429 118.939
3.00003 62.4015
3.00576 52.5856
3.0115 49.7169
3.01724 47.4221
3.02297 45.6679
3.02871 46.2338
3.03444 45.1756
3.04018 45.4676
3.04592 43.5809
3.05165 45.9283
3.05739 44.1519
3.06313 48.7121
3.06886 46.8378
3.0746 47.8386
3.08033 45.5833
3.08607 46.8298
3.09181 49.0254
3.09754 50.1592
3.10328 53.4286
3.10902 55.5342
3.11475 55.1661
3.12049 51.8095
3.12622 52.0427
3.13196 59.4093
3.1377 61.1
3.14343 69.4464
3.14917 61.4394
3.1549 53.9326
3.16064 51.489
3.16638 51.9076
3.17211 51.7257
3.17785 50.2799
3.18359 52.0753
3.18932 52.3767
3.19506 52.5455
3.20079 52.8513
3.20653 54.0065
3.21227 53.8055
3.218 52.1979
3.22374 53.3125
3.22948 54.5318
3.23521 54.718
3.24095 55.71
3.24668 57.0444
3.25242 57.4
3.25816 56.169
3.26389 56.0194
3.26963 58.5856
3.27536 56.4356
3.2811 57.7537
3.28684 59.0406
3.29257 59.2951
3.29831 60.7071
3.30405 60.7532
3.30978 62.8131
3.31552 63.5362
3.32125 65.5898
3.32699 67.0166
3.33273 68.0321
3.33846 66.8966
3.3442 68.9373
3.34994 69.8681
3.35567 69.4485
3.36141 70.6309
3.36714 70.6731
3.37288 71.2704
3.37862 79.4505
3.38435 74.0585
3.39009 85.8249
3.39582 73.915
3.40156 70.1667
3.4073 70.6508
3.41303 70.1155
3.41877 70.6601
3.42451 72.13
3.43024 72.5191
3.43598 72.2244
3.44171 71.1129
3.44745 70.9805
3.45319 69.7868
3.45892 72.6645
3.46466 72.985
3.4704 72.1163
3.47613 74.8709
3.48187 73.6114
3.4876 75.7683
3.49334 75.581
3.49908 75.5541
3.50481 75.5284
3.51055 78.9344
3.51628 80.1452
3.52202 84.3692
3.52776 90.0342
3.53349 89.6289
3.53923 96.2654
3.54497 105.793
3.5507 113.058
3.55644 111.212
3.56217 104.039
3.56791 96.0566
3.57365 90.7764
3.57938 88.6579
3.58512 89.5754
3.59086 88.4108
3.59659 89.1543
3.60233 90.0117
3.60806 90.3939
3.6138 92.7841
3.61954 97.5851
3.62527 99.3554
3.63101 99.5701
3.63674 104.541
3.64248 113.601
3.64822 120.186
3.65395 127.398
3.65969 128.547
3.66543 124.378
3.67116 120.273
3.6769 120.872
3.68263 127.943
3.68837 127.895
3.69411 125.123
3.69984 119.949
3.70558 120.167
3.71132 120.5
3.71705 121.351
3.72279 123.163
3.72852 122.14
3.73426 123.719
3.74 127.413
3.74573 129.146
3.75147 131.286
3.7572 135.367
3.76294 137.6
3.76868 140.589
3.77441 145.724
3.78015 147.242
3.78589 151.958
3.79162 156.778
3.79736 164.256
3.80309 168.321
3.80883 176.43
3.81457 188.496
3.8203 199.307
3.82604 214.436
3.83178 243.607
3.83751 307.326
3.84325 468.408
3.84898 835.751
3.85472 1106.56
3.86046 775.349
3.86619 592.1
3.87193 630.39
3.87766 739.069
3.8834 883.788
3.88914 1071.35
3.89487 1289.8
3.90061 1371.83
3.90635 1288.39
3.91208 1106.48
3.91782 873.562
3.92355 685.956
3.92929 562.52
3.93503 458.36
3.94076 389.953
3.9465 341.043
3.95224 304.153
3.95797 272.849
3.96371 241.861
3.96944 227.573
3.97518 215.736
3.98092 201.006
3.98665 191.837
3.99239 184.984
3.99812 179.848
4.00386 172.871
4.0096 171.022
4.01533 167.3
4.02107 162.697
4.02681 160.571
4.03254 160.599
4.03828 160
4.04401 157.394
4.04975 155.343
4.05549 149.556
4.06122 146.908
4.06696 147.56
4.0727 146.694
4.07843 143.662
4.08417 142.767
4.0899 140.126
4.09564 141.372
4.10138 139.493
4.10711 139.761
4.11285 140.38
4.11858 139.186
4.12432 137.303
4.13006 139.851
4.13579 136.756
4.14153 134.976
4.14727 137.649
4.153 137.979
4.15874 135.173
4.16447 137.357
4.17021 136.161
4.17595 135.945
4.18168 137.859
4.18742 141.279
4.19316 137.442
4.19889 136.583
4.20463 136.7
4.21036 138.964
4.2161 140.785
4.22184 138.426
4.22757 141.403
4.23331 139.361
4.23904 139.858
4.24478 139.102
4.25052 139.137
4.25625 141.485
4.26199 140.358
4.26773 145.235
4.27346 142.705
4.2792 148.625
4.28493 147.59
4.29067 148.242
4.29641 150.721
4.30214 150.326
4.30788 155.864
4.31362 155.701
4.31935 159.029
4.32509 161.628
4.33082 163.638
4.33656 167.459
4.3423 169.089
4.34803 176.283
4.35377 180.977
4.3595 185.416
4.36524 191.587
4.37098 197.316
4.37671 207.442
4.38245 213.973
4.38819 222.372
4.39392 237.32
4.39966 243.993
4.40539 264.57
4.41113 283.144
4.41687 311.282
4.4226 371.06
4.42834 469.213
4.43408 757.543
4.43981 1629.28
4.44555 4449.55
4.45128 13897.6
4.45702 21891.5
4.46276 9558.97
4.46849 2549.01
4.47423 1272.37
4.47996 719.258
4.4857 590.587
4.49144 547.23
4.49717 519.845
4.50291 526.262
4.50865 512.523
4.51438 489.077
4.52012 451.954
4.52585 410.838
4.53159 368.464
4.53733 327.501
4.54306 294.103
4.5488 267.974
4.55454 244.505
4.56027 224.866
4.56601 207.338
4.57174 195.624
4.57748 184.93
4.58322 173.828
4.58895 161.437
4.59469 156.429
4.60042 148.677
4.60616 145.199
4.6119 139.197
4.61763 137.029
4.62337 136.963
4.62911 134.5
4.63484 131.64
4.64058 125.583
4.64631 124.374
4.65205 121.586
4.65779 118.86
4.66352 115.564
4.66926 114.807
4.675 114.7
4.68073 114.386
4.68647 109.524
4.6922 107.605
4.69794 108.624
4.70368 109.053
4.70941 107.698
4.71515 107.055
4.72088 107.436
4.72662 106.388
4.73236 106.263
4.73809 107.222
4.74383 105.567
4.74957 105.137
4.7553 104.861
4.76104 103.077
4.76677 101.556
4.77251 101.209
4.77825 98.7512
4.78398 97.0822
4.78972 95.122
4.79546 95.58
4.80119 95.3258
4.80693 92.1267
4.81266 93.7195
4.8184 92.0506
4.82414 92.0223
4.82987 90.4581
4.83561 89.8975
4.84134 93.3761
4.84708 96.2635
4.85282 100.056
4.85855 96.2996
4.86429 90.0046
4.87003 87.1732
4.87576 89.4556
4.8815 86.8294
4.88723 86.7914
4.89297 86.5
4.89871 86.7214
4.90444 87.491
4.91018 86.6316
4.91592 85.531
4.92165 85.2835
4.92739 84.3333
4.93312 85.6913
4.93886 84.488
4.9446 83.8241
4.95033 83.951
4.95607 83.4659
4.9618 83.279
4.96754 85.1468
4.97328 85.7318
4.97901 92.8526
4.98475 89.7453
4.99049 85.4607
4.99622 84.2357
5.00196 82.9089
5.00769 80.98
5.01343 81.6711
5.01917 82.3568
5.0249 82.6446
5.03064 80.2397
5.03638 80.5476
5.04211 80.9891
5.04785 81.2721
5.05358 82.1752
5.05932 81.9784
5.06506 80.644
5.07079 80.8584
5.07653 82.4459
5.08226 82.3289
5.088 79.5326
5.09374 79.2616
5.09947 80.6761
5.10521 79.6776
5.11095 80.7564
5.11668 79.6618
5.12242 80.1535
5.12815 80.1868
5.13389 81.0374
5.13963 78.6853
5.14536 80.603
5.1511 82.1581
5.15684 81.3648
5.16257 82.2239
5.16831 83.0021
5.17404 81.4485
5.17978 82.7332
5.18552 81.1869
5.19125 81.1097
5.19699 80.6695
5.20272 79.8884
5.20846 80.3845
5.2142 78.3367
5.21993 80.5598
5.22567 81.1114
5.23141 80.41
5.23714 82.2675
5.24288 78.7889
5.24861 81.4936
5.25435 79.4753
5.26009 80.2469
5.26582 80.2836
5.27156 81.9018
5.2773 79.8479
5.28303 80.916
5.28877 81.1405
5.2945 79.2286
5.30024 81.6237
5.30598 82.6299
5.31171 81.7936
5.31745 81.5871
5.32318 80.7257
5.32892 80.6429
5.33466 83.3476
5.34039 82.4113
5.34613 81.1237
5.35187 80.8207
5.3576 81.6481
5.36334 80.3827
5.36907 81.5687
5.37481 82.1556
5.38055 82.578
5.38628 84.5189
5.39202 86.0514
5.39776 89.8851
5.40349 88.2129
5.40923 87.8169
5.41496 85.5984
5.4207 83.6653
5.42644 82.6556
5.43217 83.9026
5.43791 83.5827
5.44364 84.2225
5.44938 85.1096
5.45512 85.6807
5.46085 86.0952
5.46659 82.9157
5.47233 84.3226
5.47806 82.7505
5.4838 83.4808
5.48953 84.752
5.49527 83.2122
5.50101 82.9602
5.50674 83.6888
5.51248 83.3439
5.51822 84.8617
5.52395 83.1916
5.52969 84.1782
5.53542 83.5614
5.54116 84.92
5.5469 84.3776
5.55263 84.4275
5.55837 85.3679
5.5641 85.2738
5.56984 84.4722
5.57558 85.4043
5.58131 85.5842
5.58705 85.8779
5.59279 85.5745
5.59852 85.8665
5.60426 85.3247
5.60999 84.8983
5.61573 85.8922
5.62147 86.6278
5.6272 87.0113
5.63294 87.7346
5.63868 87.4517
5.64441 89.0169
5.65015 88.1755
5.65588 88.8816
5.66162 89.9765
5.66736 89.2374
5.67309 89.0569
5.67883 88.513
5.68456 90.82
5.6903 87.9667
5.69604 91.3953
5.70177 89.0865
5.70751 91.2147
5.71325 92.2582
5.71898 92.948
5.72472 92.5507
5.73045 93.6379
5.73619 92.7767
5.74193 95.1426
5.74766 93.5808
5.7534 96.3812
5.75914 96.1755
5.76487 95.1667
5.77061 95.5916
5.77634 96.3981
5.78208 94.9301
5.78782 97.2597
5.79355 99.9368
5.79929 99.2144
5.80502 98.182
5.81076 97.639
5.8165 98.2385
5.82223 98.7039
5.82797 99.8732
5.83371 97.865
5.83944 100.822
5.84518 100.965
5.85091 101.707
5.85665 101.793
5.86239 102.527
5.86812 102.885
5.87386 103.556
5.8796 104.9
5.88533 104.622
5.89107 105.664
5.8968 104.585
5.90254 106.387
5.90828 106.508
5.91401 107.597
5.91975 107.954
5.92548 109.464
5.93122 109.878
5.93696 108.91
5.94269 111.458
5.94843 111.739
5.95417 114.438
5.9599 117.395
5.96564 116.488
5.97137 117.365
5.97711 116.032
5.98285 117.647
5.98858 118.301
5.99432 120.043
6.00006 120.605
6.00579 123.755
6.01153 126.421
6.01726 128.072
6.023 129.059
6.02874 129.11
6.03447 126.775
6.04021 128.74
6.04594 130.756
6.05168 132.147
6.05742 132.731
6.06315 132.759
6.06889 134.849
6.07463 136.098
6.08036 137.38
6.0861 138.042
6.09183 141.644
6.09757 142.21
6.10331 143.079
6.10904 146.676
6.11478 150.345
6.12052 149.562
6.12625 151.461
6.13199 156.979
6.13772 159.353
6.14346 158.345
6.1492 164.159
6.15493 165.71
6.16067 166.632
6.1664 172.582
6.17214 176.04
6.17788 181.195
6.18361 182.172
6.18935 189.352
6.19509 195.719
6.20082 202.302
6.20656 211.805
6.21229 218.995
6.21803 232.109
6.22377 236.113
6.2295 246.584
6.23524 261.194
6.24098 265.959
6.24671 272.064
6.25245 299.792
6.25818 314.297
6.26392 341.313
6.26966 396.108
6.27539 518.664
6.28113 645.88
6.28686 1465.34
6.2926 4463.6
6.29834 9141.45
6.30407 11487.9
6.30981 16587.7
6.31555 5717.67
6.32128 2917.68
6.32702 1052.29
6.33275 648.576
6.33849 552.409
6.34423 462.084
6.34996 452.048
6.3557 448.27
6.36144 438.373
6.36717 455.019
6.37291 481.859
6.37864 491.046
6.38438 490.096
6.39012 469.477
6.39585 442.581
6.40159 396.748
6.40732 365.13
6.41306 333.358
6.4188 305.74
6.42453 282.882
6.43027 268.607
6.43601 256.335
6.44174 243.17
6.44748 235.418
6.45321 227.44
6.45895 223.583
6.46469 215.642
6.47042 211.326
6.47616 206.316
6.4819 198.346
6.48763 193.846
6.49337 189.513
6.4991 187.021
6.50484 182.013
6.51058 181.972
6.51631 179.187
6.52205 173.513
6.52778 173.148
6.53352 172.941
6.53926 170.892
6.54499 170.098
6.55073 170.142
6.55647 170.028
6.5622 169.454
6.56794 167.225
6.57367 169.955
6.57941 167.471
6.58515 165.968
6.59088 164.259
6.59662 161.83
6.60236 160.583
6.60809 158.363
6.61383 157.305
6.61956 157.264
6.6253 154.76
6.63104 154.907
6.63677 155.668
6.64251 154.562
6.64824 154.537
6.65398 152.978
6.65972 154.203
6.66545 152.886
6.67119 153.337
6.67693 153.692
6.68266 153.303
6.6884 153.997
6.69413 153.482
6.69987 151.088
6.70561 149.084
6.71134 151.031
6.71708 150.219
6.72282 149.909
6.72855 148.45
6.73429 149.098
6.74002 148.205
6.74576 148.146
6.7515 148.847
6.75723 147.665
6.76297 146.803
6.7687 147.102
6.77444 148.989
6.78018 146.616
6.78591 147.802
6.79165 148.902
6.79739 151.353
6.80312 163.553
6.80886 182.331
6.81459 174.733
6.82033 187.392
6.82607 159.495
6.8318 152.89
6.83754 146.241
6.84328 145.371
6.84901 144.571
6.85475 145.268
6.86048 146.871
6.86622 146.863
6.87196 145.754
6.87769 145.839
6.88343 145.102
6.88916 145.72
6.8949 144.697
6.90064 146.533
6.90637 144.657
6.91211 145.22
6.91785 145.528
6.92358 145.345
6.92932 145.867
6.93505 146.106
6.94079 146.367
6.94653 145.98
6.95226 145.963
6.958 145.534
6.96374 145.482
6.96947 145.423
6.97521 146.474
6.98094 146.086
6.98668 146.105
6.99242 146.25
6.99815 146.408
7.00389 146.773
7.00962 146.277
7.01536 147.357
7.0211 147.1
7.02683 147.55
7.03257 147.158
7.03831 146.83
7.04404 147.431
7.04978 148.281
7.05551 148.911
7.06125 148.725
7.06699 150.196
7.07272 148.329
7.07846 150.041
7.0842 149.419
7.08993 150.409
7.09567 152.267
7.1014 150.453
7.10714 152.205
7.11288 152.639
7.11861 151.937
7.12435 154.336
7.13008 154.478
7.13582 153.932
7.14156 152.946
7.14729 153.444
7.15303 155.463
7.15877 156.629
7.1645 156.232
7.17024 156.345
7.17597 156.805
7.18171 156.698
7.18745 158.166
7.19318 159.061
7.19892 160.545
7.20466 161.918
7.21039 162.108
7.21613 161.489
7.22186 162.979
7.2276 165.263
7.23334 164.762
7.23907 163.638
7.24481 165.967
7.25054 165.477
7.25628 166.192
7.26202 166.642
7.26775 171.158
7.27349 173.171
7.27923 169.459
7.28496 173.868
7.2907 173.999
7.29643 173.096
7.30217 174.866
7.30791 176.64
7.31364 181.089
7.31938 179.084
7.32512 183.212
7.33085 183.557
7.33659 186.658
7.34232 186.185
7.34806 189.769
7.3538 193.495
7.35953 195.423
7.36527 202.25
7.371 217.397
7.37674 268.521
7.38248 284.056
7.38821 569.294
7.39395 815.538
7.39969 1246.98
7.40542 1966.32
7.41116 870.982
7.41689 457.013
7.42263 308.846
7.42837 274.027
7.4341 263.824
7.43984 262.485
7.44558 270.303
7.45131 278.809
7.45705 293.984
7.46278 311.409
7.46852 338.088
7.47426 365.687
7.47999 390.614
7.48573 403.122
7.49146 399.452
7.4972 379.547
7.50294 353.179
7.50867 324.95
7.51441 297.166
7.52015 272.803
7.52588 252.481
7.53162 236.378
7.53735 222.394
7.54309 211.677
7.54883 202.678
7.55456 194.46
7.5603 193.437
7.56604 186.639
7.57177 179.839
7.57751 176.939
7.58324 172.123
7.58898 169.038
7.59472 164.404
7.60045 163.112
7.60619 161.128
7.61192 158.666
7.61766 155.666
7.6234 154.954
7.62913 154.054
7.63487 154.282
7.64061 152.466
7.64634 151.25
7.65208 150.962
7.65781 151.056
7.66355 149.973
7.66929 150.234
7.67502 149.253
7.68076 150.023
7.6865 150.296
7.69223 151.981
7.69797 152.332
7.7037 153.256
7.70944 162.31
7.71518 193.215
7.72091 218.444
7.72665 414.734
7.73238 716.516
7.73812 252.272
7.74386 242.245
7.74959 175.33
7.75533 164.596
7.76107 161.283
7.7668 160.78
7.77254 165.394
7.77827 167.055
7.78401 170.859
7.78975 177.36
7.79548 185.586
7.80122 193.859
7.80696 202.049
7.81269 209.311
7.81843 211.395
7.82416 208.207
7.8299 203.046
7.83564 192.125
7.84137 183.487
7.84711 171.301
7.85284 162.982
7.85858 154.79
7.86432 149.89
7.87005 146.682
7.87579 142.461
7.88153 139.754
7.88726 137.222
7.893 134.804
7.89873 133.397
7.90447 133.009
7.91021 135.399
7.91594 135.178
7.92168 139.148
7.92742 132.227
7.93315 126.887
7.93889 124.589
7.94462 124.334
7.95036 122.378
7.9561 122.334
7.96183 120.948
7.96757 120.887
7.9733 121.395
7.97904 120.398
7.98478 119.068
7.99051 119.653
7.99625 120.933
8.00199 119.931
8.00772 118.458
8.01346 118.819
8.01919 117.786
8.02493 116.293
8.03067 116.63
8.0364 115.403
8.04214 115.946
8.04788 116.426
8.05361 116.903
8.05935 116.291
8.06508 114.283
8.07082 114.901
8.07656 114.094
8.08229 113.598
8.08803 113.374
8.09376 114.047
8.0995 112.561
8.10524 110
8.11097 108.646
8.11671 106.431
8.12245 105.164
8.12818 105.656
8.13392 102.11
8.13965 101.528
8.14539 100.087
8.15113 100.154
8.15686 92.2662
8.1626 96.7461
8.16834 99.4513
8.17407 100.333
8.17981 101.174
8.18554 101.015
8.19128 101.167
8.19702 100.414
8.20275 100.247
8.20849 99.8143
8.21422 100.56
8.21996 98.5757
8.2257 100.235
8.23143 98.7976
8.23717 98.746
8.24291 100.776
8.24864 101.381
8.25438 103.442
8.26011 101.29
8.26585 100.377
8.27159 100.314
8.27732 100.461
8.28306 99.3276
8.2888 98.1041
8.29453 99.2883
8.30027 98.5145
8.306 99.1373
8.31174 99.1053
8.31748 100.306
8.32321 99.5011
8.32895 98.2718
8.33468 97
8.34042 98.629
8.34616 97.7874
8.35189 97.7964
8.35763 98.0614
8.36337 96.5339
8.3691 97.1485
8.37484 98.1906
8.38057 96.8333
8.38631 96.5111
8.39205 96.4619
8.39778 97.674
8.40352 96.8442
8.40926 97.2917
8.41499 97.4561
8.42073 98.0262
8.42646 98.1913
8.4322 100.269
8.43794 99.3325
8.44367 100.84
8.44941 97.4275
8.45514 97.2649
8.46088 98.0665
8.46662 95.0517
8.47235 96.0858
8.47809 96.5479
8.48383 96.4845
8.48956 94.6453
8.4953 97.7562
8.50103 94.0546
8.50677 93.432
8.51251 95.2832
8.51824 92.4957
8.52398 95.3211
8.52972 93.7553
8.53545 94.5681
8.54119 97.3393
8.54692 93.2151
8.55266 96.3557
8.5584 95.6849
8.56413 96.6446
8.56987 94.0061
8.5756 96.6602
8.58134 92.9133
8.58708 92.7879
8.59281 92.5786
8.59855 94.9105
8.60429 95.4573
8.61002 93.5548
8.61576 91.9823
8.62149 93.3666
8.62723 95.1463
8.63297 91.6996
8.6387 92.4482
8.64444 93.4576
8.65018 91.6701
8.65591 94.6958
8.66165 91.8868
8.66738 92.3061
8.67312 93.6974
8.67886 94.0833
8.68459 93.7154
8.69033 90.0438
8.69606 92.6655
8.7018 91.8516
8.70754 93.336
8.71327 93.0766
8.71901 92.0086
8.72475 94.4922
8.73048 92.9718
8.73622 91.7198
8.74195 96.5121
8.74769 92.6992
8.75343 94.1197
8.75916 92.4661
8.7649 92.7523
8.77064 94.0932
8.77637 92.7321
8.78211 93.0413
8.78784 93.083
8.79358 89.7586
8.79932 96.8991
8.80505 94.3099
8.81079 91.9902
8.81652 93.4882
8.82226 89.6114
8.828 94.8519
8.83373 98.1219
8.83947 94.5829
8.84521 92.2146
8.85094 92.8617
8.85668 93.3026
8.86241 92.1436
8.86815 92.5575
8.87389 94.359
8.87962 93.3642
8.88536 90.7845
8.8911 94.9679
8.89683 93.5494
8.90257 97.1148
8.9083 92.4971
8.91404 94.4688
8.91978 95.4971
8.92551 101.229
8.93125 109.549
8.93698 109.755
8.94272 101.188
8.94846 100.745
8.95419 96.8188
8.95993 99.1757
8.96567 96.4161
8.9714 97.6457
8.97714 98.9747
8.98287 98.4196
8.98861 96.0741
8.99435 98.531
9.00008 98.8803
9.00582 100.283
9.01156 104.649
9.01729 101.309
9.02303 99.75
9.02876 104.504
9.0345 100.569
9.04024 104.039
9.04597 107.385
9.05171 103.449
9.05744 102.876
9.06318 108.466
9.06892 101.714
9.07465 106.042
9.08039 96.0256
9.08613 92.7196
9.09186 97.3229
9.0976 93.2692
9.10333 91.8958
9.10907 96.6735
9.11481 90.8125
9.12054 96.8182
9.12628 92.7245
9.13202 91.6829
9.13775 93.6304
9.14349 92.1548
9.14922 94.6951
9.15496 90.0366
9.1607 91.7162
9.16643 86.9
9.17217 91.5616
9.1779 90.6579
9.18364 81.3714
9.18938 85.0441
9.19511 80.1029
9.20085 90.7936
9.20659 85.2615
9.21232 92.5
9.21806 84.9344
9.22379 84.6
9.22953 84.0727
9.23527 89.0566
9.241 81.7679
9.24674 85.8163
9.25248 79.1277
9.25821 72.0667
9.26395 79.9318
9.26968 78.1163
9.27542 80.8462
9.28116 75
9.28689 77.4857
9.29263 65.4848
9.29836 68.8485
9.3041 63.697
9.30984 67.2857
9.31557 64.4074
9.32131 67.037
9.32705 54.55
9.33278 63.0435
9.33852 52.3158
9.34425 57.3333
9.34999 55.0588
9.35573 49.7857
9.36146 60.7273
9.3672 36.1818
9.37294 34.5
9.37867 30
9.38441 15.3333
9.39014 13.25
9.39588 0
9.40162 0
9.40735 0
9.41309 0
9.41882 0
9.42456 0
9.4303 0
9.43603 0
9.44177 0
9.44751 0
9.45324 0
9.45898 0
9.46471 0
9.47045 0
9.47619 0
9.48192 0
9.48766 0
9.4934 0
9.49913 0
9.50487 0
9.5106 0
9.51634 0
9.52208 0
9.52781 0
9.53355 0
9.53928 0
9.54502 0
9.55076 0
9.55649 0
9.56223 0
9.56797 0
9.5737 0
9.57944 0
9.58517 0
9.59091 0
9.59665 0
9.60238 0
9.60812 0
9.61386 0
9.61959 0
9.62533 0
9.63106 0
9.6368 0
9.64254 0
9.64827 0
9.65401 0
9.65974 0
9.66548 0
9.67122 0
9.67695 0
9.68269 0
9.68843 0
9.69416 0
9.6999 0
9.70563 0
9.71137 0
9.71711 0
9.72284 0
9.72858 0
9.73432 0
9.74005 0
9.74579 0
9.75152 0
9.75726 0
9.763 0
9.76873 0
9.77447 0
9.7802 0
9.78594 0
9.79168 0
9.79741 0
9.80315 0
9.80889 0
9.81462 0
9.82036 0
9.82609 0
9.83183 0
9.83757 0
9.8433 0
9.84904 0
9.85478 0
9.86051 0
9.86625 0
9.87198 0
9.87772 0
9.88346 0
9.88919 0
9.89493 0
9.90066 0
9.9064 0
9.91214 0
9.91787 0
9.92361 0
9.92935 0
9.93508 0
9.94082 0
9.94655 0
9.95229 0
9.95803 0
9.96376 0
9.9695 0
9.97524 0
9.98097 0
9.98671 0
9.99244 0
9.99818 0
10.0039 0
10.0097 0
10.0154 0
10.0211 0
10.0269 0
10.0326 0
10.0383 0
10.0441 0
10.0498 0
10.0555 0
10.0613 0
10.067 0
10.0728 0
10.0785 0
10.0842 0
10.09 0
10.0957 0
10.1014 0
10.1072 0
10.1129 0
10.1186 0
10.1244 0
10.1301 0
10.1358 0
10.1416 0
10.1473 0
10.1531 0
10.1588 0
10.1645 0
10.1703 0
10.176 0
10.1817 0
10.1875 0
10.1932 0
10.1989 0
10.2047 0
10.2104 0
10.2162 0
10.2219 0
10.2276 0
10.2334 0
10.2391 0
10.2448 0
10.2506 0
10.2563 0
10.262 0
10.2678 0
10.2735 0
10.2793 0
10.285 0
10.2907 0
10.2965 0
10.3022 0
10.3079 0
10.3137 0
10.3194 0
10.3251 0
10.3309 0
10.3366 0
10.3424 0
10.3481 0
10.3538 0
10.3596 0
10.3653 0
10.371 0
10.3768 0
10.3825 0
10.3882 0
10.394 0
10.3997 0
10.4054 0
10.4112 0
10.4169 0
10.4227 0
10.4284 0
10.4341 0
10.4399 0
10.4456 0
10.4513 0
10.4571 0
10.4628 0
10.4685 0
10.4743 0
10.48 0
10.4858 0
10.4915 0
10.4972 0
10.503 0
10.5087 0
10.5144 0
10.5202 0
10.5259 0
10.5316 0
10.5374 0
10.5431 0
10.5489 0
10.5546 0
10.5603 0
10.5661 0
10.5718 0
10.5775 0
10.5833 0
10.589 0
10.5947 0
10.6005 0
10.6062 0
10.612 0
10.6177 0
10.6234 0
10.6292 0
10.6349 0
10.6406 0
10.6464 0
10.6521 0
10.6578 0
10.6636 0
10.6693 0
10.6751 0
10.6808 0
10.6865 0
10.6923 0
10.698 0
10.7037 0
10.7095 0
10.7152 0
10.7209 0
10.7267 0
10.7324 0
10.7381 0
10.7439 0
10.7496 0
10.7554 0
10.7611 0
10.7668 0
10.7726 0
10.7783 0
10.784 0
10.7898 0
10.7955 0
10.8012 0
10.807 0
10.8127 0
10.8185 0
10.8242 0
10.8299 0
10.8357 0
10.8414 0
10.8471 0
10.8529 0
10.8586 0
10.8643 0
10.8701 0
10.8758 0
10.8816 0
10.8873 0
10.893 0
10.8988 0
10.9045 0
10.9102 0
10.916 0
10.9217 0
10.9274 0
10.9332 0
10.9389 0
10.9447 0
10.9504 0
10.9561 0
10.9619 0
10.9676 0
10.9733 0
10.9791 0
10.9848 0
10.9905 0
10.9963 0
11.002 0
11.0077 0
11.0135 0
11.0192 0
11.025 0
11.0307 0
11.0364 0
11.0422 0
11.0479 0
11.0536 0
11.0594 0
11.0651 0
11.0708 0
11.0766 0
11.0823 0
11.0881 0
11.0938 0
11.0995 0
11.1053 0
11.111 0
11.1167 0
11.1225 0
11.1282 0
11.1339 0
11.1397 0
11.1454 0
11.1512 0
11.1569 0
11.1626 0
11.1684 0
11.1741 0
11.1798 0
11.1856 0
11.1913 0
11.197 0
11.2028 0
11.2085 0
11.2143 0
11.22 0
11.2257 0
11.2315 0
11.2372 0
11.2429 0
11.2487 0
11.2544 0
11.2601 0
11.2659 0
11.2716 0
11.2774 0
11.2831 0
11.2888 0
11.2946 0
11.3003 0
11.306 0
11.3118 0
11.3175 0
11.3232 0
11.329 0
11.3347 0
11.3404 0
11.3462 0
11.3519 0
11.3577 0
11.3634 0
11.3691 0
11.3749 0
11.3806 0
11.3863 0
11.3921 0
11.3978 0
11.4035 0
11.4093 0
11.415 0
11.4208 0
11.4265 0
11.4322 0
11.438 0
11.4437 0
11.4494 0
11.4552 0
11.4609 0
11.4666 0
11.4724 0
11.4781 0
11.4839 0
11.4896 0
11.4953 0
11.5011 0
11.5068 0
11.5125 0
11.5183 0
11.524 0
11.5297 0
11.5355 0
11.5412 0
11.547 0
11.5527 0
11.5584 0
11.5642 0
11.5699 0
11.5756 0
11.5814 0
11.5871 0
11.5928 0
11.5986 0
11.6043 0
11.61 0
11.6158 0
11.6215 0
11.6273 0
11.633 0
11.6387 0
11.6445 0
11.6502 0
11.6559 0
11.6617 0
11.6674 0
11.6731 0
11.6789 0
11.6846 0
11.6904 0
11.6961 0
11.7018 0
11.7076 0
11.7133 0
11.719 0
11.7248 0
11.7305 0
11.7362 0
11.742 0
