0 0
0.00573619 -15
0.0114724 9
0.0172086 1
0.0229448 11
0.028681 13.6667
0.0344171 -5.5
0.0401533 8
0.0458895 10.4
0.0516257 3.66667
0.0573619 6.5
0.0630981 -12
0.0688343 1.42857
0.0745705 6
0.0803067 6.55556
0.0860429 3.77778
0.091779 -6.75
0.0975152 -3.30769
0.103251 7.11111
0.108988 -6.66667
0.114724 -0.8
0.12046 4.18182
0.126196 -3.4
0.131932 -4.5
0.137669 -7.8
0.143405 1.46154
0.149141 -4.30769
0.154877 -3.125
0.160613 -4.13333
0.16635 5.73333
0.172086 2
0.177822 6.84211
0.183558 1.47059
0.189294 3.85714
0.19503 2.7619
0.200767 5.71429
0.206503 9.29412
0.212239 4.77778
0.217975 -0.0952381
0.223711 1.47059
0.229448 -2.04167
0.235184 3.6087
0.24092 8.45455
0.246656 -0.833333
0.252392 2.96
0.258129 5.55556
0.263865 -0.761905
0.269601 -0.208333
0.275337 -0.103448
0.281073 -1.4
0.28681 -1.79167
0.292546 0.28
0.298282 0.344828
0.304018 8.2963
0.309754 2.83333
0.31549 -0.258065
0.321227 5.33333
0.326963 -4.16667
0.332699 -0.741935
0.338435 4.75758
0.344171 1.20833
0.349908 1.42857
0.355644 0.714286
0.36138 -2.64516
0.367116 2.29412
0.372852 0.545455
0.378589 6.7027
0.384325 5.09375
0.390061 2.10256
0.395797 6.10256
0.401533 4
0.40727 10.2326
0.413006 11.4324
0.418742 8
0.424478 10
0.430214 11.7111
0.43595 10.3415
0.441687 7.15625
0.447423 9.61702
0.453159 11.8718
0.458895 13.3023
0.464631 7.02273
0.470368 9.92683
0.476104 11.2766
0.48184 7.66667
0.487576 10.7308
0.493312 9.82927
0.499049 12.3
0.504785 12.0877
0.510521 16.8889
0.516257 9.23256
0.521993 14.8864
0.52773 13.283
0.533466 14.6222
0.539202 16.6042
0.544938 16.1176
0.550674 15.2115
0.55641 13.7917
0.562147 16.2745
0.567883 13.4035
0.573619 13
0.579355 12.537
0.585091 13.3333
0.590828 14.6981
0.596564 11.2083
0.6023 10.5893
0.608036 13.4923
0.613772 13.898
0.619509 16.069
0.625245 12.5085
0.630981 15.8
0.636717 14.2759
0.642453 17.3509
0.64819 17.1429
0.653926 14.2885
0.659662 14.8
0.665398 15.7188
0.671134 17.8421
0.67687 18.3871
0.682607 18.0317
0.688343 20.597
0.694079 18.6852
0.699815 17.1739
0.705551 18.8923
0.711288 17.4909
0.717024 19.2432
0.72276 17.6066
0.728496 21.2571
0.734232 20.6406
0.739969 18.7826
0.745705 20.2958
0.751441 19.8103
0.757177 17.2468
0.762913 19.5522
0.76865 21.971
0.774386 15.5735
0.780122 14.9315
0.785858 19.7532
0.791594 14.8833
0.79733 18.6341
0.803067 19.6957
0.808803 21.8143
0.814539 16.2469
0.820275 16.1831
0.826011 17.4545
0.831748 16.2917
0.837484 15.7294
0.84322 16.1286
0.848956 19.9028
0.854692 13.4353
0.860429 18.4074
0.866165 17.9726
0.871901 17.9625
0.877637 16.2169
0.883373 17.1558
0.88911 19.5128
0.894846 19.8118
0.900582 16.8072
0.906318 19.1216
0.912054 18.3222
0.91779 18.7356
0.923527 16.5065
0.929263 14.4767
0.934999 16.1978
0.940735 19.5062
0.946471 17.119
0.952208 20.3294
0.957944 20.4409
0.96368 17.2436
0.969416 16.4737
0.975152 16.3778
0.980889 13.9059
0.986625 16.8256
0.992361 19.0632
0.998097 17.6
1.00383 15.9625
1.00957 14.4949
1.01531 16.0206
1.02104 14.6905
1.02678 16.8438
1.03251 19.2967
1.03825 19.08
1.04399 20.3605
1.04972 18.9208
1.05546 18.0792
1.0612 17.4512
1.06693 16.4019
1.07267 18.5934
1.0784 20.4854
1.08414 18.1633
1.08988 19.89
1.09561 14.4952
1.10135 14.8256
1.10708 18.1182
1.11282 16.8737
1.11856 18.8061
1.12429 18.581
1.13003 19.7143
1.13577 17
1.1415 16.5882
1.14724 17.2385
1.15297 14.58
1.15871 13.5
1.16445 16.9913
1.17018 15.8476
1.17592 16.4019
1.18166 18.7812
1.18739 18.6723
1.19313 17.0917
1.19886 17.5631
1.2046 15.2261
1.21034 17.9626
1.21607 16.8364
1.22181 15.7727
1.22754 18.5983
1.23328 17.3084
1.23902 15.8839
1.24475 16.2437
1.25049 16.9633
1.25623 16.8519
1.26196 14.8462
1.2677 15.9839
1.27343 16.7477
1.27917 15.8898
1.28491 16.5
1.29064 15.2301
1.29638 13.3276
1.30212 13.9487
1.30785 20.1933
1.31359 16.5948
1.31932 18.2205
1.32506 16.5126
1.3308 14.819
1.33653 17.1508
1.34227 15.9916
1.348 16.6929
1.35374 15.9735
1.35948 16.328
1.36521 16.0611
1.37095 13.2273
1.37669 19.5324
1.38242 17.4508
1.38816 15.6489
1.39389 17.9068
1.39963 16.0606
1.40537 17.3643
1.4111 18.4554
1.41684 16.0629
1.42258 16.9926
1.42831 16.314
1.43405 18.6692
1.43978 17.2889
1.44552 15.942
1.45126 15.1864
1.45699 15.6099
1.46273 16.3712
1.46846 16.4127
1.4742 16.6504
1.47994 13.3411
1.48567 14.3534
1.49141 16.3615
1.49715 16.7248
1.50288 14.708
1.50862 13.2742
1.51435 14.9247
1.52009 17.1135
1.52583 14.3817
1.53156 17.9704
1.5373 17.5442
1.54304 12.9574
1.54877 15.9632
1.55451 17.8456
1.56024 14.8759
1.56598 14.3643
1.57172 14.7801
1.57745 17.0541
1.58319 13.7021
1.58892 15.1901
1.59466 17.2067
1.6004 15.0839
1.60613 15
1.61187 13.1007
1.61761 15.8981
1.62334 14.6617
1.62908 14.9806
1.63481 12.5828
1.64055 13.58
1.64629 16.0479
1.65202 14.3907
1.65776 16.1126
1.6635 16.5036
1.66923 14.8428
1.67497 16.3742
1.6807 15.8321
1.68644 14.3038
1.69218 16.8025
1.69791 15.1176
1.70365 15.0676
1.70938 15.8974
1.71512 15.0184
1.72086 16.5735
1.72659 12.3064
1.73233 13.7226
1.73807 16.6275
1.7438 14.3494
1.74954 15.4465
1.75527 16.4268
1.76101 15.0515
1.76675 18.3978
1.77248 17.0915
1.77822 17.5646
1.78396 14.4881
1.78969 16.1592
1.79543 15.6069
1.80116 17.5541
1.8069 17.8713
1.81264 15.0479
1.81837 16.1267
1.82411 16.0778
1.82984 14.8944
1.83558 18.4182
1.84132 14.6303
1.84705 13.6805
1.85279 14.7076
1.85853 16.4125
1.86426 15.7684
1.87 14.9244
1.87573 16.3875
1.88147 17.7006
1.88721 14.436
1.89294 16.7572
1.89868 16.8882
1.90442 19.931
1.91015 19.7041
1.91589 35.6905
1.92162 34.6257
1.92736 20.9605
1.9331 20.0893
1.93883 20.9651
1.94457 18.4392
1.9503 18.6235
1.95604 18.5174
1.96178 20.0939
1.96751 17.2054
1.97325 18.8282
1.97899 15.6898
1.98472 18.6223
1.99046 17.3257
1.99619 15.8516
2.00193 17.0579
2.00767 15.8927
2.0134 14.6977
2.01914 16.0479
2.02488 16.0628
2.03061 16.1073
2.03635 16.2872
2.04208 16.627
2.04782 18.2287
2.05356 16.4677
2.05929 17.7238
2.06503 16.665
2.07076 17.6818
2.0765 16.2124
2.08224 16.8776
2.08797 17.0116
2.09371 17.2323
2.09945 16.5135
2.10518 17.2462
2.11092 17.8128
2.11665 18.1949
2.12239 17.7488
2.12813 15.3195
2.13386 17.8905
2.1396 19.2111
2.14534 17.0513
2.15107 18.5615
2.15681 18.7437
2.16254 19.1188
2.16828 18.462
2.17402 17.2275
2.17975 15.875
2.18549 16.8466
2.19122 18.7129
2.19696 18.5049
2.2027 19.039
2.20843 24.6573
2.21417 35.9387
2.21991 38.3568
2.22564 30.4153
2.23138 21.7393
2.23711 17.8889
2.24285 18.1154
2.24859 18.8438
2.25432 18.1142
2.26006 19.3981
2.2658 19.4892
2.27153 18.2233
2.27727 19.7441
2.283 16.408
2.28874 19.8873
2.29448 18.1396
2.30021 17.872
2.30595 19.6162
2.31168 19.3611
2.31742 20.4541
2.32316 18.3894
2.32889 19.8224
2.33463 18.723
2.34037 20.0563
2.3461 20.1179
2.35184 21.552
2.35757 22.049
2.36331 23.514
2.36905 24.341
2.37478 24.8784
2.38052 23.6959
2.38626 23.1364
2.39199 23.2393
2.39773 24.029
2.40346 23.1598
2.4092 23.8879
2.41494 24.9457
2.42067 20.0507
2.42641 19.2719
2.43214 19.0519
2.43788 19.2271
2.44362 22.185
2.44935 19.7167
2.45509 19.2817
2.46083 19.6774
2.46656 19.7729
2.4723 18.0882
2.47803 20.0977
2.48377 17.9735
2.48951 19.3675
2.49524 18.5249
2.50098 19.7321
2.50672 20.6327
2.51245 19.3176
2.51819 19.8009
2.52392 18.8445
2.52966 19.2259
2.5354 18.4769
2.54113 18.6542
2.54687 20.381
2.5526 18.5847
2.55834 20.5315
2.56408 19.966
2.56981 18.9628
2.57555 20.8371
2.58129 19.381
2.58702 19.5272
2.59276 18.4733
2.59849 19.7373
2.60423 23.4407
2.60997 19.7842
2.6157 21.2248
2.62144 20.082
2.62718 20.8213
2.63291 21.5439
2.63865 18.3777
2.64438 20.284
2.65012 18.672
2.65586 20.0357
2.66159 18.6324
2.66733 20.5287
2.67306 20.4085
2.6788 18.2344
2.68454 22.5924
2.69027 20.4458
2.69601 21.5696
2.70175 21.8828
2.70748 21.3128
2.71322 21.4177
2.71895 20.4943
2.72469 21.8519
2.73043 22.6732
2.73616 21.2625
2.7419 18.2296
2.74764 20.6561
2.75337 23.2381
2.75911 21.3536
2.76484 19.8651
2.77058 20.2757
2.77632 21.0734
2.78205 20.5635
2.78779 20.4402
2.79352 20.5
2.79926 20.5564
2.805 22.5904
2.81073 21.2645
2.81647 22
2.82221 21.1217
2.82794 21.8373
2.83368 21.0292
2.83941 19.5668
2.84515 21.94
2.85089 20.2713
2.85662 21.5955
2.86236 22.6107
2.8681 20.5285
2.87383 21.1434
2.87957 22.464
2.8853 24.5261
2.89104 21.1293
2.89678 21.8264
2.90251 22.4253
2.90825 23.748
2.91398 21.646
2.91972 22.9531
2.92546 21.529
2.93119 23.7623
2.93693 23.7292
2.94267 23.9504
2.9484 24.0113
2.95414 23.93
2.95987 22.3022
2.96561 23.2154
2.97135 27.3523
2.97708 26.1525
2.98282 35.3028
2.98856 67.2464
2.99429 68.7107
3.00003 35.8104
3.00576 29.7795
3.0115 26.7721
3.01724 26.564
3.02297 26.6679
3.02871 26.5791
3.03444 25.147
3.04018 25.1295
3.04592 25.886
3.05165 25.8996
3.05739 25.7562
3.06313 25.1984
3.06886 25.2669
3.0746 25.2456
3.08033 25.837
3.08607 26.1596
3.09181 26.8333
3.09754 28.8478
3.10328 29.7256
3.10902 32.4349
3.11475 29.8644
3.12049 30.6923
3.12622 30.911
3.13196 32.6228
3.1377 33.8867
3.14343 40.475
3.14917 36.9965
3.1549 30.9362
3.16064 28.9044
3.16638 28.2739
3.17211 29.434
3.17785 28.1399
3.18359 28.3763
3.18932 28.34
3.19506 30.3704
3.20079 29.4833
3.20653 30.114
3.21227 30.8396
3.218 30.2049
3.22374 31.066
3.22948 32.4415
3.23521 31.6951
3.24095 32.3643
3.24668 30.5873
3.25242 30.67
3.25816 32.1338
3.26389 30.8323
3.26963 32.1541
3.27536 32.4026
3.2811 30.7684
3.28684 32.8063
3.29257 32.8131
3.29831 33.0429
3.30405 35.5192
3.30978 36.4492
3.31552 35.6118
3.32125 35.6576
3.32699 37.7342
3.33273 39.5096
3.33846 38.1931
3.3442 38.8276
3.34994 38.0625
3.35567 38.4186
3.36141 38.3943
3.36714 38.1571
3.37288 50.4332
3.37862 62.1331
3.38435 60.7138
3.39009 73.8215
3.39582 81.6438
3.40156 40.7358
3.4073 43.7111
3.41303 39.9604
3.41877 40.8152
3.42451 40.3003
3.43024 42.1465
3.43598 39.8449
3.44171 40.2288
3.44745 37.9968
3.45319 39.7994
3.45892 41.5065
3.46466 39.8323
3.4704 40.0731
3.47613 39.4967
3.48187 41.1205
3.4876 41.0508
3.49334 42.2222
3.49908 41.3153
3.50481 43.8209
3.51055 42.1125
3.51628 42.3
3.52202 43.8
3.52776 47.1273
3.53349 48.2642
3.53923 55.642
3.54497 60.5235
3.5507 63.3303
3.55644 63.2347
3.56217 57.6478
3.56791 51.7327
3.57365 47.764
3.57938 48.155
3.58512 46.9569
3.59086 45.6783
3.59659 47.8889
3.60233 47.4023
3.60806 47.6455
3.6138 48.7079
3.61954 50.8
3.62527 54.7349
3.63101 54.8069
3.63674 57.3384
3.64248 62.5087
3.64822 66.4923
3.65395 67.4251
3.65969 66.6059
3.66543 65.1261
3.67116 65.9498
3.6769 66.0565
3.68263 69.5413
3.68837 66.6127
3.69411 65.2287
3.69984 64.1586
3.70558 63.0242
3.71132 62.4458
3.71705 64.3188
3.72279 65.9767
3.72852 64.3701
3.73426 66.194
3.74 68.2584
3.74573 69.1424
3.75147 70.1879
3.7572 71.1017
3.76294 71.8261
3.76868 74.8589
3.77441 75.625
3.78015 77.688
3.78589 79.3303
3.79162 82.2595
3.79736 85.9155
3.80309 90.3363
3.80883 90.5731
3.81457 97.2245
3.8203 103.957
3.82604 111.933
3.83178 126.078
3.83751 150.517
3.84325 233.767
3.84898 382.929
3.85472 474.644
3.86046 380.969
3.86619 355.311
3.87193 417.354
3.87766 520.703
3.8834 687.767
3.88914 878.332
3.89487 1028.87
3.90061 971.865
3.90635 800.408
3.91208 625.997
3.91782 456.139
3.92355 345.392
3.92929 276.131
3.93503 220.937
3.94076 185.087
3.9465 159.747
3.95224 141.406
3.95797 128.286
3.96371 117.136
3.96944 112.755
3.97518 108.019
3.98092 101.453
3.98665 97.7398
3.99239 93.5935
3.99812 90.0745
4.00386 87.7184
4.0096 87.5123
4.01533 86.3447
4.02107 84.2196
4.02681 83.5922
4.03254 84.2995
4.03828 83.6575
4.04401 82.989
4.04975 81.3968
4.05549 79.641
4.06122 78.2572
4.06696 78.9349
4.0727 75.852
4.07843 75.3014
4.08417 73.607
4.0899 74.9475
4.09564 75.1729
4.10138 73.6499
4.10711 72.9558
4.11285 72.9005
4.11858 72.2611
4.12432 72.2737
4.13006 75.5109
4.13579 73.7039
4.14153 71.8365
4.14727 72.1572
4.153 73.1732
4.15874 72.1473
4.16447 74.5357
4.17021 72.3506
4.17595 74.4237
4.18168 72.7493
4.18742 73.9974
4.19316 73.4672
4.19889 74.1236
4.20463 76.6108
4.21036 79.7821
4.2161 76.8939
4.22184 74.6796
4.22757 75.392
4.23331 73.9109
4.23904 73.5929
4.24478 73.8209
4.25052 75.944
4.25625 74.8482
4.26199 75.1178
4.26773 75.6087
4.27346 79.0564
4.2792 77.9845
4.28493 78.0253
4.29067 78.1793
4.29641 81.1041
4.30214 79.2074
4.30788 81.9134
4.31362 82.8414
4.31935 84.6475
4.32509 84.8125
4.33082 86.9801
4.33656 90.4347
4.3423 92.6763
4.34803 95.0025
4.35377 97.1641
4.3595 98.2828
4.36524 103.332
4.37098 106.403
4.37671 110.984
4.38245 113.783
4.38819 118.909
4.39392 127.192
4.39966 130.61
4.40539 141.333
4.41113 152.707
4.41687 168.467
4.4226 197.788
4.42834 245.278
4.43408 410.546
4.43981 926.588
4.44555 1995.25
4.45128 8453.9
4.45702 11240.4
4.46276 4860.03
4.46849 1533.85
4.47423 800.44
4.47996 457.382
4.4857 377.339
4.49144 364.98
4.49717 336.617
4.50291 337.468
4.50865 317.799
4.51438 293.483
4.52012 260.53
4.52585 227.086
4.53159 200.846
4.53733 173.955
4.54306 154.086
4.5488 138.617
4.55454 124.592
4.56027 114.345
4.56601 105.303
4.57174 99.7792
4.57748 94.1163
4.58322 88.062
4.58895 86.6481
4.59469 82.4552
4.60042 80.4906
4.60616 77.5654
4.6119 75.4845
4.61763 73.8111
4.62337 73.3557
4.62911 74.3812
4.63484 72.0329
4.64058 68.6154
4.64631 66.8027
4.65205 66.1811
4.65779 63.5431
4.66352 63.4749
4.66926 63.1159
4.675 60.6583
4.68073 61.4667
4.68647 59.6879
4.6922 60.54
4.69794 60.1923
4.70368 61.0275
4.70941 59.9975
4.71515 59.739
4.72088 60.3596
4.72662 60.407
4.73236 59.3357
4.73809 59.3181
4.74383 59.5737
4.74957 59.8528
4.7553 57.8442
4.76104 55.8375
4.76677 57.3061
4.77251 54.9335
4.77825 55.686
4.78398 54.3933
4.78972 52.7416
4.79546 53.7622
4.80119 53.6629
4.80693 50.8134
4.81266 50.8506
4.8184 51.3356
4.82414 52.1004
4.82987 50.9093
4.83561 51.0182
4.84134 52.4609
4.84708 55.3571
4.85282 55.7436
4.85855 54.2687
4.86429 51.6082
4.87003 49.2494
4.87576 50.82
4.8815 47.8207
4.88723 48.0408
4.89297 49.7775
4.89871 47.4795
4.90444 48.0628
4.91018 46.9062
4.91592 47.4093
4.92165 46.4913
4.92739 45.8242
4.93312 46.6435
4.93886 46.105
4.9446 46.6065
4.95033 46.5011
4.95607 46.4044
4.9618 47.0402
4.96754 47.8807
4.97328 50.1631
4.97901 56.8098
4.98475 50.1075
4.99049 48.7941
4.99622 46.2251
5.00196 45.1089
5.00769 45.5455
5.01343 46.5519
5.01917 45.1286
5.0249 45.1777
5.03064 44.7624
5.03638 43.5433
5.04211 45.9783
5.04785 43.8596
5.05358 43.812
5.05932 43.8531
5.06506 44.5626
5.07079 46.2403
5.07653 48.1295
5.08226 44.5132
5.088 44.4295
5.09374 45.6688
5.09947 43.887
5.10521 44.6886
5.11095 44.5705
5.11668 45.0647
5.12242 44.2982
5.12815 43.4544
5.13389 43.7651
5.13963 43.3448
5.14536 41.5644
5.1511 44.2906
5.15684 44.373
5.16257 43.6217
5.16831 43.6773
5.17404 44.1778
5.17978 44.8386
5.18552 43.2895
5.19125 44.118
5.19699 43.5837
5.20272 42.3501
5.20846 44.184
5.2142 42.6129
5.21993 43.6432
5.22567 43.0043
5.23141 43.618
5.23714 43.5669
5.24288 43.3412
5.24861 45.3962
5.25435 42.8832
5.26009 43.8257
5.26582 43.2367
5.27156 43.5051
5.2773 45.0604
5.28303 45.2206
5.28877 45.4297
5.2945 44.3694
5.30024 46.0707
5.30598 47.1996
5.31171 45.0321
5.31745 44.778
5.32318 44.7743
5.32892 44.7321
5.33466 45.7341
5.34039 45.2276
5.34613 44.5409
5.35187 56.7953
5.3576 47.2819
5.36334 45.1078
5.36907 44.7253
5.37481 45.6183
5.38055 45.869
5.38628 46.8171
5.39202 48.2747
5.39776 49.4556
5.40349 48.833
5.40923 46.8819
5.41496 46.6937
5.4207 46.4615
5.42644 44.9222
5.43217 43.4544
5.43791 45.7539
5.44364 45.9272
5.44938 46.2759
5.45512 46.6446
5.46085 45.9545
5.46659 46.4655
5.47233 44.4436
5.47806 44.6535
5.4838 44.8869
5.48953 44.7285
5.49527 45.6385
5.50101 44.7757
5.50674 45.6926
5.51248 46.1789
5.51822 46.4549
5.52395 46.519
5.52969 45.8772
5.53542 46.5255
5.54116 48.2589
5.5469 44.9757
5.55263 47.4216
5.55837 45.9553
5.5641 47.019
5.56984 44.9345
5.57558 46.5273
5.58131 45.6376
5.58705 47.1336
5.59279 48.449
5.59852 47.7515
5.60426 48.0756
5.60999 47.1593
5.61573 47.0373
5.62147 48.7203
5.6272 47.2739
5.63294 48.6596
5.63868 46.3511
5.64441 47.3989
5.65015 47.534
5.65588 47.7903
5.66162 48.319
5.66736 47.3707
5.67309 48.1945
5.67883 49.2655
5.68456 48.6908
5.6903 49.3068
5.69604 48.8538
5.70177 49.6842
5.70751 50.2072
5.71325 50.1965
5.71898 50.3449
5.72472 50.2581
5.73045 50.761
5.73619 49.2747
5.74193 51.7778
5.74766 50.8891
5.7534 50.7816
5.75914 52.2347
5.76487 52.3352
5.77061 52.3333
5.77634 52.6288
5.78208 53.879
5.78782 54.2965
5.79355 54.7261
5.79929 54.4023
5.80502 54.9512
5.81076 54.6444
5.8165 55.2154
5.82223 52.9181
5.82797 55.3529
5.83371 54.2947
5.83944 55.397
5.84518 55.5
5.85091 55.2916
5.85665 56.5609
5.86239 55.0146
5.86812 57.405
5.87386 57.0037
5.8796 58.1423
5.88533 58.2548
5.89107 57.3849
5.8968 57.0386
5.90254 58.4512
5.90828 58.8657
5.91401 60.2817
5.91975 59.4542
5.92548 59.6607
5.93122 60.9298
5.93696 62.6903
5.94269 74.6109
5.94843 70.6649
5.95417 97.1054
5.9599 71.435
5.96564 69.9024
5.97137 64.8667
5.97711 63.3486
5.98285 65.1711
5.98858 64.5985
5.99432 65.8895
6.00006 67.7532
6.00579 67.4097
6.01153 70.8448
6.01726 71.9431
6.023 70.9705
6.02874 70.9031
6.03447 70.6461
6.04021 72.2144
6.04594 71.1544
6.05168 72.2563
6.05742 73.628
6.06315 72.7622
6.06889 74.7082
6.07463 75.2597
6.08036 75.9516
6.0861 77.6927
6.09183 77.8903
6.09757 81.7161
6.10331 80.1351
6.10904 82.4991
6.11478 83.3613
6.12052 83.3156
6.12625 84.3438
6.13199 85.6834
6.13772 89.4593
6.14346 88.4697
6.1492 92.7716
6.15493 93.4057
6.16067 92.3439
6.1664 94.4444
6.17214 97.0474
6.17788 99.4433
6.18361 101.386
6.18935 105.022
6.19509 110.555
6.20082 113.073
6.20656 117.644
6.21229 121.833
6.21803 131.176
6.22377 132.047
6.2295 138.391
6.23524 147.732
6.24098 150.367
6.24671 156.07
6.25245 174.592
6.25818 183.591
6.26392 200.823
6.26966 232.402
6.27539 312.844
6.28113 414.64
6.28686 970.194
6.2926 2778.73
6.29834 6275.14
6.30407 6456.75
6.30981 10049.9
6.31555 3073.17
6.32128 1628.3
6.32702 632.724
6.33275 409.153
6.33849 358.865
6.34423 291.895
6.34996 285.781
6.3557 283.602
6.36144 283.617
6.36717 297.292
6.37291 313.252
6.37864 310.194
6.38438 291.902
6.39012 268.535
6.39585 247.446
6.40159 219.907
6.40732 199.311
6.41306 180.493
6.4188 164.578
6.42453 150.495
6.43027 143.205
6.43601 137.393
6.44174 132.528
6.44748 126.711
6.45321 124.572
6.45895 121.003
6.46469 117.649
6.47042 114.756
6.47616 114.98
6.4819 107.416
6.48763 104.5
6.49337 103.121
6.4991 99.7221
6.50484 99.386
6.51058 99.2117
6.51631 97.6404
6.52205 96.8174
6.52778 94.7917
6.53352 94.0803
6.53926 93.8333
6.54499 92.5616
6.55073 91.9565
6.55647 91.4732
6.5622 91.2315
6.56794 89.7227
6.57367 92.3183
6.57941 90.83
6.58515 89.8645
6.59088 89.5728
6.59662 89.1926
6.60236 87.8239
6.60809 87.4855
6.61383 86.5303
6.61956 86.1901
6.6253 85.455
6.63104 85.6563
6.63677 86.0768
6.64251 85.1071
6.64824 85.1837
6.65398 83.9111
6.65972 84.4418
6.66545 84.1403
6.67119 85.2605
6.67693 83.9468
6.68266 84.2848
6.6884 84.5912
6.69413 83.1091
6.69987 82.6128
6.70561 83.5531
6.71134 83.0049
6.71708 81.6216
6.72282 82.6322
6.72855 81.9409
6.73429 82.619
6.74002 81.9108
6.74576 81.9377
6.7515 82.6606
6.75723 81.5257
6.76297 80.7042
6.7687 80.3699
6.77444 79.2476
6.78018 79.005
6.78591 80.8691
6.79165 80.1669
6.79739 80.8007
6.80312 82.2329
6.80886 81.5255
6.81459 81.6383
6.82033 81.1788
6.82607 79.7453
6.8318 81.2516
6.83754 79.2013
6.84328 80.1877
6.84901 79.4671
6.85475 78.2141
6.86048 79.9663
6.86622 79.5532
6.87196 79.4923
6.87769 79.1888
6.88343 79.6894
6.88916 81.5728
6.8949 79.0961
6.90064 79.2826
6.90637 80.0031
6.91211 80.1013
6.91785 79.4834
6.92358 79.9483
6.92932 80.3889
6.93505 80.0765
6.94079 79.8225
6.94653 79.6315
6.95226 79.2946
6.958 79.2504
6.96374 79.804
6.96947 78.3719
6.97521 78.4411
6.98094 79.5786
6.98668 79.8153
6.99242 79.3188
6.99815 79.9029
7.00389 78.6211
7.00962 80.0676
7.01536 81.0908
7.0211 81.7825
7.02683 81.2414
7.03257 80.4793
7.03831 82.2682
7.04404 81.4079
7.04978 81.9587
7.05551 81.3752
7.06125 80.0741
7.06699 82.1104
7.07272 81.4763
7.07846 82.1244
7.0842 80.8298
7.08993 82.1018
7.09567 83.7893
7.1014 83.6292
7.10714 82.8807
7.11288 83.2905
7.11861 84.7757
7.12435 84.9745
7.13008 85.7545
7.13582 84.7857
7.14156 84.6012
7.14729 86.1577
7.15303 85.8793
7.15877 84.742
7.1645 85.6518
7.17024 86.1681
7.17597 85.5231
7.18171 85.6595
7.18745 86.5309
7.19318 85.2355
7.19892 86.9401
7.20466 88.4928
7.21039 87.7957
7.21613 89.3041
7.22186 89.4757
7.2276 88.5316
7.23334 89.5239
7.23907 89.7846
7.24481 90.1328
7.25054 91.0147
7.25628 91.1495
7.26202 91.7403
7.26775 93.2683
7.27349 91.8803
7.27923 92.7812
7.28496 91.4811
7.2907 92.4282
7.29643 94.4018
7.30217 93.6261
7.30791 95.7054
7.31364 96.1356
7.31938 98.0857
7.32512 98.3407
7.33085 98.6174
7.33659 101.436
7.34232 100.955
7.34806 101.878
7.3538 105.084
7.35953 104.187
7.36527 107.836
7.371 116.471
7.37674 149.529
7.38248 135.834
7.38821 339.769
7.39395 347.496
7.39969 414.059
7.40542 727.326
7.41116 391.303
7.41689 235.895
7.42263 174.182
7.42837 157.854
7.4341 153.221
7.43984 155.238
7.44558 160.741
7.45131 169.31
7.45705 183.713
7.46278 200.116
7.46852 222.642
7.47426 242.085
7.47999 250.465
7.48573 247.443
7.49146 230.705
7.4972 210.531
7.50294 191.109
7.50867 172.448
7.51441 155.953
7.52015 141.376
7.52588 132.267
7.53162 122.723
7.53735 116.775
7.54309 108.567
7.54883 103.947
7.55456 101.304
7.5603 100.222
7.56604 96.2191
7.57177 95.6983
7.57751 93.6236
7.58324 90.9447
7.58898 89.1489
7.59472 89.0083
7.60045 88.2188
7.60619 86.9859
7.61192 85.7577
7.61766 84.1094
7.6234 82.5863
7.62913 83.3183
7.63487 81.438
7.64061 81.3649
7.64634 82.1446
7.65208 80.7504
7.65781 81.525
7.66355 79.9144
7.66929 80.3276
7.67502 81.8099
7.68076 81.4943
7.6865 82.116
7.69223 82.0027
7.69797 82.6075
7.7037 82.3762
7.70944 85.9931
7.71518 98.8601
7.72091 112.105
7.72665 214.725
7.73238 372.408
7.73812 131.482
7.74386 139.857
7.74959 105.345
7.75533 95.1465
7.76107 92.5718
7.7668 92.6607
7.77254 94.3255
7.77827 97.104
7.78401 101.9
7.78975 107.386
7.79548 116.171
7.80122 121.909
7.80696 128.692
7.81269 131.918
7.81843 126.878
7.82416 120.078
7.8299 112.055
7.83564 101.851
7.84137 96.7206
7.84711 91.9693
7.85284 86.9906
7.85858 84.5902
7.86432 80.0155
7.87005 79.1087
7.87579 76.5588
7.88153 74.9003
7.88726 73.8571
7.893 72.8136
7.89873 72.1861
7.90447 71.6567
7.91021 75.6235
7.91594 75.2615
7.92168 78.911
7.92742 74.1113
7.93315 68.7746
7.93889 69.6099
7.94462 67.7465
7.95036 66.3004
7.9561 66.5707
7.96183 66.0778
7.96757 68.1472
7.9733 69.5054
7.97904 67.462
7.98478 67.7425
7.99051 66.8643
7.99625 65.4304
8.00199 66.0234
8.00772 64.3059
8.01346 65.0554
8.01919 64.5745
8.02493 62.906
8.03067 62.0879
8.0364 64.0407
8.04214 64.2387
8.04788 62.6195
8.05361 62.933
8.05935 62.7381
8.06508 62.6542
8.07082 62.3378
8.07656 63.8732
8.08229 61.799
8.08803 62.6821
8.09376 63.2168
8.0995 61.0591
8.10524 60.3867
8.11097 60.4967
8.11671 56.7516
8.12245 57.2999
8.12818 55.5665
8.13392 55.9181
8.13965 55.7966
8.14539 54.6142
8.15113 55.9055
8.15686 50.1796
8.1626 53.0785
8.16834 53.3738
8.17407 53.6938
8.17981 53.4731
8.18554 54.3914
8.19128 54.9481
8.19702 54.5343
8.20275 54.598
8.20849 55.5094
8.21422 55.0969
8.21996 55.2191
8.2257 53.1426
8.23143 55.6841
8.23717 54.778
8.24291 55.6232
8.24864 54.7116
8.25438 55.4219
8.26011 54.7934
8.26585 53.8201
8.27159 55.1394
8.27732 53.7543
8.28306 52.9422
8.2888 54.2534
8.29453 53.863
8.30027 51.815
8.306 52.4795
8.31174 55.3032
8.31748 53.5573
8.32321 54.5269
8.32895 53.4025
8.33468 52.7837
8.34042 55.0554
8.34616 53.2495
8.35189 53.086
8.35763 52.8355
8.36337 53.814
8.3691 52.1694
8.37484 52.7309
8.38057 52.2833
8.38631 51.0951
8.39205 51.7548
8.39778 53.0882
8.40352 54.7326
8.40926 53.2794
8.41499 54.1902
8.42073 53.1071
8.42646 53.7296
8.4322 55.5291
8.43794 55.1662
8.44367 53.3691
8.44941 53.9819
8.45514 51.1
8.46088 52.509
8.46662 54.1344
8.47235 53.2761
8.47809 52.3005
8.48383 50.0873
8.48956 50.5627
8.4953 50.3546
8.50103 50.8448
8.50677 50.976
8.51251 51.3923
8.51824 51.6068
8.52398 51.3746
8.52972 51.7674
8.53545 52.0725
8.54119 52.1021
8.54692 53.0273
8.55266 51.7493
8.5584 51.463
8.56413 51.241
8.56987 51.0061
8.5756 52.2039
8.58134 51.6749
8.58708 51.6397
8.59281 50.7421
8.59855 51.2684
8.60429 51.5836
8.61002 51.9065
8.61576 50.3251
8.62149 51.2187
8.62723 50.8027
8.63297 49.8022
8.6387 52.4983
8.64444 51.1144
8.65018 50.0069
8.65591 51.8881
8.66165 44.5208
8.66738 51.8007
8.67312 52.5166
8.67886 51.8598
8.68459 51.7341
8.69033 49.3187
8.69606 49.6764
8.7018 51.082
8.70754 50.032
8.71327 51.2299
8.71901 50.6781
8.72475 52.7015
8.73048 49.2097
8.73622 52.3664
8.74195 48.3306
8.74769 50.6483
8.75343 52.8205
8.75916 49.322
8.7649 48.7018
8.77064 50.2373
8.77637 49.7277
8.78211 50.7569
8.78784 51.4804
8.79358 49.2315
8.79932 52.2719
8.80505 49.3709
8.81079 50.2512
8.81652 50.9289
8.82226 47.8549
8.828 49.5231
8.83373 48.9317
8.83947 51.0428
8.84521 52.1854
8.85094 49.2979
8.85668 48.5385
8.86241 51.2872
8.86815 49.7241
8.87389 50.7795
8.87962 51.9884
8.88536 50.3094
8.8911 52.1123
8.89683 49.6358
8.90257 53.0492
8.9083 53.8092
8.91404 52.3563
8.91978 57.8171
8.92551 66.535
8.93125 73.9329
8.93698 148.374
8.94272 115.161
8.94846 83.5758
8.95419 60.4228
8.95993 56.4459
8.96567 54.0621
8.9714 51.937
8.97714 55.4114
8.98287 57.6713
8.98861 55.7185
8.99435 54.069
9.00008 50.4615
9.00582 55.1184
9.01156 60.687
9.01729 56.6341
9.02303 58.5214
9.02876 58.9744
9.0345 56.1789
9.04024 57.3566
9.04597 59.4904
9.05171 57.5433
9.05744 57.0083
9.06318 58.3689
9.06892 56.7479
9.07465 55.9479
9.08039 52.4017
9.08613 50.7477
9.09186 57.9167
9.0976 60.1346
9.10333 57.3125
9.10907 60.7041
9.11481 51.6146
9.12054 51.7614
9.12628 54.1531
9.13202 50.4146
9.13775 50.587
9.14349 47.3452
9.14922 50.6585
9.15496 45.8902
9.1607 51.3378
9.16643 47.35
9.17217 45.8767
9.1779 48.0658
9.18364 47.5857
9.18938 43.9412
9.19511 46.5882
9.20085 49.0635
9.20659 47.2462
9.21232 45.0833
9.21806 49.9508
9.22379 43.4909
9.22953 46.7091
9.23527 48.0755
9.241 45.25
9.24674 47.2449
9.25248 49.1277
9.25821 42.9333
9.26395 44.5227
9.26968 46.3256
9.27542 44.6923
9.28116 46.6
9.28689 44.8571
9.29263 40.3333
9.29836 43.1515
9.3041 38.7879
9.30984 36.4643
9.31557 33.1111
9.32131 36.4074
9.32705 31.15
9.33278 33.9565
9.33852 28.1053
9.34425 33.7222
9.34999 22.5294
9.35573 28.3571
9.36146 29.3636
9.3672 19
9.37294 15
9.37867 14.7778
9.38441 -3.66667
9.39014 5.5
9.39588 0
9.40162 0
9.40735 0
9.41309 0
9.41882 0
9.42456 0
9.4303 0
9.43603 0
9.44177 0
9.44751 0
9.45324 0
9.45898 0
9.46471 0
9.47045 0
9.47619 0
9.48192 0
9.48766 0
9.4934 0
9.49913 0
9.50487 0
9.5106 0
9.51634 0
9.52208 0
9.52781 0
9.53355 0
9.53928 0
9.54502 0
9.55076 0
9.55649 0
9.56223 0
9.56797 0
9.5737 0
9.57944 0
9.58517 0
9.59091 0
9.59665 0
9.60238 0
9.60812 0
9.61386 0
9.61959 0
9.62533 0
9.63106 0
9.6368 0
9.64254 0
9.64827 0
9.65401 0
9.65974 0
9.66548 0
9.67122 0
9.67695 0
9.68269 0
9.68843 0
9.69416 0
9.6999 0
9.70563 0
9.71137 0
9.71711 0
9.72284 0
9.72858 0
9.73432 0
9.74005 0
9.74579 0
9.75152 0
9.75726 0
9.763 0
9.76873 0
9.77447 0
9.7802 0
9.78594 0
9.79168 0
9.79741 0
9.80315 0
9.80889 0
9.81462 0
9.82036 0
9.82609 0
9.83183 0
9.83757 0
9.8433 0
9.84904 0
9.85478 0
9.86051 0
9.86625 0
9.87198 0
9.87772 0
9.88346 0
9.88919 0
9.89493 0
9.90066 0
9.9064 0
9.91214 0
9.91787 0
9.92361 0
9.92935 0
9.93508 0
9.94082 0
9.94655 0
9.95229 0
9.95803 0
9.96376 0
9.9695 0
9.97524 0
9.98097 0
9.98671 0
9.99244 0
9.99818 0
10.0039 0
10.0097 0
10.0154 0
10.0211 0
10.0269 0
10.0326 0
10.0383 0
10.0441 0
10.0498 0
10.0555 0
10.0613 0
10.067 0
10.0728 0
10.0785 0
10.0842 0
10.09 0
10.0957 0
10.1014 0
10.1072 0
10.1129 0
10.1186 0
10.1244 0
10.1301 0
10.1358 0
10.1416 0
10.1473 0
10.1531 0
10.1588 0
10.1645 0
10.1703 0
10.176 0
10.1817 0
10.1875 0
10.1932 0
10.1989 0
10.2047 0
10.2104 0
10.2162 0
10.2219 0
10.2276 0
10.2334 0
10.2391 0
10.2448 0
10.2506 0
10.2563 0
10.262 0
10.2678 0
10.2735 0
10.2793 0
10.285 0
10.2907 0
10.2965 0
10.3022 0
10.3079 0
10.3137 0
10.3194 0
10.3251 0
10.3309 0
10.3366 0
10.3424 0
10.3481 0
10.3538 0
10.3596 0
10.3653 0
10.371 0
10.3768 0
10.3825 0
10.3882 0
10.394 0
10.3997 0
10.4054 0
10.4112 0
10.4169 0
10.4227 0
10.4284 0
10.4341 0
10.4399 0
10.4456 0
10.4513 0
10.4571 0
10.4628 0
10.4685 0
10.4743 0
10.48 0
10.4858 0
10.4915 0
10.4972 0
10.503 0
10.5087 0
10.5144 0
10.5202 0
10.5259 0
10.5316 0
10.5374 0
10.5431 0
10.5489 0
10.5546 0
10.5603 0
10.5661 0
10.5718 0
10.5775 0
10.5833 0
10.589 0
10.5947 0
10.6005 0
10.6062 0
10.612 0
10.6177 0
10.6234 0
10.6292 0
10.6349 0
10.6406 0
10.6464 0
10.6521 0
10.6578 0
10.6636 0
10.6693 0
10.6751 0
10.6808 0
10.6865 0
10.6923 0
10.698 0
10.7037 0
10.7095 0
10.7152 0
10.7209 0
10.7267 0
10.7324 0
10.7381 0
10.7439 0
10.7496 0
10.7554 0
10.7611 0
10.7668 0
10.7726 0
10.7783 0
10.784 0
10.7898 0
10.7955 0
10.8012 0
10.807 0
10.8127 0
10.8185 0
10.8242 0
10.8299 0
10.8357 0
10.8414 0
10.8471 0
10.8529 0
10.8586 0
10.8643 0
10.8701 0
10.8758 0
10.8816 0
10.8873 0
10.893 0
10.8988 0
10.9045 0
10.9102 0
10.916 0
10.9217 0
10.9274 0
10.9332 0
10.9389 0
10.9447 0
10.9504 0
10.9561 0
10.9619 0
10.9676 0
10.9733 0
10.9791 0
10.9848 0
10.9905 0
10.9963 0
11.002 0
11.0077 0
11.0135 0
11.0192 0
11.025 0
11.0307 0
11.0364 0
11.0422 0
11.0479 0
11.0536 0
11.0594 0
11.0651 0
11.0708 0
11.0766 0
11.0823 0
11.0881 0
11.0938 0
11.0995 0
11.1053 0
11.111 0
11.1167 0
11.1225 0
11.1282 0
11.1339 0
11.1397 0
11.1454 0
11.1512 0
11.1569 0
11.1626 0
11.1684 0
11.1741 0
11.1798 0
11.1856 0
11.1913 0
11.197 0
11.2028 0
11.2085 0
11.2143 0
11.22 0
11.2257 0
11.2315 0
11.2372 0
11.2429 0
11.2487 0
11.2544 0
11.2601 0
11.2659 0
11.2716 0
11.2774 0
11.2831 0
11.2888 0
11.2946 0
11.3003 0
11.306 0
11.3118 0
11.3175 0
11.3232 0
11.329 0
11.3347 0
11.3404 0
11.3462 0
11.3519 0
11.3577 0
11.3634 0
11.3691 0
11.3749 0
11.3806 0
11.3863 0
11.3921 0
11.3978 0
11.4035 0
11.4093 0
11.415 0
11.4208 0
11.4265 0
11.4322 0
11.438 0
11.4437 0
11.4494 0
11.4552 0
11.4609 0
11.4666 0
11.4724 0
11.4781 0
11.4839 0
11.4896 0
11.4953 0
11.5011 0
11.5068 0
11.5125 0
11.5183 0
11.524 0
11.5297 0
11.5355 0
11.5412 0
11.547 0
11.5527 0
11.5584 0
11.5642 0
11.5699 0
11.5756 0
11.5814 0
11.5871 0
11.5928 0
11.5986 0
11.6043 0
11.61 0
11.6158 0
11.6215 0
11.6273 0
11.633 0
11.6387 0
11.6445 0
11.6502 0
11.6559 0
11.6617 0
11.6674 0
11.6731 0
11.6789 0
11.6846 0
11.6904 0
11.6961 0
11.7018 0
11.7076 0
11.7133 0
11.719 0
11.7248 0
11.7305 0
11.7362 0
11.742 0
