0 0
0.00573619 11.011
0.0114724 -4.004
0.0172086 15.015
0.0229448 18.018
0.028681 7.34067
0.0344171 -13.013
0.0401533 -0.8008
0.0458895 10.01
0.0516257 2.66933
0.0573619 8.84217
0.0630981 13.299
0.0688343 3.146
0.0745705 13.6803
0.0803067 5.11622
0.0860429 1.33467
0.091779 5.5055
0.0975152 5.929
0.103251 20.02
0.108988 -3.67033
0.114724 1.3013
0.12046 3.094
0.126196 -7.67433
0.131932 2.002
0.137669 1.33467
0.143405 -0.077
0.149141 1.848
0.154877 -0.688187
0.160613 -0.266933
0.16635 4.13747
0.172086 -0.917583
0.177822 0.790263
0.183558 5.06388
0.189294 6.721
0.19503 5.005
0.200767 -1.04867
0.206503 3.59182
0.212239 8.34167
0.217975 4.09933
0.223711 -0.353294
0.229448 -0.166833
0.235184 1.47974
0.24092 -1.6835
0.246656 -0.444889
0.252392 -0.28028
0.258129 2.55811
0.263865 1.43
0.269601 2.21054
0.275337 5.97148
0.281073 4.36436
0.28681 3.37838
0.292546 4.48448
0.298282 0.138069
0.304018 2.48396
0.309754 1.36803
0.31549 2.51865
0.321227 3.26252
0.326963 1.93527
0.332699 9.04129
0.338435 7.49233
0.344171 0.375375
0.349908 5.3482
0.355644 5.2338
0.36138 1.64681
0.367116 6.85979
0.372852 3.03333
0.378589 -0.0811622
0.384325 6.97572
0.390061 8.80367
0.395797 6.51933
0.401533 13.244
0.40727 8.42702
0.413006 8.54908
0.418742 17.6677
0.424478 22.7286
0.430214 18.8855
0.43595 13.9163
0.441687 16.0786
0.447423 17.9967
0.453159 16.555
0.458895 16.7377
0.464631 23.842
0.470368 19.9712
0.476104 21.809
0.48184 22.6615
0.487576 24.4282
0.493312 23.9263
0.499049 22.3473
0.504785 22.7069
0.510521 26.8713
0.516257 24.9552
0.521993 22.4088
0.52773 26.857
0.533466 28.5841
0.539202 29.7798
0.544938 27.4588
0.550674 29.645
0.55641 33.9714
0.562147 26.0653
0.567883 24.3577
0.573619 26.026
0.579355 19.6122
0.585091 21.9693
0.590828 21.0965
0.596564 22.8353
0.6023 23.1839
0.608036 20.2664
0.613772 25.6787
0.619509 21.021
0.625245 21.5639
0.630981 28.301
0.636717 23.9204
0.642453 26.0611
0.64819 25.5334
0.653926 27.2388
0.659662 31.8934
0.665398 31.6723
0.671134 31.9793
0.67687 29.5134
0.682607 33.319
0.688343 33.8995
0.694079 31.7354
0.699815 30.6393
0.705551 31.8472
0.711288 29.2838
0.717024 29.1237
0.72276 32.1469
0.728496 31.6459
0.734232 27.9811
0.739969 28.028
0.745705 33.8648
0.751441 29.0463
0.757177 30.355
0.762913 29.8358
0.76865 30.9875
0.774386 30.4569
0.780122 31.2915
0.785858 35.698
0.791594 33.1331
0.79733 30.6037
0.803067 32.1626
0.808803 33.6908
0.814539 31.6242
0.820275 31.5526
0.826011 29.796
0.831748 31.7539
0.837484 35.0821
0.84322 29.3293
0.848956 28.1809
0.854692 28.5226
0.860429 28.7695
0.866165 32.2651
0.871901 30.7182
0.877637 32.1405
0.883373 26.403
0.88911 28.7852
0.894846 33.0448
0.900582 31.9476
0.906318 25.4308
0.912054 31.398
0.91779 32.4462
0.923527 29.536
0.929263 31.7643
0.934999 29.282
0.940735 26.7428
0.946471 29.7678
0.952208 29.9005
0.957944 29.9439
0.96368 30.3508
0.969416 33.0646
0.975152 29.7297
0.980889 30.1595
0.986625 31.3569
0.992361 31.6105
0.998097 29.0185
1.00383 31.0936
1.00957 32.0724
1.01531 33.8276
1.02104 31.5911
1.02678 34.8369
1.03251 32.78
1.03825 28.018
1.04399 30.0882
1.04972 32.9438
1.05546 34.4998
1.0612 32.9475
1.06693 33.323
1.07267 37.939
1.0784 33.6258
1.08414 30.9391
1.08988 30.5305
1.09561 33.1379
1.10135 32.16
1.10708 29.8207
1.11282 30.757
1.11856 28.8349
1.12429 30.0681
1.13003 26.9889
1.13577 29.8965
1.1415 29.0879
1.14724 31.8942
1.15297 26.9169
1.15871 31.4014
1.16445 33.4421
1.17018 34.5297
1.17592 29.8803
1.18166 30.885
1.18739 29.4496
1.19313 30.7096
1.19886 31.2448
1.2046 30.4739
1.21034 31.3117
1.21607 31.2312
1.22181 30.9491
1.22754 31.6898
1.23328 31.1152
1.23902 32.5146
1.24475 29.5253
1.25049 31.9034
1.25623 28.9549
1.26196 29.1659
1.2677 32.1854
1.27343 29.543
1.27917 30.2081
1.28491 30.0046
1.29064 30.3135
1.29638 28.8219
1.30212 31.3818
1.30785 30.0048
1.31359 31.1432
1.31932 30.7788
1.32506 29.8281
1.3308 32.0665
1.33653 29.7281
1.34227 29.6767
1.348 30.2507
1.35374 32.5989
1.35948 32.2562
1.36521 31.3901
1.37095 31.0947
1.37669 30.8294
1.38242 32.3438
1.38816 33.8888
1.39389 33.6183
1.39963 32.7297
1.40537 28.3849
1.4111 33.8999
1.41684 33.11
1.42258 33.0627
1.42831 29.5915
1.43405 33.5643
1.43978 29.6667
1.44552 32.4019
1.45126 33.3723
1.45699 32.2095
1.46273 34.1857
1.46846 32.6993
1.4742 30.744
1.47994 30.2007
1.48567 33.3792
1.49141 31.9165
1.49715 31.2863
1.50288 32.6165
1.50862 31.4185
1.51435 31.2504
1.52009 32.7419
1.52583 31.9479
1.53156 32.2989
1.5373 30.9765
1.54304 33.6009
1.54877 33.1287
1.55451 31.1183
1.56024 29.8985
1.56598 31.4529
1.57172 30.9103
1.57745 30.8349
1.58319 30.4631
1.58892 32.8427
1.59466 30.9976
1.6004 31.654
1.60613 30.0373
1.61187 32.1395
1.61761 31.4646
1.62334 32.3707
1.62908 31.7672
1.63481 33.2319
1.64055 33.4401
1.64629 32.3337
1.65202 33.6164
1.65776 31.674
1.6635 32.2658
1.66923 32.1768
1.67497 32.5908
1.6807 32.2731
1.68644 34.11
1.69218 33.379
1.69791 32.6274
1.70365 32.0049
1.70938 35.0607
1.71512 32.9102
1.72086 31.9658
1.72659 34.7515
1.73233 31.806
1.73807 31.5937
1.7438 33.6481
1.74954 32.6301
1.75527 31.8123
1.76101 34.2916
1.76675 31.5453
1.77248 31.0554
1.77822 32.0184
1.78396 32.9198
1.78969 34.0595
1.79543 31.4245
1.80116 32.4847
1.8069 34.5725
1.81264 33.8302
1.81837 34.2275
1.82411 33.8227
1.82984 35.035
1.83558 35.0896
1.84132 33.4819
1.84705 36.2492
1.85279 35.6087
1.85853 35.8796
1.86426 36.7203
1.87 36.519
1.87573 37.0558
1.88147 36.7712
1.88721 38.62
1.89294 36.8403
1.89868 36.9192
1.90442 38.97
1.91015 38.7073
1.91589 39.8374
1.92162 46.9132
1.92736 56.4349
1.9331 72.9002
1.93883 64.1455
1.94457 52.3963
1.9503 52.317
1.95604 52.7504
1.96178 53.0696
1.96751 47.5664
1.97325 46.4943
1.97899 45.7569
1.98472 40.434
1.99046 41.5215
1.99619 41.9815
2.00193 41.2359
2.00767 41.9345
2.0134 38.2184
2.01914 39.6886
2.02488 37.3462
2.03061 36.4997
2.03635 38.5012
2.04208 37.2101
2.04782 36.9997
2.05356 34.9489
2.05929 42.2632
2.06503 38.7337
2.07076 39.2039
2.0765 38.3388
2.08224 37.9767
2.08797 41.4113
2.09371 37.8459
2.09945 40.462
2.10518 40.9806
2.11092 41.0624
2.11665 39.5831
2.12239 38.8262
2.12813 41.4023
2.13386 37.6047
2.1396 40.9857
2.14534 41.6262
2.15107 39.9544
2.15681 40.7493
2.16254 42.9934
2.16828 41.7156
2.17402 40.4338
2.17975 41.1761
2.18549 41.3535
2.19122 42.7457
2.19696 42.265
2.2027 41.8467
2.20843 45.0956
2.21417 47.3303
2.21991 58.4904
2.22564 86.3376
2.23138 128.806
2.23711 95.182
2.24285 54.5786
2.24859 48.3139
2.25432 45.6986
2.26006 43.3248
2.2658 43.3767
2.27153 45.2266
2.27727 44.9928
2.283 44.2482
2.28874 46.5171
2.29448 44.8241
2.30021 43.1996
2.30595 43.9277
2.31168 44.5491
2.31742 44.2664
2.32316 42.2971
2.32889 44.5585
2.33463 44.185
2.34037 43.5881
2.3461 43.2744
2.35184 42.9615
2.35757 43.4699
2.36331 43.4967
2.36905 43.9102
2.37478 43.4533
2.38052 44.7821
2.38626 44.2917
2.39199 44.4547
2.39773 45.3351
2.40346 45.918
2.4092 44.4255
2.41494 47.7445
2.42067 46.8717
2.42641 44.9804
2.43214 44.707
2.43788 46.6553
2.44362 46.1915
2.44935 47.4251
2.45509 46.5583
2.46083 45.8384
2.46656 45.8624
2.4723 48.6452
2.47803 47.9269
2.48377 46.5952
2.48951 47.8683
2.49524 47.8261
2.50098 46.6046
2.50672 49.5406
2.51245 46.3768
2.51819 46.959
2.52392 48.3845
2.52966 50.4144
2.5354 48.808
2.54113 48.9656
2.54687 50.1107
2.5526 48.5527
2.55834 49.0625
2.56408 48.1162
2.56981 51.3985
2.57555 50.05
2.58129 49.2613
2.58702 49.2375
2.59276 49.0984
2.59849 50.1518
2.60423 50.4529
2.60997 50.6356
2.6157 49.5633
2.62144 51.0666
2.62718 50.5015
2.63291 50.5149
2.63865 48.8686
2.64438 49.395
2.65012 50.4184
2.65586 51.7437
2.66159 51.6128
2.66733 52.2038
2.67306 50.1054
2.6788 51.3247
2.68454 53.9278
2.69027 53.0048
2.69601 49.5756
2.70175 51.18
2.70748 49.947
2.71322 51.9802
2.71895 52.5774
2.72469 50.9521
2.73043 50.783
2.73616 52.0228
2.7419 52.0442
2.74764 50.6633
2.75337 49.5993
2.75911 49.2621
2.76484 49.4383
2.77058 48.9501
2.77632 49.9341
2.78205 50.9596
2.78779 52.3264
2.79352 50.9977
2.79926 51.4725
2.805 51.4007
2.81073 51.5267
2.81647 52.382
2.82221 52.2689
2.82794 51.7739
2.83368 52.8945
2.83941 51.7123
2.84515 54.1181
2.85089 51.0859
2.85662 52.7081
2.86236 50.3174
2.8681 52.3246
2.87383 52.1729
2.87957 52.5165
2.8853 52.7274
2.89104 55.8124
2.89678 53.6309
2.90251 52.819
2.90825 55.2954
2.91398 54.8102
2.91972 54.8924
2.92546 53.8569
2.93119 54.1144
2.93693 56.9594
2.94267 58.0504
2.9484 60.925
2.95414 61.5946
2.95987 67.6143
2.96561 62.5201
2.97135 59.1017
2.97708 58.6969
2.98282 57.8785
2.98856 58.058
2.99429 62.7412
3.00003 70.3156
3.00576 62.6405
3.0115 72.1787
3.01724 63.1392
3.02297 62.9484
3.02871 59.7611
3.03444 59.1021
3.04018 58.6017
3.04592 59.5816
3.05165 62.8549
3.05739 62.5607
3.06313 60.7066
3.06886 61.1185
3.0746 64.194
3.08033 61.6304
3.08607 61.171
3.09181 63.6578
3.09754 64.2891
3.10328 62.141
3.10902 64.7976
3.11475 65.4009
3.12049 67.0487
3.12622 67.2594
3.13196 67.8115
3.1377 67.2605
3.14343 70.5026
3.14917 72.3526
3.1549 96.3516
3.16064 103.419
3.16638 113.807
3.17211 92.3214
3.17785 79.079
3.18359 74.7557
3.18932 76.5498
3.19506 75.594
3.20079 75.3615
3.20653 75.2674
3.21227 75.9325
3.218 75.8223
3.22374 74.5363
3.22948 75.7613
3.23521 78.2782
3.24095 75.8788
3.24668 77.166
3.25242 79.3192
3.25816 77.9018
3.26389 80.3416
3.26963 79.6789
3.27536 80.8795
3.2811 80.4848
3.28684 81.8505
3.29257 81.5897
3.29831 83.1223
3.30405 83.2851
3.30978 86.0499
3.31552 86.1617
3.32125 86.3032
3.32699 87.4428
3.33273 89.0312
3.33846 90.0555
3.3442 90.6266
3.34994 91.4455
3.35567 90.4891
3.36141 91.6215
3.36714 92.6984
3.37288 92.4115
3.37862 92.2013
3.38435 93.4996
3.39009 95.0276
3.39582 94.323
3.40156 96.5493
3.4073 97.2495
3.41303 95.1313
3.41877 98.9041
3.42451 98.4048
3.43024 99.3445
3.43598 100.804
3.44171 101.001
3.44745 102.554
3.45319 101.233
3.45892 103.352
3.46466 104.952
3.4704 107.16
3.47613 107.356
3.48187 108.479
3.4876 111.26
3.49334 111.937
3.49908 111.876
3.50481 113.935
3.51055 115.372
3.51628 117.747
3.52202 117.345
3.52776 117.515
3.53349 121.439
3.53923 123.333
3.54497 126.754
3.5507 127.024
3.55644 130.368
3.56217 134.72
3.56791 135.654
3.57365 136.092
3.57938 140.199
3.58512 144.101
3.59086 147.944
3.59659 150.014
3.60233 152.409
3.60806 156.299
3.6138 156.795
3.61954 164.457
3.62527 170.803
3.63101 174.47
3.63674 183.758
3.64248 190.459
3.64822 198.192
3.65395 210.039
3.65969 218.498
3.66543 228.685
3.67116 239.336
3.6769 253.119
3.68263 261.817
3.68837 266.145
3.69411 279.584
3.69984 289.085
3.70558 308.972
3.71132 325.428
3.71705 330.992
3.72279 334.594
3.72852 331.997
3.73426 345.692
3.74 355.344
3.74573 366.29
3.75147 376.382
3.7572 393.133
3.76294 412.534
3.76868 422.164
3.77441 447.336
3.78015 467.69
3.78589 491.063
3.79162 516.694
3.79736 551.829
3.80309 582.874
3.80883 619.156
3.81457 664.807
3.8203 720.244
3.82604 773.236
3.83178 855.034
3.83751 939.63
3.84325 1033.18
3.84898 1141.53
3.85472 1299.91
3.86046 1486.14
3.86619 1708.46
3.87193 2191.3
3.87766 3137.08
3.8834 3450.23
3.88914 3580.83
3.89487 3385.81
3.90061 3506.2
3.90635 3664.6
3.91208 3918.79
3.91782 3991.13
3.92355 3936.08
3.92929 3824.06
3.93503 3541.31
3.94076 3168.25
3.9465 2816.27
3.95224 2515.56
3.95797 2199.14
3.96371 1921.43
3.96944 1717
3.97518 1514.42
3.98092 1350.88
3.98665 1218.65
3.99239 1108.07
3.99812 1006.56
4.00386 921.723
4.0096 862.968
4.01533 801.438
4.02107 750.079
4.02681 705.455
4.03254 670.37
4.03828 633.658
4.04401 604.825
4.04975 581.874
4.05549 554.128
4.06122 531.835
4.06696 517.082
4.0727 497.442
4.07843 481.191
4.08417 468.343
4.0899 457.99
4.09564 441.989
4.10138 431.229
4.10711 424.993
4.11285 415.612
4.11858 407.585
4.12432 399.518
4.13006 392.552
4.13579 386.311
4.14153 376.29
4.14727 373.244
4.153 369.172
4.15874 362.895
4.16447 361.335
4.17021 356.07
4.17595 350.044
4.18168 346.658
4.18742 345.508
4.19316 343.303
4.19889 339.595
4.20463 336.025
4.21036 333.59
4.2161 332.728
4.22184 326.903
4.22757 327.386
4.23331 325.124
4.23904 319.032
4.24478 321.251
4.25052 323.659
4.25625 322.368
4.26199 323.576
4.26773 323.971
4.27346 324.517
4.2792 323.194
4.28493 326.823
4.29067 329.377
4.29641 331.153
4.30214 328.555
4.30788 334.641
4.31362 334.715
4.31935 341.001
4.32509 346.091
4.33082 352.556
4.33656 356.548
4.3423 361.784
4.34803 371.411
4.35377 377.157
4.3595 382.498
4.36524 391.553
4.37098 402.347
4.37671 408.858
4.38245 421.972
4.38819 434.602
4.39392 447.024
4.39966 461.818
4.40539 478.684
4.41113 496.218
4.41687 512.017
4.4226 530.333
4.42834 553.957
4.43408 577.34
4.43981 601.772
4.44555 638.523
4.45128 668.578
4.45702 729.457
4.46276 849.36
4.46849 1066.39
4.47423 2307.56
4.47996 4963.83
4.4857 5829.22
4.49144 5498.18
4.49717 2365.16
4.50291 1386.96
4.50865 1048.86
4.51438 958.773
4.52012 915.523
4.52585 887.923
4.53159 868.48
4.53733 844.177
4.54306 811.845
4.5488 769.092
4.55454 722.862
4.56027 682.243
4.56601 637.155
4.57174 600.592
4.57748 565.344
4.58322 531.524
4.58895 498.722
4.59469 469.497
4.60042 442.78
4.60616 414.94
4.6119 390.167
4.61763 365.414
4.62337 347.231
4.62911 325.221
4.63484 309.323
4.64058 295.001
4.64631 278.595
4.65205 265.431
4.65779 252.856
4.66352 242.843
4.66926 231.944
4.675 223.009
4.68073 213.044
4.68647 204.478
4.6922 195.84
4.69794 191.882
4.70368 185.765
4.70941 177.772
4.71515 175.607
4.72088 168.742
4.72662 166.704
4.73236 160.515
4.73809 158.098
4.74383 153.475
4.74957 151.156
4.7553 147.502
4.76104 144.851
4.76677 142.046
4.77251 138.253
4.77825 135.079
4.78398 133.843
4.78972 130.446
4.79546 128.846
4.80119 130.38
4.80693 123.757
4.81266 120.134
4.8184 118.597
4.82414 117.857
4.82987 115.006
4.83561 115.142
4.84134 113.355
4.84708 112.684
4.85282 111.284
4.85855 109.069
4.86429 108.61
4.87003 108.499
4.87576 108.869
4.8815 110.365
4.88723 110.184
4.89297 106.889
4.89871 102.305
4.90444 102.544
4.91018 102.565
4.91592 100.813
4.92165 98.2778
4.92739 97.3141
4.93312 96.5573
4.93886 95.9624
4.9446 95.7322
4.95033 95.3618
4.95607 95.513
4.9618 94.8112
4.96754 94.3626
4.97328 93.6579
4.97901 92.1391
4.98475 91.4863
4.99049 91.2589
4.99622 92.3237
5.00196 93.46
5.00769 92.567
5.01343 94.8784
5.01917 98.8872
5.0249 93.0041
5.03064 90.7364
5.03638 88.7207
5.04211 90.0878
5.04785 89.463
5.05358 89.412
5.05932 88.4296
5.06506 89.6412
5.07079 89.2394
5.07653 86.5684
5.08226 85.8687
5.088 86.4126
5.09374 85.1399
5.09947 83.9665
5.10521 85.8423
5.11095 85.7267
5.11668 85.8248
5.12242 85.794
5.12815 85.1445
5.13389 84.9289
5.13963 85.113
5.14536 83.7081
5.1511 84.7492
5.15684 85.2245
5.16257 84.2363
5.16831 84.6259
5.17404 85.4996
5.17978 85.471
5.18552 84.6719
5.19125 82.5815
5.19699 83.7317
5.20272 82.5573
5.20846 84.9949
5.2142 84.3827
5.21993 82.1355
5.22567 82.5107
5.23141 83.039
5.23714 84.0861
5.24288 82.9251
5.24861 83.6874
5.25435 81.8085
5.26009 82.2149
5.26582 82.8738
5.27156 84.5466
5.2773 84.6095
5.28303 82.9127
5.28877 83.9943
5.2945 84.0125
5.30024 83.6491
5.30598 83.0747
5.31171 82.4672
5.31745 81.839
5.32318 82.9035
5.32892 82.654
5.33466 83.9387
5.34039 83.99
5.34613 83.0767
5.35187 82.1054
5.3576 82.6113
5.36334 83.2227
5.36907 82.7635
5.37481 83.0435
5.38055 82.6376
5.38628 83.288
5.39202 82.988
5.39776 83.1375
5.40349 82.9764
5.40923 82.9411
5.41496 83.5175
5.4207 83.9799
5.42644 83.7588
5.43217 83.418
5.43791 84.2712
5.44364 83.2328
5.44938 86.039
5.45512 85.895
5.46085 85.199
5.46659 84.8837
5.47233 86.4795
5.47806 85.2733
5.4838 87.18
5.48953 89.3744
5.49527 90.6702
5.50101 91.8591
5.50674 88.1849
5.51248 86.6213
5.51822 86.9265
5.52395 86.094
5.52969 86.4864
5.53542 87.3917
5.54116 88.5685
5.5469 87.6371
5.55263 86.6238
5.55837 87.7706
5.5641 88.1223
5.56984 88.3303
5.57558 88.131
5.58131 88.0563
5.58705 88.0651
5.59279 88.5277
5.59852 89.424
5.60426 89.4344
5.60999 88.7643
5.61573 87.6856
5.62147 89.2904
5.6272 90.3003
5.63294 89.8359
5.63868 88.2463
5.64441 89.1246
5.65015 89.5177
5.65588 90.1522
5.66162 89.3574
5.66736 90.3373
5.67309 91.9267
5.67883 91.9222
5.68456 90.5366
5.6903 90.7154
5.69604 91.5875
5.70177 90.7034
5.70751 89.7959
5.71325 90.6204
5.71898 92.389
5.72472 91.8011
5.73045 92.3662
5.73619 93.0218
5.74193 92.6222
5.74766 93.9021
5.7534 94.2148
5.75914 94.0052
5.76487 93.4135
5.77061 93.698
5.77634 94.2827
5.78208 98.0753
5.78782 95.5522
5.79355 97.4
5.79929 96.5481
5.80502 95.2565
5.81076 97.2397
5.8165 97.4936
5.82223 98.756
5.82797 98.7825
5.83371 100.894
5.83944 100.882
5.84518 99.7443
5.85091 98.6331
5.85665 99.9664
5.86239 99.7438
5.86812 100.373
5.87386 100.722
5.8796 101.453
5.88533 102.049
5.89107 102.104
5.8968 101.659
5.90254 104.63
5.90828 103.842
5.91401 103.833
5.91975 104.511
5.92548 105.055
5.93122 105.695
5.93696 106.02
5.94269 106.117
5.94843 106.451
5.95417 109.356
5.9599 108.683
5.96564 111.041
5.97137 111.35
5.97711 111.534
5.98285 112.779
5.98858 113.334
5.99432 115.075
6.00006 114.39
6.00579 115.149
6.01153 116.497
6.01726 119.746
6.023 118.648
6.02874 119.081
6.03447 121.458
6.04021 122.85
6.04594 123.065
6.05168 124
6.05742 125.879
6.06315 126.995
6.06889 127.617
6.07463 129.805
6.08036 131.529
6.0861 131.23
6.09183 135.128
6.09757 137.882
6.10331 138.095
6.10904 138.59
6.11478 141.209
6.12052 141.954
6.12625 143.513
6.13199 146.73
6.13772 149.808
6.14346 150.642
6.1492 152.67
6.15493 155.39
6.16067 157.252
6.1664 162.868
6.17214 165.835
6.17788 169.873
6.18361 173.13
6.18935 175.198
6.19509 180.979
6.20082 182.257
6.20656 186.165
6.21229 194.222
6.21803 196.914
6.22377 201.263
6.2295 209.159
6.23524 219.436
6.24098 223.95
6.24671 231.446
6.25245 242.254
6.25818 252.474
6.26392 261.305
6.26966 273.355
6.27539 286.528
6.28113 297.747
6.28686 310.386
6.2926 334.419
6.29834 351.05
6.30407 371.713
6.30981 430.691
6.31555 518.918
6.32128 491.691
6.32702 1163.44
6.33275 4440.34
6.33849 3118.49
6.34423 6635.32
6.34996 5845.13
6.3557 4344.72
6.36144 2838.4
6.36717 1508.31
6.37291 1036.77
6.37864 857.907
6.38438 825.035
6.39012 838.418
6.39585 841.446
6.40159 846.695
6.40732 859.716
6.41306 860.135
6.4188 857.15
6.42453 837.403
6.43027 817.137
6.43601 780.511
6.44174 735.646
6.44748 696.175
6.45321 650.604
6.45895 611.652
6.46469 570.233
6.47042 536.582
6.47616 502.06
6.4819 470.361
6.48763 444.156
6.49337 420.849
6.4991 395.768
6.50484 375.351
6.51058 357.381
6.51631 342.266
6.52205 326.417
6.52778 312.849
6.53352 300.698
6.53926 287.592
6.54499 276.566
6.55073 268.141
6.55647 259.755
6.5622 251.057
6.56794 244.012
6.57367 238.775
6.57941 233.059
6.58515 231.071
6.59088 222.499
6.59662 217.457
6.60236 213.281
6.60809 210.765
6.61383 207.584
6.61956 203.454
6.6253 202.226
6.63104 197.971
6.63677 195.807
6.64251 193.308
6.64824 190.361
6.65398 187.57
6.65972 182.781
6.66545 183.269
6.67119 180.703
6.67693 180.633
6.68266 176.087
6.6884 176.135
6.69413 176.782
6.69987 173.65
6.70561 172.8
6.71134 170.94
6.71708 170.01
6.72282 167.436
6.72855 167.599
6.73429 166.634
6.74002 164.486
6.74576 163.288
6.7515 161.778
6.75723 161.173
6.76297 159.435
6.7687 157.227
6.77444 158.422
6.78018 159.197
6.78591 158.798
6.79165 156.05
6.79739 156.81
6.80312 156.1
6.80886 154.867
6.81459 155.821
6.82033 152.898
6.82607 155.841
6.8318 153.716
6.83754 154.615
6.84328 152.434
6.84901 152.995
6.85475 151.321
6.86048 149.017
6.86622 151.325
6.87196 150.521
6.87769 150.668
6.88343 149.949
6.88916 150.709
6.8949 149.63
6.90064 149.158
6.90637 149.894
6.91211 147.7
6.91785 148.499
6.92358 147.994
6.92932 147.638
6.93505 148.352
6.94079 147.256
6.94653 147.496
6.95226 148.424
6.958 148.099
6.96374 147.561
6.96947 147.05
6.97521 149.127
6.98094 147.786
6.98668 148.244
6.99242 146.748
6.99815 146.029
7.00389 147.709
7.00962 149.212
7.01536 147.922
7.0211 147.495
7.02683 147.748
7.03257 146.626
7.03831 146.893
7.04404 147.59
7.04978 149.835
7.05551 150.326
7.06125 150.871
7.06699 150.695
7.07272 151.657
7.07846 151.094
7.0842 151.748
7.08993 152.771
7.09567 151.916
7.1014 153.193
7.10714 151.289
7.11288 154.619
7.11861 153.465
7.12435 155.899
7.13008 154.815
7.13582 157.336
7.14156 158.526
7.14729 157.973
7.15303 159.405
7.15877 158.983
7.1645 160.263
7.17024 161.943
7.17597 163.183
7.18171 163.881
7.18745 166.285
7.19318 167.729
7.19892 168.342
7.20466 170.062
7.21039 169.663
7.21613 171.772
7.22186 173.415
7.2276 175.138
7.23334 177.466
7.23907 179.979
7.24481 182.048
7.25054 184.556
7.25628 187.015
7.26202 189.353
7.26775 191.437
7.27349 195.116
7.27923 197.098
7.28496 200.61
7.2907 203.2
7.29643 206.559
7.30217 211.074
7.30791 215.613
7.31364 218.606
7.31938 223.08
7.32512 228.78
7.33085 234.645
7.33659 241.562
7.34232 245.976
7.34806 254.912
7.3538 264.852
7.35953 272.623
7.36527 283.344
7.371 292.396
7.37674 305.781
7.38248 316.332
7.38821 327.219
7.39395 344.373
7.39969 359.18
7.40542 377.297
7.41116 397.134
7.41689 423.128
7.42263 458.519
7.42837 530.758
7.4341 661.647
7.43984 1023.99
7.44558 1823
7.45131 2483.56
7.45705 2437.58
7.46278 1737.77
7.46852 1239.64
7.47426 925.023
7.47999 828.349
7.48573 820.154
7.49146 835.365
7.4972 854.033
7.50294 867.899
7.50867 883.493
7.51441 894.784
7.52015 896.853
7.52588 891.107
7.53162 878.02
7.53735 855.837
7.54309 822.631
7.54883 786.654
7.55456 740.857
7.5603 696.804
7.56604 649.431
7.57177 606.442
7.57751 566.16
7.58324 531.613
7.58898 499.236
7.59472 469.102
7.60045 443.147
7.60619 417.851
7.61192 397.508
7.61766 374.849
7.6234 357.28
7.62913 343.729
7.63487 329.746
7.64061 316.489
7.64634 304.027
7.65208 295.855
7.65781 286.995
7.66355 278.202
7.66929 272.874
7.67502 266.058
7.68076 260.101
7.6865 255.803
7.69223 251.437
7.69797 250.393
7.7037 246.026
7.70944 245.303
7.71518 244.493
7.72091 243.099
7.72665 242.824
7.73238 244.309
7.73812 245.341
7.74386 247.778
7.74959 252.008
7.75533 257.098
7.76107 264.298
7.7668 276.154
7.77254 310.964
7.77827 404.926
7.78401 513.707
7.78975 601.704
7.79548 525.473
7.80122 437.972
7.80696 383.983
7.81269 375.182
7.81843 381.074
7.82416 392.45
7.8299 408.619
7.83564 416.644
7.84137 426.524
7.84711 428.907
7.85284 429.673
7.85858 429.551
7.86432 417.955
7.87005 411.196
7.87579 393.622
7.88153 375.39
7.88726 351.854
7.893 329.356
7.89873 305.251
7.90447 287.06
7.91021 269.322
7.91594 252.336
7.92168 236.007
7.92742 223.151
7.93315 214.66
7.93889 202.24
7.94462 192.024
7.95036 183.933
7.9561 179.027
7.96183 170.999
7.96757 166.937
7.9733 162.219
7.97904 157.111
7.98478 153.131
7.99051 148.422
7.99625 144.574
8.00199 142.562
8.00772 138.399
8.01346 139.781
8.01919 136.093
8.02493 133.055
8.03067 133.059
8.0364 130.32
8.04214 129.146
8.04788 128.289
8.05361 126.187
8.05935 123.428
8.06508 122.843
8.07082 119.866
8.07656 119.385
8.08229 118.21
8.08803 117.27
8.09376 114.493
8.0995 114.416
8.10524 111.95
8.11097 110.195
8.11671 107.35
8.12245 104.282
8.12818 105.303
8.13392 102.06
8.13965 99.7716
8.14539 98.7706
8.15113 98.6897
8.15686 91.36
8.1626 95.0793
8.16834 95.6004
8.17407 98.4845
8.17981 97.6213
8.18554 96.9474
8.19128 97.5951
8.19702 97.6069
8.20275 97.1712
8.20849 96.3535
8.21422 95.8593
8.21996 94.8269
8.2257 96.7906
8.23143 95.9126
8.23717 94.0887
8.24291 95.3294
8.24864 94.9734
8.25438 95.1058
8.26011 93.8447
8.26585 93.5093
8.27159 93.0628
8.27732 93.8769
8.28306 93.2955
8.2888 92.9396
8.29453 93.0848
8.30027 92.3832
8.306 91.4561
8.31174 91.5588
8.31748 91.1675
8.32321 91.0802
8.32895 92.6714
8.33468 90.5015
8.34042 90.1306
8.34616 90.3527
8.35189 90.124
8.35763 91.0054
8.36337 92.2497
8.3691 89.7184
8.37484 90.6152
8.38057 90.6811
8.38631 89.4145
8.39205 89.549
8.39778 89.1994
8.40352 89.4033
8.40926 89.5846
8.41499 88.8156
8.42073 88.5432
8.42646 86.3133
8.4322 87.7746
8.43794 87.1104
8.44367 88.108
8.44941 87.5408
8.45514 88.4695
8.46088 87.6835
8.46662 89.0812
8.47235 87.3554
8.47809 88.5432
8.48383 87.6058
8.48956 86.7934
8.4953 86.294
8.50103 86.1061
8.50677 86.7613
8.51251 86.9541
8.51824 86.2714
8.52398 85.6602
8.52972 86.5336
8.53545 87.4729
8.54119 86.5038
8.54692 84.3782
8.55266 85.3214
8.5584 83.9553
8.56413 87.488
8.56987 85.9278
8.5756 88.156
8.58134 85.2028
8.58708 86.514
8.59281 86.9611
8.59855 86.7544
8.60429 88.8738
8.61002 86.7835
8.61576 87.1188
8.62149 87.9947
8.62723 87.7884
8.63297 87.3913
8.6387 87.9373
8.64444 87.6743
8.65018 85.6354
8.65591 86.1035
8.66165 88.4733
8.66738 87.8208
8.67312 88.5091
8.67886 86.2528
8.68459 87.2407
8.69033 85.5875
8.69606 88.634
8.7018 87.2669
8.70754 87.0189
8.71327 85.3726
8.71901 87.8345
8.72475 89.5779
8.73048 87.8821
8.73622 86.0989
8.74195 87.418
8.74769 87.965
8.75343 89.0719
8.75916 87.842
8.7649 89.8604
8.77064 86.2896
8.77637 86.1977
8.78211 90.2783
8.78784 89.0409
8.79358 88.1965
8.79932 87.7895
8.80505 88.9292
8.81079 89.2714
8.81652 87.476
8.82226 92.1646
8.828 90.2151
8.83373 91.9895
8.83947 89.5226
8.84521 90.9543
8.85094 93.1036
8.85668 93.3445
8.86241 94.4225
8.86815 90.8206
8.87389 92.9544
8.87962 95.3959
8.88536 95.3162
8.8911 96.7116
8.89683 94.749
8.90257 96.9876
8.9083 98.341
8.91404 102.177
8.91978 100.192
8.92551 101.273
8.93125 102.938
8.93698 101.795
8.94272 102.25
8.94846 107.993
8.95419 108.383
8.95993 108.98
8.96567 110.794
8.9714 121.31
8.97714 133.855
8.98287 158.991
8.98861 275.913
8.99435 415.843
9.00008 517.406
9.00582 255.782
9.01156 156.714
9.01729 135.941
9.02303 126.612
9.02876 123.671
9.0345 125.32
9.04024 123.643
9.04597 128.263
9.05171 122.288
9.05744 123.876
9.06318 129.11
9.06892 122.803
9.07465 128.43
9.08039 123.157
9.08613 120.597
9.09186 129.838
9.0976 121.131
9.10333 123.29
9.10907 124.88
9.11481 119.651
9.12054 119.813
9.12628 115.115
9.13202 117.532
9.13775 118.227
9.14349 108.394
9.14922 114.297
9.15496 107.913
9.1607 110.394
9.16643 105.906
9.17217 104.831
9.1779 106.448
9.18364 102.088
9.18938 104.06
9.19511 97.5533
9.20085 99.9729
9.20659 96.0498
9.21232 104.871
9.21806 90.2869
9.22379 88.8342
9.22953 89.2528
9.23527 90.3544
9.241 86.4435
9.24674 85.6366
9.25248 84.2331
9.25821 81.993
9.26395 87.4965
9.26968 80.9646
9.27542 79.9517
9.28116 70.07
9.28689 78.3068
9.29263 74.984
9.29836 68.705
9.3041 70.434
9.30984 68.926
9.31557 61.3576
9.32131 58.7624
9.32705 57.7577
9.33278 61.4527
9.33852 51.4725
9.34425 61.5059
9.34999 38.7446
9.35573 50.765
9.36146 50.96
9.3672 39.13
9.37294 45.1701
9.37867 34.1452
9.38441 21.021
9.39014 9.009
9.39588 0
9.40162 0
9.40735 0
9.41309 0
9.41882 0
9.42456 0
9.4303 0
9.43603 0
9.44177 0
9.44751 0
9.45324 0
9.45898 0
9.46471 0
9.47045 0
9.47619 0
9.48192 0
9.48766 0
9.4934 0
9.49913 0
9.50487 0
9.5106 0
9.51634 0
9.52208 0
9.52781 0
9.53355 0
9.53928 0
9.54502 0
9.55076 0
9.55649 0
9.56223 0
9.56797 0
9.5737 0
9.57944 0
9.58517 0
9.59091 0
9.59665 0
9.60238 0
9.60812 0
9.61386 0
9.61959 0
9.62533 0
9.63106 0
9.6368 0
9.64254 0
9.64827 0
9.65401 0
9.65974 0
9.66548 0
9.67122 0
9.67695 0
9.68269 0
9.68843 0
9.69416 0
9.6999 0
9.70563 0
9.71137 0
9.71711 0
9.72284 0
9.72858 0
9.73432 0
9.74005 0
9.74579 0
9.75152 0
9.75726 0
9.763 0
9.76873 0
9.77447 0
9.7802 0
9.78594 0
9.79168 0
9.79741 0
9.80315 0
9.80889 0
9.81462 0
9.82036 0
9.82609 0
9.83183 0
9.83757 0
9.8433 0
9.84904 0
9.85478 0
9.86051 0
9.86625 0
9.87198 0
9.87772 0
9.88346 0
9.88919 0
9.89493 0
9.90066 0
9.9064 0
9.91214 0
9.91787 0
9.92361 0
9.92935 0
9.93508 0
9.94082 0
9.94655 0
9.95229 0
9.95803 0
9.96376 0
9.9695 0
9.97524 0
9.98097 0
9.98671 0
9.99244 0
9.99818 0
10.0039 0
10.0097 0
10.0154 0
10.0211 0
10.0269 0
10.0326 0
10.0383 0
10.0441 0
10.0498 0
10.0555 0
10.0613 0
10.067 0
10.0728 0
10.0785 0
10.0842 0
10.09 0
10.0957 0
10.1014 0
10.1072 0
10.1129 0
10.1186 0
10.1244 0
10.1301 0
10.1358 0
10.1416 0
10.1473 0
10.1531 0
10.1588 0
10.1645 0
10.1703 0
10.176 0
10.1817 0
10.1875 0
10.1932 0
10.1989 0
10.2047 0
10.2104 0
10.2162 0
10.2219 0
10.2276 0
10.2334 0
10.2391 0
10.2448 0
10.2506 0
10.2563 0
10.262 0
10.2678 0
10.2735 0
10.2793 0
10.285 0
10.2907 0
10.2965 0
10.3022 0
10.3079 0
10.3137 0
10.3194 0
10.3251 0
10.3309 0
10.3366 0
10.3424 0
10.3481 0
10.3538 0
10.3596 0
10.3653 0
10.371 0
10.3768 0
10.3825 0
10.3882 0
10.394 0
10.3997 0
10.4054 0
10.4112 0
10.4169 0
10.4227 0
10.4284 0
10.4341 0
10.4399 0
10.4456 0
10.4513 0
10.4571 0
10.4628 0
10.4685 0
10.4743 0
10.48 0
10.4858 0
10.4915 0
10.4972 0
10.503 0
10.5087 0
10.5144 0
10.5202 0
10.5259 0
10.5316 0
10.5374 0
10.5431 0
10.5489 0
10.5546 0
10.5603 0
10.5661 0
10.5718 0
10.5775 0
10.5833 0
10.589 0
10.5947 0
10.6005 0
10.6062 0
10.612 0
10.6177 0
10.6234 0
10.6292 0
10.6349 0
10.6406 0
10.6464 0
10.6521 0
10.6578 0
10.6636 0
10.6693 0
10.6751 0
10.6808 0
10.6865 0
10.6923 0
10.698 0
10.7037 0
10.7095 0
10.7152 0
10.7209 0
10.7267 0
10.7324 0
10.7381 0
10.7439 0
10.7496 0
10.7554 0
10.7611 0
10.7668 0
10.7726 0
10.7783 0
10.784 0
10.7898 0
10.7955 0
10.8012 0
10.807 0
10.8127 0
10.8185 0
10.8242 0
10.8299 0
10.8357 0
10.8414 0
10.8471 0
10.8529 0
10.8586 0
10.8643 0
10.8701 0
10.8758 0
10.8816 0
10.8873 0
10.893 0
10.8988 0
10.9045 0
10.9102 0
10.916 0
10.9217 0
10.9274 0
10.9332 0
10.9389 0
10.9447 0
10.9504 0
10.9561 0
10.9619 0
10.9676 0
10.9733 0
10.9791 0
10.9848 0
10.9905 0
10.9963 0
11.002 0
11.0077 0
11.0135 0
11.0192 0
11.025 0
11.0307 0
11.0364 0
11.0422 0
11.0479 0
11.0536 0
11.0594 0
11.0651 0
11.0708 0
11.0766 0
11.0823 0
11.0881 0
11.0938 0
11.0995 0
11.1053 0
11.111 0
11.1167 0
11.1225 0
11.1282 0
11.1339 0
11.1397 0
11.1454 0
11.1512 0
11.1569 0
11.1626 0
11.1684 0
11.1741 0
11.1798 0
11.1856 0
11.1913 0
11.197 0
11.2028 0
11.2085 0
11.2143 0
11.22 0
11.2257 0
11.2315 0
11.2372 0
11.2429 0
11.2487 0
11.2544 0
11.2601 0
11.2659 0
11.2716 0
11.2774 0
11.2831 0
11.2888 0
11.2946 0
11.3003 0
11.306 0
11.3118 0
11.3175 0
11.3232 0
11.329 0
11.3347 0
11.3404 0
11.3462 0
11.3519 0
11.3577 0
11.3634 0
11.3691 0
11.3749 0
11.3806 0
11.3863 0
11.3921 0
11.3978 0
11.4035 0
11.4093 0
11.415 0
11.4208 0
11.4265 0
11.4322 0
11.438 0
11.4437 0
11.4494 0
11.4552 0
11.4609 0
11.4666 0
11.4724 0
11.4781 0
11.4839 0
11.4896 0
11.4953 0
11.5011 0
11.5068 0
11.5125 0
11.5183 0
11.524 0
11.5297 0
11.5355 0
11.5412 0
11.547 0
11.5527 0
11.5584 0
11.5642 0
11.5699 0
11.5756 0
11.5814 0
11.5871 0
11.5928 0
11.5986 0
11.6043 0
11.61 0
11.6158 0
11.6215 0
11.6273 0
11.633 0
11.6387 0
11.6445 0
11.6502 0
11.6559 0
11.6617 0
11.6674 0
11.6731 0
11.6789 0
11.6846 0
11.6904 0
11.6961 0
11.7018 0
11.7076 0
11.7133 0
11.719 0
11.7248 0
11.7305 0
11.7362 0
11.742 0
