0 0
0.00573619 -30
0.0114724 16
0.0172086 -9
0.0229448 -11.3333
0.028681 -11
0.0344171 9
0.0401533 -6.4
0.0458895 -5.2
0.0516257 -5.66667
0.0573619 -10.1667
0.0630981 -1.71429
0.0688343 13
0.0745705 8.33333
0.0803067 -13.1111
0.0860429 5.88889
0.091779 1.75
0.0975152 2
0.103251 1.44444
0.108988 2.88889
0.114724 5.6
0.12046 0.272727
0.126196 7
0.131932 6.5
0.137669 3.26667
0.143405 -1.69231
0.149141 0.307692
0.154877 -1.875
0.160613 -4.66667
0.16635 -5.13333
0.172086 -1.66667
0.177822 -2.57895
0.183558 -1.17647
0.189294 5.92857
0.19503 -2.95238
0.200767 4.09524
0.206503 -3.47059
0.212239 -3.66667
0.217975 -2.28571
0.223711 -6.70588
0.229448 -3.625
0.235184 0.26087
0.24092 5.36364
0.246656 -1.88889
0.252392 2.48
0.258129 3.48148
0.263865 -0.333333
0.269601 4.875
0.275337 2.2069
0.281073 -0.28
0.28681 -2.58333
0.292546 3.52
0.298282 2.34483
0.304018 4.92593
0.309754 -2.96667
0.31549 7
0.321227 1.14815
0.326963 3.9
0.332699 3.58065
0.338435 1.18182
0.344171 -1.29167
0.349908 3.08571
0.355644 -0.657143
0.36138 4.32258
0.367116 0.411765
0.372852 0.484848
0.378589 3.72973
0.384325 0.5625
0.390061 2.35897
0.395797 -0.692308
0.401533 5.69231
0.40727 4.72093
0.413006 5.02703
0.418742 10.075
0.424478 8.91177
0.430214 7.93333
0.43595 7.73171
0.441687 12.875
0.447423 13
0.453159 12.7949
0.458895 6.97674
0.464631 9.54545
0.470368 15.0976
0.476104 18.4681
0.48184 10.5278
0.487576 11.3077
0.493312 11.6585
0.499049 12.925
0.504785 17.4737
0.510521 13.8
0.516257 13.7209
0.521993 13.9318
0.52773 16.0755
0.533466 18.7111
0.539202 18.7083
0.544938 19.1569
0.550674 13.8269
0.55641 12.3542
0.562147 12.5294
0.567883 13.8596
0.573619 14.0444
0.579355 13.6296
0.585091 11.1579
0.590828 16.0755
0.596564 10.6458
0.6023 14.7679
0.608036 14.3692
0.613772 13.7755
0.619509 15
0.625245 14.322
0.630981 16.5818
0.636717 13.931
0.642453 19.4737
0.64819 17.746
0.653926 18.3462
0.659662 15.7385
0.665398 14.9219
0.671134 21.0175
0.67687 17.9194
0.682607 22.381
0.688343 24.1493
0.694079 19.0926
0.699815 19.0145
0.705551 20.8
0.711288 19.8909
0.717024 20.1351
0.72276 18.6393
0.728496 18.5714
0.734232 21.6094
0.739969 22.1594
0.745705 22.5493
0.751441 17.8621
0.757177 21.2857
0.762913 24.1045
0.76865 23.6667
0.774386 19.3235
0.780122 22.6712
0.785858 18.7403
0.791594 25.3333
0.79733 19.6707
0.803067 21.2174
0.808803 17.1143
0.814539 21.3457
0.820275 20.8873
0.826011 18.2468
0.831748 17.5694
0.837484 17.2706
0.84322 19.2143
0.848956 16.6806
0.854692 20.7765
0.860429 17
0.866165 19.8767
0.871901 20.65
0.877637 17.241
0.883373 19.2078
0.88911 21.2692
0.894846 16.8235
0.900582 22.8434
0.906318 20.0811
0.912054 20.2
0.91779 21.4943
0.923527 20.2078
0.929263 20.7326
0.934999 18.011
0.940735 17.6667
0.946471 21.25
0.952208 20.3647
0.957944 18.3656
0.96368 18.7436
0.969416 19.5158
0.975152 23.3
0.980889 18.8824
0.986625 18.4302
0.992361 20.0632
0.998097 16.9053
1.00383 18.0125
1.00957 18.6263
1.01531 16.5258
1.02104 16.25
1.02678 18.3333
1.03251 17.2857
1.03825 18.7
1.04399 17.5349
1.04972 18.5842
1.05546 17.2178
1.0612 18.0732
1.06693 18.7477
1.07267 21.1758
1.0784 21.1262
1.08414 20.6224
1.08988 18.99
1.09561 20.4381
1.10135 19.6977
1.10708 18.2091
1.11282 20
1.11856 22.6327
1.12429 17.8571
1.13003 23.2762
1.13577 18.9429
1.1415 20.0588
1.14724 18.8349
1.15297 20.34
1.15871 18.62
1.16445 17.4783
1.17018 20.1619
1.17592 19.8878
1.18166 16.0104
1.18739 19.1933
1.19313 19.8899
1.19886 22.5243
1.2046 15.4435
1.21034 18.9159
1.21607 17.0182
1.22181 19.4182
1.22754 18.6667
1.23328 15.3458
1.23902 18.8929
1.24475 20.0252
1.25049 19.4037
1.25623 17.5
1.26196 18.5299
1.2677 17.4435
1.27343 20.1261
1.27917 20.2712
1.28491 17.9831
1.29064 21.4513
1.29638 17.1121
1.30212 18.1795
1.30785 18.0168
1.31359 20.7328
1.31932 17.5118
1.32506 17.9832
1.3308 18.8276
1.33653 18.6508
1.34227 16.2605
1.348 20.7323
1.35374 20.2478
1.35948 16.28
1.36521 19.7863
1.37095 20.6636
1.37669 17.7122
1.38242 20.5164
1.38816 18.626
1.39389 18.4831
1.39963 19.0682
1.40537 17.5969
1.4111 18.1786
1.41684 20.6364
1.42258 17.837
1.42831 17.5455
1.43405 18.6385
1.43978 18.5259
1.44552 17.2754
1.45126 16.9068
1.45699 17.539
1.46273 18.4621
1.46846 20.5635
1.4742 18.3566
1.47994 18.6589
1.48567 21.3609
1.49141 19.3923
1.49715 18.2685
1.50288 19.9635
1.50862 18.6371
1.51435 17.6575
1.52009 16.6596
1.52583 18.3588
1.53156 16.9111
1.5373 19.4286
1.54304 18.5957
1.54877 16.6985
1.55451 16.2282
1.56024 18.6496
1.56598 19.3071
1.57172 18.9504
1.57745 18.2703
1.58319 19.617
1.58892 19.5915
1.59466 18.0067
1.6004 18.9301
1.60613 16.4275
1.61187 17.1544
1.61761 16.6433
1.62334 19.1955
1.62908 15.9355
1.63481 19.2252
1.64055 17.3467
1.64629 19.0616
1.65202 17.7351
1.65776 17.6424
1.6635 17.3139
1.66923 17.1258
1.67497 19.362
1.6807 19.4161
1.68644 16.2215
1.69218 20.1975
1.69791 17.5556
1.70365 19.5068
1.70938 19.7308
1.71512 18.8344
1.72086 18.9632
1.72659 17.4335
1.73233 17.4387
1.73807 16.0719
1.7438 19.3072
1.74954 18.4088
1.75527 17.5427
1.76101 21.7574
1.76675 18.1934
1.77248 20.878
1.77822 19.2041
1.78396 16.2917
1.78969 19.5541
1.79543 18.2254
1.80116 17.3758
1.8069 18.8246
1.81264 19.7725
1.81837 20.2733
1.82411 17.1833
1.82984 16.8075
1.83558 17.2788
1.84132 17.4121
1.84705 17.8047
1.85279 17.7719
1.85853 21.1313
1.86426 18.7627
1.87 17.907
1.87573 20.8625
1.88147 17.4463
1.88721 18.9012
1.89294 20.2659
1.89868 20.1706
1.90442 19.046
1.91015 21.1302
1.91589 35.8274
1.92162 38.5936
1.92736 22.5367
1.9331 21.6845
1.93883 20.7442
1.94457 21.9577
1.9503 23.2176
1.95604 20.7965
1.96178 22.4917
1.96751 23.4486
1.97325 21.8773
1.97899 21.4385
1.98472 20.7447
1.99046 21.2629
1.99619 21.6648
2.00193 21.2895
2.00767 20.3898
2.0134 20.5523
2.01914 19.3032
2.02488 18.7225
2.03061 21.339
2.03635 20.7872
2.04208 19.5189
2.04782 20.7181
2.05356 19.2258
2.05929 19.8619
2.06503 20.175
2.07076 22.108
2.0765 19.2746
2.08224 19.801
2.08797 19.1156
2.09371 19.3586
2.09945 19.9568
2.10518 19.5779
2.11092 20.5882
2.11665 19.8462
2.12239 19.1063
2.12813 22.0296
2.13386 21.4179
2.1396 20.6181
2.14534 21.1026
2.15107 19.4064
2.15681 20.2312
2.16254 20.8168
2.16828 20.5217
2.17402 20.4408
2.17975 21.985
2.18549 19.2169
2.19122 19.8416
2.19696 20.3762
2.2027 22.2829
2.20843 29.3202
2.21417 36.2406
2.21991 44.9812
2.22564 31.7213
2.23138 23.1991
2.23711 20.8213
2.24285 20.25
2.24859 21.2812
2.25432 22.1826
2.26006 22.4175
2.2658 19.6183
2.27153 19.093
2.27727 21.3697
2.283 20.8358
2.28874 20.6912
2.29448 20.3423
2.30021 18.6114
2.30595 20.1515
2.31168 21.213
2.31742 21.401
2.32316 23.6731
2.32889 23.3785
2.33463 22.6338
2.34037 24.9108
2.3461 27.1698
2.35184 28.371
2.35757 25.8431
2.36331 27.9626
2.36905 26.1751
2.37478 27.4414
2.38052 25.4793
2.38626 26.5606
2.39199 23.8205
2.39773 24.744
2.40346 24.5525
2.4092 27.6771
2.41494 26.2579
2.42067 23.7465
2.42641 21.1889
2.43214 20.8615
2.43788 21.3575
2.44362 22.3921
2.44935 22.5966
2.45509 21.8169
2.46083 22.1843
2.46656 22.8035
2.4723 22.6261
2.47803 21.8279
2.48377 21.7301
2.48951 22.9103
2.49524 21.5158
2.50098 21.9598
2.50672 21.9071
2.51245 20.7039
2.51819 23.0648
2.52392 22.6597
2.52966 22.5565
2.5354 21.0417
2.54113 20.9958
2.54687 24.3247
2.5526 24.6271
2.55834 22.1937
2.56408 23.8596
2.56981 23.8967
2.57555 24.2624
2.58129 25.3853
2.58702 24.6778
2.59276 22.2263
2.59849 22.9703
2.60423 24.0636
2.60997 24.9668
2.6157 23.1697
2.62144 24.1445
2.62718 23.3745
2.63291 23.5858
2.63865 23.279
2.64438 24.716
2.65012 23.984
2.65586 21.7054
2.66159 22.4506
2.66733 22.4672
2.67306 23.1957
2.6788 22.4023
2.68454 21.4454
2.69027 23.1727
2.69601 22.3087
2.70175 23.9102
2.70748 24.3333
2.71322 24.7932
2.71895 24.7011
2.72469 24.6831
2.73043 22.0197
2.73616 25.5375
2.7419 23.6809
2.74764 22.336
2.75337 22.7013
2.75911 22.8745
2.76484 24.5357
2.77058 24.4897
2.77632 23.7336
2.78205 23.5
2.78779 22.7722
2.79352 22.7787
2.79926 25.4925
2.805 24.4618
2.81073 24.5
2.81647 23.5741
2.82221 24.2129
2.82794 25.0397
2.83368 25.7583
2.83941 24.7365
2.84515 24.62
2.85089 24.0853
2.85662 23.9888
2.86236 25.0992
2.8681 25.4593
2.87383 23.7698
2.87957 25.3237
2.8853 28.0442
2.89104 25.5703
2.89678 27.0491
2.90251 24.3257
2.90825 26.2008
2.91398 25.3212
2.91972 28.1336
2.92546 25.2819
2.93119 27.3962
2.93693 26.1841
2.94267 27.2061
2.9484 26.3321
2.95414 27.1984
2.95987 27.8022
2.96561 27.7192
2.97135 28.7616
2.97708 32.1241
2.98282 34.9801
2.98856 56.1393
2.99429 58.4536
3.00003 36.3829
3.00576 31.6958
3.0115 29.0735
3.01724 29.4498
3.02297 27.8702
3.02871 26
3.03444 28.9319
3.04018 30.5288
3.04592 30.136
3.05165 30.3118
3.05739 28.6714
3.06313 30.4825
3.06886 26.5169
3.0746 29.1368
3.08033 31.4638
3.08607 30.5
3.09181 30.6522
3.09754 32.0865
3.10328 32.7669
3.10902 37.2123
3.11475 33.7119
3.12049 35.8608
3.12622 34.089
3.13196 39.5267
3.1377 39.4
3.14343 43.6214
3.14917 39.0138
3.1549 36.2872
3.16064 34.2831
3.16638 33.6205
3.17211 34.0903
3.17785 33.5495
3.18359 33.5125
3.18932 34.2267
3.19506 35.4545
3.20079 33.1599
3.20653 33.316
3.21227 34.9078
3.218 32.3854
3.22374 34.5625
3.22948 36.4548
3.23521 34.6197
3.24095 38.2974
3.24668 36.1079
3.25242 35.57
3.25816 35.6092
3.26389 34.9806
3.26963 37.887
3.27536 37.1452
3.2811 39.2169
3.28684 36.8969
3.29257 39.5246
3.29831 38.6214
3.30405 39.7692
3.30978 42.8033
3.31552 42.0428
3.32125 45.0644
3.32699 46.0532
3.33273 47.2019
3.33846 47.4586
3.3442 45.3448
3.34994 45.2951
3.35567 45.5847
3.36141 46.6183
3.36714 46.9968
3.37288 56.1922
3.37862 74.3072
3.38435 69.2985
3.39009 77.1448
3.39582 60.6895
3.40156 46.9277
3.4073 45.9016
3.41303 45.67
3.41877 47.1419
3.42451 46.0991
3.43024 47.1592
3.43598 46.0759
3.44171 44.4608
3.44745 47.3993
3.45319 46.395
3.45892 46.1871
3.46466 44.1826
3.4704 47.1927
3.47613 47.3477
3.48187 48.8434
3.4876 46.0667
3.49334 49.5302
3.49908 48.9936
3.50481 50.6209
3.51055 51.3875
3.51628 50.5065
3.52202 53.7323
3.52776 56.9068
3.53349 57.7736
3.53923 64.4846
3.54497 73.2947
3.5507 77.6848
3.55644 76.4405
3.56217 68.0985
3.56791 63.0377
3.57365 56.5652
3.57938 55.1111
3.58512 56.3446
3.59086 58.3599
3.59659 57.8704
3.60233 58.1604
3.60806 57.9273
3.6138 59.7333
3.61954 58.1373
3.62527 62.512
3.63101 64.8162
3.63674 69.9849
3.64248 75.9393
3.64822 79.4489
3.65395 81.018
3.65969 83.4588
3.66543 76.7748
3.67116 75.6426
3.6769 77.9137
3.68263 82.5442
3.68837 81.0159
3.69411 80.7918
3.69984 75.136
3.70558 77.403
3.71132 77.6506
3.71705 78.1739
3.72279 76.7843
3.72852 77.5433
3.73426 80.4
3.74 81.6404
3.74573 83.288
3.75147 84.6156
3.7572 85.7514
3.76294 87.3884
3.76868 89.7485
3.77441 91.1449
3.78015 93.454
3.78589 97.9848
3.79162 99.7901
3.79736 104.896
3.80309 111.176
3.80883 114.322
3.81457 121.598
3.8203 130.429
3.82604 143.686
3.83178 165.87
3.83751 240.174
3.84325 482.904
3.84898 759.705
3.85472 1378.36
3.86046 632.42
3.86619 468.698
3.87193 522.207
3.87766 653.431
3.8834 850.573
3.88914 1095.32
3.89487 1288.2
3.90061 1225.74
3.90635 1007.02
3.91208 780.967
3.91782 567.417
3.92355 427.423
3.92929 336.299
3.93503 272.555
3.94076 227.598
3.9465 196.901
3.95224 171.875
3.95797 156.418
3.96371 143.994
3.96944 135.875
3.97518 130.975
3.98092 122.889
3.98665 117.669
3.99239 115.154
3.99812 109.731
4.00386 106.247
4.0096 106.202
4.01533 101.558
4.02107 100.917
4.02681 99.7636
4.03254 98.2754
4.03828 98.7206
4.04401 97.8623
4.04975 96.6622
4.05549 93.4654
4.06122 91.974
4.06696 91.4427
4.0727 90.5818
4.07843 90.5437
4.08417 89.1734
4.0899 89.0236
4.09564 87.8378
4.10138 87.4258
4.10711 88.7533
4.11285 89.0587
4.11858 86.4833
4.12432 88.1026
4.13006 86.7908
4.13579 86.5351
4.14153 85.9812
4.14727 86.4021
4.153 86.4357
4.15874 85.0227
4.16447 86.6939
4.17021 86.2519
4.17595 86.7842
4.18168 83.952
4.18742 85.8165
4.19316 87.2374
4.19889 88.2586
4.20463 87.9015
4.21036 90.4795
4.2161 88.8409
4.22184 86.4884
4.22757 89.128
4.23331 85.4579
4.23904 87.0383
4.24478 86.5249
4.25052 88.659
4.25625 86.3144
4.26199 87.6867
4.26773 88.0205
4.27346 89.4923
4.2792 90.2842
4.28493 91.1899
4.29067 91.9015
4.29641 93.2493
4.30214 94.4074
4.30788 95.1832
4.31362 97.757
4.31935 98.7624
4.32509 99.8075
4.33082 103.385
4.33656 103.624
4.3423 106.713
4.34803 110.223
4.35377 115.283
4.3595 118.751
4.36524 120.283
4.37098 126.425
4.37671 130.842
4.38245 135.092
4.38819 140.919
4.39392 151.979
4.39966 154.432
4.40539 166.949
4.41113 182.595
4.41687 202.374
4.4226 237.123
4.42834 300.444
4.43408 497.57
4.43981 1137.92
4.44555 2483.78
4.45128 10395.1
4.45702 13465.3
4.46276 5776.26
4.46849 1905.22
4.47423 978.206
4.47996 568.166
4.4857 474.822
4.49144 453.217
4.49717 421.133
4.50291 423.688
4.50865 396.978
4.51438 362.111
4.52012 316.608
4.52585 276.926
4.53159 239.905
4.53733 209.236
4.54306 184.463
4.5488 164.545
4.55454 149.23
4.56027 135.263
4.56601 123.937
4.57174 118.244
4.57748 109.212
4.58322 104.621
4.58895 98.8228
4.59469 95.6887
4.60042 91.7382
4.60616 90.5818
4.6119 87.272
4.61763 84.7422
4.62337 84.8799
4.62911 85.2772
4.63484 81.7929
4.64058 80.8228
4.64631 75.7179
4.65205 75.067
4.65779 73.7646
4.66352 72.3653
4.66926 70.628
4.675 72.2408
4.68073 70.3214
4.68647 69.3052
4.6922 67.5593
4.69794 68.6833
4.70368 68.2632
4.70941 70.3602
4.71515 69.2346
4.72088 69.3503
4.72662 69.1209
4.73236 67.8803
4.73809 69.0549
4.74383 70.4531
4.74957 68.7005
4.7553 67.3874
4.76104 68.3702
4.76677 66.0047
4.77251 65.9014
4.77825 62.4419
4.78398 62.2933
4.78972 60.5526
4.79546 60.4022
4.80119 57.2652
4.80693 59.7488
4.81266 59.7678
4.8184 60.0253
4.82414 58.5826
4.82987 57.61
4.83561 56.3144
4.84134 60.0217
4.84708 62.1182
4.85282 64.8889
4.85855 59.9471
4.86429 58.5125
4.87003 57.1663
4.87576 55.5533
4.8815 55.2937
4.88723 55.0671
4.89297 55.7577
4.89871 53.8164
4.90444 54.3453
4.91018 53.7689
4.91592 53.8783
4.92165 53.3117
4.92739 52.2443
4.93312 52.2957
4.93886 54.6652
4.9446 54.5093
4.95033 53.2623
4.95607 51.8879
4.9618 53.0089
4.96754 53.9495
4.97328 54.9335
4.97901 62.156
4.98475 57.1425
4.99049 53.3206
4.99622 51.0191
5.00196 51.2911
5.00769 51.286
5.01343 53.2119
5.01917 51.9979
5.0249 52.6674
5.03064 51.4168
5.03638 51.7013
5.04211 52.8391
5.04785 49.8639
5.05358 49.4444
5.05932 51.8661
5.06506 50.7473
5.07079 50.427
5.07653 53.6284
5.08226 50.1667
5.088 51.2168
5.09374 50.8165
5.09947 51.0391
5.10521 51.0219
5.11095 51.5064
5.11668 50.0981
5.12242 49.8553
5.12815 50.5372
5.13389 50.9813
5.13963 50.3836
5.14536 51.2876
5.1511 50.7051
5.15684 52.1455
5.16257 51.85
5.16831 51.3631
5.17404 50.996
5.17978 50.3094
5.18552 49.5051
5.19125 52.3126
5.19699 49.6824
5.20272 49.7505
5.20846 51.8119
5.2142 51.246
5.21993 49.4338
5.22567 50.2034
5.23141 50.028
5.23714 50.3482
5.24288 49.4243
5.24861 49.3475
5.25435 51.9228
5.26009 51.8112
5.26582 51.2921
5.27156 51.544
5.2773 49.6792
5.28303 49.7206
5.28877 50.1324
5.2945 51.3837
5.30024 52.2453
5.30598 50.9626
5.31171 51.1703
5.31745 52.4793
5.32318 51.8418
5.32892 51.1925
5.33466 51.1309
5.34039 51.881
5.34613 51.1593
5.35187 55.9474
5.3576 52.3848
5.36334 50.7865
5.36907 50.6073
5.37481 48.8133
5.38055 52.1538
5.38628 54.9662
5.39202 55.1877
5.39776 58.0423
5.40349 56.5929
5.40923 55.4232
5.41496 53.2028
5.4207 51.5364
5.42644 51.4747
5.43217 52.1866
5.43791 51.7323
5.44364 53.4324
5.44938 52.8102
5.45512 53.4137
5.46085 52.9379
5.46659 51.6647
5.47233 52.0242
5.47806 51.7168
5.4838 50.6485
5.48953 51.3887
5.49527 51.0747
5.50101 51.5702
5.50674 52.0569
5.51248 52.328
5.51822 51.006
5.52395 51.7545
5.52969 51.0951
5.53542 53.1267
5.54116 53.7221
5.5469 52.9664
5.55263 51.3706
5.55837 52.8171
5.5641 51.73
5.56984 51.506
5.57558 52.584
5.58131 53.5644
5.58705 53.4294
5.59279 52.4412
5.59852 53.9014
5.60426 53.8173
5.60999 53.8465
5.61573 54.1373
5.62147 54.5111
5.6272 54.379
5.63294 54.4173
5.63868 53.0082
5.64441 54.8202
5.65015 55.0113
5.65588 54.4485
5.66162 56.0665
5.66736 56.11
5.67309 54.7725
5.67883 55.9202
5.68456 56.9432
5.6903 55.1553
5.69604 57.7905
5.70177 57.3195
5.70751 56.7401
5.71325 57.7206
5.71898 56.9827
5.72472 58.2103
5.73045 58.7537
5.73619 59.1542
5.74193 59.8426
5.74766 58.9098
5.7534 60.2586
5.75914 60.3274
5.76487 60.4007
5.77061 62.304
5.77634 62.4673
5.78208 64.5312
5.78782 62.2413
5.79355 62.0249
5.79929 62.4972
5.80502 63.4465
5.81076 63.6931
5.8165 63.5827
5.82223 61.9125
5.82797 61.9338
5.83371 62.4411
5.83944 63.0302
5.84518 62.8919
5.85091 64.0336
5.85665 63.528
5.86239 63.9963
5.86812 64.9373
5.87386 64.9139
5.8796 65.8923
5.88533 64.7821
5.89107 65.683
5.8968 65.5058
5.90254 66.2682
5.90828 66.4864
5.91401 67.7705
5.91975 67.9676
5.92548 68.5482
5.93122 68.2347
5.93696 71.0504
5.94269 75.6909
5.94843 73.1286
5.95417 78.9446
5.9599 73.4614
5.96564 71.698
5.97137 73.2193
5.97711 74.6571
5.98285 72.9277
5.98858 74.8485
5.99432 76.587
6.00006 77.5576
6.00579 79.8502
6.01153 81.9711
6.01726 81.7989
6.023 80.7049
6.02874 80.6212
6.03447 80.824
6.04021 81.6942
6.04594 83.4847
6.05168 83.8513
6.05742 84.0773
6.06315 83.283
6.06889 85.532
6.07463 87.9295
6.08036 86.1864
6.0861 88.1215
6.09183 90.8496
6.09757 91.4007
6.10331 91.1496
6.10904 92.9691
6.11478 94.6277
6.12052 96.6543
6.12625 97.0017
6.13199 98.2397
6.13772 101.817
6.14346 99.8932
6.1492 103.595
6.15493 105.272
6.16067 107.856
6.1664 108.382
6.17214 113.279
6.17788 115.024
6.18361 119.278
6.18935 122.912
6.19509 128.234
6.20082 128.231
6.20656 135.007
6.21229 139.704
6.21803 150.811
6.22377 152.802
6.2295 159.632
6.23524 169.84
6.24098 170.99
6.24671 176.581
6.25245 197.59
6.25818 206.586
6.26392 227.015
6.26966 265.945
6.27539 360.345
6.28113 480.584
6.28686 1165.47
6.2926 3243.27
6.29834 6992.38
6.30407 7083.6
6.30981 9873.72
6.31555 3356.11
6.32128 1849.87
6.32702 732.849
6.33275 464.537
6.33849 411.022
6.34423 336.322
6.34996 330.219
6.3557 334.959
6.36144 336.615
6.36717 359.217
6.37291 381.785
6.37864 380.002
6.38438 356.389
6.39012 326.104
6.39585 298.788
6.40159 261.756
6.40732 235.317
6.41306 211.451
6.4188 193.281
6.42453 176.577
6.43027 169.651
6.43601 159.398
6.44174 151.738
6.44748 148.595
6.45321 141.966
6.45895 141.373
6.46469 137.15
6.47042 132.394
6.47616 133.694
6.4819 124.255
6.48763 122.687
6.49337 119.963
6.4991 118.298
6.50484 114.865
6.51058 113.54
6.51631 112.816
6.52205 110.039
6.52778 109.028
6.53352 109.482
6.53926 105.929
6.54499 105.502
6.55073 107.374
6.55647 105.71
6.5622 106.967
6.56794 105.896
6.57367 106.047
6.57941 106.118
6.58515 105.9
6.59088 103.282
6.59662 103.797
6.60236 102.031
6.60809 100.185
6.61383 100.529
6.61956 99.7719
6.6253 97.5402
6.63104 99.7134
6.63677 98.8097
6.64251 97.3506
6.64824 96.9489
6.65398 97.6443
6.65972 97.6954
6.66545 96.6964
6.67119 98.356
6.67693 97.198
6.68266 96.6958
6.6884 97.7248
6.69413 97.0872
6.69987 96.9568
6.70561 96.1961
6.71134 96.6226
6.71708 95.4444
6.72282 94.6672
6.72855 95.377
6.73429 93.975
6.74002 93.4045
6.74576 92.9081
6.7515 95.7677
6.75723 93.466
6.76297 93.0555
6.7687 92.4911
6.77444 92.1586
6.78018 92.0681
6.78591 93.4658
6.79165 91.5134
6.79739 91.7471
6.80312 93.4534
6.80886 91.4395
6.81459 93.5241
6.82033 91.4937
6.82607 90.9088
6.8318 92.0807
6.83754 90.2895
6.84328 90.7677
6.84901 90.3699
6.85475 91.482
6.86048 92.7167
6.86622 91.671
6.87196 91.4862
6.87769 90.1084
6.88343 91.0916
6.88916 91.1084
6.8949 91.5016
6.90064 92.7358
6.90637 92.5725
6.91211 91.2294
6.91785 92.3602
6.92358 92.3887
6.92932 91.6003
6.93505 91.1205
6.94079 91.5812
6.94653 91.5826
6.95226 93.1752
6.958 90.9354
6.96374 90.7249
6.96947 91.375
6.97521 91.2527
6.98094 91.3255
6.98668 91.3649
6.99242 93.0498
6.99815 91.8026
7.00389 91.5631
7.00962 91.9017
7.01536 93.1674
7.0211 92.5243
7.02683 91.9747
7.03257 92.8055
7.03831 93.0275
7.04404 92.4214
7.04978 92.5168
7.05551 93.5237
7.06125 94.3565
7.06699 94.388
7.07272 93.9807
7.07846 94.0813
7.0842 95.0572
7.08993 94.3799
7.09567 93.9811
7.1014 95.2954
7.10714 95.9098
7.11288 97.2492
7.11861 97.3656
7.12435 97.8093
7.13008 98.7292
7.13582 97.7252
7.14156 98.2999
7.14729 98.6727
7.15303 97.9861
7.15877 97.9115
7.1645 98.2946
7.17024 97.8525
7.17597 99.7862
7.18171 100.217
7.18745 100.025
7.19318 100.031
7.19892 100.034
7.20466 101.086
7.21039 101.631
7.21613 101.7
7.22186 103.216
7.2276 102.103
7.23334 103.154
7.23907 103.069
7.24481 103.645
7.25054 104.077
7.25628 103.89
7.26202 103.931
7.26775 105.76
7.27349 105.936
7.27923 106.419
7.28496 107.708
7.2907 107.468
7.29643 107.148
7.30217 109.668
7.30791 110.098
7.31364 110.937
7.31938 111.256
7.32512 115.49
7.33085 112.787
7.33659 116.661
7.34232 117.338
7.34806 119.552
7.3538 121.518
7.35953 122.128
7.36527 128.538
7.371 137.618
7.37674 187.632
7.38248 162.548
7.38821 463.323
7.39395 452.565
7.39969 535.578
7.40542 956.683
7.41116 467.232
7.41689 296.8
7.42263 214.061
7.42837 194.781
7.4341 186.919
7.43984 185.716
7.44558 194.742
7.45131 206.223
7.45705 223.173
7.46278 244.552
7.46852 274.945
7.47426 299.948
7.47999 314.146
7.48573 309.016
7.49146 287.829
7.4972 258.785
7.50294 231.399
7.50867 207.869
7.51441 187.195
7.52015 169.839
7.52588 155.564
7.53162 144.086
7.53735 136.247
7.54309 129.336
7.54883 125.035
7.55456 118.613
7.5603 115.846
7.56604 114.022
7.57177 110.633
7.57751 108.762
7.58324 105.58
7.58898 104.235
7.59472 102.614
7.60045 101.53
7.60619 99.3291
7.61192 99.1366
7.61766 98.4247
7.6234 97.0485
7.62913 96.3296
7.63487 95.6648
7.64061 96.1322
7.64634 95.4618
7.65208 93.763
7.65781 94.5792
7.66355 92.8773
7.66929 94.5142
7.67502 93.9587
7.68076 93.2429
7.6865 95.0042
7.69223 94.6126
7.69797 95.1777
7.7037 96.5566
7.70944 101.624
7.71518 115.158
7.72091 134.063
7.72665 245.495
7.73238 418.662
7.73812 156.897
7.74386 153.004
7.74959 116.257
7.75533 107.992
7.76107 106.222
7.7668 106.15
7.77254 109.919
7.77827 115.17
7.78401 119.208
7.78975 127.64
7.79548 137.325
7.80122 147.642
7.80696 156.526
7.81269 160.689
7.81843 154.29
7.82416 145.849
7.8299 134.747
7.83564 123.654
7.84137 114.635
7.84711 107.593
7.85284 101.531
7.85858 97.9372
7.86432 94.0295
7.87005 90.6929
7.87579 87.2821
7.88153 87.0505
7.88726 85.1089
7.893 83.6506
7.89873 83.3234
7.90447 82.9687
7.91021 86.6342
7.91594 85.8848
7.92168 93.1105
7.92742 85.5035
7.93315 80.5478
7.93889 78.9411
7.94462 78.0789
7.95036 77.6022
7.9561 77.2086
7.96183 78.6716
7.96757 79.5021
7.9733 79.3145
7.97904 79.538
7.98478 78.9795
7.99051 75.2198
7.99625 74.269
8.00199 75.1986
8.00772 74.273
8.01346 74.2032
8.01919 74.8431
8.02493 74.4079
8.03067 72.046
8.0364 72.4777
8.04214 73.1631
8.04788 73.3338
8.05361 72.6951
8.05935 72.4775
8.06508 71.8606
8.07082 71.2574
8.07656 71.4663
8.08229 71.2838
8.08803 72.1345
8.09376 72.1997
8.0995 72.5135
8.10524 70.3284
8.11097 68.9762
8.11671 67.4614
8.12245 66.2836
8.12818 68.6337
8.13392 63.8296
8.13965 64.2992
8.14539 64.6457
8.15113 62.3873
8.15686 58.1886
8.1626 60.806
8.16834 62.385
8.17407 63.4525
8.17981 62.1613
8.18554 63.0555
8.19128 62.9708
8.19702 63.3536
8.20275 64.6013
8.20849 62.356
8.21422 63.8851
8.21996 64.6226
8.2257 63.1635
8.23143 63.7766
8.23717 63.2291
8.24291 63
8.24864 62.277
8.25438 64.1293
8.26011 62.4446
8.26585 63.2727
8.27159 62.9605
8.27732 61.5298
8.28306 62.1272
8.2888 62.446
8.29453 62.3252
8.30027 62.4412
8.306 62.4221
8.31174 62.5684
8.31748 61.9779
8.32321 62.6129
8.32895 61.1037
8.33468 60.7152
8.34042 61.1109
8.34616 60.0043
8.35189 61.0701
8.35763 60.9013
8.36337 61.2713
8.3691 60.4733
8.37484 61.4327
8.38057 61.2476
8.38631 61.9381
8.39205 60.031
8.39778 60.9779
8.40352 60.7558
8.40926 60.375
8.41499 60.9341
8.42073 61.8119
8.42646 61.7653
8.4322 63.1189
8.43794 64.0078
8.44367 62.98
8.44941 62.3938
8.45514 60.7568
8.46088 59.3453
8.46662 60.9251
8.47235 60.0992
8.47809 61.2952
8.48383 61.3268
8.48956 60.096
8.4953 61.374
8.50103 58.1983
8.50677 60.8987
8.51251 59.5723
8.51824 59.6524
8.52398 59.8986
8.52972 61.145
8.53545 60.4058
8.54119 60.0721
8.54692 59.5879
8.55266 59.5248
8.5584 59.8489
8.56413 62.0452
8.56987 58.997
8.5756 58.2977
8.58134 59.969
8.58708 59.6027
8.59281 59.283
8.59855 60.9169
8.60429 61.5597
8.61002 59.9677
8.61576 60.1696
8.62149 59.3376
8.62723 60.1973
8.63297 58.7473
8.6387 58.8562
8.64444 60.834
8.65018 60.7973
8.65591 58.9755
8.66165 59.4226
8.66738 60.9502
8.67312 57.9668
8.67886 58.9962
8.68459 59.4457
8.69033 57.4861
8.69606 59.1491
8.7018 57.7852
8.70754 58.072
8.71327 58.387
8.71901 57.9099
8.72475 60.407
8.73048 57.1694
8.73622 57.6638
8.74195 59.3186
8.74769 58.6398
8.75343 59.1325
8.75916 58.7076
8.7649 57.4862
8.77064 57.6695
8.77637 57.2723
8.78211 59.8257
8.78784 57.8908
8.79358 57.1133
8.79932 60.193
8.80505 59.3568
8.81079 58.1773
8.81652 59.5166
8.82226 57.8135
8.828 59.5741
8.83373 58.3171
8.83947 57.4813
8.84521 57.8341
8.85094 58.3085
8.85668 58.441
8.86241 61.2564
8.86815 59.8621
8.87389 59.9128
8.87962 59.1214
8.88536 56.7514
8.8911 59.0267
8.89683 60.1111
8.90257 59.8142
8.9083 60.3468
8.91404 61.3875
8.91978 63.7829
8.92551 73.2548
8.93125 77.5305
8.93698 128.245
8.94272 101.436
8.94846 84.5697
8.95419 67.1678
8.95993 62.277
8.96567 61.5963
8.9714 60.3465
8.97714 65.0886
8.98287 64.5804
8.98861 64.3778
8.99435 64.5241
9.00008 62.5043
9.00582 64.7697
9.01156 69.6794
9.01729 65.626
9.02303 69.2714
9.02876 72.3675
9.0345 71.3902
9.04024 67.8837
9.04597 71.7019
9.05171 67.252
9.05744 66.9917
9.06318 63.534
9.06892 62.4538
9.07465 66.4583
9.08039 64.1026
9.08613 58.9907
9.09186 63.2917
9.0976 61.4904
9.10333 57.5
9.10907 60.8265
9.11481 59.1667
9.12054 59.9886
9.12628 58.2143
9.13202 59.0854
9.13775 62.163
9.14349 60.0476
9.14922 59.9512
9.15496 54.9146
9.1607 59.0405
9.16643 54.7375
9.17217 57.0137
9.1779 58.8684
9.18364 56.2143
9.18938 58.7941
9.19511 55.75
9.20085 59.9841
9.20659 54.9231
9.21232 56.7167
9.21806 52.8197
9.22379 49.7455
9.22953 54.4
9.23527 52.1698
9.241 55.0893
9.24674 55.2653
9.25248 53.7021
9.25821 48.0667
9.26395 53.5909
9.26968 45.1628
9.27542 55.4359
9.28116 43.775
9.28689 47.5714
9.29263 41.1515
9.29836 47.2727
9.3041 49.4545
9.30984 43.3571
9.31557 48.4444
9.32131 44.9259
9.32705 38.4
9.33278 36
9.33852 30.8421
9.34425 39.3333
9.34999 34.7647
9.35573 33.9286
9.36146 31.3636
9.3672 26.0909
9.37294 35.375
9.37867 22
9.38441 3.33333
9.39014 8.25
9.39588 0
9.40162 0
9.40735 0
9.41309 0
9.41882 0
9.42456 0
9.4303 0
9.43603 0
9.44177 0
9.44751 0
9.45324 0
9.45898 0
9.46471 0
9.47045 0
9.47619 0
9.48192 0
9.48766 0
9.4934 0
9.49913 0
9.50487 0
9.5106 0
9.51634 0
9.52208 0
9.52781 0
9.53355 0
9.53928 0
9.54502 0
9.55076 0
9.55649 0
9.56223 0
9.56797 0
9.5737 0
9.57944 0
9.58517 0
9.59091 0
9.59665 0
9.60238 0
9.60812 0
9.61386 0
9.61959 0
9.62533 0
9.63106 0
9.6368 0
9.64254 0
9.64827 0
9.65401 0
9.65974 0
9.66548 0
9.67122 0
9.67695 0
9.68269 0
9.68843 0
9.69416 0
9.6999 0
9.70563 0
9.71137 0
9.71711 0
9.72284 0
9.72858 0
9.73432 0
9.74005 0
9.74579 0
9.75152 0
9.75726 0
9.763 0
9.76873 0
9.77447 0
9.7802 0
9.78594 0
9.79168 0
9.79741 0
9.80315 0
9.80889 0
9.81462 0
9.82036 0
9.82609 0
9.83183 0
9.83757 0
9.8433 0
9.84904 0
9.85478 0
9.86051 0
9.86625 0
9.87198 0
9.87772 0
9.88346 0
9.88919 0
9.89493 0
9.90066 0
9.9064 0
9.91214 0
9.91787 0
9.92361 0
9.92935 0
9.93508 0
9.94082 0
9.94655 0
9.95229 0
9.95803 0
9.96376 0
9.9695 0
9.97524 0
9.98097 0
9.98671 0
9.99244 0
9.99818 0
10.0039 0
10.0097 0
10.0154 0
10.0211 0
10.0269 0
10.0326 0
10.0383 0
10.0441 0
10.0498 0
10.0555 0
10.0613 0
10.067 0
10.0728 0
10.0785 0
10.0842 0
10.09 0
10.0957 0
10.1014 0
10.1072 0
10.1129 0
10.1186 0
10.1244 0
10.1301 0
10.1358 0
10.1416 0
10.1473 0
10.1531 0
10.1588 0
10.1645 0
10.1703 0
10.176 0
10.1817 0
10.1875 0
10.1932 0
10.1989 0
10.2047 0
10.2104 0
10.2162 0
10.2219 0
10.2276 0
10.2334 0
10.2391 0
10.2448 0
10.2506 0
10.2563 0
10.262 0
10.2678 0
10.2735 0
10.2793 0
10.285 0
10.2907 0
10.2965 0
10.3022 0
10.3079 0
10.3137 0
10.3194 0
10.3251 0
10.3309 0
10.3366 0
10.3424 0
10.3481 0
10.3538 0
10.3596 0
10.3653 0
10.371 0
10.3768 0
10.3825 0
10.3882 0
10.394 0
10.3997 0
10.4054 0
10.4112 0
10.4169 0
10.4227 0
10.4284 0
10.4341 0
10.4399 0
10.4456 0
10.4513 0
10.4571 0
10.4628 0
10.4685 0
10.4743 0
10.48 0
10.4858 0
10.4915 0
10.4972 0
10.503 0
10.5087 0
10.5144 0
10.5202 0
10.5259 0
10.5316 0
10.5374 0
10.5431 0
10.5489 0
10.5546 0
10.5603 0
10.5661 0
10.5718 0
10.5775 0
10.5833 0
10.589 0
10.5947 0
10.6005 0
10.6062 0
10.612 0
10.6177 0
10.6234 0
10.6292 0
10.6349 0
10.6406 0
10.6464 0
10.6521 0
10.6578 0
10.6636 0
10.6693 0
10.6751 0
10.6808 0
10.6865 0
10.6923 0
10.698 0
10.7037 0
10.7095 0
10.7152 0
10.7209 0
10.7267 0
10.7324 0
10.7381 0
10.7439 0
10.7496 0
10.7554 0
10.7611 0
10.7668 0
10.7726 0
10.7783 0
10.784 0
10.7898 0
10.7955 0
10.8012 0
10.807 0
10.8127 0
10.8185 0
10.8242 0
10.8299 0
10.8357 0
10.8414 0
10.8471 0
10.8529 0
10.8586 0
10.8643 0
10.8701 0
10.8758 0
10.8816 0
10.8873 0
10.893 0
10.8988 0
10.9045 0
10.9102 0
10.916 0
10.9217 0
10.9274 0
10.9332 0
10.9389 0
10.9447 0
10.9504 0
10.9561 0
10.9619 0
10.9676 0
10.9733 0
10.9791 0
10.9848 0
10.9905 0
10.9963 0
11.002 0
11.0077 0
11.0135 0
11.0192 0
11.025 0
11.0307 0
11.0364 0
11.0422 0
11.0479 0
11.0536 0
11.0594 0
11.0651 0
11.0708 0
11.0766 0
11.0823 0
11.0881 0
11.0938 0
11.0995 0
11.1053 0
11.111 0
11.1167 0
11.1225 0
11.1282 0
11.1339 0
11.1397 0
11.1454 0
11.1512 0
11.1569 0
11.1626 0
11.1684 0
11.1741 0
11.1798 0
11.1856 0
11.1913 0
11.197 0
11.2028 0
11.2085 0
11.2143 0
11.22 0
11.2257 0
11.2315 0
11.2372 0
11.2429 0
11.2487 0
11.2544 0
11.2601 0
11.2659 0
11.2716 0
11.2774 0
11.2831 0
11.2888 0
11.2946 0
11.3003 0
11.306 0
11.3118 0
11.3175 0
11.3232 0
11.329 0
11.3347 0
11.3404 0
11.3462 0
11.3519 0
11.3577 0
11.3634 0
11.3691 0
11.3749 0
11.3806 0
11.3863 0
11.3921 0
11.3978 0
11.4035 0
11.4093 0
11.415 0
11.4208 0
11.4265 0
11.4322 0
11.438 0
11.4437 0
11.4494 0
11.4552 0
11.4609 0
11.4666 0
11.4724 0
11.4781 0
11.4839 0
11.4896 0
11.4953 0
11.5011 0
11.5068 0
11.5125 0
11.5183 0
11.524 0
11.5297 0
11.5355 0
11.5412 0
11.547 0
11.5527 0
11.5584 0
11.5642 0
11.5699 0
11.5756 0
11.5814 0
11.5871 0
11.5928 0
11.5986 0
11.6043 0
11.61 0
11.6158 0
11.6215 0
11.6273 0
11.633 0
11.6387 0
11.6445 0
11.6502 0
11.6559 0
11.6617 0
11.6674 0
11.6731 0
11.6789 0
11.6846 0
11.6904 0
11.6961 0
11.7018 0
11.7076 0
11.7133 0
11.719 0
11.7248 0
11.7305 0
11.7362 0
11.742 0
