0 0
0.00573619 -13
0.0114724 13
0.0172086 2
0.0229448 0.333333
0.028681 -7
0.0344171 6
0.0401533 3
0.0458895 -4.8
0.0516257 -4
0.0573619 -12.8333
0.0630981 -17.8571
0.0688343 -5
0.0745705 -5.5
0.0803067 -5.33333
0.0860429 4.44444
0.091779 2
0.0975152 -7
0.103251 3.44444
0.108988 -4.11111
0.114724 -0.6
0.12046 1.63636
0.126196 6.46667
0.131932 0.625
0.137669 -1.6
0.143405 10.6923
0.149141 -2.84615
0.154877 -6.625
0.160613 0.333333
0.16635 0.933333
0.172086 8.33333
0.177822 -1.89474
0.183558 3.35294
0.189294 4.71429
0.19503 0.285714
0.200767 1.7619
0.206503 -2.35294
0.212239 0.277778
0.217975 3.47619
0.223711 1
0.229448 1.20833
0.235184 3.21739
0.24092 13.0455
0.246656 0.333333
0.252392 1.16
0.258129 -4.62963
0.263865 2.57143
0.269601 5.66667
0.275337 2.65517
0.281073 3.24
0.28681 1.45833
0.292546 -4.56
0.298282 0.172414
0.304018 3.77778
0.309754 -0.9
0.31549 0.16129
0.321227 2.11111
0.326963 3.36667
0.332699 -1.41935
0.338435 1.36364
0.344171 -2.33333
0.349908 1.8
0.355644 0.485714
0.36138 -5.93548
0.367116 1.76471
0.372852 -0.848485
0.378589 2.35135
0.384325 4.25
0.390061 2.23077
0.395797 1.69231
0.401533 6.07692
0.40727 9.18605
0.413006 0
0.418742 4.625
0.424478 4.35294
0.430214 10.6
0.43595 5.73171
0.441687 12.0312
0.447423 7.61702
0.453159 10.2308
0.458895 9.97674
0.464631 8.86364
0.470368 17.0976
0.476104 8.6383
0.48184 9.41667
0.487576 10.9038
0.493312 13
0.499049 14.7
0.504785 10.2807
0.510521 13.8444
0.516257 15.814
0.521993 14.8636
0.52773 16.9811
0.533466 12.7778
0.539202 19.9167
0.544938 16.8431
0.550674 17.8462
0.55641 19.9167
0.562147 15.7843
0.567883 15.3509
0.573619 11.4889
0.579355 13.7222
0.585091 12.7368
0.590828 17.3019
0.596564 14.6667
0.6023 10.6429
0.608036 13.6615
0.613772 14.9592
0.619509 11.5862
0.625245 13.2712
0.630981 14.9636
0.636717 9.43103
0.642453 15.9123
0.64819 16.7143
0.653926 21.8846
0.659662 21.3231
0.665398 17.2344
0.671134 19.3509
0.67687 19.6452
0.682607 21.1746
0.688343 17.6866
0.694079 19.3889
0.699815 17.9275
0.705551 21.7846
0.711288 22.5091
0.717024 18.6216
0.72276 19.0984
0.728496 20.8857
0.734232 21.0625
0.739969 20.8841
0.745705 24.3239
0.751441 20.3621
0.757177 18.1429
0.762913 21.4179
0.76865 24.913
0.774386 19.1029
0.780122 19.5479
0.785858 21.6883
0.791594 17.4667
0.79733 18.4146
0.803067 19.2754
0.808803 19.1571
0.814539 17.1975
0.820275 17.9859
0.826011 22.1299
0.831748 20.2083
0.837484 16.2824
0.84322 17.3857
0.848956 21.7917
0.854692 21.2824
0.860429 20.7284
0.866165 17.9315
0.871901 19.7875
0.877637 21.1084
0.883373 21.6364
0.88911 20.6923
0.894846 21.4
0.900582 20.4337
0.906318 18.5811
0.912054 22.0333
0.91779 23.6092
0.923527 20.3506
0.929263 25.1047
0.934999 20.0659
0.940735 15.1975
0.946471 18.0714
0.952208 19.6706
0.957944 20.9355
0.96368 20.8205
0.969416 21.3053
0.975152 21.6111
0.980889 16.6235
0.986625 18.407
0.992361 17.2632
0.998097 17.8421
1.00383 16.0625
1.00957 19.0909
1.01531 19.9278
1.02104 17.2381
1.02678 20.5104
1.03251 19.1429
1.03825 21.74
1.04399 16.8372
1.04972 19.2673
1.05546 18.5446
1.0612 19.4512
1.06693 19.7009
1.07267 17.2857
1.0784 20.3883
1.08414 18.5
1.08988 18.76
1.09561 17.8762
1.10135 19.407
1.10708 19.2182
1.11282 20.1158
1.11856 21.9592
1.12429 17.4381
1.13003 23.9619
1.13577 22.0381
1.1415 19.7647
1.14724 17.1193
1.15297 18.9
1.15871 19.91
1.16445 20.8174
1.17018 19.2286
1.17592 14.8598
1.18166 16.3125
1.18739 17.7395
1.19313 20.5872
1.19886 19.0388
1.2046 17.8
1.21034 18.5607
1.21607 17.1727
1.22181 19.8455
1.22754 16.2906
1.23328 20.3271
1.23902 18.0893
1.24475 20.0336
1.25049 18.3578
1.25623 17.6481
1.26196 20.6752
1.2677 20.6532
1.27343 18.7477
1.27917 19.6864
1.28491 19.3644
1.29064 16.5487
1.29638 18.819
1.30212 16.7009
1.30785 16.5042
1.31359 17.6207
1.31932 20.2598
1.32506 16.7059
1.3308 16.3534
1.33653 17.0159
1.34227 21.0504
1.348 16.937
1.35374 15.4779
1.35948 20.072
1.36521 21
1.37095 18.5455
1.37669 17.0863
1.38242 16.7049
1.38816 19.1374
1.39389 17.5763
1.39963 16.8788
1.40537 19.8837
1.4111 17.4821
1.41684 18.958
1.42258 19.7333
1.42831 15.843
1.43405 17.0154
1.43978 19.1333
1.44552 20.0652
1.45126 17.322
1.45699 16.8511
1.46273 17.303
1.46846 16.5159
1.4742 18.2517
1.47994 17.9612
1.48567 16.6391
1.49141 17.3615
1.49715 16.9664
1.50288 17.4161
1.50862 17.629
1.51435 19.911
1.52009 16.7092
1.52583 16.9466
1.53156 18.5778
1.5373 17.1361
1.54304 18.3475
1.54877 17.7206
1.55451 19.3893
1.56024 17.3577
1.56598 16.5286
1.57172 15.8085
1.57745 15.0743
1.58319 16.8298
1.58892 16.9718
1.59466 14.8133
1.6004 17.6783
1.60613 18.7101
1.61187 17.7315
1.61761 17.0318
1.62334 17.9474
1.62908 15.9806
1.63481 16.0464
1.64055 16.1533
1.64629 16.9041
1.65202 17.053
1.65776 17.1258
1.6635 17.0949
1.66923 19.1761
1.67497 19.4294
1.6807 15.4307
1.68644 15.8987
1.69218 15.2901
1.69791 17.7582
1.70365 17.5811
1.70938 17.8013
1.71512 17.6074
1.72086 16.8971
1.72659 17.341
1.73233 18.9097
1.73807 18.3268
1.7438 18.0241
1.74954 17.195
1.75527 18.2805
1.76101 19.3015
1.76675 18.4309
1.77248 16.9207
1.77822 18.4014
1.78396 15.7262
1.78969 17.9045
1.79543 18.0578
1.80116 17.6178
1.8069 18.2456
1.81264 18.1138
1.81837 19.1933
1.82411 18.1111
1.82984 19.8758
1.83558 17.5394
1.84132 17.8
1.84705 19.5325
1.85279 18.1637
1.85853 17.6
1.86426 20.4576
1.87 17.4651
1.87573 17.8875
1.88147 20.3955
1.88721 19.343
1.89294 19.9249
1.89868 20.1
1.90442 21.5
1.91015 23.9408
1.91589 36.3571
1.92162 36.631
1.92736 23.4633
1.9331 24.6131
1.93883 25.2035
1.94457 23.6243
1.9503 20.3353
1.95604 19.8314
1.96178 20.2983
1.96751 20.8649
1.97325 18.8896
1.97899 17.369
1.98472 19.3511
1.99046 18.8514
1.99619 17.9121
2.00193 18.4895
2.00767 19.435
2.0134 18.2442
2.01914 17.2021
2.02488 18.1204
2.03061 17.1977
2.03635 19.5691
2.04208 19.9027
2.04782 18.1277
2.05356 20.6559
2.05929 22.8177
2.06503 18.135
2.07076 18.2443
2.0765 18.943
2.08224 19.3827
2.08797 17.5376
2.09371 17.4242
2.09945 19.7622
2.10518 21.7387
2.11092 18.4813
2.11665 20.6923
2.12239 18.5314
2.12813 19.2189
2.13386 19.791
2.1396 20.1156
2.14534 20.5282
2.15107 19.7112
2.15681 21.1156
2.16254 19.6188
2.16828 20.5761
2.17402 19.3507
2.17975 20.195
2.18549 20.9841
2.19122 21.7228
2.19696 20.8317
2.2027 23.5659
2.20843 30.382
2.21417 44.0708
2.21991 58.2958
2.22564 34.2186
2.23138 25.9905
2.23711 23.4928
2.24285 23.7837
2.24859 21.375
2.25432 20.6895
2.26006 23.3204
2.2658 19.9247
2.27153 20.4093
2.27727 21.6919
2.283 20.3333
2.28874 20.4559
2.29448 18.9775
2.30021 21.9431
2.30595 22.1111
2.31168 21.6481
2.31742 22.2705
2.32316 21.1779
2.32889 23.1542
2.33463 23.5587
2.34037 23.1127
2.3461 26.8962
2.35184 27.6878
2.35757 29.4216
2.36331 29.2617
2.36905 31.4194
2.37478 29.3333
2.38052 27.4516
2.38626 28.1465
2.39199 25.859
2.39773 28.0193
2.40346 24.8174
2.4092 25.87
2.41494 22.5294
2.42067 23.4608
2.42641 22.1705
2.43214 21.6494
2.43788 22.0821
2.44362 21.5947
2.44935 22.9828
2.45509 22.3991
2.46083 23.871
2.46656 21.6507
2.4723 23.5
2.47803 23.386
2.48377 22.9956
2.48951 22.1453
2.49524 22.4932
2.50098 22.6741
2.50672 23.2389
2.51245 23.6223
2.51819 23.875
2.52392 22.5924
2.52966 21.7908
2.5354 23.5093
2.54113 23.05
2.54687 22.4978
2.5526 23.2881
2.55834 24.4009
2.56408 24.7064
2.56981 25.5331
2.57555 22.7149
2.58129 23.8528
2.58702 24.3682
2.59276 23.3621
2.59849 23.7288
2.60423 22.4703
2.60997 22.9544
2.6157 22.5826
2.62144 24.4805
2.62718 22.4128
2.63291 24.2176
2.63865 23.9571
2.64438 24.6831
2.65012 23.18
2.65586 22.5848
2.66159 24.087
2.66733 23.4631
2.67306 22.3702
2.6788 23.0547
2.68454 23.1303
2.69027 24.6787
2.69601 24.3435
2.70175 25.4844
2.70748 27.3169
2.71322 24.903
2.71895 25.8391
2.72469 25.9918
2.73043 25.0551
2.73616 24.9292
2.7419 25.0272
2.74764 24.2174
2.75337 24.7446
2.75911 27.0951
2.76484 25.9127
2.77058 24.8848
2.77632 23.5869
2.78205 27.1825
2.78779 25.9498
2.79352 25.5328
2.79926 25.8759
2.805 24.747
2.81073 24.8554
2.81647 25.9704
2.82221 26.0342
2.82794 23.5516
2.83368 25.7625
2.83941 26.9819
2.84515 27.176
2.85089 26.1744
2.85662 27.5955
2.86236 25.8282
2.8681 25.6667
2.87383 25.2981
2.87957 25.1906
2.8853 27.2369
2.89104 25.5247
2.89678 26.7698
2.90251 29.0843
2.90825 24.0709
2.91398 25.5109
2.91972 27.0181
2.92546 28.1042
2.93119 27.7321
2.93693 27.7329
2.94267 28.7061
2.9484 28.1245
2.95414 27.4241
2.95987 28.1655
2.96561 27.7692
2.97135 29.4484
2.97708 30.1773
2.98282 29.4821
2.98856 39.1143
2.99429 47.05
3.00003 34.368
3.00576 31.9772
3.0115 30.5478
3.01724 29.9308
3.02297 28.687
3.02871 29.5504
3.03444 29.4767
3.04018 30.4137
3.04592 28.8309
3.05165 30.534
3.05739 30.1979
3.06313 30.1206
3.06886 30.8784
3.0746 31.0561
3.08033 30.7536
3.08607 31.422
3.09181 32.2464
3.09754 35.564
3.10328 37.9962
3.10902 40.9041
3.11475 40.7763
3.12049 36.6483
3.12622 36
3.13196 39.0925
3.1377 40.3933
3.14343 45.1607
3.14917 41.9066
3.1549 35.7021
3.16064 34.9779
3.16638 34.2772
3.17211 35.4549
3.17785 36.256
3.18359 36.7849
3.18932 35.8333
3.19506 34.2323
3.20079 34.3383
3.20653 35.4137
3.21227 34.6655
3.218 36.1562
3.22374 37.2049
3.22948 37.3813
3.23521 37.6557
3.24095 37.6654
3.24668 38.6349
3.25242 37.78
3.25816 38.1937
3.26389 36.8871
3.26963 38.5137
3.27536 36.2409
3.2811 38.4632
3.28684 39.0531
3.29257 42.6066
3.29831 41.4286
3.30405 44.3269
3.30978 45.341
3.31552 47.1118
3.32125 49.6441
3.32699 49.8804
3.33273 48.7596
3.33846 50.169
3.3442 49.837
3.34994 49.7153
3.35567 52.5183
3.36141 51.0473
3.36714 51.7532
3.37288 65.6287
3.37862 82.5768
3.38435 74.6738
3.39009 76.8451
3.39582 58.3889
3.40156 46.6069
3.4073 49.6286
3.41303 49.0891
3.41877 48.7393
3.42451 51.5666
3.43024 48.5541
3.43598 48.9109
3.44171 51.3793
3.44745 49.0552
3.45319 48.4608
3.45892 49.5903
3.46466 49.1946
3.4704 48.4784
3.47613 49.3808
3.48187 50.7922
3.4876 52.2635
3.49334 51.6
3.49908 52.3312
3.50481 52.7164
3.51055 52.9688
3.51628 54.429
3.52202 56.5815
3.52776 56.6677
3.53349 64.0786
3.53923 72.4043
3.54497 85.6395
3.5507 91.4121
3.55644 89.4469
3.56217 76.2448
3.56791 69.3491
3.57365 64.3758
3.57938 64.8772
3.58512 61.5046
3.59086 60.9013
3.59659 61.6512
3.60233 60.7026
3.60806 62.7515
3.6138 62.8603
3.61954 64.9373
3.62527 67.3193
3.63101 69.4673
3.63674 76.8459
3.64248 83.1763
3.64822 89.8483
3.65395 92.3653
3.65969 92.6294
3.66543 88.4174
3.67116 87.348
3.6769 87.8274
3.68263 89.8946
3.68837 89.1238
3.69411 88.088
3.69984 84.4079
3.70558 84.7606
3.71132 85.5
3.71705 86.6493
3.72279 88.688
3.72852 90.3552
3.73426 92.5194
3.74 92.7697
3.74573 91.3671
3.75147 96.3439
3.7572 97.9181
3.76294 101.133
3.76868 101.926
3.77441 107.011
3.78015 108.858
3.78589 112.367
3.79162 117.84
3.79736 122.995
3.80309 130.658
3.80883 137.901
3.81457 145.367
3.8203 155.416
3.82604 172.509
3.83178 203.961
3.83751 292.657
3.84325 530.542
3.84898 1065.1
3.85472 1497.04
3.86046 838.366
3.86619 610.314
3.87193 685.678
3.87766 843.335
3.8834 1102.64
3.88914 1412.48
3.89487 1676.06
3.90061 1591.07
3.90635 1304.55
3.91208 993.697
3.91782 712.163
3.92355 529.458
3.92929 414.173
3.93503 330.703
3.94076 274.765
3.9465 238.222
3.95224 210.022
3.95797 189.329
3.96371 172.628
3.96944 164.221
3.97518 155.58
3.98092 145.789
3.98665 139.301
3.99239 134.748
3.99812 128.495
4.00386 122.747
4.0096 121.711
4.01533 120.982
4.02107 115.493
4.02681 114.831
4.03254 115.802
4.03828 113.468
4.04401 113.375
4.04975 112.021
4.05549 108.471
4.06122 106.118
4.06696 105.294
4.0727 103.449
4.07843 102.69
4.08417 100.341
4.0899 100.486
4.09564 99.7261
4.10138 99.1513
4.10711 100.701
4.11285 99.4643
4.11858 97.0889
4.12432 95.9579
4.13006 97.1141
4.13579 96.6987
4.14153 96.1582
4.14727 96.4794
4.153 97.2178
4.15874 96.0283
4.16447 93.9235
4.17021 94.6987
4.17595 95.6184
4.18168 94.6507
4.18742 96.4289
4.19316 96.452
4.19889 97.5144
4.20463 100.234
4.21036 99.4051
4.2161 98.2785
4.22184 97.3953
4.22757 96.2453
4.23331 97.2896
4.23904 97.7732
4.24478 96.2239
4.25052 98.5013
4.25625 98.6775
4.26199 97.2632
4.26773 99.6215
4.27346 102.967
4.2792 103.416
4.28493 101.985
4.29067 103.692
4.29641 105.94
4.30214 104.615
4.30788 107.676
4.31362 107.471
4.31935 111.598
4.32509 115.412
4.33082 116.548
4.33656 119.288
4.3423 120.548
4.34803 123.767
4.35377 127.422
4.3595 134.116
4.36524 137.233
4.37098 143.915
4.37671 149.211
4.38245 154.176
4.38819 163.697
4.39392 175.404
4.39966 180.525
4.40539 195.69
4.41113 212.785
4.41687 236.769
4.4226 281.618
4.42834 359.667
4.43408 602.809
4.43981 1439.7
4.44555 3146.55
4.45128 12654.4
4.45702 15869.4
4.46276 6599.85
4.46849 2277.41
4.47423 1188.35
4.47996 703.403
4.4857 593.055
4.49144 559.52
4.49717 523.114
4.50291 528.302
4.50865 494.281
4.51438 445.63
4.52012 386.24
4.52585 331.334
4.53159 285.831
4.53733 248.742
4.54306 215.966
4.5488 193.016
4.55454 173.825
4.56027 156.033
4.56601 145.486
4.57174 135.353
4.57748 126.528
4.58322 119.21
4.58895 114.143
4.59469 108.731
4.60042 105.097
4.60616 100.928
4.6119 97.228
4.61763 94.7844
4.62337 97.0993
4.62911 94.9431
4.63484 92.4118
4.64058 89.0956
4.64631 86.9862
4.65205 83.0174
4.65779 81.028
4.66352 80.0685
4.66926 77.7826
4.675 78.9473
4.68073 78.6381
4.68647 77.1913
4.6922 74.9153
4.69794 75.4932
4.70368 76.4188
4.70941 76.2267
4.71515 76.7632
4.72088 77.5638
4.72662 77.1558
4.73236 77.9507
4.73809 75.8078
4.74383 76.5201
4.74957 76.1244
4.7553 74.3506
4.76104 74.3251
4.76677 71.3061
4.77251 69.7729
4.77825 70.2814
4.78398 68.0689
4.78972 65.0455
4.79546 65.92
4.80119 66.3169
4.80693 62.1313
4.81266 62.8782
4.8184 62.1126
4.82414 61.7366
4.82987 61.1587
4.83561 61.1253
4.84134 63.1326
4.84708 62.6724
4.85282 66.5406
4.85855 62.4141
4.86429 60.6583
4.87003 59.4573
4.87576 59.7533
4.8815 57.5508
4.88723 58.2254
4.89297 57.3745
4.89871 58.7365
4.90444 57.7309
4.91018 58.8078
4.91592 56.2234
4.92165 57.4264
4.92739 56.895
4.93312 55.7739
4.93886 57.4705
4.9446 55.5347
4.95033 56.3348
4.95607 55.2154
4.9618 56.8683
4.96754 58.4518
4.97328 57.6245
4.97901 64.8504
4.98475 60.6542
4.99049 55.7962
4.99622 54.5563
5.00196 55.7133
5.00769 55.3614
5.01343 55.7572
5.01917 56.61
5.0249 56.8838
5.03064 56.1253
5.03638 56.3939
5.04211 56.2261
5.04785 54.4795
5.05358 55.0983
5.05932 54.3607
5.06506 54.3451
5.07079 54.9013
5.07653 52.0212
5.08226 55.0351
5.088 52.9621
5.09374 53.403
5.09947 53.4891
5.10521 55.0482
5.11095 53.8013
5.11668 53.8977
5.12242 53.1272
5.12815 53.9427
5.13389 54.422
5.13963 54.9892
5.14536 55.0687
5.1511 54.2201
5.15684 54.8525
5.16257 54.3804
5.16831 53.3482
5.17404 55.1273
5.17978 54.3363
5.18552 53.1971
5.19125 53.6998
5.19699 54.8219
5.20272 54.0066
5.20846 53.8323
5.2142 52.1371
5.21993 53.688
5.22567 52.4989
5.23141 53.252
5.23714 55.4225
5.24288 53.678
5.24861 54.9216
5.25435 54.7683
5.26009 55.1245
5.26582 55.0938
5.27156 54.2168
5.2773 54.7479
5.28303 55.4307
5.28877 55.5418
5.2945 54.5633
5.30024 54.9148
5.30598 56.5094
5.31171 56.2705
5.31745 57.8174
5.32318 56.8565
5.32892 54.8056
5.33466 55.7423
5.34039 55.3111
5.34613 56.3312
5.35187 54.9103
5.3576 55.607
5.36334 55.0317
5.36907 54.147
5.37481 55.2925
5.38055 54.842
5.38628 60.3221
5.39202 62.0198
5.39776 64.7097
5.40349 63.2317
5.40923 58.4311
5.41496 58.1623
5.4207 55.3742
5.42644 55.2276
5.43217 55.4584
5.43791 54.0039
5.44364 58.0208
5.44938 57.5616
5.45512 57.6205
5.46085 57.0621
5.46659 56.0115
5.47233 56.2419
5.47806 55.1624
5.4838 56.3071
5.48953 54.3906
5.49527 55.5462
5.50101 55.3857
5.50674 55.408
5.51248 55.9443
5.51822 56.3908
5.52395 56.479
5.52969 56.8257
5.53542 56.2042
5.54116 55.9958
5.5469 55.7925
5.55263 56.3196
5.55837 55.5406
5.5641 57.308
5.56984 56.7421
5.57558 58.3379
5.58131 56.099
5.58705 57.2634
5.59279 57.6451
5.59852 57.7023
5.60426 57.1716
5.60999 56.8733
5.61573 57.0451
5.62147 56.8491
5.6272 56.9212
5.63294 57.7231
5.63868 58.3306
5.64441 59.3221
5.65015 59.217
5.65588 60.565
5.66162 58.9237
5.66736 58.4363
5.67309 59.6165
5.67883 58.4251
5.68456 58.5656
5.6903 60.1645
5.69604 59.1798
5.70177 60.8064
5.70751 61.0716
5.71325 62.921
5.71898 62.6956
5.72472 61.4302
5.73045 61.6746
5.73619 63.1324
5.74193 62.8574
5.74766 61.782
5.7534 63.6034
5.75914 64.359
5.76487 64.9026
5.77061 67.7418
5.77634 65.2635
5.78208 67.3025
5.78782 66.7164
5.79355 67.0651
5.79929 66.5958
5.80502 65.9362
5.81076 67.3213
5.8165 67.8154
5.82223 65.9851
5.82797 66.954
5.83371 67.9487
5.83944 69.1701
5.84518 67.9157
5.85091 68.6243
5.85665 70.0232
5.86239 70.75
5.86812 68.9444
5.87386 69.7772
5.8796 69.4538
5.88533 70.4236
5.89107 68.5962
5.8968 71.6197
5.90254 70.5204
5.90828 70.6987
5.91401 71.9086
5.91975 72.7901
5.92548 72.2911
5.93122 73.8078
5.93696 73.5989
5.94269 80.2109
5.94843 76.9656
5.95417 83.3643
5.9599 77.4821
5.96564 76.663
5.97137 77.2702
5.97711 76.9067
5.98285 78.321
5.98858 79.8157
5.99432 79.9366
6.00006 81.2779
6.00579 83.8213
6.01153 85.9729
6.01726 87.2865
6.023 87.4722
6.02874 85.7558
6.03447 84.4438
6.04021 85.9824
6.04594 86.4452
6.05168 87.6505
6.05742 87.4733
6.06315 87.5312
6.06889 88.8096
6.07463 91.0427
6.08036 91.1237
6.0861 92.5434
6.09183 95.7593
6.09757 97.3377
6.10331 96.1982
6.10904 98.7839
6.11478 100.122
6.12052 100.408
6.12625 102.454
6.13199 103.274
6.13772 106.376
6.14346 104.525
6.1492 109.287
6.15493 110.872
6.16067 110.674
6.1664 112.307
6.17214 115.442
6.17788 121.318
6.18361 121.672
6.18935 125.616
6.19509 131.621
6.20082 133.481
6.20656 138.547
6.21229 144.12
6.21803 152.338
6.22377 155.383
6.2295 162.468
6.23524 171.648
6.24098 171.371
6.24671 179.119
6.25245 195.005
6.25818 207.555
6.26392 225.166
6.26966 262.26
6.27539 354.483
6.28113 464.152
6.28686 1267.39
6.2926 3184.05
6.29834 6996.27
6.30407 6846.97
6.30981 9142.28
6.31555 2753.71
6.32128 1502.5
6.32702 681.593
6.33275 467.425
6.33849 416.026
6.34423 354.204
6.34996 352.696
6.3557 363.898
6.36144 379.072
6.36717 412.722
6.37291 447.559
6.37864 449.288
6.38438 419.307
6.39012 379.121
6.39585 341.772
6.40159 295.74
6.40732 260.404
6.41306 229.916
6.4188 208.861
6.42453 190.812
6.43027 181.108
6.43601 172.1
6.44174 162.318
6.44748 158.521
6.45321 152.961
6.45895 151.598
6.46469 148.068
6.47042 143.995
6.47616 142.973
6.4819 135.7
6.48763 129.132
6.49337 128.395
6.4991 124.971
6.50484 124.326
6.51058 121.246
6.51631 120.517
6.52205 118.089
6.52778 119.137
6.53352 117.689
6.53926 115.47
6.54499 115.424
6.55073 113.744
6.55647 115.344
6.5622 114.216
6.56794 114.03
6.57367 114.507
6.57941 113.401
6.58515 111.416
6.59088 110.592
6.59662 109.793
6.60236 109.247
6.60809 107.302
6.61383 105.928
6.61956 107.15
6.6253 105.532
6.63104 106.713
6.63677 105.741
6.64251 103.849
6.64824 102.909
6.65398 105.419
6.65972 104.858
6.66545 104.384
6.67119 103.51
6.67693 106.612
6.68266 105.139
6.6884 103.274
6.69413 104.601
6.69987 104.712
6.70561 103.048
6.71134 102.533
6.71708 101.82
6.72282 101.804
6.72855 100.981
6.73429 100.534
6.74002 101.409
6.74576 100.53
6.7515 100.245
6.75723 99.9071
6.76297 99.5177
6.7687 98.496
6.77444 99.2055
6.78018 99.2043
6.78591 98.624
6.79165 98.3937
6.79739 99.4288
6.80312 100.665
6.80886 100.772
6.81459 101.516
6.82033 100.72
6.82607 99.3994
6.8318 100.748
6.83754 96.6439
6.84328 98.0323
6.84901 99.6912
6.85475 98.5163
6.86048 98.9602
6.86622 97.471
6.87196 98.86
6.87769 97.7701
6.88343 98.1227
6.88916 98.4938
6.8949 98.2622
6.90064 99.3134
6.90637 100.31
6.91211 99.644
6.91785 98.9621
6.92358 99.163
6.92932 98.9244
6.93505 99.0163
6.94079 99.3551
6.94653 98.9847
6.95226 98.9713
6.958 99.2378
6.96374 98.7416
6.96947 99.1297
6.97521 99.6013
6.98094 98.6431
6.98668 99.2613
6.99242 99.0202
6.99815 99.0566
7.00389 97.6984
7.00962 99.086
7.01536 99.3505
7.0211 98.8764
7.02683 99.0164
7.03257 99.1746
7.03831 98.0436
7.04404 99.994
7.04978 101.102
7.05551 101.636
7.06125 101.991
7.06699 100.722
7.07272 100.95
7.07846 100.262
7.0842 101.995
7.08993 102.445
7.09567 102.313
7.1014 103.97
7.10714 104.024
7.11288 104.382
7.11861 103.794
7.12435 105.523
7.13008 105.958
7.13582 105.686
7.14156 104.844
7.14729 105.55
7.15303 106.515
7.15877 106.076
7.1645 105.786
7.17024 105.804
7.17597 108.22
7.18171 107.258
7.18745 108.687
7.19318 108.771
7.19892 108.616
7.20466 109.389
7.21039 111.323
7.21613 110.262
7.22186 111.351
7.2276 112.532
7.23334 112.181
7.23907 112.448
7.24481 113.196
7.25054 112.172
7.25628 113.793
7.26202 113.266
7.26775 114.879
7.27349 115.889
7.27923 115.325
7.28496 117.519
7.2907 118.827
7.29643 118.589
7.30217 119.129
7.30791 121.539
7.31364 123.7
7.31938 122.644
7.32512 125.645
7.33085 125.7
7.33659 129.04
7.34232 130.566
7.34806 130.288
7.3538 134.796
7.35953 134.819
7.36527 142.927
7.371 158.198
7.37674 222.359
7.38248 201.544
7.38821 582.594
7.39395 560.391
7.39969 706.846
7.40542 1171.38
7.41116 581.943
7.41689 365.324
7.42263 264.146
7.42837 237.765
7.4341 226.308
7.43984 222.607
7.44558 235.641
7.45131 251.719
7.45705 273.523
7.46278 304.254
7.46852 343.473
7.47426 380.143
7.47999 400.87
7.48573 392.471
7.49146 357.29
7.4972 318.17
7.50294 281.109
7.50867 246.281
7.51441 218.058
7.52015 195.08
7.52588 178.844
7.53162 163.674
7.53735 153.978
7.54309 144.395
7.54883 139.192
7.55456 133.276
7.5603 128.184
7.56604 125.174
7.57177 121.198
7.57751 117.801
7.58324 115.717
7.58898 114.124
7.59472 113.025
7.60045 113.139
7.60619 111.183
7.61192 110.415
7.61766 108.426
7.6234 105.967
7.62913 105.566
7.63487 105.972
7.64061 106.19
7.64634 104.606
7.65208 104.21
7.65781 104.9
7.66355 103.157
7.66929 102.157
7.67502 102.866
7.68076 102.51
7.6865 102.96
7.69223 103.183
7.69797 104.881
7.7037 105.187
7.70944 109.729
7.71518 123.527
7.72091 144.08
7.72665 235.707
7.73238 380.416
7.73812 161.972
7.74386 147.273
7.74959 125.786
7.75533 119.462
7.76107 116.767
7.7668 118.677
7.77254 124.7
7.77827 129.435
7.78401 137.314
7.78975 147.043
7.79548 160.447
7.80122 173.195
7.80696 185.999
7.81269 192.439
7.81843 187.553
7.82416 173.483
7.8299 159.28
7.83564 143.105
7.84137 132.306
7.84711 121.561
7.85284 113.817
7.85858 109.46
7.86432 103.792
7.87005 99.3696
7.87579 95.9679
7.88153 95.2268
7.88726 94.8925
7.893 91.0613
7.89873 91.2758
7.90447 90.1667
7.91021 92.9025
7.91594 92.7127
7.92168 101.59
7.92742 95.7677
7.93315 86.7295
7.93889 85.6885
7.94462 84.5366
7.95036 83.7267
7.9561 83.1548
7.96183 83.9236
7.96757 85.5984
7.9733 84.9906
7.97904 84.5956
7.98478 83.9603
7.99051 80.4668
7.99625 81.0223
8.00199 81.8538
8.00772 81.0219
8.01346 81.0923
8.01919 80.5106
8.02493 79.2066
8.03067 78.378
8.0364 77.8333
8.04214 78.1552
8.04788 77.522
8.05361 78.2812
8.05935 78.0847
8.06508 77.5844
8.07082 77.8579
8.07656 77.5218
8.08229 77.5125
8.08803 78.6289
8.09376 78.1183
8.0995 77.7843
8.10524 75.175
8.11097 74.8679
8.11671 72.5425
8.12245 71.4233
8.12818 69.4743
8.13392 70.4359
8.13965 69.2375
8.14539 69.6758
8.15113 68.0999
8.15686 63.1047
8.1626 66.428
8.16834 66.8152
8.17407 67.2579
8.17981 68.51
8.18554 68.0847
8.19128 68.6224
8.19702 69.1371
8.20275 67.5684
8.20849 68.4668
8.21422 69.023
8.21996 68.1287
8.2257 68.6835
8.23143 68.2932
8.23717 68.9165
8.24291 68.7887
8.24864 69.8539
8.25438 68.5566
8.26011 69.9022
8.26585 69.0735
8.27159 68.5763
8.27732 68.6775
8.28306 67.1734
8.2888 68.1729
8.29453 66.7996
8.30027 66.921
8.306 66.9529
8.31174 68.6316
8.31748 67.9819
8.32321 68.9634
8.32895 67.1681
8.33468 65.3876
8.34042 66.9893
8.34616 66.9783
8.35189 66.7896
8.35763 66.1535
8.36337 66.0394
8.3691 66.6845
8.37484 65.6771
8.38057 65.7309
8.38631 65.6858
8.39205 65.5
8.39778 66.2549
8.40352 67.5186
8.40926 67.0221
8.41499 65
8.42073 67.5571
8.42646 70.2347
8.4322 70.517
8.43794 69.5844
8.44367 71.2768
8.44941 66.4145
8.45514 66.3108
8.46088 66.9437
8.46662 67.3152
8.47235 65.2922
8.47809 66.9229
8.48383 65.6085
8.48956 63.376
8.4953 63.8172
8.50103 64.2701
8.50677 65.1573
8.51251 64.9351
8.51824 66.1795
8.52398 65.0056
8.52972 63.9426
8.53545 65.6609
8.54119 67.1562
8.54692 64.4303
8.55266 64.172
8.5584 63.8778
8.56413 66.1416
8.56987 63.7812
8.5756 65.11
8.58134 62.9628
8.58708 63.6734
8.59281 64.5189
8.59855 64.393
8.60429 63.5119
8.61002 62.2613
8.61576 63.2049
8.62149 63.881
8.62723 63.8299
8.63297 63.1172
8.6387 63.7057
8.64444 63.9594
8.65018 63.8797
8.65591 63.6119
8.66165 57.6717
8.66738 64.032
8.67312 63.5277
8.67886 63.8636
8.68459 64.7903
8.69033 63.0797
8.69606 63.6582
8.7018 63.4375
8.70754 63.9
8.71327 64.7088
8.71901 62.2918
8.72475 63.907
8.73048 64.0323
8.73622 63.8707
8.74195 66.6008
8.74769 64.6695
8.75343 63.7051
8.75916 62.9703
8.7649 63.3349
8.77064 65.5551
8.77637 62.7857
8.78211 65.5229
8.78784 63.7249
8.79358 60.5123
8.79932 63.7281
8.80505 64.8639
8.81079 62.6946
8.81652 64.5877
8.82226 62.7461
8.828 63.6481
8.83373 60.6098
8.83947 66.4706
8.84521 63.5366
8.85094 66.4043
8.85668 61.8308
8.86241 63.9949
8.86815 63.6437
8.87389 65.6872
8.87962 64.2659
8.88536 63.0111
8.8911 62.8235
8.89683 63.0864
8.90257 65.3934
8.9083 67.2139
8.91404 65.925
8.91978 68.24
8.92551 75.1974
8.93125 81.1463
8.93698 103.006
8.94272 90.7584
8.94846 78.8182
8.95419 72.2953
8.95993 66.3378
8.96567 69.4472
8.9714 65.4803
8.97714 69.8165
8.98287 70.1538
8.98861 70.9556
8.99435 71.9793
9.00008 70.7094
9.00582 73.1645
9.01156 75.2061
9.01729 77.0976
9.02303 76.8643
9.02876 80.3162
9.0345 76.187
9.04024 76.093
9.04597 80.75
9.05171 78.3622
9.05744 73.2314
9.06318 77.7282
9.06892 69.437
9.07465 70.8542
9.08039 70.4615
9.08613 66.4393
9.09186 68.6354
9.0976 63.5769
9.10333 69.1771
9.10907 66.3571
9.11481 63.5833
9.12054 69.2727
9.12628 65.949
9.13202 66.2317
9.13775 64.5
9.14349 63.5238
9.14922 65.6341
9.15496 60.2317
9.1607 62.2297
9.16643 60.3125
9.17217 63.7397
9.1779 64.8553
9.18364 62.6714
9.18938 63.6324
9.19511 58.4853
9.20085 60.6667
9.20659 61.3231
9.21232 67.0333
9.21806 60.2623
9.22379 58.2909
9.22953 56.4182
9.23527 56.4717
9.241 59.6786
9.24674 58.2857
9.25248 59.2766
9.25821 52.6667
9.26395 49.3864
9.26968 55.8605
9.27542 59.0513
9.28116 51.925
9.28689 50.9429
9.29263 47.4848
9.29836 51.6667
9.3041 52.0303
9.30984 54.1429
9.31557 46.6667
9.32131 45.8519
9.32705 43.45
9.33278 47.4348
9.33852 37.7895
9.34425 43.5556
9.34999 37.2353
9.35573 33.2857
9.36146 43.3636
9.3672 30.5455
9.37294 38.75
9.37867 23.7778
9.38441 16.6667
9.39014 11.75
9.39588 0
9.40162 0
9.40735 0
9.41309 0
9.41882 0
9.42456 0
9.4303 0
9.43603 0
9.44177 0
9.44751 0
9.45324 0
9.45898 0
9.46471 0
9.47045 0
9.47619 0
9.48192 0
9.48766 0
9.4934 0
9.49913 0
9.50487 0
9.5106 0
9.51634 0
9.52208 0
9.52781 0
9.53355 0
9.53928 0
9.54502 0
9.55076 0
9.55649 0
9.56223 0
9.56797 0
9.5737 0
9.57944 0
9.58517 0
9.59091 0
9.59665 0
9.60238 0
9.60812 0
9.61386 0
9.61959 0
9.62533 0
9.63106 0
9.6368 0
9.64254 0
9.64827 0
9.65401 0
9.65974 0
9.66548 0
9.67122 0
9.67695 0
9.68269 0
9.68843 0
9.69416 0
9.6999 0
9.70563 0
9.71137 0
9.71711 0
9.72284 0
9.72858 0
9.73432 0
9.74005 0
9.74579 0
9.75152 0
9.75726 0
9.763 0
9.76873 0
9.77447 0
9.7802 0
9.78594 0
9.79168 0
9.79741 0
9.80315 0
9.80889 0
9.81462 0
9.82036 0
9.82609 0
9.83183 0
9.83757 0
9.8433 0
9.84904 0
9.85478 0
9.86051 0
9.86625 0
9.87198 0
9.87772 0
9.88346 0
9.88919 0
9.89493 0
9.90066 0
9.9064 0
9.91214 0
9.91787 0
9.92361 0
9.92935 0
9.93508 0
9.94082 0
9.94655 0
9.95229 0
9.95803 0
9.96376 0
9.9695 0
9.97524 0
9.98097 0
9.98671 0
9.99244 0
9.99818 0
10.0039 0
10.0097 0
10.0154 0
10.0211 0
10.0269 0
10.0326 0
10.0383 0
10.0441 0
10.0498 0
10.0555 0
10.0613 0
10.067 0
10.0728 0
10.0785 0
10.0842 0
10.09 0
10.0957 0
10.1014 0
10.1072 0
10.1129 0
10.1186 0
10.1244 0
10.1301 0
10.1358 0
10.1416 0
10.1473 0
10.1531 0
10.1588 0
10.1645 0
10.1703 0
10.176 0
10.1817 0
10.1875 0
10.1932 0
10.1989 0
10.2047 0
10.2104 0
10.2162 0
10.2219 0
10.2276 0
10.2334 0
10.2391 0
10.2448 0
10.2506 0
10.2563 0
10.262 0
10.2678 0
10.2735 0
10.2793 0
10.285 0
10.2907 0
10.2965 0
10.3022 0
10.3079 0
10.3137 0
10.3194 0
10.3251 0
10.3309 0
10.3366 0
10.3424 0
10.3481 0
10.3538 0
10.3596 0
10.3653 0
10.371 0
10.3768 0
10.3825 0
10.3882 0
10.394 0
10.3997 0
10.4054 0
10.4112 0
10.4169 0
10.4227 0
10.4284 0
10.4341 0
10.4399 0
10.4456 0
10.4513 0
10.4571 0
10.4628 0
10.4685 0
10.4743 0
10.48 0
10.4858 0
10.4915 0
10.4972 0
10.503 0
10.5087 0
10.5144 0
10.5202 0
10.5259 0
10.5316 0
10.5374 0
10.5431 0
10.5489 0
10.5546 0
10.5603 0
10.5661 0
10.5718 0
10.5775 0
10.5833 0
10.589 0
10.5947 0
10.6005 0
10.6062 0
10.612 0
10.6177 0
10.6234 0
10.6292 0
10.6349 0
10.6406 0
10.6464 0
10.6521 0
10.6578 0
10.6636 0
10.6693 0
10.6751 0
10.6808 0
10.6865 0
10.6923 0
10.698 0
10.7037 0
10.7095 0
10.7152 0
10.7209 0
10.7267 0
10.7324 0
10.7381 0
10.7439 0
10.7496 0
10.7554 0
10.7611 0
10.7668 0
10.7726 0
10.7783 0
10.784 0
10.7898 0
10.7955 0
10.8012 0
10.807 0
10.8127 0
10.8185 0
10.8242 0
10.8299 0
10.8357 0
10.8414 0
10.8471 0
10.8529 0
10.8586 0
10.8643 0
10.8701 0
10.8758 0
10.8816 0
10.8873 0
10.893 0
10.8988 0
10.9045 0
10.9102 0
10.916 0
10.9217 0
10.9274 0
10.9332 0
10.9389 0
10.9447 0
10.9504 0
10.9561 0
10.9619 0
10.9676 0
10.9733 0
10.9791 0
10.9848 0
10.9905 0
10.9963 0
11.002 0
11.0077 0
11.0135 0
11.0192 0
11.025 0
11.0307 0
11.0364 0
11.0422 0
11.0479 0
11.0536 0
11.0594 0
11.0651 0
11.0708 0
11.0766 0
11.0823 0
11.0881 0
11.0938 0
11.0995 0
11.1053 0
11.111 0
11.1167 0
11.1225 0
11.1282 0
11.1339 0
11.1397 0
11.1454 0
11.1512 0
11.1569 0
11.1626 0
11.1684 0
11.1741 0
11.1798 0
11.1856 0
11.1913 0
11.197 0
11.2028 0
11.2085 0
11.2143 0
11.22 0
11.2257 0
11.2315 0
11.2372 0
11.2429 0
11.2487 0
11.2544 0
11.2601 0
11.2659 0
11.2716 0
11.2774 0
11.2831 0
11.2888 0
11.2946 0
11.3003 0
11.306 0
11.3118 0
11.3175 0
11.3232 0
11.329 0
11.3347 0
11.3404 0
11.3462 0
11.3519 0
11.3577 0
11.3634 0
11.3691 0
11.3749 0
11.3806 0
11.3863 0
11.3921 0
11.3978 0
11.4035 0
11.4093 0
11.415 0
11.4208 0
11.4265 0
11.4322 0
11.438 0
11.4437 0
11.4494 0
11.4552 0
11.4609 0
11.4666 0
11.4724 0
11.4781 0
11.4839 0
11.4896 0
11.4953 0
11.5011 0
11.5068 0
11.5125 0
11.5183 0
11.524 0
11.5297 0
11.5355 0
11.5412 0
11.547 0
11.5527 0
11.5584 0
11.5642 0
11.5699 0
11.5756 0
11.5814 0
11.5871 0
11.5928 0
11.5986 0
11.6043 0
11.61 0
11.6158 0
11.6215 0
11.6273 0
11.633 0
11.6387 0
11.6445 0
11.6502 0
11.6559 0
11.6617 0
11.6674 0
11.6731 0
11.6789 0
11.6846 0
11.6904 0
11.6961 0
11.7018 0
11.7076 0
11.7133 0
11.719 0
11.7248 0
11.7305 0
11.7362 0
11.742 0
