0 0
0.00573619 -17.017
0.0114724 31.031
0.0172086 1.5015
0.0229448 6.006
0.028681 5.005
0.0344171 8.008
0.0401533 2.2022
0.0458895 13.6136
0.0516257 -18.018
0.0573619 1.33467
0.0630981 7.007
0.0688343 8.008
0.0745705 8.84217
0.0803067 -2.44689
0.0860429 8.67533
0.091779 2.75275
0.0975152 2.002
0.103251 -0.444889
0.108988 4.33767
0.114724 -6.1061
0.12046 18.291
0.126196 1.33467
0.131932 -11.5115
0.137669 5.6056
0.143405 3.696
0.149141 3.696
0.154877 4.62962
0.160613 -0.734067
0.16635 -2.002
0.172086 2.91958
0.177822 0.579526
0.183558 3.17965
0.189294 -5.7915
0.19503 2.47867
0.200767 1.19167
0.206503 -1.47206
0.212239 0.5005
0.217975 2.574
0.223711 -2.11976
0.229448 1.91858
0.235184 4.70035
0.24092 7.735
0.246656 3.22544
0.252392 3.003
0.258129 -1.33467
0.263865 -2.33567
0.269601 4.92158
0.275337 3.03752
0.281073 4.12412
0.28681 1.75175
0.292546 6.72672
0.298282 2.24362
0.304018 5.19037
0.309754 -0.467133
0.31549 -2.35719
0.321227 6.56211
0.326963 8.64197
0.332699 0.419774
0.338435 4.97467
0.344171 2.16883
0.349908 -1.5158
0.355644 7.15
0.36138 3.06758
0.367116 2.09032
0.372852 8.25067
0.378589 5.24849
0.384325 8.10184
0.390061 6.93
0.395797 7.64867
0.401533 13.398
0.40727 9.24179
0.413006 8.98195
0.418742 14.7647
0.424478 14.7795
0.430214 15.6601
0.43595 15.2591
0.441687 17.7052
0.447423 16.7401
0.453159 16.093
0.458895 20.9046
0.464631 17.9953
0.470368 16.602
0.476104 16.0799
0.48184 14.9038
0.487576 18.1528
0.493312 21.436
0.499049 18.3934
0.504785 20.6171
0.510521 21.11
0.516257 18.4603
0.521993 26.7313
0.52773 27.2725
0.533466 25.2919
0.539202 27.1313
0.544938 26.6933
0.550674 29.6642
0.55641 28.2782
0.562147 25.5157
0.567883 19.7917
0.573619 21.1545
0.579355 21.1878
0.585091 23.2337
0.590828 23.6085
0.596564 24.7539
0.6023 21.7539
0.608036 22.7304
0.613772 24.0036
0.619509 25.7844
0.625245 23.8374
0.630981 21.9856
0.636717 26.1641
0.642453 26.1665
0.64819 27.5037
0.653926 28.5478
0.659662 30.4458
0.665398 32.8453
0.671134 30.7325
0.67687 30.7888
0.682607 29.8711
0.688343 36.0509
0.694079 28.8251
0.699815 32.8589
0.705551 34.7578
0.711288 34.489
0.717024 28.799
0.72276 32.4258
0.728496 34.606
0.734232 33.6273
0.739969 33.8889
0.745705 34.6966
0.751441 28.7356
0.757177 33.215
0.762913 34.4673
0.76865 30.6683
0.774386 32.3853
0.780122 34.1163
0.785858 30.186
0.791594 31.2979
0.79733 31.5559
0.803067 30.1751
0.808803 32.6898
0.814539 28.6706
0.820275 31.0733
0.826011 31.616
0.831748 31.5871
0.837484 36.0242
0.84322 28.2139
0.848956 31.9347
0.854692 30.242
0.860429 29.4986
0.866165 34.7333
0.871901 31.4439
0.877637 32.5023
0.883373 28.756
0.88911 29.2857
0.894846 34.246
0.900582 30.4762
0.906318 27.1893
0.912054 30.2636
0.91779 29.5353
0.923527 33.072
0.929263 31.9389
0.934999 33.682
0.940735 31.34
0.946471 27.4679
0.952208 33.5394
0.957944 35.4225
0.96368 32.1732
0.969416 30.9678
0.975152 29.2848
0.980889 32.3264
0.986625 31.4151
0.992361 29.7034
0.998097 30.6517
1.00383 33.4334
1.00957 31.122
1.01531 30.6389
1.02104 33.2237
1.02678 35.6711
1.03251 32.912
1.03825 32.4524
1.04399 34.1271
1.04972 32.815
1.05546 31.2986
1.0612 32.8011
1.06693 33.8001
1.07267 29.81
1.0784 33.791
1.08414 31.2557
1.08988 32.8728
1.09561 34.8825
1.10135 32.6955
1.10708 32.0684
1.11282 32.7696
1.11856 35.2495
1.12429 30.0491
1.13003 35.1685
1.13577 34.3963
1.1415 27.8514
1.14724 29.1392
1.15297 30.5005
1.15871 25.7757
1.16445 27.2359
1.17018 29.0671
1.17592 29.7587
1.18166 28.9247
1.18739 29.7524
1.19313 31.5636
1.19886 28.7472
1.2046 29.6296
1.21034 30.3948
1.21607 27.6367
1.22181 30.5396
1.22754 30.0386
1.23328 29.9458
1.23902 32.6398
1.24475 29.6599
1.25049 28.7168
1.25623 29.3349
1.26196 29.799
1.2677 30.4901
1.27343 30.0661
1.27917 27.5529
1.28491 29.4532
1.29064 29.0733
1.29638 29.8747
1.30212 31.1337
1.30785 28.6673
1.31359 31.0051
1.31932 30.5896
1.32506 30.8123
1.3308 31.5229
1.33653 31.5077
1.34227 31.2497
1.348 31.764
1.35374 29.9326
1.35948 26.8268
1.36521 28.1044
1.37095 30.5851
1.37669 32.3561
1.38242 29.8741
1.38816 31.818
1.39389 32.7955
1.39963 31.759
1.40537 31.8302
1.4111 32.3895
1.41684 29.694
1.42258 31.6687
1.42831 31.5356
1.43405 31.5931
1.43978 32.4472
1.44552 30.2911
1.45126 27.2815
1.45699 32.5999
1.46273 31.577
1.46846 31.9605
1.4742 30.877
1.47994 31.1552
1.48567 28.9387
1.49141 28.9982
1.49715 30.4264
1.50288 30.1177
1.50862 30.5789
1.51435 29.7626
1.52009 30.6547
1.52583 28.54
1.53156 29.6074
1.5373 30.3841
1.54304 27.6446
1.54877 29.6546
1.55451 30.9168
1.56024 26.8736
1.56598 27.263
1.57172 28.8231
1.57745 27.7642
1.58319 30.0371
1.58892 30.1992
1.59466 30.7641
1.6004 30.037
1.60613 28.514
1.61187 30.0434
1.61761 30.827
1.62334 27.9001
1.62908 29.5909
1.63481 30.9448
1.64055 26.9002
1.64629 29.8792
1.65202 34.0539
1.65776 29.6057
1.6635 28.6344
1.66923 29.1297
1.67497 28.0526
1.6807 28.8098
1.68644 29.7006
1.69218 27.6449
1.69791 30.73
1.70365 29.9556
1.70938 29.5744
1.71512 30.7915
1.72086 30.7734
1.72659 27.9933
1.73233 27.9828
1.73807 28.6299
1.7438 28.8843
1.74954 30.9932
1.75527 29.7004
1.76101 31.3475
1.76675 30.9757
1.77248 30.4634
1.77822 30.3569
1.78396 29.7917
1.78969 32.3954
1.79543 28.0338
1.80116 30.2914
1.8069 29.6495
1.81264 30.1858
1.81837 31.2312
1.82411 28.2894
1.82984 30.0984
1.83558 30.7883
1.84132 31.0674
1.84705 33.11
1.85279 30.2173
1.85853 31.6128
1.86426 32.6088
1.87 32.7129
1.87573 32.4449
1.88147 33.87
1.88721 30.1639
1.89294 29.1505
1.89868 30.3009
1.90442 33.7924
1.91015 39.7438
1.91589 53.476
1.92162 68.2125
1.92736 39.9156
1.9331 39.9983
1.93883 40.3077
1.94457 38.9119
1.9503 37.9143
1.95604 35.809
1.96178 40.6871
1.96751 40.8787
1.97325 35.6982
1.97899 36.6784
1.98472 34.0553
1.99046 31.7517
1.99619 32.274
2.00193 34.2816
2.00767 33.3836
2.0134 32.5267
2.01914 35.248
2.02488 34.1965
2.03061 34.0792
2.03635 32.7508
2.04208 34.3587
2.04782 32.2077
2.05356 33.0976
2.05929 34.4211
2.06503 34.3193
2.07076 33.1638
2.0765 34.6512
2.08224 33.9012
2.08797 35.3359
2.09371 34.9238
2.09945 32.1619
2.10518 33.7523
2.11092 33.6272
2.11665 35.2403
2.12239 36.0844
2.12813 35.9945
2.13386 34.3527
2.1396 33.4505
2.14534 34.7321
2.15107 34.9119
2.15681 36.197
2.16254 34.9309
2.16828 35.2472
2.17402 37.3928
2.17975 38.6636
2.18549 36.9787
2.19122 35.9022
2.19696 37.0965
2.2027 41.8906
2.20843 49.229
2.21417 101.828
2.21991 81.1186
2.22564 48.4145
2.23138 39.8977
2.23711 38.4829
2.24285 37.6674
2.24859 36.6564
2.25432 38.1568
2.26006 37.4209
2.2658 37.0101
2.27153 37.023
2.27727 36.3491
2.283 35.7671
2.28874 37.6602
2.29448 34.5074
2.30021 37.6348
2.30595 35.0704
2.31168 36.3002
2.31742 36.418
2.32316 37.3835
2.32889 36.3588
2.33463 36.3415
2.34037 39.0155
2.3461 39.6481
2.35184 38.2599
2.35757 38.5876
2.36331 38.2719
2.36905 39.9201
2.37478 38.5701
2.38052 38.8775
2.38626 38.4728
2.39199 38.7438
2.39773 39.6048
2.40346 41.1827
2.4092 39.5597
2.41494 39.1749
2.42067 36.9032
2.42641 38.0611
2.43214 38.9177
2.43788 36.0747
2.44362 38.8229
2.44935 39.6963
2.45509 37.319
2.46083 38.5593
2.46656 40.4509
2.4723 39.5605
2.47803 38.0566
2.48377 38.6138
2.48951 38.9064
2.49524 40.0853
2.50098 39.4814
2.50672 38.4056
2.51245 40.4524
2.51819 37.8295
2.52392 38.6857
2.52966 37.2799
2.5354 37.0741
2.54113 39.9649
2.54687 40.7853
2.5526 40.8798
2.55834 40.3331
2.56408 41.9142
2.56981 40.2303
2.57555 39.3968
2.58129 40.2697
2.58702 41.7781
2.59276 40.7238
2.59849 39.0305
2.60423 40.8586
2.60997 40.7752
2.6157 39.6956
2.62144 40.9628
2.62718 40.0102
2.63291 39.8808
2.63865 40.3751
2.64438 41.9184
2.65012 40.8448
2.65586 38.3374
2.66159 41.0054
2.66733 41.2707
2.67306 39.8824
2.6788 41.1505
2.68454 43.0977
2.69027 40.0239
2.69601 40.7102
2.70175 41.2521
2.70748 42.2933
2.71322 41.607
2.71895 45.6203
2.72469 46.0419
2.73043 43.0863
2.73616 42.2339
2.7419 41.598
2.74764 43.0944
2.75337 40.7723
2.75911 42.2818
2.76484 42.0023
2.77058 41.8278
2.77632 43.5068
2.78205 44.2466
2.78779 44.5928
2.79352 43.5722
2.79926 45.0525
2.805 44.6711
2.81073 44.5155
2.81647 43.5472
2.82221 44.0135
2.82794 43.4958
2.83368 44.6363
2.83941 44.98
2.84515 45.005
2.85089 45.0256
2.85662 45.5474
2.86236 44.4604
2.8681 44.3207
2.87383 45.6267
2.87957 44.5877
2.8853 47.0269
2.89104 45.1478
2.89678 46.148
2.90251 46.2531
2.90825 45.4076
2.91398 46.9484
2.91972 47.5276
2.92546 47.1591
2.93119 45.3774
2.93693 48.1094
2.94267 47.5208
2.9484 48.1198
2.95414 48.2622
2.95987 50.0104
2.96561 49.4263
2.97135 49.847
2.97708 48.7615
2.98282 50.3411
2.98856 53.6286
2.99429 61.6437
3.00003 54.4038
3.00576 53.5782
3.0115 52.1035
3.01724 52.3048
3.02297 50.1761
3.02871 50.284
3.03444 50.886
3.04018 51.4111
3.04592 51.4521
3.05165 51.9551
3.05739 53.8099
3.06313 52.6518
3.06886 54.6864
3.0746 55.5854
3.08033 54.4928
3.08607 56.9754
3.09181 57.6155
3.09754 60.2401
3.10328 62.9915
3.10902 64.8662
3.11475 65.4111
3.12049 64.361
3.12622 61.9266
3.13196 68.2532
3.1377 69.8598
3.14343 82.1571
3.14917 74.3269
3.1549 63.851
3.16064 60.7003
3.16638 62.2305
3.17211 61.1166
3.17785 60.3606
3.18359 60.7812
3.18932 61.5115
3.19506 61.2969
3.20079 63.2826
3.20653 62.2576
3.21227 63.6404
3.218 63.0665
3.22374 63.3619
3.22948 66.8695
3.23521 63.6931
3.24095 66.4195
3.24668 64.1625
3.25242 65.4053
3.25816 66.1964
3.26389 67.7935
3.26963 67.6978
3.27536 69.363
3.2811 67.6595
3.28684 70.4016
3.29257 71.0579
3.29831 70.9995
3.30405 73.843
3.30978 76.3057
3.31552 74.7951
3.32125 77.7828
3.32699 80.4026
3.33273 80.1377
3.33846 78.6303
3.3442 79.1198
3.34994 79.3362
3.35567 79.7441
3.36141 83.1146
3.36714 80.0832
3.37288 80.9701
3.37862 80.1244
3.38435 78.3306
3.39009 80.107
3.39582 80.7179
3.40156 80.6812
3.4073 84.0204
3.41303 84.7877
3.41877 87.6156
3.42451 86.2843
3.43024 87.2273
3.43598 85.009
3.44171 85.9762
3.44745 87.7142
3.45319 87.4792
3.45892 87.4099
3.46466 88.5136
3.4704 86.9606
3.47613 88.8669
3.48187 89.2247
3.4876 93.1566
3.49334 90.9766
3.49908 95.1874
3.50481 96.5113
3.51055 98.4671
3.51628 99.7868
3.52202 102.823
3.52776 108.848
3.53349 115.039
3.53923 124.581
3.54497 134.843
3.5507 143.222
3.55644 142.531
3.56217 134.881
3.56791 124.31
3.57365 118.693
3.57938 117.234
3.58512 117.459
3.59086 114.959
3.59659 116.542
3.60233 118.386
3.60806 119.783
3.6138 119.844
3.61954 123.359
3.62527 127.941
3.63101 133.847
3.63674 142.611
3.64248 154.524
3.64822 169.671
3.65395 181.472
3.65969 186.121
3.66543 177.889
3.67116 170.842
3.6769 169.967
3.68263 173.943
3.68837 173.993
3.69411 174.242
3.69984 171.276
3.70558 173.231
3.71132 173.285
3.71705 178.053
3.72279 179.841
3.72852 182.275
3.73426 188.328
3.74 194.059
3.74573 200.061
3.75147 203.536
3.7572 209.825
3.76294 217.287
3.76868 222.013
3.77441 236.324
3.78015 242.554
3.78589 250.972
3.79162 265.242
3.79736 281.216
3.80309 300.181
3.80883 315.596
3.81457 346.41
3.8203 376.974
3.82604 410.901
3.83178 476.859
3.83751 633.065
3.84325 1073.51
3.84898 1952.12
3.85472 2340.97
3.86046 1552.72
3.86619 1112.76
3.87193 1190.64
3.87766 1338.1
3.8834 1510.84
3.88914 1699.55
3.89487 1916.85
3.90061 2023.24
3.90635 1987.2
3.91208 1834.47
3.91782 1548.48
3.92355 1280.4
3.92929 1075.94
3.93503 897.036
3.94076 763.282
3.9465 659.923
3.95224 583.55
3.95797 515.574
3.96371 464.024
3.96944 429.048
3.97518 398.761
3.98092 367.358
3.98665 345.505
3.99239 331.871
3.99812 310.576
4.00386 297.475
4.0096 289.761
4.01533 278.412
4.02107 267.76
4.02681 262.259
4.03254 260.453
4.03828 255.954
4.04401 251.006
4.04975 245.167
4.05549 235.757
4.06122 229.55
4.06696 224.446
4.0727 221.143
4.07843 217.163
4.08417 212.288
4.0899 212.128
4.09564 207.95
4.10138 207.706
4.10711 206.12
4.11285 204.158
4.11858 203.601
4.12432 200.103
4.13006 202.395
4.13579 199.116
4.14153 195.976
4.14727 194.865
4.153 194.625
4.15874 192.995
4.16447 191.763
4.17021 195.211
4.17595 192.932
4.18168 193.447
4.18742 193.281
4.19316 191.55
4.19889 191.237
4.20463 190.298
4.21036 191.512
4.2161 192.304
4.22184 190.782
4.22757 190.566
4.23331 190.651
4.23904 191.421
4.24478 194.378
4.25052 192.579
4.25625 197.536
4.26199 195.313
4.26773 199.409
4.27346 200.287
4.2792 200.852
4.28493 203.674
4.29067 205.584
4.29641 209.182
4.30214 208.129
4.30788 212.477
4.31362 216.242
4.31935 220.241
4.32509 228.734
4.33082 234.05
4.33656 239.415
4.3423 242.672
4.34803 253.223
4.35377 259.684
4.3595 269.573
4.36524 281.141
4.37098 294.62
4.37671 305.129
4.38245 317.228
4.38819 333.55
4.39392 355.754
4.39966 367.084
4.40539 403.66
4.41113 438.926
4.41687 485.198
4.4226 586.99
4.42834 790.539
4.43408 1399.08
4.43981 3156.45
4.44555 9195.25
4.45128 25696.7
4.45702 27009.1
4.46276 11015.4
4.46849 3349.4
4.47423 1639.21
4.47996 973.542
4.4857 801.541
4.49144 741.491
4.49717 698.569
4.50291 699.6
4.50865 681.561
4.51438 657.559
4.52012 617.301
4.52585 572.013
4.53159 522.974
4.53733 470.924
4.54306 427.782
4.5488 390.942
4.55454 359.274
4.56027 331.824
4.56601 307.321
4.57174 288.816
4.57748 266.459
4.58322 251.562
4.58895 238.328
4.59469 225.256
4.60042 216.343
4.60616 206.381
4.6119 200.776
4.61763 190.926
4.62337 185.097
4.62911 181.691
4.63484 175.446
4.64058 168.595
4.64631 163.907
4.65205 159.879
4.65779 151.391
4.66352 149.22
4.66926 145.537
4.675 142.64
4.68073 141.72
4.68647 140.671
4.6922 137.147
4.69794 135.608
4.70368 133.06
4.70941 133.03
4.71515 130.295
4.72088 129.819
4.72662 129.068
4.73236 128.633
4.73809 126.772
4.74383 126.2
4.74957 124.701
4.7553 125.337
4.76104 121.089
4.76677 120.185
4.77251 118.341
4.77825 116.987
4.78398 114.59
4.78972 115.381
4.79546 113.811
4.80119 109.818
4.80693 108.825
4.81266 108.115
4.8184 107.919
4.82414 106.207
4.82987 105.266
4.83561 105.146
4.84134 108.315
4.84708 109.74
4.85282 112.869
4.85855 109.59
4.86429 105.153
4.87003 102.823
4.87576 102.358
4.8815 100.71
4.88723 101.629
4.89297 100.603
4.89871 99.2266
4.90444 98.0621
4.91018 97.8323
4.91592 97.7414
4.92165 98.2822
4.92739 95.7006
4.93312 95.3257
4.93886 95.1322
4.9446 94.3929
4.95033 94.9883
4.95607 95.403
4.9618 95.305
4.96754 93.6693
4.97328 96.2013
4.97901 99.1995
4.98475 97.7565
4.99049 95.2246
4.99622 93.8262
5.00196 93.2443
5.00769 91.293
5.01343 93.2919
5.01917 92.8126
5.0249 93.793
5.03064 93.7178
5.03638 90.2178
5.04211 92.2639
5.04785 91.7893
5.05358 91.6022
5.05932 92.5136
5.06506 92.5188
5.07079 91.8278
5.07653 88.8765
5.08226 90.4763
5.088 89.9593
5.09374 89.7162
5.09947 89.7679
5.10521 89.5039
5.11095 89.1703
5.11668 90.3909
5.12242 89.7497
5.12815 90.328
5.13389 91.7216
5.13963 89.0415
5.14536 91.4218
5.1511 91.6878
5.15684 91.0192
5.16257 91.0888
5.16831 92.4575
5.17404 92.179
5.17978 92.8865
5.18552 91.2267
5.19125 91.4558
5.19699 88.5885
5.20272 88.4034
5.20846 89.8546
5.2142 88.6248
5.21993 89.3328
5.22567 89.3376
5.23141 89.4153
5.23714 89.2611
5.24288 88.2502
5.24861 88.7136
5.25435 89.2337
5.26009 88.5532
5.26582 89.6503
5.27156 89.5905
5.2773 89.1099
5.28303 88.2499
5.28877 88.4815
5.2945 90.47
5.30024 88.2378
5.30598 89.8777
5.31171 89.1392
5.31745 90.7234
5.32318 90.2737
5.32892 90.6501
5.33466 90.3971
5.34039 92.1213
5.34613 92.092
5.35187 89.8519
5.3576 92.5678
5.36334 90.6868
5.36907 90.2391
5.37481 95.3048
5.38055 91.9401
5.38628 96.1398
5.39202 99.8824
5.39776 101.924
5.40349 103.542
5.40923 100.744
5.41496 98.831
5.4207 95.9337
5.42644 92.2381
5.43217 92.2443
5.43791 92.2201
5.44364 95.7401
5.44938 94.4917
5.45512 96.6086
5.46085 97.0245
5.46659 93.8524
5.47233 94.6692
5.47806 92.5162
5.4838 91.3782
5.48953 90.4595
5.49527 91.1107
5.50101 92.7404
5.50674 91.2467
5.51248 92.1258
5.51822 94.2124
5.52395 94.066
5.52969 93.0117
5.53542 93.1725
5.54116 93.584
5.5469 93.6655
5.55263 92.3472
5.55837 93.3738
5.5641 93.0949
5.56984 94.948
5.57558 95.5466
5.58131 92.5538
5.58705 93.4407
5.59279 95.674
5.59852 95.1053
5.60426 95.2243
5.60999 94.4283
5.61573 95.3875
5.62147 95.9409
5.6272 94.0189
5.63294 94.8255
5.63868 94.8936
5.64441 95.2768
5.65015 96.0091
5.65588 96.3428
5.66162 96.2664
5.66736 96.0767
5.67309 97.3799
5.67883 97.6105
5.68456 99.3341
5.6903 98.6013
5.69604 99.4195
5.70177 100.928
5.70751 101.097
5.71325 100.81
5.71898 101.593
5.72472 102.322
5.73045 102.514
5.73619 104.241
5.74193 101.755
5.74766 102.951
5.7534 102.576
5.75914 105.243
5.76487 104.593
5.77061 106.894
5.77634 106.99
5.78208 107.533
5.78782 106.355
5.79355 109.092
5.79929 107.103
5.80502 107.89
5.81076 107.83
5.8165 107.577
5.82223 108.455
5.82797 109.192
5.83371 108.953
5.83944 111.489
5.84518 111.622
5.85091 111.184
5.85665 112.3
5.86239 110.351
5.86812 112.812
5.87386 112.468
5.8796 112.274
5.88533 114.461
5.89107 116.046
5.8968 116.437
5.90254 115.992
5.90828 116.016
5.91401 117.098
5.91975 117.931
5.92548 118.105
5.93122 118.697
5.93696 121.035
5.94269 121.341
5.94843 121.019
5.95417 122.415
5.9599 122.369
5.96564 124.959
5.97137 126.495
5.97711 126.524
5.98285 128.463
5.98858 130.097
5.99432 131.695
6.00006 131.647
6.00579 135.381
6.01153 136.351
6.01726 137.644
6.023 139.436
6.02874 140.129
6.03447 139.844
6.04021 139.28
6.04594 140.402
6.05168 142.456
6.05742 142.813
6.06315 144.059
6.06889 145.669
6.07463 146.157
6.08036 147.82
6.0861 148.692
6.09183 151.016
6.09757 153.543
6.10331 155.326
6.10904 157.73
6.11478 160.217
6.12052 162.182
6.12625 163.076
6.13199 166.121
6.13772 167.75
6.14346 168.473
6.1492 174.481
6.15493 179.158
6.16067 178.851
6.1664 182.667
6.17214 186.964
6.17788 191.841
6.18361 194.896
6.18935 201.318
6.19509 208.806
6.20082 213.143
6.20656 220.869
6.21229 230.356
6.21803 242.9
6.22377 247.767
6.2295 259.455
6.23524 270.122
6.24098 274.519
6.24671 284.475
6.25245 303.715
6.25818 321.862
6.26392 342.047
6.26966 393.063
6.27539 509.559
6.28113 617.845
6.28686 1491.54
6.2926 4272.05
6.29834 8152.73
6.30407 10383.1
6.30981 14056.8
6.31555 4820.38
6.32128 2037.49
6.32702 925.894
6.33275 627.695
6.33849 565.762
6.34423 515.072
6.34996 516.006
6.3557 522.681
6.36144 522.596
6.36717 540.341
6.37291 562.771
6.37864 575.259
6.38438 581.343
6.39012 579.248
6.39585 560.571
6.40159 522.572
6.40732 481.035
6.41306 438.627
6.4188 401.367
6.42453 368.536
6.43027 346.439
6.43601 324.268
6.44174 307.38
6.44748 293.977
6.45321 282.549
6.45895 275.159
6.46469 264.951
6.47042 257.119
6.47616 250.363
6.4819 240.942
6.48763 232.307
6.49337 224.896
6.4991 220.064
6.50484 214.385
6.51058 211.13
6.51631 208.742
6.52205 203.554
6.52778 200.02
6.53352 199.658
6.53926 199.485
6.54499 194.799
6.55073 192.271
6.55647 193.938
6.5622 191.5
6.56794 192.165
6.57367 192.641
6.57941 191.508
6.58515 190.066
6.59088 186.628
6.59662 182.177
6.60236 180.199
6.60809 179.187
6.61383 176.157
6.61956 176.803
6.6253 173.517
6.63104 174.562
6.63677 172.408
6.64251 171.594
6.64824 171.131
6.65398 171.206
6.65972 171.157
6.66545 170.028
6.67119 170.97
6.67693 171.414
6.68266 170.645
6.6884 169.806
6.69413 170.192
6.69987 168.373
6.70561 166.874
6.71134 166.248
6.71708 164.688
6.72282 165.165
6.72855 164.003
6.73429 165.48
6.74002 162.285
6.74576 162.397
6.7515 162.794
6.75723 161.83
6.76297 162.287
6.7687 161.394
6.77444 162.543
6.78018 161.144
6.78591 162.948
6.79165 167.577
6.79739 171.458
6.80312 186.264
6.80886 217.985
6.81459 206.851
6.82033 225.74
6.82607 182.377
6.8318 171.944
6.83754 162.998
6.84328 160.568
6.84901 159.493
6.85475 160.664
6.86048 158.221
6.86622 160.31
6.87196 159.057
6.87769 160.015
6.88343 159.049
6.88916 158.15
6.8949 159.995
6.90064 159.905
6.90637 158.938
6.91211 158.828
6.91785 158.027
6.92358 158.949
6.92932 158.555
6.93505 159.798
6.94079 160.365
6.94653 160.578
6.95226 159.248
6.958 158.902
6.96374 160.772
6.96947 159.023
6.97521 159.855
6.98094 160.568
6.98668 159.912
6.99242 161.016
6.99815 159.676
7.00389 160.716
7.00962 160.325
7.01536 160.412
7.0211 160.508
7.02683 161.488
7.03257 160.916
7.03831 162.115
7.04404 161.934
7.04978 163.898
7.05551 162.208
7.06125 163.558
7.06699 164.337
7.07272 165.025
7.07846 164.316
7.0842 165.251
7.08993 165.991
7.09567 165.98
7.1014 165.464
7.10714 168.356
7.11288 169.516
7.11861 171.274
7.12435 173.254
7.13008 172.85
7.13582 172.553
7.14156 171.693
7.14729 172.485
7.15303 172.869
7.15877 173.194
7.1645 174.08
7.17024 173.803
7.17597 173.426
7.18171 174.877
7.18745 175.291
7.19318 175.207
7.19892 178.318
7.20466 178.723
7.21039 179.252
7.21613 183.236
7.22186 185.206
7.2276 185.169
7.23334 187.514
7.23907 187.936
7.24481 188.616
7.25054 188.621
7.25628 188.834
7.26202 190.066
7.26775 193.089
7.27349 195.194
7.27923 195.645
7.28496 197.882
7.2907 199.054
7.29643 203.26
7.30217 203.635
7.30791 209.111
7.31364 211.601
7.31938 211.828
7.32512 218.969
7.33085 221.369
7.33659 227.66
7.34232 229.441
7.34806 235.148
7.3538 244.046
7.35953 246.466
7.36527 263.128
7.371 291.82
7.37674 412.38
7.38248 451.586
7.38821 1063.21
7.39395 1598.35
7.39969 2735.82
7.40542 2748.86
7.41116 1276.01
7.41689 659.749
7.42263 438.704
7.42837 388.625
7.4341 380.219
7.43984 381.552
7.44558 391.026
7.45131 407.339
7.45705 424.038
7.46278 442.064
7.46852 467.244
7.47426 488.125
7.47999 506.919
7.48573 524.165
7.49146 529.792
7.4972 521.704
7.50294 498.1
7.50867 465.869
7.51441 430.164
7.52015 395.112
7.52588 364.598
7.53162 336.386
7.53735 313.744
7.54309 295.911
7.54883 280.39
7.55456 266.322
7.5603 255.237
7.56604 242.502
7.57177 233.834
7.57751 227.534
7.58324 219.002
7.58898 213.753
7.59472 209.16
7.60045 203.508
7.60619 198.281
7.61192 197.748
7.61766 194.976
7.6234 190.247
7.62913 190.524
7.63487 187.124
7.64061 186.518
7.64634 182.945
7.65208 182.978
7.65781 182.379
7.66355 180.306
7.66929 181.108
7.67502 179.728
7.68076 178.853
7.6865 179.258
7.69223 181.603
7.69797 183.127
7.7037 185.207
7.70944 194.887
7.71518 232.088
7.72091 253.711
7.72665 414.27
7.73238 582.014
7.73812 267.395
7.74386 227.892
7.74959 205.938
7.75533 203.035
7.76107 203.976
7.7668 207.164
7.77254 213.704
7.77827 219.109
7.78401 225.532
7.78975 231.787
7.79548 241.509
7.80122 250.303
7.80696 257.746
7.81269 264.167
7.81843 267.484
7.82416 268.829
7.8299 265.538
7.83564 254.044
7.84137 244.162
7.84711 226.421
7.85284 212.261
7.85858 201.758
7.86432 189.541
7.87005 183.29
7.87579 175.69
7.88153 169.385
7.88726 164.27
7.893 160.555
7.89873 156.929
7.90447 156.136
7.91021 158.661
7.91594 156.142
7.92168 159.638
7.92742 148.797
7.93315 143.526
7.93889 142.114
7.94462 141.52
7.95036 139.696
7.9561 138.887
7.96183 137.31
7.96757 135.88
7.9733 136.249
7.97904 133.795
7.98478 134.093
7.99051 132.037
7.99625 132.162
8.00199 131.443
8.00772 130.306
8.01346 130.141
8.01919 129.921
8.02493 129.219
8.03067 128.444
8.0364 128.827
8.04214 128.159
8.04788 126.825
8.05361 127.383
8.05935 126.094
8.06508 127.092
8.07082 126.578
8.07656 126.426
8.08229 125.045
8.08803 126.381
8.09376 124.284
8.0995 121.725
8.10524 121.505
8.11097 119.842
8.11671 117.296
8.12245 115.38
8.12818 113.608
8.13392 114.376
8.13965 110.445
8.14539 108.762
8.15113 107.574
8.15686 100.353
8.1626 106.172
8.16834 107.313
8.17407 107.252
8.17981 108.402
8.18554 108.057
8.19128 108.246
8.19702 109.042
8.20275 109.581
8.20849 110.257
8.21422 110.398
8.21996 107.495
8.2257 108.519
8.23143 108.244
8.23717 107.368
8.24291 109.275
8.24864 108.081
8.25438 107.727
8.26011 109.039
8.26585 106.799
8.27159 108.57
8.27732 109.43
8.28306 107.107
8.2888 107.325
8.29453 106.847
8.30027 106.283
8.306 108.223
8.31174 107.261
8.31748 107.76
8.32321 105.114
8.32895 103.986
8.33468 105.109
8.34042 105.395
8.34616 104.762
8.35189 103.932
8.35763 104.523
8.36337 105.278
8.3691 106.008
8.37484 104.934
8.38057 104.695
8.38631 104.449
8.39205 103.685
8.39778 104.477
8.40352 103.073
8.40926 105.291
8.41499 104.343
8.42073 106.318
8.42646 105.128
8.4322 107.544
8.43794 107.515
8.44367 109.241
8.44941 108.157
8.45514 106.144
8.46088 106.667
8.46662 104.277
8.47235 103.004
8.47809 101.982
8.48383 103.207
8.48956 101.261
8.4953 103.818
8.50103 103.419
8.50677 103.036
8.51251 101.29
8.51824 101.164
8.52398 101.727
8.52972 102.356
8.53545 101.774
8.54119 104.426
8.54692 101.486
8.55266 103.657
8.5584 101.667
8.56413 102.168
8.56987 101.667
8.5756 101.976
8.58134 100.487
8.58708 99.0215
8.59281 101.155
8.59855 99.7002
8.60429 101.35
8.61002 102.244
8.61576 100.804
8.62149 101.606
8.62723 100.835
8.63297 100.415
8.6387 101.985
8.64444 101.131
8.65018 100.63
8.65591 100.607
8.66165 94.5813
8.66738 99.384
8.67312 100.004
8.67886 100.017
8.68459 99.7851
8.69033 99.8208
8.69606 100.071
8.7018 100.08
8.70754 100.32
8.71327 100.875
8.71901 103.124
8.72475 101.605
8.73048 103.305
8.73622 104.976
8.74195 100.705
8.74769 102.492
8.75343 101.636
8.75916 102.607
8.7649 100.619
8.77064 103.684
8.77637 100.538
8.78211 103.277
8.78784 100.808
8.79358 99.8732
8.79932 102.581
8.80505 99.0943
8.81079 100.904
8.81652 101.115
8.82226 100.883
8.828 101.49
8.83373 101.98
8.83947 100.63
8.84521 102.395
8.85094 103.364
8.85668 101.717
8.86241 101.871
8.86815 100.785
8.87389 105.541
8.87962 103.363
8.88536 103.899
8.8911 105.994
8.89683 104.518
8.90257 110.176
8.9083 112.39
8.91404 148.705
8.91978 145.305
8.92551 163.055
8.93125 138.382
8.93698 126.501
8.94272 110.95
8.94846 115.528
8.95419 111.79
8.95993 112.842
8.96567 112.553
8.9714 110.843
8.97714 113.069
8.98287 113.001
8.98861 112.431
8.99435 111.139
9.00008 112.54
9.00582 111.98
9.01156 118.768
9.01729 115.823
9.02303 116.502
9.02876 116.989
9.0345 115.375
9.04024 116.015
9.04597 125.693
9.05171 118.764
9.05744 117.895
9.06318 122.666
9.06892 114.879
9.07465 121.924
9.08039 112.865
9.08613 112.093
9.09186 112.915
9.0976 102.535
9.10333 110.287
9.10907 106.198
9.11481 103.927
9.12054 110.156
9.12628 102.756
9.13202 102.383
9.13775 105.693
9.14349 103.58
9.14922 109.658
9.15496 106.729
9.1607 104.145
9.16643 96.071
9.17217 99.9355
9.1779 99.7049
9.18364 97.8549
9.18938 98.1127
9.19511 95.0214
9.20085 99.957
9.20659 94.8948
9.21232 99.2825
9.21806 94.1104
9.22379 94.0576
9.22953 95.3316
9.23527 97.0026
9.241 94.7196
9.24674 89.8653
9.25248 89.3872
9.25821 87.999
9.26395 90.1582
9.26968 82.92
9.27542 81.2607
9.28116 78.3282
9.28689 84.5988
9.29263 78.715
9.29836 83.265
9.3041 75.0447
9.30984 80.08
9.31557 74.4077
9.32131 77.0399
9.32705 61.8117
9.33278 72.0285
9.33852 58.0053
9.34425 64.6201
9.34999 48.9901
9.35573 60.632
9.36146 42.952
9.3672 40.495
9.37294 42.5425
9.37867 33.1442
9.38441 15.015
9.39014 14.014
9.39588 0
9.40162 0
9.40735 0
9.41309 0
9.41882 0
9.42456 0
9.4303 0
9.43603 0
9.44177 0
9.44751 0
9.45324 0
9.45898 0
9.46471 0
9.47045 0
9.47619 0
9.48192 0
9.48766 0
9.4934 0
9.49913 0
9.50487 0
9.5106 0
9.51634 0
9.52208 0
9.52781 0
9.53355 0
9.53928 0
9.54502 0
9.55076 0
9.55649 0
9.56223 0
9.56797 0
9.5737 0
9.57944 0
9.58517 0
9.59091 0
9.59665 0
9.60238 0
9.60812 0
9.61386 0
9.61959 0
9.62533 0
9.63106 0
9.6368 0
9.64254 0
9.64827 0
9.65401 0
9.65974 0
9.66548 0
9.67122 0
9.67695 0
9.68269 0
9.68843 0
9.69416 0
9.6999 0
9.70563 0
9.71137 0
9.71711 0
9.72284 0
9.72858 0
9.73432 0
9.74005 0
9.74579 0
9.75152 0
9.75726 0
9.763 0
9.76873 0
9.77447 0
9.7802 0
9.78594 0
9.79168 0
9.79741 0
9.80315 0
9.80889 0
9.81462 0
9.82036 0
9.82609 0
9.83183 0
9.83757 0
9.8433 0
9.84904 0
9.85478 0
9.86051 0
9.86625 0
9.87198 0
9.87772 0
9.88346 0
9.88919 0
9.89493 0
9.90066 0
9.9064 0
9.91214 0
9.91787 0
9.92361 0
9.92935 0
9.93508 0
9.94082 0
9.94655 0
9.95229 0
9.95803 0
9.96376 0
9.9695 0
9.97524 0
9.98097 0
9.98671 0
9.99244 0
9.99818 0
10.0039 0
10.0097 0
10.0154 0
10.0211 0
10.0269 0
10.0326 0
10.0383 0
10.0441 0
10.0498 0
10.0555 0
10.0613 0
10.067 0
10.0728 0
10.0785 0
10.0842 0
10.09 0
10.0957 0
10.1014 0
10.1072 0
10.1129 0
10.1186 0
10.1244 0
10.1301 0
10.1358 0
10.1416 0
10.1473 0
10.1531 0
10.1588 0
10.1645 0
10.1703 0
10.176 0
10.1817 0
10.1875 0
10.1932 0
10.1989 0
10.2047 0
10.2104 0
10.2162 0
10.2219 0
10.2276 0
10.2334 0
10.2391 0
10.2448 0
10.2506 0
10.2563 0
10.262 0
10.2678 0
10.2735 0
10.2793 0
10.285 0
10.2907 0
10.2965 0
10.3022 0
10.3079 0
10.3137 0
10.3194 0
10.3251 0
10.3309 0
10.3366 0
10.3424 0
10.3481 0
10.3538 0
10.3596 0
10.3653 0
10.371 0
10.3768 0
10.3825 0
10.3882 0
10.394 0
10.3997 0
10.4054 0
10.4112 0
10.4169 0
10.4227 0
10.4284 0
10.4341 0
10.4399 0
10.4456 0
10.4513 0
10.4571 0
10.4628 0
10.4685 0
10.4743 0
10.48 0
10.4858 0
10.4915 0
10.4972 0
10.503 0
10.5087 0
10.5144 0
10.5202 0
10.5259 0
10.5316 0
10.5374 0
10.5431 0
10.5489 0
10.5546 0
10.5603 0
10.5661 0
10.5718 0
10.5775 0
10.5833 0
10.589 0
10.5947 0
10.6005 0
10.6062 0
10.612 0
10.6177 0
10.6234 0
10.6292 0
10.6349 0
10.6406 0
10.6464 0
10.6521 0
10.6578 0
10.6636 0
10.6693 0
10.6751 0
10.6808 0
10.6865 0
10.6923 0
10.698 0
10.7037 0
10.7095 0
10.7152 0
10.7209 0
10.7267 0
10.7324 0
10.7381 0
10.7439 0
10.7496 0
10.7554 0
10.7611 0
10.7668 0
10.7726 0
10.7783 0
10.784 0
10.7898 0
10.7955 0
10.8012 0
10.807 0
10.8127 0
10.8185 0
10.8242 0
10.8299 0
10.8357 0
10.8414 0
10.8471 0
10.8529 0
10.8586 0
10.8643 0
10.8701 0
10.8758 0
10.8816 0
10.8873 0
10.893 0
10.8988 0
10.9045 0
10.9102 0
10.916 0
10.9217 0
10.9274 0
10.9332 0
10.9389 0
10.9447 0
10.9504 0
10.9561 0
10.9619 0
10.9676 0
10.9733 0
10.9791 0
10.9848 0
10.9905 0
10.9963 0
11.002 0
11.0077 0
11.0135 0
11.0192 0
11.025 0
11.0307 0
11.0364 0
11.0422 0
11.0479 0
11.0536 0
11.0594 0
11.0651 0
11.0708 0
11.0766 0
11.0823 0
11.0881 0
11.0938 0
11.0995 0
11.1053 0
11.111 0
11.1167 0
11.1225 0
11.1282 0
11.1339 0
11.1397 0
11.1454 0
11.1512 0
11.1569 0
11.1626 0
11.1684 0
11.1741 0
11.1798 0
11.1856 0
11.1913 0
11.197 0
11.2028 0
11.2085 0
11.2143 0
11.22 0
11.2257 0
11.2315 0
11.2372 0
11.2429 0
11.2487 0
11.2544 0
11.2601 0
11.2659 0
11.2716 0
11.2774 0
11.2831 0
11.2888 0
11.2946 0
11.3003 0
11.306 0
11.3118 0
11.3175 0
11.3232 0
11.329 0
11.3347 0
11.3404 0
11.3462 0
11.3519 0
11.3577 0
11.3634 0
11.3691 0
11.3749 0
11.3806 0
11.3863 0
11.3921 0
11.3978 0
11.4035 0
11.4093 0
11.415 0
11.4208 0
11.4265 0
11.4322 0
11.438 0
11.4437 0
11.4494 0
11.4552 0
11.4609 0
11.4666 0
11.4724 0
11.4781 0
11.4839 0
11.4896 0
11.4953 0
11.5011 0
11.5068 0
11.5125 0
11.5183 0
11.524 0
11.5297 0
11.5355 0
11.5412 0
11.547 0
11.5527 0
11.5584 0
11.5642 0
11.5699 0
11.5756 0
11.5814 0
11.5871 0
11.5928 0
11.5986 0
11.6043 0
11.61 0
11.6158 0
11.6215 0
11.6273 0
11.633 0
11.6387 0
11.6445 0
11.6502 0
11.6559 0
11.6617 0
11.6674 0
11.6731 0
11.6789 0
11.6846 0
11.6904 0
11.6961 0
11.7018 0
11.7076 0
11.7133 0
11.719 0
11.7248 0
11.7305 0
11.7362 0
11.742 0
