0 0
0.00573619 -12.012
0.0114724 4.004
0.0172086 -5.005
0.0229448 -6.67333
0.028681 6.33967
0.0344171 14.014
0.0401533 3.003
0.0458895 8.2082
0.0516257 -1.66833
0.0573619 9.34267
0.0630981 7.579
0.0688343 3.575
0.0745705 -13.5135
0.0803067 5.33867
0.0860429 2.89178
0.091779 -3.75375
0.0975152 -3.157
0.103251 -2.33567
0.108988 13.1242
0.114724 -5.8058
0.12046 2.639
0.126196 -6.53987
0.131932 -0.875875
0.137669 -2.2022
0.143405 7.007
0.149141 1.848
0.154877 0.75075
0.160613 -6.07273
0.16635 -0.467133
0.172086 2.83617
0.177822 8.06068
0.183558 4.12176
0.189294 -2.6455
0.19503 -0.333667
0.200767 -1.04867
0.206503 3.53294
0.212239 -4.17083
0.217975 3.24133
0.223711 1.76647
0.229448 1.12612
0.235184 -1.47974
0.24092 1.9565
0.246656 -4.56011
0.252392 7.6076
0.258129 2.55811
0.263865 -3.90867
0.269601 4.12913
0.275337 0.690345
0.281073 -2.16216
0.28681 -9.5095
0.292546 1.36136
0.298282 2.83041
0.304018 3.26252
0.309754 1.36803
0.31549 -1.001
0.321227 -0.926852
0.326963 0.1001
0.332699 1.48535
0.338435 -1.30433
0.344171 -5.54721
0.349908 6.7782
0.355644 -4.6332
0.36138 -1.45306
0.367116 2.64971
0.372852 4.732
0.378589 -2.05611
0.384325 9.19669
0.390061 3.927
0.395797 7.34067
0.401533 7.161
0.40727 6.98372
0.413006 9.27954
0.418742 9.95995
0.424478 15.4861
0.430214 12.7016
0.43595 13.8431
0.441687 12.5438
0.447423 17.1448
0.453159 12.9617
0.458895 16.6911
0.464631 16.4255
0.470368 20.728
0.476104 20.233
0.48184 19.7698
0.487576 15.5155
0.493312 19.4585
0.499049 22.6977
0.504785 22.8474
0.510521 22.6893
0.516257 24.9319
0.521993 21.749
0.52773 28.859
0.533466 30.3192
0.539202 22.9604
0.544938 25.9279
0.550674 23.2925
0.55641 26.7142
0.562147 19.8237
0.567883 26.026
0.573619 22.2444
0.579355 22.022
0.585091 25.1304
0.590828 19.9822
0.596564 21.3338
0.6023 19.1799
0.608036 21.5138
0.613772 21.2049
0.619509 23.8514
0.625245 25.8733
0.630981 23.114
0.636717 28.6493
0.642453 27.7295
0.64819 28.4252
0.653926 26.1222
0.659662 29.5218
0.665398 29.8423
0.671134 28.7656
0.67687 32.6778
0.682607 30.6973
0.688343 29.8208
0.694079 34.0525
0.699815 30.6248
0.705551 34.1264
0.711288 32.2868
0.717024 31.1392
0.72276 33.6073
0.728496 32.6183
0.734232 30.4836
0.739969 30.001
0.745705 33.8366
0.751441 30.3579
0.757177 34.697
0.762913 34.3477
0.76865 30.7554
0.774386 30.1036
0.780122 34.5414
0.785858 32.253
0.791594 31.1812
0.79733 30.7258
0.803067 26.1276
0.808803 30.3732
0.814539 33.3914
0.820275 30.1287
0.826011 28.938
0.831748 29.1124
0.837484 29.606
0.84322 28.8717
0.848956 26.9158
0.854692 30.9015
0.860429 32.7982
0.866165 30.9213
0.871901 34.1716
0.877637 30.6933
0.883373 35.685
0.88911 32.3913
0.894846 31.9613
0.900582 30.7174
0.906318 29.4619
0.912054 31.9208
0.91779 28.7644
0.923527 32.604
0.929263 31.0776
0.934999 31.438
0.940735 27.3854
0.946471 32.8781
0.952208 31.7376
0.957944 28.7061
0.96368 27.181
0.969416 27.8383
0.975152 31.7873
0.980889 30.7955
0.986625 30.9961
0.992361 27.3747
0.998097 26.1841
1.00383 28.2282
1.00957 31.9208
1.01531 29.9681
1.02104 31.0787
1.02678 30.9684
1.03251 33.88
1.03825 28.8188
1.04399 28.3306
1.04972 30.6841
1.05546 30.3273
1.0612 30.6526
1.06693 33.1078
1.07267 33.242
1.0784 29.1942
1.08414 30.7041
1.08988 30.08
1.09561 33.0807
1.10135 29.1105
1.10708 30.758
1.11282 31.6105
1.11856 30.0096
1.12429 28.0852
1.13003 28.8002
1.13577 30.3732
1.1415 30.03
1.14724 32.1789
1.15297 28.2782
1.15871 28.0881
1.16445 29.9952
1.17018 32.1178
1.17592 30.9374
1.18166 29.1124
1.18739 29.5758
1.19313 27.8811
1.19886 28.65
1.2046 26.879
1.21034 30.3387
1.21607 29.5386
1.22181 30.8672
1.22754 29.8161
1.23328 32.4062
1.23902 30.4233
1.24475 30.7786
1.25049 31.3892
1.25623 27.5368
1.26196 23.485
1.2677 29.7394
1.27343 31.1031
1.27917 29.6228
1.28491 29.3598
1.29064 32.0409
1.29638 29.4001
1.30212 31.5871
1.30785 33.3022
1.31359 30.1163
1.31932 29.0763
1.32506 29.887
1.3308 29.193
1.33653 28.1313
1.34227 31.7544
1.348 27.5472
1.35374 29.9148
1.35948 28.3643
1.36521 31.4513
1.37095 30.1483
1.37669 31.0814
1.38242 31.8925
1.38816 32.8878
1.39389 31.8539
1.39963 30.4471
1.40537 31.6906
1.4111 30.1819
1.41684 31.08
1.42258 33.4556
1.42831 33.9347
1.43405 30.2456
1.43978 29.5555
1.44552 25.1411
1.45126 29.4362
1.45699 29.0574
1.46273 28.21
1.46846 31.3647
1.4742 29.631
1.47994 30.0222
1.48567 31.174
1.49141 28.721
1.49715 29.459
1.50288 27.743
1.50862 31.8544
1.51435 28.9947
1.52009 28.3262
1.52583 28.2954
1.53156 30.4675
1.5373 30.1458
1.54304 29.8809
1.54877 29.3602
1.55451 29.983
1.56024 31.3233
1.56598 31.1025
1.57172 30.1507
1.57745 28.7652
1.58319 30.6263
1.58892 28.2677
1.59466 29.2692
1.6004 33.033
1.60613 30.7771
1.61187 32.0589
1.61761 31.2478
1.62334 29.6462
1.62908 31.4185
1.63481 30.1096
1.64055 29.5028
1.64629 30.8527
1.65202 30.6266
1.65776 30.3084
1.6635 28.028
1.66923 29.9607
1.67497 29.8642
1.6807 28.6491
1.68644 30.974
1.69218 30.9507
1.69791 30.0169
1.70365 28.2782
1.70938 30.6396
1.71512 28.3166
1.72086 28.4255
1.72659 28.4851
1.73233 31.877
1.73807 30.5272
1.7438 32.7677
1.74954 30.3322
1.75527 29.8164
1.76101 31.0089
1.76675 30.113
1.77248 28.0341
1.77822 31.3102
1.78396 30.739
1.78969 30.5209
1.79543 30.6549
1.80116 28.6783
1.8069 31.0076
1.81264 30.5215
1.81837 31.6049
1.82411 32.1321
1.82984 31.174
1.83558 31.941
1.84132 34.034
1.84705 32.2867
1.85279 33.4076
1.85853 33.1018
1.86426 32.7785
1.87 33.3589
1.87573 31.8506
1.88147 32.4618
1.88721 33.4695
1.89294 35.4747
1.89868 35.1881
1.90442 33.8787
1.91015 35.6628
1.91589 39.4918
1.92162 57.33
1.92736 63.1648
1.9331 50.1394
1.93883 46.0984
1.94457 45.5958
1.9503 45.1039
1.95604 46.1915
1.96178 43.7951
1.96751 38.5737
1.97325 39.8066
1.97899 40.1256
1.98472 36.5631
1.99046 35.8816
1.99619 35.673
2.00193 34.8717
2.00767 33.9831
2.0134 33.2542
2.01914 37.6546
2.02488 33.4313
2.03061 36.1604
2.03635 36.4566
2.04208 39.4069
2.04782 35.1947
2.05356 37.3976
2.05929 35.8258
2.06503 36.5215
2.07076 34.9895
2.0765 35.1491
2.08224 35.9441
2.08797 36.8345
2.09371 34.3222
2.09945 38.2436
2.10518 35.4072
2.11092 34.7406
2.11665 39.1622
2.12239 35.949
2.12813 37.9669
2.13386 36.0509
2.1396 38.2945
2.14534 36.7649
2.15107 39.4994
2.15681 39.034
2.16254 39.2917
2.16828 38.2556
2.17402 38.5646
2.17975 39.049
2.18549 38.1121
2.19122 37.929
2.19696 39.5345
2.2027 39.5761
2.20843 39.7757
2.21417 47.1698
2.21991 72.2083
2.22564 92.3163
2.23138 70.4448
2.23711 49.0006
2.24285 40.9111
2.24859 40.212
2.25432 41.4889
2.26006 40.8612
2.2658 42.1173
2.27153 42.3586
2.27727 40.2772
2.283 39.9703
2.28874 39.8045
2.29448 40.9328
2.30021 39.7459
2.30595 40.6618
2.31168 40.1605
2.31742 40.4897
2.32316 38.5
2.32889 39.4272
2.33463 39.8473
2.34037 36.7503
2.3461 39.1759
2.35184 39.2111
2.35757 41.1195
2.36331 41.331
2.36905 39.6571
2.37478 41.3296
2.38052 39.5187
2.38626 41.1674
2.39199 41.2506
2.39773 40.1899
2.40346 40.4468
2.4092 42.7423
2.41494 43.1245
2.42067 41.6038
2.42641 42.697
2.43214 43.2943
2.43788 42.3612
2.44362 40.9219
2.44935 42.5747
2.45509 42.3616
2.46083 42.9369
2.46656 45.3903
2.4723 43.7159
2.47803 43.5598
2.48377 42.7861
2.48951 45.2247
2.49524 43.3691
2.50098 44.5668
2.50672 43.9466
2.51245 44.2287
2.51819 44.5769
2.52392 45.2595
2.52966 46.2512
2.5354 44.7206
2.54113 46.1252
2.54687 46.332
2.5526 47.4966
2.55834 44.8691
2.56408 46.1227
2.56981 47.5889
2.57555 45.8739
2.58129 46.0417
2.58702 47.1936
2.59276 44.2994
2.59849 45.6515
2.60423 46.0545
2.60997 45.5642
2.6157 45.6787
2.62144 46.3549
2.62718 45.8373
2.63291 46.4565
2.63865 45.0321
2.64438 46.4662
2.65012 46.5025
2.65586 46.8012
2.66159 45.686
2.66733 45.9927
2.67306 47.1279
2.6788 46.1242
2.68454 46.8241
2.69027 48.2651
2.69601 48.0045
2.70175 48.2826
2.70748 48.53
2.71322 47.5032
2.71895 49.7892
2.72469 48.1881
2.73043 47.4687
2.73616 48.7988
2.7419 49.8007
2.74764 47.4743
2.75337 48.776
2.75911 48.2688
2.76484 49.3469
2.77058 47.4301
2.77632 46.2663
2.78205 49.7282
2.78779 47.2596
2.79352 48.9505
2.79926 50.2081
2.805 48.048
2.81073 46.7202
2.81647 47.6698
2.82221 49.4601
2.82794 49.1523
2.83368 49.099
2.83941 51.21
2.84515 50.2182
2.85089 49.4215
2.85662 50.0912
2.86236 47.6277
2.8681 48.695
2.87383 50.3106
2.87957 51.1446
2.8853 51.457
2.89104 51.2756
2.89678 50.2766
2.90251 50.4489
2.90825 50.1209
2.91398 50.598
2.91972 52.1351
2.92546 53.4434
2.93119 54.6659
2.93693 54.3539
2.94267 56.2585
2.9484 59.0137
2.95414 59.7211
2.95987 58.3965
2.96561 59.8329
2.97135 56.1629
2.97708 57.2487
2.98282 61.7908
2.98856 61.086
2.99429 60.9609
3.00003 63.517
3.00576 58.0732
3.0115 57.3772
3.01724 58.3697
3.02297 57.2442
3.02871 57.3523
3.03444 57.8104
3.04018 58.1588
3.04592 58.0543
3.05165 59.181
3.05739 58.5673
3.06313 59.6666
3.06886 59.5494
3.0746 60.499
3.08033 61.362
3.08607 60.5321
3.09181 61.6268
3.09754 61.8195
3.10328 63.635
3.10902 64.7496
3.11475 64.6985
3.12049 62.183
3.12622 65.7133
3.13196 67.7866
3.1377 67.5441
3.14343 75.6363
3.14917 90.6754
3.1549 104.665
3.16064 98.7273
3.16638 78.1771
3.17211 74.4911
3.17785 71.3648
3.18359 73.2775
3.18932 72.5658
3.19506 71.253
3.20079 70.7026
3.20653 73.3991
3.21227 72.991
3.218 72.4161
3.22374 73.0939
3.22948 73.7091
3.23521 70.2407
3.24095 73.9735
3.24668 73.9024
3.25242 77.1838
3.25816 76.8091
3.26389 77.0156
3.26963 76.5491
3.27536 77.4602
3.2811 76.1018
3.28684 81.375
3.29257 79.3777
3.29831 80.6484
3.30405 80.5869
3.30978 81.6947
3.31552 81.4794
3.32125 83.6599
3.32699 84.6893
3.33273 86.5512
3.33846 87.7083
3.3442 84.5829
3.34994 88.38
3.35567 88.1678
3.36141 89.2058
3.36714 88.5372
3.37288 88.6162
3.37862 89.0583
3.38435 91.6762
3.39009 93.6491
3.39582 90.5643
3.40156 93.9555
3.4073 94.5357
3.41303 94.9463
3.41877 95.7689
3.42451 95.938
3.43024 94.6423
3.43598 96.2645
3.44171 97.6053
3.44745 100.064
3.45319 100.298
3.45892 101.756
3.46466 100.663
3.4704 103.608
3.47613 105.42
3.48187 104.632
3.4876 105.877
3.49334 105.194
3.49908 107.706
3.50481 109.061
3.51055 108.083
3.51628 111.034
3.52202 112.029
3.52776 115.345
3.53349 116.55
3.53923 117.899
3.54497 119.48
3.5507 123.872
3.55644 125.289
3.56217 127.566
3.56791 126.063
3.57365 131.14
3.57938 130.789
3.58512 133.703
3.59086 135.578
3.59659 141.082
3.60233 143.951
3.60806 148.388
3.6138 150.16
3.61954 154.976
3.62527 158.318
3.63101 162.72
3.63674 168.576
3.64248 177.732
3.64822 182.535
3.65395 191.359
3.65969 201.298
3.66543 210.387
3.67116 214.895
3.6769 225.249
3.68263 233.878
3.68837 234.301
3.69411 249.14
3.69984 261.201
3.70558 270.036
3.71132 264.755
3.71705 270.328
3.72279 278.418
3.72852 282.915
3.73426 293.46
3.74 302.746
3.74573 308.226
3.75147 318.052
3.7572 331.815
3.76294 346.775
3.76868 360.222
3.77441 379.598
3.78015 395.102
3.78589 415.664
3.79162 437.373
3.79736 467.102
3.80309 496.895
3.80883 525.645
3.81457 571.084
3.8203 615.359
3.82604 659.744
3.83178 732.81
3.83751 814.479
3.84325 906.436
3.84898 1020.06
3.85472 1242.7
3.86046 1814.21
3.86619 2150.97
3.87193 3056.61
3.87766 2451.1
3.8834 2267.16
3.88914 2396.48
3.89487 2601.37
3.90061 2753.61
3.90635 2843.85
3.91208 2980.54
3.91782 2938.69
3.92355 2787.15
3.92929 2591.35
3.93503 2307.38
3.94076 2027.44
3.9465 1782.53
3.95224 1588.33
3.95797 1388.56
3.96371 1222.33
3.96944 1102.46
3.97518 986.059
3.98092 887.442
3.98665 815.137
3.99239 751.295
3.99812 690.237
4.00386 640.703
4.0096 608.518
4.01533 568.513
4.02107 536.248
4.02681 513.942
4.03254 495.377
4.03828 468.07
4.04401 452.328
4.04975 434.74
4.05549 420.353
4.06122 406.065
4.06696 395.549
4.0727 386.958
4.07843 373.996
4.08417 365.625
4.0899 357.194
4.09564 347.336
4.10138 340.332
4.10711 335.969
4.11285 331.571
4.11858 325.369
4.12432 318.089
4.13006 317.137
4.13579 311.415
4.14153 308.021
4.14727 305.8
4.153 303.944
4.15874 299.228
4.16447 293.403
4.17021 294.645
4.17595 291.652
4.18168 288.536
4.18742 286.653
4.19316 285.945
4.19889 281.908
4.20463 279.59
4.21036 279.371
4.2161 277.333
4.22184 279.473
4.22757 276.273
4.23331 278.397
4.23904 276.911
4.24478 276.57
4.25052 276.485
4.25625 276.441
4.26199 278.19
4.26773 279.84
4.27346 282.254
4.2792 281.224
4.28493 284.786
4.29067 289.688
4.29641 290.795
4.30214 293.871
4.30788 297.941
4.31362 298.352
4.31935 302.046
4.32509 307.335
4.33082 313.02
4.33656 319.084
4.3423 322.702
4.34803 332.475
4.35377 339.427
4.3595 347.664
4.36524 355.64
4.37098 367.8
4.37671 380.643
4.38245 391.132
4.38819 407.133
4.39392 424.949
4.39966 437.77
4.40539 454.37
4.41113 472.621
4.41687 498.375
4.4226 528.949
4.42834 566.786
4.43408 617.811
4.43981 674.89
4.44555 846.676
4.45128 1174.49
4.45702 2579.26
4.46276 7683.78
4.46849 13876.5
4.47423 21134.3
4.47996 9608.86
4.4857 3508.37
4.49144 1697.96
4.49717 1075.49
4.50291 921.406
4.50865 838.536
4.51438 808.09
4.52012 780.683
4.52585 759.776
4.53159 734.174
4.53733 695.955
4.54306 656.522
4.5488 615.772
4.55454 576.644
4.56027 539.257
4.56601 502.392
4.57174 474.268
4.57748 440.768
4.58322 412.866
4.58895 389.807
4.59469 367.945
4.60042 348.612
4.60616 329.771
4.6119 314.579
4.61763 295.593
4.62337 284.192
4.62911 267.77
4.63484 254.789
4.64058 243.224
4.64631 231.539
4.65205 221.479
4.65779 212.97
4.66352 204.334
4.66926 196.675
4.675 191.882
4.68073 184.613
4.68647 178.449
4.6922 172.468
4.69794 169.733
4.70368 166.051
4.70941 161.501
4.71515 158.169
4.72088 151.678
4.72662 149.084
4.73236 146.736
4.73809 145.269
4.74383 141.458
4.74957 139.647
4.7553 137.477
4.76104 133.924
4.76677 134.571
4.77251 130.552
4.77825 128.915
4.78398 125.828
4.78972 125.214
4.79546 123.506
4.80119 121.825
4.80693 118.768
4.81266 118.486
4.8184 117.814
4.82414 115.649
4.82987 114.046
4.83561 113.143
4.84134 112.271
4.84708 110.682
4.85282 110.709
4.85855 109.413
4.86429 109.969
4.87003 115.561
4.87576 111.979
4.8815 108.458
4.88723 105.859
4.89297 104.122
4.89871 102.411
4.90444 101.269
4.91018 102.255
4.91592 100.565
4.92165 98.8975
4.92739 97.7095
4.93312 98.6464
4.93886 96.9612
4.9446 97.1943
4.95033 97.9273
4.95607 98.1046
4.9618 95.5463
4.96754 95.5634
4.97328 95.8747
4.97901 94.9774
4.98475 94.5898
4.99049 95.6773
4.99622 99.0905
5.00196 101.094
5.00769 97.865
5.01343 95.2232
5.01917 92.4741
5.0249 92.4773
5.03064 92.412
5.03638 92.0032
5.04211 92.2378
5.04785 92.8552
5.05358 92.5069
5.05932 91.7158
5.06506 91.1724
5.07079 90.4573
5.07653 88.6342
5.08226 89.989
5.088 90.4251
5.09374 90.5546
5.09947 89.6483
5.10521 87.9958
5.11095 89.2665
5.11668 89.6428
5.12242 87.7675
5.12815 89.9922
5.13389 88.1359
5.13963 88.8323
5.14536 88.6035
5.1511 88.5329
5.15684 86.7219
5.16257 85.3679
5.16831 86.832
5.17404 86.5228
5.17978 87.7468
5.18552 86.6471
5.19125 87.8662
5.19699 87.6756
5.20272 86.7694
5.20846 87.9713
5.2142 86.6652
5.21993 87.3822
5.22567 87.7129
5.23141 86.7106
5.23714 87.8457
5.24288 86.5278
5.24861 86.0924
5.25435 85.1088
5.26009 88.4805
5.26582 86.6644
5.27156 88.088
5.2773 86.6845
5.28303 85.3289
5.28877 88.2327
5.2945 87.9246
5.30024 87.5157
5.30598 87.1494
5.31171 87.1853
5.31745 85.8181
5.32318 86.747
5.32892 87.4763
5.33466 85.6602
5.34039 87.25
5.34613 86.7407
5.35187 87.3933
5.3576 86.5844
5.36334 87.6753
5.36907 85.7278
5.37481 88.1981
5.38055 87.7925
5.38628 87.2263
5.39202 87.7477
5.39776 86.9498
5.40349 88.717
5.40923 87.29
5.41496 88.3337
5.4207 88.6978
5.42644 88.4814
5.43217 89.5012
5.43791 87.6446
5.44364 90.3189
5.44938 88.2114
5.45512 88.6146
5.46085 88.6206
5.46659 89.718
5.47233 91.541
5.47806 91.541
5.4838 92.7088
5.48953 92.2797
5.49527 89.9405
5.50101 90.1592
5.50674 88.6027
5.51248 90.0761
5.51822 89.6045
5.52395 89.3368
5.52969 90.1178
5.53542 90.6539
5.54116 91.2996
5.5469 91.8263
5.55263 91.2284
5.55837 91.2904
5.5641 92.307
5.56984 91.5915
5.57558 90.0333
5.58131 91.7134
5.58705 91.7711
5.59279 91.829
5.59852 93.2287
5.60426 91.224
5.60999 92.3187
5.61573 92.0253
5.62147 92.9037
5.6272 92.3305
5.63294 92.5482
5.63868 93.4486
5.64441 92.4819
5.65015 92.2903
5.65588 94.8326
5.66162 93.2595
5.66736 94.6525
5.67309 95.5321
5.67883 93.4047
5.68456 94.5485
5.6903 94.9766
5.69604 95.5757
5.70177 96.0791
5.70751 95.949
5.71325 97.2147
5.71898 97.3709
5.72472 98.4865
5.73045 98.8966
5.73619 96.7785
5.74193 97.7347
5.74766 98.2241
5.7534 99.5611
5.75914 99.0082
5.76487 98.8441
5.77061 101.028
5.77634 100.626
5.78208 102.832
5.78782 99.3884
5.79355 99.3445
5.79929 100.919
5.80502 101.234
5.81076 101.737
5.8165 102.67
5.82223 102.684
5.82797 103.097
5.83371 103.819
5.83944 104.182
5.84518 103.53
5.85091 106.059
5.85665 103.713
5.86239 104.453
5.86812 106.334
5.87386 107.055
5.8796 108.383
5.88533 108.029
5.89107 108.195
5.8968 108.779
5.90254 108.017
5.90828 108.448
5.91401 110.51
5.91975 110.851
5.92548 109.386
5.93122 110.65
5.93696 111.767
5.94269 114.189
5.94843 113.22
5.95417 116.493
5.9599 115.149
5.96564 115.29
5.97137 117.524
5.97711 117.231
5.98285 119.047
5.98858 119.216
5.99432 119.65
6.00006 120.812
6.00579 120.349
6.01153 121.394
6.01726 123.909
6.023 124.803
6.02874 125.714
6.03447 127.183
6.04021 127.841
6.04594 127.325
6.05168 129.36
6.05742 131.135
6.06315 132.605
6.06889 134.332
6.07463 136.121
6.08036 136.821
6.0861 138.006
6.09183 140.629
6.09757 142.463
6.10331 143.998
6.10904 146.064
6.11478 147.434
6.12052 149.584
6.12625 150.244
6.13199 154.227
6.13772 155.113
6.14346 155.898
6.1492 161.433
6.15493 165.886
6.16067 166.631
6.1664 168.566
6.17214 170.099
6.17788 175.566
6.18361 178.252
6.18935 182.502
6.19509 186.858
6.20082 189.172
6.20656 193.857
6.21229 200.561
6.21803 205.458
6.22377 211.776
6.2295 217.473
6.23524 225.776
6.24098 231.83
6.24671 241.132
6.25245 253.695
6.25818 261.939
6.26392 271.753
6.26966 286.2
6.27539 302.309
6.28113 316.238
6.28686 341.47
6.2926 386.697
6.29834 417.998
6.30407 557.481
6.30981 1225.26
6.31555 3412.91
6.32128 4065.6
6.32702 6986.12
6.33275 7588.18
6.33849 6032.04
6.34423 2770.95
6.34996 1350.15
6.3557 825.87
6.36144 695.221
6.36717 662.469
6.37291 659.371
6.37864 660.387
6.38438 667.439
6.39012 678.717
6.39585 686.404
6.40159 686.666
6.40732 684.915
6.41306 673.524
6.4188 654.523
6.42453 623.802
6.43027 594.355
6.43601 558.168
6.44174 521.038
6.44748 490.2
6.45321 463.425
6.45895 436.09
6.46469 409.928
6.47042 389.591
6.47616 369.749
6.4819 348.79
6.48763 333.098
6.49337 320.377
6.4991 305.884
6.50484 291.384
6.51058 283.841
6.51631 274.486
6.52205 264.308
6.52778 256.254
6.53352 248.815
6.53926 242.854
6.54499 236.217
6.55073 229.762
6.55647 223.961
6.5622 218.979
6.56794 215.551
6.57367 213.17
6.57941 207.563
6.58515 202.874
6.59088 202.513
6.59662 200.833
6.60236 197.208
6.60809 196.109
6.61383 193.752
6.61956 189.743
6.6253 186.942
6.63104 187.503
6.63677 184.497
6.64251 179.983
6.64824 180.119
6.65398 179.283
6.65972 178.152
6.66545 176.419
6.67119 174.501
6.67693 174.056
6.68266 174.038
6.6884 171.772
6.69413 171.426
6.69987 170.007
6.70561 168.805
6.71134 168.78
6.71708 169.008
6.72282 166.969
6.72855 166.542
6.73429 164.011
6.74002 163.633
6.74576 163.317
6.7515 163.367
6.75723 161.402
6.76297 160.319
6.7687 160.555
6.77444 160.005
6.78018 158.797
6.78591 157.189
6.79165 159.626
6.79739 157.735
6.80312 156.947
6.80886 157.361
6.81459 157.225
6.82033 157.567
6.82607 157.055
6.8318 156.72
6.83754 154.62
6.84328 156.43
6.84901 155.04
6.85475 155.88
6.86048 156.066
6.86622 154.491
6.87196 153.419
6.87769 153.247
6.88343 155.427
6.88916 153.98
6.8949 154.309
6.90064 153.562
6.90637 153.888
6.91211 153.912
6.91785 153.805
6.92358 152.899
6.92932 152.651
6.93505 152.527
6.94079 153.357
6.94653 152.501
6.95226 154.325
6.958 152.535
6.96374 152.374
6.96947 154.819
6.97521 154.357
6.98094 153.265
6.98668 153.164
6.99242 153.766
6.99815 154.413
7.00389 155.766
7.00962 152.772
7.01536 154.629
7.0211 155.614
7.02683 155.98
7.03257 155.575
7.03831 155.218
7.04404 155.161
7.04978 154.289
7.05551 155.707
7.06125 155.652
7.06699 156.247
7.07272 157.421
7.07846 156.811
7.0842 158.444
7.08993 158.712
7.09567 160.144
7.1014 160.593
7.10714 160.357
7.11288 161.057
7.11861 161.038
7.12435 162.622
7.13008 163.357
7.13582 163.751
7.14156 163.784
7.14729 164.335
7.15303 164.5
7.15877 164.914
7.1645 166.543
7.17024 166.864
7.17597 169.569
7.18171 171.386
7.18745 171.434
7.19318 171.638
7.19892 174.297
7.20466 174.428
7.21039 177.188
7.21613 178.408
7.22186 179.322
7.2276 181.82
7.23334 183.619
7.23907 184.403
7.24481 186.03
7.25054 188.81
7.25628 189.035
7.26202 190.713
7.26775 196.051
7.27349 196.767
7.27923 200.086
7.28496 202.825
7.2907 205.722
7.29643 208.016
7.30217 211.89
7.30791 215.882
7.31364 220.474
7.31938 223.759
7.32512 229.843
7.33085 234.024
7.33659 238.765
7.34232 246.568
7.34806 253.336
7.3538 261.18
7.35953 268.471
7.36527 277.094
7.371 285.722
7.37674 297.354
7.38248 309.331
7.38821 322.67
7.39395 340.985
7.39969 364.029
7.40542 420.85
7.41116 573.185
7.41689 902.27
7.42263 1423.3
7.42837 2033.32
7.4341 2044.69
7.43984 1714.06
7.44558 1212.87
7.45131 775.266
7.45705 628.616
7.46278 605.739
7.46852 607.295
7.47426 620.275
7.47999 637.269
7.48573 648.422
7.49146 662.164
7.4972 674.615
7.50294 679.761
7.50867 682.778
7.51441 678.625
7.52015 670.673
7.52588 655.185
7.53162 629.65
7.53735 598.802
7.54309 564.052
7.54883 530.237
7.55456 496.731
7.5603 467.495
7.56604 439.485
7.57177 414.145
7.57751 389.835
7.58324 370.199
7.58898 349.518
7.59472 335.304
7.60045 318.987
7.60619 306.937
7.61192 297.528
7.61766 285.301
7.6234 274.882
7.62913 267.392
7.63487 260.364
7.64061 252.535
7.64634 246.825
7.65208 240.741
7.65781 237.238
7.66355 232.718
7.66929 229.416
7.67502 226.66
7.68076 224.201
7.6865 222.543
7.69223 221.576
7.69797 220.662
7.7037 219.325
7.70944 221.298
7.71518 221.809
7.72091 222.146
7.72665 224.428
7.73238 229.632
7.73812 243.443
7.74386 270.623
7.74959 329.797
7.75533 700.123
7.76107 820.531
7.7668 803.19
7.77254 617.018
7.77827 442.76
7.78401 334.672
7.78975 303.096
7.79548 301.125
7.80122 306.531
7.80696 310.753
7.81269 323.397
7.81843 329.073
7.82416 334.898
7.8299 342.561
7.83564 342.592
7.84137 342.339
7.84711 336.533
7.85284 331.666
7.85858 324.948
7.86432 309.581
7.87005 296.908
7.87579 281.004
7.88153 265.648
7.88726 248.431
7.893 237.309
7.89873 223.684
7.90447 213.534
7.91021 204.184
7.91594 194.646
7.92168 185.758
7.92742 180.048
7.93315 173.277
7.93889 169.214
7.94462 164.048
7.95036 160.205
7.9561 156.137
7.96183 152.661
7.96757 150.325
7.9733 147.836
7.97904 145.072
7.98478 141.556
7.99051 139.863
7.99625 138.441
8.00199 137.359
8.00772 135.47
8.01346 134.926
8.01919 134.126
8.02493 132.383
8.03067 130.545
8.0364 128.984
8.04214 127.994
8.04788 126.466
8.05361 125.73
8.05935 124.814
8.06508 124.293
8.07082 123.946
8.07656 122.533
8.08229 122.376
8.08803 121.757
8.09376 119.985
8.0995 117.004
8.10524 116.388
8.11097 116.595
8.11671 110.628
8.12245 110.484
8.12818 110.556
8.13392 107.771
8.13965 105.607
8.14539 105.339
8.15113 104.47
8.15686 95.7856
8.1626 101.467
8.16834 102.19
8.17407 102.141
8.17981 102.783
8.18554 102.859
8.19128 103.781
8.19702 102.638
8.20275 102.706
8.20849 103.262
8.21422 102.786
8.21996 102.219
8.2257 101.016
8.23143 102.139
8.23717 101.243
8.24291 101.489
8.24864 102.643
8.25438 102.47
8.26011 102.132
8.26585 101.5
8.27159 99.6231
8.27732 100.863
8.28306 99.8165
8.2888 100.224
8.29453 100.182
8.30027 98.5628
8.306 99.1893
8.31174 98.197
8.31748 98.0718
8.32321 98.0872
8.32895 98.314
8.33468 97.6329
8.34042 96.5421
8.34616 97.1621
8.35189 95.9397
8.35763 96.9785
8.36337 97.1824
8.3691 95.9868
8.37484 96.3878
8.38057 96.3939
8.38631 96.8556
8.39205 96.1675
8.39778 95.1637
8.40352 96.5011
8.40926 96.0126
8.41499 94.2673
8.42073 98.272
8.42646 95.0567
8.4322 96.5746
8.43794 95.4746
8.44367 95.4919
8.44941 95.7822
8.45514 95.233
8.46088 93.9276
8.46662 94.9915
8.47235 94.4429
8.47809 94.0354
8.48383 94.4183
8.48956 93.8057
8.4953 95.6302
8.50103 95.0864
8.50677 94.2435
8.51251 91.6225
8.51824 96.7861
8.52398 95.1486
8.52972 94.9317
8.53545 94.5089
8.54119 92.8826
8.54692 92.9595
8.55266 92.8946
8.5584 93.6724
8.56413 94.4045
8.56987 90.7198
8.5756 94.2981
8.58134 93.6601
8.58708 92.4796
8.59281 93.8107
8.59855 96.6109
8.60429 95.4401
8.61002 94.5009
8.61576 93.7085
8.62149 94.6251
8.62723 93.396
8.63297 91.9857
8.6387 93.2939
8.64444 94.1199
8.65018 94.5928
8.65591 94.549
8.66165 94.5888
8.66738 95.0558
8.67312 93.9499
8.67886 95.0078
8.68459 93.3217
8.69033 94.5048
8.69606 93.7118
8.7018 94.2191
8.70754 94.4023
8.71327 94.9109
8.71901 96.6674
8.72475 96.0766
8.73048 94.8932
8.73622 93.4813
8.74195 97.0607
8.74769 95.2265
8.75343 95.3474
8.75916 95.1926
8.7649 94.2134
8.77064 95.5997
8.77637 96.1809
8.78211 94.8838
8.78784 96.1266
8.79358 94.7104
8.79932 96.9872
8.80505 95.5462
8.81079 96.5349
8.81652 97.8134
8.82226 95.3025
8.828 98.0563
8.83373 98.6156
8.83947 97.8785
8.84521 97.7904
8.85094 95.9309
8.85668 96.6863
8.86241 99.5302
8.86815 101.394
8.87389 103.057
8.87962 98.7403
8.88536 99.7018
8.8911 100.592
8.89683 100.39
8.90257 102.862
8.9083 101.24
8.91404 104.874
8.91978 106.014
8.92551 106.737
8.93125 108.969
8.93698 110.939
8.94272 114.349
8.94846 126.648
8.95419 148.894
8.95993 241.789
8.96567 442.392
8.9714 510.825
8.97714 270.447
8.98287 161.182
8.98861 141.734
8.99435 120.99
9.00008 116.433
9.00582 117.427
9.01156 120.273
9.01729 115.522
9.02303 117.424
9.02876 122.798
9.0345 120.177
9.04024 117.117
9.04597 126.819
9.05171 120.207
9.05744 117.936
9.06318 126.126
9.06892 116.848
9.07465 124.27
9.08039 118.024
9.08613 114.89
9.09186 120.839
9.0976 113.017
9.10333 116.345
9.10907 116.351
9.11481 112.331
9.12054 117.083
9.12628 110.805
9.13202 115.017
9.13775 111.057
9.14349 107.715
9.14922 114.969
9.15496 107.705
9.1607 109.961
9.16643 105.418
9.17217 104.488
9.1779 107.147
9.18364 103.146
9.18938 102.131
9.19511 94.0793
9.20085 99.8776
9.20659 94.3558
9.21232 101.335
9.21806 93.815
9.22379 95.459
9.22953 95.4044
9.23527 94.7739
9.241 92.664
9.24674 88.1493
9.25248 93.3486
9.25821 84.5511
9.26395 91.1137
9.26968 86.2722
9.27542 88.5243
9.28116 88.6636
9.28689 80.795
9.29263 75.5907
9.29836 82.082
9.3041 69.8273
9.30984 75.1823
9.31557 70.2183
9.32131 68.7724
9.32705 62.7627
9.33278 72.5072
9.33852 56.6882
9.34425 59.8376
9.34999 55.1139
9.35573 46.761
9.36146 50.596
9.3672 37.492
9.37294 38.038
9.37867 26.4709
9.38441 15.3487
9.39014 12.012
9.39588 0
9.40162 0
9.40735 0
9.41309 0
9.41882 0
9.42456 0
9.4303 0
9.43603 0
9.44177 0
9.44751 0
9.45324 0
9.45898 0
9.46471 0
9.47045 0
9.47619 0
9.48192 0
9.48766 0
9.4934 0
9.49913 0
9.50487 0
9.5106 0
9.51634 0
9.52208 0
9.52781 0
9.53355 0
9.53928 0
9.54502 0
9.55076 0
9.55649 0
9.56223 0
9.56797 0
9.5737 0
9.57944 0
9.58517 0
9.59091 0
9.59665 0
9.60238 0
9.60812 0
9.61386 0
9.61959 0
9.62533 0
9.63106 0
9.6368 0
9.64254 0
9.64827 0
9.65401 0
9.65974 0
9.66548 0
9.67122 0
9.67695 0
9.68269 0
9.68843 0
9.69416 0
9.6999 0
9.70563 0
9.71137 0
9.71711 0
9.72284 0
9.72858 0
9.73432 0
9.74005 0
9.74579 0
9.75152 0
9.75726 0
9.763 0
9.76873 0
9.77447 0
9.7802 0
9.78594 0
9.79168 0
9.79741 0
9.80315 0
9.80889 0
9.81462 0
9.82036 0
9.82609 0
9.83183 0
9.83757 0
9.8433 0
9.84904 0
9.85478 0
9.86051 0
9.86625 0
9.87198 0
9.87772 0
9.88346 0
9.88919 0
9.89493 0
9.90066 0
9.9064 0
9.91214 0
9.91787 0
9.92361 0
9.92935 0
9.93508 0
9.94082 0
9.94655 0
9.95229 0
9.95803 0
9.96376 0
9.9695 0
9.97524 0
9.98097 0
9.98671 0
9.99244 0
9.99818 0
10.0039 0
10.0097 0
10.0154 0
10.0211 0
10.0269 0
10.0326 0
10.0383 0
10.0441 0
10.0498 0
10.0555 0
10.0613 0
10.067 0
10.0728 0
10.0785 0
10.0842 0
10.09 0
10.0957 0
10.1014 0
10.1072 0
10.1129 0
10.1186 0
10.1244 0
10.1301 0
10.1358 0
10.1416 0
10.1473 0
10.1531 0
10.1588 0
10.1645 0
10.1703 0
10.176 0
10.1817 0
10.1875 0
10.1932 0
10.1989 0
10.2047 0
10.2104 0
10.2162 0
10.2219 0
10.2276 0
10.2334 0
10.2391 0
10.2448 0
10.2506 0
10.2563 0
10.262 0
10.2678 0
10.2735 0
10.2793 0
10.285 0
10.2907 0
10.2965 0
10.3022 0
10.3079 0
10.3137 0
10.3194 0
10.3251 0
10.3309 0
10.3366 0
10.3424 0
10.3481 0
10.3538 0
10.3596 0
10.3653 0
10.371 0
10.3768 0
10.3825 0
10.3882 0
10.394 0
10.3997 0
10.4054 0
10.4112 0
10.4169 0
10.4227 0
10.4284 0
10.4341 0
10.4399 0
10.4456 0
10.4513 0
10.4571 0
10.4628 0
10.4685 0
10.4743 0
10.48 0
10.4858 0
10.4915 0
10.4972 0
10.503 0
10.5087 0
10.5144 0
10.5202 0
10.5259 0
10.5316 0
10.5374 0
10.5431 0
10.5489 0
10.5546 0
10.5603 0
10.5661 0
10.5718 0
10.5775 0
10.5833 0
10.589 0
10.5947 0
10.6005 0
10.6062 0
10.612 0
10.6177 0
10.6234 0
10.6292 0
10.6349 0
10.6406 0
10.6464 0
10.6521 0
10.6578 0
10.6636 0
10.6693 0
10.6751 0
10.6808 0
10.6865 0
10.6923 0
10.698 0
10.7037 0
10.7095 0
10.7152 0
10.7209 0
10.7267 0
10.7324 0
10.7381 0
10.7439 0
10.7496 0
10.7554 0
10.7611 0
10.7668 0
10.7726 0
10.7783 0
10.784 0
10.7898 0
10.7955 0
10.8012 0
10.807 0
10.8127 0
10.8185 0
10.8242 0
10.8299 0
10.8357 0
10.8414 0
10.8471 0
10.8529 0
10.8586 0
10.8643 0
10.8701 0
10.8758 0
10.8816 0
10.8873 0
10.893 0
10.8988 0
10.9045 0
10.9102 0
10.916 0
10.9217 0
10.9274 0
10.9332 0
10.9389 0
10.9447 0
10.9504 0
10.9561 0
10.9619 0
10.9676 0
10.9733 0
10.9791 0
10.9848 0
10.9905 0
10.9963 0
11.002 0
11.0077 0
11.0135 0
11.0192 0
11.025 0
11.0307 0
11.0364 0
11.0422 0
11.0479 0
11.0536 0
11.0594 0
11.0651 0
11.0708 0
11.0766 0
11.0823 0
11.0881 0
11.0938 0
11.0995 0
11.1053 0
11.111 0
11.1167 0
11.1225 0
11.1282 0
11.1339 0
11.1397 0
11.1454 0
11.1512 0
11.1569 0
11.1626 0
11.1684 0
11.1741 0
11.1798 0
11.1856 0
11.1913 0
11.197 0
11.2028 0
11.2085 0
11.2143 0
11.22 0
11.2257 0
11.2315 0
11.2372 0
11.2429 0
11.2487 0
11.2544 0
11.2601 0
11.2659 0
11.2716 0
11.2774 0
11.2831 0
11.2888 0
11.2946 0
11.3003 0
11.306 0
11.3118 0
11.3175 0
11.3232 0
11.329 0
11.3347 0
11.3404 0
11.3462 0
11.3519 0
11.3577 0
11.3634 0
11.3691 0
11.3749 0
11.3806 0
11.3863 0
11.3921 0
11.3978 0
11.4035 0
11.4093 0
11.415 0
11.4208 0
11.4265 0
11.4322 0
11.438 0
11.4437 0
11.4494 0
11.4552 0
11.4609 0
11.4666 0
11.4724 0
11.4781 0
11.4839 0
11.4896 0
11.4953 0
11.5011 0
11.5068 0
11.5125 0
11.5183 0
11.524 0
11.5297 0
11.5355 0
11.5412 0
11.547 0
11.5527 0
11.5584 0
11.5642 0
11.5699 0
11.5756 0
11.5814 0
11.5871 0
11.5928 0
11.5986 0
11.6043 0
11.61 0
11.6158 0
11.6215 0
11.6273 0
11.633 0
11.6387 0
11.6445 0
11.6502 0
11.6559 0
11.6617 0
11.6674 0
11.6731 0
11.6789 0
11.6846 0
11.6904 0
11.6961 0
11.7018 0
11.7076 0
11.7133 0
11.719 0
11.7248 0
11.7305 0
11.7362 0
11.742 0
