0 0
0.00573619 -5.005
0.0114724 -4.004
0.0172086 -9.009
0.0229448 -11.3447
0.028681 5.005
0.0344171 10.5105
0.0401533 5.8058
0.0458895 3.6036
0.0516257 10.6773
0.0573619 8.008
0.0630981 3.575
0.0688343 5.577
0.0745705 -1.66833
0.0803067 -3.33667
0.0860429 3.33667
0.091779 2.75275
0.0975152 9.317
0.103251 9.89878
0.108988 -2.11322
0.114724 1.1011
0.12046 4.732
0.126196 1.26793
0.131932 3.62862
0.137669 5.33867
0.143405 -5.005
0.149141 6.622
0.154877 1.12612
0.160613 -0.0667333
0.16635 3.93727
0.172086 -0.417083
0.177822 3.74058
0.183558 3.53294
0.189294 -1.001
0.19503 4.433
0.200767 5.95833
0.206503 -0.176647
0.212239 1.55711
0.217975 1.38233
0.223711 -0.0588824
0.229448 -1.66833
0.235184 10.4887
0.24092 0.2275
0.246656 7.72994
0.252392 1.48148
0.258129 0.667333
0.263865 2.90767
0.269601 4.12913
0.275337 3.003
0.281073 2.8028
0.28681 1.001
0.292546 2.4024
0.298282 4.41821
0.304018 3.11422
0.309754 2.43577
0.31549 1.93742
0.321227 3.52204
0.326963 5.6056
0.332699 0.871839
0.338435 0.728
0.344171 3.62862
0.349908 1.4586
0.355644 1.0868
0.36138 3.6811
0.367116 5.29941
0.372852 3.731
0.378589 -0.432865
0.384325 10.8859
0.390061 3.72167
0.395797 6.468
0.401533 7.777
0.40727 10.8713
0.413006 8.3597
0.418742 10.0851
0.424478 10.6871
0.430214 15.9715
0.43595 16.8217
0.441687 18.018
0.447423 13.013
0.453159 17.7613
0.458895 14.5727
0.464631 14.9695
0.470368 22.1929
0.476104 18.0606
0.48184 20.7708
0.487576 21.56
0.493312 24.2926
0.499049 22.5976
0.504785 20.7927
0.510521 20.6206
0.516257 24.9552
0.521993 25.025
0.52773 28.5946
0.533466 26.5376
0.539202 26.7768
0.544938 24.5539
0.550674 27.258
0.55641 28.028
0.562147 24.5343
0.567883 23.5498
0.573619 23.4679
0.579355 19.7049
0.585091 19.3527
0.590828 24.7228
0.596564 21.9177
0.6023 23.881
0.608036 22.6842
0.613772 23.6154
0.619509 24.6971
0.625245 22.7515
0.630981 26.299
0.636717 26.6818
0.642453 27.2202
0.64819 29.1084
0.653926 28.6825
0.659662 32.1244
0.665398 31.1092
0.671134 29.8895
0.67687 29.8847
0.682607 32.3974
0.688343 31.6884
0.694079 27.546
0.699815 31.9014
0.705551 33.726
0.711288 33.0876
0.717024 32.4784
0.72276 30.7192
0.728496 31.1168
0.734232 30.7808
0.739969 32.9314
0.745705 31.4258
0.751441 32.6015
0.757177 32.474
0.762913 32.032
0.76865 32.1626
0.774386 35.8005
0.780122 31.3601
0.785858 31.291
0.791594 28.8455
0.79733 31.7879
0.803067 30.6393
0.808803 30.0443
0.814539 28.8066
0.820275 32.3845
0.826011 28.938
0.831748 33.3945
0.837484 31.8082
0.84322 31.0167
0.848956 33.6586
0.854692 28.0633
0.860429 31.2782
0.866165 28.8782
0.871901 28.979
0.877637 32.5868
0.883373 30.004
0.88911 33.7645
0.894846 32.2204
0.900582 28.8481
0.906318 28.9749
0.912054 30.8086
0.91779 28.2121
0.923527 28.652
0.929263 33.5568
0.934999 32.615
0.940735 29.1526
0.946471 29.2078
0.952208 33.61
0.957944 32.2257
0.96368 29.2215
0.969416 31.1574
0.975152 29.485
0.980889 32.1262
0.986625 33.8943
0.992361 34.2131
0.998097 33.4755
1.00383 30.7933
1.00957 30.6063
1.01531 32.0217
1.02104 32.9496
1.02678 33.1998
1.03251 35.233
1.03825 32.7127
1.04399 30.2046
1.04972 33.3997
1.05546 31.5959
1.0612 32.7644
1.06693 36.4009
1.07267 33.792
1.0784 32.5082
1.08414 32.7776
1.08988 34.3843
1.09561 34.2819
1.10135 32.1484
1.10708 31.2221
1.11282 32.4429
1.11856 31.5724
1.12429 29.7154
1.13003 34.6155
1.13577 36.8463
1.1415 30.7071
1.14724 31.4167
1.15297 28.4384
1.15871 28.6186
1.16445 28.7243
1.17018 29.7631
1.17592 30.4697
1.18166 28.956
1.18739 30.8712
1.19313 28.2392
1.19886 27.4643
1.2046 31.7796
1.21034 33.4259
1.21607 29.6751
1.22181 30.8581
1.22754 29.1402
1.23328 32.0694
1.23902 27.8761
1.24475 28.2804
1.25049 27.4127
1.25623 31.7447
1.26196 30.3979
1.2677 30.1107
1.27343 31.9689
1.27917 27.8838
1.28491 29.1138
1.29064 29.8705
1.29638 33.0675
1.30212 29.8418
1.30785 31.9395
1.31359 30.4442
1.31932 30.4556
1.32506 32.9994
1.3308 31.2467
1.33653 32.6755
1.34227 29.172
1.348 30.03
1.35374 29.7022
1.35948 31.6636
1.36521 29.7855
1.37095 31.2949
1.37669 29.9508
1.38242 28.5367
1.38816 30.5878
1.39389 30.1403
1.39963 28.483
1.40537 30.6042
1.4111 26.6695
1.41684 31.871
1.42258 29.726
1.42831 31.577
1.43405 30.1455
1.43978 29.2811
1.44552 29.7471
1.45126 29.9112
1.45699 31.6912
1.46273 30.7201
1.46846 29.9267
1.4742 30.037
1.47994 31.4267
1.48567 31.5729
1.49141 31.7471
1.49715 30.3861
1.50288 29.9789
1.50862 29.6102
1.51435 29.125
1.52009 28.9438
1.52583 27.539
1.53156 29.5184
1.5373 31.9162
1.54304 31.386
1.54877 26.1953
1.55451 27.7122
1.56024 30.0665
1.56598 27.8993
1.57172 27.524
1.57745 28.4947
1.58319 30.9742
1.58892 30.5375
1.59466 31.7851
1.6004 31.626
1.60613 30.3129
1.61187 29.8956
1.61761 29.9471
1.62334 30.6246
1.62908 28.5059
1.63481 29.6521
1.64055 30.2636
1.64629 28.124
1.65202 28.9494
1.65776 28.492
1.6635 29.2555
1.66923 28.1665
1.67497 27.7332
1.6807 28.3203
1.68644 28.5475
1.69218 29.7767
1.69791 29.0486
1.70365 29.4145
1.70938 29.2151
1.71512 27.6534
1.72086 28.4181
1.72659 27.8486
1.73233 28.2928
1.73807 28.2701
1.7438 30.4039
1.74954 32.4349
1.75527 31.8062
1.76101 30.8912
1.76675 31.7721
1.77248 29.7614
1.77822 31.0378
1.78396 27.3845
1.78969 29.8132
1.79543 28.9075
1.80116 32.5484
1.8069 30.2934
1.81264 29.6284
1.81837 30.1434
1.82411 29.4405
1.82984 29.4207
1.83558 27.9006
1.84132 30.121
1.84705 30.6993
1.85279 29.31
1.85853 28.0968
1.86426 31.2007
1.87 30.0009
1.87573 27.1834
1.88147 30.5051
1.88721 31.5315
1.89294 31.2393
1.89868 30.3656
1.90442 33.102
1.91015 36.7053
1.91589 56.6935
1.92162 79.0951
1.92736 40.6677
1.9331 34.9754
1.93883 40.0051
1.94457 35.5064
1.9503 36.1714
1.95604 37.9682
1.96178 39.6086
1.96751 42.8266
1.97325 47.3295
1.97899 35.308
1.98472 32.6283
1.99046 31.7517
1.99619 33.6215
2.00193 32.4956
2.00767 31.4891
2.0134 31.2114
2.01914 32.8733
2.02488 31.9062
2.03061 30.1375
2.03635 31.1961
2.04208 30.0084
2.04782 31.8882
2.05356 31.0741
2.05929 31.5343
2.06503 32.4024
2.07076 31.7533
2.0765 31.197
2.08224 32.2822
2.08797 31.7716
2.09371 33.5133
2.09945 33.6282
2.10518 33.2694
2.11092 32.3425
2.11665 35.3225
2.12239 34.4209
2.12813 33.2285
2.13386 32.3706
2.1396 32.6004
2.14534 32.7815
2.15107 33.7824
2.15681 32.2433
2.16254 30.813
2.16828 34.2897
2.17402 34.1526
2.17975 34.3693
2.18549 33.2925
2.19122 35.0647
2.19696 36.5761
2.2027 41.5
2.20843 43.3354
2.21417 81.0763
2.21991 73.6369
2.22564 47.7526
2.23138 39.9926
2.23711 38.1347
2.24285 35.9205
2.24859 36.8285
2.25432 37.0736
2.26006 34.5588
2.2658 34.9005
2.27153 35.7008
2.27727 35.5236
2.283 33.8348
2.28874 34.824
2.29448 34.2324
2.30021 34.85
2.30595 36.2483
2.31168 36.2816
2.31742 36.3261
2.32316 35.9253
2.32889 35.1332
2.33463 37.5492
2.34037 37.5023
2.3461 37.5753
2.35184 38.6223
2.35757 38.9261
2.36331 39.7781
2.36905 39.8555
2.37478 39.4178
2.38052 37.3922
2.38626 38.584
2.39199 37.5461
2.39773 41.0217
2.40346 40.9404
2.4092 39.7168
2.41494 39.5055
2.42067 36.8248
2.42641 39.2281
2.43214 37.284
2.43788 38.1444
2.44362 38.5407
2.44935 37.7845
2.45509 38.6019
2.46083 38.3102
2.46656 37.4523
2.4723 36.7678
2.47803 39.6117
2.48377 35.314
2.48951 36.4595
2.49524 38.4728
2.50098 38.1631
2.50672 37.5419
2.51245 35.9501
2.51819 38.0982
2.52392 39.0558
2.52966 39.4285
2.5354 37.8341
2.54113 37.892
2.54687 39.442
2.5526 37.775
2.55834 36.5771
2.56408 38.4256
2.56981 37.248
2.57555 37.4084
2.58129 37.7563
2.58702 39.9939
2.59276 38.9401
2.59849 36.4347
2.60423 37.4739
2.60997 39.9154
2.6157 36.6467
2.62144 38.8435
2.62718 37.5183
2.63291 39.9102
2.63865 39.6448
2.64438 40.4519
2.65012 39.8318
2.65586 38.5832
2.66159 39.221
2.66733 40.6061
2.67306 39.1242
2.6788 39.9383
2.68454 40.1872
2.69027 39.4772
2.69601 39.2436
2.70175 41.1857
2.70748 41.0946
2.71322 42.5024
2.71895 42.3296
2.72469 41.7825
2.73043 40.5287
2.73616 41.4497
2.7419 39.8102
2.74764 41.6503
2.75337 40.664
2.75911 41.4939
2.76484 41.2674
2.77058 40.2213
2.77632 39.0583
2.78205 40.322
2.78779 40.5115
2.79352 40.3846
2.79926 40.3975
2.805 42.1144
2.81073 41.9055
2.81647 41.1708
2.82221 43.6177
2.82794 38.6338
2.83368 42.1838
2.83941 41.565
2.84515 41.045
2.85089 42.7055
2.85662 41.6184
2.86236 44.449
2.8681 41.4764
2.87383 44.8788
2.87957 41.7611
2.8853 41.1013
2.89104 42.1562
2.89678 44.4255
2.90251 43.4841
2.90825 43.5829
2.91398 42.3598
2.91972 44.9366
2.92546 46.2006
2.93119 45.9138
2.93693 45.5979
2.94267 46.2103
2.9484 45.4794
2.95414 47.8961
2.95987 45.938
2.96561 45.0219
2.97135 47.0648
2.97708 46.2519
2.98282 48.1796
2.98856 53.5606
2.99429 59.9456
3.00003 50.4742
3.00576 49.6846
3.0115 46.8152
3.01724 47.8887
3.02297 49.1407
3.02871 48.797
3.03444 48.805
3.04018 48.6889
3.04592 48.8061
3.05165 50.3263
3.05739 48.7059
3.06313 48.3051
3.06886 49.3601
3.0746 53.0776
3.08033 52.1608
3.08607 52.9217
3.09181 52.6939
3.09754 54.913
3.10328 59.1004
3.10902 61.8255
3.11475 61.8347
3.12049 58.6923
3.12622 59.3084
3.13196 63.836
3.1377 65.0817
3.14343 77.338
3.14917 68.2031
3.1549 60.0955
3.16064 57.9366
3.16638 57.2024
3.17211 59.4031
3.17785 57.484
3.18359 60.6843
3.18932 58.1881
3.19506 59.5342
3.20079 57.7008
3.20653 60.21
3.21227 60.5007
3.218 59.2745
3.22374 59.9523
3.22948 60.281
3.23521 59.3478
3.24095 59.6618
3.24668 61.4201
3.25242 61.765
3.25816 62.1078
3.26389 63.8638
3.26963 64.4651
3.27536 64.1301
3.2811 64.4688
3.28684 66.8856
3.29257 67.5199
3.29831 67.4174
3.30405 71.4175
3.30978 70.2636
3.31552 73.0499
3.32125 73.2087
3.32699 75.8565
3.33273 76.6503
3.33846 75.7722
3.3442 77.2182
3.34994 76.7677
3.35567 76.9772
3.36141 79.0948
3.36714 76.6663
3.37288 75.7239
3.37862 76.5816
3.38435 75.2167
3.39009 75.9277
3.39582 76.3377
3.40156 75.3142
3.4073 77.1787
3.41303 79.1979
3.41877 80.5392
3.42451 83.1574
3.43024 81.1639
3.43598 82.376
3.44171 80.3969
3.44745 80.9283
3.45319 78.5895
3.45892 79.7506
3.46466 80.5835
3.4704 82.1119
3.47613 81.2865
3.48187 80.6498
3.4876 85.7746
3.49334 84.1476
3.49908 85.3273
3.50481 89.077
3.51055 89.2423
3.51628 90.626
3.52202 95.2521
3.52776 103.588
3.53349 105.036
3.53923 115.121
3.54497 127.777
3.5507 135.159
3.55644 133.629
3.56217 125.28
3.56791 114.19
3.57365 107.262
3.57938 108.114
3.58512 106.793
3.59086 102.845
3.59659 105.877
3.60233 106.719
3.60806 107.465
3.6138 108.2
3.61954 110.068
3.62527 115.567
3.63101 117.872
3.63674 126.023
3.64248 137.178
3.64822 150.981
3.65395 161.808
3.65969 164.682
3.66543 157.067
3.67116 149.591
3.6769 149.918
3.68263 154.953
3.68837 152.692
3.69411 152.07
3.69984 148.298
3.70558 149.525
3.71132 149.01
3.71705 152.364
3.72279 155.94
3.72852 157.949
3.73426 163.417
3.74 162.755
3.74573 165.716
3.75147 171.122
3.7572 178.885
3.76294 180.215
3.76868 186.505
3.77441 192.135
3.78015 197.526
3.78589 207.243
3.79162 213.286
3.79736 227.685
3.80309 237.69
3.80883 249.339
3.81457 273.034
3.8203 292.686
3.82604 317.808
3.83178 370.123
3.83751 483.03
3.84325 820.595
3.84898 1377.9
3.85472 1885.38
3.86046 1194.31
3.86619 881.887
3.87193 958.906
3.87766 1095.9
3.8834 1271.49
3.88914 1477.03
3.89487 1720.48
3.90061 1840.24
3.90635 1771.82
3.91208 1582.25
3.91782 1280.21
3.92355 1025.54
3.92929 844.744
3.93503 693.605
3.94076 585.918
3.9465 503.13
3.95224 443.276
3.95797 391.156
3.96371 353.489
3.96944 330.734
3.97518 309.991
3.98092 286.102
3.98665 272.332
3.99239 258.741
3.99812 247.244
4.00386 236.449
4.0096 230.424
4.01533 225.509
4.02107 220.3
4.02681 215.475
4.03254 215.226
4.03828 213.342
4.04401 208.178
4.04975 202.929
4.05549 197.479
4.06122 191.292
4.06696 188.97
4.0727 185.637
4.07843 182.08
4.08417 181.062
4.0899 179.326
4.09564 176.629
4.10138 175.57
4.10711 173.584
4.11285 172.152
4.11858 172.5
4.12432 172.68
4.13006 172.974
4.13579 171.675
4.14153 168.82
4.14727 168.625
4.153 167.695
4.15874 165.933
4.16447 166.289
4.17021 166.993
4.17595 167.027
4.18168 167.335
4.18742 167.118
4.19316 166.171
4.19889 166.494
4.20463 167.068
4.21036 168.291
4.2161 167.053
4.22184 166.463
4.22757 167.501
4.23331 167.995
4.23904 167.353
4.24478 168.651
4.25052 169.655
4.25625 170.951
4.26199 170.466
4.26773 173.037
4.27346 175.011
4.2792 176.807
4.28493 178.581
4.29067 178.997
4.29641 182.399
4.30214 182.484
4.30788 188.272
4.31362 189.601
4.31935 192.691
4.32509 196.306
4.33082 200.026
4.33656 209.652
4.3423 211.977
4.34803 216.607
4.35377 223.509
4.3595 229.924
4.36524 241.152
4.37098 249.944
4.37671 261.572
4.38245 270.797
4.38819 285.159
4.39392 304.464
4.39966 314.131
4.40539 341.4
4.41113 370.07
4.41687 408.026
4.4226 492.018
4.42834 641.433
4.43408 1062.46
4.43981 2453.24
4.44555 6478.86
4.45128 21694.1
4.45702 24940.5
4.46276 11080.3
4.46849 3258.18
4.47423 1544.93
4.47996 902.693
4.4857 744.167
4.49144 691.074
4.49717 651.949
4.50291 655.653
4.50865 638.7
4.51438 615.425
4.52012 568.282
4.52585 519.361
4.53159 467.598
4.53733 415.652
4.54306 372.91
4.5488 338.286
4.55454 310.267
4.56027 286.559
4.56601 264.252
4.57174 247.445
4.57748 229.581
4.58322 215.239
4.58895 206.468
4.59469 196.253
4.60042 187.666
4.60616 179.219
4.6119 174.239
4.61763 167.979
4.62337 163.309
4.62911 159.325
4.63484 154.96
4.64058 149.676
4.64631 145.857
4.65205 141.926
4.65779 139.596
4.66352 136.287
4.66926 133.44
4.675 132.809
4.68073 131.067
4.68647 126.992
4.6922 126.019
4.69794 125.263
4.70368 122.848
4.70941 120.629
4.71515 121.898
4.72088 121.776
4.72662 119.936
4.73236 120.216
4.73809 120.399
4.74383 119.637
4.74957 116.919
4.7553 115.13
4.76104 114.186
4.76677 112.075
4.77251 113.042
4.77825 109.814
4.78398 107.274
4.78972 106.633
4.79546 105.007
4.80119 102.655
4.80693 102.923
4.81266 102.636
4.8184 101.904
4.82414 99.5325
4.82987 98.8743
4.83561 99.2107
4.84134 98.8335
4.84708 104.784
4.85282 106.949
4.85855 104.545
4.86429 99.4159
4.87003 96.2555
4.87576 96.2806
4.8815 95.8906
4.88723 94.4013
4.89297 95.9372
4.89871 94.3361
4.90444 93.304
4.91018 93.6542
4.91592 93.9877
4.92165 93.8362
4.92739 90.9402
4.93312 91.524
4.93886 91.1436
4.9446 91.5173
4.95033 89.7272
4.95607 91.2824
4.9618 93.2807
4.96754 92.5695
4.97328 92.2982
4.97901 95.4607
4.98475 93.9771
4.99049 90.7148
4.99622 89.3462
5.00196 88.613
5.00769 88.4254
5.01343 87.4649
5.01917 88.3746
5.0249 86.8955
5.03064 86.2481
5.03638 87.1542
5.04211 88.2469
5.04785 88.1939
5.05358 88.1842
5.05932 86.9378
5.06506 86.592
5.07079 87.8238
5.07653 86.5387
5.08226 86.8763
5.088 86.1977
5.09374 85.4926
5.09947 86.2122
5.10521 86.6326
5.11095 86.1566
5.11668 86.5228
5.12242 85.9499
5.12815 86.3389
5.13389 87.2119
5.13963 86.3255
5.14536 87.1493
5.1511 86.918
5.15684 85.7496
5.16257 87.9009
5.16831 88.02
5.17404 87.3964
5.17978 88.2653
5.18552 85.3872
5.19125 86.5419
5.19699 85.0786
5.20272 84.2373
5.20846 85.6009
5.2142 86.5502
5.21993 86.4111
5.22567 84.5341
5.23141 85.3172
5.23714 85.7842
5.24288 85.7787
5.24861 86.3384
5.25435 84.6668
5.26009 85.5315
5.26582 87.6099
5.27156 84.8803
5.2773 86.2966
5.28303 84.9672
5.28877 85.14
5.2945 85.3771
5.30024 86.2254
5.30598 85.7218
5.31171 87.087
5.31745 87.7433
5.32318 86.1895
5.32892 86.1933
5.33466 87.5742
5.34039 88.0755
5.34613 86.938
5.35187 87.1143
5.3576 87.8223
5.36334 85.703
5.36907 87.6562
5.37481 88.2313
5.38055 88.6894
5.38628 90.7189
5.39202 97.4214
5.39776 99.5087
5.40349 98.2443
5.40923 96.7167
5.41496 92.494
5.4207 89.4469
5.42644 89.6246
5.43217 89.7651
5.43791 89.0397
5.44364 89.7487
5.44938 91.4867
5.45512 91.696
5.46085 91.9386
5.46659 90.9491
5.47233 89.2827
5.47806 88.2406
5.4838 89.4045
5.48953 88.915
5.49527 88.3633
5.50101 88.237
5.50674 88.3026
5.51248 88.9596
5.51822 88.9526
5.52395 90.3018
5.52969 88.4111
5.53542 88.0729
5.54116 88.5305
5.5469 90.1574
5.55263 88.6317
5.55837 89.3779
5.5641 88.735
5.56984 90.0145
5.57558 89.8085
5.58131 88.2287
5.58705 91.2897
5.59279 91.0302
5.59852 91.4692
5.60426 91.6229
5.60999 92.288
5.61573 91.195
5.62147 92.1444
5.6272 93.8179
5.63294 92.6868
5.63868 91.2719
5.64441 93.5823
5.65015 94.5341
5.65588 93.2504
5.66162 94.2664
5.66736 92.4688
5.67309 94.0058
5.67883 94.4177
5.68456 94.382
5.6903 95.7852
5.69604 96.3749
5.70177 96.7056
5.70751 97.7851
5.71325 96.7942
5.71898 98.3892
5.72472 98.41
5.73045 100.061
5.73619 98.3037
5.74193 98.8525
5.74766 98.8393
5.7534 99.7663
5.75914 100.813
5.76487 103.022
5.77061 103.09
5.77634 104.037
5.78208 101.655
5.78782 104.382
5.79355 104.779
5.79929 106.163
5.80502 105.886
5.81076 105.381
5.8165 106.514
5.82223 106.153
5.82797 105.858
5.83371 106.97
5.83944 107.239
5.84518 107.727
5.85091 107.695
5.85665 108.499
5.86239 108.665
5.86812 108.422
5.87386 108.033
5.8796 109.045
5.88533 108.393
5.89107 110.155
5.8968 109.975
5.90254 111.209
5.90828 110.898
5.91401 112.881
5.91975 114.45
5.92548 115.254
5.93122 116.19
5.93696 116.562
5.94269 117.572
5.94843 118.753
5.95417 117.939
5.9599 119.196
5.96564 120.024
5.97137 121.142
5.97711 122.303
5.98285 123.158
5.98858 126.292
5.99432 127.083
6.00006 129.043
6.00579 130.775
6.01153 133.962
6.01726 134.964
6.023 135.853
6.02874 133.731
6.03447 134.867
6.04021 134.62
6.04594 135.584
6.05168 136.787
6.05742 138.066
6.06315 137.99
6.06889 141.748
6.07463 142.018
6.08036 142.456
6.0861 145.858
6.09183 148.557
6.09757 150.583
6.10331 152.024
6.10904 152.629
6.11478 157.48
6.12052 158.034
6.12625 159.337
6.13199 161.571
6.13772 164.195
6.14346 164.609
6.1492 167.939
6.15493 172.785
6.16067 173.303
6.1664 177.34
6.17214 181.327
6.17788 185.506
6.18361 189.236
6.18935 193.916
6.19509 201.885
6.20082 205.01
6.20656 213.654
6.21229 225.044
6.21803 236.418
6.22377 243.097
6.2295 251.739
6.23524 265.861
6.24098 267.647
6.24671 276.429
6.25245 297.948
6.25818 314.422
6.26392 336.46
6.26966 391.425
6.27539 514.852
6.28113 620.076
6.28686 1569.6
6.2926 4561.92
6.29834 8722.39
6.30407 10487.3
6.30981 15166.8
6.31555 4953.91
6.32128 2324.76
6.32702 966.347
6.33275 625.427
6.33849 551.77
6.34423 490.443
6.34996 486.733
6.3557 491.618
6.36144 492.609
6.36717 516.506
6.37291 544.25
6.37864 560.732
6.38438 564.461
6.39012 552.576
6.39585 524.721
6.40159 477.326
6.40732 436.326
6.41306 392.945
6.4188 360.049
6.42453 329.853
6.43027 308.513
6.43601 291.484
6.44174 274.227
6.44748 264.732
6.45321 255.651
6.45895 249.237
6.46469 242.676
6.47042 235.829
6.47616 230.223
6.4819 218.712
6.48763 212.406
6.49337 208.85
6.4991 203.873
6.50484 199.52
6.51058 197.976
6.51631 195.451
6.52205 190.834
6.52778 188.468
6.53352 189.097
6.53926 185.242
6.54499 183.766
6.55073 183.144
6.55647 182.593
6.5622 182.206
6.56794 182.99
6.57367 184.631
6.57941 181.387
6.58515 180.827
6.59088 177.613
6.59662 175.135
6.60236 171.61
6.60809 169.291
6.61383 169.196
6.61956 168.385
6.6253 165.241
6.63104 165.08
6.63677 167.05
6.64251 163.678
6.64824 165.026
6.65398 164.149
6.65972 164.022
6.66545 164.261
6.67119 163.881
6.67693 165.172
6.68266 164.289
6.6884 164.528
6.69413 165.348
6.69987 162.59
6.70561 160.252
6.71134 161.122
6.71708 161.029
6.72282 159.573
6.72855 159.899
6.73429 158.404
6.74002 156.778
6.74576 158.426
6.7515 157.596
6.75723 156.501
6.76297 155.007
6.7687 155.14
6.77444 154.907
6.78018 154.977
6.78591 156.572
6.79165 161.877
6.79739 164.561
6.80312 176.303
6.80886 210.325
6.81459 201.985
6.82033 220.618
6.82607 179.528
6.8318 166.97
6.83754 154.622
6.84328 153.948
6.84901 153.589
6.85475 154.036
6.86048 154.776
6.86622 153.597
6.87196 155.315
6.87769 154.586
6.88343 152.514
6.88916 152.905
6.8949 154.646
6.90064 155.193
6.90637 155.102
6.91211 154.425
6.91785 154.462
6.92358 154.455
6.92932 153.907
6.93505 154.614
6.94079 155.567
6.94653 153.852
6.95226 153.676
6.958 154.599
6.96374 156.063
6.96947 154.594
6.97521 155.328
6.98094 155.268
6.98668 155.284
6.99242 156.382
6.99815 153.576
7.00389 155.333
7.00962 155.167
7.01536 157.099
7.0211 155.747
7.02683 156.43
7.03257 156.712
7.03831 156.132
7.04404 157.245
7.04978 157.915
7.05551 158.451
7.06125 158.458
7.06699 158.947
7.07272 159.116
7.07846 159.509
7.0842 159.996
7.08993 161.407
7.09567 162.156
7.1014 161.375
7.10714 162.064
7.11288 164.842
7.11861 164.218
7.12435 165.944
7.13008 164.654
7.13582 165.77
7.14156 166.939
7.14729 167.55
7.15303 167.637
7.15877 166.429
7.1645 168.634
7.17024 167.45
7.17597 168.25
7.18171 168.102
7.18745 168.904
7.19318 171.024
7.19892 172.713
7.20466 172.201
7.21039 173.707
7.21613 176.043
7.22186 178.236
7.2276 179.377
7.23334 179.81
7.23907 179.579
7.24481 179.588
7.25054 179.5
7.25628 180.96
7.26202 182.47
7.26775 183.495
7.27349 185.334
7.27923 185.777
7.28496 188.168
7.2907 190.196
7.29643 192.734
7.30217 191.644
7.30791 195.959
7.31364 200.343
7.31938 200.352
7.32512 206.494
7.33085 209.044
7.33659 212.211
7.34232 214.599
7.34806 219.996
7.3538 225.707
7.35953 229.239
7.36527 241.855
7.371 268.617
7.37674 363.651
7.38248 419.041
7.38821 936.447
7.39395 1585.24
7.39969 2686.21
7.40542 2975.89
7.41116 1219.54
7.41689 635.819
7.42263 401.125
7.42837 351.347
7.4341 338.762
7.43984 337.445
7.44558 345.548
7.45131 358.622
7.45705 379.31
7.46278 398.773
7.46852 426.568
7.47426 453.116
7.47999 481.594
7.48573 499.783
7.49146 502.503
7.4972 484.74
7.50294 455.462
7.50867 418.387
7.51441 381.005
7.52015 347.383
7.52588 317.977
7.53162 291.427
7.53735 273.931
7.54309 257.569
7.54883 244.732
7.55456 233.662
7.5603 228.709
7.56604 219.206
7.57177 209.67
7.57751 203.902
7.58324 197.872
7.58898 194.229
7.59472 188.729
7.60045 186.639
7.60619 183.691
7.61192 181.302
7.61766 178.278
7.6234 175.875
7.62913 174.511
7.63487 173.036
7.64061 171.706
7.64634 171.359
7.65208 171.257
7.65781 169.875
7.66355 167.266
7.66929 167.549
7.67502 167.873
7.68076 166.871
7.6865 166.092
7.69223 168.889
7.69797 170.848
7.7037 172.883
7.70944 181.613
7.71518 217.073
7.72091 248.905
7.72665 451.527
7.73238 736.253
7.73812 285.709
7.74386 252.43
7.74959 198.943
7.75533 188.787
7.76107 184.858
7.7668 187.103
7.77254 193.238
7.77827 197.804
7.78401 204.299
7.78975 210.978
7.79548 221.067
7.80122 231.56
7.80696 241.034
7.81269 249.354
7.81843 252.974
7.82416 251.743
7.8299 248.011
7.83564 234.271
7.84137 220.637
7.84711 206.427
7.85284 194.441
7.85858 185.125
7.86432 175.555
7.87005 167.196
7.87579 162.428
7.88153 156.261
7.88726 153.602
7.893 149.926
7.89873 148.566
7.90447 145.935
7.91021 149.678
7.91594 146.621
7.92168 156.81
7.92742 143.792
7.93315 138.968
7.93889 135.48
7.94462 134.916
7.95036 133.11
7.9561 132.687
7.96183 132.343
7.96757 131.391
7.9733 131.257
7.97904 129.214
7.98478 128.655
7.99051 128.412
7.99625 128.66
8.00199 129.291
8.00772 127.772
8.01346 126.249
8.01919 126.785
8.02493 125.972
8.03067 125.076
8.0364 123.311
8.04214 124.088
8.04788 123.307
8.05361 122.326
8.05935 123.149
8.06508 121.682
8.07082 123.055
8.07656 123.328
8.08229 122.805
8.08803 122.735
8.09376 121.199
8.0995 119.079
8.10524 118.991
8.11097 117.087
8.11671 113.737
8.12245 113.531
8.12818 112.761
8.13392 108.723
8.13965 108.279
8.14539 106.317
8.15113 107.426
8.15686 98.8313
8.1626 103.307
8.16834 105.523
8.17407 106.935
8.17981 105.965
8.18554 107.696
8.19128 107.579
8.19702 107.057
8.20275 108.642
8.20849 108.19
8.21422 108.284
8.21996 106.691
8.2257 106.954
8.23143 106.534
8.23717 105.583
8.24291 105.646
8.24864 104.97
8.25438 106.208
8.26011 106.329
8.26585 104.971
8.27159 105.064
8.27732 106.609
8.28306 104.858
8.2888 105.65
8.29453 104.298
8.30027 105.774
8.306 103.938
8.31174 106.506
8.31748 104.241
8.32321 103.671
8.32895 103.676
8.33468 104.177
8.34042 103.086
8.34616 103.016
8.35189 103.241
8.35763 103.586
8.36337 103.219
8.3691 102.285
8.37484 102.109
8.38057 100.488
8.38631 100.271
8.39205 101.256
8.39778 102.745
8.40352 103.676
8.40926 103.093
8.41499 103.796
8.42073 105.022
8.42646 102.837
8.4322 106.653
8.43794 106.694
8.44367 108.49
8.44941 106.033
8.45514 104.591
8.46088 103.431
8.46662 100.718
8.47235 101.836
8.47809 101.649
8.48383 103.955
8.48956 101.098
8.4953 100.46
8.50103 100.189
8.50677 101.037
8.51251 99.8136
8.51824 100.046
8.52398 99.8829
8.52972 100.176
8.53545 99.3979
8.54119 99.7062
8.54692 98.1435
8.55266 99.7089
8.5584 101.326
8.56413 101.617
8.56987 98.5179
8.5756 99.6368
8.58134 99.7808
8.58708 98.4216
8.59281 98.5135
8.59855 101.13
8.60429 98.8906
8.61002 98.5856
8.61576 99.7109
8.62149 100.824
8.62723 98.9254
8.63297 98.3363
8.6387 100.816
8.64444 98.1312
8.65018 100.984
8.65591 101.21
8.66165 96.2509
8.66738 103.587
8.67312 99.7232
8.67886 97.5937
8.68459 102.065
8.69033 99.6972
8.69606 99.8816
8.7018 100.151
8.70754 99.3993
8.71327 102.248
8.71901 98.8756
8.72475 102.37
8.73048 100.915
8.73622 102.218
8.74195 103.825
8.74769 102.849
8.75343 103.047
8.75916 99.3365
8.7649 99.2964
8.77064 100.834
8.77637 100.56
8.78211 98.8924
8.78784 99.0116
8.79358 98.813
8.79932 100.925
8.80505 99.1695
8.81079 103.078
8.81652 101.324
8.82226 97.7505
8.828 102.765
8.83373 102.341
8.83947 99.3238
8.84521 102.004
8.85094 103.257
8.85668 100.665
8.86241 100.86
8.86815 102.706
8.87389 101.152
8.87962 100.91
8.88536 102.727
8.8911 101.899
8.89683 102.559
8.90257 105.822
8.9083 109.994
8.91404 135.198
8.91978 130.336
8.92551 140.561
8.93125 128.323
8.93698 118.794
8.94272 110.164
8.94846 112.707
8.95419 103.714
8.95993 107.655
8.96567 107.443
8.9714 104.143
8.97714 107.436
8.98287 110.25
8.98861 111.282
8.99435 109.04
9.00008 108.211
9.00582 111.888
9.01156 115.039
9.01729 108.727
9.02303 109.924
9.02876 116.818
9.0345 111.233
9.04024 112.19
9.04597 119.793
9.05171 110.701
9.05744 110.036
9.06318 117.214
9.06892 108.89
9.07465 113.968
9.08039 107.629
9.08613 101.681
9.09186 106.669
9.0976 100.312
9.10333 101.268
9.10907 102.408
9.11481 100.267
9.12054 101.226
9.12628 97.4443
9.13202 100.881
9.13775 100.503
9.14349 97.1447
9.14922 98.4764
9.15496 95.1682
9.1607 99.87
9.16643 95.1701
9.17217 94.7522
9.1779 95.4901
9.18364 97.9121
9.18938 95.6985
9.19511 92.7839
9.20085 93.8716
9.20659 90.2286
9.21232 97.8311
9.21806 92.6499
9.22379 94.4216
9.22953 91.8554
9.23527 88.2202
9.241 91.234
9.24674 88.1493
9.25248 93.9875
9.25821 81.8151
9.26395 85.4945
9.26968 82.6873
9.27542 83.6733
9.28116 80.2552
9.28689 86.8582
9.29263 70.6767
9.29836 75.2873
9.3041 76.9253
9.30984 82.1535
9.31557 72.7023
9.32131 67.6231
9.32705 58.5585
9.33278 66.3707
9.33852 54.7916
9.34425 61.5059
9.34999 49.5789
9.35573 53.339
9.36146 53.235
9.3672 35.217
9.37294 41.1661
9.37867 38.2604
9.38441 11.6783
9.39014 14.5145
9.39588 0
9.40162 0
9.40735 0
9.41309 0
9.41882 0
9.42456 0
9.4303 0
9.43603 0
9.44177 0
9.44751 0
9.45324 0
9.45898 0
9.46471 0
9.47045 0
9.47619 0
9.48192 0
9.48766 0
9.4934 0
9.49913 0
9.50487 0
9.5106 0
9.51634 0
9.52208 0
9.52781 0
9.53355 0
9.53928 0
9.54502 0
9.55076 0
9.55649 0
9.56223 0
9.56797 0
9.5737 0
9.57944 0
9.58517 0
9.59091 0
9.59665 0
9.60238 0
9.60812 0
9.61386 0
9.61959 0
9.62533 0
9.63106 0
9.6368 0
9.64254 0
9.64827 0
9.65401 0
9.65974 0
9.66548 0
9.67122 0
9.67695 0
9.68269 0
9.68843 0
9.69416 0
9.6999 0
9.70563 0
9.71137 0
9.71711 0
9.72284 0
9.72858 0
9.73432 0
9.74005 0
9.74579 0
9.75152 0
9.75726 0
9.763 0
9.76873 0
9.77447 0
9.7802 0
9.78594 0
9.79168 0
9.79741 0
9.80315 0
9.80889 0
9.81462 0
9.82036 0
9.82609 0
9.83183 0
9.83757 0
9.8433 0
9.84904 0
9.85478 0
9.86051 0
9.86625 0
9.87198 0
9.87772 0
9.88346 0
9.88919 0
9.89493 0
9.90066 0
9.9064 0
9.91214 0
9.91787 0
9.92361 0
9.92935 0
9.93508 0
9.94082 0
9.94655 0
9.95229 0
9.95803 0
9.96376 0
9.9695 0
9.97524 0
9.98097 0
9.98671 0
9.99244 0
9.99818 0
10.0039 0
10.0097 0
10.0154 0
10.0211 0
10.0269 0
10.0326 0
10.0383 0
10.0441 0
10.0498 0
10.0555 0
10.0613 0
10.067 0
10.0728 0
10.0785 0
10.0842 0
10.09 0
10.0957 0
10.1014 0
10.1072 0
10.1129 0
10.1186 0
10.1244 0
10.1301 0
10.1358 0
10.1416 0
10.1473 0
10.1531 0
10.1588 0
10.1645 0
10.1703 0
10.176 0
10.1817 0
10.1875 0
10.1932 0
10.1989 0
10.2047 0
10.2104 0
10.2162 0
10.2219 0
10.2276 0
10.2334 0
10.2391 0
10.2448 0
10.2506 0
10.2563 0
10.262 0
10.2678 0
10.2735 0
10.2793 0
10.285 0
10.2907 0
10.2965 0
10.3022 0
10.3079 0
10.3137 0
10.3194 0
10.3251 0
10.3309 0
10.3366 0
10.3424 0
10.3481 0
10.3538 0
10.3596 0
10.3653 0
10.371 0
10.3768 0
10.3825 0
10.3882 0
10.394 0
10.3997 0
10.4054 0
10.4112 0
10.4169 0
10.4227 0
10.4284 0
10.4341 0
10.4399 0
10.4456 0
10.4513 0
10.4571 0
10.4628 0
10.4685 0
10.4743 0
10.48 0
10.4858 0
10.4915 0
10.4972 0
10.503 0
10.5087 0
10.5144 0
10.5202 0
10.5259 0
10.5316 0
10.5374 0
10.5431 0
10.5489 0
10.5546 0
10.5603 0
10.5661 0
10.5718 0
10.5775 0
10.5833 0
10.589 0
10.5947 0
10.6005 0
10.6062 0
10.612 0
10.6177 0
10.6234 0
10.6292 0
10.6349 0
10.6406 0
10.6464 0
10.6521 0
10.6578 0
10.6636 0
10.6693 0
10.6751 0
10.6808 0
10.6865 0
10.6923 0
10.698 0
10.7037 0
10.7095 0
10.7152 0
10.7209 0
10.7267 0
10.7324 0
10.7381 0
10.7439 0
10.7496 0
10.7554 0
10.7611 0
10.7668 0
10.7726 0
10.7783 0
10.784 0
10.7898 0
10.7955 0
10.8012 0
10.807 0
10.8127 0
10.8185 0
10.8242 0
10.8299 0
10.8357 0
10.8414 0
10.8471 0
10.8529 0
10.8586 0
10.8643 0
10.8701 0
10.8758 0
10.8816 0
10.8873 0
10.893 0
10.8988 0
10.9045 0
10.9102 0
10.916 0
10.9217 0
10.9274 0
10.9332 0
10.9389 0
10.9447 0
10.9504 0
10.9561 0
10.9619 0
10.9676 0
10.9733 0
10.9791 0
10.9848 0
10.9905 0
10.9963 0
11.002 0
11.0077 0
11.0135 0
11.0192 0
11.025 0
11.0307 0
11.0364 0
11.0422 0
11.0479 0
11.0536 0
11.0594 0
11.0651 0
11.0708 0
11.0766 0
11.0823 0
11.0881 0
11.0938 0
11.0995 0
11.1053 0
11.111 0
11.1167 0
11.1225 0
11.1282 0
11.1339 0
11.1397 0
11.1454 0
11.1512 0
11.1569 0
11.1626 0
11.1684 0
11.1741 0
11.1798 0
11.1856 0
11.1913 0
11.197 0
11.2028 0
11.2085 0
11.2143 0
11.22 0
11.2257 0
11.2315 0
11.2372 0
11.2429 0
11.2487 0
11.2544 0
11.2601 0
11.2659 0
11.2716 0
11.2774 0
11.2831 0
11.2888 0
11.2946 0
11.3003 0
11.306 0
11.3118 0
11.3175 0
11.3232 0
11.329 0
11.3347 0
11.3404 0
11.3462 0
11.3519 0
11.3577 0
11.3634 0
11.3691 0
11.3749 0
11.3806 0
11.3863 0
11.3921 0
11.3978 0
11.4035 0
11.4093 0
11.415 0
11.4208 0
11.4265 0
11.4322 0
11.438 0
11.4437 0
11.4494 0
11.4552 0
11.4609 0
11.4666 0
11.4724 0
11.4781 0
11.4839 0
11.4896 0
11.4953 0
11.5011 0
11.5068 0
11.5125 0
11.5183 0
11.524 0
11.5297 0
11.5355 0
11.5412 0
11.547 0
11.5527 0
11.5584 0
11.5642 0
11.5699 0
11.5756 0
11.5814 0
11.5871 0
11.5928 0
11.5986 0
11.6043 0
11.61 0
11.6158 0
11.6215 0
11.6273 0
11.633 0
11.6387 0
11.6445 0
11.6502 0
11.6559 0
11.6617 0
11.6674 0
11.6731 0
11.6789 0
11.6846 0
11.6904 0
11.6961 0
11.7018 0
11.7076 0
11.7133 0
11.719 0
11.7248 0
11.7305 0
11.7362 0
11.742 0
