0 0
0.00573619 -22
0.0114724 -33
0.0172086 8
0.0229448 9
0.028681 -23.3333
0.0344171 2
0.0401533 -10.6
0.0458895 6
0.0516257 -3
0.0573619 8.16667
0.0630981 0.857143
0.0688343 0.428571
0.0745705 6.83333
0.0803067 4.77778
0.0860429 3.44444
0.091779 -1.25
0.0975152 -5.07692
0.103251 9.66667
0.108988 4.55556
0.114724 -10.9
0.12046 3.36364
0.126196 2.13333
0.131932 2.625
0.137669 0.533333
0.143405 5.46154
0.149141 4.30769
0.154877 -1.9375
0.160613 0.0666667
0.16635 1.4
0.172086 -2.66667
0.177822 -0.631579
0.183558 -4.58824
0.189294 1.5
0.19503 1.95238
0.200767 3.52381
0.206503 -3.76471
0.212239 -1.83333
0.217975 4.04762
0.223711 8.17647
0.229448 0.0833333
0.235184 0.391304
0.24092 1.13636
0.246656 5
0.252392 6.52
0.258129 0.703704
0.263865 -0.0952381
0.269601 7.04167
0.275337 -3.48276
0.281073 1.2
0.28681 5.125
0.292546 2.64
0.298282 3.24138
0.304018 3.92593
0.309754 -3.46667
0.31549 -1.90323
0.321227 1.62963
0.326963 1.43333
0.332699 2.54839
0.338435 6.78788
0.344171 2.95833
0.349908 0.228571
0.355644 2.97143
0.36138 4.48387
0.367116 3.14706
0.372852 -2.12121
0.378589 6.35135
0.384325 1.03125
0.390061 3.82051
0.395797 5.23077
0.401533 5.07692
0.40727 5.97674
0.413006 6.59459
0.418742 5.675
0.424478 7.82353
0.430214 8.37778
0.43595 6.63415
0.441687 2.71875
0.447423 14.0638
0.453159 11.8974
0.458895 13.6977
0.464631 11.0909
0.470368 9.65854
0.476104 15.6596
0.48184 9.52778
0.487576 13.2115
0.493312 8
0.499049 13.025
0.504785 12.5439
0.510521 7.13333
0.516257 8.93023
0.521993 16.4773
0.52773 15.0566
0.533466 13.4667
0.539202 17.5833
0.544938 14.5294
0.550674 15.5962
0.55641 17.0417
0.562147 16.9216
0.567883 15.9298
0.573619 10.9111
0.579355 12.5741
0.585091 14.6491
0.590828 11.4151
0.596564 12.5625
0.6023 11
0.608036 14.6615
0.613772 14.3061
0.619509 10.569
0.625245 15.6271
0.630981 13.5455
0.636717 18.0517
0.642453 13.7719
0.64819 14.7302
0.653926 18.6538
0.659662 13.3231
0.665398 15.2969
0.671134 18.7719
0.67687 18.1935
0.682607 17.619
0.688343 16.8806
0.694079 20.537
0.699815 20.8116
0.705551 21.8615
0.711288 16.1091
0.717024 17.527
0.72276 15.7377
0.728496 18.7429
0.734232 17.4531
0.739969 16.4928
0.745705 19.7746
0.751441 22.6724
0.757177 19.7143
0.762913 18.9254
0.76865 24.029
0.774386 22.8676
0.780122 17.1507
0.785858 17.8312
0.791594 16.3833
0.79733 17.122
0.803067 18.2464
0.808803 19.3143
0.814539 18.7531
0.820275 16.0423
0.826011 19.7013
0.831748 17.4028
0.837484 20.5059
0.84322 20.5429
0.848956 12.4444
0.854692 17.1412
0.860429 15.9012
0.866165 22.5342
0.871901 18.8
0.877637 16.759
0.883373 16.0649
0.88911 16.2821
0.894846 23.4471
0.900582 16.3133
0.906318 16.6351
0.912054 17.7333
0.91779 15.8621
0.923527 20.1688
0.929263 17.8953
0.934999 18.7582
0.940735 17.2099
0.946471 14.7976
0.952208 17.8353
0.957944 18.0645
0.96368 18
0.969416 17.3684
0.975152 15.6444
0.980889 18.8471
0.986625 19.0465
0.992361 19.9158
0.998097 19.9895
1.00383 20.3125
1.00957 16.7071
1.01531 19.4639
1.02104 16.5833
1.02678 17.3125
1.03251 16.8242
1.03825 14.91
1.04399 17.9767
1.04972 19.6535
1.05546 18.3168
1.0612 19.9512
1.06693 16.8878
1.07267 19.4066
1.0784 19.1942
1.08414 16.7347
1.08988 17.44
1.09561 19.2286
1.10135 15.9419
1.10708 19.6727
1.11282 17.3579
1.11856 16.8163
1.12429 20.1429
1.13003 19.5429
1.13577 19.8952
1.1415 17.4706
1.14724 17.3303
1.15297 18.48
1.15871 17.67
1.16445 18.1217
1.17018 15.7905
1.17592 14.3551
1.18166 17.4375
1.18739 18.2353
1.19313 16.6789
1.19886 18.9417
1.2046 16.9826
1.21034 15.0748
1.21607 17.6
1.22181 16.3364
1.22754 17.2137
1.23328 15.4486
1.23902 13.3214
1.24475 15.5042
1.25049 17.6147
1.25623 16.8333
1.26196 15.8632
1.2677 15.9919
1.27343 18.4865
1.27917 17.0508
1.28491 18.0254
1.29064 18.6549
1.29638 17.3103
1.30212 18.8803
1.30785 20.1092
1.31359 15.319
1.31932 16.8346
1.32506 13.7815
1.3308 20.5086
1.33653 17.6032
1.34227 20.3025
1.348 16.3937
1.35374 15.5841
1.35948 16.856
1.36521 17.9084
1.37095 15.3273
1.37669 17.2662
1.38242 17.1475
1.38816 16.8626
1.39389 15.678
1.39963 19.0758
1.40537 16.2093
1.4111 14.8036
1.41684 15.7622
1.42258 16.2148
1.42831 14.7438
1.43405 17.9154
1.43978 18.9556
1.44552 15.1667
1.45126 17.5339
1.45699 16.305
1.46273 16.4091
1.46846 15.2302
1.4742 19.6923
1.47994 15.5116
1.48567 19.6617
1.49141 15.0538
1.49715 16.2215
1.50288 15.7518
1.50862 16.6532
1.51435 15.7329
1.52009 15.8652
1.52583 16.4198
1.53156 15.5926
1.5373 13.3605
1.54304 15.5674
1.54877 17.2794
1.55451 16.1745
1.56024 16.7591
1.56598 17.3286
1.57172 16.5319
1.57745 16.0878
1.58319 15.1135
1.58892 14.8873
1.59466 16.1067
1.6004 15.5245
1.60613 17.4203
1.61187 13.5772
1.61761 16.1401
1.62334 14.218
1.62908 14.9548
1.63481 16.3245
1.64055 15.2667
1.64629 16.6027
1.65202 15.4238
1.65776 16.298
1.6635 15.1095
1.66923 13.2327
1.67497 13.908
1.6807 14.3504
1.68644 16.0316
1.69218 17.8025
1.69791 15.5163
1.70365 17.8243
1.70938 13.8718
1.71512 15.227
1.72086 17.8309
1.72659 15.0751
1.73233 14.6194
1.73807 18.0392
1.7438 17.253
1.74954 18.3522
1.75527 16.4695
1.76101 15.0588
1.76675 17.0166
1.77248 14.1768
1.77822 16.9592
1.78396 17.2024
1.78969 17.9363
1.79543 19.3295
1.80116 17.6561
1.8069 15.0234
1.81264 15.1317
1.81837 17.7267
1.82411 17.7944
1.82984 15.9255
1.83558 16.9333
1.84132 16.5758
1.84705 17.1124
1.85279 16.9415
1.85853 17.5438
1.86426 17.4915
1.87 18.7791
1.87573 16.1313
1.88147 18.1299
1.88721 16.2442
1.89294 14.9711
1.89868 17.6765
1.90442 19.2184
1.91015 18.1065
1.91589 33.4524
1.92162 36.4706
1.92736 21.4746
1.9331 19.1786
1.93883 21.7907
1.94457 21.8677
1.9503 19.4
1.95604 20.1453
1.96178 19.6519
1.96751 20.3892
1.97325 22.4847
1.97899 18.9037
1.98472 16.5053
1.99046 19.1657
1.99619 17.0989
2.00193 19.3947
2.00767 16.7853
2.0134 17.1453
2.01914 17.8511
2.02488 17.7225
2.03061 15.9605
2.03635 16.5266
2.04208 16.5568
2.04782 16
2.05356 16.9301
2.05929 18.3315
2.06503 17.755
2.07076 18.1591
2.0765 17.2642
2.08224 19.5867
2.08797 17.4104
2.09371 15.7828
2.09945 16.827
2.10518 19.0201
2.11092 17.0963
2.11665 18.8667
2.12239 17.6232
2.12813 17.4024
2.13386 18.0299
2.1396 18.3869
2.14534 16.3231
2.15107 17.2995
2.15681 18
2.16254 18.2376
2.16828 18.4185
2.17402 15.9526
2.17975 19.01
2.18549 16.836
2.19122 17.4951
2.19696 19.104
2.2027 21.6341
2.20843 26.6966
2.21417 33.4481
2.21991 41.7793
2.22564 29.2842
2.23138 20.7867
2.23711 19.4686
2.24285 19.5337
2.24859 21.9323
2.25432 20.2009
2.26006 18.7476
2.2658 20.8387
2.27153 18.4465
2.27727 20.7109
2.283 19.2139
2.28874 20.1716
2.29448 18.6171
2.30021 18.7773
2.30595 17.1717
2.31168 20.7917
2.31742 18.0531
2.32316 20.1154
2.32889 19.1028
2.33463 18.3521
2.34037 20.5258
2.3461 21.75
2.35184 23.095
2.35757 23.8284
2.36331 22.8505
2.36905 25.5346
2.37478 24.3919
2.38052 23.2995
2.38626 24.5101
2.39199 21.2265
2.39773 24.1546
2.40346 20.8128
2.4092 25.8834
2.41494 21.6697
2.42067 17.6774
2.42641 19.8848
2.43214 19.7056
2.43788 21.3816
2.44362 20.4581
2.44935 18.6481
2.45509 21.1315
2.46083 21.5161
2.46656 21.8428
2.4723 21.7941
2.47803 21.4465
2.48377 20.5929
2.48951 18.6496
2.49524 20.7557
2.50098 18.2589
2.50672 19.0664
2.51245 20.5665
2.51819 20.5556
2.52392 20.6555
2.52966 19.6067
2.5354 19.3981
2.54113 19.3542
2.54687 22.2554
2.5526 21.3305
2.55834 18.6982
2.56408 22.0936
2.56981 20.8471
2.57555 20.3937
2.58129 20.8052
2.58702 22.0502
2.59276 19.3909
2.59849 20.1907
2.60423 21.5466
2.60997 20.7759
2.6157 18.7798
2.62144 22.25
2.62718 21.9702
2.63291 22.5356
2.63865 20.7639
2.64438 22.8724
2.65012 20.44
2.65586 22.1562
2.66159 20.3281
2.66733 21.4221
2.67306 20.5617
2.6788 21.0117
2.68454 22.542
2.69027 21.751
2.69601 22.9304
2.70175 22.9961
2.70748 21.2593
2.71322 22.8439
2.71895 22.9004
2.72469 23.6584
2.73043 22.6024
2.73616 20.0625
2.7419 22.2607
2.74764 21.1107
2.75337 21.355
2.75911 20.7567
2.76484 22.377
2.77058 21.0658
2.77632 22.9923
2.78205 23.1548
2.78779 22.9189
2.79352 22.8852
2.79926 21.0301
2.805 21.3815
2.81073 23.1983
2.81647 22.0333
2.82221 23.6882
2.82794 22.746
2.83368 23.9542
2.83941 23.0578
2.84515 22.948
2.85089 23.3876
2.85662 22.5506
2.86236 22.0916
2.8681 20.1301
2.87383 21.834
2.87957 22.813
2.8853 22.2369
2.89104 24.0456
2.89678 21.2566
2.90251 24.908
2.90825 21.5394
2.91398 25.1971
2.91972 23.6859
2.92546 24.0116
2.93119 23.7849
2.93693 23.639
2.94267 24.5382
2.9484 22.6792
2.95414 22.751
2.95987 25.0971
2.96561 25.2
2.97135 26.6512
2.97708 27.8901
2.98282 34.9283
2.98856 63.2036
2.99429 66.7786
3.00003 34.6245
3.00576 29.6274
3.0115 26.3272
3.01724 25.9896
3.02297 24.7099
3.02871 24.6475
3.03444 26.6738
3.04018 26.9676
3.04592 26.7868
3.05165 26.4086
3.05739 25.7809
3.06313 26.9922
3.06886 27
3.0746 26.0175
3.08033 26.1775
3.08607 26.6667
3.09181 25
3.09754 27.4256
3.10328 30.6353
3.10902 32.2158
3.11475 32.1322
3.12049 32.4359
3.12622 29.4093
3.13196 34.1246
3.1377 36.2533
3.14343 40.1
3.14917 36.5121
3.1549 31.4645
3.16064 28.9816
3.16638 30.1386
3.17211 30.5243
3.17785 28.9386
3.18359 28.7204
3.18932 30.2633
3.19506 30.1717
3.20079 29.9517
3.20653 29.6319
3.21227 30.7133
3.218 30.3576
3.22374 31.0486
3.22948 31.7692
3.23521 32.1902
3.24095 33.4126
3.24668 30.5333
3.25242 31.39
3.25816 32.588
3.26389 31.9226
3.26963 33.411
3.27536 33.0132
3.2811 33.9338
3.28684 34.9719
3.29257 36.0229
3.29831 35.0714
3.30405 34.5353
3.30978 37.2164
3.31552 38.4408
3.32125 38.8203
3.32699 41.7442
3.33273 41.3654
3.33846 42.0759
3.3442 41.0627
3.34994 41.5069
3.35567 41.3588
3.36141 41.0789
3.36714 43.3814
3.37288 55.6319
3.37862 71.2218
3.38435 68.5846
3.39009 80.5556
3.39582 79.4967
3.40156 41.0189
3.4073 44.7048
3.41303 44.33
3.41877 42.4917
3.42451 43.4396
3.43024 42.8631
3.43598 40.9043
3.44171 39.953
3.44745 41.5617
3.45319 41.6426
3.45892 42.071
3.46466 40.7994
3.4704 40.1329
3.47613 41.6457
3.48187 43.0693
3.4876 43.5841
3.49334 42.4286
3.49908 44.9363
3.50481 42.6269
3.51055 44.4938
3.51628 46.3032
3.52202 48.88
3.52776 51.9876
3.53349 51.6698
3.53923 57.7346
3.54497 65.9875
3.5507 70.9727
3.55644 66.9646
3.56217 60.9522
3.56791 54.1855
3.57365 51.2981
3.57938 49.0439
3.58512 50.8462
3.59086 50.2293
3.59659 51.3951
3.60233 51.8309
3.60806 51.197
3.6138 52.7937
3.61954 53.9642
3.62527 56.1476
3.63101 57.7445
3.63674 61.8308
3.64248 66.6301
3.64822 68.356
3.65395 69.0838
3.65969 72.4029
3.66543 69.033
3.67116 67.6301
3.6769 69.0625
3.68263 72.8946
3.68837 69.5111
3.69411 68.7478
3.69984 69.8272
3.70558 68.0788
3.71132 67.3976
3.71705 67.7797
3.72279 70.8805
3.72852 69.006
3.73426 71.5284
3.74 72.4354
3.74573 72.7975
3.75147 72.5809
3.7572 73.9746
3.76294 78.0029
3.76868 79.4877
3.77441 80.1449
3.78015 82.7549
3.78589 85.9758
3.79162 87.4752
3.79736 92.1172
3.80309 94.3601
3.80883 97.2985
3.81457 104.434
3.8203 112.111
3.82604 120.445
3.83178 134.238
3.83751 162.955
3.84325 253.128
3.84898 384.714
3.85472 547.757
3.86046 408.203
3.86619 374.979
3.87193 443.425
3.87766 565.118
3.8834 739.624
3.88914 945.288
3.89487 1112.66
3.90061 1049.85
3.90635 868.774
3.91208 675.862
3.91782 490.623
3.92355 369.361
3.92929 293.144
3.93503 236.912
3.94076 196.718
3.9465 170.991
3.95224 151.064
3.95797 135.03
3.96371 125.292
3.96944 117.555
3.97518 114.984
3.98092 106.541
3.98665 104.141
3.99239 101.341
3.99812 98.3351
4.00386 96.2471
4.0096 94.1853
4.01533 91.1211
4.02107 88.822
4.02681 88.6779
4.03254 88.7594
4.03828 87.3342
4.04401 86.2948
4.04975 87.0509
4.05549 86.4229
4.06122 84.1792
4.06696 82.5208
4.0727 83.6519
4.07843 82.2845
4.08417 80.7913
4.0899 79.7139
4.09564 80.5106
4.10138 80.0224
4.10711 79.8753
4.11285 79.6582
4.11858 79.475
4.12432 78.7921
4.13006 78.2228
4.13579 78.6545
4.14153 79.185
4.14727 77.5232
4.153 76.874
4.15874 75.4589
4.16447 77.0153
4.17021 77.9143
4.17595 77.3289
4.18168 76.3253
4.18742 77.8475
4.19316 77.846
4.19889 80.3391
4.20463 80.6527
4.21036 84.1282
4.2161 82.0637
4.22184 78.8424
4.22757 81.3413
4.23331 78.2129
4.23904 78.6393
4.24478 78.6493
4.25052 80.8117
4.25625 79.9729
4.26199 79.8872
4.26773 80.9489
4.27346 81.0436
4.2792 83.0827
4.28493 83.8835
4.29067 84.7424
4.29641 85.1562
4.30214 86.2074
4.30788 86.5817
4.31362 88.8107
4.31935 87.8642
4.32509 92.5575
4.33082 94.1092
4.33656 94.6373
4.3423 96.3164
4.34803 98.3935
4.35377 102.199
4.3595 105.692
4.36524 109.327
4.37098 114.95
4.37671 118.35
4.38245 122.242
4.38819 125.911
4.39392 137.333
4.39966 140.91
4.40539 153.58
4.41113 163.563
4.41687 180.251
4.4226 209.93
4.42834 266.094
4.43408 444.137
4.43981 1008.07
4.44555 2185.7
4.45128 9272.49
4.45702 12121.2
4.46276 5234.21
4.46849 1687.41
4.47423 867.901
4.47996 495.452
4.4857 411
4.49144 393.871
4.49717 373.879
4.50291 367.327
4.50865 348.554
4.51438 319.519
4.52012 281.753
4.52585 245.711
4.53159 213.597
4.53733 186.433
4.54306 163.849
4.5488 147.007
4.55454 135.51
4.56027 120.702
4.56601 111.049
4.57174 106.723
4.57748 99.6256
4.58322 94.5394
4.58895 91.3665
4.59469 87.2288
4.60042 84.5
4.60616 82.3458
4.6119 79.8238
4.61763 77.6911
4.62337 77.7506
4.62911 77.0891
4.63484 76.0376
4.64058 72.9464
4.64631 72.0275
4.65205 68.3772
4.65779 66.9184
4.66352 66.8813
4.66926 65.8961
4.675 64.305
4.68073 65.4071
4.68647 61.8679
4.6922 64.8935
4.69794 64.19
4.70368 63.2609
4.70941 63.4811
4.71515 63.8838
4.72088 64.3016
4.72662 62.186
4.73236 63.5469
4.73809 64.0183
4.74383 63.7277
4.74957 61.2868
4.7553 62.4567
4.76104 59.14
4.76677 59.9556
4.77251 57.9358
4.77825 57.7093
4.78398 56.8578
4.78972 55.8612
4.79546 55.52
4.80119 54.4202
4.80693 54.235
4.81266 54.5609
4.8184 54.5264
4.82414 51.6362
4.82987 54.356
4.83561 53.6538
4.84134 55.0935
4.84708 57.0074
4.85282 58.9701
4.85855 56.3899
4.86429 55.1572
4.87003 51.7829
4.87576 51.3578
4.8815 49.7991
4.88723 51.4029
4.89297 51.6476
4.89871 48.7019
4.90444 49.5224
4.91018 49
4.91592 49.385
4.92165 50.5649
4.92739 49.7237
4.93312 48.8913
4.93886 49.186
4.9446 48.2847
4.95033 49.2687
4.95607 48.6615
4.9618 49.2321
4.96754 48.7179
4.97328 50.1888
4.97901 59.6132
4.98475 53.3738
4.99049 49.104
4.99622 48.1083
5.00196 47.2978
5.00769 47
5.01343 48.1943
5.01917 46.0394
5.0249 46.0729
5.03064 47.4449
5.03638 47.0216
5.04211 46.9761
5.04785 46.8704
5.05358 47.312
5.05932 45.7516
5.06506 46.2242
5.07079 47.7253
5.07653 45.9108
5.08226 46.5175
5.088 45.1958
5.09374 44.8228
5.09947 44.65
5.10521 46.5811
5.11095 44.891
5.11668 46.4113
5.12242 45.0768
5.12815 45.5754
5.13389 45.3202
5.13963 45.0948
5.14536 45.6974
5.1511 45.3248
5.15684 46.1189
5.16257 46.6652
5.16831 47.017
5.17404 46.0929
5.17978 45.8946
5.18552 46.1951
5.19125 45.882
5.19699 46.0322
5.20272 44.6236
5.20846 46.3231
5.2142 44.748
5.21993 45.7201
5.22567 45.6574
5.23141 46.724
5.23714 47.4607
5.24288 46.29
5.24861 46.2267
5.25435 46.1248
5.26009 46.2656
5.26582 45.919
5.27156 45.3047
5.2773 45.7104
5.28303 46.5588
5.28877 46.9959
5.2945 47.1571
5.30024 47.0873
5.30598 47.2786
5.31171 47.9559
5.31745 45.9315
5.32318 46.6224
5.32892 47.7956
5.33466 47.7219
5.34039 47.6159
5.34613 47.1845
5.35187 53.9435
5.3576 47.8519
5.36334 47.1036
5.36907 46.1393
5.37481 46.9502
5.38055 48.4096
5.38628 49.4831
5.39202 50.6265
5.39776 53.0504
5.40349 51.4781
5.40923 48.8819
5.41496 47.5538
5.4207 47.5135
5.42644 46.8716
5.43217 47.4057
5.43791 47.378
5.44364 47.7069
5.44938 47.9335
5.45512 49.7952
5.46085 48.323
5.46659 46.8218
5.47233 47.6512
5.47806 48.0495
5.4838 48.4
5.48953 46.9961
5.49527 47.9705
5.50101 47.5535
5.50674 46.4288
5.51248 47.008
5.51822 48.006
5.52395 49.1078
5.52969 49.0059
5.53542 48.1267
5.54116 49.5137
5.5469 48.4523
5.55263 49.3333
5.55837 48.5081
5.5641 48.4297
5.56984 48.0317
5.57558 49.2051
5.58131 48.6931
5.58705 49.0935
5.59279 49.9961
5.59852 48.0637
5.60426 49.893
5.60999 50.3954
5.61573 49.9843
5.62147 50.0282
5.6272 49.272
5.63294 48.7481
5.63868 50.2731
5.64441 50.8708
5.65015 50.3811
5.65588 49.9184
5.66162 50.7613
5.66736 51.3784
5.67309 49.9138
5.67883 51.0459
5.68456 50.2466
5.6903 50.8299
5.69604 51.6364
5.70177 52.5545
5.70751 51.8249
5.71325 52.8844
5.71898 52.5877
5.72472 53.9445
5.73045 52.0772
5.73619 53.8538
5.74193 53.45
5.74766 55.032
5.7534 54.1609
5.75914 54.5897
5.76487 56.3708
5.77061 55.13
5.77634 57.9135
5.78208 58.0189
5.78782 56.5396
5.79355 57.2337
5.79929 57.4649
5.80502 57.4278
5.81076 58.1661
5.8165 57.4058
5.82223 56.6518
5.82797 57.8346
5.83371 57.0589
5.83944 59.2268
5.84518 57.7601
5.85091 58.6692
5.85665 59.5145
5.86239 59.5639
5.86812 58.4588
5.87386 59.4738
5.8796 60.0673
5.88533 60.0598
5.89107 60.617
5.8968 61.0251
5.90254 59.5169
5.90828 60.7514
5.91401 62.472
5.91975 60.75
5.92548 65.1482
5.93122 62.7338
5.93696 65.7295
5.94269 72.8218
5.94843 71.2953
5.95417 88.4339
5.9599 73.2185
5.96564 69.5028
5.97137 66.9526
5.97711 68.1238
5.98285 68.3668
5.98858 68.0474
5.99432 70.3442
6.00006 69.9049
6.00579 71.7473
6.01153 74.7888
6.01726 75.2125
6.023 74.8924
6.02874 75.693
6.03447 73.4719
6.04021 74.6555
6.04594 73.9031
6.05168 76.4767
6.05742 77.7845
6.06315 76.3003
6.06889 77.1673
6.07463 79.4323
6.08036 80.1147
6.0861 79.5295
6.09183 81.3292
6.09757 82.872
6.10331 83.7946
6.10904 85.7959
6.11478 85.6332
6.12052 87.6223
6.12625 89.7923
6.13199 88.7048
6.13772 92.123
6.14346 92.6459
6.1492 95.9654
6.15493 98.2135
6.16067 95.5561
6.1664 99.9514
6.17214 101.365
6.17788 105.679
6.18361 107.345
6.18935 112.415
6.19509 115.925
6.20082 118.229
6.20656 123.846
6.21229 128.336
6.21803 136.045
6.22377 139.15
6.2295 144.005
6.23524 154.554
6.24098 157.429
6.24671 162.275
6.25245 179.931
6.25818 187.688
6.26392 207.617
6.26966 241.566
6.27539 327.261
6.28113 430.542
6.28686 1031.75
6.2926 2906.31
6.29834 6459.8
6.30407 6682.44
6.30981 9965.53
6.31555 3118.59
6.32128 1659.52
6.32702 657.367
6.33275 423.732
6.33849 372.058
6.34423 305.03
6.34996 297.73
6.3557 298.921
6.36144 300.498
6.36717 317.807
6.37291 335.49
6.37864 333.027
6.38438 313.208
6.39012 288.901
6.39585 264.345
6.40159 231.381
6.40732 209.415
6.41306 187.874
6.4188 172.721
6.42453 160.433
6.43027 151.959
6.43601 144.191
6.44174 137.63
6.44748 133.738
6.45321 130.49
6.45895 127.535
6.46469 124.757
6.47042 120.679
6.47616 118.261
6.4819 112.487
6.48763 111.126
6.49337 108.429
6.4991 105.491
6.50484 104.578
6.51058 101.938
6.51631 102.223
6.52205 98.9095
6.52778 100.658
6.53352 100.373
6.53926 96.3519
6.54499 97.1584
6.55073 97.191
6.55647 96.9827
6.5622 97.3732
6.56794 96.1076
6.57367 95.6483
6.57941 96.3114
6.58515 95.3113
6.59088 95.5129
6.59662 93.5517
6.60236 92.3994
6.60809 90.7203
6.61383 88.9444
6.61956 90.0165
6.6253 89.4695
6.63104 89.4202
6.63677 88.7262
6.64251 89.1623
6.64824 88.599
6.65398 87.5856
6.65972 87.5917
6.66545 87.5479
6.67119 88.3139
6.67693 89.3794
6.68266 88.2638
6.6884 87.7893
6.69413 88.9044
6.69987 86.7712
6.70561 86.6897
6.71134 86.8644
6.71708 85.57
6.72282 86.9618
6.72855 86.6773
6.73429 86.1947
6.74002 84.3312
6.74576 84.5841
6.7515 85.3559
6.75723 83.2587
6.76297 83.3713
6.7687 83.8934
6.77444 85.1343
6.78018 82.7326
6.78591 84.1218
6.79165 84.263
6.79739 82.9782
6.80312 84.9099
6.80886 84.5382
6.81459 83.6286
6.82033 84.5269
6.82607 85.9387
6.8318 85.2376
6.83754 84.223
6.84328 83.3031
6.84901 83.3495
6.85475 83.8856
6.86048 83.6371
6.86622 84.4403
6.87196 85.1446
6.87769 83.6667
6.88343 84.2547
6.88916 83.7105
6.8949 83.702
6.90064 85.0829
6.90637 83.8997
6.91211 85.2421
6.91785 84.7599
6.92358 83.7257
6.92932 84.5571
6.93505 83.4984
6.94079 84.0956
6.94653 84.5658
6.95226 84.4108
6.958 83.5827
6.96374 84.3359
6.96947 84.3219
6.97521 83.1931
6.98094 84.8679
6.98668 84.8003
6.99242 82.8538
6.99815 84.1537
7.00389 83.2036
7.00962 84.3241
7.01536 83.7433
7.0211 84.8529
7.02683 84.3368
7.03257 84.7994
7.03831 84.147
7.04404 84.4637
7.04978 84.6728
7.05551 84.5972
7.06125 85.1389
7.06699 86.0874
7.07272 86.2329
7.07846 85.3333
7.0842 87.8178
7.08993 87.0076
7.09567 86.4481
7.1014 86.1581
7.10714 89.1713
7.11288 88.9067
7.11861 87.9032
7.12435 89.9294
7.13008 89.1369
7.13582 90.8696
7.14156 88.4888
7.14729 90.973
7.15303 90.0526
7.15877 88.7145
7.1645 90.4152
7.17024 88.2684
7.17597 90.3631
7.18171 90.0885
7.18745 89.8603
7.19318 90.7553
7.19892 92.1244
7.20466 93.1657
7.21039 93.5259
7.21613 92.5643
7.22186 92.2386
7.2276 93.7414
7.23334 94.5494
7.23907 94.434
7.24481 95.5902
7.25054 94.2518
7.25628 94.4758
7.26202 95.3358
7.26775 96.6528
7.27349 97.562
7.27923 96.4576
7.28496 96.5233
7.2907 98.3035
7.29643 99.9655
7.30217 99.776
7.30791 100.485
7.31364 101.259
7.31938 103.117
7.32512 103.686
7.33085 104.29
7.33659 106.652
7.34232 104.422
7.34806 108.546
7.3538 108.956
7.35953 109.538
7.36527 114.977
7.371 123.353
7.37674 162.723
7.38248 145.244
7.38821 384.523
7.39395 385.135
7.39969 455.646
7.40542 820.453
7.41116 418.806
7.41689 263.27
7.42263 187.824
7.42837 170.367
7.4341 162.845
7.43984 164.221
7.44558 170.175
7.45131 181.167
7.45705 197.23
7.46278 216.25
7.46852 241.024
7.47426 260.633
7.47999 271.803
7.48573 267.401
7.49146 247.994
7.4972 225.911
7.50294 204.259
7.50867 184.298
7.51441 165.462
7.52015 150.917
7.52588 139.248
7.53162 130.202
7.53735 122.619
7.54309 116.21
7.54883 112.876
7.55456 107.541
7.5603 105.358
7.56604 103.35
7.57177 99.517
7.57751 97.9917
7.58324 94.6712
7.58898 93.9354
7.59472 92.1931
7.60045 92.7565
7.60619 91.1716
7.61192 89.8465
7.61766 88.9659
7.6234 87.0827
7.62913 87.2535
7.63487 86.862
7.64061 85.8233
7.64634 86.7552
7.65208 86.048
7.65781 86.1917
7.66355 85.6362
7.66929 82.8433
7.67502 84.8375
7.68076 85.3943
7.6865 85.2376
7.69223 85.8901
7.69797 85.4814
7.7037 86.2322
7.70944 91.4217
7.71518 103.895
7.72091 122.135
7.72665 226.57
7.73238 384.662
7.73812 140.893
7.74386 144.3
7.74959 109.571
7.75533 99.6592
7.76107 96.8828
7.7668 97.9986
7.77254 99.7747
7.77827 103.796
7.78401 107.491
7.78975 113.71
7.79548 123.466
7.80122 131.925
7.80696 138.154
7.81269 141.341
7.81843 136.724
7.82416 127.843
7.8299 119.766
7.83564 111.353
7.84137 103.552
7.84711 96.4812
7.85284 92.8154
7.85858 88.862
7.86432 84.315
7.87005 80.8859
7.87579 80.7246
7.88153 79.821
7.88726 77.5757
7.893 76.9087
7.89873 75.8356
7.90447 76.3504
7.91021 79.5728
7.91594 78.8875
7.92168 83.5957
7.92742 78.2086
7.93315 72.4604
7.93889 72.1649
7.94462 70.2423
7.95036 70.3018
7.9561 70.7322
7.96183 70.7265
7.96757 71.0468
7.9733 73.0134
7.97904 71.7657
7.98478 71.563
7.99051 68.5278
7.99625 69.2021
8.00199 67.8966
8.00772 67.1687
8.01346 67.6702
8.01919 66.3856
8.02493 66.6252
8.03067 65.9735
8.0364 67.0735
8.04214 66.8727
8.04788 66.886
8.05361 64.5072
8.05935 65.7804
8.06508 66.5161
8.07082 65.492
8.07656 65.4954
8.08229 65.5007
8.08803 65.8109
8.09376 65.7963
8.0995 64.0526
8.10524 63.2212
8.11097 63.1215
8.11671 61.6314
8.12245 61.0787
8.12818 59.8221
8.13392 58.3871
8.13965 57.7231
8.14539 58.3858
8.15113 58.475
8.15686 53.6253
8.1626 55.9215
8.16834 55.9436
8.17407 57.6576
8.17981 55.6114
8.18554 58.1464
8.19128 58.3793
8.19702 56.2819
8.20275 57.3591
8.20849 57.402
8.21422 59.1823
8.21996 59.1148
8.2257 58.4643
8.23143 56.3508
8.23717 58.4742
8.24291 58.1162
8.24864 57.9051
8.25438 58.0808
8.26011 58.1033
8.26585 56.6731
8.27159 57.9567
8.27732 57.3397
8.28306 57.3295
8.2888 56.334
8.29453 55.6626
8.30027 55.7958
8.306 54.9939
8.31174 56
8.31748 55.5312
8.32321 54.9656
8.32895 55.2344
8.33468 54.5439
8.34042 56.1322
8.34616 55.0542
8.35189 53.9525
8.35763 54.5833
8.36337 53.9847
8.3691 55.6009
8.37484 56
8.38057 55.7167
8.38631 54.5819
8.39205 55.2571
8.39778 55.7843
8.40352 55.5047
8.40926 56.9926
8.41499 56.4829
8.42073 55.8857
8.42646 57.477
8.4322 56.9053
8.43794 57.5299
8.44367 58.8803
8.44941 54.0933
8.45514 54.4919
8.46088 56.4194
8.46662 56.0129
8.47235 55.4236
8.47809 55.7766
8.48383 53.7634
8.48956 53.7253
8.4953 54.9086
8.50103 53.9138
8.50677 53.0133
8.51251 52.2684
8.51824 54.1168
8.52398 54.0958
8.52972 53.9003
8.53545 53.8493
8.54119 52.994
8.54692 53.497
8.55266 55.0321
8.5584 53.4212
8.56413 53.7229
8.56987 52.459
8.5756 55.932
8.58134 53.0898
8.58708 52.6364
8.59281 53.6195
8.59855 54.4505
8.60429 54.1126
8.61002 52.9742
8.61576 53.1201
8.62149 56.1608
8.62723 53.0374
8.63297 52.6044
8.6387 51.5686
8.64444 54.5461
8.65018 53.2715
8.65591 52.7727
8.66165 53.0981
8.66738 52.6655
8.67312 51.9852
8.67886 51.4924
8.68459 50.7079
8.69033 50.6494
8.69606 52.6036
8.7018 50.5547
8.70754 53.64
8.71327 51.6398
8.71901 50.9442
8.72475 53.9806
8.73048 51.996
8.73622 51.7845
8.74195 53.5968
8.74769 54.0975
8.75343 54.0171
8.75916 54.1822
8.7649 51.6009
8.77064 51.6271
8.77637 51.7679
8.78211 53.5
8.78784 52.9694
8.79358 50.4384
8.79932 53.1623
8.80505 52.662
8.81079 53.4877
8.81652 53.2986
8.82226 51.4974
8.828 54.5833
8.83373 52.8585
8.83947 52.8877
8.84521 54.8439
8.85094 54.5691
8.85668 52.5436
8.86241 53.5179
8.86815 55.069
8.87389 54.1026
8.87962 51.0925
8.88536 50.7901
8.8911 54.6898
8.89683 52.784
8.90257 55.3825
8.9083 55.3468
8.91404 52.9375
8.91978 60.6229
8.92551 66.8408
8.93125 75.8049
8.93698 141.067
8.94272 108.43
8.94846 83.4061
8.95419 61.4161
8.95993 56.0946
8.96567 59.1801
8.9714 56.0551
8.97714 56.443
8.98287 57.6224
8.98861 54.8741
8.99435 56.0552
9.00008 58.2051
9.00582 57.9868
9.01156 64.2748
9.01729 58.8211
9.02303 58.1643
9.02876 61.547
9.0345 60.1138
9.04024 61.155
9.04597 62.4904
9.05171 60.8661
9.05744 60.1901
9.06318 60.2816
9.06892 56.7059
9.07465 57.4271
9.08039 57.1111
9.08613 53.9813
9.09186 58.8125
9.0976 63.4615
9.10333 60.8125
9.10907 62.8571
9.11481 55.8542
9.12054 55.8864
9.12628 54.7959
9.13202 51.2927
9.13775 55.7826
9.14349 52.1905
9.14922 52.6707
9.15496 52.9024
9.1607 52.6216
9.16643 49.5875
9.17217 51.0137
9.1779 50.4079
9.18364 50.1
9.18938 51.5441
9.19511 45.8971
9.20085 51.7302
9.20659 51.3692
9.21232 48.3833
9.21806 47.8197
9.22379 48.4364
9.22953 45.9091
9.23527 48.0377
9.241 50.3571
9.24674 47.2653
9.25248 50.5532
9.25821 43.7778
9.26395 50.4091
9.26968 46.093
9.27542 47.8718
9.28116 44.225
9.28689 45.5714
9.29263 41.8182
9.29836 51.697
9.3041 37.3333
9.30984 35.6071
9.31557 38.5926
9.32131 39.5185
9.32705 29.25
9.33278 37.6957
9.33852 39.2105
9.34425 38.9444
9.34999 30.1765
9.35573 33.7143
9.36146 44.5455
9.3672 21.2727
9.37294 25.625
9.37867 16.5556
9.38441 4.66667
9.39014 9.75
9.39588 0
9.40162 0
9.40735 0
9.41309 0
9.41882 0
9.42456 0
9.4303 0
9.43603 0
9.44177 0
9.44751 0
9.45324 0
9.45898 0
9.46471 0
9.47045 0
9.47619 0
9.48192 0
9.48766 0
9.4934 0
9.49913 0
9.50487 0
9.5106 0
9.51634 0
9.52208 0
9.52781 0
9.53355 0
9.53928 0
9.54502 0
9.55076 0
9.55649 0
9.56223 0
9.56797 0
9.5737 0
9.57944 0
9.58517 0
9.59091 0
9.59665 0
9.60238 0
9.60812 0
9.61386 0
9.61959 0
9.62533 0
9.63106 0
9.6368 0
9.64254 0
9.64827 0
9.65401 0
9.65974 0
9.66548 0
9.67122 0
9.67695 0
9.68269 0
9.68843 0
9.69416 0
9.6999 0
9.70563 0
9.71137 0
9.71711 0
9.72284 0
9.72858 0
9.73432 0
9.74005 0
9.74579 0
9.75152 0
9.75726 0
9.763 0
9.76873 0
9.77447 0
9.7802 0
9.78594 0
9.79168 0
9.79741 0
9.80315 0
9.80889 0
9.81462 0
9.82036 0
9.82609 0
9.83183 0
9.83757 0
9.8433 0
9.84904 0
9.85478 0
9.86051 0
9.86625 0
9.87198 0
9.87772 0
9.88346 0
9.88919 0
9.89493 0
9.90066 0
9.9064 0
9.91214 0
9.91787 0
9.92361 0
9.92935 0
9.93508 0
9.94082 0
9.94655 0
9.95229 0
9.95803 0
9.96376 0
9.9695 0
9.97524 0
9.98097 0
9.98671 0
9.99244 0
9.99818 0
10.0039 0
10.0097 0
10.0154 0
10.0211 0
10.0269 0
10.0326 0
10.0383 0
10.0441 0
10.0498 0
10.0555 0
10.0613 0
10.067 0
10.0728 0
10.0785 0
10.0842 0
10.09 0
10.0957 0
10.1014 0
10.1072 0
10.1129 0
10.1186 0
10.1244 0
10.1301 0
10.1358 0
10.1416 0
10.1473 0
10.1531 0
10.1588 0
10.1645 0
10.1703 0
10.176 0
10.1817 0
10.1875 0
10.1932 0
10.1989 0
10.2047 0
10.2104 0
10.2162 0
10.2219 0
10.2276 0
10.2334 0
10.2391 0
10.2448 0
10.2506 0
10.2563 0
10.262 0
10.2678 0
10.2735 0
10.2793 0
10.285 0
10.2907 0
10.2965 0
10.3022 0
10.3079 0
10.3137 0
10.3194 0
10.3251 0
10.3309 0
10.3366 0
10.3424 0
10.3481 0
10.3538 0
10.3596 0
10.3653 0
10.371 0
10.3768 0
10.3825 0
10.3882 0
10.394 0
10.3997 0
10.4054 0
10.4112 0
10.4169 0
10.4227 0
10.4284 0
10.4341 0
10.4399 0
10.4456 0
10.4513 0
10.4571 0
10.4628 0
10.4685 0
10.4743 0
10.48 0
10.4858 0
10.4915 0
10.4972 0
10.503 0
10.5087 0
10.5144 0
10.5202 0
10.5259 0
10.5316 0
10.5374 0
10.5431 0
10.5489 0
10.5546 0
10.5603 0
10.5661 0
10.5718 0
10.5775 0
10.5833 0
10.589 0
10.5947 0
10.6005 0
10.6062 0
10.612 0
10.6177 0
10.6234 0
10.6292 0
10.6349 0
10.6406 0
10.6464 0
10.6521 0
10.6578 0
10.6636 0
10.6693 0
10.6751 0
10.6808 0
10.6865 0
10.6923 0
10.698 0
10.7037 0
10.7095 0
10.7152 0
10.7209 0
10.7267 0
10.7324 0
10.7381 0
10.7439 0
10.7496 0
10.7554 0
10.7611 0
10.7668 0
10.7726 0
10.7783 0
10.784 0
10.7898 0
10.7955 0
10.8012 0
10.807 0
10.8127 0
10.8185 0
10.8242 0
10.8299 0
10.8357 0
10.8414 0
10.8471 0
10.8529 0
10.8586 0
10.8643 0
10.8701 0
10.8758 0
10.8816 0
10.8873 0
10.893 0
10.8988 0
10.9045 0
10.9102 0
10.916 0
10.9217 0
10.9274 0
10.9332 0
10.9389 0
10.9447 0
10.9504 0
10.9561 0
10.9619 0
10.9676 0
10.9733 0
10.9791 0
10.9848 0
10.9905 0
10.9963 0
11.002 0
11.0077 0
11.0135 0
11.0192 0
11.025 0
11.0307 0
11.0364 0
11.0422 0
11.0479 0
11.0536 0
11.0594 0
11.0651 0
11.0708 0
11.0766 0
11.0823 0
11.0881 0
11.0938 0
11.0995 0
11.1053 0
11.111 0
11.1167 0
11.1225 0
11.1282 0
11.1339 0
11.1397 0
11.1454 0
11.1512 0
11.1569 0
11.1626 0
11.1684 0
11.1741 0
11.1798 0
11.1856 0
11.1913 0
11.197 0
11.2028 0
11.2085 0
11.2143 0
11.22 0
11.2257 0
11.2315 0
11.2372 0
11.2429 0
11.2487 0
11.2544 0
11.2601 0
11.2659 0
11.2716 0
11.2774 0
11.2831 0
11.2888 0
11.2946 0
11.3003 0
11.306 0
11.3118 0
11.3175 0
11.3232 0
11.329 0
11.3347 0
11.3404 0
11.3462 0
11.3519 0
11.3577 0
11.3634 0
11.3691 0
11.3749 0
11.3806 0
11.3863 0
11.3921 0
11.3978 0
11.4035 0
11.4093 0
11.415 0
11.4208 0
11.4265 0
11.4322 0
11.438 0
11.4437 0
11.4494 0
11.4552 0
11.4609 0
11.4666 0
11.4724 0
11.4781 0
11.4839 0
11.4896 0
11.4953 0
11.5011 0
11.5068 0
11.5125 0
11.5183 0
11.524 0
11.5297 0
11.5355 0
11.5412 0
11.547 0
11.5527 0
11.5584 0
11.5642 0
11.5699 0
11.5756 0
11.5814 0
11.5871 0
11.5928 0
11.5986 0
11.6043 0
11.61 0
11.6158 0
11.6215 0
11.6273 0
11.633 0
11.6387 0
11.6445 0
11.6502 0
11.6559 0
11.6617 0
11.6674 0
11.6731 0
11.6789 0
11.6846 0
11.6904 0
11.6961 0
11.7018 0
11.7076 0
11.7133 0
11.719 0
11.7248 0
11.7305 0
11.7362 0
11.742 0
