0 0
0.00573619 16
0.0114724 -13
0.0172086 14
0.0229448 -4
0.028681 7.66667
0.0344171 8.5
0.0401533 12.2
0.0458895 6.4
0.0516257 3
0.0573619 -0.833333
0.0630981 0.285714
0.0688343 -0.857143
0.0745705 11.6667
0.0803067 2.11111
0.0860429 5.33333
0.091779 -3
0.0975152 0.384615
0.103251 1.55556
0.108988 0.777778
0.114724 5.2
0.12046 7.09091
0.126196 3
0.131932 -4
0.137669 -0.8
0.143405 5.15385
0.149141 -4.61538
0.154877 2.5625
0.160613 2.06667
0.16635 -3.66667
0.172086 4.41667
0.177822 2.84211
0.183558 5.05882
0.189294 -1.5
0.19503 2.47619
0.200767 4.33333
0.206503 1.58824
0.212239 1.22222
0.217975 -3.71429
0.223711 7.94118
0.229448 1.66667
0.235184 2.08696
0.24092 -0.545455
0.246656 1.22222
0.252392 4.16
0.258129 -0.222222
0.263865 -2.7619
0.269601 -0.25
0.275337 0.965517
0.281073 -1.48
0.28681 3.29167
0.292546 6
0.298282 -0.275862
0.304018 7.37037
0.309754 4.96667
0.31549 1.74194
0.321227 1.96296
0.326963 2.7
0.332699 3
0.338435 5.18182
0.344171 -4.5
0.349908 0.457143
0.355644 0.457143
0.36138 1.35484
0.367116 5.85294
0.372852 2.12121
0.378589 1.32432
0.384325 2.09375
0.390061 3.20513
0.395797 -1.38462
0.401533 2.61538
0.40727 -1.09302
0.413006 4.59459
0.418742 8.6
0.424478 11
0.430214 5.82222
0.43595 7.36585
0.441687 10.25
0.447423 2.08511
0.453159 7.07692
0.458895 7.7907
0.464631 5.81818
0.470368 5.7561
0.476104 11.2553
0.48184 3.88889
0.487576 6.69231
0.493312 5.70732
0.499049 7.575
0.504785 8.64912
0.510521 10.8667
0.516257 12.6047
0.521993 10.4318
0.52773 7.49057
0.533466 8.55556
0.539202 12.5833
0.544938 11.0784
0.550674 11.9231
0.55641 12.6667
0.562147 4.86275
0.567883 10.2632
0.573619 11.7556
0.579355 7.55556
0.585091 7.10526
0.590828 5.30189
0.596564 9.02083
0.6023 7.46429
0.608036 12.5385
0.613772 10.2041
0.619509 6.10345
0.625245 8.69491
0.630981 6.85455
0.636717 6.75862
0.642453 12.8246
0.64819 10.5238
0.653926 14.75
0.659662 15.1692
0.665398 12.7031
0.671134 11.5614
0.67687 14.5161
0.682607 12.1905
0.688343 14.0896
0.694079 12.5926
0.699815 11.2319
0.705551 13.8
0.711288 14.2364
0.717024 14.0541
0.72276 11.5738
0.728496 13.0571
0.734232 10.8594
0.739969 11.0435
0.745705 11.9577
0.751441 10.8103
0.757177 10.1688
0.762913 12.6119
0.76865 15.3913
0.774386 15.8235
0.780122 14.2603
0.785858 16.2727
0.791594 14.2333
0.79733 12.378
0.803067 15.5362
0.808803 15.9857
0.814539 16.7407
0.820275 16.7606
0.826011 12.1558
0.831748 14.9028
0.837484 14
0.84322 14.5714
0.848956 11.3056
0.854692 12.2706
0.860429 14.321
0.866165 11.6986
0.871901 14.5
0.877637 14.0241
0.883373 13.8701
0.88911 10.8077
0.894846 12.8353
0.900582 13.5904
0.906318 15.2703
0.912054 12.6778
0.91779 13.931
0.923527 16.5844
0.929263 12.6977
0.934999 10.4176
0.940735 13.963
0.946471 11.2381
0.952208 13.6706
0.957944 10.6667
0.96368 12.9231
0.969416 11.0947
0.975152 15.8667
0.980889 12.3412
0.986625 13.6628
0.992361 13.9368
0.998097 12.0316
1.00383 12.625
1.00957 13.7071
1.01531 14.5773
1.02104 13.3214
1.02678 14.6354
1.03251 12.0659
1.03825 12.91
1.04399 14.8721
1.04972 12.4851
1.05546 13.3267
1.0612 12.5854
1.06693 12.6262
1.07267 13.4396
1.0784 12.6311
1.08414 12.1735
1.08988 18.02
1.09561 12.7619
1.10135 12.8372
1.10708 12.0636
1.11282 11.9263
1.11856 11.051
1.12429 13.2286
1.13003 14.2571
1.13577 14.4762
1.1415 13.7745
1.14724 14.0367
1.15297 11.34
1.15871 15.48
1.16445 11.6174
1.17018 14.7333
1.17592 11.3551
1.18166 11.4688
1.18739 13.5798
1.19313 11.6789
1.19886 13.7767
1.2046 13.2087
1.21034 14.1402
1.21607 11.9091
1.22181 13.1636
1.22754 12.4359
1.23328 15.4766
1.23902 9.05357
1.24475 12.2101
1.25049 11.7798
1.25623 13.1019
1.26196 11.9915
1.2677 13.5484
1.27343 12.0811
1.27917 12.5932
1.28491 9.61017
1.29064 13.0619
1.29638 12.7845
1.30212 11.5299
1.30785 14.8235
1.31359 13.3534
1.31932 11.5512
1.32506 12.0588
1.3308 13.0862
1.33653 11.881
1.34227 11.7899
1.348 16.0079
1.35374 14.1327
1.35948 12.616
1.36521 12.7786
1.37095 11.8091
1.37669 11.1079
1.38242 11.0328
1.38816 12.1756
1.39389 12.0593
1.39963 13.8712
1.40537 13.6279
1.4111 11.3571
1.41684 12.8392
1.42258 13.4222
1.42831 12.5041
1.43405 12.6
1.43978 12.2074
1.44552 9.67391
1.45126 9.72881
1.45699 12.5816
1.46273 12.0985
1.46846 12.2302
1.4742 12.8392
1.47994 11.3488
1.48567 13.0075
1.49141 10.7769
1.49715 12.2752
1.50288 11.6642
1.50862 10.4516
1.51435 10.089
1.52009 12.9291
1.52583 10.7481
1.53156 10.5037
1.5373 12.4354
1.54304 11.227
1.54877 10.7279
1.55451 11.5436
1.56024 12.1095
1.56598 10.0857
1.57172 9.0922
1.57745 12.7635
1.58319 12.7305
1.58892 13.6761
1.59466 12.8267
1.6004 11.9021
1.60613 12.7609
1.61187 11.094
1.61761 11.3185
1.62334 8.88722
1.62908 13.6194
1.63481 11.6556
1.64055 10.5867
1.64629 12.5411
1.65202 13.543
1.65776 12.1854
1.6635 13.6715
1.66923 13.1887
1.67497 12.1288
1.6807 13.292
1.68644 10.8671
1.69218 12.2284
1.69791 12.8627
1.70365 11.4527
1.70938 12.0705
1.71512 13.5215
1.72086 13.0515
1.72659 11.6069
1.73233 13.2968
1.73807 13.3987
1.7438 12.3313
1.74954 11.7987
1.75527 14.2744
1.76101 10.0368
1.76675 11.4088
1.77248 10.439
1.77822 13.8367
1.78396 12.3452
1.78969 13.1783
1.79543 13.0058
1.80116 14.1975
1.8069 13.2222
1.81264 11.1677
1.81837 15.7
1.82411 12.5722
1.82984 14.0186
1.83558 11.303
1.84132 15.8424
1.84705 14.3905
1.85279 14.0877
1.85853 12.8875
1.86426 13.339
1.87 13.4767
1.87573 13.8125
1.88147 14.0847
1.88721 14.0698
1.89294 14.1965
1.89868 15.3059
1.90442 13.954
1.91015 15.5385
1.91589 15.2857
1.92162 17.2781
1.92736 18.4181
1.9331 23.3512
1.93883 25.6628
1.94457 32.6402
1.9503 35.2059
1.95604 31.093
1.96178 23.2486
1.96751 17.3676
1.97325 17.5706
1.97899 17.385
1.98472 15.3883
1.99046 15.7314
1.99619 12.7088
2.00193 15.3263
2.00767 13.7401
2.0134 12.8837
2.01914 16.2074
2.02488 13.1466
2.03061 12.9153
2.03635 12.9734
2.04208 12.9946
2.04782 15.2447
2.05356 13.9086
2.05929 13.7182
2.06503 14.695
2.07076 15.7898
2.0765 15.5078
2.08224 14.8571
2.08797 15.1792
2.09371 16.1818
2.09945 16.2162
2.10518 16.8995
2.11092 17.9679
2.11665 19.3077
2.12239 14.3478
2.12813 14.9231
2.13386 14.6816
2.1396 18.3317
2.14534 16.7487
2.15107 15.8235
2.15681 14.9648
2.16254 15.6881
2.16828 16.3967
2.17402 15.8341
2.17975 15.4
2.18549 17.5238
2.19122 15.3713
2.19696 16.4356
2.2027 17.2049
2.20843 16.809
2.21417 19.2736
2.21991 22.6197
2.22564 33.0765
2.23138 80.0948
2.23711 93.6135
2.24285 40.9567
2.24859 31.0833
2.25432 25.0868
2.26006 21.8689
2.2658 18.8871
2.27153 18.2047
2.27727 18.2844
2.283 16.592
2.28874 19.1127
2.29448 21.0225
2.30021 20.2133
2.30595 17.7424
2.31168 20.1713
2.31742 21.5652
2.32316 22.4038
2.32889 24.3364
2.33463 27.1737
2.34037 28.5117
2.3461 31.9009
2.35184 37.5701
2.35757 40.8431
2.36331 43.8505
2.36905 46.6452
2.37478 46.8333
2.38052 45.1198
2.38626 39.2576
2.39199 35.6111
2.39773 32.8599
2.40346 28.7626
2.4092 27.0807
2.41494 24.8054
2.42067 22.4009
2.42641 23.7327
2.43214 22.1818
2.43788 21.1159
2.44362 22.022
2.44935 22.133
2.45509 23.0329
2.46083 17.8249
2.46656 19.5764
2.4723 19.9202
2.47803 21.5814
2.48377 19.5531
2.48951 21.3205
2.49524 19.7285
2.50098 18.3884
2.50672 19.1637
2.51245 19.6867
2.51819 22.625
2.52392 17.8529
2.52966 20.8828
2.5354 18.8843
2.54113 18.45
2.54687 20.1991
2.5526 20.9788
2.55834 20.9685
2.56408 22.1064
2.56981 21.1446
2.57555 19.8145
2.58129 19.619
2.58702 18.9707
2.59276 19.8148
2.59849 19.4576
2.60423 20.3644
2.60997 20.3568
2.6157 18.9771
2.62144 19.8242
2.62718 19.6298
2.63291 19.7908
2.63865 19.4034
2.64438 19.3827
2.65012 18.696
2.65586 18.1205
2.66159 21.0751
2.66733 19.2172
2.67306 19.6638
2.6788 20.1406
2.68454 19.8697
2.69027 19.8956
2.69601 20.0522
2.70175 21.0352
2.70748 20.251
2.71322 19.2025
2.71895 19.5019
2.72469 21.7037
2.73043 22.4724
2.73616 23.4667
2.7419 19.5953
2.74764 19.4664
2.75337 19.0346
2.75911 17.9011
2.76484 19.2897
2.77058 20.0576
2.77632 17.3784
2.78205 18.3413
2.78779 19.5637
2.79352 20.3893
2.79926 19.5752
2.805 18.5863
2.81073 17.9876
2.81647 18.9296
2.82221 19.8669
2.82794 17.7619
2.83368 17.8417
2.83941 20.7834
2.84515 17.992
2.85089 18.7093
2.85662 18.7154
2.86236 20.3817
2.8681 18.3049
2.87383 18.5585
2.87957 18.7014
2.8853 19.3775
2.89104 18.6844
2.89678 21.3019
2.90251 19.9004
2.90825 17.5433
2.91398 18.8577
2.91972 18.5704
2.92546 18.332
2.93119 18.3057
2.93693 19.3213
2.94267 19.5229
2.9484 19.0642
2.95414 19.9455
2.95987 18.0432
2.96561 18.6077
2.97135 18.6797
2.97708 20.0993
2.98282 22.6653
2.98856 21.7036
2.99429 20.6821
3.00003 18.5985
3.00576 18.038
3.0115 18.7904
3.01724 19.2595
3.02297 18.8092
3.02871 19.2014
3.03444 19.5591
3.04018 17.9029
3.04592 20.9559
3.05165 18.147
3.05739 21.8198
3.06313 19.0739
3.06886 19.5405
3.0746 20.8316
3.08033 20.5326
3.08607 20.6312
3.09181 23.8551
3.09754 23.218
3.10328 26.9211
3.10902 32.7123
3.11475 40.7729
3.12049 42.1941
3.12622 38.0071
3.13196 32.2633
3.1377 25.6933
3.14343 25.5786
3.14917 23.3529
3.1549 27.0922
3.16064 32.4191
3.16638 54.1518
3.17211 47.2674
3.17785 39.5461
3.18359 29.8136
3.18932 27.84
3.19506 25.7003
3.20079 26.0297
3.20653 25.0163
3.21227 24.2662
3.218 21.9201
3.22374 23.0069
3.22948 21.3545
3.23521 22.7902
3.24095 24.1933
3.24668 27.2095
3.25242 28.89
3.25816 26.9613
3.26389 25.1677
3.26963 24.6575
3.27536 24.4851
3.2811 25.7794
3.28684 25.2875
3.29257 27.6852
3.29831 28.3
3.30405 30.0256
3.30978 33.4984
3.31552 34.9934
3.32125 38.7898
3.32699 44.5781
3.33273 46.6026
3.33846 52.531
3.3442 58.2163
3.34994 57.3819
3.35567 55.0532
3.36141 52.2839
3.36714 47.6571
3.37288 44.4625
3.37862 40.4983
3.38435 39.6585
3.39009 35.835
3.39582 32.9869
3.40156 30.7044
3.4073 31.5429
3.41303 28.8482
3.41877 28.6667
3.42451 31.0062
3.43024 34.4554
3.43598 35.9703
3.44171 35.4201
3.44745 32.0779
3.45319 29.9592
3.45892 30.271
3.46466 27.8952
3.4704 28.9601
3.47613 28.596
3.48187 28.6837
3.4876 28.8794
3.49334 29.2508
3.49908 30
3.50481 30.8896
3.51055 31.6031
3.51628 30.9839
3.52202 33.7754
3.52776 36.8385
3.53349 40.2107
3.53923 47.1019
3.54497 59.8777
3.5507 84.2455
3.55644 117.495
3.56217 148.985
3.56791 137.987
3.57365 99.6925
3.57938 69.1228
3.58512 54.5354
3.59086 46.1115
3.59659 42.716
3.60233 42.586
3.60806 40.6
3.6138 41.0444
3.61954 41.9582
3.62527 41.4157
3.63101 42.7259
3.63674 45.145
3.64248 49.1734
3.64822 57.3839
3.65395 71.4222
3.65969 90.1559
3.66543 101.246
3.67116 105.68
3.6769 101.375
3.68263 93.7179
3.68837 87.0762
3.69411 85.3167
3.69984 85.4646
3.70558 82.4667
3.71132 85.012
3.71705 96.6
3.72279 92.2682
3.72852 91.5731
3.73426 86.6418
3.74 90.0225
3.74573 89.8449
3.75147 92.6272
3.7572 94.2119
3.76294 95.4638
3.76868 98.1564
3.77441 100.807
3.78015 105.357
3.78589 109.561
3.79162 114.641
3.79736 122.411
3.80309 131.426
3.80883 138.552
3.81457 149.848
3.8203 164.174
3.82604 176.131
3.83178 196.637
3.83751 220.045
3.84325 245.676
3.84898 276.629
3.85472 330.203
3.86046 391.921
3.86619 472.133
3.87193 610.45
3.87766 788.599
3.8834 1247.95
3.88914 1347.39
3.89487 1827.11
3.90061 2592.56
3.90635 3511.55
3.91208 4826.21
3.91782 5263.58
3.92355 4515.39
3.92929 3312.49
3.93503 2147.28
3.94076 1431.68
3.9465 1021.3
3.95224 780.025
3.95797 610.073
3.96371 492.425
3.96944 424.164
3.97518 360.297
3.98092 316.231
3.98665 282.588
3.99239 255.141
3.99812 229.952
4.00386 209.546
4.0096 196.346
4.01533 181.647
4.02107 167.724
4.02681 158.036
4.03254 149.572
4.03828 142.063
4.04401 137.937
4.04975 138.922
4.05549 136
4.06122 131.408
4.06696 124.773
4.0727 117.273
4.07843 111.786
4.08417 106.206
4.0899 102.415
4.09564 99.0984
4.10138 95.3698
4.10711 94.4104
4.11285 91.9158
4.11858 88.4333
4.12432 87.3895
4.13006 88.163
4.13579 85.6182
4.14153 85.2681
4.14727 81.5928
4.153 82.6142
4.15874 81.6969
4.16447 79.7628
4.17021 77.813
4.17595 77.9289
4.18168 77.6773
4.18742 79.8605
4.19316 77.8258
4.19889 75.477
4.20463 74.9163
4.21036 74.9359
4.2161 79.7533
4.22184 84.5426
4.22757 87.248
4.23331 82.6089
4.23904 75.7186
4.24478 74.709
4.25052 74.4071
4.25625 71.6179
4.26199 73.4612
4.26773 70.3964
4.27346 71.2385
4.2792 70.5762
4.28493 71.6709
4.29067 75.0631
4.29641 72.9425
4.30214 73.1778
4.30788 73.5297
4.31362 75.4194
4.31935 75.7128
4.32509 78.515
4.33082 79.5931
4.33656 79.8667
4.3423 83.7633
4.34803 85.1429
4.35377 84.9596
4.3595 86.3548
4.36524 88.828
4.37098 93.8408
4.37671 96.1211
4.38245 99.8333
4.38819 103.067
4.39392 108.759
4.39966 113.285
4.40539 119.407
4.41113 124.968
4.41687 131.028
4.4226 139.738
4.42834 148.681
4.43408 158.024
4.43981 169.858
4.44555 185.155
4.45128 202.137
4.45702 223.944
4.46276 251.993
4.46849 292.944
4.47423 370.835
4.47996 511.33
4.4857 1140.29
4.49144 2349.98
4.49717 1969.8
4.50291 1558.99
4.50865 1272.07
4.51438 1209.88
4.52012 1196.3
4.52585 1164.92
4.53159 1078.54
4.53733 923.645
4.54306 740.036
4.5488 577.577
4.55454 456.793
4.56027 361.962
4.56601 297.859
4.57174 253.728
4.57748 218.558
4.58322 188.346
4.58895 170.381
4.59469 151.821
4.60042 133.875
4.60616 122.822
4.6119 112.969
4.61763 103.602
4.62337 97.7552
4.62911 92.7475
4.63484 91.3153
4.64058 91.0186
4.64631 90.4381
4.65205 85.6799
4.65779 78.3613
4.66352 72.2123
4.66926 65.0966
4.675 63.1995
4.68073 60.9429
4.68647 59.7904
4.6922 58.3075
4.69794 58.6968
4.70368 60.6224
4.70941 60.3627
4.71515 64.4671
4.72088 64.7981
4.72662 67.6349
4.73236 70.1667
4.73809 70.7048
4.74383 71.1317
4.74957 71.2081
4.7553 73.3723
4.76104 71.4266
4.76677 69.0771
4.77251 64.8211
4.77825 59.8674
4.78398 58.3711
4.78972 53.3565
4.79546 49.3756
4.80119 46.4539
4.80693 41.9493
4.81266 43.1149
4.8184 37.4023
4.82414 37.0938
4.82987 36.254
4.83561 33.6355
4.84134 33.4935
4.84708 33.7167
4.85282 33.0128
4.85855 31.8678
4.86429 32.549
4.87003 31.6143
4.87576 31.5133
4.8815 31.9676
4.88723 35.2062
4.89297 35.3282
4.89871 34.9222
4.90444 33.1121
4.91018 30.4325
4.91592 30.8119
4.92165 29.8658
4.92739 30.4703
4.93312 29.4587
4.93886 30.7965
4.9446 30.2245
4.95033 30.484
4.95607 29.411
4.9618 30.3371
4.96754 29.9518
4.97328 27.7511
4.97901 27.6752
4.98475 27.715
4.99049 25.4161
4.99622 28.1975
5.00196 27.5867
5.00769 26.9623
5.01343 28.1832
5.01917 30.7759
5.0249 30.9954
5.03064 29.8143
5.03638 28.8831
5.04211 27.9717
5.04785 29.1361
5.05358 28.4338
5.05932 29.5853
5.06506 27.9209
5.07079 28.7275
5.07653 30.8259
5.08226 27.114
5.088 26.6084
5.09374 26.846
5.09947 25.2457
5.10521 26.5219
5.11095 26.9444
5.11668 27.5574
5.12242 28.9781
5.12815 27.7219
5.13389 27.183
5.13963 26.8815
5.14536 25.8047
5.1511 26.5342
5.15684 26.3238
5.16257 26.5348
5.16831 27.6327
5.17404 28.198
5.17978 28.8296
5.18552 28.1889
5.19125 28.6708
5.19699 30.8476
5.20272 31.1335
5.20846 30.3988
5.2142 29.0927
5.21993 28.4551
5.22567 28.4347
5.23141 26.486
5.23714 27.7919
5.24288 28.4371
5.24861 27.964
5.25435 27.7168
5.26009 28.5456
5.26582 29.5608
5.27156 31.6851
5.2773 31.6542
5.28303 31.2332
5.28877 31.8472
5.2945 31.1898
5.30024 31.2058
5.30598 33.7505
5.31171 33.0281
5.31745 32.6058
5.32318 33.557
5.32892 33.8591
5.33466 33.5256
5.34039 33.5261
5.34613 33.5597
5.35187 31.0643
5.3576 31.4383
5.36334 29.611
5.36907 28.9749
5.37481 27.6867
5.38055 27.9938
5.38628 30.7992
5.39202 31.1324
5.39776 36.2702
5.40349 42.1148
5.40923 53.7756
5.41496 60.9878
5.4207 57.3555
5.42644 46.8774
5.43217 37.9757
5.43791 32.0177
5.44364 30.158
5.44938 28.499
5.45512 28.1365
5.46085 26.7723
5.46659 29.1782
5.47233 29.7258
5.47806 30.6634
5.4838 29.1495
5.48953 29.7344
5.49527 29.6444
5.50101 30.2998
5.50674 28.945
5.51248 28.5109
5.51822 27.5511
5.52395 28.0439
5.52969 25.7307
5.53542 26.879
5.54116 27.28
5.5469 26.7794
5.55263 27.8471
5.55837 28.748
5.5641 28.1692
5.56984 26.4107
5.57558 25.4746
5.58131 25.4733
5.58705 27.4981
5.59279 25.5549
5.59852 27.4025
5.60426 26.2804
5.60999 25.7006
5.61573 24.2588
5.62147 27.332
5.6272 25.3846
5.63294 26.5404
5.63868 26.8316
5.64441 26.8202
5.65015 26.6396
5.65588 25.7398
5.66162 27.1918
5.66736 26.1583
5.67309 26.0532
5.67883 25.507
5.68456 25.7202
5.6903 27.7449
5.69604 27.7253
5.70177 26.9079
5.70751 26.7891
5.71325 26.6281
5.71898 26.8035
5.72472 28.0249
5.73045 28.4835
5.73619 31.0356
5.74193 33.7111
5.74766 33.2368
5.7534 32.3353
5.75914 32.7574
5.76487 30.4775
5.77061 31.4304
5.77634 32.55
5.78208 38.0076
5.78782 35.0645
5.79355 37.0057
5.79929 38.2448
5.80502 39.1163
5.81076 41.1137
5.8165 39.5154
5.82223 38.0857
5.82797 35.4246
5.83371 35.2357
5.83944 34.2741
5.84518 32.8663
5.85091 32.5028
5.85665 31.7834
5.86239 33.0383
5.86812 32.1434
5.87386 31.47
5.8796 32.15
5.88533 32.536
5.89107 32.5038
5.8968 31.4942
5.90254 32.4458
5.90828 31.3829
5.91401 31.2556
5.91975 30.8779
5.92548 29.7464
5.93122 30.8872
5.93696 30.1716
5.94269 30.54
5.94843 31.0417
5.95417 32.7357
5.9599 32.7702
5.96564 32.5101
5.97137 33.4018
5.97711 33.7581
5.98285 33.7513
5.98858 35.1113
5.99432 34.9022
6.00006 36.5905
6.00579 35.9097
6.01153 38.7329
6.01726 39.5825
6.023 41.8524
6.02874 45.7056
6.03447 49.5506
6.04021 52.5923
6.04594 50.6858
6.05168 48.2133
6.05742 43.3444
6.06315 40.7188
6.06889 39.0071
6.07463 38.193
6.08036 39.534
6.0861 40.3264
6.09183 39.8531
6.09757 39.6586
6.10331 40.2144
6.10904 42.1269
6.11478 44.9471
6.12052 44.9574
6.12625 45.6544
6.13199 46.6887
6.13772 45.7649
6.14346 44.8594
6.1492 44.8478
6.15493 44.3043
6.16067 45.6509
6.1664 45.5799
6.17214 46.4818
6.17788 46.7958
6.18361 47.5052
6.18935 49.0848
6.19509 50.0089
6.20082 49.0052
6.20656 52.2479
6.21229 55.2021
6.21803 55.5898
6.22377 57.9798
6.2295 61.6726
6.23524 67.2842
6.24098 70.9621
6.24671 78.0134
6.25245 83.3286
6.25818 85.9423
6.26392 83.9231
6.26966 82.4325
6.27539 82.0826
6.28113 82.3074
6.28686 83.8438
6.2926 91.4556
6.29834 95.0996
6.30407 99.2118
6.30981 110.29
6.31555 121.679
6.32128 123.777
6.32702 150.276
6.33275 225.858
6.33849 500.361
6.34423 332.634
6.34996 3060.55
6.3557 4414.56
6.36144 1178.48
6.36717 1376.78
6.37291 892.915
6.37864 676.055
6.38438 709.829
6.39012 751.173
6.39585 848.933
6.40159 961.748
6.40732 1094.78
6.41306 1127.13
6.4188 1016.34
6.42453 814.468
6.43027 623.59
6.43601 470.714
6.44174 357.701
6.44748 288.061
6.45321 236.012
6.45895 205.348
6.46469 179.386
6.47042 165.422
6.47616 157.071
6.4819 148.716
6.48763 144.238
6.49337 138.332
6.4991 123.328
6.50484 110.046
6.51058 99.9105
6.51631 92.78
6.52205 85.6102
6.52778 80.7067
6.53352 77.8612
6.53926 75.6953
6.54499 71.3392
6.55073 70.6566
6.55647 67.2677
6.5622 67.2661
6.56794 62.2706
6.57367 62.91
6.57941 62.5421
6.58515 63.2194
6.59088 63.8544
6.59662 65.8389
6.60236 68.316
6.60809 66.7058
6.61383 65.2609
6.61956 62.0512
6.6253 57.4839
6.63104 55.5945
6.63677 53.4023
6.64251 52.4854
6.64824 52.5288
6.65398 53.7097
6.65972 53.9729
6.66545 52.4736
6.67119 51.2638
6.67693 52.1963
6.68266 52.8463
6.6884 52.1305
6.69413 55.3238
6.69987 55.2096
6.70561 56.0032
6.71134 58.6258
6.71708 57.5894
6.72282 57.121
6.72855 55.5096
6.73429 54.7837
6.74002 54.9522
6.74576 52.8551
6.7515 52.8682
6.75723 51.937
6.76297 49.3436
6.7687 47.8433
6.77444 47.089
6.78018 45.8854
6.78591 47.1492
6.79165 45.5638
6.79739 45.8258
6.80312 45.3587
6.80886 45.8567
6.81459 44.4534
6.82033 45.1044
6.82607 42.4937
6.8318 43.882
6.83754 43.2313
6.84328 42.0369
6.84901 43.3903
6.85475 43.018
6.86048 43.3522
6.86622 44.621
6.87196 43.5646
6.87769 43.5304
6.88343 42.6568
6.88916 43.4675
6.8949 42.8046
6.90064 43.3088
6.90637 43.1944
6.91211 42.2104
6.91785 41.2938
6.92358 40.6646
6.92932 41.8364
6.93505 42.842
6.94079 40.8543
6.94653 41.4832
6.95226 41.2229
6.958 41.0457
6.96374 40.2614
6.96947 41.7
6.97521 39.9765
6.98094 40.294
6.98668 41.9505
6.99242 41.2488
6.99815 40.3107
7.00389 40.8633
7.00962 41.4194
7.01536 41.2003
7.0211 40.2613
7.02683 40.5037
7.03257 40.2236
7.03831 42.6397
7.04404 41.3912
7.04978 40.5275
7.05551 40.611
7.06125 41.821
7.06699 41.5215
7.07272 41.2418
7.07846 42.6555
7.0842 42.113
7.08993 42.0441
7.09567 42.1604
7.1014 43.6913
7.10714 42.4771
7.11288 44.7171
7.11861 45.3902
7.12435 45.7823
7.13008 46.4137
7.13582 49.6335
7.14156 53.2429
7.14729 52.2387
7.15303 51.7307
7.15877 50.3298
7.1645 47.7054
7.17024 47.3702
7.17597 45.4138
7.18171 46.0244
7.18745 45.9044
7.19318 45.2936
7.19892 45.9708
7.20466 46.647
7.21039 46.1052
7.21613 47.9516
7.22186 46.0821
7.2276 47.7069
7.23334 47.9835
7.23907 49.8003
7.24481 50.6306
7.25054 51.3947
7.25628 53.6647
7.26202 53.3433
7.26775 52.7243
7.27349 53.0861
7.27923 52.7581
7.28496 53.4041
7.2907 53.066
7.29643 52.4992
7.30217 53.9139
7.30791 56.6607
7.31364 56.8382
7.31938 56.8135
7.32512 59.2788
7.33085 60.0275
7.33659 62.9791
7.34232 63.7511
7.34806 65.1576
7.3538 67.4504
7.35953 70.3814
7.36527 74.1134
7.371 74.9841
7.37674 76.8006
7.38248 77.838
7.38821 81.9755
7.39395 85.125
7.39969 89.1719
7.40542 93.9871
7.41116 99.8246
7.41689 105.987
7.42263 112.812
7.42837 121
7.4341 134.549
7.43984 153.077
7.44558 195.793
7.45131 284.319
7.45705 492.927
7.46278 714.446
7.46852 825.757
7.47426 749.306
7.47999 723.309
7.48573 560.867
7.49146 602.239
7.4972 673.806
7.50294 791.006
7.50867 952.24
7.51441 1104.89
7.52015 1203.57
7.52588 1175.14
7.53162 1019.65
7.53735 815.321
7.54309 631.492
7.54883 478.514
7.55456 369.797
7.5603 297.269
7.56604 243.968
7.57177 207.514
7.57751 178.839
7.58324 156.057
7.58898 140.088
7.59472 127.344
7.60045 116.577
7.60619 109.415
7.61192 102.517
7.61766 95.7372
7.6234 91.9387
7.62913 88.6761
7.63487 85.3803
7.64061 82.0158
7.64634 80.0292
7.65208 76.031
7.65781 73.1611
7.66355 72.7147
7.66929 70.5128
7.67502 68.865
7.68076 67.4386
7.6865 65.3904
7.69223 65.9725
7.69797 65.3438
7.7037 64.1189
7.70944 63.6058
7.71518 63.414
7.72091 63.7122
7.72665 64.6006
7.73238 65.9811
7.73812 68.0507
7.74386 67.5918
7.74959 69.0173
7.75533 69.6901
7.76107 70.5676
7.7668 71.3777
7.77254 75.6926
7.77827 79.8331
7.78401 87.0074
7.78975 98.1066
7.79548 117.479
7.80122 145.401
7.80696 143.085
7.81269 153.919
7.81843 166.942
7.82416 193.372
7.8299 233.895
7.83564 284.183
7.84137 349.98
7.84711 411.425
7.85284 467.442
7.85858 485.286
7.86432 432.44
7.87005 364.622
7.87579 276.742
7.88153 207.861
7.88726 162.235
7.893 128.532
7.89873 106.863
7.90447 92.9986
7.91021 82.6996
7.91594 74.7168
7.92168 67.279
7.92742 63.6745
7.93315 59.8689
7.93889 57.9424
7.94462 53.9324
7.95036 53.1326
7.9561 51.1292
7.96183 48.6783
7.96757 48.2201
7.9733 46.4462
7.97904 44.2461
7.98478 44.1205
7.99051 43.3663
7.99625 42.8058
8.00199 41.0441
8.00772 39.7654
8.01346 40.9842
8.01919 40.7101
8.02493 39.196
8.03067 38.7685
8.0364 38.9462
8.04214 38.5411
8.04788 38.0082
8.05361 37.4455
8.05935 38.3228
8.06508 36.7051
8.07082 36.8432
8.07656 37.6182
8.08229 37.2891
8.08803 37.6373
8.09376 37.0197
8.0995 36.3209
8.10524 37.7123
8.11097 39.4373
8.11671 39.9176
8.12245 41.1398
8.12818 40.7378
8.13392 38.4822
8.13965 35.2415
8.14539 32.7795
8.15113 32.6127
8.15686 29.2028
8.1626 30.7718
8.16834 32.0578
8.17407 31.5671
8.17981 30.4393
8.18554 30.4391
8.19128 31.0389
8.19702 32.3676
8.20275 30.3822
8.20849 30.8739
8.21422 30.1527
8.21996 31.1096
8.2257 30.7583
8.23143 31.9319
8.23717 32.1634
8.24291 31.8345
8.24864 31.3985
8.25438 31.6391
8.26011 30.5424
8.26585 31.1451
8.27159 30.6328
8.27732 32.2073
8.28306 32.4759
8.2888 32.6267
8.29453 32.047
8.30027 31.052
8.306 31.3299
8.31174 31.2526
8.31748 31.0724
8.32321 30.5527
8.32895 30.3672
8.33468 30.8073
8.34042 31.1066
8.34616 31.5683
8.35189 29.4321
8.35763 29.8575
8.36337 29.5952
8.3691 30.3434
8.37484 31.3094
8.38057 29.6405
8.38631 27.8717
8.39205 29.9167
8.39778 28.5515
8.40352 29.3326
8.40926 31.3505
8.41499 30.2195
8.42073 30.7786
8.42646 31.4184
8.4322 31.665
8.43794 33.0234
8.44367 33.2993
8.44941 37.0104
8.45514 41.4135
8.46088 43.4399
8.46662 48.0982
8.47235 45.1126
8.47809 39.8245
8.48383 33.9324
8.48956 32.2773
8.4953 31.9861
8.50103 30.7299
8.50677 29.8507
8.51251 29.3599
8.51824 29.5014
8.52398 30.3718
8.52972 29.6979
8.53545 28.9536
8.54119 30.003
8.54692 30.2879
8.55266 29.4373
8.5584 29.1608
8.56413 31.3253
8.56987 30.3283
8.5756 29.1133
8.58134 31.0402
8.58708 29.4781
8.59281 31.4119
8.59855 31.246
8.60429 30.7235
8.61002 32.2677
8.61576 29.8339
8.62149 28.6174
8.62723 30.1122
8.63297 28.5201
8.6387 27.9699
8.64444 27.9299
8.65018 28.2371
8.65591 27.6573
8.66165 28.2038
8.66738 29.516
8.67312 30.1919
8.67886 30.1591
8.68459 30.2921
8.69033 29.3705
8.69606 28.4764
8.7018 30.6055
8.70754 28.968
8.71327 27.7241
8.71901 28.9485
8.72475 28.7519
8.73048 31.1895
8.73622 29.056
8.74195 29.1008
8.74769 29.1229
8.75343 28.141
8.75916 29.4153
8.7649 32.7018
8.77064 35.5254
8.77637 34.9821
8.78211 38.1147
8.78784 34.8996
8.79358 32.2414
8.79932 29.3728
8.80505 28.2629
8.81079 30.4483
8.81652 29
8.82226 28.9275
8.828 28.3843
8.83373 29.3805
8.83947 28.9037
8.84521 29.839
8.85094 31.8404
8.85668 32.6769
8.86241 31.5179
8.86815 32.0632
8.87389 32.8205
8.87962 32.9364
8.88536 33.1934
8.8911 32.7433
8.89683 35.4012
8.90257 37.3607
8.9083 38.5087
8.91404 36.7125
8.91978 33.4514
8.92551 36.1592
8.93125 34.3841
8.93698 34.2515
8.94272 36.7383
8.94846 39.0061
8.95419 37.2282
8.95993 36.6622
8.96567 40.205
8.9714 41.7402
8.97714 44.1772
8.98287 47.6014
8.98861 45.3926
8.99435 50.8
9.00008 51.5214
9.00582 71.3487
9.01156 102.756
9.01729 113.894
9.02303 84.2214
9.02876 69.8889
9.0345 70.8862
9.04024 65.6744
9.04597 68.1923
9.05171 69.7008
9.05744 73.3884
9.06318 82.3689
9.06892 85.3277
9.07465 99.9688
9.08039 96.8974
9.08613 89.7477
9.09186 94.4479
9.0976 81.7596
9.10333 80.125
9.10907 69.1429
9.11481 62.2083
9.12054 58.6364
9.12628 50.2755
9.13202 48.3049
9.13775 43.5
9.14349 35.3929
9.14922 43.7561
9.15496 39.3293
9.1607 39.1892
9.16643 33.3625
9.17217 38.0685
9.1779 38.3158
9.18364 36.3286
9.18938 36.6176
9.19511 32.3676
9.20085 33.8889
9.20659 30.9077
9.21232 35.1333
9.21806 29.7213
9.22379 32.3273
9.22953 35.2
9.23527 29.0189
9.241 28.375
9.24674 26.0408
9.25248 31.3617
9.25821 28
9.26395 26.8409
9.26968 25.2326
9.27542 32.5385
9.28116 24.025
9.28689 23.0286
9.29263 24.7879
9.29836 24.9697
9.3041 22.1212
9.30984 21.3929
9.31557 22.2222
9.32131 20.963
9.32705 13.8
9.33278 17.1304
9.33852 16.8421
9.34425 23.2778
9.34999 16.5882
9.35573 16.3571
9.36146 21.1818
9.3672 16.2727
9.37294 15.125
9.37867 8.11111
9.38441 3.66667
9.39014 0.25
9.39588 0
9.40162 0
9.40735 0
9.41309 0
9.41882 0
9.42456 0
9.4303 0
9.43603 0
9.44177 0
9.44751 0
9.45324 0
9.45898 0
9.46471 0
9.47045 0
9.47619 0
9.48192 0
9.48766 0
9.4934 0
9.49913 0
9.50487 0
9.5106 0
9.51634 0
9.52208 0
9.52781 0
9.53355 0
9.53928 0
9.54502 0
9.55076 0
9.55649 0
9.56223 0
9.56797 0
9.5737 0
9.57944 0
9.58517 0
9.59091 0
9.59665 0
9.60238 0
9.60812 0
9.61386 0
9.61959 0
9.62533 0
9.63106 0
9.6368 0
9.64254 0
9.64827 0
9.65401 0
9.65974 0
9.66548 0
9.67122 0
9.67695 0
9.68269 0
9.68843 0
9.69416 0
9.6999 0
9.70563 0
9.71137 0
9.71711 0
9.72284 0
9.72858 0
9.73432 0
9.74005 0
9.74579 0
9.75152 0
9.75726 0
9.763 0
9.76873 0
9.77447 0
9.7802 0
9.78594 0
9.79168 0
9.79741 0
9.80315 0
9.80889 0
9.81462 0
9.82036 0
9.82609 0
9.83183 0
9.83757 0
9.8433 0
9.84904 0
9.85478 0
9.86051 0
9.86625 0
9.87198 0
9.87772 0
9.88346 0
9.88919 0
9.89493 0
9.90066 0
9.9064 0
9.91214 0
9.91787 0
9.92361 0
9.92935 0
9.93508 0
9.94082 0
9.94655 0
9.95229 0
9.95803 0
9.96376 0
9.9695 0
9.97524 0
9.98097 0
9.98671 0
9.99244 0
9.99818 0
10.0039 0
10.0097 0
10.0154 0
10.0211 0
10.0269 0
10.0326 0
10.0383 0
10.0441 0
10.0498 0
10.0555 0
10.0613 0
10.067 0
10.0728 0
10.0785 0
10.0842 0
10.09 0
10.0957 0
10.1014 0
10.1072 0
10.1129 0
10.1186 0
10.1244 0
10.1301 0
10.1358 0
10.1416 0
10.1473 0
10.1531 0
10.1588 0
10.1645 0
10.1703 0
10.176 0
10.1817 0
10.1875 0
10.1932 0
10.1989 0
10.2047 0
10.2104 0
10.2162 0
10.2219 0
10.2276 0
10.2334 0
10.2391 0
10.2448 0
10.2506 0
10.2563 0
10.262 0
10.2678 0
10.2735 0
10.2793 0
10.285 0
10.2907 0
10.2965 0
10.3022 0
10.3079 0
10.3137 0
10.3194 0
10.3251 0
10.3309 0
10.3366 0
10.3424 0
10.3481 0
10.3538 0
10.3596 0
10.3653 0
10.371 0
10.3768 0
10.3825 0
10.3882 0
10.394 0
10.3997 0
10.4054 0
10.4112 0
10.4169 0
10.4227 0
10.4284 0
10.4341 0
10.4399 0
10.4456 0
10.4513 0
10.4571 0
10.4628 0
10.4685 0
10.4743 0
10.48 0
10.4858 0
10.4915 0
10.4972 0
10.503 0
10.5087 0
10.5144 0
10.5202 0
10.5259 0
10.5316 0
10.5374 0
10.5431 0
10.5489 0
10.5546 0
10.5603 0
10.5661 0
10.5718 0
10.5775 0
10.5833 0
10.589 0
10.5947 0
10.6005 0
10.6062 0
10.612 0
10.6177 0
10.6234 0
10.6292 0
10.6349 0
10.6406 0
10.6464 0
10.6521 0
10.6578 0
10.6636 0
10.6693 0
10.6751 0
10.6808 0
10.6865 0
10.6923 0
10.698 0
10.7037 0
10.7095 0
10.7152 0
10.7209 0
10.7267 0
10.7324 0
10.7381 0
10.7439 0
10.7496 0
10.7554 0
10.7611 0
10.7668 0
10.7726 0
10.7783 0
10.784 0
10.7898 0
10.7955 0
10.8012 0
10.807 0
10.8127 0
10.8185 0
10.8242 0
10.8299 0
10.8357 0
10.8414 0
10.8471 0
10.8529 0
10.8586 0
10.8643 0
10.8701 0
10.8758 0
10.8816 0
10.8873 0
10.893 0
10.8988 0
10.9045 0
10.9102 0
10.916 0
10.9217 0
10.9274 0
10.9332 0
10.9389 0
10.9447 0
10.9504 0
10.9561 0
10.9619 0
10.9676 0
10.9733 0
10.9791 0
10.9848 0
10.9905 0
10.9963 0
11.002 0
11.0077 0
11.0135 0
11.0192 0
11.025 0
11.0307 0
11.0364 0
11.0422 0
11.0479 0
11.0536 0
11.0594 0
11.0651 0
11.0708 0
11.0766 0
11.0823 0
11.0881 0
11.0938 0
11.0995 0
11.1053 0
11.111 0
11.1167 0
11.1225 0
11.1282 0
11.1339 0
11.1397 0
11.1454 0
11.1512 0
11.1569 0
11.1626 0
11.1684 0
11.1741 0
11.1798 0
11.1856 0
11.1913 0
11.197 0
11.2028 0
11.2085 0
11.2143 0
11.22 0
11.2257 0
11.2315 0
11.2372 0
11.2429 0
11.2487 0
11.2544 0
11.2601 0
11.2659 0
11.2716 0
11.2774 0
11.2831 0
11.2888 0
11.2946 0
11.3003 0
11.306 0
11.3118 0
11.3175 0
11.3232 0
11.329 0
11.3347 0
11.3404 0
11.3462 0
11.3519 0
11.3577 0
11.3634 0
11.3691 0
11.3749 0
11.3806 0
11.3863 0
11.3921 0
11.3978 0
11.4035 0
11.4093 0
11.415 0
11.4208 0
11.4265 0
11.4322 0
11.438 0
11.4437 0
11.4494 0
11.4552 0
11.4609 0
11.4666 0
11.4724 0
11.4781 0
11.4839 0
11.4896 0
11.4953 0
11.5011 0
11.5068 0
11.5125 0
11.5183 0
11.524 0
11.5297 0
11.5355 0
11.5412 0
11.547 0
11.5527 0
11.5584 0
11.5642 0
11.5699 0
11.5756 0
11.5814 0
11.5871 0
11.5928 0
11.5986 0
11.6043 0
11.61 0
11.6158 0
11.6215 0
11.6273 0
11.633 0
11.6387 0
11.6445 0
11.6502 0
11.6559 0
11.6617 0
11.6674 0
11.6731 0
11.6789 0
11.6846 0
11.6904 0
11.6961 0
11.7018 0
11.7076 0
11.7133 0
11.719 0
11.7248 0
11.7305 0
11.7362 0
11.742 0
