0 0
0.00573619 -9
0.0114724 -17
0.0172086 2.5
0.0229448 1.33333
0.028681 8
0.0344171 -11.5
0.0401533 -6
0.0458895 3.2
0.0516257 -16
0.0573619 9.83333
0.0630981 0
0.0688343 7.14286
0.0745705 -3.66667
0.0803067 -1.66667
0.0860429 -4.22222
0.091779 -1.25
0.0975152 -2.84615
0.103251 -10.1111
0.108988 6.55556
0.114724 -3.6
0.12046 -2.36364
0.126196 11.9333
0.131932 4.5
0.137669 0.333333
0.143405 -1.30769
0.149141 -2.38462
0.154877 -2.375
0.160613 0.266667
0.16635 2.73333
0.172086 -0.25
0.177822 -1.31579
0.183558 -2.11765
0.189294 -1.28571
0.19503 1.95238
0.200767 -3.38095
0.206503 3
0.212239 -5.16667
0.217975 1.71429
0.223711 3.05882
0.229448 -0.125
0.235184 2.56522
0.24092 -3.09091
0.246656 1.05556
0.252392 1.12
0.258129 4.66667
0.263865 -3.2381
0.269601 1.95833
0.275337 -2.2069
0.281073 0.28
0.28681 -4.08333
0.292546 2.36
0.298282 3.51724
0.304018 3.14815
0.309754 -1.4
0.31549 -4.54839
0.321227 4.11111
0.326963 -1.26667
0.332699 2.35484
0.338435 -7.51515
0.344171 2.41667
0.349908 -7.11429
0.355644 2.68571
0.36138 -5.16129
0.367116 -3.38235
0.372852 2.36364
0.378589 2.13514
0.384325 2.84375
0.390061 1.10256
0.395797 3.64103
0.401533 -2.23077
0.40727 2.46512
0.413006 1.91892
0.418742 4.85
0.424478 2.67647
0.430214 0.977778
0.43595 2.78049
0.441687 10.8438
0.447423 2.89362
0.453159 4.5641
0.458895 7.4186
0.464631 8.40909
0.470368 7.17073
0.476104 9.68085
0.48184 7.58333
0.487576 8.09615
0.493312 9.73171
0.499049 8.725
0.504785 6.33333
0.510521 3.88889
0.516257 6.06977
0.521993 16.4773
0.52773 11.9623
0.533466 12.6667
0.539202 7.125
0.544938 13.5098
0.550674 11.3269
0.55641 9.6875
0.562147 12.1765
0.567883 11.4737
0.573619 11.3556
0.579355 11.1111
0.585091 5.31579
0.590828 6.5283
0.596564 8.375
0.6023 6.78571
0.608036 10.2462
0.613772 9.67347
0.619509 9.32759
0.625245 9.0678
0.630981 4.09091
0.636717 7.72414
0.642453 6.29825
0.64819 7.15873
0.653926 12.8846
0.659662 12.3692
0.665398 11.4219
0.671134 17.8421
0.67687 10.9839
0.682607 15.873
0.688343 11.7463
0.694079 11.7778
0.699815 19.3478
0.705551 12.6154
0.711288 12.7818
0.717024 8.77027
0.72276 11.0328
0.728496 17.4
0.734232 13.4375
0.739969 16.3333
0.745705 16.7465
0.751441 16.6724
0.757177 11.8442
0.762913 14.1791
0.76865 16.8116
0.774386 9.22059
0.780122 12.8082
0.785858 15.0519
0.791594 12.95
0.79733 12.561
0.803067 14.7971
0.808803 13.3571
0.814539 13.3704
0.820275 16.0563
0.826011 15.4156
0.831748 12.2361
0.837484 12.6
0.84322 11.3571
0.848956 17.5278
0.854692 13.3059
0.860429 14.963
0.866165 16.589
0.871901 12.9375
0.877637 12.8916
0.883373 14.8571
0.88911 11.8333
0.894846 13.6235
0.900582 12.5422
0.906318 12.2973
0.912054 12.7
0.91779 14.2989
0.923527 12.0779
0.929263 15.1628
0.934999 11.6374
0.940735 14.6173
0.946471 10.1786
0.952208 12.3059
0.957944 17.2903
0.96368 11.7692
0.969416 14.8947
0.975152 13.4556
0.980889 12.9059
0.986625 16.407
0.992361 11.9263
0.998097 11.9684
1.00383 11.5125
1.00957 10.6364
1.01531 10.1753
1.02104 13.7738
1.02678 14.1146
1.03251 14.011
1.03825 15.14
1.04399 16.4651
1.04972 14.4653
1.05546 14.3861
1.0612 17.2439
1.06693 14.3271
1.07267 13.4835
1.0784 13.3981
1.08414 16.0306
1.08988 13.21
1.09561 11.8952
1.10135 12.5581
1.10708 13.5273
1.11282 13.3053
1.11856 12.6633
1.12429 12.7238
1.13003 14.3048
1.13577 10.8762
1.1415 13.2647
1.14724 13.6881
1.15297 13.45
1.15871 11.93
1.16445 13.3304
1.17018 8.26667
1.17592 12.0654
1.18166 12.1458
1.18739 10.7815
1.19313 13.4495
1.19886 11.5534
1.2046 11.3565
1.21034 11.0561
1.21607 12.7818
1.22181 10.2909
1.22754 11.2222
1.23328 11.8411
1.23902 12.7768
1.24475 12.479
1.25049 11.2844
1.25623 10.3241
1.26196 10.3846
1.2677 13.6935
1.27343 12.8559
1.27917 11.5847
1.28491 10.9322
1.29064 10.9381
1.29638 12.7931
1.30212 13.8718
1.30785 13.4454
1.31359 13.1552
1.31932 11.5354
1.32506 12.4034
1.3308 14.5603
1.33653 11.6746
1.34227 12.0504
1.348 13.1575
1.35374 13.4071
1.35948 13.592
1.36521 13.0687
1.37095 12.6636
1.37669 11.9209
1.38242 13.459
1.38816 12.7634
1.39389 11.7458
1.39963 10.5985
1.40537 12.4264
1.4111 14.2232
1.41684 13.2168
1.42258 14.2889
1.42831 12.876
1.43405 14.2
1.43978 12.6148
1.44552 13.0072
1.45126 13.1441
1.45699 10.9645
1.46273 13.9924
1.46846 15.8016
1.4742 12.2657
1.47994 12.8915
1.48567 9.58647
1.49141 10.4923
1.49715 11.2416
1.50288 13.2409
1.50862 11.6129
1.51435 11.5959
1.52009 15.6454
1.52583 12.2443
1.53156 11.2444
1.5373 11.9456
1.54304 11.7801
1.54877 12.0809
1.55451 12.5034
1.56024 10.3212
1.56598 13.2929
1.57172 14.844
1.57745 10.0743
1.58319 12.078
1.58892 11.4718
1.59466 10.7867
1.6004 13.1958
1.60613 9.62319
1.61187 11.5772
1.61761 10.9618
1.62334 11.188
1.62908 14.2581
1.63481 12.755
1.64055 13.9667
1.64629 11.4863
1.65202 13.6954
1.65776 13.2053
1.6635 13.2847
1.66923 10.7484
1.67497 9.57669
1.6807 12.2555
1.68644 13.8291
1.69218 12.1728
1.69791 11.8954
1.70365 14.4257
1.70938 11.7692
1.71512 11.1043
1.72086 12.3015
1.72659 12.6647
1.73233 11.5742
1.73807 11.1373
1.7438 12.4337
1.74954 12.6478
1.75527 11.311
1.76101 10.8897
1.76675 12.232
1.77248 14.7195
1.77822 11.7415
1.78396 13.994
1.78969 10.4076
1.79543 9.7052
1.80116 10.1592
1.8069 13.3509
1.81264 12.5868
1.81837 11.28
1.82411 12.5111
1.82984 11.4907
1.83558 11.9212
1.84132 13.9818
1.84705 14.6982
1.85279 10.6023
1.85853 12.2688
1.86426 11.1864
1.87 13.9593
1.87573 9.1
1.88147 11.8701
1.88721 11.4535
1.89294 12.2717
1.89868 11.4765
1.90442 14.7126
1.91015 15.6923
1.91589 26.6726
1.92162 27.2781
1.92736 15.5537
1.9331 13.0833
1.93883 15.9012
1.94457 15.2593
1.9503 13.4353
1.95604 13.3779
1.96178 12.6851
1.96751 12.8757
1.97325 13.7117
1.97899 10.861
1.98472 13.6011
1.99046 13.3086
1.99619 12.5714
2.00193 13.0947
2.00767 14.6836
2.0134 14.0465
2.01914 12.4096
2.02488 13.8115
2.03061 12.2655
2.03635 10.3989
2.04208 12.0324
2.04782 13.5479
2.05356 11.957
2.05929 11.453
2.06503 13.22
2.07076 12.9375
2.0765 12.9741
2.08224 12.6939
2.08797 13.4162
2.09371 12.596
2.09945 11.973
2.10518 12.8442
2.11092 13.7968
2.11665 13.2718
2.12239 15.401
2.12813 14.503
2.13386 13.9751
2.1396 13.7337
2.14534 15.2513
2.15107 11.9358
2.15681 11.9497
2.16254 13.3465
2.16828 12.9022
2.17402 13.3223
2.17975 12.17
2.18549 13.6455
2.19122 13.3911
2.19696 13.7871
2.2027 15.4049
2.20843 21.0899
2.21417 25.3679
2.21991 34.4272
2.22564 23.9563
2.23138 15.9194
2.23711 15.9903
2.24285 16.0048
2.24859 16.0938
2.25432 14.3425
2.26006 12.3738
2.2658 13.2634
2.27153 12.6698
2.27727 14.2986
2.283 13.1692
2.28874 14.1667
2.29448 11.8378
2.30021 15.1659
2.30595 14.3232
2.31168 15.2315
2.31742 14.7198
2.32316 14.0625
2.32889 14.3458
2.33463 14.9108
2.34037 15.2864
2.3461 16.4623
2.35184 18.3258
2.35757 19.2402
2.36331 17.3505
2.36905 19.0829
2.37478 20.3063
2.38052 17.2442
2.38626 17.2424
2.39199 17.9744
2.39773 19.8841
2.40346 18.6621
2.4092 21.9686
2.41494 19.1222
2.42067 15.2719
2.42641 14.5945
2.43214 13.6147
2.43788 14.285
2.44362 15.1233
2.44935 15.1288
2.45509 14.8357
2.46083 14.9585
2.46656 14.9869
2.4723 13.1765
2.47803 16.0698
2.48377 15.8363
2.48951 15.6624
2.49524 15.276
2.50098 15.9688
2.50672 14.8186
2.51245 14.4592
2.51819 16.5972
2.52392 14.0714
2.52966 14.0335
2.5354 15.4444
2.54113 12.9292
2.54687 15.2727
2.5526 14.5339
2.55834 15.2477
2.56408 15.434
2.56981 14.7231
2.57555 16.3303
2.58129 14.9437
2.58702 14.8536
2.59276 13.9547
2.59849 13.1992
2.60423 16.3051
2.60997 14.6805
2.6157 13.7661
2.62144 15.4414
2.62718 18.4553
2.63291 14.8787
2.63865 16.6481
2.64438 16.2016
2.65012 15
2.65586 16.25
2.66159 16.3043
2.66733 15.5861
2.67306 16.4894
2.6788 16.5
2.68454 15.3025
2.69027 15.2008
2.69601 14.1043
2.70175 16.0117
2.70748 15.321
2.71322 16.1561
2.71895 16.7241
2.72469 13.7737
2.73043 14.4094
2.73616 15.5417
2.7419 17.1518
2.74764 14.8972
2.75337 15.4242
2.75911 16.8213
2.76484 16.6587
2.77058 16.1399
2.77632 16.278
2.78205 17.3968
2.78779 15.5251
2.79352 16.2254
2.79926 16.3835
2.805 19.1165
2.81073 16.4669
2.81647 16.7593
2.82221 15.0494
2.82794 15.4405
2.83368 15.3167
2.83941 16.0866
2.84515 16.1
2.85089 15.2597
2.85662 17.794
2.86236 16.7481
2.8681 17.7317
2.87383 17.9434
2.87957 16.2266
2.8853 17.7631
2.89104 17.8859
2.89678 16.8491
2.90251 19.2835
2.90825 19.2756
2.91398 16.7956
2.91972 18.0578
2.92546 18.0347
2.93119 16.6604
2.93693 19.0289
2.94267 17.2366
2.9484 17.6226
2.95414 18.3696
2.95987 18.464
2.96561 20.4154
2.97135 20.3096
2.97708 22.3582
2.98282 28.3825
2.98856 57.9893
2.99429 70.6036
3.00003 27.3532
3.00576 25.1103
3.0115 21.75
3.01724 20.6678
3.02297 20.7405
3.02871 19.9964
3.03444 20.3154
3.04018 21.1799
3.04592 22.2647
3.05165 19.4624
3.05739 20.7809
3.06313 20.3035
3.06886 22.5439
3.0746 20.0561
3.08033 21.1486
3.08607 21.0071
3.09181 21.1884
3.09754 21.2837
3.10328 24.5376
3.10902 23.1336
3.11475 23.7864
3.12049 22.3407
3.12622 22.032
3.13196 28.7189
3.1377 28.2833
3.14343 31.3536
3.14917 27.2595
3.1549 22.9681
3.16064 24.0699
3.16638 23.5281
3.17211 23.3958
3.17785 21.2218
3.18359 23.8961
3.18932 23.11
3.19506 24.064
3.20079 24.1115
3.20653 23.9902
3.21227 23.0717
3.218 22.9306
3.22374 25.0521
3.22948 27.6689
3.23521 26.4623
3.24095 25.7955
3.24668 26.9651
3.25242 26.2533
3.25816 26.3592
3.26389 24.0097
3.26963 26.2705
3.27536 25.3861
3.2811 28.886
3.28684 26.9813
3.29257 27.4361
3.29831 24.7429
3.30405 25.9712
3.30978 28.6852
3.31552 28.852
3.32125 30.7661
3.32699 31.196
3.33273 32.0641
3.33846 31.8759
3.3442 32.721
3.34994 31.3056
3.35567 33.0797
3.36141 33.612
3.36714 34.3878
3.37288 45.3876
3.37862 59.5529
3.38435 50.8092
3.39009 82.9899
3.39582 120.441
3.40156 38.0031
3.4073 42.1429
3.41303 34.7063
3.41877 33.2673
3.42451 34.161
3.43024 33.828
3.43598 33.2277
3.44171 32.3981
3.44745 32.5487
3.45319 31.8307
3.45892 31.1065
3.46466 32.515
3.4704 33.6279
3.47613 34.0662
3.48187 34.2259
3.4876 33.7429
3.49334 33.7905
3.49908 35.2229
3.50481 34.6567
3.51055 35.8812
3.51628 35.429
3.52202 36.5169
3.52776 38.2267
3.53349 40.5346
3.53923 43.7006
3.54497 48.2132
3.5507 52.3939
3.55644 49.8585
3.56217 45.9015
3.56791 42.8113
3.57365 40.6863
3.57938 41.1345
3.58512 38.8892
3.59086 39.5127
3.59659 38.6296
3.60233 39.4257
3.60806 38.4879
3.6138 42.0095
3.61954 42.5045
3.62527 42.1988
3.63101 43.4922
3.63674 48.7734
3.64248 51.5838
3.64822 53.7214
3.65395 54.8862
3.65969 54.0235
3.66543 53.8228
3.67116 52.7116
3.6769 54.8542
3.68263 58.3818
3.68837 52.2381
3.69411 54.9501
3.69984 52.1445
3.70558 52.5939
3.71132 51.1295
3.71705 51.8029
3.72279 53.4286
3.72852 53.009
3.73426 53.9582
3.74 56.0225
3.74573 55.0253
3.75147 57.2254
3.7572 57.791
3.76294 59.8435
3.76868 61.4356
3.77441 62.1619
3.78015 63.7967
3.78589 63.9939
3.79162 67.1283
3.79736 68.4033
3.80309 70.9762
3.80883 73.994
3.81457 77.9067
3.8203 83.3804
3.82604 89.2561
3.83178 96.9086
3.83751 113.073
3.84325 145.93
3.84898 215.501
3.85472 256.251
3.86046 274.324
3.86619 291.816
3.87193 338.193
3.87766 432.723
3.8834 567.358
3.88914 717.478
3.89487 835.564
3.90061 777.18
3.90635 636.126
3.91208 499.964
3.91782 367.193
3.92355 279.129
3.92929 219.738
3.93503 178.552
3.94076 150.869
3.9465 129.946
3.95224 115.486
3.95797 104.628
3.96371 94.3658
3.96944 90.2812
3.97518 87.1989
3.98092 80.8772
3.98665 78.1518
3.99239 75.5772
3.99812 73.0505
4.00386 73.6695
4.0096 70.4823
4.01533 70.7421
4.02107 67.1632
4.02681 67.2416
4.03254 69.4225
4.03828 68.0192
4.04401 67.1625
4.04975 67.3914
4.05549 65.9628
4.06122 65.7486
4.06696 64.1094
4.0727 62.9117
4.07843 62.2732
4.08417 59.9648
4.0899 62.3832
4.09564 61.8989
4.10138 61.3501
4.10711 60.9039
4.11285 61.9413
4.11858 60.6528
4.12432 60.15
4.13006 60.5571
4.13579 60.9247
4.14153 60.2332
4.14727 60.25
4.153 60.4882
4.15874 60.5071
4.16447 60.0077
4.17021 58.8519
4.17595 59.1816
4.18168 60.192
4.18742 60.3178
4.19316 62.0631
4.19889 64.1236
4.20463 64.7118
4.21036 66.0359
4.2161 65.4668
4.22184 62.5375
4.22757 63.3867
4.23331 62.4851
4.23904 62.7732
4.24478 63.6169
4.25052 63.201
4.25625 64.5827
4.26199 65.1303
4.26773 65.7801
4.27346 64.0051
4.2792 64.4987
4.28493 65.7823
4.29067 66.1439
4.29641 68.1041
4.30214 65.3383
4.30788 69.1411
4.31362 68.1228
4.31935 71.7389
4.32509 72.2575
4.33082 73.9926
4.33656 75.8267
4.3423 77.43
4.34803 80.0401
4.35377 81.303
4.3595 84.4859
4.36524 87.0958
4.37098 88.6692
4.37671 92.3947
4.38245 96.7633
4.38819 100.675
4.39392 108.373
4.39966 110.76
4.40539 119.458
4.41113 130.41
4.41687 146.297
4.4226 167.49
4.42834 209.758
4.43408 340.992
4.43981 764.424
4.44555 1702.51
4.45128 6986.39
4.45702 10432.1
4.46276 4105.72
4.46849 1350.55
4.47423 680.445
4.47996 382.906
4.4857 315.548
4.49144 300.005
4.49717 275.943
4.50291 276.191
4.50865 259.681
4.51438 242.563
4.52012 215.223
4.52585 192.064
4.53159 167.182
4.53733 146.816
4.54306 128.923
4.5488 114.19
4.55454 104.473
4.56027 96.1807
4.56601 88.5634
4.57174 83.3503
4.57748 77.0674
4.58322 73.4415
4.58895 72.0461
4.59469 68.6769
4.60042 64.8137
4.60616 64.4743
4.6119 63.7953
4.61763 62.5933
4.62337 61.6582
4.62911 60.7302
4.63484 59.7012
4.64058 57.042
4.64631 55.7156
4.65205 55.3127
4.65779 52.3753
4.66352 51.7534
4.66926 52.4372
4.675 52.6491
4.68073 50.019
4.68647 49.59
4.6922 50.9007
4.69794 49.7421
4.70368 50.2975
4.70941 50.8338
4.71515 49.9298
4.72088 50.8724
4.72662 50.3558
4.73236 49.0141
4.73809 48.5309
4.74383 48.9888
4.74957 48.0914
4.7553 47.5152
4.76104 45.5124
4.76677 47.1285
4.77251 45.1697
4.77825 45.6116
4.78398 43.5756
4.78972 43.9378
4.79546 43.4289
4.80119 45.0764
4.80693 42.4217
4.81266 43.5632
4.8184 42.0506
4.82414 42.317
4.82987 41.9705
4.83561 42.7358
4.84134 44.913
4.84708 47.6576
4.85282 47.1026
4.85855 45.2357
4.86429 42.0205
4.87003 41.3487
4.87576 40.7822
4.8815 40.5205
4.88723 40.3837
4.89297 41.1542
4.89871 40.0778
4.90444 39.5112
4.91018 37.8604
4.91592 38.7544
4.92165 37.9026
4.92739 37.3653
4.93312 38.6565
4.93886 39.3545
4.9446 38.1343
4.95033 38.9851
4.95607 37.8659
4.9618 39.3728
4.96754 39.0619
4.97328 40.0129
4.97901 46.8825
4.98475 42.4346
4.99049 38.4926
4.99622 37.586
5.00196 37.16
5.00769 38.7938
5.01343 37.3068
5.01917 37.7469
5.0249 37.3554
5.03064 37.3693
5.03638 37.9091
5.04211 37.9239
5.04785 37.1641
5.05358 37.6047
5.05932 37.9266
5.06506 37.2396
5.07079 37.2876
5.07653 34.9873
5.08226 35.7829
5.088 37.5853
5.09374 37.2553
5.09947 38.0109
5.10521 38.239
5.11095 37.1325
5.11668 38.1649
5.12242 36.7171
5.12815 36.3822
5.13389 36.7609
5.13963 36.0086
5.14536 37.3863
5.1511 37.297
5.15684 36.7828
5.16257 37.2348
5.16831 37.465
5.17404 36.0141
5.17978 36.5471
5.18552 36.6838
5.19125 36.6563
5.19699 37.2704
5.20272 35.9672
5.20846 35.9346
5.2142 36.379
5.21993 36.3355
5.22567 37
5.23141 37.114
5.23714 37.482
5.24288 38.322
5.24861 35.8242
5.25435 37.3941
5.26009 35.5975
5.26582 36.0618
5.27156 37.2699
5.2773 37.4146
5.28303 37.8004
5.28877 36.6578
5.2945 37.302
5.30024 38.7838
5.30598 38.3077
5.31171 37.6052
5.31745 38.0436
5.32318 37.403
5.32892 37.756
5.33466 39.2331
5.34039 38.6534
5.34613 37.2977
5.35187 40.0448
5.3576 38.0329
5.36334 36.8964
5.36907 37.6518
5.37481 37.3755
5.38055 37.6279
5.38628 38.6541
5.39202 40.7688
5.39776 40.9456
5.40349 39.6326
5.40923 38.9961
5.41496 37.6288
5.4207 36.8794
5.42644 37.0058
5.43217 37.0243
5.43791 37.5768
5.44364 37.6694
5.44938 38.9667
5.45512 40.8333
5.46085 38.5321
5.46659 38.8027
5.47233 37.5645
5.47806 37.6158
5.4838 38.396
5.48953 37.1738
5.49527 38.2829
5.50101 36.9371
5.50674 38.296
5.51248 37.8907
5.51822 37.501
5.52395 38.8124
5.52969 39.6733
5.53542 38.983
5.54116 39.0989
5.5469 38.8037
5.55263 39.4784
5.55837 38.9207
5.5641 38.7624
5.56984 38.7659
5.57558 37.7246
5.58131 38.2812
5.58705 39.5382
5.59279 38.6255
5.59852 39.5236
5.60426 39.0314
5.60999 39.8887
5.61573 38.8647
5.62147 40.9799
5.6272 38.1764
5.63294 40.175
5.63868 38.6899
5.64441 40.6498
5.65015 41.4755
5.65588 41.1165
5.66162 43.8845
5.66736 40.7954
5.67309 41.2404
5.67883 39.6507
5.68456 40.3953
5.6903 40.8281
5.69604 41.2451
5.70177 41.4774
5.70751 41.4105
5.71325 42.7881
5.71898 42.9557
5.72472 44.3365
5.73045 42.557
5.73619 42.6206
5.74193 43.8519
5.74766 44.3816
5.7534 43.9713
5.75914 43.5089
5.76487 44.1086
5.77061 46.9487
5.77634 45.0558
5.78208 44.9641
5.78782 45.6188
5.79355 46.2375
5.79929 44.7685
5.80502 45.03
5.81076 45.4892
5.8165 47.1019
5.82223 46.4339
5.82797 45.9688
5.83371 46.0323
5.83944 47.6692
5.84518 46.641
5.85091 47.0187
5.85665 46.5532
5.86239 47.2755
5.86812 47.4409
5.87386 48.3689
5.8796 47.8
5.88533 48.0738
5.89107 48.6792
5.8968 47.9112
5.90254 49.1616
5.90828 49.873
5.91401 51.2556
5.91975 49.6851
5.92548 51.675
5.93122 53.5139
5.93696 55.834
5.94269 78.5182
5.94843 72.9058
5.95417 123.329
5.9599 72.6177
5.96564 64.5506
5.97137 56.4596
5.97711 55.1733
5.98285 57.0317
5.98858 55.8339
5.99432 56.4112
6.00006 57.075
6.00579 57.7798
6.01153 59.9892
6.01726 61.9905
6.023 60.2118
6.02874 61.3106
6.03447 60.7697
6.04021 60.8858
6.04594 59.7397
6.05168 61.7455
6.05742 61.582
6.06315 62.7569
6.06889 64.7171
6.07463 64.1985
6.08036 65.6021
6.0861 66.3333
6.09183 68.4035
6.09757 69.7533
6.10331 67.3153
6.10904 70.0806
6.11478 70.8704
6.12052 70.9326
6.12625 71.5881
6.13199 73.7657
6.13772 77.2188
6.14346 77.347
6.1492 78.5865
6.15493 80.2046
6.16067 81.0807
6.1664 83.9028
6.17214 81.9891
6.17788 86.9826
6.18361 89.3
6.18935 93.9296
6.19509 97.542
6.20082 98.4514
6.20656 103.892
6.21229 108.294
6.21803 115.437
6.22377 115.731
6.2295 122.797
6.23524 130.545
6.24098 135.083
6.24671 137.347
6.25245 155.708
6.25818 162.225
6.26392 179.808
6.26966 209.207
6.27539 279.211
6.28113 375.373
6.28686 813.172
6.2926 2426.53
6.29834 5775.56
6.30407 6033.29
6.30981 10159.9
6.31555 2935.45
6.32128 1566.78
6.32702 583.662
6.33275 365.453
6.33849 313.458
6.34423 253.654
6.34996 248.21
6.3557 245.157
6.36144 241.913
6.36717 250.892
6.37291 261.655
6.37864 259.847
6.38438 244.103
6.39012 227.248
6.39585 209.871
6.40159 186.048
6.40732 169.257
6.41306 152.837
6.4188 141.292
6.42453 131.165
6.43027 125.053
6.43601 118.462
6.44174 112.66
6.44748 110.682
6.45321 105.863
6.45895 103.182
6.46469 100.566
6.47042 97.285
6.47616 97.0185
6.4819 93.1342
6.48763 91.5149
6.49337 90.9452
6.4991 87.801
6.50484 87.6824
6.51058 83.8778
6.51631 85.1018
6.52205 80.6974
6.52778 81.2817
6.53352 82.1722
6.53926 79.8232
6.54499 79.7712
6.55073 79.3635
6.55647 79.6943
6.5622 79.389
6.56794 77.8807
6.57367 79.2117
6.57941 77.8771
6.58515 76.9645
6.59088 78.0906
6.59662 77.4221
6.60236 77.0016
6.60809 74.0386
6.61383 75.0488
6.61956 72.481
6.6253 72.0932
6.63104 73.0668
6.63677 72.2604
6.64251 71.4562
6.64824 71.3211
6.65398 72.1443
6.65972 71.2967
6.66545 72.4703
6.67119 72.0469
6.67693 72.3777
6.68266 71.1699
6.6884 71.7138
6.69413 71.7852
6.69987 71.1632
6.70561 70.8875
6.71134 71.4036
6.71708 71.1401
6.72282 70.4268
6.72855 69.7955
6.73429 69.8319
6.74002 70.3519
6.74576 69.5997
6.7515 69.3245
6.75723 68.5655
6.76297 70.6179
6.7687 69.4798
6.77444 69.9385
6.78018 68.5698
6.78591 68.9254
6.79165 68.4803
6.79739 68.067
6.80312 72.2003
6.80886 69.1608
6.81459 69.4469
6.82033 70.1503
6.82607 67.1761
6.8318 67.8245
6.83754 68.7255
6.84328 67.6585
6.84901 67.0219
6.85475 69.3774
6.86048 69.6585
6.86622 68.1839
6.87196 68.6877
6.87769 67.0312
6.88343 69.2283
6.88916 68.9071
6.8949 67.43
6.90064 67.5945
6.90637 68.6698
6.91211 68.1044
6.91785 67.3381
6.92358 67.5752
6.92932 69.2469
6.93505 68.2638
6.94079 69.4128
6.94653 68.9771
6.95226 68.6752
6.958 68.3937
6.96374 69.5
6.96947 67.4969
6.97521 67.5808
6.98094 68.6682
6.98668 67.967
6.99242 69.3701
6.99815 68.589
7.00389 67.4636
7.00962 68.7035
7.01536 69.4241
7.0211 68.856
7.02683 69.3115
7.03257 69.0123
7.03831 68.3425
7.04404 68.9804
7.04978 69.3777
7.05551 70.3078
7.06125 69.5432
7.06699 69.6948
7.07272 69.8383
7.07846 70.7065
7.0842 70.1175
7.08993 69.9833
7.09567 70.6887
7.1014 70.1684
7.10714 70.263
7.11288 71.8043
7.11861 71.679
7.12435 71.2267
7.13008 71.3318
7.13582 72.2531
7.14156 73.2144
7.14729 73.0946
7.15303 71.8514
7.15877 72.2519
7.1645 72.5268
7.17024 73.2139
7.17597 74.6646
7.18171 74.0916
7.18745 73.6779
7.19318 73.9939
7.19892 73.7358
7.20466 74.2925
7.21039 73.8781
7.21613 75.4236
7.22186 75.6657
7.2276 75.5129
7.23334 74.6976
7.23907 75.0943
7.24481 76.6046
7.25054 77.134
7.25628 75.5695
7.26202 77.9612
7.26775 78.1282
7.27349 76.873
7.27923 78.7658
7.28496 77.859
7.2907 78.9501
7.29643 80.8051
7.30217 80.8665
7.30791 80.6949
7.31364 83.0991
7.31938 81.9549
7.32512 82.2006
7.33085 83.0072
7.33659 85.5433
7.34232 82.5484
7.34806 85.6318
7.3538 86.4324
7.35953 87.7349
7.36527 90.5945
7.371 95.7457
7.37674 118.32
7.38248 110.694
7.38821 240.258
7.39395 270.407
7.39969 329.141
7.40542 493.066
7.41116 320.387
7.41689 182.063
7.42263 136.487
7.42837 125.703
7.4341 122.923
7.43984 124.201
7.44558 130.225
7.45131 137.575
7.45705 149.31
7.46278 163.208
7.46852 179.875
7.47426 195.465
7.47999 199.744
7.48573 197.881
7.49146 185.076
7.4972 171.102
7.50294 155.931
7.50867 142.197
7.51441 130.215
7.52015 117.96
7.52588 110.072
7.53162 104.178
7.53735 98.1581
7.54309 92.9692
7.54883 90.1198
7.55456 86.4185
7.5603 84.4269
7.56604 82.7022
7.57177 79.9419
7.57751 78.7
7.58324 76.4619
7.58898 75.3132
7.59472 73.1236
7.60045 73.2145
7.60619 73.6343
7.61192 72.2887
7.61766 71.0199
7.6234 71.8017
7.62913 69.6324
7.63487 70.7577
7.64061 69.9871
7.64634 68.5257
7.65208 69.3371
7.65781 67.7347
7.66355 68.3281
7.66929 67.6709
7.67502 67.5165
7.68076 68.5171
7.6865 68.2801
7.69223 67.9121
7.69797 69.6046
7.7037 70.435
7.70944 73.5357
7.71518 82.7301
7.72091 92.9858
7.72665 179.789
7.73238 313.939
7.73812 110.78
7.74386 127.706
7.74959 98.245
7.75533 79.9183
7.76107 76.8675
7.7668 78.0412
7.77254 77.9583
7.77827 82.9398
7.78401 85.6786
7.78975 90.3875
7.79548 94.6735
7.80122 101.395
7.80696 105.211
7.81269 108.026
7.81843 103.853
7.82416 98.17
7.8299 91.7757
7.83564 85.6273
7.84137 82.3504
7.84711 76.7113
7.85284 73.4205
7.85858 70.1298
7.86432 67.3319
7.87005 66.0231
7.87579 64.1684
7.88153 63.8716
7.88726 61.8769
7.893 61.9935
7.89873 60.966
7.90447 59.5755
7.91021 61.5594
7.91594 62.3293
7.92168 69.9353
7.92742 65.5202
7.93315 59.4016
7.93889 57.7932
7.94462 57.1155
7.95036 57.3342
7.9561 55.8816
7.96183 57.0483
7.96757 57.2476
7.9733 57.2634
7.97904 56.805
7.98478 56.2849
7.99051 55.9729
7.99625 55.8937
8.00199 55.0621
8.00772 53.7394
8.01346 54.872
8.01919 54.3604
8.02493 53.9046
8.03067 54.0112
8.0364 53.7585
8.04214 54.5358
8.04788 54.1003
8.05361 54.0946
8.05935 51.7685
8.06508 52.4692
8.07082 53.2601
8.07656 52.4373
8.08229 52.4849
8.08803 53.909
8.09376 53.9842
8.0995 53.3081
8.10524 50.848
8.11097 52.7424
8.11671 49.1333
8.12245 48.7707
8.12818 47.6311
8.13392 48.0819
8.13965 45.8858
8.14539 45.7375
8.15113 47.5142
8.15686 42.7959
8.1626 44.9743
8.16834 45.1382
8.17407 46.4404
8.17981 45.4747
8.18554 46.1186
8.19128 46.1329
8.19702 46.3629
8.20275 46.8237
8.20849 48.1414
8.21422 47.3875
8.21996 47.6052
8.2257 46.5774
8.23143 45.5375
8.23717 45.6021
8.24291 46.4877
8.24864 46.2201
8.25438 45.9838
8.26011 46.7196
8.26585 46.3424
8.27159 46.7156
8.27732 47.4011
8.28306 46.183
8.2888 46.4381
8.29453 45.8384
8.30027 45.4933
8.306 45.8975
8.31174 47.7032
8.31748 46.7948
8.32321 46.0022
8.32895 45.7054
8.33468 46.6103
8.34042 45.3198
8.34616 47.1215
8.35189 45.8416
8.35763 46.6425
8.36337 45.9497
8.3691 45.8306
8.37484 44.7803
8.38057 45.6905
8.38631 45.0332
8.39205 45.2452
8.39778 45.9338
8.40352 45.386
8.40926 45.9681
8.41499 45.6366
8.42073 46.2024
8.42646 45.6224
8.4322 46.6189
8.43794 46.9766
8.44367 47.3566
8.44941 45.6684
8.45514 46.5216
8.46088 45.3043
8.46662 45.2274
8.47235 44.2654
8.47809 46.4814
8.48383 46.0225
8.48956 44.5867
8.4953 44.7175
8.50103 46.9253
8.50677 44.176
8.51251 45.1298
8.51824 45.8519
8.52398 45.0479
8.52972 45.3807
8.53545 44.4667
8.54119 44.0631
8.54692 45.0485
8.55266 44.519
8.5584 44.9035
8.56413 46.256
8.56987 43.2097
8.5756 45.0841
8.58134 43.8235
8.58708 43.0303
8.59281 45.6698
8.59855 47.5335
8.60429 43.8498
8.61002 44.629
8.61576 43.7421
8.62149 44.1704
8.62723 45.1224
8.63297 44.0549
8.6387 43.4348
8.64444 45.9077
8.65018 44.4811
8.65591 45.3462
8.66165 44.6453
8.66738 44.5303
8.67312 45.738
8.67886 44.2576
8.68459 43.6704
8.69033 43.6135
8.69606 43.68
8.7018 41.4648
8.70754 41.764
8.71327 44.6552
8.71901 43.2146
8.72475 41.9806
8.73048 42.871
8.73622 45.0819
8.74195 46.5605
8.74769 44.7542
8.75343 43.5385
8.75916 43.1398
8.7649 43.1835
8.77064 42.8602
8.77637 42.5134
8.78211 42.9771
8.78784 44.7773
8.79358 42.2808
8.79932 45.2061
8.80505 44.3052
8.81079 46.0443
8.81652 44.0047
8.82226 44.0311
8.828 47.0093
8.83373 43.0732
8.83947 44.6738
8.84521 42.8488
8.85094 45.2181
8.85668 45.5949
8.86241 44.1487
8.86815 44.1437
8.87389 43.1333
8.87962 44.7341
8.88536 44.3315
8.8911 44.8556
8.89683 44.7099
8.90257 45.4481
8.9083 43.1908
8.91404 46.3937
8.91978 49.2
8.92551 60.6943
8.93125 69.7988
8.93698 162.84
8.94272 123.523
8.94846 81.6121
8.95419 55.6711
8.95993 45.5068
8.96567 46.5093
8.9714 44.7087
8.97714 48.1519
8.98287 47.3287
8.98861 48.763
8.99435 49.2828
9.00008 44.0769
9.00582 47.9803
9.01156 50.6718
9.01729 46.4228
9.02303 46.2143
9.02876 52.5641
9.0345 47.6341
9.04024 51.4884
9.04597 54.0385
9.05171 50.7953
9.05744 47.7438
9.06318 52.1845
9.06892 46.2689
9.07465 48.2604
9.08039 45.1111
9.08613 45.5514
9.09186 47.1354
9.0976 55.3173
9.10333 51.5938
9.10907 55.1531
9.11481 45.9375
9.12054 43.7273
9.12628 42.051
9.13202 41.9512
9.13775 43.9239
9.14349 43.0476
9.14922 44.2927
9.15496 42.2439
9.1607 40.7973
9.16643 37.55
9.17217 39.5342
9.1779 44.5
9.18364 41.4714
9.18938 41.9559
9.19511 44.4118
9.20085 42.0635
9.20659 38.3846
9.21232 45.2833
9.21806 40.2623
9.22379 40.7273
9.22953 43.0545
9.23527 41.7736
9.241 41.3214
9.24674 39.2245
9.25248 34.9574
9.25821 39.4222
9.26395 40.9773
9.26968 40.1395
9.27542 39.2308
9.28116 34.625
9.28689 39.7714
9.29263 31.4848
9.29836 35.0909
9.3041 31.9091
9.30984 33.0357
9.31557 30.4444
9.32131 32.6296
9.32705 24.1
9.33278 30
9.33852 30.0526
9.34425 25.5556
9.34999 22.9412
9.35573 24.2143
9.36146 24.5455
9.3672 12
9.37294 19.125
9.37867 12.8889
9.38441 11
9.39014 5.75
9.39588 0
9.40162 0
9.40735 0
9.41309 0
9.41882 0
9.42456 0
9.4303 0
9.43603 0
9.44177 0
9.44751 0
9.45324 0
9.45898 0
9.46471 0
9.47045 0
9.47619 0
9.48192 0
9.48766 0
9.4934 0
9.49913 0
9.50487 0
9.5106 0
9.51634 0
9.52208 0
9.52781 0
9.53355 0
9.53928 0
9.54502 0
9.55076 0
9.55649 0
9.56223 0
9.56797 0
9.5737 0
9.57944 0
9.58517 0
9.59091 0
9.59665 0
9.60238 0
9.60812 0
9.61386 0
9.61959 0
9.62533 0
9.63106 0
9.6368 0
9.64254 0
9.64827 0
9.65401 0
9.65974 0
9.66548 0
9.67122 0
9.67695 0
9.68269 0
9.68843 0
9.69416 0
9.6999 0
9.70563 0
9.71137 0
9.71711 0
9.72284 0
9.72858 0
9.73432 0
9.74005 0
9.74579 0
9.75152 0
9.75726 0
9.763 0
9.76873 0
9.77447 0
9.7802 0
9.78594 0
9.79168 0
9.79741 0
9.80315 0
9.80889 0
9.81462 0
9.82036 0
9.82609 0
9.83183 0
9.83757 0
9.8433 0
9.84904 0
9.85478 0
9.86051 0
9.86625 0
9.87198 0
9.87772 0
9.88346 0
9.88919 0
9.89493 0
9.90066 0
9.9064 0
9.91214 0
9.91787 0
9.92361 0
9.92935 0
9.93508 0
9.94082 0
9.94655 0
9.95229 0
9.95803 0
9.96376 0
9.9695 0
9.97524 0
9.98097 0
9.98671 0
9.99244 0
9.99818 0
10.0039 0
10.0097 0
10.0154 0
10.0211 0
10.0269 0
10.0326 0
10.0383 0
10.0441 0
10.0498 0
10.0555 0
10.0613 0
10.067 0
10.0728 0
10.0785 0
10.0842 0
10.09 0
10.0957 0
10.1014 0
10.1072 0
10.1129 0
10.1186 0
10.1244 0
10.1301 0
10.1358 0
10.1416 0
10.1473 0
10.1531 0
10.1588 0
10.1645 0
10.1703 0
10.176 0
10.1817 0
10.1875 0
10.1932 0
10.1989 0
10.2047 0
10.2104 0
10.2162 0
10.2219 0
10.2276 0
10.2334 0
10.2391 0
10.2448 0
10.2506 0
10.2563 0
10.262 0
10.2678 0
10.2735 0
10.2793 0
10.285 0
10.2907 0
10.2965 0
10.3022 0
10.3079 0
10.3137 0
10.3194 0
10.3251 0
10.3309 0
10.3366 0
10.3424 0
10.3481 0
10.3538 0
10.3596 0
10.3653 0
10.371 0
10.3768 0
10.3825 0
10.3882 0
10.394 0
10.3997 0
10.4054 0
10.4112 0
10.4169 0
10.4227 0
10.4284 0
10.4341 0
10.4399 0
10.4456 0
10.4513 0
10.4571 0
10.4628 0
10.4685 0
10.4743 0
10.48 0
10.4858 0
10.4915 0
10.4972 0
10.503 0
10.5087 0
10.5144 0
10.5202 0
10.5259 0
10.5316 0
10.5374 0
10.5431 0
10.5489 0
10.5546 0
10.5603 0
10.5661 0
10.5718 0
10.5775 0
10.5833 0
10.589 0
10.5947 0
10.6005 0
10.6062 0
10.612 0
10.6177 0
10.6234 0
10.6292 0
10.6349 0
10.6406 0
10.6464 0
10.6521 0
10.6578 0
10.6636 0
10.6693 0
10.6751 0
10.6808 0
10.6865 0
10.6923 0
10.698 0
10.7037 0
10.7095 0
10.7152 0
10.7209 0
10.7267 0
10.7324 0
10.7381 0
10.7439 0
10.7496 0
10.7554 0
10.7611 0
10.7668 0
10.7726 0
10.7783 0
10.784 0
10.7898 0
10.7955 0
10.8012 0
10.807 0
10.8127 0
10.8185 0
10.8242 0
10.8299 0
10.8357 0
10.8414 0
10.8471 0
10.8529 0
10.8586 0
10.8643 0
10.8701 0
10.8758 0
10.8816 0
10.8873 0
10.893 0
10.8988 0
10.9045 0
10.9102 0
10.916 0
10.9217 0
10.9274 0
10.9332 0
10.9389 0
10.9447 0
10.9504 0
10.9561 0
10.9619 0
10.9676 0
10.9733 0
10.9791 0
10.9848 0
10.9905 0
10.9963 0
11.002 0
11.0077 0
11.0135 0
11.0192 0
11.025 0
11.0307 0
11.0364 0
11.0422 0
11.0479 0
11.0536 0
11.0594 0
11.0651 0
11.0708 0
11.0766 0
11.0823 0
11.0881 0
11.0938 0
11.0995 0
11.1053 0
11.111 0
11.1167 0
11.1225 0
11.1282 0
11.1339 0
11.1397 0
11.1454 0
11.1512 0
11.1569 0
11.1626 0
11.1684 0
11.1741 0
11.1798 0
11.1856 0
11.1913 0
11.197 0
11.2028 0
11.2085 0
11.2143 0
11.22 0
11.2257 0
11.2315 0
11.2372 0
11.2429 0
11.2487 0
11.2544 0
11.2601 0
11.2659 0
11.2716 0
11.2774 0
11.2831 0
11.2888 0
11.2946 0
11.3003 0
11.306 0
11.3118 0
11.3175 0
11.3232 0
11.329 0
11.3347 0
11.3404 0
11.3462 0
11.3519 0
11.3577 0
11.3634 0
11.3691 0
11.3749 0
11.3806 0
11.3863 0
11.3921 0
11.3978 0
11.4035 0
11.4093 0
11.415 0
11.4208 0
11.4265 0
11.4322 0
11.438 0
11.4437 0
11.4494 0
11.4552 0
11.4609 0
11.4666 0
11.4724 0
11.4781 0
11.4839 0
11.4896 0
11.4953 0
11.5011 0
11.5068 0
11.5125 0
11.5183 0
11.524 0
11.5297 0
11.5355 0
11.5412 0
11.547 0
11.5527 0
11.5584 0
11.5642 0
11.5699 0
11.5756 0
11.5814 0
11.5871 0
11.5928 0
11.5986 0
11.6043 0
11.61 0
11.6158 0
11.6215 0
11.6273 0
11.633 0
11.6387 0
11.6445 0
11.6502 0
11.6559 0
11.6617 0
11.6674 0
11.6731 0
11.6789 0
11.6846 0
11.6904 0
11.6961 0
11.7018 0
11.7076 0
11.7133 0
11.719 0
11.7248 0
11.7305 0
11.7362 0
11.742 0
