0 0
0.00573619 33
0.0114724 5
0.0172086 1.5
0.0229448 -4.33333
0.028681 -4
0.0344171 5.5
0.0401533 -0.2
0.0458895 -14
0.0516257 5.33333
0.0573619 8.33333
0.0630981 10.2857
0.0688343 7.42857
0.0745705 7.5
0.0803067 6.33333
0.0860429 -1.88889
0.091779 0.5
0.0975152 0.230769
0.103251 -2.66667
0.108988 4
0.114724 5.2
0.12046 -11.8182
0.126196 6.66667
0.131932 7.5
0.137669 -0.133333
0.143405 7.92308
0.149141 -6.53846
0.154877 6.9375
0.160613 -1.46667
0.16635 -1.13333
0.172086 -4
0.177822 1.84211
0.183558 -1.11765
0.189294 4.71429
0.19503 1.80952
0.200767 5.52381
0.206503 2.11765
0.212239 4.38889
0.217975 -2.33333
0.223711 -2.41176
0.229448 4.5
0.235184 2.6087
0.24092 1.5
0.246656 -2.83333
0.252392 -1
0.258129 6
0.263865 3.38095
0.269601 0.916667
0.275337 3.68966
0.281073 4.64
0.28681 -2.5
0.292546 9.04
0.298282 6.51724
0.304018 -0.37037
0.309754 2.6
0.31549 -0.0645161
0.321227 0.259259
0.326963 3.13333
0.332699 2.74194
0.338435 3.63636
0.344171 2.70833
0.349908 2.62857
0.355644 -0.257143
0.36138 9.45161
0.367116 -1.67647
0.372852 5.33333
0.378589 0.351351
0.384325 5.15625
0.390061 6.33333
0.395797 4.76923
0.401533 9.57692
0.40727 5.83721
0.413006 6.27027
0.418742 14.35
0.424478 14.3529
0.430214 13.5333
0.43595 11.439
0.441687 12.75
0.447423 15.383
0.453159 14.0769
0.458895 16.4419
0.464631 14.75
0.470368 14.6585
0.476104 20.8298
0.48184 19.25
0.487576 20.5769
0.493312 22.5366
0.499049 16.65
0.504785 20.1404
0.510521 25.8444
0.516257 19.2558
0.521993 24.3182
0.52773 24.2453
0.533466 28.4444
0.539202 22.8958
0.544938 21.3137
0.550674 25.4231
0.55641 23.4167
0.562147 20.6078
0.567883 22.386
0.573619 25
0.579355 20.8889
0.585091 20.1228
0.590828 14.6226
0.596564 16.2708
0.6023 19.0179
0.608036 17.8769
0.613772 22.2041
0.619509 21.4828
0.625245 22.9322
0.630981 25.6545
0.636717 24.1897
0.642453 23.0351
0.64819 23.9524
0.653926 29.6346
0.659662 23.7846
0.665398 25.8594
0.671134 26.5088
0.67687 31.9194
0.682607 29.9841
0.688343 36.3433
0.694079 39.6481
0.699815 30.942
0.705551 29.4308
0.711288 33.6182
0.717024 31.2568
0.72276 33.6721
0.728496 28.6429
0.734232 30.375
0.739969 29.6812
0.745705 33.6197
0.751441 33.7759
0.757177 29.4286
0.762913 30.8955
0.76865 33.029
0.774386 33.2206
0.780122 29.8767
0.785858 29.8312
0.791594 29.5667
0.79733 33.939
0.803067 30.087
0.808803 32.0143
0.814539 30.8889
0.820275 30.9859
0.826011 31.8571
0.831748 29.0833
0.837484 31.0353
0.84322 27.5143
0.848956 32.5417
0.854692 30.8118
0.860429 30.3457
0.866165 28
0.871901 31.4625
0.877637 27.3614
0.883373 29.6494
0.88911 30.2949
0.894846 31.1765
0.900582 29.7108
0.906318 31.1892
0.912054 33.4222
0.91779 28.6782
0.923527 32.8442
0.929263 28.4419
0.934999 29.5604
0.940735 30.3827
0.946471 29.2143
0.952208 28.5412
0.957944 29.4516
0.96368 26.8333
0.969416 29.2947
0.975152 27.4778
0.980889 30.2235
0.986625 28.5116
0.992361 29.1368
0.998097 30.6842
1.00383 26.5875
1.00957 30.3636
1.01531 32.5876
1.02104 28.2143
1.02678 34.1771
1.03251 30.2527
1.03825 31.87
1.04399 30.5698
1.04972 29.7822
1.05546 27.9307
1.0612 31.9268
1.06693 31.5047
1.07267 32.033
1.0784 28.6602
1.08414 32.9286
1.08988 31.47
1.09561 31.3048
1.10135 30.7907
1.10708 28.3
1.11282 31.5474
1.11856 31.4694
1.12429 28.219
1.13003 28.4571
1.13577 30.7524
1.1415 29.049
1.14724 27.3394
1.15297 26.89
1.15871 25.94
1.16445 28.113
1.17018 27.5238
1.17592 28.3645
1.18166 30.5312
1.18739 30.2353
1.19313 28.1376
1.19886 28.3689
1.2046 29.6087
1.21034 28.5701
1.21607 25.8364
1.22181 29.8545
1.22754 28.6581
1.23328 27.8505
1.23902 28.7946
1.24475 27.1933
1.25049 27.3761
1.25623 27.5926
1.26196 29.0769
1.2677 28.0645
1.27343 27.7387
1.27917 28.5085
1.28491 27.0763
1.29064 27.5487
1.29638 27.8534
1.30212 28.7692
1.30785 27.605
1.31359 24.5431
1.31932 29.2205
1.32506 26.3697
1.3308 26.6466
1.33653 25.7381
1.34227 27.9244
1.348 23.6142
1.35374 26.9469
1.35948 25.624
1.36521 28.0458
1.37095 29.1818
1.37669 24.5396
1.38242 27.9672
1.38816 27.2901
1.39389 27.3644
1.39963 28.1591
1.40537 24.8217
1.4111 29.3214
1.41684 26.2797
1.42258 27.3259
1.42831 27.2562
1.43405 28.0462
1.43978 25.3926
1.44552 27.3696
1.45126 22.1441
1.45699 24.6667
1.46273 27.3939
1.46846 28.9048
1.4742 28.2308
1.47994 25.814
1.48567 27.0075
1.49141 25.4385
1.49715 24.7517
1.50288 24.9635
1.50862 25.6855
1.51435 25.4041
1.52009 26.0851
1.52583 25.9924
1.53156 24.8889
1.5373 26.5578
1.54304 25.8014
1.54877 26.4338
1.55451 27.4228
1.56024 26.1971
1.56598 29.0714
1.57172 29.4255
1.57745 27.7027
1.58319 26.695
1.58892 28.2958
1.59466 26.8933
1.6004 27.028
1.60613 26.3623
1.61187 25.7651
1.61761 28.6242
1.62334 26.8271
1.62908 26.0581
1.63481 24.7616
1.64055 25.46
1.64629 28.7877
1.65202 24.6026
1.65776 26.2252
1.6635 26.8978
1.66923 27.9874
1.67497 27.0061
1.6807 24.2993
1.68644 26.443
1.69218 26.9938
1.69791 27.6993
1.70365 22.8581
1.70938 25.6218
1.71512 24.2025
1.72086 25.1029
1.72659 24.5838
1.73233 25.3032
1.73807 24.2092
1.7438 23.9639
1.74954 25.522
1.75527 25.872
1.76101 25.1985
1.76675 27.6133
1.77248 25.122
1.77822 21.9864
1.78396 27.3333
1.78969 27.5032
1.79543 27.0809
1.80116 26.0191
1.8069 27.1287
1.81264 27.6228
1.81837 27.4
1.82411 28.3722
1.82984 27.764
1.83558 25.7455
1.84132 27.8545
1.84705 24.8757
1.85279 26.4269
1.85853 26.6187
1.86426 27.1864
1.87 26.2267
1.87573 27.1
1.88147 27.3616
1.88721 30.2733
1.89294 28.3931
1.89868 27.3353
1.90442 29.3161
1.91015 34.3846
1.91589 56.7857
1.92162 96.6043
1.92736 37.6158
1.9331 33.4524
1.93883 33.8081
1.94457 34.0688
1.9503 31.8647
1.95604 32.9651
1.96178 33.0387
1.96751 35.7405
1.97325 35
1.97899 29.6364
1.98472 29.0426
1.99046 29.3429
1.99619 27.3956
2.00193 29.2263
2.00767 27.3277
2.0134 28.9186
2.01914 28.2819
2.02488 28.1414
2.03061 27.0113
2.03635 29.8883
2.04208 29.4973
2.04782 29.5798
2.05356 28.1882
2.05929 29.2597
2.06503 27.97
2.07076 26.9943
2.0765 29.6684
2.08224 28.0714
2.08797 29.4855
2.09371 30.1313
2.09945 31.1135
2.10518 29.7889
2.11092 28.0856
2.11665 29.2667
2.12239 28.372
2.12813 31.5444
2.13386 31.4527
2.1396 31.794
2.14534 29.7897
2.15107 27.9786
2.15681 29.4271
2.16254 30.9703
2.16828 29.8913
2.17402 31.6351
2.17975 30.65
2.18549 28.545
2.19122 29.3812
2.19696 30.0693
2.2027 31.7024
2.20843 37.9157
2.21417 58.467
2.21991 62.3991
2.22564 44.306
2.23138 33.4171
2.23711 30.1449
2.24285 32.1298
2.24859 32.2917
2.25432 29.6621
2.26006 28.9951
2.2658 28.8333
2.27153 29.7116
2.27727 32.2133
2.283 30.0498
2.28874 31.1961
2.29448 31.1532
2.30021 28.7536
2.30595 29.2727
2.31168 29.3519
2.31742 32.1498
2.32316 31.5913
2.32889 32.729
2.33463 33.2817
2.34037 30.0657
2.3461 34.6792
2.35184 34.1674
2.35757 34.1765
2.36331 36.3645
2.36905 35.4977
2.37478 33.2973
2.38052 34.7696
2.38626 33.2222
2.39199 32.6453
2.39773 36.3575
2.40346 33.9178
2.4092 41
2.41494 36.4887
2.42067 32.1936
2.42641 32.977
2.43214 30.7792
2.43788 32.6715
2.44362 31.4802
2.44935 32.9828
2.45509 31.4272
2.46083 31.6083
2.46656 32.3581
2.4723 32.3445
2.47803 32.4279
2.48377 30.7389
2.48951 31.3291
2.49524 31.1176
2.50098 32.2455
2.50672 32.8982
2.51245 31.0343
2.51819 30.2269
2.52392 34.5924
2.52966 33.1088
2.5354 34.6667
2.54113 32.6875
2.54687 34.0303
2.5526 31.6483
2.55834 33.6892
2.56408 33.9404
2.56981 33.5041
2.57555 33.6923
2.58129 32.7359
2.58702 33.9498
2.59276 32.2469
2.59849 33.2797
2.60423 33.4915
2.60997 33.9461
2.6157 31.4541
2.62144 32.25
2.62718 32.4128
2.63291 33.9833
2.63865 32.6824
2.64438 35.0082
2.65012 32.664
2.65586 34.3884
2.66159 34.3636
2.66733 34.1762
2.67306 34.566
2.6788 37.332
2.68454 34.8277
2.69027 33.506
2.69601 35.7261
2.70175 35.9141
2.70748 37.284
2.71322 35.2321
2.71895 34.2989
2.72469 36.5597
2.73043 35.9095
2.73616 36.0708
2.7419 35.93
2.74764 36.996
2.75337 34.5887
2.75911 35.5779
2.76484 35.4921
2.77058 35.5885
2.77632 37.278
2.78205 35.6706
2.78779 35.6873
2.79352 36.7008
2.79926 36.8195
2.805 36.0522
2.81073 38.5331
2.81647 36.5222
2.82221 37.5323
2.82794 37.25
2.83368 36.0125
2.83941 38.491
2.84515 36.832
2.85089 37.2829
2.85662 38.3895
2.86236 36.5649
2.8681 37.0366
2.87383 38.4151
2.87957 36.723
2.8853 37.0241
2.89104 36.7148
2.89678 37.9509
2.90251 39.7433
2.90825 36.7008
2.91398 40.5073
2.91972 38.1697
2.92546 36.7104
2.93119 38.1321
2.93693 40.4693
2.94267 40.3244
2.9484 38.8604
2.95414 39.1712
2.95987 41.7266
2.96561 40.9538
2.97135 43.0036
2.97708 44.5887
2.98282 59.7689
2.98856 118.193
2.99429 135.593
3.00003 62.2268
3.00576 54.6274
3.0115 45.3309
3.01724 43.3253
3.02297 42.1489
3.02871 42.1331
3.03444 39.8853
3.04018 41.2914
3.04592 43.4632
3.05165 43.5018
3.05739 42.682
3.06313 44
3.06886 42.8277
3.0746 44.6246
3.08033 44.4529
3.08607 44.8511
3.09181 46.6014
3.09754 47.6782
3.10328 47.5
3.10902 50.0993
3.11475 48.4949
3.12049 48.3077
3.12622 48.7473
3.13196 54.3274
3.1377 57.8733
3.14343 65.8036
3.14917 59.2664
3.1549 50.8014
3.16064 49.2794
3.16638 47.2442
3.17211 50.3681
3.17785 49.6177
3.18359 51.3369
3.18932 50.6167
3.19506 49.7273
3.20079 49.8848
3.20653 50.3713
3.21227 50.43
3.218 51.2361
3.22374 51.3333
3.22948 51.5619
3.23521 53.0229
3.24095 53.6729
3.24668 51.2698
3.25242 53.39
3.25816 53.1373
3.26389 54.6387
3.26963 55.6438
3.27536 55.9505
3.2811 55.136
3.28684 57.5062
3.29257 56.7869
3.29831 56.7786
3.30405 57.875
3.30978 59.9574
3.31552 62.2961
3.32125 62.6576
3.32699 64.2193
3.33273 62.7532
3.33846 63.7207
3.3442 63.1317
3.34994 64.6354
3.35567 64.3987
3.36141 64.2208
3.36714 65.1635
3.37288 65.873
3.37862 79.0341
3.38435 70.9323
3.39009 95.7104
3.39582 76.6209
3.40156 63.9591
3.4073 68.1841
3.41303 63.8713
3.41877 69.6139
3.42451 68.6471
3.43024 67.1242
3.43598 67.0363
3.44171 65.1756
3.44745 68.0942
3.45319 66.7304
3.45892 66.9258
3.46466 70.9581
3.4704 68.7475
3.47613 68.9735
3.48187 71.8253
3.4876 69.6159
3.49334 70.8286
3.49908 71.7102
3.50481 72.7582
3.51055 72.0531
3.51628 72.6065
3.52202 74.9785
3.52776 80.4317
3.53349 79.5818
3.53923 89.2685
3.54497 94.7837
3.5507 100.455
3.55644 101.228
3.56217 92.391
3.56791 87.4025
3.57365 84.7391
3.57938 82.9123
3.58512 82.7138
3.59086 80.8822
3.59659 83.5093
3.60233 84.0029
3.60806 82.7182
3.6138 84.6794
3.61954 88.2209
3.62527 88.7741
3.63101 89.8972
3.63674 97.7341
3.64248 101.532
3.64822 109.282
3.65395 114.09
3.65969 113.326
3.66543 110.559
3.67116 108.803
3.6769 110.619
3.68263 118.946
3.68837 115.349
3.69411 117.49
3.69984 110.853
3.70558 109.094
3.71132 109.723
3.71705 110.348
3.72279 112.464
3.72852 112.403
3.73426 115.803
3.74 116.857
3.74573 119.987
3.75147 119.347
3.7572 122.927
3.76294 124.101
3.76868 124.209
3.77441 129.486
3.78015 134.008
3.78589 136.282
3.79162 141.155
3.79736 146.294
3.80309 150.339
3.80883 158
3.81457 167.449
3.8203 175.435
3.82604 187.107
3.83178 208.465
3.83751 256.087
3.84325 379.758
3.84898 596.309
3.85472 862.588
3.86046 617.814
3.86619 493.311
3.87193 536.82
3.87766 632.5
3.8834 762.036
3.88914 928.458
3.89487 1124.38
3.90061 1194.28
3.90635 1116.84
3.91208 960.722
3.91782 758.102
3.92355 598.094
3.92929 491.249
3.93503 402.536
3.94076 342.52
3.9465 299.017
3.95224 266.581
3.95797 243.043
3.96371 208.313
3.96944 198.057
3.97518 191.411
3.98092 176.307
3.98665 169.461
3.99239 165.561
3.99812 159.779
4.00386 155.328
4.0096 152.03
4.01533 151.747
4.02107 148.24
4.02681 145.582
4.03254 145.364
4.03828 146.093
4.04401 140.7
4.04975 142.107
4.05549 138.277
4.06122 136.009
4.06696 135.518
4.0727 132.439
4.07843 131.665
4.08417 129.667
4.0899 129.714
4.09564 129.819
4.10138 129.076
4.10711 128.395
4.11285 128.957
4.11858 129.456
4.12432 127.208
4.13006 127.258
4.13579 127.891
4.14153 125.088
4.14727 127.887
4.153 127.903
4.15874 126.119
4.16447 125.648
4.17021 127.538
4.17595 126.916
4.18168 127.008
4.18742 127.76
4.19316 127.056
4.19889 125.879
4.20463 126.99
4.21036 128.421
4.2161 129.228
4.22184 126.341
4.22757 129.189
4.23331 128.879
4.23904 130.492
4.24478 130.294
4.25052 129.641
4.25625 130.054
4.26199 130.534
4.26773 132.547
4.27346 134.867
4.2792 136.724
4.28493 136.015
4.29067 137.412
4.29641 140.912
4.30214 138.432
4.30788 145.557
4.31362 142.992
4.31935 147.23
4.32509 150.28
4.33082 152.102
4.33656 156.315
4.3423 158.548
4.34803 162.627
4.35377 167.699
4.3595 173.602
4.36524 179.079
4.37098 186.565
4.37671 193
4.38245 198.92
4.38819 207.478
4.39392 220.522
4.39966 226.271
4.40539 245.514
4.41113 266.207
4.41687 292.426
4.4226 346.173
4.42834 435.357
4.43408 731.382
4.43981 1479.55
4.44555 4430.54
4.45128 12729
4.45702 21070.1
4.46276 8973.89
4.46849 2353.23
4.47423 1179.46
4.47996 657.41
4.4857 535.627
4.49144 499.328
4.49717 468.933
4.50291 475.297
4.50865 463.777
4.51438 443.71
4.52012 411.06
4.52585 372.229
4.53159 335.395
4.53733 297.778
4.54306 268.727
4.5488 243.812
4.55454 224.818
4.56027 207.631
4.56601 190.197
4.57174 177.447
4.57748 168.149
4.58322 157.487
4.58895 151.109
4.59469 144.061
4.60042 139.425
4.60616 135.9
4.6119 131.469
4.61763 128.338
4.62337 125.139
4.62911 125.235
4.63484 120.311
4.64058 118.816
4.64631 115.298
4.65205 113.444
4.65779 109.469
4.66352 108.42
4.66926 106.377
4.675 106.768
4.68073 106.476
4.68647 103.292
4.6922 103.448
4.69794 101.973
4.70368 101.018
4.70941 99.4836
4.71515 101.524
4.72088 100.385
4.72662 99.6209
4.73236 100.188
4.73809 98.3227
4.74383 98.9554
4.74957 97.0508
4.7553 96.697
4.76104 96.7494
4.76677 95.6332
4.77251 92.1147
4.77825 93.6279
4.78398 89.4222
4.78972 89.8828
4.79546 90.8444
4.80119 88.6337
4.80693 88.0645
4.81266 86.9609
4.8184 87.354
4.82414 86.1741
4.82987 86.0113
4.83561 86.5763
4.84134 87.4565
4.84708 91.0468
4.85282 94.8547
4.85855 89.8106
4.86429 85.3371
4.87003 84.8314
4.87576 83.5667
4.8815 83.1318
4.88723 82.5444
4.89297 82.5947
4.89871 81.7063
4.90444 81.9529
4.91018 81.3524
4.91592 81.6062
4.92165 80.9935
4.92739 79.863
4.93312 79.4935
4.93886 79.7921
4.9446 78.1065
4.95033 79.742
4.95607 79.4066
4.9618 79.4062
4.96754 78.7936
4.97328 82.0365
4.97901 88.2821
4.98475 84.8645
4.99049 81.3567
4.99622 78.4395
5.00196 77.0311
5.00769 78.02
5.01343 77.2715
5.01917 79.0436
5.0249 76.6196
5.03064 76.3024
5.03638 75.8355
5.04211 76.4609
5.04785 76.3132
5.05358 77.1774
5.05932 78.1598
5.06506 77.4747
5.07079 76.2425
5.07653 74.8217
5.08226 76.5439
5.088 74.5389
5.09374 75.6624
5.09947 76.3435
5.10521 75.4079
5.11095 75.8184
5.11668 76.0209
5.12242 74.8114
5.12815 76.0297
5.13389 75.8545
5.13963 77.1853
5.14536 75.6481
5.1511 77.1517
5.15684 77.168
5.16257 80.063
5.16831 77.1614
5.17404 76.7838
5.17978 74.8363
5.18552 75.384
5.19125 76.4306
5.19699 74.676
5.20272 74.1772
5.20846 74.7485
5.2142 75.4758
5.21993 72.7393
5.22567 74.7366
5.23141 76.328
5.23714 77.8174
5.24288 76.6631
5.24861 75.2754
5.25435 74.501
5.26009 74.8029
5.26582 73.4584
5.27156 74.8814
5.2773 76.3958
5.28303 75.021
5.28877 77.8391
5.2945 76.0347
5.30024 75.3867
5.30598 76.659
5.31171 76.7475
5.31745 76.0104
5.32318 75.0886
5.32892 77.254
5.33466 80.1841
5.34039 79.3278
5.34613 76.9434
5.35187 78.0585
5.3576 77.0123
5.36334 75.6512
5.36907 75.6789
5.37481 77.0871
5.38055 77.5925
5.38628 81.1948
5.39202 81.8775
5.39776 83.8589
5.40349 83.8852
5.40923 82.8701
5.41496 79.7323
5.4207 77.8586
5.42644 78.4708
5.43217 77.6592
5.43791 79.5354
5.44364 79.9127
5.44938 81.4677
5.45512 82.2771
5.46085 80.2505
5.46659 78.7778
5.47233 78.5141
5.47806 79.1109
5.4838 78.4222
5.48953 80.3086
5.49527 79.5029
5.50101 78.9623
5.50674 80.2998
5.51248 77.9423
5.51822 79.1443
5.52395 78.6806
5.52969 78.5069
5.53542 80.3951
5.54116 80.5811
5.5469 81.1065
5.55263 79.0627
5.55837 79.3476
5.5641 80.8726
5.56984 81.4186
5.57558 81.3711
5.58131 80.903
5.58705 80.1813
5.59279 81.9157
5.59852 80.2567
5.60426 81.0756
5.60999 82.1862
5.61573 81.0451
5.62147 81.0744
5.6272 82.2439
5.63294 82.8135
5.63868 81.6694
5.64441 82.7566
5.65015 83.6038
5.65588 83.7845
5.66162 85.366
5.66736 84.3243
5.67309 85.7046
5.67883 84.7884
5.68456 83.7104
5.6903 83.8946
5.69604 85.087
5.70177 86.9868
5.70751 87.3559
5.71325 87.8324
5.71898 87.3873
5.72472 87.8394
5.73045 87.7463
5.73619 87.1877
5.74193 90.2722
5.74766 89.3421
5.7534 88.1111
5.75914 89.9842
5.76487 91.0468
5.77061 91.7564
5.77634 93.6846
5.78208 88.1493
5.78782 92.7127
5.79355 93.4444
5.79929 93.463
5.80502 93.137
5.81076 91.9549
5.8165 93.5981
5.82223 93.8156
5.82797 94.6048
5.83371 95.4468
5.83944 96.5028
5.84518 95.5092
5.85091 94.4299
5.85665 97.3191
5.86239 97.958
5.86812 99.7634
5.87386 98.6404
5.8796 99.1885
5.88533 98.9121
5.89107 100.125
5.8968 101.207
5.90254 102.43
5.90828 100.664
5.91401 103.369
5.91975 102.174
5.92548 102.979
5.93122 105.2
5.93696 105.424
5.94269 108.256
5.94843 110.1
5.95417 111.721
5.9599 116.424
5.96564 113.374
5.97137 111.735
5.97711 112.429
5.98285 111.813
5.98858 114.518
5.99432 115.52
6.00006 116.172
6.00579 118.419
6.01153 118.592
6.01726 121.992
6.023 122.884
6.02874 122.332
6.03447 122.082
6.04021 123.135
6.04594 125.438
6.05168 125.106
6.05742 126.902
6.06315 128.958
6.06889 128.712
6.07463 130.365
6.08036 132.013
6.0861 131.401
6.09183 135.076
6.09757 138.154
6.10331 136.955
6.10904 139.274
6.11478 143.299
6.12052 144.525
6.12625 146.581
6.13199 149.091
6.13772 154.801
6.14346 153.397
6.1492 157.114
6.15493 162.349
6.16067 161.918
6.1664 167.09
6.17214 169.193
6.17788 174.693
6.18361 177.178
6.18935 185.173
6.19509 193.572
6.20082 195.538
6.20656 205.39
6.21229 213.683
6.21803 227.218
6.22377 230.121
6.2295 238.829
6.23524 254.332
6.24098 259.953
6.24671 269.366
6.25245 296.977
6.25818 310.607
6.26392 339.013
6.26966 392.971
6.27539 515.112
6.28113 651.199
6.28686 1419.03
6.2926 4406.43
6.29834 9135.34
6.30407 11284.3
6.30981 16201.4
6.31555 5972.84
6.32128 3148.82
6.32702 1085.51
6.33275 650.098
6.33849 551.243
6.34423 452.953
6.34996 437.205
6.3557 432.346
6.36144 418.566
6.36717 432.725
6.37291 454.188
6.37864 459.129
6.38438 453.03
6.39012 435.965
6.39585 414.083
6.40159 370.539
6.40732 344.184
6.41306 314.839
6.4188 289.202
6.42453 268.752
6.43027 255.569
6.43601 243.548
6.44174 232.748
6.44748 223.934
6.45321 217.932
6.45895 212.458
6.46469 207.487
6.47042 202.512
6.47616 199.314
6.4819 191.379
6.48763 184.868
6.49337 181.365
6.4991 176.513
6.50484 173.671
6.51058 171.308
6.51631 172.056
6.52205 167.34
6.52778 164.583
6.53352 164.903
6.53926 163.3
6.54499 162.811
6.55073 163.441
6.55647 163.637
6.5622 162.288
6.56794 159.997
6.57367 161.582
6.57941 160.034
6.58515 158.881
6.59088 157.864
6.59662 154.236
6.60236 154.572
6.60809 152.436
6.61383 151.185
6.61956 152.203
6.6253 148.805
6.63104 149.708
6.63677 149.145
6.64251 148.804
6.64824 148.137
6.65398 147.673
6.65972 147.978
6.66545 146.748
6.67119 148.146
6.67693 148.253
6.68266 146.455
6.6884 147.099
6.69413 147.597
6.69987 145.498
6.70561 143.22
6.71134 144.118
6.71708 143.417
6.72282 143.976
6.72855 143.807
6.73429 142.403
6.74002 142.947
6.74576 142.868
6.7515 140.29
6.75723 141.667
6.76297 141.575
6.7687 139.764
6.77444 142.225
6.78018 140.445
6.78591 141.629
6.79165 142.465
6.79739 144.809
6.80312 153.02
6.80886 169.349
6.81459 162.166
6.82033 173.419
6.82607 152.031
6.8318 146.935
6.83754 140.599
6.84328 139.065
6.84901 139.867
6.85475 140.217
6.86048 141.452
6.86622 139.523
6.87196 140.878
6.87769 140.225
6.88343 139.104
6.88916 138.525
6.8949 138.238
6.90064 139.295
6.90637 137.827
6.91211 140.535
6.91785 140.607
6.92358 140.18
6.92932 140.991
6.93505 139.987
6.94079 139.683
6.94653 140.752
6.95226 139.369
6.958 137.192
6.96374 140.106
6.96947 138.997
6.97521 138.721
6.98094 139.498
6.98668 139.599
6.99242 139.605
6.99815 139.942
7.00389 139.664
7.00962 141.109
7.01536 141.344
7.0211 139.349
7.02683 141.996
7.03257 141.753
7.03831 140.648
7.04404 142.6
7.04978 142.239
7.05551 143.159
7.06125 142.465
7.06699 141.606
7.07272 143.886
7.07846 144.939
7.0842 145.16
7.08993 146.22
7.09567 143.667
7.1014 144.449
7.10714 145.104
7.11288 146.347
7.11861 148.39
7.12435 148.973
7.13008 149.597
7.13582 147.514
7.14156 148.799
7.14729 148.162
7.15303 148.481
7.15877 148.652
7.1645 149.126
7.17024 150.333
7.17597 151.478
7.18171 151.186
7.18745 152.254
7.19318 151.89
7.19892 153.143
7.20466 153.522
7.21039 154.838
7.21613 155.424
7.22186 156.742
7.2276 157.355
7.23334 156.732
7.23907 157.009
7.24481 159.19
7.25054 158.781
7.25628 159.486
7.26202 161.754
7.26775 166.928
7.27349 171.839
7.27923 164.673
7.28496 169.711
7.2907 165.15
7.29643 166.33
7.30217 167.893
7.30791 168.863
7.31364 170.999
7.31938 170.313
7.32512 172.82
7.33085 173.317
7.33659 175.1
7.34232 176.975
7.34806 179.026
7.3538 182.449
7.35953 182.75
7.36527 188.855
7.371 200.552
7.37674 244.406
7.38248 268.137
7.38821 476.122
7.39395 713.013
7.39969 1040.55
7.40542 1552.82
7.41116 758.368
7.41689 395.322
7.42263 278.248
7.42837 250.618
7.4341 240.811
7.43984 238.765
7.44558 245.467
7.45131 254.477
7.45705 266.27
7.46278 282.98
7.46852 306.445
7.47426 331.008
7.47999 350.208
7.48573 361.451
7.49146 355.62
7.4972 340.753
7.50294 318.211
7.50867 294.629
7.51441 271.526
7.52015 251.075
7.52588 233.74
7.53162 218.876
7.53735 207.35
7.54309 198.157
7.54883 192.111
7.55456 183.42
7.5603 179.512
7.56604 174.913
7.57177 169.35
7.57751 165.899
7.58324 161.368
7.58898 159.614
7.59472 157.256
7.60045 155.357
7.60619 150.958
7.61192 151.154
7.61766 148.588
7.6234 146.066
7.62913 145.368
7.63487 145.57
7.64061 143.662
7.64634 144.079
7.65208 143.522
7.65781 143.056
7.66355 142.297
7.66929 141.084
7.67502 142.534
7.68076 142.03
7.6865 142.546
7.69223 142.918
7.69797 142.91
7.7037 144.662
7.70944 152.209
7.71518 185.428
7.72091 211.325
7.72665 397.598
7.73238 690.43
7.73812 245.313
7.74386 241.955
7.74959 181.529
7.75533 156.685
7.76107 152.032
7.7668 151.871
7.77254 153.232
7.77827 157.343
7.78401 159.93
7.78975 164.806
7.79548 172.329
7.80122 179.906
7.80696 188.384
7.81269 193.327
7.81843 196.394
7.82416 192.612
7.8299 187.696
7.83564 176.208
7.84137 169.373
7.84711 160.234
7.85284 153.341
7.85858 145.862
7.86432 141.776
7.87005 137.242
7.87579 134.139
7.88153 131.575
7.88726 129.963
7.893 128.08
7.89873 126.163
7.90447 124.55
7.91021 128.562
7.91594 127.522
7.92168 132.964
7.92742 122.898
7.93315 120.038
7.93889 117.886
7.94462 117.103
7.95036 117.165
7.9561 116
7.96183 116.153
7.96757 115.528
7.9733 114.832
7.97904 114.315
7.98478 113.553
7.99051 114.913
7.99625 114.533
8.00199 113.274
8.00772 112.689
8.01346 112.476
8.01919 111.701
8.02493 110.967
8.03067 110.629
8.0364 110.001
8.04214 111.218
8.04788 110.166
8.05361 110.234
8.05935 110.272
8.06508 108.504
8.07082 109.562
8.07656 110.028
8.08229 109.184
8.08803 109.263
8.09376 109.377
8.0995 107.733
8.10524 105.44
8.11097 104.396
8.11671 102.149
8.12245 100.292
8.12818 101.967
8.13392 100.133
8.13965 96.2428
8.14539 96.3793
8.15113 96.2807
8.15686 88.5465
8.1626 92.7447
8.16834 93.9408
8.17407 94.8567
8.17981 93.9754
8.18554 96.5439
8.19128 96.2869
8.19702 96.9657
8.20275 96.5453
8.20849 94.201
8.21422 96.803
8.21996 95.6609
8.2257 95.9757
8.23143 94.9389
8.23717 96.0693
8.24291 96.9577
8.24864 95.3169
8.25438 96.9102
8.26011 95.2343
8.26585 96.1857
8.27159 95.7024
8.27732 96.5432
8.28306 94.3198
8.2888 95.7878
8.29453 95.8344
8.30027 94.5029
8.306 95.4959
8.31174 95.5537
8.31748 96.0503
8.32321 95.3613
8.32895 94.0643
8.33468 94.6146
8.34042 94.4925
8.34616 94.6464
8.35189 93.6176
8.35763 94.7829
8.36337 94.0547
8.3691 94.5128
8.37484 94.4238
8.38057 93.9643
8.38631 94.1681
8.39205 92.7929
8.39778 93.451
8.40352 95.5093
8.40926 92.7328
8.41499 93.5073
8.42073 93.0143
8.42646 95.6199
8.4322 95.8592
8.43794 98.4883
8.44367 97.3865
8.44941 96.1995
8.45514 92.473
8.46088 92.5013
8.46662 92.9819
8.47235 92.8311
8.47809 92.7473
8.48383 93.2225
8.48956 91.5733
8.4953 92.7175
8.50103 91.0891
8.50677 90.2773
8.51251 91
8.51824 91.5698
8.52398 92.6958
8.52972 89.5347
8.53545 92.9739
8.54119 91.2733
8.54692 91.8909
8.55266 92.1749
8.5584 91.5209
8.56413 93.3404
8.56987 89.8359
8.5756 91.5566
8.58134 90.7957
8.58708 89.7306
8.59281 93.3333
8.59855 93.8978
8.60429 93.0205
8.61002 91.0645
8.61576 88.4912
8.62149 90.6077
8.62723 91.2075
8.63297 92.4103
8.6387 92.2609
8.64444 90.9077
8.65018 89.9141
8.65591 92.3007
8.66165 97.2453
8.66738 92.4306
8.67312 91
8.67886 90.6667
8.68459 91.1536
8.69033 88.1355
8.69606 90.3236
8.7018 90.4688
8.70754 90.776
8.71327 91.3142
8.71901 88.6695
8.72475 90.8992
8.73048 90.7621
8.73622 88.8362
8.74195 92.1331
8.74769 91.9407
8.75343 92.0513
8.75916 91.4576
8.7649 87.4174
8.77064 89.322
8.77637 89.9241
8.78211 90.9862
8.78784 90.7773
8.79358 88.3842
8.79932 91.886
8.80505 89.5869
8.81079 87.5961
8.81652 90.0853
8.82226 88.6166
8.828 93.787
8.83373 96.4146
8.83947 90
8.84521 93.0927
8.85094 92.4894
8.85668 89.7026
8.86241 90.5282
8.86815 91.8736
8.87389 91.0667
8.87962 90.104
8.88536 90.326
8.8911 91.4225
8.89683 89.179
8.90257 91.6831
8.9083 91.7457
8.91404 92.7375
8.91978 96.2971
8.92551 95.0828
8.93125 101.616
8.93698 100.325
8.94272 95.651
8.94846 98.5455
8.95419 94.604
8.95993 92.3311
8.96567 92.6211
8.9714 94.2677
8.97714 92.3987
8.98287 94.1189
8.98861 92.763
8.99435 96
9.00008 96.2564
9.00582 98.8355
9.01156 99.687
9.01729 98.3415
9.02303 97.4357
9.02876 99.4188
9.0345 96.3902
9.04024 96.8605
9.04597 104.423
9.05171 97.0157
9.05744 96.314
9.06318 99.1359
9.06892 94.2689
9.07465 99.9896
9.08039 91.4444
9.08613 90.4953
9.09186 100.438
9.0976 86.8558
9.10333 88.8438
9.10907 93.0612
9.11481 86.7396
9.12054 93.5455
9.12628 86.3878
9.13202 90.061
9.13775 92.1957
9.14349 92.9524
9.14922 92.5
9.15496 85.6219
9.1607 93.3649
9.16643 86.8125
9.17217 84.8767
9.1779 89.6711
9.18364 83.0857
9.18938 86.2353
9.19511 81.2941
9.20085 87.4762
9.20659 82.6923
9.21232 82.6333
9.21806 81.4098
9.22379 77.5636
9.22953 86.1455
9.23527 80.5849
9.241 82.625
9.24674 75.1225
9.25248 78.9362
9.25821 76.6222
9.26395 78.1136
9.26968 76.6744
9.27542 76.7949
9.28116 77.8
9.28689 72.2
9.29263 65.6364
9.29836 71.8485
9.3041 66.697
9.30984 65.3929
9.31557 62.2963
9.32131 62.037
9.32705 53.5
9.33278 54.0435
9.33852 51.6316
9.34425 57.4444
9.34999 43.2353
9.35573 44.3571
9.36146 53.9091
9.3672 31
9.37294 35.5
9.37867 23.6667
9.38441 21.3333
9.39014 11.25
9.39588 0
9.40162 0
9.40735 0
9.41309 0
9.41882 0
9.42456 0
9.4303 0
9.43603 0
9.44177 0
9.44751 0
9.45324 0
9.45898 0
9.46471 0
9.47045 0
9.47619 0
9.48192 0
9.48766 0
9.4934 0
9.49913 0
9.50487 0
9.5106 0
9.51634 0
9.52208 0
9.52781 0
9.53355 0
9.53928 0
9.54502 0
9.55076 0
9.55649 0
9.56223 0
9.56797 0
9.5737 0
9.57944 0
9.58517 0
9.59091 0
9.59665 0
9.60238 0
9.60812 0
9.61386 0
9.61959 0
9.62533 0
9.63106 0
9.6368 0
9.64254 0
9.64827 0
9.65401 0
9.65974 0
9.66548 0
9.67122 0
9.67695 0
9.68269 0
9.68843 0
9.69416 0
9.6999 0
9.70563 0
9.71137 0
9.71711 0
9.72284 0
9.72858 0
9.73432 0
9.74005 0
9.74579 0
9.75152 0
9.75726 0
9.763 0
9.76873 0
9.77447 0
9.7802 0
9.78594 0
9.79168 0
9.79741 0
9.80315 0
9.80889 0
9.81462 0
9.82036 0
9.82609 0
9.83183 0
9.83757 0
9.8433 0
9.84904 0
9.85478 0
9.86051 0
9.86625 0
9.87198 0
9.87772 0
9.88346 0
9.88919 0
9.89493 0
9.90066 0
9.9064 0
9.91214 0
9.91787 0
9.92361 0
9.92935 0
9.93508 0
9.94082 0
9.94655 0
9.95229 0
9.95803 0
9.96376 0
9.9695 0
9.97524 0
9.98097 0
9.98671 0
9.99244 0
9.99818 0
10.0039 0
10.0097 0
10.0154 0
10.0211 0
10.0269 0
10.0326 0
10.0383 0
10.0441 0
10.0498 0
10.0555 0
10.0613 0
10.067 0
10.0728 0
10.0785 0
10.0842 0
10.09 0
10.0957 0
10.1014 0
10.1072 0
10.1129 0
10.1186 0
10.1244 0
10.1301 0
10.1358 0
10.1416 0
10.1473 0
10.1531 0
10.1588 0
10.1645 0
10.1703 0
10.176 0
10.1817 0
10.1875 0
10.1932 0
10.1989 0
10.2047 0
10.2104 0
10.2162 0
10.2219 0
10.2276 0
10.2334 0
10.2391 0
10.2448 0
10.2506 0
10.2563 0
10.262 0
10.2678 0
10.2735 0
10.2793 0
10.285 0
10.2907 0
10.2965 0
10.3022 0
10.3079 0
10.3137 0
10.3194 0
10.3251 0
10.3309 0
10.3366 0
10.3424 0
10.3481 0
10.3538 0
10.3596 0
10.3653 0
10.371 0
10.3768 0
10.3825 0
10.3882 0
10.394 0
10.3997 0
10.4054 0
10.4112 0
10.4169 0
10.4227 0
10.4284 0
10.4341 0
10.4399 0
10.4456 0
10.4513 0
10.4571 0
10.4628 0
10.4685 0
10.4743 0
10.48 0
10.4858 0
10.4915 0
10.4972 0
10.503 0
10.5087 0
10.5144 0
10.5202 0
10.5259 0
10.5316 0
10.5374 0
10.5431 0
10.5489 0
10.5546 0
10.5603 0
10.5661 0
10.5718 0
10.5775 0
10.5833 0
10.589 0
10.5947 0
10.6005 0
10.6062 0
10.612 0
10.6177 0
10.6234 0
10.6292 0
10.6349 0
10.6406 0
10.6464 0
10.6521 0
10.6578 0
10.6636 0
10.6693 0
10.6751 0
10.6808 0
10.6865 0
10.6923 0
10.698 0
10.7037 0
10.7095 0
10.7152 0
10.7209 0
10.7267 0
10.7324 0
10.7381 0
10.7439 0
10.7496 0
10.7554 0
10.7611 0
10.7668 0
10.7726 0
10.7783 0
10.784 0
10.7898 0
10.7955 0
10.8012 0
10.807 0
10.8127 0
10.8185 0
10.8242 0
10.8299 0
10.8357 0
10.8414 0
10.8471 0
10.8529 0
10.8586 0
10.8643 0
10.8701 0
10.8758 0
10.8816 0
10.8873 0
10.893 0
10.8988 0
10.9045 0
10.9102 0
10.916 0
10.9217 0
10.9274 0
10.9332 0
10.9389 0
10.9447 0
10.9504 0
10.9561 0
10.9619 0
10.9676 0
10.9733 0
10.9791 0
10.9848 0
10.9905 0
10.9963 0
11.002 0
11.0077 0
11.0135 0
11.0192 0
11.025 0
11.0307 0
11.0364 0
11.0422 0
11.0479 0
11.0536 0
11.0594 0
11.0651 0
11.0708 0
11.0766 0
11.0823 0
11.0881 0
11.0938 0
11.0995 0
11.1053 0
11.111 0
11.1167 0
11.1225 0
11.1282 0
11.1339 0
11.1397 0
11.1454 0
11.1512 0
11.1569 0
11.1626 0
11.1684 0
11.1741 0
11.1798 0
11.1856 0
11.1913 0
11.197 0
11.2028 0
11.2085 0
11.2143 0
11.22 0
11.2257 0
11.2315 0
11.2372 0
11.2429 0
11.2487 0
11.2544 0
11.2601 0
11.2659 0
11.2716 0
11.2774 0
11.2831 0
11.2888 0
11.2946 0
11.3003 0
11.306 0
11.3118 0
11.3175 0
11.3232 0
11.329 0
11.3347 0
11.3404 0
11.3462 0
11.3519 0
11.3577 0
11.3634 0
11.3691 0
11.3749 0
11.3806 0
11.3863 0
11.3921 0
11.3978 0
11.4035 0
11.4093 0
11.415 0
11.4208 0
11.4265 0
11.4322 0
11.438 0
11.4437 0
11.4494 0
11.4552 0
11.4609 0
11.4666 0
11.4724 0
11.4781 0
11.4839 0
11.4896 0
11.4953 0
11.5011 0
11.5068 0
11.5125 0
11.5183 0
11.524 0
11.5297 0
11.5355 0
11.5412 0
11.547 0
11.5527 0
11.5584 0
11.5642 0
11.5699 0
11.5756 0
11.5814 0
11.5871 0
11.5928 0
11.5986 0
11.6043 0
11.61 0
11.6158 0
11.6215 0
11.6273 0
11.633 0
11.6387 0
11.6445 0
11.6502 0
11.6559 0
11.6617 0
11.6674 0
11.6731 0
11.6789 0
11.6846 0
11.6904 0
11.6961 0
11.7018 0
11.7076 0
11.7133 0
11.719 0
11.7248 0
11.7305 0
11.7362 0
11.742 0
