0 0
0.00573619 -3
0.0114724 0
0.0172086 11
0.0229448 3
0.028681 7.66667
0.0344171 5
0.0401533 4
0.0458895 -11.2
0.0516257 3
0.0573619 -9.16667
0.0630981 2.57143
0.0688343 4.28571
0.0745705 -3.33333
0.0803067 -4.22222
0.0860429 3.33333
0.091779 -6.75
0.0975152 -1.53846
0.103251 -2.88889
0.108988 4.88889
0.114724 3.6
0.12046 2.09091
0.126196 4.46667
0.131932 0.25
0.137669 1.4
0.143405 -3.69231
0.149141 7.76923
0.154877 -3.25
0.160613 2.86667
0.16635 5.2
0.172086 -3
0.177822 0.210526
0.183558 0.352941
0.189294 0.714286
0.19503 -1.57143
0.200767 -0.952381
0.206503 0.294118
0.212239 -4.77778
0.217975 1.90476
0.223711 5.29412
0.229448 -1.875
0.235184 -1.56522
0.24092 2.27273
0.246656 -1.27778
0.252392 3.32
0.258129 0
0.263865 3.38095
0.269601 -0.25
0.275337 4.24138
0.281073 -3.2
0.28681 0.5
0.292546 -2.32
0.298282 4.65517
0.304018 -6.22222
0.309754 0.133333
0.31549 -1.41935
0.321227 0.888889
0.326963 0.666667
0.332699 2.70968
0.338435 -3.54545
0.344171 -5.75
0.349908 -0.371429
0.355644 1.2
0.36138 0.83871
0.367116 -0.441176
0.372852 1.24242
0.378589 5.56757
0.384325 -1.75
0.390061 4.20513
0.395797 2.53846
0.401533 2.42308
0.40727 5.93023
0.413006 1.02703
0.418742 7.325
0.424478 8.52941
0.430214 11
0.43595 6.39024
0.441687 11.125
0.447423 7
0.453159 6.28205
0.458895 5.37209
0.464631 7.95455
0.470368 2.95122
0.476104 6.55319
0.48184 13.1667
0.487576 10.0192
0.493312 9.65854
0.499049 8.9
0.504785 10.0877
0.510521 9.13333
0.516257 9.72093
0.521993 9.59091
0.52773 13.8868
0.533466 11.8
0.539202 15.8125
0.544938 9.70588
0.550674 11.1538
0.55641 13.9792
0.562147 10.9412
0.567883 13.9474
0.573619 13.4667
0.579355 8.25926
0.585091 10.3684
0.590828 14.566
0.596564 8.70833
0.6023 12.9643
0.608036 5.92308
0.613772 11
0.619509 9.93103
0.625245 11.661
0.630981 12.2909
0.636717 13.0345
0.642453 15.5088
0.64819 12.746
0.653926 12.4423
0.659662 14.2154
0.665398 12.3594
0.671134 15.3684
0.67687 16.371
0.682607 16.127
0.688343 16.5522
0.694079 11.1111
0.699815 17.1304
0.705551 16.5692
0.711288 17.1455
0.717024 20.3649
0.72276 14.9344
0.728496 12.4571
0.734232 14.8125
0.739969 17.2464
0.745705 18.169
0.751441 16.0517
0.757177 15.7403
0.762913 17.2687
0.76865 17.1014
0.774386 11.9853
0.780122 13.7808
0.785858 14.4935
0.791594 14.35
0.79733 11.4878
0.803067 13.8406
0.808803 12.7
0.814539 18.0247
0.820275 15.6338
0.826011 13.6623
0.831748 13.9028
0.837484 14.4824
0.84322 13.2571
0.848956 16.0556
0.854692 13.4588
0.860429 11.037
0.866165 14.4932
0.871901 12.7
0.877637 17.2651
0.883373 12.2597
0.88911 13.7564
0.894846 14.0235
0.900582 16.8193
0.906318 12.8243
0.912054 12.7222
0.91779 13.4138
0.923527 15.2338
0.929263 12.1977
0.934999 15.8571
0.940735 15.2963
0.946471 16.7976
0.952208 18.5647
0.957944 17.2043
0.96368 17.3846
0.969416 16.8105
0.975152 11.8333
0.980889 14.3529
0.986625 15.1279
0.992361 12.8316
0.998097 13.9684
1.00383 16.0875
1.00957 16.2626
1.01531 15.2268
1.02104 14.4643
1.02678 13.875
1.03251 15.4505
1.03825 16.02
1.04399 15.4302
1.04972 16.4851
1.05546 15.3861
1.0612 15.9512
1.06693 15.1121
1.07267 17.1868
1.0784 13.9709
1.08414 14.5204
1.08988 17.8
1.09561 17.7524
1.10135 18.8953
1.10708 14.9273
1.11282 12.5158
1.11856 16.7653
1.12429 14.1333
1.13003 15.2095
1.13577 17.2381
1.1415 14.3333
1.14724 17.211
1.15297 14.84
1.15871 16.44
1.16445 15.6087
1.17018 15.1048
1.17592 13.4112
1.18166 13.5521
1.18739 13.874
1.19313 12.3303
1.19886 15.5146
1.2046 13.9478
1.21034 12.4579
1.21607 17.7455
1.22181 16.4
1.22754 13.5385
1.23328 12.3364
1.23902 15.2321
1.24475 13.7143
1.25049 13.3394
1.25623 11.3519
1.26196 12.4017
1.2677 11.7097
1.27343 14.955
1.27917 13.8644
1.28491 14.5169
1.29064 15.0177
1.29638 13.2414
1.30212 15.7265
1.30785 12.563
1.31359 13.681
1.31932 14.2126
1.32506 16.9916
1.3308 14.431
1.33653 14.6667
1.34227 13.6471
1.348 14.1181
1.35374 15.5752
1.35948 14.904
1.36521 15.6031
1.37095 13.0364
1.37669 12.4892
1.38242 14.7541
1.38816 14.7405
1.39389 14.9831
1.39963 12.3712
1.40537 15.6124
1.4111 14.0714
1.41684 12.6294
1.42258 17.4741
1.42831 13.7273
1.43405 12.5077
1.43978 11.4741
1.44552 15.058
1.45126 12.9661
1.45699 15.1206
1.46273 11.9015
1.46846 13.7381
1.4742 15.1678
1.47994 13.2791
1.48567 13.5639
1.49141 12.1692
1.49715 14.0336
1.50288 14.5401
1.50862 10.9113
1.51435 12.8836
1.52009 15.8156
1.52583 13.145
1.53156 14.9481
1.5373 15.0136
1.54304 12.3617
1.54877 14.0882
1.55451 14.7383
1.56024 12.5328
1.56598 11.6214
1.57172 13.4894
1.57745 12.7162
1.58319 14.2837
1.58892 15.1972
1.59466 14.6467
1.6004 14.3706
1.60613 14.0797
1.61187 13.1812
1.61761 13.3567
1.62334 12.6466
1.62908 13.871
1.63481 13.1192
1.64055 12.6267
1.64629 14.0342
1.65202 13.3311
1.65776 15.6623
1.6635 13.4161
1.66923 15.1384
1.67497 12.5215
1.6807 12.146
1.68644 12.1582
1.69218 13.7593
1.69791 13.7778
1.70365 13.8243
1.70938 11.7244
1.71512 12.5583
1.72086 10.7941
1.72659 12.6821
1.73233 12.129
1.73807 12.2876
1.7438 13.494
1.74954 14.0566
1.75527 12.6402
1.76101 12.4926
1.76675 15.3315
1.77248 12.4756
1.77822 11.5102
1.78396 12.6905
1.78969 14.6752
1.79543 12.3757
1.80116 13.828
1.8069 12.731
1.81264 12.0898
1.81837 13.9733
1.82411 15.2
1.82984 13.3292
1.83558 13.3515
1.84132 15.7636
1.84705 12.426
1.85279 13.1579
1.85853 11.9688
1.86426 14.8814
1.87 13.5523
1.87573 13.85
1.88147 14.0395
1.88721 12.6686
1.89294 12.7977
1.89868 14.3882
1.90442 16.4828
1.91015 17.2189
1.91589 28.9702
1.92162 29.9091
1.92736 17.7571
1.9331 16.5774
1.93883 16.2733
1.94457 18.4709
1.9503 15.3647
1.95604 17.4651
1.96178 13.3591
1.96751 13.573
1.97325 15.6503
1.97899 15.0321
1.98472 14.5745
1.99046 14.2514
1.99619 12.0055
2.00193 14.1105
2.00767 13.5085
2.0134 13.9593
2.01914 12.5851
2.02488 13.555
2.03061 14.2486
2.03635 16.0319
2.04208 14.0757
2.04782 14.2128
2.05356 14.2634
2.05929 12.3536
2.06503 15.58
2.07076 15.3636
2.0765 14.2073
2.08224 13.852
2.08797 14.9422
2.09371 14.4747
2.09945 16.3838
2.10518 15.3116
2.11092 14.3155
2.11665 16.9179
2.12239 14.7005
2.12813 14.0888
2.13386 16.0547
2.1396 13.8342
2.14534 13.7949
2.15107 14.5508
2.15681 14.593
2.16254 13.8713
2.16828 13.913
2.17402 15.9716
2.17975 14.435
2.18549 12.4974
2.19122 16.6782
2.19696 15.5842
2.2027 15.8488
2.20843 22.8315
2.21417 27.434
2.21991 33.8967
2.22564 24.4372
2.23138 16.5829
2.23711 17.8019
2.24285 15.024
2.24859 16.5573
2.25432 15.2968
2.26006 15.4612
2.2658 15.6613
2.27153 17.4791
2.27727 13.0806
2.283 13.2637
2.28874 13.8873
2.29448 15.5586
2.30021 15.0806
2.30595 13.7121
2.31168 16.3796
2.31742 13.8937
2.32316 16.3029
2.32889 15.6636
2.33463 14.1455
2.34037 15.3709
2.3461 14.1934
2.35184 18.0679
2.35757 19.8627
2.36331 16.7944
2.36905 21.447
2.37478 19.5766
2.38052 18.2949
2.38626 19.1263
2.39199 19.0684
2.39773 19.6957
2.40346 18.9041
2.4092 24.5471
2.41494 18.5204
2.42067 16.6959
2.42641 19
2.43214 17.3939
2.43788 15.9807
2.44362 16.9912
2.44935 16.4163
2.45509 17.3615
2.46083 14.7742
2.46656 15.4541
2.4723 16.1134
2.47803 17.6047
2.48377 16.1018
2.48951 17.0342
2.49524 15.2851
2.50098 15.625
2.50672 17.6283
2.51245 16.7768
2.51819 16.7037
2.52392 16.1303
2.52966 14.6569
2.5354 16.0833
2.54113 17.3292
2.54687 16.5411
2.5526 16.1822
2.55834 16.9009
2.56408 16.0809
2.56981 17.0579
2.57555 18.0045
2.58129 16.2814
2.58702 17.8159
2.59276 17.2593
2.59849 16.7288
2.60423 18.0254
2.60997 18.6805
2.6157 15.8211
2.62144 16.9102
2.62718 17.0936
2.63291 17.1548
2.63865 17.9614
2.64438 17.0206
2.65012 17.108
2.65586 17.7232
2.66159 15.8696
2.66733 17.0697
2.67306 15.4043
2.6788 17.5898
2.68454 19.605
2.69027 16.5944
2.69601 18.313
2.70175 17.9844
2.70748 18.1029
2.71322 17.1266
2.71895 19.7203
2.72469 18.1193
2.73043 17.1654
2.73616 19.1125
2.7419 17.9767
2.74764 17.1581
2.75337 16.9913
2.75911 17.0989
2.76484 17.7302
2.77058 18.0741
2.77632 17.749
2.78205 16.1111
2.78779 18.695
2.79352 17.8443
2.79926 18.1504
2.805 18.6667
2.81073 17.7934
2.81647 17.4704
2.82221 17.0684
2.82794 17.5714
2.83368 18.8167
2.83941 19.0542
2.84515 15.448
2.85089 19.2093
2.85662 19.9476
2.86236 17.8206
2.8681 18.8618
2.87383 19.3132
2.87957 18.2878
2.8853 19.8353
2.89104 20.673
2.89678 18.8906
2.90251 17.8008
2.90825 18.3858
2.91398 20.0182
2.91972 20.7545
2.92546 20.6757
2.93119 16.1057
2.93693 19.5199
2.94267 19.7099
2.9484 21.2717
2.95414 18.2685
2.95987 19.9245
2.96561 21.1615
2.97135 22.0676
2.97708 22.2766
2.98282 28.4542
2.98856 58.775
2.99429 71.1464
3.00003 30.1896
3.00576 26.5437
3.0115 22.989
3.01724 22.09
3.02297 22.5344
3.02871 20.554
3.03444 21.6774
3.04018 19.7662
3.04592 20.8235
3.05165 22.2581
3.05739 20.636
3.06313 20.5992
3.06886 23.3412
3.0746 22.2281
3.08033 22.4312
3.08607 21.7553
3.09181 22.4457
3.09754 24.7059
3.10328 25.0752
3.10902 26.3801
3.11475 25.4644
3.12049 24.3223
3.12622 25.331
3.13196 28.2456
3.1377 28.9267
3.14343 33.0179
3.14917 29.1038
3.1549 25.7801
3.16064 25.5478
3.16638 25.9835
3.17211 23.8507
3.17785 26.0717
3.18359 25.7563
3.18932 25.7
3.19506 22.7138
3.20079 24.1636
3.20653 26.6352
3.21227 25.8259
3.218 27.1076
3.22374 25.7639
3.22948 27.2508
3.23521 28.9902
3.24095 30.6729
3.24668 29.746
3.25242 27.5867
3.25816 27.0493
3.26389 28.4194
3.26963 27.2842
3.27536 28.9835
3.2811 27.8235
3.28684 29.2625
3.29257 31.4295
3.29831 29.7143
3.30405 30.5577
3.30978 31.9607
3.31552 32.102
3.32125 33.2881
3.32699 32.5648
3.33273 33.1154
3.33846 34.0138
3.3442 34.0564
3.34994 33.875
3.35567 32.5149
3.36141 34.9148
3.36714 35.625
3.37288 45.4984
3.37862 59.4471
3.38435 53.2677
3.39009 77.0875
3.39582 103.444
3.40156 39.2767
3.4073 40.127
3.41303 36.0264
3.41877 35.7756
3.42451 35.8824
3.43024 33.8726
3.43598 33.165
3.44171 31.7022
3.44745 33.5877
3.45319 33.7053
3.45892 33.7613
3.46466 34.2036
3.4704 32.7874
3.47613 34.5
3.48187 34.3012
3.4876 34.7651
3.49334 37.3206
3.49908 36.5605
3.50481 36.2687
3.51055 35.1875
3.51628 37.7419
3.52202 39.2708
3.52776 41.5062
3.53349 41.6384
3.53923 45.3272
3.54497 52.3605
3.5507 54.697
3.55644 53.2733
3.56217 47.0716
3.56791 44.8553
3.57365 40.8447
3.57938 42.0468
3.58512 41.9292
3.59086 41.4076
3.59659 41.9444
3.60233 40.7522
3.60806 41.6
3.6138 43.6857
3.61954 44.0776
3.62527 45.5964
3.63101 46.8224
3.63674 50.994
3.64248 54.6821
3.64822 55.6192
3.65395 58.4491
3.65969 57.2088
3.66543 57.8739
3.67116 55.2257
3.6769 57.5863
3.68263 61.1709
3.68837 58.5333
3.69411 58.434
3.69984 55.8329
3.70558 56.0212
3.71132 54.8373
3.71705 57.8058
3.72279 55.7318
3.72852 57.0687
3.73426 57.9313
3.74 58.2275
3.74573 59.8734
3.75147 60.1503
3.7572 60.5763
3.76294 62.6087
3.76868 63.4049
3.77441 65.429
3.78015 66.4262
3.78589 68.1909
3.79162 69.6939
3.79736 72.703
3.80309 75.9702
3.80883 77.194
3.81457 81.6093
3.8203 88.538
3.82604 94.5427
3.83178 102.734
3.83751 117.725
3.84325 160.111
3.84898 246.83
3.85472 293.113
3.86046 302.659
3.86619 299.979
3.87193 362.21
3.87766 452.228
3.8834 590.173
3.88914 749.408
3.89487 874.635
3.90061 819.414
3.90635 672.613
3.91208 529.419
3.91782 387.805
3.92355 292.48
3.92929 232.848
3.93503 187.824
3.94076 159.226
3.9465 134.932
3.95224 120.65
3.95797 109.706
3.96371 98.1534
3.96944 95.5469
3.97518 90.7711
3.98092 86.0673
3.98665 83.6721
3.99239 81.1084
3.99812 77.0931
4.00386 74.3621
4.0096 76.9891
4.01533 73.5658
4.02107 72.1543
4.02681 73.1792
4.03254 72.6176
4.03828 73.5041
4.04401 71.3196
4.04975 71.7399
4.05549 70.875
4.06122 68.7486
4.06696 65.5
4.0727 66.8883
4.07843 65.9606
4.08417 65.065
4.0899 66.2205
4.09564 64.8112
4.10138 62.6246
4.10711 65.0156
4.11285 64.3087
4.11858 64.9
4.12432 64.5263
4.13006 64.5217
4.13579 64.1429
4.14153 62.2949
4.14727 64.8015
4.153 64.6824
4.15874 64.8782
4.16447 64.4413
4.17021 64.9065
4.17595 63.3974
4.18168 65.12
4.18742 64.7132
4.19316 65.2854
4.19889 65.6695
4.20463 68.3177
4.21036 69.1359
4.2161 67.443
4.22184 63.5168
4.22757 66.216
4.23331 64.0644
4.23904 65.7514
4.24478 66.194
4.25052 65.855
4.25625 66.6694
4.26199 66.2306
4.26773 66.399
4.27346 67.6846
4.2792 68.9199
4.28493 68.9696
4.29067 70.0076
4.29641 72.7397
4.30214 72.4691
4.30788 72.2475
4.31362 72.2123
4.31935 74.2872
4.32509 76.79
4.33082 78.0943
4.33656 79.416
4.3423 80.4831
4.34803 81.8396
4.35377 85.0429
4.3595 86.6889
4.36524 92
4.37098 94.8756
4.37671 97.4921
4.38245 100.725
4.38819 105.397
4.39392 112.462
4.39966 115.964
4.40539 125.12
4.41113 133.31
4.41687 149.428
4.4226 174.978
4.42834 218.06
4.43408 357.629
4.43981 810.635
4.44555 1756.67
4.45128 7343.36
4.45702 10555.4
4.46276 4226.33
4.46849 1366.52
4.47423 695.659
4.47996 392.845
4.4857 326.861
4.49144 311.093
4.49717 287.243
4.50291 286.985
4.50865 273.355
4.51438 252.779
4.52012 225.058
4.52585 196.327
4.53159 174.8
4.53733 152.433
4.54306 135.103
4.5488 120.016
4.55454 109.923
4.56027 101.23
4.56601 93.0376
4.57174 88.198
4.57748 82.0535
4.58322 78.1766
4.58895 75.7257
4.59469 71.5873
4.60042 69.4976
4.60616 69.5
4.6119 66.158
4.61763 65.1333
4.62337 62.7298
4.62911 63.6906
4.63484 62.6565
4.64058 60.31
4.64631 58.9243
4.65205 57.8685
4.65779 56.8275
4.66352 55.9224
4.66926 53.6063
4.675 54.8395
4.68073 54.1167
4.68647 52.4328
4.6922 53.9395
4.69794 52.1652
4.70368 52.222
4.70941 53.0327
4.71515 51.193
4.72088 51.9954
4.72662 51.9186
4.73236 52.777
4.73809 53.2609
4.74383 51.1049
4.74957 52.0888
4.7553 50.4935
4.76104 49.6569
4.76677 50.3271
4.77251 48.2867
4.77825 49.5395
4.78398 48.5044
4.78972 48.5789
4.79546 47.58
4.80119 49.7034
4.80693 46.1313
4.81266 46.1908
4.8184 44.977
4.82414 44.9353
4.82987 46.9229
4.83561 45.6674
4.84134 47.6717
4.84708 46.8079
4.85282 51.4273
4.85855 48.9912
4.86429 44.1663
4.87003 43.8152
4.87576 42.1911
4.8815 41.2894
4.88723 42.952
4.89297 43.8634
4.89871 41.9093
4.90444 41.5695
4.91018 42.1762
4.91592 42.8695
4.92165 40.8312
4.92739 41.8584
4.93312 43.3761
4.93886 44.4595
4.9446 41.7431
4.95033 40.597
4.95607 41.1626
4.9618 41.4933
4.96754 43.6147
4.97328 42.9957
4.97901 50.1923
4.98475 44.6145
4.99049 43.2696
4.99622 40.8875
5.00196 39.1067
5.00769 39.7627
5.01343 41.2517
5.01917 38.5062
5.0249 39.8474
5.03064 40.3391
5.03638 41.1039
5.04211 39.413
5.04785 41.0972
5.05358 39.562
5.05932 40.0367
5.06506 40.4176
5.07079 40.736
5.07653 43.3949
5.08226 39.2588
5.088 38.8905
5.09374 37.8397
5.09947 38.2196
5.10521 39.2807
5.11095 37.9637
5.11668 39.547
5.12242 38.5044
5.12815 39.0658
5.13389 40.3264
5.13963 38.0991
5.14536 37.5815
5.1511 39.1261
5.15684 39.4426
5.16257 37.8413
5.16831 40.5966
5.17404 40.0525
5.17978 38.5628
5.18552 39.5236
5.19125 38.8675
5.19699 39.5129
5.20272 40.14
5.20846 38.9714
5.2142 38.6169
5.21993 39.2457
5.22567 37.7752
5.23141 37.9
5.23714 38.3333
5.24288 38.7335
5.24861 39.5678
5.25435 37.6515
5.26009 38.3402
5.26582 38.2985
5.27156 38.5174
5.2773 38.3792
5.28303 38.3529
5.28877 40.055
5.2945 37.9143
5.30024 41.0249
5.30598 38.9314
5.31171 39.7816
5.31745 40.5477
5.32318 38.7215
5.32892 38.7798
5.33466 38.7485
5.34039 42.334
5.34613 42.2914
5.35187 52.731
5.3576 42.7984
5.36334 41.2981
5.36907 40.6402
5.37481 39.3506
5.38055 39.5468
5.38628 42.3539
5.39202 42.9111
5.39776 44.0181
5.40349 42.977
5.40923 42.4291
5.41496 42.1156
5.4207 40.921
5.42644 38.4747
5.43217 40.7992
5.43791 40.9567
5.44364 39.2432
5.44938 41.2172
5.45512 42.3032
5.46085 41.4244
5.46659 39.5498
5.47233 40.7823
5.47806 39.3129
5.4838 38.5636
5.48953 39.2441
5.49527 39.6071
5.50101 38.9371
5.50674 39.3928
5.51248 40.837
5.51822 40.5511
5.52395 40.2635
5.52969 41.4495
5.53542 41.4556
5.54116 40.4589
5.5469 41.5757
5.55263 42.1863
5.55837 41.8354
5.5641 42.0456
5.56984 41.8373
5.57558 40.2539
5.58131 41.3406
5.58705 41.0344
5.59279 40.5039
5.59852 42.5606
5.60426 43.2823
5.60999 42.309
5.61573 42.7529
5.62147 43.0322
5.6272 42.4653
5.63294 41.6385
5.63868 44.4702
5.64441 44.0206
5.65015 44.0962
5.65588 43.1107
5.66162 44.1037
5.66736 44.4324
5.67309 43.7927
5.67883 44.1577
5.68456 43.7515
5.6903 45.0739
5.69604 45.1522
5.70177 44.4793
5.70751 44.6949
5.71325 45.447
5.71898 45.9383
5.72472 46.1358
5.73045 44.954
5.73619 45.7747
5.74193 46.0148
5.74766 46.9586
5.7534 46.1015
5.75914 46.7337
5.76487 47.3146
5.77061 49.9139
5.77634 48.8673
5.78208 54.242
5.78782 49.3168
5.79355 48.2644
5.79929 48.5408
5.80502 49.4128
5.81076 49.352
5.8165 48.5577
5.82223 48.1173
5.82797 49.2776
5.83371 48.8498
5.83944 50.0095
5.84518 50.1355
5.85091 50.185
5.85665 49.5919
5.86239 50.385
5.86812 50.4337
5.87386 51.0843
5.8796 50.4404
5.88533 51.2109
5.89107 52.3642
5.8968 51.4344
5.90254 52.206
5.90828 52.6588
5.91401 53.3526
5.91975 53.2023
5.92548 54.6286
5.93122 55.0721
5.93696 60.0112
5.94269 80.3582
5.94843 74.4348
5.95417 117.718
5.9599 70.4426
5.96564 66.558
5.97137 58.7053
5.97711 58.5695
5.98285 58.4885
5.98858 59.1241
5.99432 58.962
6.00006 60.2998
6.00579 61.7888
6.01153 63.2563
6.01726 63.37
6.023 63.0069
6.02874 63.6966
6.03447 63.4682
6.04021 63.7469
6.04594 62.8115
6.05168 65.4104
6.05742 66.6925
6.06315 65.7431
6.06889 66.5747
6.07463 67.8071
6.08036 68.0358
6.0861 68.7899
6.09183 69.7876
6.09757 71.8404
6.10331 71.5135
6.10904 72.2007
6.11478 74.9982
6.12052 74.9982
6.12625 76.3927
6.13199 78.4866
6.13772 79.5425
6.14346 78.6886
6.1492 82.4827
6.15493 83.9609
6.16067 83.6421
6.1664 86.8351
6.17214 87.8266
6.17788 91.2443
6.18361 92.0138
6.18935 95.6968
6.19509 100.403
6.20082 102.163
6.20656 108.482
6.21229 111.368
6.21803 118.802
6.22377 122.375
6.2295 126.895
6.23524 136.218
6.24098 139.924
6.24671 141.688
6.25245 160.451
6.25818 166.73
6.26392 186.115
6.26966 216.701
6.27539 285.697
6.28113 389.328
6.28686 857.413
6.2926 2532.96
6.29834 5912.3
6.30407 6161.98
6.30981 10166.1
6.31555 2997.97
6.32128 1602.08
6.32702 598.296
6.33275 376.947
6.33849 323.809
6.34423 262.06
6.34996 256.937
6.3557 255.079
6.36144 253.155
6.36717 261.802
6.37291 276.295
6.37864 271.688
6.38438 256.541
6.39012 236.886
6.39585 219.227
6.40159 193.721
6.40732 177.967
6.41306 160.829
6.4188 146.891
6.42453 136.815
6.43027 128.68
6.43601 123.448
6.44174 116.854
6.44748 114.879
6.45321 110.837
6.45895 110.624
6.46469 106.21
6.47042 104.08
6.47616 102.625
6.4819 97.0688
6.48763 95.6507
6.49337 93.0017
6.4991 91.3122
6.50484 90.2769
6.51058 88.3167
6.51631 88.5649
6.52205 86.1678
6.52778 86.8617
6.53352 86.7224
6.53926 83.3148
6.54499 84.4144
6.55073 83.3333
6.55647 81.8549
6.5622 83.6472
6.56794 81.521
6.57367 83.3417
6.57941 82.9781
6.58515 80.0871
6.59088 80.5502
6.59662 79.8879
6.60236 80.1038
6.60809 77.3585
6.61383 77.2997
6.61956 76.4843
6.6253 75.2765
6.63104 76.0912
6.63677 76.3072
6.64251 74.987
6.64824 74.6869
6.65398 74.4966
6.65972 73.7033
6.66545 74.6683
6.67119 74.1942
6.67693 76.3062
6.68266 75.0793
6.6884 74.5739
6.69413 74.2366
6.69987 73.7264
6.70561 73.5096
6.71134 74.2663
6.71708 73.628
6.72282 74.0589
6.72855 72.2827
6.73429 72.7604
6.74002 72.1131
6.74576 72.4735
6.7515 73.5107
6.75723 72.6153
6.76297 73.3498
6.7687 71.9338
6.77444 72.144
6.78018 69.902
6.78591 72.1872
6.79165 70.4945
6.79739 72.7169
6.80312 74.2764
6.80886 72.3742
6.81459 74.2621
6.82033 72.6756
6.82607 71.2877
6.8318 70.9394
6.83754 71.8968
6.84328 71.3338
6.84901 71.2022
6.85475 71.518
6.86048 71.3216
6.86622 71.3935
6.87196 71.7708
6.87769 71.0739
6.88343 70.9783
6.88916 70.2121
6.8949 71.1482
6.90064 71.3257
6.90637 70.1836
6.91211 71.3022
6.91785 69.8784
6.92358 70.8244
6.92932 71.6358
6.93505 71.7296
6.94079 70.1472
6.94653 71.5306
6.95226 71.0955
6.958 71.2661
6.96374 70.9316
6.96947 71.1578
6.97521 71.5651
6.98094 71.9151
6.98668 71.1712
6.99242 70.7792
6.99815 72.1489
7.00389 70.7132
7.00962 72.3072
7.01536 70.7825
7.0211 73.2269
7.02683 71.5305
7.03257 70.0812
7.03831 70.6058
7.04404 72.9773
7.04978 72.4205
7.05551 72.559
7.06125 72.8364
7.06699 72.2914
7.07272 72.4377
7.07846 72.1691
7.0842 72.7485
7.08993 73.3146
7.09567 74.0079
7.1014 73.7829
7.10714 74.6193
7.11288 75.5367
7.11861 74.5346
7.12435 75.6276
7.13008 74.878
7.13582 76.4519
7.14156 76.1754
7.14729 76.2222
7.15303 74.856
7.15877 75.5313
7.1645 76.2396
7.17024 75.5251
7.17597 75.8523
7.18171 75.6107
7.18745 75.8985
7.19318 76.4434
7.19892 76.9002
7.20466 76.9957
7.21039 79.7515
7.21613 79.4735
7.22186 78.4316
7.2276 77.5747
7.23334 78.0659
7.23907 77.4576
7.24481 79.1183
7.25054 80.2739
7.25628 79.9864
7.26202 81.1627
7.26775 81.5395
7.27349 82.5256
7.27923 81.4453
7.28496 81.0741
7.2907 82.3607
7.29643 84.3208
7.30217 82.7715
7.30791 82.6235
7.31364 85.4198
7.31938 85.6962
7.32512 86.8732
7.33085 86.4015
7.33659 89.0284
7.34232 87.6811
7.34806 90.0946
7.3538 90.9895
7.35953 91.2327
7.36527 95.4259
7.371 101.751
7.37674 125.638
7.38248 116.464
7.38821 260.7
7.39395 284.103
7.39969 345.624
7.40542 525.05
7.41116 333.542
7.41689 189.984
7.42263 143.526
7.42837 132.001
7.4341 130.039
7.43984 130.955
7.44558 136.587
7.45131 145.338
7.45705 155.787
7.46278 169.954
7.46852 190.27
7.47426 203.669
7.47999 211.625
7.48573 207.634
7.49146 193.569
7.4972 178.861
7.50294 162.271
7.50867 147.856
7.51441 134.475
7.52015 123.092
7.52588 114.625
7.53162 105.152
7.53735 100.553
7.54309 96.9016
7.54883 92.461
7.55456 90.0216
7.5603 87.4137
7.56604 86.0562
7.57177 83.7365
7.57751 82.125
7.58324 79.4395
7.58898 78.2219
7.59472 78.2944
7.60045 77.5319
7.60619 74.5091
7.61192 74.8282
7.61766 74.0639
7.6234 75.2853
7.62913 73.4366
7.63487 72.3887
7.64061 74.227
7.64634 71.3853
7.65208 71.4386
7.65781 73.0208
7.66355 72.3153
7.66929 71.4373
7.67502 70.7259
7.68076 71.8514
7.6865 70.5276
7.69223 72.2019
7.69797 72.9355
7.7037 73.3622
7.70944 77.1731
7.71518 86.1315
7.72091 99.2279
7.72665 188.925
7.73238 332.137
7.73812 113.88
7.74386 131.691
7.74959 100.277
7.75533 82.6408
7.76107 81.5202
7.7668 79.761
7.77254 82.9555
7.77827 85.4104
7.78401 90.3899
7.78975 94.4759
7.79548 100.505
7.80122 107.138
7.80696 112.114
7.81269 112.953
7.81843 108.621
7.82416 103.914
7.8299 97.4068
7.83564 89.8236
7.84137 85.2539
7.84711 80.2245
7.85284 76.066
7.85858 73.082
7.86432 70.865
7.87005 69.0883
7.87579 67.385
7.88153 65.8005
7.88726 66.8359
7.893 65.5658
7.89873 63.0095
7.90447 63.0556
7.91021 65.9493
7.91594 64.836
7.92168 71.9245
7.92742 67.267
7.93315 60.694
7.93889 59.0223
7.94462 59.5028
7.95036 59.7727
7.9561 59.2476
7.96183 58.8995
7.96757 58.7304
7.9733 60.6116
7.97904 59.9791
7.98478 59.0205
7.99051 58.3731
7.99625 59.21
8.00199 58.6455
8.00772 56.8025
8.01346 56.6715
8.01919 57.6955
8.02493 55.7695
8.03067 56.06
8.0364 56.1719
8.04214 57.1552
8.04788 56.7006
8.05361 56.456
8.05935 55.9616
8.06508 55.2936
8.07082 56.2131
8.07656 55.469
8.08229 55.8883
8.08803 56.8585
8.09376 55.5611
8.0995 54.561
8.10524 53.9403
8.11097 53.3738
8.11671 50.6196
8.12245 49.8711
8.12818 52.7563
8.13392 48.2351
8.13965 48.4961
8.14539 47.7953
8.15113 48.3914
8.15686 44.6499
8.1626 46.4465
8.16834 47.2398
8.17407 49.9698
8.17981 49.0399
8.18554 49.2989
8.19128 48.7439
8.19702 48.6059
8.20275 49.4712
8.20849 48.2487
8.21422 49.2414
8.21996 49.153
8.2257 49.3061
8.23143 48.6091
8.23717 47.8544
8.24291 49.1673
8.24864 48.5427
8.25438 49.5817
8.26011 49.9041
8.26585 48.8704
8.27159 48.2467
8.27732 48.6123
8.28306 47.1195
8.2888 48.3792
8.29453 46.91
8.30027 48.2351
8.306 46.918
8.31174 47.8905
8.31748 48.8954
8.32321 48.3742
8.32895 49.7033
8.33468 47.3276
8.34042 47.8443
8.34616 48.1866
8.35189 46.4955
8.35763 48.3882
8.36337 47.965
8.3691 48.5916
8.37484 47.2803
8.38057 47.6667
8.38631 47.5155
8.39205 47.0286
8.39778 47.3995
8.40352 47.5605
8.40926 46.5637
8.41499 47.1902
8.42073 47.7619
8.42646 49.3597
8.4322 50.4393
8.43794 49.6078
8.44367 50.0923
8.44941 49.158
8.45514 47.4459
8.46088 47.913
8.46662 47.2972
8.47235 45
8.47809 47.1888
8.48383 46.769
8.48956 46.536
8.4953 47.0415
8.50103 47.7299
8.50677 47.1973
8.51251 47.4897
8.51824 46.0826
8.52398 46.1831
8.52972 45.6858
8.53545 47.6725
8.54119 47.4865
8.54692 47.4545
8.55266 48.3061
8.5584 47.1415
8.56413 46.497
8.56987 46.0699
8.5756 46.7605
8.58134 46.808
8.58708 44.7273
8.59281 45.2327
8.59855 47.8946
8.60429 46.116
8.61002 46.3032
8.61576 46.947
8.62149 47.0675
8.62723 44.9558
8.63297 46.8645
8.6387 45.8863
8.64444 46.5867
8.65018 47.1375
8.65591 46.3252
8.66165 46.1736
8.66738 47.4448
8.67312 46.4428
8.67886 47.1364
8.68459 45.1798
8.69033 44.8486
8.69606 45.4691
8.7018 44.8047
8.70754 46.888
8.71327 46.5134
8.71901 47.7897
8.72475 45.8101
8.73048 46.7661
8.73622 45.8276
8.74195 47.2823
8.74769 45.4958
8.75343 47.3419
8.75916 45.3602
8.7649 46.7844
8.77064 45.6483
8.77637 44.3393
8.78211 46.0505
8.78784 47.4367
8.79358 44.7931
8.79932 44.8114
8.80505 47.6291
8.81079 46.064
8.81652 45.2559
8.82226 45.0933
8.828 46.7222
8.83373 47.4
8.83947 44.9519
8.84521 47.9122
8.85094 46.8723
8.85668 45.1846
8.86241 48.1538
8.86815 46.1494
8.87389 46.7436
8.87962 46.8266
8.88536 45.3978
8.8911 48.3743
8.89683 47.6235
8.90257 46.7978
8.9083 46.052
8.91404 45.2188
8.91978 52.4057
8.92551 61.1401
8.93125 66.2805
8.93698 150.141
8.94272 116.557
8.94846 74.8909
8.95419 56.7047
8.95993 50.6351
8.96567 52.3727
8.9714 49.1654
8.97714 50.4367
8.98287 46.4685
8.98861 51.0593
8.99435 49.9035
9.00008 45.8889
9.00582 50.3092
9.01156 52.2137
9.01729 50.6504
9.02303 52.9
9.02876 54.0256
9.0345 50.3577
9.04024 53.1628
9.04597 55.5481
9.05171 50.8661
9.05744 50.8347
9.06318 50.6019
9.06892 49.8487
9.07465 50.1042
9.08039 48.641
9.08613 51.0374
9.09186 52.9375
9.0976 56.5577
9.10333 51.8229
9.10907 58.3776
9.11481 48.125
9.12054 46.4091
9.12628 49.1531
9.13202 48.9024
9.13775 46.25
9.14349 43.4167
9.14922 46.0976
9.15496 40.8659
9.1607 44.9865
9.16643 42.175
9.17217 43.1918
9.1779 43.0263
9.18364 42.7143
9.18938 45
9.19511 42.5588
9.20085 46.1905
9.20659 40.3385
9.21232 43.4667
9.21806 42.1475
9.22379 43.9273
9.22953 47.6727
9.23527 45.6038
9.241 45.1607
9.24674 45.1224
9.25248 43.1064
9.25821 40.6889
9.26395 41.4091
9.26968 37.5349
9.27542 34.0256
9.28116 35.5
9.28689 33.5429
9.29263 38.4848
9.29836 38.5152
9.3041 38.5758
9.30984 34.9286
9.31557 33.7407
9.32131 33.7407
9.32705 27.65
9.33278 30.087
9.33852 29.2632
9.34425 33.2222
9.34999 31.2941
9.35573 24.2143
9.36146 25.8182
9.3672 20.4545
9.37294 21.875
9.37867 13
9.38441 7.66667
9.39014 3
9.39588 0
9.40162 0
9.40735 0
9.41309 0
9.41882 0
9.42456 0
9.4303 0
9.43603 0
9.44177 0
9.44751 0
9.45324 0
9.45898 0
9.46471 0
9.47045 0
9.47619 0
9.48192 0
9.48766 0
9.4934 0
9.49913 0
9.50487 0
9.5106 0
9.51634 0
9.52208 0
9.52781 0
9.53355 0
9.53928 0
9.54502 0
9.55076 0
9.55649 0
9.56223 0
9.56797 0
9.5737 0
9.57944 0
9.58517 0
9.59091 0
9.59665 0
9.60238 0
9.60812 0
9.61386 0
9.61959 0
9.62533 0
9.63106 0
9.6368 0
9.64254 0
9.64827 0
9.65401 0
9.65974 0
9.66548 0
9.67122 0
9.67695 0
9.68269 0
9.68843 0
9.69416 0
9.6999 0
9.70563 0
9.71137 0
9.71711 0
9.72284 0
9.72858 0
9.73432 0
9.74005 0
9.74579 0
9.75152 0
9.75726 0
9.763 0
9.76873 0
9.77447 0
9.7802 0
9.78594 0
9.79168 0
9.79741 0
9.80315 0
9.80889 0
9.81462 0
9.82036 0
9.82609 0
9.83183 0
9.83757 0
9.8433 0
9.84904 0
9.85478 0
9.86051 0
9.86625 0
9.87198 0
9.87772 0
9.88346 0
9.88919 0
9.89493 0
9.90066 0
9.9064 0
9.91214 0
9.91787 0
9.92361 0
9.92935 0
9.93508 0
9.94082 0
9.94655 0
9.95229 0
9.95803 0
9.96376 0
9.9695 0
9.97524 0
9.98097 0
9.98671 0
9.99244 0
9.99818 0
10.0039 0
10.0097 0
10.0154 0
10.0211 0
10.0269 0
10.0326 0
10.0383 0
10.0441 0
10.0498 0
10.0555 0
10.0613 0
10.067 0
10.0728 0
10.0785 0
10.0842 0
10.09 0
10.0957 0
10.1014 0
10.1072 0
10.1129 0
10.1186 0
10.1244 0
10.1301 0
10.1358 0
10.1416 0
10.1473 0
10.1531 0
10.1588 0
10.1645 0
10.1703 0
10.176 0
10.1817 0
10.1875 0
10.1932 0
10.1989 0
10.2047 0
10.2104 0
10.2162 0
10.2219 0
10.2276 0
10.2334 0
10.2391 0
10.2448 0
10.2506 0
10.2563 0
10.262 0
10.2678 0
10.2735 0
10.2793 0
10.285 0
10.2907 0
10.2965 0
10.3022 0
10.3079 0
10.3137 0
10.3194 0
10.3251 0
10.3309 0
10.3366 0
10.3424 0
10.3481 0
10.3538 0
10.3596 0
10.3653 0
10.371 0
10.3768 0
10.3825 0
10.3882 0
10.394 0
10.3997 0
10.4054 0
10.4112 0
10.4169 0
10.4227 0
10.4284 0
10.4341 0
10.4399 0
10.4456 0
10.4513 0
10.4571 0
10.4628 0
10.4685 0
10.4743 0
10.48 0
10.4858 0
10.4915 0
10.4972 0
10.503 0
10.5087 0
10.5144 0
10.5202 0
10.5259 0
10.5316 0
10.5374 0
10.5431 0
10.5489 0
10.5546 0
10.5603 0
10.5661 0
10.5718 0
10.5775 0
10.5833 0
10.589 0
10.5947 0
10.6005 0
10.6062 0
10.612 0
10.6177 0
10.6234 0
10.6292 0
10.6349 0
10.6406 0
10.6464 0
10.6521 0
10.6578 0
10.6636 0
10.6693 0
10.6751 0
10.6808 0
10.6865 0
10.6923 0
10.698 0
10.7037 0
10.7095 0
10.7152 0
10.7209 0
10.7267 0
10.7324 0
10.7381 0
10.7439 0
10.7496 0
10.7554 0
10.7611 0
10.7668 0
10.7726 0
10.7783 0
10.784 0
10.7898 0
10.7955 0
10.8012 0
10.807 0
10.8127 0
10.8185 0
10.8242 0
10.8299 0
10.8357 0
10.8414 0
10.8471 0
10.8529 0
10.8586 0
10.8643 0
10.8701 0
10.8758 0
10.8816 0
10.8873 0
10.893 0
10.8988 0
10.9045 0
10.9102 0
10.916 0
10.9217 0
10.9274 0
10.9332 0
10.9389 0
10.9447 0
10.9504 0
10.9561 0
10.9619 0
10.9676 0
10.9733 0
10.9791 0
10.9848 0
10.9905 0
10.9963 0
11.002 0
11.0077 0
11.0135 0
11.0192 0
11.025 0
11.0307 0
11.0364 0
11.0422 0
11.0479 0
11.0536 0
11.0594 0
11.0651 0
11.0708 0
11.0766 0
11.0823 0
11.0881 0
11.0938 0
11.0995 0
11.1053 0
11.111 0
11.1167 0
11.1225 0
11.1282 0
11.1339 0
11.1397 0
11.1454 0
11.1512 0
11.1569 0
11.1626 0
11.1684 0
11.1741 0
11.1798 0
11.1856 0
11.1913 0
11.197 0
11.2028 0
11.2085 0
11.2143 0
11.22 0
11.2257 0
11.2315 0
11.2372 0
11.2429 0
11.2487 0
11.2544 0
11.2601 0
11.2659 0
11.2716 0
11.2774 0
11.2831 0
11.2888 0
11.2946 0
11.3003 0
11.306 0
11.3118 0
11.3175 0
11.3232 0
11.329 0
11.3347 0
11.3404 0
11.3462 0
11.3519 0
11.3577 0
11.3634 0
11.3691 0
11.3749 0
11.3806 0
11.3863 0
11.3921 0
11.3978 0
11.4035 0
11.4093 0
11.415 0
11.4208 0
11.4265 0
11.4322 0
11.438 0
11.4437 0
11.4494 0
11.4552 0
11.4609 0
11.4666 0
11.4724 0
11.4781 0
11.4839 0
11.4896 0
11.4953 0
11.5011 0
11.5068 0
11.5125 0
11.5183 0
11.524 0
11.5297 0
11.5355 0
11.5412 0
11.547 0
11.5527 0
11.5584 0
11.5642 0
11.5699 0
11.5756 0
11.5814 0
11.5871 0
11.5928 0
11.5986 0
11.6043 0
11.61 0
11.6158 0
11.6215 0
11.6273 0
11.633 0
11.6387 0
11.6445 0
11.6502 0
11.6559 0
11.6617 0
11.6674 0
11.6731 0
11.6789 0
11.6846 0
11.6904 0
11.6961 0
11.7018 0
11.7076 0
11.7133 0
11.719 0
11.7248 0
11.7305 0
11.7362 0
11.742 0
