0 0
0.00573619 30
0.0114724 9
0.0172086 -11
0.0229448 9.66667
0.028681 -13.6667
0.0344171 -8.5
0.0401533 -5.2
0.0458895 -0.2
0.0516257 16.3333
0.0573619 8.5
0.0630981 11.8571
0.0688343 1.42857
0.0745705 16.3333
0.0803067 0.666667
0.0860429 -3.33333
0.091779 -3
0.0975152 -2.15385
0.103251 -7.11111
0.108988 9.33333
0.114724 0.4
0.12046 -1.09091
0.126196 -3.66667
0.131932 -0.5
0.137669 -5.26667
0.143405 3.46154
0.149141 1.38462
0.154877 -0.125
0.160613 3.46667
0.16635 -0.333333
0.172086 -4
0.177822 -1.63158
0.183558 5.94118
0.189294 4.78571
0.19503 -0.714286
0.200767 -0.428571
0.206503 -3.70588
0.212239 -1
0.217975 3.42857
0.223711 -3.23529
0.229448 2.33333
0.235184 1.69565
0.24092 0.0454545
0.246656 4.11111
0.252392 -1.08
0.258129 -1.14815
0.263865 1.42857
0.269601 2.66667
0.275337 1.2069
0.281073 6.72
0.28681 10.3333
0.292546 -3.12
0.298282 -0.0344828
0.304018 5.11111
0.309754 1.36667
0.31549 1.54839
0.321227 2.85185
0.326963 2.33333
0.332699 1.12903
0.338435 2.93939
0.344171 4.33333
0.349908 3.62857
0.355644 0.771429
0.36138 4.06452
0.367116 3.32353
0.372852 2.0303
0.378589 2.97297
0.384325 3.15625
0.390061 2.89744
0.395797 2.79487
0.401533 -0.423077
0.40727 8.95349
0.413006 3.37838
0.418742 7.125
0.424478 7.23529
0.430214 9.73333
0.43595 12.0244
0.441687 6.46875
0.447423 14.1915
0.453159 3.02564
0.458895 8.25581
0.464631 12.9318
0.470368 13.4146
0.476104 13.234
0.48184 9.36111
0.487576 15.5385
0.493312 9.80488
0.499049 11.45
0.504785 13.1228
0.510521 13.4222
0.516257 11.6279
0.521993 11.6818
0.52773 11.2264
0.533466 15.0889
0.539202 13.25
0.544938 13.6471
0.550674 17.3462
0.55641 15.4167
0.562147 14.0588
0.567883 11.7193
0.573619 11.9111
0.579355 12.9815
0.585091 10.8947
0.590828 15.0943
0.596564 13.375
0.6023 9.14286
0.608036 6.96923
0.613772 15.0612
0.619509 12.4655
0.625245 11.7966
0.630981 12.4545
0.636717 14.0172
0.642453 14.1228
0.64819 13.9524
0.653926 17.0385
0.659662 17.0308
0.665398 19.2656
0.671134 18.7368
0.67687 19.5
0.682607 19.5397
0.688343 18.194
0.694079 17.7593
0.699815 16.9275
0.705551 17.8308
0.711288 17.9273
0.717024 17.2432
0.72276 17.459
0.728496 16.2857
0.734232 16.3438
0.739969 12.5072
0.745705 20.9437
0.751441 18.6034
0.757177 19.1429
0.762913 20.4179
0.76865 22.7681
0.774386 19.9853
0.780122 18.1233
0.785858 15.2468
0.791594 15.9833
0.79733 16.4634
0.803067 18.7246
0.808803 18.4714
0.814539 20.4691
0.820275 18.662
0.826011 18.8182
0.831748 18.7778
0.837484 16.7529
0.84322 16.8571
0.848956 19.0139
0.854692 19.7647
0.860429 20.1852
0.866165 16.7397
0.871901 16.175
0.877637 16.3494
0.883373 19
0.88911 18.859
0.894846 18.7059
0.900582 16.2289
0.906318 20.1216
0.912054 17.5889
0.91779 17.4253
0.923527 15.4805
0.929263 17.3605
0.934999 19.956
0.940735 16.2469
0.946471 18.0476
0.952208 19.1176
0.957944 19.8817
0.96368 17.8077
0.969416 18.5053
0.975152 18.0778
0.980889 15.1765
0.986625 20.2093
0.992361 14.4316
0.998097 16.0316
1.00383 19.1375
1.00957 16.5556
1.01531 18.6082
1.02104 16.4048
1.02678 18.8542
1.03251 18.1868
1.03825 14.07
1.04399 14.186
1.04972 16.6634
1.05546 18.0693
1.0612 13.3049
1.06693 16.3645
1.07267 19.4945
1.0784 15.6699
1.08414 15.8878
1.08988 20.34
1.09561 17.9429
1.10135 18.093
1.10708 17.9636
1.11282 19.1895
1.11856 18.602
1.12429 18.181
1.13003 18.4381
1.13577 21.1905
1.1415 18.0098
1.14724 19.9083
1.15297 20.8
1.15871 19.11
1.16445 17.1043
1.17018 18.2476
1.17592 18.9626
1.18166 14.8542
1.18739 18.8319
1.19313 16.7523
1.19886 16.5825
1.2046 15.287
1.21034 13.757
1.21607 16.9273
1.22181 16.2364
1.22754 18.6068
1.23328 16.486
1.23902 17.5536
1.24475 18.521
1.25049 17.7156
1.25623 17.8796
1.26196 18.1026
1.2677 19.0081
1.27343 17.6126
1.27917 18.4576
1.28491 17.6186
1.29064 16.6372
1.29638 15.5948
1.30212 15.3932
1.30785 17.8571
1.31359 16.819
1.31932 16.9685
1.32506 18.2605
1.3308 18.9655
1.33653 18.3413
1.34227 17.7983
1.348 15.9685
1.35374 16.0265
1.35948 16.032
1.36521 18.8321
1.37095 17.0818
1.37669 17.3309
1.38242 15.0738
1.38816 17.6489
1.39389 18.2627
1.39963 16.2121
1.40537 16.6124
1.4111 18.9732
1.41684 19.021
1.42258 16.0222
1.42831 14.7934
1.43405 14.4231
1.43978 14.8222
1.44552 17.0362
1.45126 16.9322
1.45699 18.5957
1.46273 17.0606
1.46846 16.6111
1.4742 15.7552
1.47994 16.5194
1.48567 16.6165
1.49141 18.2538
1.49715 15.9262
1.50288 14.5182
1.50862 17.371
1.51435 15.4726
1.52009 14.6312
1.52583 17.7481
1.53156 17.0444
1.5373 15.4014
1.54304 16.2979
1.54877 13.2132
1.55451 16.7517
1.56024 16.5839
1.56598 15.2
1.57172 17.4823
1.57745 18.0203
1.58319 18.1773
1.58892 14.838
1.59466 12.8533
1.6004 15.3007
1.60613 17.5
1.61187 16.2215
1.61761 15.4968
1.62334 17.594
1.62908 17.529
1.63481 17.6887
1.64055 18.6133
1.64629 16.4452
1.65202 16.4172
1.65776 17.3179
1.6635 15.9635
1.66923 17.4403
1.67497 17.6626
1.6807 14.1387
1.68644 16.1709
1.69218 17.5864
1.69791 14.3922
1.70365 15.4595
1.70938 16.2308
1.71512 16.2086
1.72086 17.8162
1.72659 17.4971
1.73233 16.4516
1.73807 15.6275
1.7438 15.741
1.74954 17.4528
1.75527 14.872
1.76101 17.5662
1.76675 18.453
1.77248 13.5671
1.77822 17.6667
1.78396 14.4702
1.78969 15.1975
1.79543 17.2023
1.80116 17.7643
1.8069 16.9708
1.81264 17.5928
1.81837 16.8333
1.82411 16.1556
1.82984 17.4907
1.83558 17.2727
1.84132 17.1879
1.84705 17.2189
1.85279 17.7602
1.85853 18.3375
1.86426 17.8757
1.87 16.8605
1.87573 16
1.88147 16.8418
1.88721 15.8023
1.89294 17.4855
1.89868 17.7353
1.90442 18.8966
1.91015 19.787
1.91589 34
1.92162 37.5668
1.92736 20.5367
1.9331 20.5
1.93883 21.25
1.94457 24.6032
1.9503 19.7059
1.95604 19.7558
1.96178 18.0773
1.96751 17.8865
1.97325 18.2761
1.97899 18.3262
1.98472 16.5745
1.99046 16.0629
1.99619 17.2088
2.00193 16.9368
2.00767 18.7458
2.0134 15.9593
2.01914 15.8245
2.02488 15.6283
2.03061 16.2147
2.03635 16.5532
2.04208 19.7135
2.04782 19.8617
2.05356 17.7151
2.05929 16.8785
2.06503 17.47
2.07076 16.5057
2.0765 19.0933
2.08224 16.9031
2.08797 18.8382
2.09371 17.8788
2.09945 20.4649
2.10518 17.6583
2.11092 18.3316
2.11665 17.8256
2.12239 19.9324
2.12813 16.7574
2.13386 18.2985
2.1396 18.8241
2.14534 17.5949
2.15107 18.2246
2.15681 17.0352
2.16254 15.9851
2.16828 18.375
2.17402 17.9431
2.17975 17.75
2.18549 16.9788
2.19122 18.4455
2.19696 19.3663
2.2027 19.8
2.20843 26.6742
2.21417 34.3019
2.21991 41.3662
2.22564 31.1475
2.23138 20.6967
2.23711 17.7923
2.24285 17.3173
2.24859 17.224
2.25432 17.0639
2.26006 19.5146
2.2658 18.1237
2.27153 19.5814
2.27727 18.5308
2.283 19.4328
2.28874 18.1373
2.29448 15.7883
2.30021 19.9905
2.30595 19.4444
2.31168 18.4444
2.31742 20.3768
2.32316 20.2837
2.32889 19.7897
2.33463 20.2911
2.34037 19.7089
2.3461 20.0566
2.35184 23.3348
2.35757 24.0343
2.36331 22.8131
2.36905 25.8433
2.37478 24.536
2.38052 23.2949
2.38626 22.6818
2.39199 22.6026
2.39773 23.4348
2.40346 20.0594
2.4092 25.3901
2.41494 21.9909
2.42067 21.9309
2.42641 19.3226
2.43214 18.7359
2.43788 19.2367
2.44362 19.2775
2.44935 17.0043
2.45509 20.7136
2.46083 19.7281
2.46656 20.0349
2.4723 18.4454
2.47803 19.2
2.48377 20.0752
2.48951 18.3889
2.49524 19.5249
2.50098 20.9643
2.50672 19.9115
2.51245 19.3133
2.51819 18.662
2.52392 22.5252
2.52966 18.7573
2.5354 19.5741
2.54113 20.125
2.54687 19.1429
2.5526 19.6949
2.55834 21.4054
2.56408 19.1404
2.56981 19.5413
2.57555 19.5339
2.58129 19.5281
2.58702 20.7782
2.59276 19.6337
2.59849 19.75
2.60423 19.8644
2.60997 20.4606
2.6157 19.156
2.62144 22.0625
2.62718 19.834
2.63291 19.0084
2.63865 21.382
2.64438 19.2222
2.65012 17.8
2.65586 17.8661
2.66159 21.9921
2.66733 19.4836
2.67306 20.0553
2.6788 19.7109
2.68454 20.0294
2.69027 19.6787
2.69601 21.0087
2.70175 22.1719
2.70748 22.7366
2.71322 22.0211
2.71895 20.0958
2.72469 20.1934
2.73043 20.1968
2.73616 20.0917
2.7419 20.1245
2.74764 19.834
2.75337 20.1732
2.75911 21.4563
2.76484 20.004
2.77058 18.0041
2.77632 20.8649
2.78205 21.2302
2.78779 20.1313
2.79352 22.75
2.79926 21.9023
2.805 19.7149
2.81073 22.0661
2.81647 20.7407
2.82221 22.0038
2.82794 21.0079
2.83368 21.6958
2.83941 21.4079
2.84515 21.66
2.85089 22.5891
2.85662 20.6929
2.86236 20.8473
2.8681 22.8618
2.87383 21.8377
2.87957 23.1187
2.8853 21.8072
2.89104 22.038
2.89678 21.3245
2.90251 22.4789
2.90825 22.4331
2.91398 24.2263
2.91972 23.3791
2.92546 22.6255
2.93119 24.8868
2.93693 23.8231
2.94267 24.8321
2.9484 23.1811
2.95414 23.2685
2.95987 24.3597
2.96561 23.0346
2.97135 25.8683
2.97708 28.1135
2.98282 33.2311
2.98856 62.7857
2.99429 67.0357
3.00003 34.4684
3.00576 29.5589
3.0115 25.625
3.01724 25.9585
3.02297 24.6603
3.02871 23.2482
3.03444 26.086
3.04018 23.8957
3.04592 25.7316
3.05165 25.0358
3.05739 24.0742
3.06313 24.7938
3.06886 26.3378
3.0746 26.2842
3.08033 27.2971
3.08607 25.9433
3.09181 28.7754
3.09754 29.1765
3.10328 29.7293
3.10902 31.7877
3.11475 28.9831
3.12049 29.9634
3.12622 27.5053
3.13196 34.1993
3.1377 34.0633
3.14343 39.7786
3.14917 34.7266
3.1549 30.3369
3.16064 30.114
3.16638 29.8284
3.17211 30.0347
3.17785 28.1843
3.18359 29.5412
3.18932 30.1233
3.19506 30.0404
3.20079 28.1152
3.20653 28.2704
3.21227 29.3959
3.218 29.2257
3.22374 29.8507
3.22948 30.4716
3.23521 31.3672
3.24095 32.2491
3.24668 33.7365
3.25242 30.9767
3.25816 30.1796
3.26389 30.8742
3.26963 32.3904
3.27536 30.6898
3.2811 31.4522
3.28684 33.1625
3.29257 31.623
3.29831 32.6286
3.30405 35.6859
3.30978 37.4787
3.31552 35.6546
3.32125 37.4237
3.32699 40.4518
3.33273 40.0929
3.33846 39.6483
3.3442 39.8621
3.34994 38.5521
3.35567 36.5149
3.36141 41.7823
3.36714 41.7885
3.37288 53.5342
3.37862 68.9283
3.38435 66.0554
3.39009 75.064
3.39582 76.1536
3.40156 40.4057
3.4073 43.6413
3.41303 40.7822
3.41877 41.132
3.42451 41.13
3.43024 39.172
3.43598 39.6337
3.44171 40
3.44745 39.4253
3.45319 39.185
3.45892 40.6323
3.46466 41.009
3.4704 41.2093
3.47613 39.9305
3.48187 41.9187
3.4876 41.1175
3.49334 41.8794
3.49908 41.3439
3.50481 41.1702
3.51055 40.7094
3.51628 42.2903
3.52202 44.4523
3.52776 49.8168
3.53349 50.3019
3.53923 53.2994
3.54497 61.9436
3.5507 66.0303
3.55644 63.9164
3.56217 55.7164
3.56791 51.6164
3.57365 48.9814
3.57938 48
3.58512 49.8585
3.59086 46.6178
3.59659 48.2407
3.60233 48.5977
3.60806 48.7788
3.6138 50.8413
3.61954 48.9791
3.62527 52.6265
3.63101 54.2835
3.63674 59.6435
3.64248 63.8353
3.64822 67.7337
3.65395 68.7365
3.65969 67.5029
3.66543 68.7327
3.67116 66.3981
3.6769 68.5387
3.68263 69.9943
3.68837 68.073
3.69411 69.2639
3.69984 65.1331
3.70558 65.1333
3.71132 65.5271
3.71705 65.7072
3.72279 66.1749
3.72852 66.197
3.73426 68.0507
3.74 70.0225
3.74573 68.5633
3.75147 70.4913
3.7572 73.9096
3.76294 74.3594
3.76868 76.5982
3.77441 77.2955
3.78015 79.6128
3.78589 80.3848
3.79162 83.9184
3.79736 91.2752
3.80309 91.9315
3.80883 95.4716
3.81457 99.9096
3.8203 107.185
3.82604 114.165
3.83178 127.748
3.83751 155.362
3.84325 238.294
3.84898 365.297
3.85472 504.282
3.86046 389.366
3.86619 366.903
3.87193 430.703
3.87766 548.984
3.8834 721.158
3.88914 920.804
3.89487 1082.62
3.90061 1022.15
3.90635 844.798
3.91208 656.981
3.91782 480.61
3.92355 363.354
3.92929 287.115
3.93503 229.89
3.94076 190.187
3.9465 164.923
3.95224 146.228
3.95797 130.251
3.96371 118.383
3.96944 116.083
3.97518 111.899
3.98092 104.55
3.98665 99.8564
3.99239 98.6667
3.99812 96.359
4.00386 91.7874
4.0096 88.1444
4.01533 89.7368
4.02107 85.9407
4.02681 85.7325
4.03254 85.877
4.03828 83.9069
4.04401 84.7245
4.04975 83.4584
4.05549 83.1862
4.06122 82.5867
4.06696 80.4609
4.0727 77.5325
4.07843 78.4535
4.08417 78.5041
4.0899 77.6115
4.09564 76.5106
4.10138 76.2521
4.10711 74.1273
4.11285 76.3775
4.11858 77.2667
4.12432 74.9421
4.13006 74.3016
4.13579 74.8779
4.14153 73.7828
4.14727 74.8943
4.153 74.1706
4.15874 73.085
4.16447 74.676
4.17021 75.1974
4.17595 73.6658
4.18168 74.4533
4.18742 75.8786
4.19316 75.904
4.19889 75.3305
4.20463 77.6921
4.21036 78.5282
4.2161 77.3634
4.22184 74.5349
4.22757 77.5627
4.23331 75.4059
4.23904 75.8852
4.24478 77.1468
4.25052 76.6972
4.25625 78.748
4.26199 77.9073
4.26773 78.5089
4.27346 78.5846
4.2792 81.1757
4.28493 79.8886
4.29067 81.4798
4.29641 83.0603
4.30214 81.5951
4.30788 84.2079
4.31362 85.2404
4.31935 87.0705
4.32509 89.295
4.33082 89.799
4.33656 93.48
4.3423 94.1498
4.34803 96.6792
4.35377 100.343
4.3595 102.599
4.36524 105.26
4.37098 108.398
4.37671 113.432
4.38245 118.254
4.38819 123.308
4.39392 132.236
4.39966 133.907
4.40539 144.987
4.41113 158.244
4.41687 176.295
4.4226 205
4.42834 257.514
4.43408 427.161
4.43981 973.166
4.44555 2120.44
4.45128 9003.02
4.45702 11772.2
4.46276 5081.41
4.46849 1630.85
4.47423 837.176
4.47996 477.614
4.4857 398.755
4.49144 381.306
4.49717 357.1
4.50291 360.131
4.50865 336.456
4.51438 307.949
4.52012 272.963
4.52585 238.766
4.53159 207.905
4.53733 180.262
4.54306 158.041
4.5488 140.906
4.55454 129.932
4.56027 118.425
4.56601 108.265
4.57174 101.03
4.57748 96.1209
4.58322 89.0883
4.58895 87.5291
4.59469 83.4693
4.60042 80.7264
4.60616 79.0794
4.6119 77.4119
4.61763 75.7578
4.62337 74.7344
4.62911 73.9653
4.63484 71.6118
4.64058 69.4545
4.64631 67.0803
4.65205 64.7692
4.65779 63.9068
4.66352 62.9931
4.66926 61.8285
4.675 60.5826
4.68073 60.7595
4.68647 60.2665
4.6922 59.9564
4.69794 60.9593
4.70368 59.9748
4.70941 61.3149
4.71515 59.1338
4.72088 61.529
4.72662 59.5767
4.73236 60.054
4.73809 59.8993
4.74383 60.0848
4.74957 58.3452
4.7553 57.9913
4.76104 56.1467
4.76677 56.979
4.77251 55.3532
4.77825 55.7907
4.78398 53.8156
4.78972 52.7703
4.79546 53.8133
4.80119 53.1888
4.80693 49.7396
4.81266 52.2161
4.8184 51.9954
4.82414 50.3482
4.82987 50.483
4.83561 51.164
4.84134 53.113
4.84708 54.6897
4.85282 56.3547
4.85855 54.4141
4.86429 49.0456
4.87003 47.5774
4.87576 49.58
4.8815 47.2138
4.88723 45.7482
4.89297 46.7225
4.89871 45.2095
4.90444 46.8094
4.91018 47.6522
4.91592 46.9248
4.92165 46.7121
4.92739 46.7123
4.93312 47.0065
4.93886 46.4595
4.9446 46.4514
4.95033 47.4797
4.95607 46.5978
4.9618 44.4397
4.96754 47.6399
4.97328 47.7382
4.97901 55.2179
4.98475 50.5841
4.99049 47.5605
4.99622 46.4395
5.00196 44.3956
5.00769 44.2151
5.01343 44.9338
5.01917 44.5436
5.0249 44.4579
5.03064 45.0065
5.03638 44.1948
5.04211 42.3783
5.04785 44.4687
5.05358 44.6709
5.05932 44.216
5.06506 44.611
5.07079 45.0107
5.07653 43.8323
5.08226 42.2522
5.088 43.3684
5.09374 43.5527
5.09947 43.4696
5.10521 44.2697
5.11095 45.1902
5.11668 45.0292
5.12242 43.364
5.12815 42.6709
5.13389 44.0249
5.13963 44.1379
5.14536 42.4871
5.1511 44.5363
5.15684 44.7889
5.16257 44.0848
5.16831 44.3142
5.17404 44.1677
5.17978 44.583
5.18552 43.7823
5.19125 43.2298
5.19699 42.9743
5.20272 42.4245
5.20846 43.1411
5.2142 43.2601
5.21993 42.9509
5.22567 43.6231
5.23141 43.294
5.23714 45.949
5.24288 42.823
5.24861 42.2627
5.25435 43.8455
5.26009 43.249
5.26582 44.2836
5.27156 43.6973
5.2773 43.6688
5.28303 43.4244
5.28877 43.9348
5.2945 44.5673
5.30024 44.4345
5.30598 45.1019
5.31171 46.4309
5.31745 44.7469
5.32318 44.789
5.32892 45.4643
5.33466 44.2986
5.34039 44.5762
5.34613 44.7631
5.35187 53.1189
5.3576 45.3004
5.36334 45.4419
5.36907 44.1721
5.37481 44.7116
5.38055 45.2245
5.38628 47.6461
5.39202 48.5316
5.39776 48.9577
5.40349 48.4635
5.40923 48.4724
5.41496 45.4828
5.4207 43.6798
5.42644 44.6537
5.43217 44.2941
5.43791 45.0118
5.44364 45.7838
5.44938 47.6614
5.45512 47.3434
5.46085 46.1325
5.46659 44.6954
5.47233 46.6351
5.47806 45.1366
5.4838 45.0949
5.48953 43.7734
5.49527 45.9666
5.50101 44.4319
5.50674 45.1689
5.51248 46.3618
5.51822 44.5772
5.52395 44.2495
5.52969 46.7465
5.53542 47.3138
5.54116 47.0442
5.5469 47.1626
5.55263 45.851
5.55837 45.6931
5.5641 45.654
5.56984 45.0972
5.57558 45.8555
5.58131 46.0733
5.58705 45.4504
5.59279 46.2706
5.59852 44.6181
5.60426 47.7878
5.60999 46.3455
5.61573 47.3824
5.62147 46.9396
5.6272 47.1069
5.63294 48.3385
5.63868 48.1478
5.64441 48.618
5.65015 48.6396
5.65588 46.1942
5.66162 48.2661
5.66736 47.3629
5.67309 47.989
5.67883 49.6447
5.68456 47.6282
5.6903 49.9649
5.69604 49.5316
5.70177 50.1053
5.70751 49.2637
5.71325 50.5742
5.71898 51.5645
5.72472 52.0325
5.73045 50.9522
5.73619 51.1383
5.74193 50.8981
5.74766 52.391
5.7534 51.477
5.75914 52.5976
5.76487 51.9682
5.77061 54.3297
5.77634 55.0442
5.78208 48.9641
5.78782 54.1934
5.79355 55.9636
5.79929 55.0835
5.80502 55.2383
5.81076 53.8718
5.8165 55.0788
5.82223 53.9683
5.82797 55.3713
5.83371 54.3479
5.83944 56.8431
5.84518 54.3022
5.85091 56.9009
5.85665 55.942
5.86239 57.062
5.86812 58.0753
5.87386 58.0037
5.8796 57.3596
5.88533 57.8893
5.89107 58.1642
5.8968 58.471
5.90254 59.7549
5.90828 59.4646
5.91401 59.9049
5.91975 58.9237
5.92548 61.3018
5.93122 61.8946
5.93696 62.4552
5.94269 70.1909
5.94843 70.8768
5.95417 89.3125
5.9599 70.5612
5.96564 67.9429
5.97137 62.2053
5.97711 65.2438
5.98285 65.8095
5.98858 66.9909
5.99432 66.7101
6.00006 67.7349
6.00579 69.4007
6.01153 69.2906
6.01726 71.37
6.023 71.7986
6.02874 71.1526
6.03447 71.9101
6.04021 70.5026
6.04594 72.5727
6.05168 74.2455
6.05742 74.2615
6.06315 72.7344
6.06889 75.5747
6.07463 76.5139
6.08036 77.8351
6.0861 78.0382
6.09183 79.3982
6.09757 82.4861
6.10331 81.0739
6.10904 82.3876
6.11478 84.0401
6.12052 85.4362
6.12625 87.356
6.13199 87.5599
6.13772 90.2676
6.14346 90.7064
6.1492 93.6695
6.15493 92.7971
6.16067 94.2368
6.1664 97.7483
6.17214 99.5073
6.17788 102.304
6.18361 103.879
6.18935 108.597
6.19509 111.979
6.20082 114.151
6.20656 117.979
6.21229 123.357
6.21803 133.831
6.22377 135.644
6.2295 140.399
6.23524 150.664
6.24098 153.936
6.24671 156.478
6.25245 176.673
6.25818 184.086
6.26392 202.149
6.26966 235.776
6.27539 319.206
6.28113 421.169
6.28686 1004.6
6.2926 2843.59
6.29834 6349.26
6.30407 6563.62
6.30981 9918.78
6.31555 3067.94
6.32128 1631.02
6.32702 641.932
6.33275 413.754
6.33849 361.523
6.34423 297.174
6.34996 289.748
6.3557 290.759
6.36144 292.901
6.36717 308.298
6.37291 324.649
6.37864 321.897
6.38438 303.422
6.39012 280.047
6.39585 256.143
6.40159 226.196
6.40732 204.128
6.41306 184.051
6.4188 170.087
6.42453 155.225
6.43027 148.125
6.43601 141.107
6.44174 133.212
6.44748 130.371
6.45321 125.635
6.45895 123.658
6.46469 119.634
6.47042 117.606
6.47616 116.587
6.4819 108.592
6.48763 107.457
6.49337 105.259
6.4991 103.477
6.50484 101.184
6.51058 99.222
6.51631 99.2496
6.52205 96.8405
6.52778 96.56
6.53352 97.2191
6.53926 94.569
6.54499 93.584
6.55073 94.129
6.55647 93.4784
6.5622 92.1323
6.56794 93.1311
6.57367 94.4683
6.57941 92.8771
6.58515 90.2016
6.59088 90.0162
6.59662 89.2504
6.60236 88.1462
6.60809 87.6142
6.61383 86.3451
6.61956 87.276
6.6253 86.799
6.63104 86.9088
6.63677 87.5309
6.64251 86.0049
6.64824 86.3195
6.65398 87.4732
6.65972 85.9107
6.66545 85.3482
6.67119 85.3495
6.67693 86.4676
6.68266 86.2249
6.6884 86.3349
6.69413 85.5856
6.69987 84.0352
6.70561 85.2588
6.71134 84.0016
6.71708 85.2142
6.72282 81.9236
6.72855 84.0335
6.73429 83.3744
6.74002 82.6497
6.74576 83.0498
6.7515 84.5321
6.75723 81.7463
6.76297 83.151
6.7687 80.6834
6.77444 81.212
6.78018 80.6811
6.78591 81.4399
6.79165 81.7575
6.79739 81.5662
6.80312 82.5264
6.80886 83.008
6.81459 82.6785
6.82033 82.7215
6.82607 82.7437
6.8318 81.3339
6.83754 80.6389
6.84328 81.8923
6.84901 82.6834
6.85475 80.4248
6.86048 81.2282
6.86622 80.2968
6.87196 80.7954
6.87769 80.8374
6.88343 81.0559
6.88916 81.3529
6.8949 80.2704
6.90064 80.53
6.90637 80.6605
6.91211 81.0174
6.91785 81.9558
6.92358 80.1348
6.92932 82.6204
6.93505 83.0277
6.94079 81.9454
6.94653 81.5138
6.95226 79.9108
6.958 81.9968
6.96374 80.6884
6.96947 80.9219
6.97521 80.5604
6.98094 80.9465
6.98668 81.3499
6.99242 81.9145
6.99815 82.7816
7.00389 81.5305
7.00962 81.828
7.01536 80.7512
7.0211 83.313
7.02683 80.4605
7.03257 82.3583
7.03831 83.0242
7.04404 81.568
7.04978 81.8502
7.05551 82.7642
7.06125 83.3488
7.06699 82.8159
7.07272 82.8739
7.07846 85.2249
7.0842 84.387
7.08993 84.2523
7.09567 84.7201
7.1014 84.7504
7.10714 84.5092
7.11288 85.2538
7.11861 86.0445
7.12435 86.9414
7.13008 86.7708
7.13582 85.9503
7.14156 86.922
7.14729 88.4865
7.15303 85.4845
7.15877 86.6962
7.1645 87.5268
7.17024 86.3953
7.17597 87.34
7.18171 85.7634
7.18745 88.3647
7.19318 86.893
7.19892 87.7097
7.20466 88.9697
7.21039 88.6143
7.21613 89.8744
7.22186 90.4681
7.2276 90.6552
7.23334 90.5704
7.23907 91.2437
7.24481 92.5209
7.25054 91.0987
7.25628 93.0937
7.26202 93.1761
7.26775 92.4635
7.27349 93.927
7.27923 93.9676
7.28496 95.577
7.2907 96.176
7.29643 95.8186
7.30217 97.1662
7.30791 97.2396
7.31364 99.0029
7.31938 99.0827
7.32512 101.817
7.33085 100.807
7.33659 102.582
7.34232 101.608
7.34806 104.321
7.3538 106.45
7.35953 107.047
7.36527 111.554
7.371 120.077
7.37674 157.518
7.38248 139.802
7.38821 370.438
7.39395 374.204
7.39969 438.495
7.40542 797.856
7.41116 407.705
7.41689 252.794
7.42263 181.883
7.42837 164.787
7.4341 158.062
7.43984 158.281
7.44558 165.741
7.45131 175.035
7.45705 191.001
7.46278 208.44
7.46852 232.019
7.47426 252.684
7.47999 263.346
7.48573 260.12
7.49146 241.115
7.4972 221.341
7.50294 199.714
7.50867 178.726
7.51441 162.805
7.52015 149.148
7.52588 137.052
7.53162 125.325
7.53735 119.508
7.54309 112.843
7.54883 108.819
7.55456 105.134
7.5603 102.598
7.56604 99.6124
7.57177 96.9887
7.57751 94.3694
7.58324 92.5605
7.58898 92.8455
7.59472 88.9958
7.60045 89.7072
7.60619 87.5499
7.61192 86.0563
7.61766 85.9588
7.6234 85.3481
7.62913 85.0845
7.63487 86.007
7.64061 85.1954
7.64634 83.733
7.65208 83.4189
7.65781 82.8653
7.66355 82.2297
7.66929 82.4174
7.67502 83.8264
7.68076 82.7614
7.6865 83.2772
7.69223 84.294
7.69797 84.1777
7.7037 85.0182
7.70944 88.9615
7.71518 101.761
7.72091 117.476
7.72665 220.603
7.73238 379.81
7.73812 136.307
7.74386 139.407
7.74959 104.963
7.75533 95.769
7.76107 94.6876
7.7668 93.9478
7.77254 97.5049
7.77827 99.5923
7.78401 104.365
7.78975 111.291
7.79548 119.538
7.80122 127.63
7.80696 132.764
7.81269 137.44
7.81843 132.604
7.82416 124.602
7.8299 117.258
7.83564 107.438
7.84137 100.311
7.84711 94.9861
7.85284 89.2412
7.85858 86.4959
7.86432 83.0309
7.87005 80.3723
7.87579 77.2607
7.88153 76.6134
7.88726 74.4031
7.893 74.8031
7.89873 73.2011
7.90447 74.1923
7.91021 75.8798
7.91594 76.7398
7.92168 80.3127
7.92742 75.6537
7.93315 70.7131
7.93889 68.3534
7.94462 68.2056
7.95036 67.6658
7.9561 66.1682
7.96183 69.0979
7.96757 69.4787
7.9733 69.3817
7.97904 68.3377
7.98478 69.6301
7.99051 68.6567
7.99625 65.3438
8.00199 66.3103
8.00772 64.9959
8.01346 64.3232
8.01919 65.1543
8.02493 64.6861
8.03067 63.7336
8.0364 65.0171
8.04214 63.8369
8.04788 64.4341
8.05361 62.862
8.05935 64.6217
8.06508 62.8311
8.07082 63.6461
8.07656 64.2127
8.08229 63.2825
8.08803 63.8838
8.09376 63.4915
8.0995 63.5635
8.10524 61.597
8.11097 60.605
8.11671 58.0967
8.12245 57.2049
8.12818 61.0277
8.13392 57.6988
8.13965 55.6837
8.14539 55.685
8.15113 55.1484
8.15686 51.2338
8.1626 54.1484
8.16834 54.6107
8.17407 55.2413
8.17981 54.7773
8.18554 55.5193
8.19128 56.3387
8.19702 54.3131
8.20275 55.1812
8.20849 54.1601
8.21422 54.9918
8.21996 55.0157
8.2257 56.2922
8.23143 53.808
8.23717 54.8828
8.24291 56.6496
8.24864 55.1157
8.25438 55.0036
8.26011 56.7675
8.26585 53.5996
8.27159 56.516
8.27732 55.1555
8.28306 55.4277
8.2888 54.6287
8.29453 54.3006
8.30027 53.0751
8.306 52.8791
8.31174 56.0695
8.31748 55.2596
8.32321 56.0323
8.32895 55.5456
8.33468 53.2677
8.34042 55.0085
8.34616 53.3774
8.35189 53.7919
8.35763 54.5965
8.36337 53.8206
8.3691 54.9582
8.37484 55.3946
8.38057 53.9929
8.38631 54.2124
8.39205 54.3667
8.39778 53.375
8.40352 53.6093
8.40926 55
8.41499 54.9415
8.42073 55.3667
8.42646 56.1148
8.4322 56.0218
8.43794 57.0052
8.44367 56.591
8.44941 55.4611
8.45514 53.9514
8.46088 54.7059
8.46662 55.2868
8.47235 53.1072
8.47809 53.4043
8.48383 51.3099
8.48956 52.28
8.4953 54.6427
8.50103 52.3707
8.50677 52.2133
8.51251 51.8466
8.51824 52.1795
8.52398 52.9887
8.52972 52.1269
8.53545 53.3478
8.54119 52.958
8.54692 52.1121
8.55266 52.9854
8.5584 54.5852
8.56413 54.5964
8.56987 52.9362
8.5756 53.2006
8.58134 54.8545
8.58708 51.9933
8.59281 52.9025
8.59855 54.7827
8.60429 53.1706
8.61002 52.5839
8.61576 53.0495
8.62149 52.209
8.62723 52.8912
8.63297 53.011
8.6387 53.3779
8.64444 51.8487
8.65018 52.1065
8.65591 53.2797
8.66165 48.3094
8.66738 52.2954
8.67312 50.5203
8.67886 52.7197
8.68459 51.176
8.69033 52.498
8.69606 50.7855
8.7018 52.0938
8.70754 51.472
8.71327 52.1916
8.71901 54.0987
8.72475 51.7093
8.73048 51.1774
8.73622 50.9009
8.74195 53.0282
8.74769 51.7034
8.75343 52.0983
8.75916 51.2966
8.7649 50.5872
8.77064 51.2924
8.77637 52.3616
8.78211 52.445
8.78784 50.7249
8.79358 50.7882
8.79932 51.2895
8.80505 50.4836
8.81079 50.9606
8.81652 52.2986
8.82226 50.4974
8.828 50.5185
8.83373 52.2244
8.83947 51.984
8.84521 51.3951
8.85094 53.867
8.85668 51.6769
8.86241 53.1538
8.86815 52.0805
8.87389 55.118
8.87962 51.6647
8.88536 52.6519
8.8911 52.7914
8.89683 50.8086
8.90257 55.6448
8.9083 56.474
8.91404 52.9938
8.91978 58.52
8.92551 66.3185
8.93125 72.4451
8.93698 140.583
8.94272 110.107
8.94846 82.9212
8.95419 61.8523
8.95993 56.7162
8.96567 57.3727
8.9714 55.5512
8.97714 55.6456
8.98287 53.972
8.98861 54.0741
8.99435 57.131
9.00008 54.5897
9.00582 57.9276
9.01156 59.2977
9.01729 56.439
9.02303 60.0214
9.02876 61.2821
9.0345 60.6992
9.04024 57.2093
9.04597 65.9423
9.05171 59.3071
9.05744 57.0331
9.06318 60.2621
9.06892 53.8403
9.07465 56.6979
9.08039 53.2308
9.08613 53.1402
9.09186 58.6354
9.0976 62.4615
9.10333 60.0208
9.10907 58.9796
9.11481 51.3958
9.12054 51.7955
9.12628 50.0612
9.13202 47.122
9.13775 53.337
9.14349 50.5952
9.14922 51.622
9.15496 49.378
9.1607 49.0405
9.16643 48.3375
9.17217 48.7397
9.1779 48.3947
9.18364 43.8286
9.18938 48.8971
9.19511 48.0882
9.20085 48.5714
9.20659 44.9692
9.21232 50.8
9.21806 48.0328
9.22379 47.0364
9.22953 51.0545
9.23527 45.0377
9.241 47.0357
9.24674 40.4082
9.25248 43.1702
9.25821 43.0222
9.26395 45.9773
9.26968 45.7907
9.27542 45.2308
9.28116 44.575
9.28689 41.6286
9.29263 41.8485
9.29836 41.4545
9.3041 42.3636
9.30984 44.5357
9.31557 34.963
9.32131 44.4815
9.32705 29.95
9.33278 42.6957
9.33852 31.1579
9.34425 29.0556
9.34999 34.3529
9.35573 29.7857
9.36146 27.7273
9.3672 27.5455
9.37294 27.375
9.37867 14.2222
9.38441 3
9.39014 11.25
9.39588 0
9.40162 0
9.40735 0
9.41309 0
9.41882 0
9.42456 0
9.4303 0
9.43603 0
9.44177 0
9.44751 0
9.45324 0
9.45898 0
9.46471 0
9.47045 0
9.47619 0
9.48192 0
9.48766 0
9.4934 0
9.49913 0
9.50487 0
9.5106 0
9.51634 0
9.52208 0
9.52781 0
9.53355 0
9.53928 0
9.54502 0
9.55076 0
9.55649 0
9.56223 0
9.56797 0
9.5737 0
9.57944 0
9.58517 0
9.59091 0
9.59665 0
9.60238 0
9.60812 0
9.61386 0
9.61959 0
9.62533 0
9.63106 0
9.6368 0
9.64254 0
9.64827 0
9.65401 0
9.65974 0
9.66548 0
9.67122 0
9.67695 0
9.68269 0
9.68843 0
9.69416 0
9.6999 0
9.70563 0
9.71137 0
9.71711 0
9.72284 0
9.72858 0
9.73432 0
9.74005 0
9.74579 0
9.75152 0
9.75726 0
9.763 0
9.76873 0
9.77447 0
9.7802 0
9.78594 0
9.79168 0
9.79741 0
9.80315 0
9.80889 0
9.81462 0
9.82036 0
9.82609 0
9.83183 0
9.83757 0
9.8433 0
9.84904 0
9.85478 0
9.86051 0
9.86625 0
9.87198 0
9.87772 0
9.88346 0
9.88919 0
9.89493 0
9.90066 0
9.9064 0
9.91214 0
9.91787 0
9.92361 0
9.92935 0
9.93508 0
9.94082 0
9.94655 0
9.95229 0
9.95803 0
9.96376 0
9.9695 0
9.97524 0
9.98097 0
9.98671 0
9.99244 0
9.99818 0
10.0039 0
10.0097 0
10.0154 0
10.0211 0
10.0269 0
10.0326 0
10.0383 0
10.0441 0
10.0498 0
10.0555 0
10.0613 0
10.067 0
10.0728 0
10.0785 0
10.0842 0
10.09 0
10.0957 0
10.1014 0
10.1072 0
10.1129 0
10.1186 0
10.1244 0
10.1301 0
10.1358 0
10.1416 0
10.1473 0
10.1531 0
10.1588 0
10.1645 0
10.1703 0
10.176 0
10.1817 0
10.1875 0
10.1932 0
10.1989 0
10.2047 0
10.2104 0
10.2162 0
10.2219 0
10.2276 0
10.2334 0
10.2391 0
10.2448 0
10.2506 0
10.2563 0
10.262 0
10.2678 0
10.2735 0
10.2793 0
10.285 0
10.2907 0
10.2965 0
10.3022 0
10.3079 0
10.3137 0
10.3194 0
10.3251 0
10.3309 0
10.3366 0
10.3424 0
10.3481 0
10.3538 0
10.3596 0
10.3653 0
10.371 0
10.3768 0
10.3825 0
10.3882 0
10.394 0
10.3997 0
10.4054 0
10.4112 0
10.4169 0
10.4227 0
10.4284 0
10.4341 0
10.4399 0
10.4456 0
10.4513 0
10.4571 0
10.4628 0
10.4685 0
10.4743 0
10.48 0
10.4858 0
10.4915 0
10.4972 0
10.503 0
10.5087 0
10.5144 0
10.5202 0
10.5259 0
10.5316 0
10.5374 0
10.5431 0
10.5489 0
10.5546 0
10.5603 0
10.5661 0
10.5718 0
10.5775 0
10.5833 0
10.589 0
10.5947 0
10.6005 0
10.6062 0
10.612 0
10.6177 0
10.6234 0
10.6292 0
10.6349 0
10.6406 0
10.6464 0
10.6521 0
10.6578 0
10.6636 0
10.6693 0
10.6751 0
10.6808 0
10.6865 0
10.6923 0
10.698 0
10.7037 0
10.7095 0
10.7152 0
10.7209 0
10.7267 0
10.7324 0
10.7381 0
10.7439 0
10.7496 0
10.7554 0
10.7611 0
10.7668 0
10.7726 0
10.7783 0
10.784 0
10.7898 0
10.7955 0
10.8012 0
10.807 0
10.8127 0
10.8185 0
10.8242 0
10.8299 0
10.8357 0
10.8414 0
10.8471 0
10.8529 0
10.8586 0
10.8643 0
10.8701 0
10.8758 0
10.8816 0
10.8873 0
10.893 0
10.8988 0
10.9045 0
10.9102 0
10.916 0
10.9217 0
10.9274 0
10.9332 0
10.9389 0
10.9447 0
10.9504 0
10.9561 0
10.9619 0
10.9676 0
10.9733 0
10.9791 0
10.9848 0
10.9905 0
10.9963 0
11.002 0
11.0077 0
11.0135 0
11.0192 0
11.025 0
11.0307 0
11.0364 0
11.0422 0
11.0479 0
11.0536 0
11.0594 0
11.0651 0
11.0708 0
11.0766 0
11.0823 0
11.0881 0
11.0938 0
11.0995 0
11.1053 0
11.111 0
11.1167 0
11.1225 0
11.1282 0
11.1339 0
11.1397 0
11.1454 0
11.1512 0
11.1569 0
11.1626 0
11.1684 0
11.1741 0
11.1798 0
11.1856 0
11.1913 0
11.197 0
11.2028 0
11.2085 0
11.2143 0
11.22 0
11.2257 0
11.2315 0
11.2372 0
11.2429 0
11.2487 0
11.2544 0
11.2601 0
11.2659 0
11.2716 0
11.2774 0
11.2831 0
11.2888 0
11.2946 0
11.3003 0
11.306 0
11.3118 0
11.3175 0
11.3232 0
11.329 0
11.3347 0
11.3404 0
11.3462 0
11.3519 0
11.3577 0
11.3634 0
11.3691 0
11.3749 0
11.3806 0
11.3863 0
11.3921 0
11.3978 0
11.4035 0
11.4093 0
11.415 0
11.4208 0
11.4265 0
11.4322 0
11.438 0
11.4437 0
11.4494 0
11.4552 0
11.4609 0
11.4666 0
11.4724 0
11.4781 0
11.4839 0
11.4896 0
11.4953 0
11.5011 0
11.5068 0
11.5125 0
11.5183 0
11.524 0
11.5297 0
11.5355 0
11.5412 0
11.547 0
11.5527 0
11.5584 0
11.5642 0
11.5699 0
11.5756 0
11.5814 0
11.5871 0
11.5928 0
11.5986 0
11.6043 0
11.61 0
11.6158 0
11.6215 0
11.6273 0
11.633 0
11.6387 0
11.6445 0
11.6502 0
11.6559 0
11.6617 0
11.6674 0
11.6731 0
11.6789 0
11.6846 0
11.6904 0
11.6961 0
11.7018 0
11.7076 0
11.7133 0
11.719 0
11.7248 0
11.7305 0
11.7362 0
11.742 0
