0 0
0.00573619 -8
0.0114724 -11
0.0172086 16
0.0229448 -4
0.028681 15.3333
0.0344171 -7.5
0.0401533 7.8
0.0458895 4
0.0516257 16
0.0573619 -3.66667
0.0630981 3.85714
0.0688343 -17.5714
0.0745705 -1.5
0.0803067 0.222222
0.0860429 2.44444
0.091779 -4.5
0.0975152 0.769231
0.103251 2.66667
0.108988 -0.555556
0.114724 0
0.12046 6.09091
0.126196 3.46667
0.131932 3.625
0.137669 7
0.143405 -4.92308
0.149141 9
0.154877 1.4375
0.160613 -1.13333
0.16635 -4.93333
0.172086 0.416667
0.177822 3.78947
0.183558 0.294118
0.189294 1
0.19503 0.047619
0.200767 1.52381
0.206503 -6.82353
0.212239 10.6667
0.217975 0.190476
0.223711 4.82353
0.229448 -0.291667
0.235184 6.52174
0.24092 1.5
0.246656 5.27778
0.252392 -1.24
0.258129 -0.925926
0.263865 5.52381
0.269601 -3.875
0.275337 1.37931
0.281073 -3.92
0.28681 5
0.292546 2.92
0.298282 0.724138
0.304018 -2.59259
0.309754 -2.56667
0.31549 2.09677
0.321227 0.518519
0.326963 2.76667
0.332699 5.25806
0.338435 -1.54545
0.344171 0.75
0.349908 1.6
0.355644 -0.657143
0.36138 -1.09677
0.367116 2.05882
0.372852 -0.666667
0.378589 2.32432
0.384325 -0.84375
0.390061 5.10256
0.395797 3.61538
0.401533 10.1154
0.40727 7.48837
0.413006 8.56757
0.418742 15.625
0.424478 11.3824
0.430214 12.0667
0.43595 11.2439
0.441687 12.9688
0.447423 14.1702
0.453159 16.7949
0.458895 15.6512
0.464631 17.1591
0.470368 12.3171
0.476104 17.4681
0.48184 14.2222
0.487576 17.2885
0.493312 14.8049
0.499049 15.925
0.504785 16.9649
0.510521 19.6
0.516257 18.4884
0.521993 21.3864
0.52773 21.8302
0.533466 24.8889
0.539202 23.7708
0.544938 24.6471
0.550674 21.9808
0.55641 24.3333
0.562147 21.7059
0.567883 26.2105
0.573619 21.2444
0.579355 16.9259
0.585091 18.0175
0.590828 16.2075
0.596564 18.25
0.6023 18.2143
0.608036 18.8769
0.613772 15.0816
0.619509 22.6552
0.625245 18.9492
0.630981 21.5091
0.636717 24.5517
0.642453 23.2632
0.64819 23
0.653926 24.0962
0.659662 22.5692
0.665398 25.9844
0.671134 26.5439
0.67687 23.5806
0.682607 28.6984
0.688343 25.3134
0.694079 25.0741
0.699815 25
0.705551 23.0462
0.711288 25.7818
0.717024 23.973
0.72276 27.3115
0.728496 26.2143
0.734232 27.7344
0.739969 28.8986
0.745705 28.3944
0.751441 31.5
0.757177 28.0649
0.762913 27.4627
0.76865 30.8696
0.774386 27.0294
0.780122 30.7534
0.785858 28.2208
0.791594 26.7833
0.79733 27.2927
0.803067 28.0145
0.808803 24.4286
0.814539 25.7284
0.820275 26.1549
0.826011 26.5195
0.831748 26.0694
0.837484 23.0941
0.84322 27.6714
0.848956 22.7639
0.854692 21.5412
0.860429 25.8765
0.866165 25.9452
0.871901 23.9875
0.877637 27.6386
0.883373 28.9221
0.88911 28.3077
0.894846 26.4706
0.900582 22.241
0.906318 24.5405
0.912054 26.2556
0.91779 21.4713
0.923527 28.8312
0.929263 26.6512
0.934999 24.6154
0.940735 24.6296
0.946471 25.2857
0.952208 29.6
0.957944 26.9247
0.96368 24.2308
0.969416 26.6421
0.975152 25.2889
0.980889 26.0824
0.986625 24.0698
0.992361 27.4
0.998097 25.4632
1.00383 25.1625
1.00957 25.3333
1.01531 24.3608
1.02104 24.6905
1.02678 28.2812
1.03251 26.1978
1.03825 26.78
1.04399 26.407
1.04972 26.4257
1.05546 22.2277
1.0612 26.622
1.06693 27.0748
1.07267 27.3187
1.0784 25.2913
1.08414 25.2755
1.08988 29.39
1.09561 26.9048
1.10135 24.3023
1.10708 23.2636
1.11282 24.4737
1.11856 28.9286
1.12429 25.1429
1.13003 29.781
1.13577 26.1238
1.1415 25.8235
1.14724 23.0826
1.15297 24.8
1.15871 24.07
1.16445 25.6783
1.17018 23.7714
1.17592 25.9813
1.18166 22.6354
1.18739 25.084
1.19313 24.578
1.19886 26.3398
1.2046 22.3652
1.21034 23.028
1.21607 23
1.22181 21.7
1.22754 24.2308
1.23328 21.3084
1.23902 24.4643
1.24475 24.6975
1.25049 25.3578
1.25623 25.8241
1.26196 25.3761
1.2677 23.8306
1.27343 24.3964
1.27917 24.9322
1.28491 24.1441
1.29064 25.9735
1.29638 24.8879
1.30212 21.1453
1.30785 24.3613
1.31359 23.1466
1.31932 25.7559
1.32506 21.4454
1.3308 24.2931
1.33653 25.5952
1.34227 22.2017
1.348 24.1496
1.35374 22.4956
1.35948 23.784
1.36521 24.3817
1.37095 21.7091
1.37669 24.2878
1.38242 24.623
1.38816 23.0153
1.39389 24.178
1.39963 27.2121
1.40537 24.7752
1.4111 23.9464
1.41684 24.6643
1.42258 23.4074
1.42831 24.2562
1.43405 19.6462
1.43978 21.8815
1.44552 22.6449
1.45126 22.339
1.45699 24.3191
1.46273 25.9697
1.46846 25.4444
1.4742 23.1189
1.47994 23.8217
1.48567 23.782
1.49141 24.6231
1.49715 28.1745
1.50288 25.3869
1.50862 24.9597
1.51435 25.089
1.52009 22.6809
1.52583 24.7481
1.53156 25.9111
1.5373 22.8776
1.54304 22.0213
1.54877 24.8971
1.55451 24.7919
1.56024 21.9854
1.56598 24.4357
1.57172 23.4043
1.57745 25.0878
1.58319 23.5957
1.58892 24.2817
1.59466 24.5133
1.6004 25.2657
1.60613 24.7754
1.61187 25.8658
1.61761 25.0764
1.62334 27.7143
1.62908 23.9419
1.63481 25.6358
1.64055 23.5133
1.64629 22.0479
1.65202 24.4106
1.65776 23.6225
1.6635 25.6934
1.66923 25.0566
1.67497 23.0552
1.6807 24.1314
1.68644 25.0443
1.69218 24.1296
1.69791 23.1961
1.70365 19.7027
1.70938 25.6987
1.71512 22.6196
1.72086 20.3382
1.72659 21.526
1.73233 23.6581
1.73807 22.719
1.7438 22.1325
1.74954 24.4906
1.75527 24.0793
1.76101 27.0735
1.76675 26.2155
1.77248 27.6707
1.77822 25.5442
1.78396 23.7798
1.78969 25.2038
1.79543 22.526
1.80116 26.5223
1.8069 22.4795
1.81264 25.006
1.81837 23.96
1.82411 24.5278
1.82984 25.0559
1.83558 23.0727
1.84132 24.3333
1.84705 23.645
1.85279 27.076
1.85853 24.8625
1.86426 25.0565
1.87 27.0349
1.87573 24.3813
1.88147 26.1582
1.88721 27.0581
1.89294 26.6879
1.89868 27.3529
1.90442 28.6839
1.91015 33.1657
1.91589 49.9583
1.92162 54.2139
1.92736 36.0113
1.9331 36.2679
1.93883 35.9477
1.94457 36.3069
1.9503 33.3353
1.95604 29.3488
1.96178 32.5635
1.96751 26.1135
1.97325 25.4663
1.97899 30.2941
1.98472 27.3883
1.99046 25.2171
1.99619 25.1099
2.00193 28.9368
2.00767 25.8418
2.0134 25.5407
2.01914 26.6649
2.02488 26.644
2.03061 27.1582
2.03635 25.7074
2.04208 25.0757
2.04782 26.8617
2.05356 26.2742
2.05929 28.4199
2.06503 29.39
2.07076 28.0682
2.0765 26.3264
2.08224 28.3724
2.08797 28.9422
2.09371 28.0909
2.09945 30.2432
2.10518 26.603
2.11092 28.2567
2.11665 29.8974
2.12239 28.343
2.12813 29.4852
2.13386 28.4577
2.1396 30.6985
2.14534 29.159
2.15107 28.4652
2.15681 29.7638
2.16254 30.1188
2.16828 29.212
2.17402 30.4834
2.17975 30.06
2.18549 30.3968
2.19122 30.0693
2.19696 31.5941
2.2027 34.1805
2.20843 41.9213
2.21417 60.7689
2.21991 66.0751
2.22564 42.4536
2.23138 35.3507
2.23711 34.8937
2.24285 32.7212
2.24859 33.7917
2.25432 33.6804
2.26006 31.8447
2.2658 30.0645
2.27153 32.3442
2.27727 29.2844
2.283 32.4428
2.28874 32.7598
2.29448 32.2748
2.30021 31.0758
2.30595 31.3081
2.31168 34.4398
2.31742 35.0048
2.32316 34.9471
2.32889 36.9206
2.33463 37.8685
2.34037 39.1831
2.3461 42.6179
2.35184 42.1855
2.35757 44.3971
2.36331 41.9019
2.36905 44.8618
2.37478 44.0586
2.38052 42.9309
2.38626 41.601
2.39199 42.5641
2.39773 40.0145
2.40346 36.6667
2.4092 37.9462
2.41494 34.8281
2.42067 37.5484
2.42641 33.8203
2.43214 35.0563
2.43788 35.4541
2.44362 32.7577
2.44935 35.1416
2.45509 32.6291
2.46083 35.2212
2.46656 34.8646
2.4723 33.4874
2.47803 33.3023
2.48377 33.8894
2.48951 35.4701
2.49524 36.3529
2.50098 33.933
2.50672 33.7788
2.51245 34.0858
2.51819 35.9861
2.52392 34.5714
2.52966 37.6192
2.5354 35.3333
2.54113 36.3333
2.54687 36.0909
2.5526 35.5805
2.55834 34.2568
2.56408 33.3957
2.56981 37.3388
2.57555 34.6471
2.58129 35.9481
2.58702 34.7782
2.59276 36.4856
2.59849 35.9364
2.60423 37.9407
2.60997 35.4647
2.6157 34.5917
2.62144 35.707
2.62718 35.4553
2.63291 35.0837
2.63865 37.1202
2.64438 36.465
2.65012 35.42
2.65586 36.1562
2.66159 35.4387
2.66733 34
2.67306 34.9617
2.6788 39.4805
2.68454 37.1639
2.69027 36.4699
2.69601 37.8652
2.70175 40.4336
2.70748 41.0123
2.71322 41.8565
2.71895 42.1111
2.72469 39.1193
2.73043 39.7559
2.73616 38.4375
2.7419 38.7121
2.74764 38.336
2.75337 38.5758
2.75911 38.3498
2.76484 38.2659
2.77058 37.1523
2.77632 39.1351
2.78205 35.3929
2.78779 35.7683
2.79352 38.7787
2.79926 38.8647
2.805 38.3815
2.81073 38.2686
2.81647 38.4963
2.82221 41.0798
2.82794 34.6468
2.83368 37.5333
2.83941 38.5776
2.84515 38.116
2.85089 36.7364
2.85662 39.9064
2.86236 38.6107
2.8681 38.7967
2.87383 40.9057
2.87957 40.8921
2.8853 41.6185
2.89104 40.8251
2.89678 40.1132
2.90251 39.9732
2.90825 41.189
2.91398 40.2153
2.91972 39.5704
2.92546 40.3166
2.93119 41.0415
2.93693 40.4332
2.94267 43.9275
2.9484 40.3057
2.95414 42.393
2.95987 44.0899
2.96561 41.7423
2.97135 42.5267
2.97708 44.7695
2.98282 45.1793
2.98856 45.8179
2.99429 48.6786
3.00003 45.316
3.00576 43.2624
3.0115 43.6507
3.01724 45.1661
3.02297 43.0305
3.02871 44.1007
3.03444 44.2581
3.04018 42.8345
3.04592 45.2463
3.05165 43.0681
3.05739 44.9753
3.06313 44.4008
3.06886 46.2635
3.0746 46.3368
3.08033 46.8804
3.08607 48.8759
3.09181 52.0942
3.09754 53.7024
3.10328 58.8195
3.10902 64.6199
3.11475 65.1322
3.12049 59.5201
3.12622 55.9573
3.13196 57.6904
3.1377 59.6033
3.14343 66.8536
3.14917 62.3702
3.1549 54.5248
3.16064 53.3309
3.16638 53.3498
3.17211 52.3299
3.17785 53.8771
3.18359 54.0645
3.18932 53.6433
3.19506 52.5522
3.20079 53.6394
3.20653 52.2508
3.21227 53.4334
3.218 53.809
3.22374 54.2847
3.22948 56.4482
3.23521 55.5967
3.24095 55.0297
3.24668 56.4825
3.25242 55.8067
3.25816 55.3239
3.26389 57.8
3.26963 58.5034
3.27536 58.0429
3.2811 59.0404
3.28684 60.7094
3.29257 61.8984
3.29831 64.3571
3.30405 68.9038
3.30978 71.2262
3.31552 74.1974
3.32125 77.7322
3.32699 81.3555
3.33273 80.2404
3.33846 82.1724
3.3442 78.2257
3.34994 79.2326
3.35567 76.0532
3.36141 74.6467
3.36714 73.8173
3.37288 71.645
3.37862 73.4846
3.38435 71.3723
3.39009 71.6532
3.39582 69.8399
3.40156 70.1132
3.4073 73.0286
3.41303 73.6535
3.41877 75.5875
3.42451 77.7926
3.43024 76.0446
3.43598 74.4521
3.44171 72.2696
3.44745 71.9578
3.45319 73.0878
3.45892 73.7129
3.46466 73.7066
3.4704 74.6412
3.47613 76.9073
3.48187 75.4157
3.4876 76.7968
3.49334 79.3968
3.49908 80.1274
3.50481 80.6239
3.51055 83.6
3.51628 83.971
3.52202 91.5662
3.52776 96.9565
3.53349 105.689
3.53923 125.917
3.54497 150.423
3.5507 165.424
3.55644 157.521
3.56217 133.131
3.56791 114.881
3.57365 103.767
3.57938 100.942
3.58512 97.9138
3.59086 97.1242
3.59659 97.0556
3.60233 96.8863
3.60806 99.5848
3.6138 100.54
3.61954 103.042
3.62527 108.334
3.63101 112.508
3.63674 125.338
3.64248 141.639
3.64822 157.347
3.65395 169.476
3.65969 168.971
3.66543 156.67
3.67116 148.618
3.6769 149.417
3.68263 153.427
3.68837 149.984
3.69411 148.918
3.69984 144.637
3.70558 145.17
3.71132 147.241
3.71705 149.829
3.72279 152.671
3.72852 153.955
3.73426 158.579
3.74 161.913
3.74573 166.867
3.75147 167.65
3.7572 172.404
3.76294 180.125
3.76868 185.77
3.77441 194.324
3.78015 202.184
3.78589 211.076
3.79162 220.808
3.79736 237.967
3.80309 251.021
3.80883 265.898
3.81457 293.548
3.8203 318.416
3.82604 352.427
3.83178 420.474
3.83751 599.494
3.84325 1149.4
3.84898 1989.97
3.85472 2841.77
3.86046 1735.5
3.86619 1251.73
3.87193 1406.08
3.87766 1719.43
3.8834 2173.51
3.88914 2716.2
3.89487 3261.38
3.90061 3218.14
3.90635 2710.39
3.91208 2115.51
3.91782 1532.77
3.92355 1150.17
3.92929 905.147
3.93503 719.555
3.94076 594.57
3.9465 508.392
3.95224 450.067
3.95797 397.119
3.96371 359.761
3.96944 333.826
3.97518 309.733
3.98092 288.795
3.98665 271.526
3.99239 259.626
3.99812 248.487
4.00386 236.371
4.0096 228.965
4.01533 224.397
4.02107 216.193
4.02681 212.943
4.03254 213.198
4.03828 210.151
4.04401 204.942
4.04975 199.402
4.05549 193.17
4.06122 186.546
4.06696 181.159
4.0727 180.595
4.07843 176.008
4.08417 171.623
4.0899 171.465
4.09564 169.71
4.10138 167.258
4.10711 165.99
4.11285 163.816
4.11858 162.522
4.12432 161.384
4.13006 160.647
4.13579 159.356
4.14153 158.013
4.14727 158.567
4.153 158.486
4.15874 155.98
4.16447 154.852
4.17021 155.982
4.17595 155.871
4.18168 153.44
4.18742 154.023
4.19316 156.737
4.19889 154.902
4.20463 155.507
4.21036 159.267
4.2161 156.342
4.22184 155.765
4.22757 154.221
4.23331 154.448
4.23904 156.221
4.24478 155.012
4.25052 158.043
4.25625 158.664
4.26199 160.023
4.26773 161.537
4.27346 161.074
4.2792 164.92
4.28493 163.787
4.29067 164.356
4.29641 167.712
4.30214 168.758
4.30788 170.54
4.31362 173.65
4.31935 177.465
4.32509 179.613
4.33082 183.921
4.33656 192.056
4.3423 193.848
4.34803 200.496
4.35377 205.997
4.3595 211.159
4.36524 222.479
4.37098 230.306
4.37671 240.021
4.38245 247.577
4.38819 260.453
4.39392 277.845
4.39966 286.983
4.40539 313.145
4.41113 341.215
4.41687 377.479
4.4226 446.442
4.42834 573.242
4.43408 942.242
4.43981 2144.88
4.44555 5125.48
4.45128 16698.8
4.45702 22132.1
4.46276 8562.29
4.46849 2934.23
4.47423 1581.42
4.47996 1028.93
4.4857 944.635
4.49144 922.684
4.49717 905.557
4.50291 916.23
4.50865 872.595
4.51438 795.388
4.52012 696.502
4.52585 596.89
4.53159 511.459
4.53733 438.135
4.54306 379.468
4.5488 336.662
4.55454 302.62
4.56027 276.376
4.56601 250.108
4.57174 230.561
4.57748 214.633
4.58322 203.477
4.58895 190.961
4.59469 181.047
4.60042 171.34
4.60616 165.995
4.6119 162.215
4.61763 157.178
4.62337 153.132
4.62911 155.287
4.63484 148.685
4.64058 142.93
4.64631 136.023
4.65205 132.457
4.65779 127.457
4.66352 124.553
4.66926 122.845
4.675 121.521
4.68073 120.031
4.68647 117.583
4.6922 116.867
4.69794 117.715
4.70368 118.389
4.70941 118.814
4.71515 119.748
4.72088 120.135
4.72662 120.747
4.73236 120.383
4.73809 119.785
4.74383 119.627
4.74957 117.299
4.7553 112.643
4.76104 112.95
4.76677 109.414
4.77251 105.603
4.77825 105.809
4.78398 102.976
4.78972 99.6244
4.79546 98.04
4.80119 97.3461
4.80693 94.4793
4.81266 94.6437
4.8184 91.3839
4.82414 90.596
4.82987 89.0884
4.83561 90.0797
4.84134 92.9848
4.84708 92.8892
4.85282 92.4701
4.85855 93.7621
4.86429 89.7221
4.87003 87.4781
4.87576 85.0089
4.8815 84.3434
4.88723 85.0504
4.89297 84.5903
4.89871 84.5032
4.90444 83.7332
4.91018 83.1373
4.91592 83.3717
4.92165 81.6602
4.92739 81.774
4.93312 81.2435
4.93886 80.8228
4.9446 81.2616
4.95033 81.3838
4.95607 80.1121
4.9618 81.3817
4.96754 81.305
4.97328 82.4249
4.97901 84.906
4.98475 82.9299
4.99049 80.1974
4.99622 79.0276
5.00196 79.7978
5.00769 79.3171
5.01343 79.6247
5.01917 79.3672
5.0249 78.9089
5.03064 78.7927
5.03638 77.8636
5.04211 78.263
5.04785 78.7862
5.05358 80.3761
5.05932 79.1102
5.06506 77.6747
5.07079 78.5751
5.07653 75.5966
5.08226 77.1491
5.088 77.6021
5.09374 77.1899
5.09947 77.0848
5.10521 77.1974
5.11095 76.8782
5.11668 77.5971
5.12242 77.5855
5.12815 77.1295
5.13389 77.3971
5.13963 77.5108
5.14536 77.8906
5.1511 79.4167
5.15684 79.1148
5.16257 76.8957
5.16831 80.2442
5.17404 81.3616
5.17978 79.8722
5.18552 79.9076
5.19125 77.1822
5.19699 78.6867
5.20272 76.372
5.20846 76.7955
5.2142 75.8427
5.21993 77.1795
5.22567 77.3555
5.23141 77.122
5.23714 78.7049
5.24288 78.1748
5.24861 77.8326
5.25435 77.8733
5.26009 77.9357
5.26582 78.0661
5.27156 76.998
5.2773 79.1729
5.28303 79.2794
5.28877 78.1385
5.2945 79.7143
5.30024 79.8545
5.30598 80.2599
5.31171 81.1884
5.31745 80.1245
5.32318 80.4979
5.32892 79.4226
5.33466 78.8098
5.34039 77.8309
5.34613 78.2956
5.35187 77.6491
5.3576 78.9691
5.36334 78.203
5.36907 80.8375
5.37481 82.1867
5.38055 83.5385
5.38628 89.1571
5.39202 96.3636
5.39776 102.502
5.40349 99.4008
5.40923 91.1713
5.41496 85.4949
5.4207 81.3617
5.42644 82.0331
5.43217 80.4604
5.43791 79.565
5.44364 81.6549
5.44938 83.5714
5.45512 85.5321
5.46085 83.0952
5.46659 81.7893
5.47233 78.4577
5.47806 79.4178
5.4838 78.804
5.48953 80.6738
5.49527 79.9902
5.50101 79.0398
5.50674 79.0038
5.51248 79.4573
5.51822 79.3808
5.52395 79.6247
5.52969 79.3644
5.53542 78.9244
5.54116 78.5516
5.5469 77.5607
5.55263 78.7745
5.55837 79.4817
5.5641 78.8973
5.56984 78.4821
5.57558 79.6133
5.58131 80.7366
5.58705 79.9466
5.59279 81.498
5.59852 80.9918
5.60426 80.1107
5.60999 80.6276
5.61573 80.9784
5.62147 81.2113
5.6272 80.5966
5.63294 81.2962
5.63868 81.3491
5.64441 81.6948
5.65015 82.0151
5.65588 81.6369
5.66162 81.501
5.66736 83.2162
5.67309 82.7853
5.67883 83.6687
5.68456 82.6693
5.6903 83.7689
5.69604 83.1265
5.70177 84.4098
5.70751 85.516
5.71325 86.6859
5.71898 87.9403
5.72472 88.7667
5.73045 88.4099
5.73619 87.2984
5.74193 89.0074
5.74766 88.4004
5.7534 89.1034
5.75914 90.4379
5.76487 91.9007
5.77061 93.4707
5.77634 95.0423
5.78208 93.4215
5.78782 95.8048
5.79355 95.4042
5.79929 95.0379
5.80502 94.7111
5.81076 94.5596
5.8165 94.4019
5.82223 92.5978
5.82797 92.9283
5.83371 94.7319
5.83944 94.4991
5.84518 93.1923
5.85091 95.7421
5.85665 94.5048
5.86239 94.7153
5.86812 95.1308
5.87386 96.2809
5.8796 95.5058
5.88533 96.5958
5.89107 97.9887
5.8968 98.805
5.90254 98.3286
5.90828 99.2142
5.91401 98.6045
5.91975 99.2977
5.92548 100.307
5.93122 100.296
5.93696 102.265
5.94269 100.909
5.94843 102.542
5.95417 105.727
5.9599 105.595
5.96564 106.873
5.97137 108.054
5.97711 108.581
5.98285 110.235
5.98858 113.215
5.99432 113.866
6.00006 114.468
6.00579 116.865
6.01153 121.805
6.01726 122.941
6.023 124.55
6.02874 122.048
6.03447 119.554
6.04021 119.786
6.04594 120.81
6.05168 120.661
6.05742 121.61
6.06315 121.708
6.06889 123.203
6.07463 124.646
6.08036 125.09
6.0861 127.49
6.09183 130.331
6.09757 132
6.10331 131.757
6.10904 134.122
6.11478 137.214
6.12052 138.567
6.12625 138.623
6.13199 139.825
6.13772 142.072
6.14346 142.929
6.1492 147.661
6.15493 150.206
6.16067 150.347
6.1664 154.569
6.17214 157.536
6.17788 163.077
6.18361 164.536
6.18935 170.137
6.19509 177.467
6.20082 180.552
6.20656 188.19
6.21229 197.955
6.21803 207.606
6.22377 212.558
6.2295 222.934
6.23524 230.769
6.24098 232.986
6.24671 239.401
6.25245 256.465
6.25818 269.858
6.26392 289.985
6.26966 329.626
6.27539 433.36
6.28113 568.152
6.28686 1472.13
6.2926 3591.86
6.29834 7435.73
6.30407 8033.41
6.30981 10026.7
6.31555 3609.65
6.32128 1725.64
6.32702 846.036
6.33275 604.168
6.33849 558.316
6.34423 518.78
6.34996 537.726
6.3557 572.843
6.36144 619.798
6.36717 698.702
6.37291 773.613
6.37864 798.993
6.38438 760.113
6.39012 683.953
6.39585 599.074
6.40159 512.677
6.40732 442.58
6.41306 384.28
6.4188 339.084
6.42453 304.845
6.43027 284.356
6.43601 265.958
6.44174 249.807
6.44748 239.756
6.45321 230.683
6.45895 225.968
6.46469 223.234
6.47042 216.983
6.47616 211.859
6.4819 200.601
6.48763 191.679
6.49337 187.246
6.4991 181.051
6.50484 177.591
6.51058 174.649
6.51631 173.785
6.52205 170.493
6.52778 168.047
6.53352 168.204
6.53926 166.146
6.54499 165.496
6.55073 164.457
6.55647 163.404
6.5622 163.189
6.56794 163.528
6.57367 165.355
6.57941 163.726
6.58515 160.448
6.59088 156.481
6.59662 154.289
6.60236 150.712
6.60809 151.346
6.61383 149.019
6.61956 147.932
6.6253 147.026
6.63104 145.974
6.63677 147.035
6.64251 146.208
6.64824 145.225
6.65398 145.344
6.65972 145.617
6.66545 146.254
6.67119 146.901
6.67693 147.997
6.68266 147.343
6.6884 148.478
6.69413 146.502
6.69987 146.122
6.70561 145.122
6.71134 144.791
6.71708 142.224
6.72282 141.756
6.72855 142.276
6.73429 140.411
6.74002 140.209
6.74576 140.907
6.7515 141.298
6.75723 140.866
6.76297 137.82
6.7687 136.75
6.77444 135.822
6.78018 135.631
6.78591 137.756
6.79165 138.956
6.79739 144.025
6.80312 151.972
6.80886 175.799
6.81459 158.746
6.82033 165.661
6.82607 144.489
6.8318 140.453
6.83754 135.331
6.84328 134.834
6.84901 135.459
6.85475 136.538
6.86048 136.029
6.86622 135.166
6.87196 135.625
6.87769 135.366
6.88343 135.748
6.88916 136.536
6.8949 135.951
6.90064 136.072
6.90637 137.049
6.91211 136.566
6.91785 134.754
6.92358 136.127
6.92932 136.108
6.93505 135.127
6.94079 134.044
6.94653 136.378
6.95226 136.323
6.958 134.765
6.96374 137.032
6.96947 136.039
6.97521 136.083
6.98094 136.219
6.98668 135.162
6.99242 135.947
6.99815 136.052
7.00389 134.856
7.00962 137.542
7.01536 138.243
7.0211 137.039
7.02683 137.201
7.03257 138.208
7.03831 135.892
7.04404 138.586
7.04978 139.876
7.05551 139.73
7.06125 139.968
7.06699 139.468
7.07272 142.478
7.07846 141.092
7.0842 141.057
7.08993 142.635
7.09567 143.206
7.1014 144.913
7.10714 145.064
7.11288 146.943
7.11861 148.622
7.12435 148.839
7.13008 147.82
7.13582 146.922
7.14156 146.285
7.14729 146.754
7.15303 147.605
7.15877 147.092
7.1645 147.47
7.17024 147.398
7.17597 146.832
7.18171 149.189
7.18745 149.888
7.19318 150.864
7.19892 151.657
7.20466 154.846
7.21039 155.846
7.21613 157.123
7.22186 157.251
7.2276 159.432
7.23334 159.365
7.23907 159.627
7.24481 158.293
7.25054 159.068
7.25628 159.763
7.26202 160.848
7.26775 163.466
7.27349 164.636
7.27923 165.125
7.28496 168.504
7.2907 170.922
7.29643 169.936
7.30217 173.233
7.30791 175.756
7.31364 180.917
7.31938 182.338
7.32512 187.44
7.33085 188.581
7.33659 193.167
7.34232 192.994
7.34806 198.799
7.3538 205.62
7.35953 207.125
7.36527 223.283
7.371 250.873
7.37674 364.767
7.38248 374.361
7.38821 983.15
7.39395 1172.88
7.39969 1717.27
7.40542 2609.85
7.41116 1302.7
7.41689 654.229
7.42263 447.328
7.42837 388.775
7.4341 379.582
7.43984 387.063
7.44558 409.058
7.45131 443.786
7.45705 493.251
7.46278 553.118
7.46852 633.72
7.47426 711.44
7.47999 764.533
7.48573 760.867
7.49146 703.334
7.4972 617.933
7.50294 532.665
7.50867 455.08
7.51441 393.132
7.52015 345.733
7.52588 308.581
7.53162 279.739
7.53735 258.675
7.54309 241.78
7.54883 225.682
7.55456 215.208
7.5603 205.583
7.56604 197.538
7.57177 192.579
7.57751 185.874
7.58324 179.97
7.58898 177.513
7.59472 171.094
7.60045 169.817
7.60619 167.339
7.61192 164.835
7.61766 161.989
7.6234 160.031
7.62913 160.53
7.63487 157.758
7.64061 157.277
7.64634 155.989
7.65208 154.453
7.65781 153.678
7.66355 152.785
7.66929 154.256
7.67502 153.339
7.68076 152.597
7.6865 152.868
7.69223 153.896
7.69797 157.685
7.7037 157.976
7.70944 167.431
7.71518 206.881
7.72091 259.732
7.72665 374.395
7.73238 564.596
7.73812 244.548
7.74386 188.181
7.74959 186.415
7.75533 182.044
7.76107 184.881
7.7668 191.525
7.77254 201.971
7.77827 212.873
7.78401 225.996
7.78975 245.277
7.79548 270.111
7.80122 297.989
7.80696 321.951
7.81269 345.12
7.81843 339.816
7.82416 318.04
7.8299 286.295
7.83564 252.056
7.84137 224.513
7.84711 201.781
7.85284 183.574
7.85858 169.648
7.86432 159.291
7.87005 153.166
7.87579 148.869
7.88153 142.679
7.88726 139.727
7.893 136.63
7.89873 133.745
7.90447 131.493
7.91021 133.619
7.91594 134.249
7.92168 133.811
7.92742 128.816
7.93315 123.54
7.93889 123.267
7.94462 120.541
7.95036 119.613
7.9561 118.624
7.96183 118.942
7.96757 118.158
7.9733 118.071
7.97904 116.096
7.98478 116.415
7.99051 114.938
7.99625 115.643
8.00199 114.559
8.00772 112.641
8.01346 113.992
8.01919 113.791
8.02493 112.479
8.03067 111.898
8.0364 110.469
8.04214 110.793
8.04788 111.137
8.05361 110.781
8.05935 110.585
8.06508 108.552
8.07082 109.668
8.07656 110.443
8.08229 110.619
8.08803 111.72
8.09376 111.643
8.0995 109.748
8.10524 107.45
8.11097 104.594
8.11671 102.244
8.12245 99.137
8.12818 100.271
8.13392 98.7926
8.13965 94.8242
8.14539 95.9751
8.15113 93.3374
8.15686 87.8966
8.1626 92.1355
8.16834 93.103
8.17407 95.0452
8.17981 94.4117
8.18554 96.0616
8.19128 95.154
8.19702 95.0872
8.20275 96.3641
8.20849 95.2385
8.21422 94.89
8.21996 94.9965
8.2257 95.9635
8.23143 95.4677
8.23717 95.5524
8.24291 94.9894
8.24864 95.0968
8.25438 96.3232
8.26011 97.2454
8.26585 95.7408
8.27159 95.4614
8.27732 94.3647
8.28306 93.3911
8.2888 94.6798
8.29453 94.8282
8.30027 92.9884
8.306 94.5922
8.31174 91.8232
8.31748 92.994
8.32321 90.5204
8.32895 90.4917
8.33468 90.9829
8.34042 92.4392
8.34616 91.7115
8.35189 90.7489
8.35763 91.9123
8.36337 92.2473
8.3691 89.6427
8.37484 89.9978
8.38057 90.5571
8.38631 89.5686
8.39205 90.919
8.39778 90.0956
8.40352 90.8279
8.40926 92.4436
8.41499 92.0683
8.42073 93.9976
8.42646 97.4515
8.4322 99.9563
8.43794 100.844
8.44367 100.431
8.44941 96.7953
8.45514 93.9541
8.46088 92.422
8.46662 91.1628
8.47235 91.2547
8.47809 89.3537
8.48383 89.6592
8.48956 87.9013
8.4953 87.9418
8.50103 89.4253
8.50677 89.0933
8.51251 88.4336
8.51824 88.8661
8.52398 89.8
8.52972 89.1118
8.53545 89.4261
8.54119 89.4234
8.54692 89.5364
8.55266 88.4053
8.5584 89.4341
8.56413 89.9819
8.56987 86.0395
8.5756 90.8091
8.58134 88.1672
8.58708 88.2828
8.59281 87.1038
8.59855 87.246
8.60429 86.5188
8.61002 87.5387
8.61576 86.1873
8.62149 88.4277
8.62723 88.1565
8.63297 87.7692
8.6387 87.893
8.64444 87.69
8.65018 87.1203
8.65591 88.1748
8.66165 89.7849
8.66738 87.274
8.67312 86.572
8.67886 87.2273
8.68459 86.0787
8.69033 86.1753
8.69606 86.2073
8.7018 87.832
8.70754 87.428
8.71327 86.5747
8.71901 87.2189
8.72475 87.7674
8.73048 88.3669
8.73622 89.556
8.74195 92.754
8.74769 91.517
8.75343 90.9957
8.75916 90.2712
8.7649 86.7844
8.77064 86.0932
8.77637 89.8839
8.78211 88.7385
8.78784 86.131
8.79358 88.0197
8.79932 87.1535
8.80505 88.3568
8.81079 90.1724
8.81652 88.8626
8.82226 86.6943
8.828 92.1713
8.83373 88.4488
8.83947 91.6417
8.84521 89.8098
8.85094 89.4521
8.85668 92.0462
8.86241 89.9077
8.86815 89.5115
8.87389 91.0359
8.87962 91.7572
8.88536 90.7901
8.8911 93.7487
8.89683 93.142
8.90257 95.4372
8.9083 91.5376
8.91404 96.125
8.91978 98.0971
8.92551 107.312
8.93125 119.457
8.93698 115.638
8.94272 109.369
8.94846 107.206
8.95419 101.443
8.95993 97.6824
8.96567 98.2981
8.9714 100.921
8.97714 101.722
8.98287 101.51
8.98861 100.178
8.99435 107.31
9.00008 102.65
9.00582 107.48
9.01156 112.282
9.01729 111.016
9.02303 113.521
9.02876 119.214
9.0345 117.789
9.04024 118.729
9.04597 121.115
9.05171 110.48
9.05744 107.372
9.06318 110.398
9.06892 103.731
9.07465 105.792
9.08039 96.4615
9.08613 94.4019
9.09186 96.5417
9.0976 89.6923
9.10333 92.625
9.10907 92.3878
9.11481 88.6458
9.12054 95.1932
9.12628 89.6633
9.13202 89.4024
9.13775 93.3152
9.14349 88.2976
9.14922 89.6829
9.15496 85.2317
9.1607 87.5135
9.16643 83.175
9.17217 84.9041
9.1779 88.5921
9.18364 88.0571
9.18938 84.2941
9.19511 84.2206
9.20085 83.9841
9.20659 79.7077
9.21232 85.95
9.21806 79.6885
9.22379 77.8364
9.22953 80.3455
9.23527 78.283
9.241 80.0357
9.24674 76.3265
9.25248 77.3617
9.25821 75.1556
9.26395 76.7955
9.26968 73.4884
9.27542 73.5897
9.28116 69.15
9.28689 71.2857
9.29263 65.0303
9.29836 69.7273
9.3041 69.6667
9.30984 65.9643
9.31557 63.4074
9.32131 62.7407
9.32705 53.55
9.33278 56.4783
9.33852 47.7368
9.34425 50.6667
9.34999 47
9.35573 48.9286
9.36146 38.7273
9.3672 34.9091
9.37294 32
9.37867 33.6667
9.38441 10
9.39014 14.25
9.39588 0
9.40162 0
9.40735 0
9.41309 0
9.41882 0
9.42456 0
9.4303 0
9.43603 0
9.44177 0
9.44751 0
9.45324 0
9.45898 0
9.46471 0
9.47045 0
9.47619 0
9.48192 0
9.48766 0
9.4934 0
9.49913 0
9.50487 0
9.5106 0
9.51634 0
9.52208 0
9.52781 0
9.53355 0
9.53928 0
9.54502 0
9.55076 0
9.55649 0
9.56223 0
9.56797 0
9.5737 0
9.57944 0
9.58517 0
9.59091 0
9.59665 0
9.60238 0
9.60812 0
9.61386 0
9.61959 0
9.62533 0
9.63106 0
9.6368 0
9.64254 0
9.64827 0
9.65401 0
9.65974 0
9.66548 0
9.67122 0
9.67695 0
9.68269 0
9.68843 0
9.69416 0
9.6999 0
9.70563 0
9.71137 0
9.71711 0
9.72284 0
9.72858 0
9.73432 0
9.74005 0
9.74579 0
9.75152 0
9.75726 0
9.763 0
9.76873 0
9.77447 0
9.7802 0
9.78594 0
9.79168 0
9.79741 0
9.80315 0
9.80889 0
9.81462 0
9.82036 0
9.82609 0
9.83183 0
9.83757 0
9.8433 0
9.84904 0
9.85478 0
9.86051 0
9.86625 0
9.87198 0
9.87772 0
9.88346 0
9.88919 0
9.89493 0
9.90066 0
9.9064 0
9.91214 0
9.91787 0
9.92361 0
9.92935 0
9.93508 0
9.94082 0
9.94655 0
9.95229 0
9.95803 0
9.96376 0
9.9695 0
9.97524 0
9.98097 0
9.98671 0
9.99244 0
9.99818 0
10.0039 0
10.0097 0
10.0154 0
10.0211 0
10.0269 0
10.0326 0
10.0383 0
10.0441 0
10.0498 0
10.0555 0
10.0613 0
10.067 0
10.0728 0
10.0785 0
10.0842 0
10.09 0
10.0957 0
10.1014 0
10.1072 0
10.1129 0
10.1186 0
10.1244 0
10.1301 0
10.1358 0
10.1416 0
10.1473 0
10.1531 0
10.1588 0
10.1645 0
10.1703 0
10.176 0
10.1817 0
10.1875 0
10.1932 0
10.1989 0
10.2047 0
10.2104 0
10.2162 0
10.2219 0
10.2276 0
10.2334 0
10.2391 0
10.2448 0
10.2506 0
10.2563 0
10.262 0
10.2678 0
10.2735 0
10.2793 0
10.285 0
10.2907 0
10.2965 0
10.3022 0
10.3079 0
10.3137 0
10.3194 0
10.3251 0
10.3309 0
10.3366 0
10.3424 0
10.3481 0
10.3538 0
10.3596 0
10.3653 0
10.371 0
10.3768 0
10.3825 0
10.3882 0
10.394 0
10.3997 0
10.4054 0
10.4112 0
10.4169 0
10.4227 0
10.4284 0
10.4341 0
10.4399 0
10.4456 0
10.4513 0
10.4571 0
10.4628 0
10.4685 0
10.4743 0
10.48 0
10.4858 0
10.4915 0
10.4972 0
10.503 0
10.5087 0
10.5144 0
10.5202 0
10.5259 0
10.5316 0
10.5374 0
10.5431 0
10.5489 0
10.5546 0
10.5603 0
10.5661 0
10.5718 0
10.5775 0
10.5833 0
10.589 0
10.5947 0
10.6005 0
10.6062 0
10.612 0
10.6177 0
10.6234 0
10.6292 0
10.6349 0
10.6406 0
10.6464 0
10.6521 0
10.6578 0
10.6636 0
10.6693 0
10.6751 0
10.6808 0
10.6865 0
10.6923 0
10.698 0
10.7037 0
10.7095 0
10.7152 0
10.7209 0
10.7267 0
10.7324 0
10.7381 0
10.7439 0
10.7496 0
10.7554 0
10.7611 0
10.7668 0
10.7726 0
10.7783 0
10.784 0
10.7898 0
10.7955 0
10.8012 0
10.807 0
10.8127 0
10.8185 0
10.8242 0
10.8299 0
10.8357 0
10.8414 0
10.8471 0
10.8529 0
10.8586 0
10.8643 0
10.8701 0
10.8758 0
10.8816 0
10.8873 0
10.893 0
10.8988 0
10.9045 0
10.9102 0
10.916 0
10.9217 0
10.9274 0
10.9332 0
10.9389 0
10.9447 0
10.9504 0
10.9561 0
10.9619 0
10.9676 0
10.9733 0
10.9791 0
10.9848 0
10.9905 0
10.9963 0
11.002 0
11.0077 0
11.0135 0
11.0192 0
11.025 0
11.0307 0
11.0364 0
11.0422 0
11.0479 0
11.0536 0
11.0594 0
11.0651 0
11.0708 0
11.0766 0
11.0823 0
11.0881 0
11.0938 0
11.0995 0
11.1053 0
11.111 0
11.1167 0
11.1225 0
11.1282 0
11.1339 0
11.1397 0
11.1454 0
11.1512 0
11.1569 0
11.1626 0
11.1684 0
11.1741 0
11.1798 0
11.1856 0
11.1913 0
11.197 0
11.2028 0
11.2085 0
11.2143 0
11.22 0
11.2257 0
11.2315 0
11.2372 0
11.2429 0
11.2487 0
11.2544 0
11.2601 0
11.2659 0
11.2716 0
11.2774 0
11.2831 0
11.2888 0
11.2946 0
11.3003 0
11.306 0
11.3118 0
11.3175 0
11.3232 0
11.329 0
11.3347 0
11.3404 0
11.3462 0
11.3519 0
11.3577 0
11.3634 0
11.3691 0
11.3749 0
11.3806 0
11.3863 0
11.3921 0
11.3978 0
11.4035 0
11.4093 0
11.415 0
11.4208 0
11.4265 0
11.4322 0
11.438 0
11.4437 0
11.4494 0
11.4552 0
11.4609 0
11.4666 0
11.4724 0
11.4781 0
11.4839 0
11.4896 0
11.4953 0
11.5011 0
11.5068 0
11.5125 0
11.5183 0
11.524 0
11.5297 0
11.5355 0
11.5412 0
11.547 0
11.5527 0
11.5584 0
11.5642 0
11.5699 0
11.5756 0
11.5814 0
11.5871 0
11.5928 0
11.5986 0
11.6043 0
11.61 0
11.6158 0
11.6215 0
11.6273 0
11.633 0
11.6387 0
11.6445 0
11.6502 0
11.6559 0
11.6617 0
11.6674 0
11.6731 0
11.6789 0
11.6846 0
11.6904 0
11.6961 0
11.7018 0
11.7076 0
11.7133 0
11.719 0
11.7248 0
11.7305 0
11.7362 0
11.742 0
