0 0
0.00573619 4
0.0114724 11
0.0172086 -8.5
0.0229448 3.66667
0.028681 7
0.0344171 6.5
0.0401533 -8
0.0458895 13.6
0.0516257 1.66667
0.0573619 3
0.0630981 1.14286
0.0688343 2
0.0745705 -0.666667
0.0803067 8.55556
0.0860429 -5.22222
0.091779 -6.75
0.0975152 3.30769
0.103251 2.11111
0.108988 2.44444
0.114724 -6
0.12046 -3.90909
0.126196 -1.6
0.131932 14.125
0.137669 3.26667
0.143405 5.92308
0.149141 -0.538462
0.154877 -1.5
0.160613 4.8
0.16635 2.4
0.172086 -3.25
0.177822 -1
0.183558 -2
0.189294 -6.28571
0.19503 -0.238095
0.200767 6.90476
0.206503 2.35294
0.212239 4.11111
0.217975 -0.666667
0.223711 -3.35294
0.229448 -1.375
0.235184 -0.304348
0.24092 -4.40909
0.246656 8.44444
0.252392 1.04
0.258129 -0.888889
0.263865 2.85714
0.269601 -1.04167
0.275337 5.27586
0.281073 8.76
0.28681 2.66667
0.292546 1.08
0.298282 4.51724
0.304018 1.7037
0.309754 2.53333
0.31549 1.48387
0.321227 2.81481
0.326963 4.5
0.332699 3.16129
0.338435 -3.81818
0.344171 0.625
0.349908 -3.14286
0.355644 4.82857
0.36138 0.419355
0.367116 -2.44118
0.372852 3.81818
0.378589 5.91892
0.384325 0.6875
0.390061 2.94872
0.395797 5.79487
0.401533 4.38462
0.40727 11
0.413006 4.10811
0.418742 6.175
0.424478 8
0.430214 15.6889
0.43595 15.5366
0.441687 11.625
0.447423 12.0426
0.453159 14.3846
0.458895 16.9535
0.464631 13.0227
0.470368 14.5122
0.476104 13.3404
0.48184 11.5
0.487576 15.8462
0.493312 14.561
0.499049 13.9
0.504785 14
0.510521 13.2222
0.516257 21.5116
0.521993 23.3864
0.52773 18.3019
0.533466 24.2444
0.539202 17.9583
0.544938 19.6863
0.550674 26.2885
0.55641 22.7083
0.562147 20.8039
0.567883 16.1404
0.573619 15.1556
0.579355 17.2407
0.585091 16.0702
0.590828 19.0943
0.596564 17.5208
0.6023 18.1429
0.608036 19.0462
0.613772 15.6327
0.619509 18
0.625245 19.3898
0.630981 18.9636
0.636717 22.4138
0.642453 21.0702
0.64819 24.9206
0.653926 24.9038
0.659662 28.2462
0.665398 24.6875
0.671134 24.9474
0.67687 22.7097
0.682607 28.1905
0.688343 23.7463
0.694079 20.2037
0.699815 24.3913
0.705551 27.3538
0.711288 24.3273
0.717024 23.4459
0.72276 22.2295
0.728496 22.0286
0.734232 25.7812
0.739969 26.087
0.745705 26.1127
0.751441 27.3276
0.757177 26.4416
0.762913 28
0.76865 28.8696
0.774386 22.4706
0.780122 26.2603
0.785858 25.9091
0.791594 21.1
0.79733 25.1463
0.803067 26.7681
0.808803 24.1857
0.814539 24.358
0.820275 24.169
0.826011 23.5584
0.831748 24.5972
0.837484 24.1529
0.84322 24.7429
0.848956 24.2222
0.854692 21.8118
0.860429 23.4074
0.866165 26.1644
0.871901 19.85
0.877637 23.759
0.883373 21.5455
0.88911 25.1282
0.894846 20.7882
0.900582 23.2771
0.906318 22.7162
0.912054 25.4778
0.91779 24.3678
0.923527 24.4286
0.929263 25.593
0.934999 24.6154
0.940735 28.6914
0.946471 25.4286
0.952208 23.0706
0.957944 21.6774
0.96368 24.0128
0.969416 23.9263
0.975152 24.3778
0.980889 26.7529
0.986625 23.5814
0.992361 23.7158
0.998097 24.7368
1.00383 22.9
1.00957 22.9899
1.01531 22.8969
1.02104 24.9048
1.02678 24.2812
1.03251 24.7143
1.03825 22.24
1.04399 23.814
1.04972 27.8515
1.05546 25.4653
1.0612 21.7439
1.06693 25.4673
1.07267 22.7253
1.0784 21.0777
1.08414 23.9898
1.08988 27.99
1.09561 26.6381
1.10135 26.8372
1.10708 22.7455
1.11282 28.5474
1.11856 25.7143
1.12429 26.3905
1.13003 23.5714
1.13577 25.0857
1.1415 22.1569
1.14724 25.3578
1.15297 24.87
1.15871 21.79
1.16445 24.9217
1.17018 23.9238
1.17592 25.028
1.18166 22.9271
1.18739 22.479
1.19313 22.0459
1.19886 20
1.2046 23.6087
1.21034 21.5327
1.21607 22.4
1.22181 22.2636
1.22754 22.7949
1.23328 24.1215
1.23902 21.4018
1.24475 24.1681
1.25049 22.7798
1.25623 22.1204
1.26196 23.8462
1.2677 20.2177
1.27343 22.8198
1.27917 22.7966
1.28491 18.2881
1.29064 23.3009
1.29638 21.2672
1.30212 22.7692
1.30785 23.042
1.31359 25.0776
1.31932 22.0157
1.32506 22.6975
1.3308 22.5776
1.33653 22.1032
1.34227 25.437
1.348 22.8189
1.35374 24.9911
1.35948 22.856
1.36521 22
1.37095 21
1.37669 23.2374
1.38242 22.6066
1.38816 22.0763
1.39389 25.2712
1.39963 24.5
1.40537 23.1628
1.4111 23.8482
1.41684 24.0769
1.42258 23.3111
1.42831 20.3388
1.43405 22.2769
1.43978 22.7556
1.44552 23.3623
1.45126 22.7627
1.45699 23.1064
1.46273 24.2348
1.46846 23.4762
1.4742 23.4406
1.47994 23.6357
1.48567 23.4737
1.49141 26.2
1.49715 22.8389
1.50288 22.2774
1.50862 23.5645
1.51435 22.6918
1.52009 26.1348
1.52583 23.4886
1.53156 22.3407
1.5373 21.551
1.54304 20.5532
1.54877 24.3382
1.55451 21.7248
1.56024 22.5693
1.56598 25.3357
1.57172 22.0993
1.57745 23.4662
1.58319 21.0071
1.58892 24.7958
1.59466 22.1
1.6004 24.0769
1.60613 20.1884
1.61187 21.094
1.61761 25.5159
1.62334 26.797
1.62908 24.0903
1.63481 25.6954
1.64055 24.8867
1.64629 23.5068
1.65202 26.1391
1.65776 22.7152
1.6635 21.1533
1.66923 22.9371
1.67497 21.2699
1.6807 23.4672
1.68644 23.6076
1.69218 21.9074
1.69791 23.4183
1.70365 21.7095
1.70938 23.4038
1.71512 24.8405
1.72086 25.3235
1.72659 23.4451
1.73233 22.4903
1.73807 23.4837
1.7438 25.1566
1.74954 23.1824
1.75527 25.0915
1.76101 22.5956
1.76675 23.116
1.77248 24.8598
1.77822 23.3605
1.78396 23.4702
1.78969 23.3694
1.79543 22.5087
1.80116 25.9236
1.8069 23.7778
1.81264 26.7844
1.81837 24.54
1.82411 22.6556
1.82984 23.6211
1.83558 24.7394
1.84132 22.4727
1.84705 25.4734
1.85279 23.3626
1.85853 24.075
1.86426 25.226
1.87 24.1977
1.87573 21.2437
1.88147 25.1073
1.88721 23.3081
1.89294 25.1098
1.89868 24.8
1.90442 25.5057
1.91015 27.9527
1.91589 47.0417
1.92162 49.754
1.92736 31.8814
1.9331 33.994
1.93883 36.2965
1.94457 35.3069
1.9503 31.9706
1.95604 27.3779
1.96178 28.8011
1.96751 26.0865
1.97325 26.5521
1.97899 25.6631
1.98472 25.8245
1.99046 26.1657
1.99619 26.8462
2.00193 25.2158
2.00767 28.4689
2.0134 27.0058
2.01914 28.4202
2.02488 25.7958
2.03061 28.4181
2.03635 26.8404
2.04208 27.1459
2.04782 25.4681
2.05356 26.0806
2.05929 27.6298
2.06503 26.02
2.07076 26.8466
2.0765 27.7461
2.08224 25.3367
2.08797 26.3988
2.09371 27.8434
2.09945 28.8162
2.10518 27.804
2.11092 27.385
2.11665 29.4256
2.12239 27.5942
2.12813 26.8994
2.13386 28.393
2.1396 27.8794
2.14534 28.0462
2.15107 26.0749
2.15681 29.9045
2.16254 27.8465
2.16828 29.1739
2.17402 30.6777
2.17975 30.845
2.18549 27.5291
2.19122 28.604
2.19696 31.1931
2.2027 31.1512
2.20843 43.3146
2.21417 61.6792
2.21991 70.1502
2.22564 42.9126
2.23138 32.3412
2.23711 32.2512
2.24285 31.2115
2.24859 32.3385
2.25432 33.0365
2.26006 32.4126
2.2658 29.9355
2.27153 31.6512
2.27727 28.6493
2.283 29.2886
2.28874 31.3824
2.29448 29.0586
2.30021 31.4076
2.30595 29.8232
2.31168 32.8657
2.31742 32.4541
2.32316 33.3317
2.32889 34.1869
2.33463 36.6291
2.34037 37.8873
2.3461 40.9057
2.35184 45.2896
2.35757 45.3578
2.36331 44.3832
2.36905 45.7189
2.37478 43.6306
2.38052 41.5346
2.38626 39.7727
2.39199 37.6026
2.39773 37.6667
2.40346 33.8402
2.4092 37.0448
2.41494 32.1403
2.42067 31.106
2.42641 34.0276
2.43214 30.3723
2.43788 34.3043
2.44362 32.8062
2.44935 32.8712
2.45509 32.3709
2.46083 33.0599
2.46656 32
2.4723 32.2899
2.47803 31.9302
2.48377 32.2566
2.48951 31.4658
2.49524 30.3891
2.50098 31.558
2.50672 33.1062
2.51245 31.2403
2.51819 31.8704
2.52392 32.7017
2.52966 30.7824
2.5354 32.1389
2.54113 31.5
2.54687 32.1948
2.5526 32.5254
2.55834 31.6441
2.56408 32.7915
2.56981 32.6157
2.57555 33.8597
2.58129 33.3203
2.58702 32.4435
2.59276 32.4527
2.59849 30.8771
2.60423 32.8305
2.60997 33.3444
2.6157 32.3899
2.62144 34.0039
2.62718 34.034
2.63291 32.9121
2.63865 33.5494
2.64438 35.0617
2.65012 32.6
2.65586 32.6071
2.66159 33.0316
2.66733 34.0164
2.67306 33.4638
2.6788 32.6797
2.68454 35.5924
2.69027 35.6586
2.69601 35.1391
2.70175 37.707
2.70748 34.7449
2.71322 33.9873
2.71895 36.41
2.72469 35.0576
2.73043 33.2835
2.73616 35.0083
2.7419 34.6887
2.74764 33.0632
2.75337 33.2078
2.75911 32.7186
2.76484 35.2738
2.77058 33.4198
2.77632 32.4981
2.78205 33.2143
2.78779 35.3475
2.79352 33.3238
2.79926 36.1617
2.805 35.0602
2.81073 35.5289
2.81647 34.7926
2.82221 34.8327
2.82794 34.7341
2.83368 34.5125
2.83941 36.0433
2.84515 35.8
2.85089 33.2868
2.85662 35.1723
2.86236 35.4275
2.8681 36.4675
2.87383 38.0755
2.87957 36.4101
2.8853 35.9759
2.89104 37.7795
2.89678 37.9547
2.90251 35.8467
2.90825 37.9882
2.91398 37.9015
2.91972 37
2.92546 37.9459
2.93119 37.6981
2.93693 35.6065
2.94267 36.9313
2.9484 38.3698
2.95414 39.4436
2.95987 38.6187
2.96561 39.1808
2.97135 39.3025
2.97708 40.6667
2.98282 39.8645
2.98856 40.9964
2.99429 43.15
3.00003 41.8922
3.00576 38.4183
3.0115 38.2647
3.01724 40.2457
3.02297 40.5687
3.02871 38.9496
3.03444 40.8423
3.04018 39.7158
3.04592 40.5404
3.05165 40.0681
3.05739 40.5654
3.06313 39.9883
3.06886 41.152
3.0746 42.2211
3.08033 42.4457
3.08607 43.9113
3.09181 44.7717
3.09754 49.5744
3.10328 55.6992
3.10902 60.0171
3.11475 57.9254
3.12049 51.3443
3.12622 48.3345
3.13196 52.9502
3.1377 56.7833
3.14343 63.3821
3.14917 58.8374
3.1549 48.4362
3.16064 48.3971
3.16638 45.6733
3.17211 48.25
3.17785 48.1399
3.18359 47.1613
3.18932 49.8267
3.19506 48.9226
3.20079 48.3903
3.20653 46.6156
3.21227 48.8157
3.218 48.8611
3.22374 50.7674
3.22948 49.6388
3.23521 52.5016
3.24095 50.9405
3.24668 50.8222
3.25242 53.6233
3.25816 52.3662
3.26389 51.8968
3.26963 53.2774
3.27536 53.0429
3.2811 54.0551
3.28684 55.575
3.29257 58.1475
3.29831 60.7107
3.30405 61.0417
3.30978 66.6492
3.31552 67.7138
3.32125 72.7017
3.32699 73.7907
3.33273 76.2436
3.33846 76.9172
3.3442 74.9906
3.34994 71.816
3.35567 71.2458
3.36141 70.3785
3.36714 69.2756
3.37288 65.2117
3.37862 65.9795
3.38435 64.4062
3.39009 65.835
3.39582 63.3725
3.40156 64.0535
3.4073 64.6381
3.41303 65.8152
3.41877 68.8185
3.42451 70.9133
3.43024 68.3376
3.43598 67.0561
3.44171 66.3417
3.44745 66.1558
3.45319 65.0094
3.45892 65.2387
3.46466 64.8473
3.4704 66.7342
3.47613 67.9172
3.48187 69.0211
3.4876 70.4349
3.49334 70.5143
3.49908 71.5573
3.50481 72.9104
3.51055 73.9219
3.51628 77.8452
3.52202 80.4862
3.52776 87.2174
3.53349 97.6384
3.53923 117.694
3.54497 145.498
3.5507 157.848
3.55644 149.341
3.56217 123.116
3.56791 102.682
3.57365 94.4938
3.57938 89.5526
3.58512 87.3015
3.59086 87.051
3.59659 88.1975
3.60233 87.4519
3.60806 90.6818
3.6138 89.4286
3.61954 94.8836
3.62527 97.5964
3.63101 103.047
3.63674 113.882
3.64248 129.526
3.64822 142.994
3.65395 151.222
3.65969 151.159
3.66543 145.063
3.67116 137.978
3.6769 133.807
3.68263 140.419
3.68837 134.41
3.69411 135.018
3.69984 129.561
3.70558 132.279
3.71132 131.238
3.71705 136.078
3.72279 139.469
3.72852 140.457
3.73426 143.6
3.74 145.775
3.74573 148.744
3.75147 152.194
3.7572 155.096
3.76294 161.745
3.76868 166.469
3.77441 174.997
3.78015 180.228
3.78589 189.012
3.79162 198.303
3.79736 210.839
3.80309 225.348
3.80883 238.618
3.81457 263.184
3.8203 285.122
3.82604 319.326
3.83178 380.784
3.83751 540.666
3.84325 1045.15
3.84898 1790.03
3.85472 2608.8
3.86046 1588.46
3.86619 1275.57
3.87193 1407.07
3.87766 1759.26
3.8834 2280.95
3.88914 2917.43
3.89487 3475.74
3.90061 3290.13
3.90635 2642.7
3.91208 1972.01
3.91782 1382.57
3.92355 1018.08
3.92929 793.247
3.93503 628.819
3.94076 519.707
3.9465 442.088
3.95224 391.014
3.95797 347.445
3.96371 315.206
3.96944 294.75
3.97518 273.736
3.98092 255.491
3.98665 242.13
3.99239 230.087
3.99812 219.141
4.00386 209.293
4.0096 201.379
4.01533 196.392
4.02107 191.184
4.02681 190.338
4.03254 188.436
4.03828 185.299
4.04401 181.603
4.04975 176.751
4.05549 169.939
4.06122 164.41
4.06696 161.763
4.0727 161.696
4.07843 154.744
4.08417 151.718
4.0899 151.037
4.09564 150.41
4.10138 148.112
4.10711 146.335
4.11285 147.411
4.11858 146.989
4.12432 143.166
4.13006 143.144
4.13579 143.881
4.14153 141.126
4.14727 139.351
4.153 139.21
4.15874 137.705
4.16447 140.171
4.17021 138.966
4.17595 138.211
4.18168 140.187
4.18742 139.713
4.19316 140.129
4.19889 139.75
4.20463 138.776
4.21036 139.367
4.2161 141.448
4.22184 136.855
4.22757 139.067
4.23331 139.054
4.23904 139.09
4.24478 137.679
4.25052 138.183
4.25625 139.45
4.26199 140.531
4.26773 141.146
4.27346 144.121
4.2792 143.38
4.28493 144.481
4.29067 148.101
4.29641 151.093
4.30214 148.877
4.30788 151.77
4.31362 155.714
4.31935 156.979
4.32509 160.19
4.33082 164.615
4.33656 168.416
4.3423 171.872
4.34803 177.175
4.35377 181.742
4.3595 190.458
4.36524 195.939
4.37098 204.052
4.37671 213.042
4.38245 220.089
4.38819 231.047
4.39392 247.57
4.39966 258.009
4.40539 278.539
4.41113 302.456
4.41687 335.877
4.4226 394.005
4.42834 506.14
4.43408 845.839
4.43981 1929.06
4.44555 4660.8
4.45128 14974.8
4.45702 17147.1
4.46276 7265.65
4.46849 2706.68
4.47423 1573.18
4.47996 1053.37
4.4857 963.844
4.49144 944.159
4.49717 916.798
4.50291 928.027
4.50865 862.695
4.51438 769.026
4.52012 657.385
4.52585 553.597
4.53159 466.582
4.53733 397.277
4.54306 342.317
4.5488 300.761
4.55454 267.867
4.56027 243.775
4.56601 221.103
4.57174 207.401
4.57748 190.902
4.58322 178.358
4.58895 169.556
4.59469 160.781
4.60042 153.854
4.60616 148.766
4.6119 143.29
4.61763 138.938
4.62337 136.748
4.62911 136.965
4.63484 134.678
4.64058 127.636
4.64631 121.667
4.65205 118.114
4.65779 113.767
4.66352 110.849
4.66926 108.232
4.675 107.502
4.68073 107.34
4.68647 106.754
4.6922 104.412
4.69794 106.91
4.70368 108.103
4.70941 107.874
4.71515 107.888
4.72088 109.244
4.72662 110.795
4.73236 111.869
4.73809 110.819
4.74383 109.958
4.74957 107.675
4.7553 105.777
4.76104 102.659
4.76677 100.236
4.77251 96.5573
4.77825 94.8302
4.78398 92.0267
4.78972 88.1722
4.79546 88.2822
4.80119 85.8607
4.80693 83.53
4.81266 82.6851
4.8184 83.3563
4.82414 81.0446
4.82987 79.4626
4.83561 79.5467
4.84134 81.8804
4.84708 82.9631
4.85282 85.0983
4.85855 81.163
4.86429 78.5809
4.87003 77.0023
4.87576 76.58
4.8815 75.838
4.88723 75.6283
4.89297 76.0617
4.89871 74.0043
4.90444 75.2803
4.91018 74.73
4.91592 74.1991
4.92165 74.4329
4.92739 73.5845
4.93312 74.1544
4.93886 73.86
4.9446 71.1019
4.95033 73.0554
4.95607 72.1736
4.9618 71.9754
4.96754 71.8005
4.97328 73.8433
4.97901 77.0449
4.98475 74.0935
4.99049 73.9512
4.99622 69.4904
5.00196 69.4267
5.00769 70.1219
5.01343 69.7859
5.01917 70.2386
5.0249 71.4487
5.03064 70.9568
5.03638 71.8593
5.04211 70.237
5.04785 69.8942
5.05358 70.8953
5.05932 70.473
5.06506 71.1187
5.07079 69.0343
5.07653 65.0467
5.08226 69.8202
5.088 69.7453
5.09374 69.6603
5.09947 67.8761
5.10521 69.4934
5.11095 70.344
5.11668 68.7954
5.12242 69.5811
5.12815 68.3652
5.13389 71.6819
5.13963 68.8901
5.14536 69.7189
5.1511 70.6239
5.15684 70.9672
5.16257 71.8239
5.16831 72.7452
5.17404 72.5758
5.17978 71.8363
5.18552 69.6653
5.19125 69.1884
5.19699 68.618
5.20272 70.6783
5.20846 68.9305
5.2142 68.4093
5.21993 69.2286
5.22567 67.6167
5.23141 68.852
5.23714 69.293
5.24288 69.6247
5.24861 69.0742
5.25435 70.6574
5.26009 70.8942
5.26582 70.8102
5.27156 70.1697
5.2773 71.1167
5.28303 70.5546
5.28877 71.613
5.2945 71.7694
5.30024 74.1538
5.30598 73.657
5.31171 73.2505
5.31745 74
5.32318 71.6139
5.32892 71.6905
5.33466 71.1002
5.34039 70.572
5.34613 70.13
5.35187 72.0936
5.3576 71.5267
5.36334 70.0846
5.36907 71.9807
5.37481 72.2365
5.38055 76.1102
5.38628 81.5606
5.39202 89.9664
5.39776 93.0444
5.40349 90.4635
5.40923 82.7559
5.41496 78.1217
5.4207 72.9501
5.42644 73.0447
5.43217 71.8357
5.43791 71.124
5.44364 73.8566
5.44938 76.0704
5.45512 76.2169
5.46085 75.1056
5.46659 73.2126
5.47233 72.4556
5.47806 71.3069
5.4838 70.7899
5.48953 70.9766
5.49527 70.112
5.50101 70.6205
5.50674 70.797
5.51248 71.0398
5.51822 71.1924
5.52395 71.9082
5.52969 71.7228
5.53542 71.5161
5.54116 69.7242
5.5469 71.6636
5.55263 70.3588
5.55837 69.3028
5.5641 70.4164
5.56984 69.7817
5.57558 69.3242
5.58131 73.0198
5.58705 72.6183
5.59279 73.4314
5.59852 71.0719
5.60426 72.0517
5.60999 73.2534
5.61573 72.202
5.62147 73.9235
5.6272 72.0413
5.63294 73.2558
5.63868 73.2382
5.64441 72.7434
5.65015 73.2076
5.65588 73.4097
5.66162 74.2309
5.66736 73.5483
5.67309 74.1615
5.67883 74.523
5.68456 75.7867
5.6903 74.9704
5.69604 76.3399
5.70177 75.5677
5.70751 76.1808
5.71325 78.2813
5.71898 77.4046
5.72472 76.6654
5.73045 79.5074
5.73619 80.3913
5.74193 79.0222
5.74766 79.859
5.7534 80.6283
5.75914 82.217
5.76487 82.339
5.77061 85.5531
5.77634 85.5212
5.78208 87.1323
5.78782 87.3481
5.79355 87.4981
5.79929 86.9791
5.80502 85.4822
5.81076 86.2202
5.8165 86.2269
5.82223 84.9237
5.82797 84.5496
5.83371 84.7947
5.83944 84.5293
5.84518 86.0293
5.85091 85.628
5.85665 86.6035
5.86239 84.5584
5.86812 86.8566
5.87386 86.8015
5.8796 86.5731
5.88533 87.5975
5.89107 87.3509
5.8968 89.0232
5.90254 87.9307
5.90828 88.7441
5.91401 88.8769
5.91975 90.2863
5.92548 90.7268
5.93122 90.8133
5.93696 91.0672
5.94269 90.9564
5.94843 93.2917
5.95417 94.4732
5.9599 95.0603
5.96564 94.6796
5.97137 96.8263
5.97711 98.0324
5.98285 97.3651
5.98858 97.9945
5.99432 101.518
6.00006 103.086
6.00579 106.157
6.01153 110.166
6.01726 112.694
6.023 111.092
6.02874 109.276
6.03447 107.824
6.04021 107.685
6.04594 106.052
6.05168 107.799
6.05742 109.829
6.06315 109.653
6.06889 111.52
6.07463 112.562
6.08036 113.151
6.0861 116.115
6.09183 116.241
6.09757 118.757
6.10331 118.195
6.10904 120.628
6.11478 122.458
6.12052 122.933
6.12625 124.113
6.13199 124.741
6.13772 128.389
6.14346 128.391
6.1492 130.005
6.15493 134.288
6.16067 136.235
6.1664 139.892
6.17214 143.235
6.17788 144.88
6.18361 145.857
6.18935 153.697
6.19509 157.537
6.20082 161.703
6.20656 168.966
6.21229 177.476
6.21803 187.256
6.22377 192.355
6.2295 198.888
6.23524 208.018
6.24098 210.714
6.24671 213.5
6.25245 229.622
6.25818 242.193
6.26392 259.6
6.26966 296.366
6.27539 386.143
6.28113 511.064
6.28686 1317.37
6.2926 3137.5
6.29834 6812.68
6.30407 7594.3
6.30981 8955.92
6.31555 3034.68
6.32128 1524.22
6.32702 806.738
6.33275 607.163
6.33849 550.503
6.34423 519.221
6.34996 530.693
6.3557 568.639
6.36144 621.311
6.36717 711.358
6.37291 788.92
6.37864 804.515
6.38438 736.965
6.39012 642.79
6.39585 554.667
6.40159 466.579
6.40732 396.965
6.41306 341.007
6.4188 301.291
6.42453 271.517
6.43027 252.298
6.43601 235.486
6.44174 221.665
6.44748 215.932
6.45321 207.334
6.45895 203.521
6.46469 200.51
6.47042 197.205
6.47616 190.032
6.4819 178.336
6.48763 171.864
6.49337 167.992
6.4991 161.868
6.50484 159.871
6.51058 155.373
6.51631 154.609
6.52205 153.484
6.52778 150.838
6.53352 150.928
6.53926 147.963
6.54499 148.165
6.55073 147.672
6.55647 147.066
6.5622 147.345
6.56794 147.834
6.57367 149.308
6.57941 147.2
6.58515 143.987
6.59088 141.869
6.59662 139.926
6.60236 137.091
6.60809 134.153
6.61383 134.926
6.61956 133.36
6.6253 134.175
6.63104 132.99
6.63677 131.701
6.64251 130.273
6.64824 130.359
6.65398 129.547
6.65972 132.544
6.66545 131.229
6.67119 132.071
6.67693 133.614
6.68266 133.566
6.6884 131.785
6.69413 133.847
6.69987 130.97
6.70561 131.023
6.71134 128.729
6.71708 129.084
6.72282 127.059
6.72855 127.016
6.73429 128.198
6.74002 125.169
6.74576 125.883
6.7515 125.695
6.75723 124.814
6.76297 124.532
6.7687 122.872
6.77444 124.846
6.78018 124.206
6.78591 123.4
6.79165 123.838
6.79739 125.203
6.80312 135.085
6.80886 143.497
6.81459 132.59
6.82033 127.769
6.82607 122.989
6.8318 123.481
6.83754 120.676
6.84328 120.535
6.84901 119.976
6.85475 122.42
6.86048 121.536
6.86622 123.255
6.87196 121.926
6.87769 121.328
6.88343 120.916
6.88916 121.763
6.8949 120.347
6.90064 120.665
6.90637 121.316
6.91211 121.032
6.91785 121.591
6.92358 121.083
6.92932 120.975
6.93505 121.215
6.94079 120.259
6.94653 121.217
6.95226 121.739
6.958 121.969
6.96374 120.889
6.96947 121.081
6.97521 122.03
6.98094 120.057
6.98668 122.024
6.99242 121.835
6.99815 121.27
7.00389 122.224
7.00962 122.346
7.01536 122.496
7.0211 123.798
7.02683 123.216
7.03257 123.26
7.03831 122.317
7.04404 124.18
7.04978 124.248
7.05551 124.933
7.06125 125.465
7.06699 124.739
7.07272 125.696
7.07846 125.884
7.0842 127.861
7.08993 127.625
7.09567 128.835
7.1014 129.598
7.10714 131.641
7.11288 131.985
7.11861 134.519
7.12435 133.905
7.13008 133.677
7.13582 132.177
7.14156 131.888
7.14729 133.033
7.15303 131.354
7.15877 132.276
7.1645 133.17
7.17024 133.678
7.17597 134.182
7.18171 133.94
7.18745 134.84
7.19318 134.564
7.19892 135.172
7.20466 135.741
7.21039 137.806
7.21613 139.514
7.22186 139.726
7.2276 141.835
7.23334 144.049
7.23907 141.588
7.24481 144.059
7.25054 142.495
7.25628 143.304
7.26202 143.401
7.26775 145.629
7.27349 145.994
7.27923 147.314
7.28496 150.163
7.2907 148.918
7.29643 154.187
7.30217 154.877
7.30791 158.467
7.31364 160.289
7.31938 162.059
7.32512 165.74
7.33085 168.586
7.33659 172.457
7.34232 172.398
7.34806 176.85
7.3538 183.541
7.35953 184.393
7.36527 200.257
7.371 227.231
7.37674 356.565
7.38248 328.955
7.38821 1037.36
7.39395 958.965
7.39969 1247.86
7.40542 1748.09
7.41116 999.273
7.41689 593.411
7.42263 417.146
7.42837 375.179
7.4341 370.688
7.43984 376.713
7.44558 399.404
7.45131 435.981
7.45705 491.116
7.46278 558.875
7.46852 648.405
7.47426 732.841
7.47999 777.232
7.48573 759.418
7.49146 676.95
7.4972 579.333
7.50294 488.289
7.50867 414.244
7.51441 353.054
7.52015 308.051
7.52588 275.157
7.53162 248.437
7.53735 227.952
7.54309 212.639
7.54883 203.132
7.55456 191.117
7.5603 183.727
7.56604 175.836
7.57177 169.208
7.57751 164.015
7.58324 160.625
7.58898 158.64
7.59472 153.928
7.60045 152.097
7.60619 148.896
7.61192 147.444
7.61766 144.589
7.6234 144.669
7.62913 141.786
7.63487 141.846
7.64061 140.06
7.64634 138.399
7.65208 138.295
7.65781 139.308
7.66355 138.153
7.66929 137.33
7.67502 137.264
7.68076 136.66
7.6865 137.755
7.69223 139.121
7.69797 140.844
7.7037 141.076
7.70944 148.788
7.71518 181.392
7.72091 226.905
7.72665 310.501
7.73238 469.958
7.73812 212.731
7.74386 166.415
7.74959 172.605
7.75533 169.023
7.76107 170.254
7.7668 176.749
7.77254 187.933
7.77827 201.532
7.78401 215.174
7.78975 239.289
7.79548 266.557
7.80122 298.97
7.80696 324.237
7.81269 344.155
7.81843 331.217
7.82416 300.115
7.8299 266.782
7.83564 229.67
7.84137 201.492
7.84711 180.02
7.85284 164.272
7.85858 152.346
7.86432 140.679
7.87005 136.077
7.87579 130.448
7.88153 126.404
7.88726 125.361
7.893 123
7.89873 120.046
7.90447 119.197
7.91021 119.999
7.91594 119.16
7.92168 120.45
7.92742 114.312
7.93315 110.592
7.93889 109.696
7.94462 107.714
7.95036 108.647
7.9561 107.569
7.96183 107.418
7.96757 105.81
7.9733 104.618
7.97904 103.827
7.98478 102.889
7.99051 103.807
7.99625 102.104
8.00199 102.674
8.00772 101.984
8.01346 102.168
8.01919 100.919
8.02493 100.742
8.03067 100.47
8.0364 99.7074
8.04214 98.5623
8.04788 98.4918
8.05361 97.4139
8.05935 97.7183
8.06508 99.559
8.07082 98.6153
8.07656 98.1902
8.08229 99.3561
8.08803 100.926
8.09376 99.7924
8.0995 97.9474
8.10524 95.8711
8.11097 93.934
8.11671 91.485
8.12245 89.4545
8.12818 88.3412
8.13392 86.893
8.13965 84.5669
8.14539 86.2283
8.15113 84.274
8.15686 78.5556
8.1626 82.729
8.16834 84.1453
8.17407 84.8311
8.17981 85.0568
8.18554 84.3005
8.19128 85.8233
8.19702 86.5171
8.20275 85.0807
8.20849 85.0307
8.21422 85.179
8.21996 85.7183
8.2257 86.113
8.23143 83.8569
8.23717 84.9503
8.24291 85.088
8.24864 84.4744
8.25438 85.4183
8.26011 87.2122
8.26585 85.9265
8.27159 85.0716
8.27732 84.8273
8.28306 84.8324
8.2888 85.275
8.29453 84.3804
8.30027 83.1484
8.306 83.3238
8.31174 85.8821
8.31748 83.8511
8.32321 83.2387
8.32895 82.4378
8.33468 85.0921
8.34042 83.1237
8.34616 84.1432
8.35189 83.2081
8.35763 82.5417
8.36337 80.291
8.3691 82.6775
8.37484 82.0785
8.38057 81.25
8.38631 80.7411
8.39205 81.6167
8.39778 81.4779
8.40352 82.5721
8.40926 82.6495
8.41499 85.7951
8.42073 87.6119
8.42646 86.0561
8.4322 92.7112
8.43794 92.4338
8.44367 90.4788
8.44941 86.5803
8.45514 84.5135
8.46088 83.2609
8.46662 82.7028
8.47235 82.2547
8.47809 82.984
8.48383 81.5211
8.48956 80.1173
8.4953 79.6011
8.50103 81.3621
8.50677 80.2853
8.51251 80.7109
8.51824 80.3989
8.52398 80.2028
8.52972 80.8036
8.53545 80.5362
8.54119 83.3484
8.54692 81.3
8.55266 80.93
8.5584 82.3248
8.56413 82.1175
8.56987 78.4316
8.5756 80.2977
8.58134 81.1238
8.58708 78.2862
8.59281 80.827
8.59855 79.8403
8.60429 80.6485
8.61002 80.7323
8.61576 77.7915
8.62149 79.7299
8.62723 79.534
8.63297 79.5275
8.6387 78.9799
8.64444 78.7196
8.65018 80.8832
8.65591 81.2832
8.66165 69.6189
8.66738 77.3096
8.67312 75.0849
8.67886 76.9091
8.68459 79.2247
8.69033 76.2032
8.69606 79.1818
8.7018 79.5977
8.70754 78.648
8.71327 78.7088
8.71901 78.5021
8.72475 79.5581
8.73048 82.0766
8.73622 81.7112
8.74195 85.6734
8.74769 82.0466
8.75343 81.7308
8.75916 80.8517
8.7649 78.9633
8.77064 81.6059
8.77637 80.0357
8.78211 80.4037
8.78784 79.7031
8.79358 76.3695
8.79932 77.5658
8.80505 78.0751
8.81079 80.5271
8.81652 78.6588
8.82226 77.8653
8.828 82.213
8.83373 82.9268
8.83947 81.7273
8.84521 80.6341
8.85094 77.1702
8.85668 80.3282
8.86241 80.5128
8.86815 80.9713
8.87389 86.118
8.87962 83.9133
8.88536 83.8785
8.8911 84.6096
8.89683 83.5494
8.90257 84.0546
8.9083 82.8266
8.91404 84.4938
8.91978 91.4914
8.92551 98.7834
8.93125 105.03
8.93698 105.755
8.94272 99.7987
8.94846 96.4364
8.95419 92.8456
8.95993 92.8176
8.96567 91.6087
8.9714 88.811
8.97714 93.6582
8.98287 90.4895
8.98861 93.2889
8.99435 94.8069
9.00008 96.6667
9.00582 96.6382
9.01156 105.298
9.01729 102.967
9.02303 107.143
9.02876 111.427
9.0345 110.756
9.04024 108.884
9.04597 111.385
9.05171 103.433
9.05744 103.174
9.06318 99.6408
9.06892 96.1176
9.07465 94.1771
9.08039 88.9573
9.08613 88.785
9.09186 91.5
9.0976 83.9327
9.10333 84.0104
9.10907 87
9.11481 81.0417
9.12054 84.375
9.12628 82.1531
9.13202 81.1829
9.13775 84.0435
9.14349 80.4405
9.14922 82.2195
9.15496 75.6585
9.1607 77.3513
9.16643 76.025
9.17217 75.5753
9.1779 74.4868
9.18364 75.1143
9.18938 80.0882
9.19511 73.4412
9.20085 79.9683
9.20659 76.4154
9.21232 77.5333
9.21806 72.6721
9.22379 72.7818
9.22953 70.6545
9.23527 71.5849
9.241 69.8571
9.24674 73.2041
9.25248 74.2553
9.25821 67.5778
9.26395 65.9545
9.26968 60.8837
9.27542 67.9487
9.28116 60.45
9.28689 64.8571
9.29263 65.5455
9.29836 66
9.3041 57.3939
9.30984 60.0357
9.31557 60.037
9.32131 49.5926
9.32705 40.5
9.33278 54.2174
9.33852 46.4737
9.34425 51.2222
9.34999 42.2941
9.35573 44
9.36146 37.4545
9.3672 35.4545
9.37294 31.5
9.37867 17.4444
9.38441 15.6667
9.39014 9.25
9.39588 0
9.40162 0
9.40735 0
9.41309 0
9.41882 0
9.42456 0
9.4303 0
9.43603 0
9.44177 0
9.44751 0
9.45324 0
9.45898 0
9.46471 0
9.47045 0
9.47619 0
9.48192 0
9.48766 0
9.4934 0
9.49913 0
9.50487 0
9.5106 0
9.51634 0
9.52208 0
9.52781 0
9.53355 0
9.53928 0
9.54502 0
9.55076 0
9.55649 0
9.56223 0
9.56797 0
9.5737 0
9.57944 0
9.58517 0
9.59091 0
9.59665 0
9.60238 0
9.60812 0
9.61386 0
9.61959 0
9.62533 0
9.63106 0
9.6368 0
9.64254 0
9.64827 0
9.65401 0
9.65974 0
9.66548 0
9.67122 0
9.67695 0
9.68269 0
9.68843 0
9.69416 0
9.6999 0
9.70563 0
9.71137 0
9.71711 0
9.72284 0
9.72858 0
9.73432 0
9.74005 0
9.74579 0
9.75152 0
9.75726 0
9.763 0
9.76873 0
9.77447 0
9.7802 0
9.78594 0
9.79168 0
9.79741 0
9.80315 0
9.80889 0
9.81462 0
9.82036 0
9.82609 0
9.83183 0
9.83757 0
9.8433 0
9.84904 0
9.85478 0
9.86051 0
9.86625 0
9.87198 0
9.87772 0
9.88346 0
9.88919 0
9.89493 0
9.90066 0
9.9064 0
9.91214 0
9.91787 0
9.92361 0
9.92935 0
9.93508 0
9.94082 0
9.94655 0
9.95229 0
9.95803 0
9.96376 0
9.9695 0
9.97524 0
9.98097 0
9.98671 0
9.99244 0
9.99818 0
10.0039 0
10.0097 0
10.0154 0
10.0211 0
10.0269 0
10.0326 0
10.0383 0
10.0441 0
10.0498 0
10.0555 0
10.0613 0
10.067 0
10.0728 0
10.0785 0
10.0842 0
10.09 0
10.0957 0
10.1014 0
10.1072 0
10.1129 0
10.1186 0
10.1244 0
10.1301 0
10.1358 0
10.1416 0
10.1473 0
10.1531 0
10.1588 0
10.1645 0
10.1703 0
10.176 0
10.1817 0
10.1875 0
10.1932 0
10.1989 0
10.2047 0
10.2104 0
10.2162 0
10.2219 0
10.2276 0
10.2334 0
10.2391 0
10.2448 0
10.2506 0
10.2563 0
10.262 0
10.2678 0
10.2735 0
10.2793 0
10.285 0
10.2907 0
10.2965 0
10.3022 0
10.3079 0
10.3137 0
10.3194 0
10.3251 0
10.3309 0
10.3366 0
10.3424 0
10.3481 0
10.3538 0
10.3596 0
10.3653 0
10.371 0
10.3768 0
10.3825 0
10.3882 0
10.394 0
10.3997 0
10.4054 0
10.4112 0
10.4169 0
10.4227 0
10.4284 0
10.4341 0
10.4399 0
10.4456 0
10.4513 0
10.4571 0
10.4628 0
10.4685 0
10.4743 0
10.48 0
10.4858 0
10.4915 0
10.4972 0
10.503 0
10.5087 0
10.5144 0
10.5202 0
10.5259 0
10.5316 0
10.5374 0
10.5431 0
10.5489 0
10.5546 0
10.5603 0
10.5661 0
10.5718 0
10.5775 0
10.5833 0
10.589 0
10.5947 0
10.6005 0
10.6062 0
10.612 0
10.6177 0
10.6234 0
10.6292 0
10.6349 0
10.6406 0
10.6464 0
10.6521 0
10.6578 0
10.6636 0
10.6693 0
10.6751 0
10.6808 0
10.6865 0
10.6923 0
10.698 0
10.7037 0
10.7095 0
10.7152 0
10.7209 0
10.7267 0
10.7324 0
10.7381 0
10.7439 0
10.7496 0
10.7554 0
10.7611 0
10.7668 0
10.7726 0
10.7783 0
10.784 0
10.7898 0
10.7955 0
10.8012 0
10.807 0
10.8127 0
10.8185 0
10.8242 0
10.8299 0
10.8357 0
10.8414 0
10.8471 0
10.8529 0
10.8586 0
10.8643 0
10.8701 0
10.8758 0
10.8816 0
10.8873 0
10.893 0
10.8988 0
10.9045 0
10.9102 0
10.916 0
10.9217 0
10.9274 0
10.9332 0
10.9389 0
10.9447 0
10.9504 0
10.9561 0
10.9619 0
10.9676 0
10.9733 0
10.9791 0
10.9848 0
10.9905 0
10.9963 0
11.002 0
11.0077 0
11.0135 0
11.0192 0
11.025 0
11.0307 0
11.0364 0
11.0422 0
11.0479 0
11.0536 0
11.0594 0
11.0651 0
11.0708 0
11.0766 0
11.0823 0
11.0881 0
11.0938 0
11.0995 0
11.1053 0
11.111 0
11.1167 0
11.1225 0
11.1282 0
11.1339 0
11.1397 0
11.1454 0
11.1512 0
11.1569 0
11.1626 0
11.1684 0
11.1741 0
11.1798 0
11.1856 0
11.1913 0
11.197 0
11.2028 0
11.2085 0
11.2143 0
11.22 0
11.2257 0
11.2315 0
11.2372 0
11.2429 0
11.2487 0
11.2544 0
11.2601 0
11.2659 0
11.2716 0
11.2774 0
11.2831 0
11.2888 0
11.2946 0
11.3003 0
11.306 0
11.3118 0
11.3175 0
11.3232 0
11.329 0
11.3347 0
11.3404 0
11.3462 0
11.3519 0
11.3577 0
11.3634 0
11.3691 0
11.3749 0
11.3806 0
11.3863 0
11.3921 0
11.3978 0
11.4035 0
11.4093 0
11.415 0
11.4208 0
11.4265 0
11.4322 0
11.438 0
11.4437 0
11.4494 0
11.4552 0
11.4609 0
11.4666 0
11.4724 0
11.4781 0
11.4839 0
11.4896 0
11.4953 0
11.5011 0
11.5068 0
11.5125 0
11.5183 0
11.524 0
11.5297 0
11.5355 0
11.5412 0
11.547 0
11.5527 0
11.5584 0
11.5642 0
11.5699 0
11.5756 0
11.5814 0
11.5871 0
11.5928 0
11.5986 0
11.6043 0
11.61 0
11.6158 0
11.6215 0
11.6273 0
11.633 0
11.6387 0
11.6445 0
11.6502 0
11.6559 0
11.6617 0
11.6674 0
11.6731 0
11.6789 0
11.6846 0
11.6904 0
11.6961 0
11.7018 0
11.7076 0
11.7133 0
11.719 0
11.7248 0
11.7305 0
11.7362 0
11.742 0
