0 0
0.00573619 9
0.0114724 11
0.0172086 5.5
0.0229448 3.33333
0.028681 -16
0.0344171 -15.5
0.0401533 -7.6
0.0458895 -6.2
0.0516257 15.3333
0.0573619 -12.8333
0.0630981 0.857143
0.0688343 1.71429
0.0745705 6
0.0803067 6.11111
0.0860429 -1.44444
0.091779 7
0.0975152 -5.07692
0.103251 -8.55556
0.108988 3.11111
0.114724 8
0.12046 1.45455
0.126196 9.33333
0.131932 5.375
0.137669 -1.6
0.143405 0.461538
0.149141 3.84615
0.154877 4.1875
0.160613 7.4
0.16635 1.33333
0.172086 4.66667
0.177822 -3.57895
0.183558 -0.529412
0.189294 0.785714
0.19503 1.71429
0.200767 1.33333
0.206503 2.05882
0.212239 4.94444
0.217975 8.42857
0.223711 0.941176
0.229448 6.54167
0.235184 4.26087
0.24092 2
0.246656 5.38889
0.252392 0.56
0.258129 0.259259
0.263865 2.09524
0.269601 -3.20833
0.275337 -2.37931
0.281073 -2.44
0.28681 0.25
0.292546 1.8
0.298282 -1.96552
0.304018 -3.07407
0.309754 0.266667
0.31549 4.09677
0.321227 7.44444
0.326963 4.66667
0.332699 0.354839
0.338435 -2.63636
0.344171 -2.54167
0.349908 4.14286
0.355644 0.885714
0.36138 1.96774
0.367116 2.38235
0.372852 -2.36364
0.378589 0.0810811
0.384325 5.3125
0.390061 5.4359
0.395797 1.58974
0.401533 3.34615
0.40727 1.02326
0.413006 5
0.418742 3.75
0.424478 -3.5
0.430214 4.48889
0.43595 2.4878
0.441687 4.875
0.447423 8
0.453159 5.20513
0.458895 4.65116
0.464631 7.27273
0.470368 8.07317
0.476104 4.53191
0.48184 0.138889
0.487576 6.80769
0.493312 7.2439
0.499049 7.125
0.504785 5.33333
0.510521 12.2444
0.516257 13.186
0.521993 11.7045
0.52773 11.2453
0.533466 14.1333
0.539202 10.5625
0.544938 14.9804
0.550674 11.5769
0.55641 8.60417
0.562147 10.1569
0.567883 10.2632
0.573619 13.6889
0.579355 14.0741
0.585091 5.35088
0.590828 11.717
0.596564 7.20833
0.6023 7.92857
0.608036 8.67692
0.613772 10.449
0.619509 6.15517
0.625245 12.7458
0.630981 4.10909
0.636717 10.931
0.642453 11.6316
0.64819 11.746
0.653926 11.7308
0.659662 13.9231
0.665398 9.95312
0.671134 10.7018
0.67687 13.2097
0.682607 15.9206
0.688343 14.3881
0.694079 7.72222
0.699815 15.3478
0.705551 11.1231
0.711288 13.8727
0.717024 12.027
0.72276 9.06557
0.728496 13.0143
0.734232 11.0938
0.739969 15.5072
0.745705 16.6761
0.751441 18.1897
0.757177 16.2727
0.762913 13.0149
0.76865 16.8551
0.774386 12.8676
0.780122 14.8767
0.785858 11.026
0.791594 12.5167
0.79733 11.9512
0.803067 13.1594
0.808803 13.5714
0.814539 14.0988
0.820275 9.83099
0.826011 14.4286
0.831748 15.75
0.837484 13.3059
0.84322 15.4714
0.848956 11.6944
0.854692 14.3294
0.860429 12.9136
0.866165 12
0.871901 13.375
0.877637 11.3976
0.883373 13.6623
0.88911 9.91026
0.894846 14.2588
0.900582 10.8916
0.906318 9.78378
0.912054 14.0111
0.91779 12.3563
0.923527 13.7662
0.929263 16.3721
0.934999 12.978
0.940735 14.9259
0.946471 12.5238
0.952208 10.9412
0.957944 16
0.96368 10.2051
0.969416 14.8632
0.975152 12.5444
0.980889 9.84706
0.986625 10.1395
0.992361 10.1579
0.998097 9.95789
1.00383 16.0875
1.00957 15.3939
1.01531 13.4742
1.02104 11.0238
1.02678 16.375
1.03251 14.4615
1.03825 15.47
1.04399 14.2093
1.04972 14.8911
1.05546 15.2772
1.0612 10.0244
1.06693 13.028
1.07267 12.2637
1.0784 13.8447
1.08414 12.7653
1.08988 12.84
1.09561 14.2667
1.10135 13.186
1.10708 16.8455
1.11282 13.1263
1.11856 11.8673
1.12429 13.3333
1.13003 16.5524
1.13577 17.6857
1.1415 16.1275
1.14724 12.6881
1.15297 10.76
1.15871 13.87
1.16445 15.0609
1.17018 11.5333
1.17592 14.1495
1.18166 12.2083
1.18739 14.084
1.19313 9.97248
1.19886 13.3495
1.2046 13.3304
1.21034 14.4766
1.21607 11.5364
1.22181 14.4727
1.22754 14.4017
1.23328 15.2897
1.23902 11.1071
1.24475 11.2437
1.25049 13.0367
1.25623 13.4167
1.26196 13.9744
1.2677 11.9274
1.27343 12.6937
1.27917 12.1441
1.28491 11.7288
1.29064 13.4159
1.29638 13.4741
1.30212 13.9402
1.30785 13.7983
1.31359 12.069
1.31932 12.5906
1.32506 15.2185
1.3308 13.9828
1.33653 10.6508
1.34227 11.9496
1.348 11.7717
1.35374 10.823
1.35948 11.656
1.36521 11.145
1.37095 11.1455
1.37669 11.1079
1.38242 12.0574
1.38816 12.4809
1.39389 11.2542
1.39963 12.1061
1.40537 12.6822
1.4111 10.5
1.41684 11.1469
1.42258 10.3926
1.42831 9.85124
1.43405 13.1154
1.43978 11.3333
1.44552 11.9275
1.45126 13.822
1.45699 10.1489
1.46273 10.5758
1.46846 11.5714
1.4742 12.3427
1.47994 12.3411
1.48567 13.4962
1.49141 10.2308
1.49715 14.1946
1.50288 11.9635
1.50862 12.2661
1.51435 10.4247
1.52009 12.539
1.52583 10.5725
1.53156 10.4593
1.5373 11.3741
1.54304 12.0922
1.54877 14.4853
1.55451 12.698
1.56024 11.1898
1.56598 12.9143
1.57172 12.9504
1.57745 10.0608
1.58319 12.6525
1.58892 11.8028
1.59466 11.8867
1.6004 11.021
1.60613 11.3478
1.61187 11.6107
1.61761 11.8854
1.62334 8.74436
1.62908 12.4839
1.63481 12.1391
1.64055 12.48
1.64629 11.4521
1.65202 12.9603
1.65776 11.649
1.6635 11.6861
1.66923 11.3899
1.67497 10.6933
1.6807 10.7664
1.68644 11.3671
1.69218 10.8025
1.69791 9.96732
1.70365 11.2635
1.70938 10.8333
1.71512 10.1104
1.72086 12.2721
1.72659 10.2428
1.73233 10.7355
1.73807 13.3529
1.7438 11.9036
1.74954 10.5535
1.75527 12.2134
1.76101 10.9191
1.76675 9.81768
1.77248 10.8476
1.77822 10.4558
1.78396 12.4881
1.78969 11.051
1.79543 14.1734
1.80116 12.5732
1.8069 11.3801
1.81264 11.3234
1.81837 12.32
1.82411 9.86111
1.82984 10.4907
1.83558 10.2727
1.84132 10.5515
1.84705 12.7574
1.85279 11.8596
1.85853 11.1
1.86426 11.452
1.87 10.3547
1.87573 9.3875
1.88147 11.5593
1.88721 12.9535
1.89294 13.0636
1.89868 11.9294
1.90442 12.046
1.91015 13.4024
1.91589 24.369
1.92162 24.2834
1.92736 15.1017
1.9331 12.4405
1.93883 14.6977
1.94457 14.8042
1.9503 13.4941
1.95604 12.5349
1.96178 12.4586
1.96751 13.5514
1.97325 13.227
1.97899 13.5668
1.98472 13.5053
1.99046 14.5657
1.99619 11.8297
2.00193 11.1368
2.00767 12.4915
2.0134 10.2907
2.01914 12.867
2.02488 12.1832
2.03061 13.3446
2.03635 12.8883
2.04208 12.2162
2.04782 11.766
2.05356 11.3763
2.05929 13.884
2.06503 12.995
2.07076 11.5568
2.0765 13.1762
2.08224 12.5153
2.08797 15.5029
2.09371 11.697
2.09945 12.773
2.10518 11.4422
2.11092 14.139
2.11665 12.8872
2.12239 11.2609
2.12813 14.1361
2.13386 13.209
2.1396 15.9749
2.14534 12.4359
2.15107 13.2567
2.15681 14.9447
2.16254 15.297
2.16828 13.1359
2.17402 12.2275
2.17975 11.89
2.18549 14.4074
2.19122 11.7475
2.19696 15.1931
2.2027 15.5317
2.20843 19.5337
2.21417 23.7264
2.21991 30.0657
2.22564 23.918
2.23138 14.218
2.23711 13.2367
2.24285 14.0769
2.24859 13.3646
2.25432 15.5251
2.26006 13.5631
2.2658 12.0108
2.27153 13.1395
2.27727 10.6777
2.283 12.597
2.28874 12.152
2.29448 13.8243
2.30021 13.9621
2.30595 14.0253
2.31168 15.7731
2.31742 12.7005
2.32316 12.4712
2.32889 13.1262
2.33463 13.6479
2.34037 14.1127
2.3461 14.4953
2.35184 16.7059
2.35757 16.5784
2.36331 18.3224
2.36905 19.0184
2.37478 15.9009
2.38052 16.212
2.38626 16.5051
2.39199 16.8761
2.39773 20.256
2.40346 16.9361
2.4092 20.1928
2.41494 18.2986
2.42067 15.2811
2.42641 16.6037
2.43214 15.1515
2.43788 16.5266
2.44362 14.6344
2.44935 14.103
2.45509 14.108
2.46083 14.2903
2.46656 14.9563
2.4723 15.7857
2.47803 14.3395
2.48377 15.5044
2.48951 16.9573
2.49524 15.0633
2.50098 14.0491
2.50672 17.177
2.51245 14.1631
2.51819 14.8843
2.52392 15.7437
2.52966 15.1004
2.5354 15.5185
2.54113 12.7083
2.54687 15.4805
2.5526 17.1737
2.55834 14.973
2.56408 13.9447
2.56981 13.6281
2.57555 14.2081
2.58129 17.2857
2.58702 14.7573
2.59276 15.6955
2.59849 16.6186
2.60423 14.9237
2.60997 15.1577
2.6157 16.3257
2.62144 16.5703
2.62718 16.0128
2.63291 14.6904
2.63865 15.5365
2.64438 14.9053
2.65012 15.928
2.65586 15.4598
2.66159 15.7431
2.66733 14.418
2.67306 15.6766
2.6788 16.793
2.68454 16.0504
2.69027 17.6627
2.69601 17.7739
2.70175 17.5469
2.70748 15.6214
2.71322 18.5612
2.71895 17.3065
2.72469 17.786
2.73043 16.4921
2.73616 16.225
2.7419 15.4903
2.74764 15.7787
2.75337 16.987
2.75911 16.346
2.76484 17.6468
2.77058 16.8148
2.77632 16.5444
2.78205 18.504
2.78779 16.3359
2.79352 17.123
2.79926 16.0677
2.805 16.6265
2.81073 16.0207
2.81647 16.1407
2.82221 16.962
2.82794 18.4167
2.83368 16.65
2.83941 16.7473
2.84515 17.632
2.85089 15.7016
2.85662 16.4082
2.86236 16.6794
2.8681 17.6423
2.87383 15.0604
2.87957 17.3633
2.8853 15.9277
2.89104 16.6388
2.89678 19.4415
2.90251 19.1111
2.90825 17.3268
2.91398 16.3321
2.91972 19.1588
2.92546 17.6718
2.93119 18.6792
2.93693 18.3249
2.94267 17.6145
2.9484 18.5849
2.95414 20.1518
2.95987 20.3022
2.96561 20.2038
2.97135 20.6014
2.97708 24.5993
2.98282 31.1434
2.98856 66.3893
2.99429 76.1393
3.00003 30.8959
3.00576 25.8327
3.0115 20.3199
3.01724 20.5675
3.02297 20.5916
3.02871 18.8165
3.03444 19.7276
3.04018 19.6691
3.04592 20.4449
3.05165 20.8029
3.05739 20.4806
3.06313 21.5331
3.06886 19.0034
3.0746 19.6702
3.08033 21.2029
3.08607 22.0035
3.09181 20.8333
3.09754 22.6332
3.10328 23.4023
3.10902 23.9486
3.11475 24.9525
3.12049 22.8132
3.12622 22.4733
3.13196 26.6868
3.1377 29.0133
3.14343 32.4107
3.14917 29.4706
3.1549 23.2376
3.16064 22.9559
3.16638 23.5446
3.17211 23.3611
3.17785 25.727
3.18359 23.534
3.18932 25.8433
3.19506 24.2189
3.20079 23.7844
3.20653 25.7134
3.21227 25.4369
3.218 22.3715
3.22374 22.8542
3.22948 25.5351
3.23521 26.4164
3.24095 27.3755
3.24668 25.581
3.25242 26.18
3.25816 26.1866
3.26389 26.7032
3.26963 26.25
3.27536 25.8647
3.2811 28.0588
3.28684 26.7812
3.29257 27.3082
3.29831 29.075
3.30405 29.0833
3.30978 28.6131
3.31552 29.6809
3.32125 30.5119
3.32699 30.2558
3.33273 31.8109
3.33846 31.4931
3.3442 32.6458
3.34994 32.0417
3.35567 31.7874
3.36141 31.9811
3.36714 34.0865
3.37288 47.2508
3.37862 62.1604
3.38435 52.0646
3.39009 92.2256
3.39582 135.889
3.40156 40.739
3.4073 43.7937
3.41303 37.1452
3.41877 33.5446
3.42451 34.517
3.43024 33.0637
3.43598 31.9109
3.44171 33.4671
3.44745 32.2922
3.45319 33.0596
3.45892 31.829
3.46466 32.5599
3.4704 32.2658
3.47613 34.2748
3.48187 32.7892
3.4876 34.9206
3.49334 34.9175
3.49908 34.1624
3.50481 35.8269
3.51055 36.4219
3.51628 36.7677
3.52202 37.6708
3.52776 39.8789
3.53349 39.9497
3.53923 43.4877
3.54497 47.815
3.5507 51.9151
3.55644 48.6141
3.56217 44.7433
3.56791 41.044
3.57365 38.8447
3.57938 40.2544
3.58512 38.5938
3.59086 38.8057
3.59659 36.9444
3.60233 40.5889
3.60806 39.9303
3.6138 39.9492
3.61954 41.397
3.62527 41.6988
3.63101 42.6355
3.63674 47.4411
3.64248 51.3786
3.64822 52.808
3.65395 54.7605
3.65969 55.8647
3.66543 54.2432
3.67116 54.4326
3.6769 56.1964
3.68263 59.3077
3.68837 54.3968
3.69411 53.5982
3.69984 49.4929
3.70558 53.0606
3.71132 51
3.71705 52.5797
3.72279 52.3732
3.72852 53.4328
3.73426 52.9582
3.74 54.514
3.74573 54.4019
3.75147 56.9046
3.7572 57.8785
3.76294 57.2435
3.76868 59.7178
3.77441 62.3267
3.78015 62.078
3.78589 62.5849
3.79162 65.4927
3.79736 67.3815
3.80309 68.253
3.80883 71.6358
3.81457 75.481
3.8203 81.2038
3.82604 86.936
3.83178 94.5956
3.83751 110.208
3.84325 140.478
3.84898 202.881
3.85472 240.952
3.86046 260.445
3.86619 276.471
3.87193 326.395
3.87766 423.912
3.8834 554.603
3.88914 699.76
3.89487 814.027
3.90061 756.806
3.90635 619.933
3.91208 489.691
3.91782 354.545
3.92355 270.774
3.92929 216.777
3.93503 178.28
3.94076 145.802
3.9465 128.381
3.95224 114.933
3.95797 102.456
3.96371 92.5546
3.96944 87.0104
3.97518 84.752
3.98092 79.4941
3.98665 76.8699
3.99239 76.6911
3.99812 73.9096
4.00386 72.2989
4.0096 69.297
4.01533 69.2868
4.02107 68.8694
4.02681 67.6753
4.03254 67.4171
4.03828 67.2493
4.04401 67.0468
4.04975 67.311
4.05549 65.3112
4.06122 64.8006
4.06696 64.9557
4.0727 64.6234
4.07843 60.8986
4.08417 61.607
4.0899 63.3438
4.09564 62.3271
4.10138 60.7591
4.10711 62.0234
4.11285 60.5077
4.11858 60.8444
4.12432 58.95
4.13006 60.5054
4.13579 60.5896
4.14153 59.8391
4.14727 59.5206
4.153 62.6142
4.15874 59.9292
4.16447 60.4668
4.17021 62.4338
4.17595 61.2737
4.18168 60.9493
4.18742 60.8889
4.19316 62.2727
4.19889 63.7184
4.20463 63.8202
4.21036 64.4256
4.2161 63.1379
4.22184 62.8553
4.22757 62.512
4.23331 62.4059
4.23904 60.9918
4.24478 63.4328
4.25052 62.2774
4.25625 62.5068
4.26199 61.5614
4.26773 63.2097
4.27346 62.7846
4.2792 62.5788
4.28493 66.7367
4.29067 66.351
4.29641 65.6712
4.30214 65.2938
4.30788 68.4678
4.31362 67.9028
4.31935 70.2141
4.32509 70.8725
4.33082 73.4417
4.33656 75.76
4.3423 76.6594
4.34803 78.5664
4.35377 80.6187
4.3595 83.7841
4.36524 85.5725
4.37098 87.5696
4.37671 91.8605
4.38245 93.2657
4.38819 98.7832
4.39392 104.73
4.39966 108.779
4.40539 116.132
4.41113 125.149
4.41687 140.421
4.4226 162.538
4.42834 202.411
4.43408 329.726
4.43981 743.251
4.44555 1647.97
4.45128 6757.43
4.45702 10099.2
4.46276 3975.29
4.46849 1318.3
4.47423 665.481
4.47996 376.037
4.4857 307.44
4.49144 289.591
4.49717 268.388
4.50291 265.933
4.50865 256.777
4.51438 236.041
4.52012 209.417
4.52585 185.816
4.53159 161.544
4.53733 142.804
4.54306 125.969
4.5488 112.512
4.55454 103.168
4.56027 94.5704
4.56601 86.7066
4.57174 81.7893
4.57748 77.5488
4.58322 74.4081
4.58895 70.5801
4.59469 68.2712
4.60042 65.2972
4.60616 63.3762
4.6119 60.9404
4.61763 60.3556
4.62337 59.5127
4.62911 59.3342
4.63484 57.9506
4.64058 55.2005
4.64631 54.1124
4.65205 54.0918
4.65779 52.3217
4.66352 52.6164
4.66926 50.5652
4.675 50.0528
4.68073 50.2738
4.68647 51.7039
4.6922 49.9201
4.69794 48.4253
4.70368 50.508
4.70941 50.403
4.71515 50.2127
4.72088 50.3411
4.72662 49.1744
4.73236 49.9202
4.73809 50.1098
4.74383 48.0134
4.74957 48.8401
4.7553 50.0152
4.76104 48.0339
4.76677 46.5374
4.77251 44.6881
4.77825 47.1302
4.78398 45.2156
4.78972 43.6316
4.79546 43.5422
4.80119 42.5416
4.80693 44.606
4.81266 41.7678
4.8184 44.3839
4.82414 42.0804
4.82987 42.2948
4.83561 40
4.84134 44.0109
4.84708 45.298
4.85282 48.515
4.85855 45.315
4.86429 41.5945
4.87003 40.9584
4.87576 40.5444
4.8815 40.594
4.88723 39.3333
4.89297 39.2489
4.89871 38.4298
4.90444 39
4.91018 37.9657
4.91592 38.4381
4.92165 37.9978
4.92739 39.5662
4.93312 40.3152
4.93886 39.0481
4.9446 37.4583
4.95033 40.2452
4.95607 37.9758
4.9618 38.2455
4.96754 39.0757
4.97328 41.4485
4.97901 47.3205
4.98475 42.6262
4.99049 39.4352
4.99622 37.62
5.00196 37.1089
5.00769 36.3038
5.01343 37.8013
5.01917 36.6203
5.0249 38.2642
5.03064 37.7322
5.03638 37.2359
5.04211 37.3348
5.04785 37.4298
5.05358 38.0897
5.05932 37.946
5.06506 38.5341
5.07079 37.397
5.07653 33.6667
5.08226 37.9123
5.088 36.6947
5.09374 36.3439
5.09947 36.7543
5.10521 36.0768
5.11095 36.8632
5.11668 36.5386
5.12242 35.4386
5.12815 36.9342
5.13389 35.9854
5.13963 35.0841
5.14536 36.7296
5.1511 36.359
5.15684 36.3689
5.16257 37.9478
5.16831 37.3864
5.17404 38.9151
5.17978 37.7197
5.18552 37.6879
5.19125 36.6335
5.19699 37.2532
5.20272 36.5492
5.20846 36.9611
5.2142 37.3266
5.21993 37.7564
5.22567 36.1991
5.23141 36.592
5.23714 36.9002
5.24288 37.742
5.24861 34.1716
5.25435 37.6871
5.26009 36.6846
5.26582 36.7527
5.27156 35.9795
5.2773 36.9833
5.28303 36.876
5.28877 37.0041
5.2945 37.8449
5.30024 36.9875
5.30598 36.2952
5.31171 36.9018
5.31745 38.8154
5.32318 37.9177
5.32892 38.0556
5.33466 36.3211
5.34039 36.3382
5.34613 37.6855
5.35187 38.9727
5.3576 38.0432
5.36334 36.7378
5.36907 37.265
5.37481 38.0954
5.38055 36.842
5.38628 39.4851
5.39202 40.1166
5.39776 40.1109
5.40349 39.0981
5.40923 39.1595
5.41496 37.6917
5.4207 38.1164
5.42644 38.3541
5.43217 37.8682
5.43791 36.4626
5.44364 38.104
5.44938 37.5577
5.45512 40.004
5.46085 37.5776
5.46659 38.6437
5.47233 38.9939
5.47806 36.6198
5.4838 37.3596
5.48953 37.0918
5.49527 37.7937
5.50101 37.6373
5.50674 37.5389
5.51248 37.2445
5.51822 37.4409
5.52395 38.0798
5.52969 38.196
5.53542 37.8563
5.54116 39.3179
5.5469 38.3234
5.55263 39.251
5.55837 38.9146
5.5641 39.3137
5.56984 38.8571
5.57558 38.293
5.58131 39.4
5.58705 38.8397
5.59279 38.0216
5.59852 39.5257
5.60426 39.5517
5.60999 39.7198
5.61573 38.6451
5.62147 39.4628
5.6272 39.2439
5.63294 39.2519
5.63868 40.3224
5.64441 39.8839
5.65015 41.5623
5.65588 40.2388
5.66162 41.1624
5.66736 40.5888
5.67309 39.5523
5.67883 40.6467
5.68456 39.9315
5.6903 41.2643
5.69604 42.083
5.70177 40.6955
5.70751 40.5198
5.71325 41.7746
5.71898 41.9672
5.72472 40.8604
5.73045 43.296
5.73619 40.9209
5.74193 43.5093
5.74766 41.8703
5.7534 42.2567
5.75914 42.0414
5.76487 42.661
5.77061 46.3333
5.77634 44.5635
5.78208 43.4253
5.78782 44.4825
5.79355 46.1858
5.79929 45.888
5.80502 44.9062
5.81076 44.0848
5.8165 44.5769
5.82223 44.5475
5.82797 45.5276
5.83371 45.6369
5.83944 46.5161
5.84518 46.6868
5.85091 46.2037
5.85665 45.2727
5.86239 46.573
5.86812 47.2294
5.87386 47.1217
5.8796 48.1115
5.88533 46.935
5.89107 47.4981
5.8968 47.8205
5.90254 47.7993
5.90828 48.7949
5.91401 49.7724
5.91975 49.1565
5.92548 50.8696
5.93122 49.9261
5.93696 56.7444
5.94269 78.4618
5.94843 73.7572
5.95417 126.986
5.9599 72.8098
5.96564 66.3499
5.97137 54.6526
5.97711 55.76
5.98285 53.8042
5.98858 53.4325
5.99432 55.058
6.00006 55.9799
6.00579 56.6895
6.01153 58.1029
6.01726 58.2846
6.023 58.5399
6.02874 58.2244
6.03447 59.3783
6.04021 60.1687
6.04594 59.9372
6.05168 60.9283
6.05742 61.9576
6.06315 60.125
6.06889 62.1299
6.07463 63.2876
6.08036 64.3064
6.0861 64.4375
6.09183 66.3487
6.09757 67.5473
6.10331 67.1027
6.10904 67.307
6.11478 70.6259
6.12052 69.3546
6.12625 71.2374
6.13199 72.4562
6.13772 73.4629
6.14346 73.7544
6.1492 76.8097
6.15493 77.1939
6.16067 78.7403
6.1664 80.0781
6.17214 81.9453
6.17788 83.9197
6.18361 86.0759
6.18935 90.0144
6.19509 95.3864
6.20082 95.2049
6.20656 100.983
6.21229 103.361
6.21803 111.005
6.22377 113.783
6.2295 117.278
6.23524 126.948
6.24098 130.672
6.24671 133.919
6.25245 150.14
6.25818 158.092
6.26392 174.477
6.26966 202.46
6.27539 270.883
6.28113 368.919
6.28686 793.316
6.2926 2350.76
6.29834 5651.31
6.30407 5899.28
6.30981 10108.6
6.31555 2876.09
6.32128 1532.68
6.32702 567.806
6.33275 353.107
6.33849 302.655
6.34423 246.58
6.34996 242.035
6.3557 240.355
6.36144 233.535
6.36717 247.3
6.37291 255.311
6.37864 250.676
6.38438 237.166
6.39012 218.913
6.39585 204.142
6.40159 179.446
6.40732 165.59
6.41306 148.99
6.4188 137.192
6.42453 126.827
6.43027 120.998
6.43601 115.367
6.44174 110.403
6.44748 107.772
6.45321 103.74
6.45895 100.853
6.46469 97.8713
6.47042 95.1706
6.47616 93.8891
6.4819 90.4631
6.48763 87.6093
6.49337 86.8289
6.4991 85.5643
6.50484 82.6759
6.51058 81.3408
6.51631 82.2923
6.52205 79.1875
6.52778 80.0383
6.53352 79.0067
6.53926 77.1852
6.54499 79.4624
6.55073 78.5578
6.55647 76.6995
6.5622 76.315
6.56794 76.4672
6.57367 76.38
6.57941 75.4226
6.58515 75.5435
6.59088 76.1472
6.59662 75.049
6.60236 72.6006
6.60809 70.9389
6.61383 72.7475
6.61956 71.7868
6.6253 71.1849
6.63104 72.3404
6.63677 70.9733
6.64251 69.1071
6.64824 69.2125
6.65398 70.2315
6.65972 70.075
6.66545 69.7607
6.67119 69.788
6.67693 69.6789
6.68266 70.0032
6.6884 68.9858
6.69413 69.0872
6.69987 69.3152
6.70561 69.836
6.71134 69.4951
6.71708 69.1143
6.72282 69.3487
6.72855 68.3419
6.73429 67.9268
6.74002 68.3981
6.74576 68.2477
6.7515 66.9654
6.75723 67.2139
6.76297 67.4977
6.7687 67.454
6.77444 66.39
6.78018 66.8389
6.78591 68.0791
6.79165 66.9748
6.79739 68.3702
6.80312 68.8447
6.80886 67.8869
6.81459 68.045
6.82033 67.8054
6.82607 65.3035
6.8318 65.7702
6.83754 65.8602
6.84328 65.3846
6.84901 65.9436
6.85475 67.3121
6.86048 65.9816
6.86622 66.6097
6.87196 67.1385
6.87769 64.7997
6.88343 66.6056
6.88916 66.1796
6.8949 65.7476
6.90064 66.1674
6.90637 67.125
6.91211 65.5396
6.91785 66.5956
6.92358 66.7038
6.92932 65.1296
6.93505 66.7036
6.94079 66.3096
6.94653 66.1391
6.95226 65.5111
6.958 66.6126
6.96374 65.5258
6.96947 66.2297
6.97521 66.7661
6.98094 65.8821
6.98668 66.6426
6.99242 66.4292
6.99815 66.4062
7.00389 66.9822
7.00962 66.8495
7.01536 66.82
7.0211 67.6792
7.02683 66.4381
7.03257 66.0077
7.03831 68.811
7.04404 66.3399
7.04978 66.9847
7.05551 67.0643
7.06125 67.5201
7.06699 68.6503
7.07272 68.1721
7.07846 68.2313
7.0842 68.1657
7.08993 68.3465
7.09567 69.2909
7.1014 69.2378
7.10714 68.8807
7.11288 68.6361
7.11861 70.1214
7.12435 71.3198
7.13008 70.2604
7.13582 70.2314
7.14156 70.0915
7.14729 70.6667
7.15303 70.0697
7.15877 70.4351
7.1645 70.7798
7.17024 69.6888
7.17597 71.3462
7.18171 71.3466
7.18745 71.8456
7.19318 71.526
7.19892 72.1475
7.20466 71.9553
7.21039 73.1906
7.21613 74.5719
7.22186 72.696
7.2276 72.7371
7.23334 74.7979
7.23907 73.1682
7.24481 74.7677
7.25054 74.3608
7.25628 75.4577
7.26202 75.6105
7.26775 75.848
7.27349 75.5124
7.27923 77.1171
7.28496 76.8953
7.2907 76.7507
7.29643 76.94
7.30217 78.3961
7.30791 78.6265
7.31364 79.3426
7.31938 79.0617
7.32512 81.1917
7.33085 81.513
7.33659 83.5045
7.34232 82.9747
7.34806 84.0616
7.3538 84.6471
7.35953 85.3652
7.36527 88.7616
7.371 93.1821
7.37674 113.384
7.38248 108.388
7.38821 224.12
7.39395 254.54
7.39969 325.664
7.40542 478.04
7.41116 310.159
7.41689 177.038
7.42263 133.021
7.42837 121.862
7.4341 120.694
7.43984 122.499
7.44558 126.388
7.45131 133.704
7.45705 145.613
7.46278 156.971
7.46852 175.375
7.47426 188.538
7.47999 193.586
7.48573 189.016
7.49146 178.386
7.4972 166.247
7.50294 150.879
7.50867 138.027
7.51441 125.929
7.52015 116.122
7.52588 106.706
7.53162 100.758
7.53735 94.0908
7.54309 89.5125
7.54883 86.8398
7.55456 82.8182
7.5603 82.4576
7.56604 79.9649
7.57177 77.6657
7.57751 76.1736
7.58324 75.9223
7.58898 74.2823
7.59472 72.1444
7.60045 72.0333
7.60619 70.8847
7.61192 70.0831
7.61766 70.1477
7.6234 69.7803
7.62913 68.6141
7.63487 67.393
7.64061 67.7385
7.64634 67.388
7.65208 67.1058
7.65781 67.1972
7.66355 66.2939
7.66929 67.463
7.67502 66.8278
7.68076 66.6371
7.6865 66.4668
7.69223 66.9753
7.69797 66.1605
7.7037 68.4
7.70944 70.456
7.71518 79.6643
7.72091 91.2963
7.72665 173.845
7.73238 303.349
7.73812 105.83
7.74386 126.114
7.74959 97.2876
7.75533 77.6549
7.76107 74.9135
7.7668 75.2473
7.77254 76.8526
7.77827 80.4514
7.78401 83.0595
7.78975 89.987
7.79548 93.9575
7.80122 99.5135
7.80696 102.684
7.81269 105.215
7.81843 102.069
7.82416 96.1311
7.8299 88.8797
7.83564 84.0756
7.84137 79.1177
7.84711 74.4268
7.85284 70.6981
7.85858 67.8566
7.86432 66.1716
7.87005 64.0802
7.87579 62.1604
7.88153 62.6967
7.88726 61.3649
7.893 60.6376
7.89873 59.3261
7.90447 59.1396
7.91021 62.0788
7.91594 61.0623
7.92168 68.8464
7.92742 64.3922
7.93315 58.1926
7.93889 55.4647
7.94462 56.4197
7.95036 55.1773
7.9561 54.7227
7.96183 54.6059
7.96757 55.3714
7.9733 55.3199
7.97904 55.1636
7.98478 56.1384
7.99051 53.9389
7.99625 54.4882
8.00199 53.4952
8.00772 52.6187
8.01346 53.8193
8.01919 52.8497
8.02493 52.2636
8.03067 51.8285
8.0364 51.8268
8.04214 53.2268
8.04788 52.6621
8.05361 52.2457
8.05935 52.0794
8.06508 52.004
8.07082 52.0509
8.07656 52.0462
8.08229 50.7897
8.08803 52.0616
8.09376 52.8187
8.0995 50.8228
8.10524 50.8195
8.11097 50.1915
8.11671 47.5869
8.12245 48.1479
8.12818 48.3241
8.13392 46.0145
8.13965 45.8425
8.14539 45.4948
8.15113 46.2092
8.15686 41.3695
8.1626 44.7603
8.16834 45.3216
8.17407 45.4329
8.17981 46.0015
8.18554 46.1079
8.19128 46.8752
8.19702 45.447
8.20275 44.7677
8.20849 45.8109
8.21422 46.3383
8.21996 46.9148
8.2257 45.8904
8.23143 44.7749
8.23717 46.1385
8.24291 44.8187
8.24864 45.0417
8.25438 45.0539
8.26011 45.2804
8.26585 44.3965
8.27159 45.2957
8.27732 44.3225
8.28306 44.052
8.2888 44.2908
8.29453 45.2413
8.30027 44.4123
8.306 45.6352
8.31174 44.8863
8.31748 44.7787
8.32321 45.1247
8.32895 45.0664
8.33468 45.0857
8.34042 43.0874
8.34616 45.2907
8.35189 44.8824
8.35763 42.9386
8.36337 43.5098
8.3691 44.7262
8.37484 44.7085
8.38057 43.5143
8.38631 44.1549
8.39205 44.2167
8.39778 44.2574
8.40352 44.8395
8.40926 44.7892
8.41499 43.9829
8.42073 45.0881
8.42646 44.5459
8.4322 44.4951
8.43794 45.1455
8.44367 45.1746
8.44941 45.8834
8.45514 43.6135
8.46088 43.1023
8.46662 42.7261
8.47235 43.681
8.47809 43.1303
8.48383 41.4028
8.48956 43.1973
8.4953 42.3435
8.50103 44.6121
8.50677 42.8
8.51251 43.9351
8.51824 43.3704
8.52398 43.8535
8.52972 43.8943
8.53545 44.0928
8.54119 43.0841
8.54692 41.6697
8.55266 45.07
8.5584 46.1994
8.56413 44.2831
8.56987 42.8359
8.5756 43.2816
8.58134 41.3715
8.58708 42.798
8.59281 43.3082
8.59855 43.7508
8.60429 41.3106
8.61002 40.2935
8.61576 41.6431
8.62149 42.4855
8.62723 43.3776
8.63297 42.5604
8.6387 42.7023
8.64444 42.9041
8.65018 41.0653
8.65591 42.3497
8.66165 45.6566
8.66738 43.9253
8.67312 41.9114
8.67886 42.1705
8.68459 41.5618
8.69033 40.9721
8.69606 44.1382
8.7018 42.2734
8.70754 39.924
8.71327 42.4329
8.71901 43.8712
8.72475 43.0814
8.73048 43.1411
8.73622 41.6034
8.74195 42.8468
8.74769 43.5636
8.75343 44.0085
8.75916 41.3686
8.7649 42.422
8.77064 42.8475
8.77637 41.7232
8.78211 41.3303
8.78784 41.6943
8.79358 40.3153
8.79932 41
8.80505 41.1972
8.81079 40.6798
8.81652 40.0806
8.82226 41.5648
8.828 41.9954
8.83373 44.7951
8.83947 40.2941
8.84521 41.9902
8.85094 42.3457
8.85668 41.6103
8.86241 40.1795
8.86815 40.7701
8.87389 42.3333
8.87962 40.8844
8.88536 41.3978
8.8911 44.2406
8.89683 43.8148
8.90257 44.3224
8.9083 44.7399
8.91404 42.3
8.91978 46.3257
8.92551 59.8726
8.93125 67.5915
8.93698 174.583
8.94272 129.107
8.94846 80.097
8.95419 54.349
8.95993 44.1351
8.96567 44.0124
8.9714 45.3701
8.97714 45.8671
8.98287 46.8881
8.98861 45.2667
8.99435 46.9035
9.00008 45.7778
9.00582 44.8816
9.01156 50.3969
9.01729 47.9268
9.02303 48.0357
9.02876 47.9316
9.0345 48.7154
9.04024 48.6434
9.04597 53.5673
9.05171 49.5984
9.05744 47.9917
9.06318 47.932
9.06892 46.6303
9.07465 43.5312
9.08039 43.9573
9.08613 42.1682
9.09186 44.9583
9.0976 55.1827
9.10333 46.8958
9.10907 54.1837
9.11481 40.4792
9.12054 42.9091
9.12628 39.5918
9.13202 40.8537
9.13775 39.0109
9.14349 38.4762
9.14922 42.2683
9.15496 40.2561
9.1607 40.8919
9.16643 39.875
9.17217 40.4384
9.1779 40.8816
9.18364 37.4571
9.18938 39.1029
9.19511 39.0441
9.20085 38.1429
9.20659 36.6308
9.21232 39.8833
9.21806 42.5902
9.22379 38.4
9.22953 39.0909
9.23527 39.2264
9.241 41.6071
9.24674 39.449
9.25248 41.1064
9.25821 33
9.26395 39.6364
9.26968 33.907
9.27542 32.2051
9.28116 33.525
9.28689 36.8286
9.29263 29.2424
9.29836 35.4848
9.3041 31.7273
9.30984 33.1071
9.31557 29.7778
9.32131 28.7037
9.32705 23.4
9.33278 26
9.33852 26.5789
9.34425 27.1111
9.34999 26.4706
9.35573 25.5
9.36146 20.7273
9.3672 17.6364
9.37294 18.25
9.37867 16.6667
9.38441 10.3333
9.39014 1.25
9.39588 0
9.40162 0
9.40735 0
9.41309 0
9.41882 0
9.42456 0
9.4303 0
9.43603 0
9.44177 0
9.44751 0
9.45324 0
9.45898 0
9.46471 0
9.47045 0
9.47619 0
9.48192 0
9.48766 0
9.4934 0
9.49913 0
9.50487 0
9.5106 0
9.51634 0
9.52208 0
9.52781 0
9.53355 0
9.53928 0
9.54502 0
9.55076 0
9.55649 0
9.56223 0
9.56797 0
9.5737 0
9.57944 0
9.58517 0
9.59091 0
9.59665 0
9.60238 0
9.60812 0
9.61386 0
9.61959 0
9.62533 0
9.63106 0
9.6368 0
9.64254 0
9.64827 0
9.65401 0
9.65974 0
9.66548 0
9.67122 0
9.67695 0
9.68269 0
9.68843 0
9.69416 0
9.6999 0
9.70563 0
9.71137 0
9.71711 0
9.72284 0
9.72858 0
9.73432 0
9.74005 0
9.74579 0
9.75152 0
9.75726 0
9.763 0
9.76873 0
9.77447 0
9.7802 0
9.78594 0
9.79168 0
9.79741 0
9.80315 0
9.80889 0
9.81462 0
9.82036 0
9.82609 0
9.83183 0
9.83757 0
9.8433 0
9.84904 0
9.85478 0
9.86051 0
9.86625 0
9.87198 0
9.87772 0
9.88346 0
9.88919 0
9.89493 0
9.90066 0
9.9064 0
9.91214 0
9.91787 0
9.92361 0
9.92935 0
9.93508 0
9.94082 0
9.94655 0
9.95229 0
9.95803 0
9.96376 0
9.9695 0
9.97524 0
9.98097 0
9.98671 0
9.99244 0
9.99818 0
10.0039 0
10.0097 0
10.0154 0
10.0211 0
10.0269 0
10.0326 0
10.0383 0
10.0441 0
10.0498 0
10.0555 0
10.0613 0
10.067 0
10.0728 0
10.0785 0
10.0842 0
10.09 0
10.0957 0
10.1014 0
10.1072 0
10.1129 0
10.1186 0
10.1244 0
10.1301 0
10.1358 0
10.1416 0
10.1473 0
10.1531 0
10.1588 0
10.1645 0
10.1703 0
10.176 0
10.1817 0
10.1875 0
10.1932 0
10.1989 0
10.2047 0
10.2104 0
10.2162 0
10.2219 0
10.2276 0
10.2334 0
10.2391 0
10.2448 0
10.2506 0
10.2563 0
10.262 0
10.2678 0
10.2735 0
10.2793 0
10.285 0
10.2907 0
10.2965 0
10.3022 0
10.3079 0
10.3137 0
10.3194 0
10.3251 0
10.3309 0
10.3366 0
10.3424 0
10.3481 0
10.3538 0
10.3596 0
10.3653 0
10.371 0
10.3768 0
10.3825 0
10.3882 0
10.394 0
10.3997 0
10.4054 0
10.4112 0
10.4169 0
10.4227 0
10.4284 0
10.4341 0
10.4399 0
10.4456 0
10.4513 0
10.4571 0
10.4628 0
10.4685 0
10.4743 0
10.48 0
10.4858 0
10.4915 0
10.4972 0
10.503 0
10.5087 0
10.5144 0
10.5202 0
10.5259 0
10.5316 0
10.5374 0
10.5431 0
10.5489 0
10.5546 0
10.5603 0
10.5661 0
10.5718 0
10.5775 0
10.5833 0
10.589 0
10.5947 0
10.6005 0
10.6062 0
10.612 0
10.6177 0
10.6234 0
10.6292 0
10.6349 0
10.6406 0
10.6464 0
10.6521 0
10.6578 0
10.6636 0
10.6693 0
10.6751 0
10.6808 0
10.6865 0
10.6923 0
10.698 0
10.7037 0
10.7095 0
10.7152 0
10.7209 0
10.7267 0
10.7324 0
10.7381 0
10.7439 0
10.7496 0
10.7554 0
10.7611 0
10.7668 0
10.7726 0
10.7783 0
10.784 0
10.7898 0
10.7955 0
10.8012 0
10.807 0
10.8127 0
10.8185 0
10.8242 0
10.8299 0
10.8357 0
10.8414 0
10.8471 0
10.8529 0
10.8586 0
10.8643 0
10.8701 0
10.8758 0
10.8816 0
10.8873 0
10.893 0
10.8988 0
10.9045 0
10.9102 0
10.916 0
10.9217 0
10.9274 0
10.9332 0
10.9389 0
10.9447 0
10.9504 0
10.9561 0
10.9619 0
10.9676 0
10.9733 0
10.9791 0
10.9848 0
10.9905 0
10.9963 0
11.002 0
11.0077 0
11.0135 0
11.0192 0
11.025 0
11.0307 0
11.0364 0
11.0422 0
11.0479 0
11.0536 0
11.0594 0
11.0651 0
11.0708 0
11.0766 0
11.0823 0
11.0881 0
11.0938 0
11.0995 0
11.1053 0
11.111 0
11.1167 0
11.1225 0
11.1282 0
11.1339 0
11.1397 0
11.1454 0
11.1512 0
11.1569 0
11.1626 0
11.1684 0
11.1741 0
11.1798 0
11.1856 0
11.1913 0
11.197 0
11.2028 0
11.2085 0
11.2143 0
11.22 0
11.2257 0
11.2315 0
11.2372 0
11.2429 0
11.2487 0
11.2544 0
11.2601 0
11.2659 0
11.2716 0
11.2774 0
11.2831 0
11.2888 0
11.2946 0
11.3003 0
11.306 0
11.3118 0
11.3175 0
11.3232 0
11.329 0
11.3347 0
11.3404 0
11.3462 0
11.3519 0
11.3577 0
11.3634 0
11.3691 0
11.3749 0
11.3806 0
11.3863 0
11.3921 0
11.3978 0
11.4035 0
11.4093 0
11.415 0
11.4208 0
11.4265 0
11.4322 0
11.438 0
11.4437 0
11.4494 0
11.4552 0
11.4609 0
11.4666 0
11.4724 0
11.4781 0
11.4839 0
11.4896 0
11.4953 0
11.5011 0
11.5068 0
11.5125 0
11.5183 0
11.524 0
11.5297 0
11.5355 0
11.5412 0
11.547 0
11.5527 0
11.5584 0
11.5642 0
11.5699 0
11.5756 0
11.5814 0
11.5871 0
11.5928 0
11.5986 0
11.6043 0
11.61 0
11.6158 0
11.6215 0
11.6273 0
11.633 0
11.6387 0
11.6445 0
11.6502 0
11.6559 0
11.6617 0
11.6674 0
11.6731 0
11.6789 0
11.6846 0
11.6904 0
11.6961 0
11.7018 0
11.7076 0
11.7133 0
11.719 0
11.7248 0
11.7305 0
11.7362 0
11.742 0
