0 0
0.00573619 -9
0.0114724 0
0.0172086 -7.5
0.0229448 -15
0.028681 20.6667
0.0344171 18
0.0401533 14
0.0458895 2.4
0.0516257 -10.3333
0.0573619 17.6667
0.0630981 6.14286
0.0688343 1.57143
0.0745705 1.33333
0.0803067 -1.55556
0.0860429 8.66667
0.091779 6
0.0975152 -0.384615
0.103251 -6.77778
0.108988 -7.66667
0.114724 11.7
0.12046 9.18182
0.126196 -2.53333
0.131932 -9.625
0.137669 8.86667
0.143405 -0.230769
0.149141 5.46154
0.154877 5.0625
0.160613 4
0.16635 7.06667
0.172086 -3.5
0.177822 5.21053
0.183558 2.47059
0.189294 1.64286
0.19503 10.4286
0.200767 3.85714
0.206503 3.41176
0.212239 0.944444
0.217975 0
0.223711 -0.176471
0.229448 4.25
0.235184 11.3478
0.24092 1.68182
0.246656 5.66667
0.252392 5
0.258129 2.25926
0.263865 3.09524
0.269601 8.41667
0.275337 6.65517
0.281073 2.64
0.28681 -2.75
0.292546 5.56
0.298282 -3.68966
0.304018 1.33333
0.309754 4.6
0.31549 1.67742
0.321227 3.25926
0.326963 3.13333
0.332699 3.48387
0.338435 5.06061
0.344171 3.5
0.349908 1.77143
0.355644 0.942857
0.36138 0.774194
0.367116 6.67647
0.372852 0.727273
0.378589 2.78378
0.384325 7.59375
0.390061 7.58974
0.395797 8.53846
0.401533 6.88462
0.40727 6.88372
0.413006 11.9459
0.418742 7.375
0.424478 8.41177
0.430214 13.0444
0.43595 9.97561
0.441687 9.125
0.447423 15.0426
0.453159 14.5897
0.458895 11.7209
0.464631 13.5227
0.470368 13.8537
0.476104 14.5957
0.48184 14.8611
0.487576 16.4038
0.493312 15.0244
0.499049 13.45
0.504785 16.3158
0.510521 20.3556
0.516257 18.9767
0.521993 15.4545
0.52773 21.5849
0.533466 18.6889
0.539202 21.6458
0.544938 16.0784
0.550674 22.3654
0.55641 19.6042
0.562147 17.9608
0.567883 16.1754
0.573619 18.8667
0.579355 20.463
0.585091 15.2807
0.590828 15.7736
0.596564 15.5208
0.6023 15.8929
0.608036 13.8308
0.613772 20.8163
0.619509 18.5
0.625245 14.1864
0.630981 20.4727
0.636717 18.3103
0.642453 18.4386
0.64819 20.6349
0.653926 20.1346
0.659662 18.2308
0.665398 23.5312
0.671134 20.4561
0.67687 23.871
0.682607 22.1587
0.688343 22.8209
0.694079 22.8704
0.699815 21.2464
0.705551 27.9077
0.711288 22.1818
0.717024 21.5676
0.72276 22.8852
0.728496 23.2143
0.734232 21.8438
0.739969 22.1594
0.745705 24.7465
0.751441 21.0517
0.757177 20.5455
0.762913 22.3134
0.76865 25.1884
0.774386 25.4559
0.780122 22.4521
0.785858 22.2727
0.791594 20.65
0.79733 22.6829
0.803067 23.0435
0.808803 21.3857
0.814539 21.4444
0.820275 20.9155
0.826011 23.6623
0.831748 21.9306
0.837484 21.1529
0.84322 20.0571
0.848956 19.2778
0.854692 24.7529
0.860429 20.5185
0.866165 23.4521
0.871901 18.125
0.877637 20.5181
0.883373 19.8961
0.88911 19.1923
0.894846 18.1529
0.900582 24.6747
0.906318 21.6622
0.912054 21.1889
0.91779 20.6322
0.923527 18.7403
0.929263 22.6628
0.934999 23.0549
0.940735 19.9753
0.946471 21.75
0.952208 18.2353
0.957944 18.6774
0.96368 21.1923
0.969416 23.7895
0.975152 21.5556
0.980889 20.3412
0.986625 24.9302
0.992361 22.6
0.998097 20.0105
1.00383 22.05
1.00957 20.8788
1.01531 21.1134
1.02104 22.5357
1.02678 20.3125
1.03251 22.3407
1.03825 17.88
1.04399 20.3372
1.04972 22.2475
1.05546 21.1782
1.0612 23.2561
1.06693 19.9813
1.07267 21.2418
1.0784 19.4272
1.08414 19.3367
1.08988 19.46
1.09561 20.8095
1.10135 24.2442
1.10708 20.9727
1.11282 24.8316
1.11856 21.4796
1.12429 22.7333
1.13003 26.7905
1.13577 22.6857
1.1415 22.1373
1.14724 21.8349
1.15297 21.42
1.15871 21.86
1.16445 20.6609
1.17018 23
1.17592 19.2617
1.18166 19.6667
1.18739 18.5798
1.19313 19.055
1.19886 16.8835
1.2046 21.3478
1.21034 21.1963
1.21607 19.2182
1.22181 21.5273
1.22754 21.4786
1.23328 18.6636
1.23902 19.9911
1.24475 21.2941
1.25049 22.1193
1.25623 22.6019
1.26196 21.4188
1.2677 15.2339
1.27343 20.6036
1.27917 19.3729
1.28491 19.6695
1.29064 20.5133
1.29638 18.9655
1.30212 20.8034
1.30785 19.7227
1.31359 21.0086
1.31932 19.5906
1.32506 21.8319
1.3308 19.7586
1.33653 20.381
1.34227 16.084
1.348 18.5591
1.35374 19.6283
1.35948 20.04
1.36521 17.9771
1.37095 19.9091
1.37669 20.4604
1.38242 19.3607
1.38816 18.2748
1.39389 19.9237
1.39963 19.8258
1.40537 20.5581
1.4111 19.0446
1.41684 21.5385
1.42258 18.8148
1.42831 21.9091
1.43405 19.0385
1.43978 21.1778
1.44552 18.2681
1.45126 19.3559
1.45699 20.6099
1.46273 17.3106
1.46846 19.5397
1.4742 18.2168
1.47994 18.155
1.48567 19.4887
1.49141 20.5231
1.49715 18.6779
1.50288 20.1825
1.50862 20.0565
1.51435 20.8767
1.52009 19.7305
1.52583 15.8855
1.53156 21.237
1.5373 18.5986
1.54304 20.156
1.54877 17.9632
1.55451 19.3624
1.56024 19.5182
1.56598 20.4714
1.57172 18.766
1.57745 19.1284
1.58319 20.3404
1.58892 17.3451
1.59466 19.56
1.6004 19.3217
1.60613 18.6449
1.61187 20.6913
1.61761 19.1465
1.62334 21.6541
1.62908 18.9742
1.63481 18.0795
1.64055 20.14
1.64629 22.3493
1.65202 17.298
1.65776 16.894
1.6635 18.2336
1.66923 18.522
1.67497 17.2577
1.6807 20.3504
1.68644 19.5506
1.69218 19.6296
1.69791 20.2484
1.70365 18.0135
1.70938 20.141
1.71512 17.9018
1.72086 19.1397
1.72659 18.6994
1.73233 18.5871
1.73807 20.9739
1.7438 20.3012
1.74954 21.0566
1.75527 20.0061
1.76101 20.7721
1.76675 19.3702
1.77248 20.7683
1.77822 22.9116
1.78396 20.0833
1.78969 18.9427
1.79543 19.7399
1.80116 18.3949
1.8069 18.7076
1.81264 20.4012
1.81837 18.9333
1.82411 19.3278
1.82984 18.3727
1.83558 18.6242
1.84132 19.9636
1.84705 19.929
1.85279 20.4795
1.85853 19.7625
1.86426 19.7627
1.87 20.0523
1.87573 21.3625
1.88147 19.8475
1.88721 19.3953
1.89294 18.711
1.89868 20.1
1.90442 23.5805
1.91015 22.9882
1.91589 37.6905
1.92162 39.6043
1.92736 23.791
1.9331 26.1012
1.93883 26.6163
1.94457 24.7196
1.9503 22.7824
1.95604 22.3023
1.96178 22.3039
1.96751 24.1459
1.97325 22.2883
1.97899 21.9144
1.98472 19.8191
1.99046 19.7429
1.99619 20.989
2.00193 21.1579
2.00767 18.8588
2.0134 18.3256
2.01914 20.6649
2.02488 21.5393
2.03061 22.3898
2.03635 21.3085
2.04208 22.9135
2.04782 18.6436
2.05356 20.2634
2.05929 19.5414
2.06503 21.54
2.07076 19.6307
2.0765 21.2953
2.08224 20.5867
2.08797 20.474
2.09371 23.298
2.09945 22.4162
2.10518 18.804
2.11092 20.7166
2.11665 20.5641
2.12239 21.1401
2.12813 21.787
2.13386 22.0249
2.1396 22.4573
2.14534 20.5231
2.15107 21.9091
2.15681 21.2764
2.16254 20.8515
2.16828 22.4076
2.17402 21.5403
2.17975 20.39
2.18549 22.5556
2.19122 24.5347
2.19696 24.5693
2.2027 26.7024
2.20843 31.6461
2.21417 44.3302
2.21991 61.8404
2.22564 36.9399
2.23138 26.4834
2.23711 26.9227
2.24285 23.5577
2.24859 23.2344
2.25432 22.4475
2.26006 23.9029
2.2658 23.6183
2.27153 23.5628
2.27727 23.4123
2.283 22.8259
2.28874 23.3676
2.29448 24.045
2.30021 22.4455
2.30595 23.4091
2.31168 24.5602
2.31742 22.3237
2.32316 24.25
2.32889 26.0467
2.33463 25.4085
2.34037 26.6432
2.3461 27.1038
2.35184 27.8009
2.35757 30.0392
2.36331 28.514
2.36905 30.5438
2.37478 30.2928
2.38052 30.6636
2.38626 31.4141
2.39199 27.8803
2.39773 28.0773
2.40346 26.4155
2.4092 29.9552
2.41494 26.629
2.42067 24.6682
2.42641 26.4101
2.43214 23.5022
2.43788 23.3768
2.44362 22.3965
2.44935 24.4464
2.45509 22.2113
2.46083 24.8618
2.46656 23.5502
2.4723 25.9034
2.47803 24.1953
2.48377 22.708
2.48951 23.1453
2.49524 23.3394
2.50098 22.2545
2.50672 25.823
2.51245 23.4635
2.51819 24.125
2.52392 23.5378
2.52966 27.1255
2.5354 24.4259
2.54113 24.9917
2.54687 24.6623
2.5526 24.7331
2.55834 24.6892
2.56408 23.217
2.56981 24.8802
2.57555 23.7738
2.58129 23.6883
2.58702 25.364
2.59276 25.3128
2.59849 25.1864
2.60423 25.7119
2.60997 23.0539
2.6157 23.7202
2.62144 26.0781
2.62718 24.1574
2.63291 25.6025
2.63865 26.3562
2.64438 25.0041
2.65012 24.596
2.65586 26.4598
2.66159 25.0356
2.66733 23.8443
2.67306 24.217
2.6788 25.3984
2.68454 25.416
2.69027 25.9839
2.69601 27.6043
2.70175 27.7773
2.70748 29.1235
2.71322 26.6287
2.71895 26.046
2.72469 27.0494
2.73043 26.3071
2.73616 25.2292
2.7419 25.6537
2.74764 26.0751
2.75337 25.5887
2.75911 26.4639
2.76484 26.0913
2.77058 26.465
2.77632 28.8649
2.78205 24.6627
2.78779 26.4517
2.79352 28
2.79926 26.9812
2.805 27.49
2.81073 26.3347
2.81647 25.2963
2.82221 27.6502
2.82794 26.7817
2.83368 26.7667
2.83941 26.5704
2.84515 27.768
2.85089 28.1434
2.85662 28.0225
2.86236 27.916
2.8681 27.2073
2.87383 28.6868
2.87957 27.5288
2.8853 28.4618
2.89104 27.0456
2.89678 28.9547
2.90251 28.3793
2.90825 29.0984
2.91398 28.7883
2.91972 29.0722
2.92546 27.6911
2.93119 28.7623
2.93693 30.0108
2.94267 27.8931
2.9484 28.8113
2.95414 28.0272
2.95987 30.2842
2.96561 30.2923
2.97135 33.0854
2.97708 33.2163
2.98282 33.0717
2.98856 40.4036
2.99429 49.5786
3.00003 37.5688
3.00576 34.7833
3.0115 32.6912
3.01724 32.6955
3.02297 30.4847
3.02871 30.3094
3.03444 31.767
3.04018 30.554
3.04592 32.0515
3.05165 32.5627
3.05739 33.8799
3.06313 34.0389
3.06886 33.4696
3.0746 32.7544
3.08033 33.5761
3.08607 33.8972
3.09181 35.7717
3.09754 36.6228
3.10328 38.8008
3.10902 41.2534
3.11475 40.6814
3.12049 38.7985
3.12622 36.5658
3.13196 40.5552
3.1377 41.2367
3.14343 48.7214
3.14917 45.2076
3.1549 38.234
3.16064 35.7794
3.16638 36.6271
3.17211 37.4688
3.17785 35.3515
3.18359 36.0502
3.18932 37.3467
3.19506 35.936
3.20079 38.0483
3.20653 35.7166
3.21227 36.7782
3.218 38.3576
3.22374 38.6528
3.22948 39.2274
3.23521 41.3738
3.24095 40.829
3.24668 39.8159
3.25242 38.7767
3.25816 39.5634
3.26389 40.4323
3.26963 42.1438
3.27536 42.7492
3.2811 42.2463
3.28684 41.2281
3.29257 42.2557
3.29831 44.6464
3.30405 44.0128
3.30978 46.259
3.31552 48.0954
3.32125 48.9661
3.32699 51.4319
3.33273 49.3109
3.33846 50.8655
3.3442 52.5486
3.34994 52.2674
3.35567 52.392
3.36141 52.0379
3.36714 52.0641
3.37288 67.1824
3.37862 83.6007
3.38435 77.2677
3.39009 81.2357
3.39582 60.232
3.40156 49.3962
3.4073 49.8381
3.41303 48.0099
3.41877 50.2541
3.42451 51.4334
3.43024 51.1943
3.43598 49.901
3.44171 48.6426
3.44745 50.0519
3.45319 48.7649
3.45892 50.3548
3.46466 50.6287
3.4704 51.309
3.47613 51.0232
3.48187 52.7259
3.4876 51.3048
3.49334 52.0571
3.49908 54.2325
3.50481 54.0179
3.51055 54.1031
3.51628 57.1806
3.52202 58.3908
3.52776 60.3261
3.53349 65.8239
3.53923 74.6265
3.54497 84.4044
3.5507 94.0091
3.55644 88.2026
3.56217 76.6239
3.56791 69.0849
3.57365 63.8571
3.57938 62.038
3.58512 63.9938
3.59086 61.4586
3.59659 64.6883
3.60233 62.5452
3.60806 64.9667
3.6138 62.4349
3.61954 65.5552
3.62527 67.8434
3.63101 71.8069
3.63674 76.3293
3.64248 82.5
3.64822 88.257
3.65395 93.0719
3.65969 93.0029
3.66543 89.6817
3.67116 86.0596
3.6769 86.1548
3.68263 89.8376
3.68837 89.2381
3.69411 88.2375
3.69984 84.6261
3.70558 84.5606
3.71132 86.9488
3.71705 87.9739
3.72279 88.5394
3.72852 88.9881
3.73426 89.9433
3.74 92.6433
3.74573 94.1551
3.75147 93.5983
3.7572 97.8418
3.76294 100.325
3.76868 99.9571
3.77441 105.051
3.78015 106.908
3.78589 110.082
3.79162 116.472
3.79736 122.744
3.80309 126.979
3.80883 132.809
3.81457 144.073
3.8203 154.166
3.82604 170.064
3.83178 199.224
3.83751 276.989
3.84325 506.452
3.84898 989.261
3.85472 1400.21
3.86046 784.082
3.86619 583.946
3.87193 648.869
3.87766 813.599
3.8834 1063.13
3.88914 1363.31
3.89487 1621.23
3.90061 1541.85
3.90635 1261.62
3.91208 968.069
3.91782 691.799
3.92355 519.674
3.92929 403.562
3.93503 323.959
3.94076 267.584
3.9465 229.977
3.95224 202.981
3.95797 185.218
3.96371 167.56
3.96944 160.036
3.97518 151.431
3.98092 142.535
3.98665 136.149
3.99239 132.659
3.99812 127.032
4.00386 123.08
4.0096 121.553
4.01533 117.945
4.02107 115.071
4.02681 113.483
4.03254 113.906
4.03828 112.734
4.04401 112.477
4.04975 109.614
4.05549 107.71
4.06122 104.512
4.06696 104.307
4.0727 102.616
4.07843 100.868
4.08417 101.71
4.0899 100.354
4.09564 100.351
4.10138 98.7031
4.10711 96.6364
4.11285 95.9133
4.11858 97.7222
4.12432 96.4763
4.13006 97.7228
4.13579 96.7766
4.14153 95.9651
4.14727 96.9948
4.153 98.231
4.15874 93.9632
4.16447 96.5969
4.17021 94.5766
4.17595 94.4289
4.18168 95.3627
4.18742 95.6873
4.19316 96.7677
4.19889 97.2816
4.20463 99.6773
4.21036 99.8641
4.2161 97.3926
4.22184 97.1318
4.22757 96.9813
4.23331 96.9876
4.23904 97.1448
4.24478 97.597
4.25052 98.4657
4.25625 100.501
4.26199 98.9875
4.26773 98.1586
4.27346 101.303
4.2792 101.76
4.28493 101.63
4.29067 102.29
4.29641 105.323
4.30214 105.442
4.30788 107.723
4.31362 107.453
4.31935 111.319
4.32509 115.125
4.33082 115.283
4.33656 119.197
4.3423 120.022
4.34803 124.774
4.35377 129.472
4.3595 132.53
4.36524 137.29
4.37098 141.331
4.37671 148.974
4.38245 152.614
4.38819 160.714
4.39392 173.53
4.39966 177.933
4.40539 194.295
4.41113 210.829
4.41687 232.054
4.4226 276.185
4.42834 355.744
4.43408 593.648
4.43981 1414.16
4.44555 3052.61
4.45128 12531.3
4.45702 15644.9
4.46276 6481.44
4.46849 2244.11
4.47423 1173.41
4.47996 697
4.4857 585.606
4.49144 550.24
4.49717 512.081
4.50291 516.161
4.50865 481.014
4.51438 438.56
4.52012 382.839
4.52585 329.554
4.53159 282.056
4.53733 244.461
4.54306 213.451
4.5488 188.3
4.55454 172.015
4.56027 156.272
4.56601 142.526
4.57174 136.305
4.57748 125.016
4.58322 117.222
4.58895 113.687
4.59469 109.052
4.60042 105.05
4.60616 101.645
4.6119 100.609
4.61763 95.1667
4.62337 96.6097
4.62911 93.6609
4.63484 92.8259
4.64058 88.9044
4.64631 85.9106
4.65205 83.8139
4.65779 82.352
4.66352 80.363
4.66926 78.5966
4.675 78.3005
4.68073 79.9357
4.68647 77.5308
4.6922 77.2252
4.69794 77.0045
4.70368 75.9176
4.70941 77.1889
4.71515 76.9167
4.72088 77.4478
4.72662 78.614
4.73236 77.8545
4.73809 77.3524
4.74383 77.0335
4.74957 76.7234
4.7553 74.4978
4.76104 73.009
4.76677 72.6028
4.77251 70.7959
4.77825 69.6698
4.78398 68.2756
4.78972 66.9019
4.79546 65.8467
4.80119 66.3056
4.80693 66.0046
4.81266 65.1264
4.8184 64.0529
4.82414 63.8326
4.82987 64.6213
4.83561 61.4328
4.84134 63.7761
4.84708 66.1281
4.85282 69.0812
4.85855 66.0705
4.86429 63.6948
4.87003 62.0854
4.87576 59.8178
4.8815 60.2786
4.88723 59.3621
4.89297 59.5639
4.89871 57.9309
4.90444 59.6076
4.91018 60.0526
4.91592 58.8142
4.92165 58.9978
4.92739 58.8493
4.93312 58.7348
4.93886 59.6608
4.9446 57.3241
4.95033 57.226
4.95607 55.1648
4.9618 58.2344
4.96754 59.1193
4.97328 58.324
4.97901 66.5406
4.98475 60.1145
4.99049 57.0297
4.99622 55.5478
5.00196 56.5911
5.00769 55.7384
5.01343 55.2362
5.01917 56.556
5.0249 55.2141
5.03064 55.0108
5.03638 55.0238
5.04211 55.6152
5.04785 56.0605
5.05358 53.9295
5.05932 55.0821
5.06506 54.2659
5.07079 55.0794
5.07653 53.4841
5.08226 54.886
5.088 54.1832
5.09374 55.0928
5.09947 54.7196
5.10521 53.1469
5.11095 53.3654
5.11668 55.4864
5.12242 53.2851
5.12815 54.5839
5.13389 54.501
5.13963 55.181
5.14536 55.0257
5.1511 54.1282
5.15684 54.8197
5.16257 53.6283
5.16831 54.5605
5.17404 55.4101
5.17978 54.3206
5.18552 55.1828
5.19125 54.0683
5.19699 55.0451
5.20272 54.1816
5.20846 54.1554
5.2142 53.7923
5.21993 54.4444
5.22567 54.3169
5.23141 54.118
5.23714 56.0106
5.24288 54.7783
5.24861 56.7352
5.25435 53.0871
5.26009 55.3693
5.26582 55.6823
5.27156 54.8712
5.2773 54.5
5.28303 55.8382
5.28877 56.1935
5.2945 55.8102
5.30024 56.3451
5.30598 56.2162
5.31171 55.9158
5.31745 56.6079
5.32318 56.0063
5.32892 55.6349
5.33466 55.8814
5.34039 55.3904
5.34613 55.8784
5.35187 56.6647
5.3576 55.5288
5.36334 55.6892
5.36907 54.4739
5.37481 57.2863
5.38055 55.5592
5.38628 58.4592
5.39202 62.6166
5.39776 64.6431
5.40349 63.9061
5.40923 60.6142
5.41496 57.6998
5.4207 58.0811
5.42644 55.9183
5.43217 56.2008
5.43791 56.7677
5.44364 56.8482
5.44938 57.8532
5.45512 59.3996
5.46085 58.588
5.46659 56.8966
5.47233 55.4436
5.47806 57.0752
5.4838 56.3475
5.48953 56.498
5.49527 57.4086
5.50101 55.3899
5.50674 56.1936
5.51248 57.165
5.51822 56.4228
5.52395 56.4431
5.52969 56.8871
5.53542 56.3043
5.54116 57.9726
5.5469 56.7682
5.55263 57.0333
5.55837 56.7439
5.5641 57.0076
5.56984 56.9583
5.57558 58.1816
5.58131 56.9663
5.58705 58.563
5.59279 58.2235
5.59852 57.8193
5.60426 57.9945
5.60999 57.7447
5.61573 58.7843
5.62147 58.4205
5.6272 59.8424
5.63294 58.8173
5.63868 58.5318
5.64441 58.6367
5.65015 60.6925
5.65588 58.1223
5.66162 60.1194
5.66736 60.2066
5.67309 59.4661
5.67883 59.2595
5.68456 61.3522
5.6903 61.6248
5.69604 60.9783
5.70177 60.8628
5.70751 61.7043
5.71325 62.9094
5.71898 63.5048
5.72472 62.6405
5.73045 61.4118
5.73619 63.9209
5.74193 62.8648
5.74766 63.3346
5.7534 63.8946
5.75914 65.2249
5.76487 64.8371
5.77061 65.9231
5.77634 66.8615
5.78208 69.3478
5.78782 67.9392
5.79355 67.1647
5.79929 67.9222
5.80502 67.2083
5.81076 68.296
5.8165 67.4038
5.82223 66.0726
5.82797 67.1268
5.83371 68.289
5.83944 67.9282
5.84518 70.0476
5.85091 68.3645
5.85665 69.1354
5.86239 68.8047
5.86812 68.8064
5.87386 69.6985
5.8796 69.3808
5.88533 70.3339
5.89107 68.7623
5.8968 70.3475
5.90254 69.9467
5.90828 71.5644
5.91401 73.4552
5.91975 72.271
5.92548 74.3054
5.93122 74.597
5.93696 75.6735
5.94269 79.9182
5.94843 76.7663
5.95417 82.4143
5.9599 75.9435
5.96564 77.1952
5.97137 77.4561
5.97711 79.8686
5.98285 79.2134
5.98858 80.9398
5.99432 82.8986
6.00006 82.5411
6.00579 85.1715
6.01153 86.3863
6.01726 87.7457
6.023 89.9167
6.02874 87.3645
6.03447 86.118
6.04021 86.6977
6.04594 87.3483
6.05168 87.3853
6.05742 88.663
6.06315 89.434
6.06889 90.4075
6.07463 91.6716
6.08036 91.552
6.0861 92.7309
6.09183 96.0372
6.09757 96.4787
6.10331 96.7982
6.10904 98.4271
6.11478 100.316
6.12052 101.254
6.12625 102.103
6.13199 103.691
6.13772 105.691
6.14346 104.546
6.1492 108
6.15493 111.673
6.16067 112.207
6.1664 115.278
6.17214 115.993
6.17788 121.979
6.18361 122.266
6.18935 125.991
6.19509 130.013
6.20082 132.016
6.20656 139.202
6.21229 143.854
6.21803 152.719
6.22377 155.136
6.2295 161.295
6.23524 171.158
6.24098 173.878
6.24671 179.117
6.25245 195.986
6.25818 206.818
6.26392 223.462
6.26966 260.535
6.27539 351.604
6.28113 459.101
6.28686 1246.33
6.2926 3155.43
6.29834 6920.32
6.30407 6832.46
6.30981 9192.61
6.31555 2747.6
6.32128 1504.59
6.32702 676.669
6.33275 461.298
6.33849 412.844
6.34423 351.434
6.34996 349.003
6.3557 358.723
6.36144 372.609
6.36717 405.393
6.37291 437.585
6.37864 440.072
6.38438 411.973
6.39012 371.908
6.39585 333.972
6.40159 293.461
6.40732 257.341
6.41306 228.626
6.4188 207.968
6.42453 188.778
6.43027 178.819
6.43601 168.628
6.44174 161.019
6.44748 156.034
6.45321 149.557
6.45895 149.489
6.46469 145.832
6.47042 141.73
6.47616 142.704
6.4819 135.846
6.48763 131.709
6.49337 129.56
6.4991 125.503
6.50484 122.083
6.51058 119.981
6.51631 121.342
6.52205 118.235
6.52778 117.518
6.53352 116.714
6.53926 115.177
6.54499 114.667
6.55073 113.211
6.55647 113.706
6.5622 113.855
6.56794 113.771
6.57367 113.647
6.57941 111.742
6.58515 110.842
6.59088 111.513
6.59662 107.786
6.60236 107.288
6.60809 106.957
6.61383 105.894
6.61956 104.57
6.6253 103.699
6.63104 104.497
6.63677 104.165
6.64251 104.367
6.64824 103.23
6.65398 103.973
6.65972 104.313
6.66545 103.297
6.67119 102.929
6.67693 103.436
6.68266 103.875
6.6884 103.844
6.69413 104.653
6.69987 102.688
6.70561 103.019
6.71134 101.642
6.71708 103.118
6.72282 101.651
6.72855 100.505
6.73429 101.847
6.74002 101.387
6.74576 100.713
6.7515 100.96
6.75723 101.396
6.76297 99.8151
6.7687 98.5363
6.77444 98.0081
6.78018 98.5066
6.78591 98.2283
6.79165 98.263
6.79739 98.7303
6.80312 100.419
6.80886 97.9682
6.81459 99.6865
6.82033 99.7896
6.82607 100.244
6.8318 98.5699
6.83754 97.371
6.84328 97.2769
6.84901 99.21
6.85475 98.1487
6.86048 98.6279
6.86622 97.521
6.87196 97.7738
6.87769 98.1314
6.88343 97.4969
6.88916 97.7554
6.8949 97.7899
6.90064 95.8802
6.90637 97.929
6.91211 97.557
6.91785 98.3823
6.92358 98.3652
6.92932 98.5957
6.93505 100.35
6.94079 98.2595
6.94653 98.263
6.95226 98.1513
6.958 98.9717
6.96374 98.4195
6.96947 96.4203
6.97521 98.4631
6.98094 97.6572
6.98668 99.039
6.99242 97.6065
6.99815 98.1909
7.00389 98.5854
7.00962 99.1167
7.01536 98.7293
7.0211 98.7261
7.02683 99.7198
7.03257 99.7106
7.03831 98.9225
7.04404 99.145
7.04978 100.353
7.05551 101.427
7.06125 99.912
7.06699 100.998
7.07272 99.6142
7.07846 101.537
7.0842 101.58
7.08993 101.66
7.09567 102.86
7.1014 103.988
7.10714 105.457
7.11288 105.583
7.11861 104.902
7.12435 105.282
7.13008 104.783
7.13582 104.755
7.14156 105.384
7.14729 107.117
7.15303 105.025
7.15877 105.255
7.1645 106.247
7.17024 105.117
7.17597 106.403
7.18171 106.29
7.18745 106.846
7.19318 107.109
7.19892 108.061
7.20466 109.522
7.21039 109.314
7.21613 110.086
7.22186 110.85
7.2276 110.325
7.23334 111.446
7.23907 111.89
7.24481 112.352
7.25054 112.555
7.25628 114.687
7.26202 114.436
7.26775 114.826
7.27349 116.111
7.27923 116.183
7.28496 116.31
7.2907 118.758
7.29643 119.358
7.30217 118.758
7.30791 120.89
7.31364 121.421
7.31938 122.471
7.32512 125.684
7.33085 125.457
7.33659 127.44
7.34232 128.159
7.34806 130.964
7.3538 133.26
7.35953 132.521
7.36527 142.435
7.371 155.163
7.37674 219.598
7.38248 196.318
7.38821 567.066
7.39395 538.604
7.39969 673.363
7.40542 1123.03
7.41116 563.336
7.41689 355.595
7.42263 262.031
7.42837 233.039
7.4341 221.984
7.43984 219.786
7.44558 229.426
7.45131 245.313
7.45705 267.542
7.46278 296.202
7.46852 336.728
7.47426 370.973
7.47999 389.367
7.48573 381.959
7.49146 350.049
7.4972 310.538
7.50294 275.052
7.50867 243.474
7.51441 215.863
7.52015 193.42
7.52588 176.262
7.53162 163.163
7.53735 152.044
7.54309 143.291
7.54883 138.855
7.55456 133.504
7.5603 127.965
7.56604 125.767
7.57177 120.433
7.57751 119.293
7.58324 114.912
7.58898 113.713
7.59472 113.022
7.60045 111.183
7.60619 109.828
7.61192 107.693
7.61766 107.376
7.6234 106.954
7.62913 107.685
7.63487 105.231
7.64061 104.657
7.64634 103.754
7.65208 102.784
7.65781 104.319
7.66355 102.736
7.66929 102.556
7.67502 103.371
7.68076 102.081
7.6865 102.475
7.69223 103.47
7.69797 104.335
7.7037 105.477
7.70944 107.834
7.71518 123.547
7.72091 141.355
7.72665 239.479
7.73238 393.505
7.73812 161.017
7.74386 151.306
7.74959 125.035
7.75533 117.103
7.76107 116.873
7.7668 118.51
7.77254 123.449
7.77827 128.568
7.78401 135.408
7.78975 146.225
7.79548 158.93
7.80122 173.112
7.80696 182.336
7.81269 189.416
7.81843 183.23
7.82416 169.831
7.8299 156.418
7.83564 141.211
7.84137 130.155
7.84711 121.809
7.85284 114.943
7.85858 107.429
7.86432 102.643
7.87005 98.841
7.87579 97.0909
7.88153 94.2418
7.88726 91.7751
7.893 92.4237
7.89873 90.4035
7.90447 90.1695
7.91021 93.5834
7.91594 92.5786
7.92168 101.249
7.92742 95.1057
7.93315 86.2049
7.93889 84.3089
7.94462 85.6324
7.95036 84.2395
7.9561 83.2167
7.96183 83.8365
7.96757 86.37
7.9733 85.3602
7.97904 86.7474
7.98478 83.6301
7.99051 81.6811
7.99625 81.9449
8.00199 81.9917
8.00772 79.3045
8.01346 80.8153
8.01919 79.984
8.02493 79.5166
8.03067 80.1018
8.0364 79.6522
8.04214 78.5146
8.04788 79.4272
8.05361 79.5414
8.05935 78.1839
8.06508 77.9879
8.07082 78.2105
8.07656 77.2351
8.08229 79.7687
8.08803 77.9972
8.09376 77.954
8.0995 76.7766
8.10524 76.2877
8.11097 75.1176
8.11671 72.6601
8.12245 71.6337
8.12818 71.1542
8.13392 69.7239
8.13965 69.5249
8.14539 67.2913
8.15113 68.1727
8.15686 63.4716
8.1626 65.4465
8.16834 67.0437
8.17407 67.1297
8.17981 67.0061
8.18554 67.3575
8.19128 68.5365
8.19702 68.447
8.20275 68.168
8.20849 68.8518
8.21422 69.1199
8.21996 67.56
8.2257 67.4817
8.23143 67.2356
8.23717 66.8366
8.24291 68.2412
8.24864 68.1841
8.25438 67.4057
8.26011 67.8801
8.26585 68.5126
8.27159 67.9171
8.27732 68.4549
8.28306 66.4046
8.2888 67.114
8.29453 65.9796
8.30027 66.5954
8.306 67.0082
8.31174 67.3474
8.31748 67.2817
8.32321 67.0796
8.32895 65.5498
8.33468 66.2612
8.34042 66.5501
8.34616 66.3254
8.35189 65.5385
8.35763 65.6053
8.36337 66.8425
8.3691 66.5197
8.37484 67
8.38057 65.3714
8.38631 65.5509
8.39205 65.8619
8.39778 66.2426
8.40352 66.7442
8.40926 66.4853
8.41499 65.8927
8.42073 66.8476
8.42646 67.1837
8.4322 68.6481
8.43794 69.7766
8.44367 68.7232
8.44941 67.0363
8.45514 65.5405
8.46088 65.5115
8.46662 65.2403
8.47235 64.1796
8.47809 65.7074
8.48383 64.8056
8.48956 65.064
8.4953 65.4571
8.50103 64.8132
8.50677 64.672
8.51251 65.4749
8.51824 64.6325
8.52398 63.8761
8.52972 64.2387
8.53545 65.1739
8.54119 64.8889
8.54692 64.7576
8.55266 65.3673
8.5584 64.6238
8.56413 63.756
8.56987 64.0578
8.5756 65.466
8.58134 62.4799
8.58708 63.3098
8.59281 64.5377
8.59855 63.3546
8.60429 65.215
8.61002 62.1968
8.61576 63.4594
8.62149 63.9614
8.62723 63.932
8.63297 64.3956
8.6387 62.4816
8.64444 62.5904
8.65018 65.4536
8.65591 63.6888
8.66165 58.4943
8.66738 64.331
8.67312 64.4465
8.67886 66.2917
8.68459 64.191
8.69033 62.8606
8.69606 63.5455
8.7018 63.5117
8.70754 63.468
8.71327 63.8697
8.71901 63.4206
8.72475 64.5969
8.73048 63.0323
8.73622 64.6724
8.74195 63.8992
8.74769 64.589
8.75343 65.9615
8.75916 64.5297
8.7649 63.5367
8.77064 63.7119
8.77637 64.1741
8.78211 61.7982
8.78784 64.5721
8.79358 61.5764
8.79932 62.8991
8.80505 65.0188
8.81079 63.8621
8.81652 64.1232
8.82226 62.4249
8.828 64.7361
8.83373 64.2439
8.83947 62.7647
8.84521 63.4049
8.85094 62.9628
8.85668 63.3128
8.86241 63.7436
8.86815 63.8908
8.87389 64.6872
8.87962 63.1618
8.88536 64.442
8.8911 65.615
8.89683 63.9568
8.90257 67.3224
8.9083 63.8786
8.91404 62.9437
8.91978 69.88
8.92551 73.8981
8.93125 79.3293
8.93698 103.767
8.94272 88.1678
8.94846 84.2061
8.95419 70.6376
8.95993 69.5946
8.96567 67.5404
8.9714 69.2677
8.97714 67.962
8.98287 67.8252
8.98861 70.3111
8.99435 73.8276
9.00008 69.9402
9.00582 72.8355
9.01156 77.6718
9.01729 76.0081
9.02303 79.2071
9.02876 79.3419
9.0345 74.5122
9.04024 75.2171
9.04597 77.2308
9.05171 74.7638
9.05744 73.9421
9.06318 74.5243
9.06892 72
9.07465 70.8542
9.08039 66
9.08613 66.3925
9.09186 68.4375
9.0976 64.7788
9.10333 66.1875
9.10907 65.7653
9.11481 63.2708
9.12054 64.3636
9.12628 62
9.13202 63.1098
9.13775 65.8152
9.14349 63.9286
9.14922 65.0854
9.15496 63.6951
9.1607 65.5946
9.16643 59.3625
9.17217 60.8904
9.1779 60.9211
9.18364 60.7857
9.18938 59.7794
9.19511 56.7059
9.20085 62.1111
9.20659 58.5385
9.21232 60.2167
9.21806 54.8033
9.22379 60.6545
9.22953 54.6
9.23527 58.1321
9.241 57
9.24674 56.7143
9.25248 56.2766
9.25821 55.8
9.26395 57.3182
9.26968 51.5349
9.27542 53.7436
9.28116 50.325
9.28689 52.7429
9.29263 42.5455
9.29836 51.4545
9.3041 44.3636
9.30984 49.1071
9.31557 41.2222
9.32131 38.7407
9.32705 36.35
9.33278 38.4348
9.33852 30.3158
9.34425 39.4444
9.34999 32
9.35573 31.4286
9.36146 28.1818
9.3672 22.8182
9.37294 34.875
9.37867 23
9.38441 10.3333
9.39014 16.75
9.39588 0
9.40162 0
9.40735 0
9.41309 0
9.41882 0
9.42456 0
9.4303 0
9.43603 0
9.44177 0
9.44751 0
9.45324 0
9.45898 0
9.46471 0
9.47045 0
9.47619 0
9.48192 0
9.48766 0
9.4934 0
9.49913 0
9.50487 0
9.5106 0
9.51634 0
9.52208 0
9.52781 0
9.53355 0
9.53928 0
9.54502 0
9.55076 0
9.55649 0
9.56223 0
9.56797 0
9.5737 0
9.57944 0
9.58517 0
9.59091 0
9.59665 0
9.60238 0
9.60812 0
9.61386 0
9.61959 0
9.62533 0
9.63106 0
9.6368 0
9.64254 0
9.64827 0
9.65401 0
9.65974 0
9.66548 0
9.67122 0
9.67695 0
9.68269 0
9.68843 0
9.69416 0
9.6999 0
9.70563 0
9.71137 0
9.71711 0
9.72284 0
9.72858 0
9.73432 0
9.74005 0
9.74579 0
9.75152 0
9.75726 0
9.763 0
9.76873 0
9.77447 0
9.7802 0
9.78594 0
9.79168 0
9.79741 0
9.80315 0
9.80889 0
9.81462 0
9.82036 0
9.82609 0
9.83183 0
9.83757 0
9.8433 0
9.84904 0
9.85478 0
9.86051 0
9.86625 0
9.87198 0
9.87772 0
9.88346 0
9.88919 0
9.89493 0
9.90066 0
9.9064 0
9.91214 0
9.91787 0
9.92361 0
9.92935 0
9.93508 0
9.94082 0
9.94655 0
9.95229 0
9.95803 0
9.96376 0
9.9695 0
9.97524 0
9.98097 0
9.98671 0
9.99244 0
9.99818 0
10.0039 0
10.0097 0
10.0154 0
10.0211 0
10.0269 0
10.0326 0
10.0383 0
10.0441 0
10.0498 0
10.0555 0
10.0613 0
10.067 0
10.0728 0
10.0785 0
10.0842 0
10.09 0
10.0957 0
10.1014 0
10.1072 0
10.1129 0
10.1186 0
10.1244 0
10.1301 0
10.1358 0
10.1416 0
10.1473 0
10.1531 0
10.1588 0
10.1645 0
10.1703 0
10.176 0
10.1817 0
10.1875 0
10.1932 0
10.1989 0
10.2047 0
10.2104 0
10.2162 0
10.2219 0
10.2276 0
10.2334 0
10.2391 0
10.2448 0
10.2506 0
10.2563 0
10.262 0
10.2678 0
10.2735 0
10.2793 0
10.285 0
10.2907 0
10.2965 0
10.3022 0
10.3079 0
10.3137 0
10.3194 0
10.3251 0
10.3309 0
10.3366 0
10.3424 0
10.3481 0
10.3538 0
10.3596 0
10.3653 0
10.371 0
10.3768 0
10.3825 0
10.3882 0
10.394 0
10.3997 0
10.4054 0
10.4112 0
10.4169 0
10.4227 0
10.4284 0
10.4341 0
10.4399 0
10.4456 0
10.4513 0
10.4571 0
10.4628 0
10.4685 0
10.4743 0
10.48 0
10.4858 0
10.4915 0
10.4972 0
10.503 0
10.5087 0
10.5144 0
10.5202 0
10.5259 0
10.5316 0
10.5374 0
10.5431 0
10.5489 0
10.5546 0
10.5603 0
10.5661 0
10.5718 0
10.5775 0
10.5833 0
10.589 0
10.5947 0
10.6005 0
10.6062 0
10.612 0
10.6177 0
10.6234 0
10.6292 0
10.6349 0
10.6406 0
10.6464 0
10.6521 0
10.6578 0
10.6636 0
10.6693 0
10.6751 0
10.6808 0
10.6865 0
10.6923 0
10.698 0
10.7037 0
10.7095 0
10.7152 0
10.7209 0
10.7267 0
10.7324 0
10.7381 0
10.7439 0
10.7496 0
10.7554 0
10.7611 0
10.7668 0
10.7726 0
10.7783 0
10.784 0
10.7898 0
10.7955 0
10.8012 0
10.807 0
10.8127 0
10.8185 0
10.8242 0
10.8299 0
10.8357 0
10.8414 0
10.8471 0
10.8529 0
10.8586 0
10.8643 0
10.8701 0
10.8758 0
10.8816 0
10.8873 0
10.893 0
10.8988 0
10.9045 0
10.9102 0
10.916 0
10.9217 0
10.9274 0
10.9332 0
10.9389 0
10.9447 0
10.9504 0
10.9561 0
10.9619 0
10.9676 0
10.9733 0
10.9791 0
10.9848 0
10.9905 0
10.9963 0
11.002 0
11.0077 0
11.0135 0
11.0192 0
11.025 0
11.0307 0
11.0364 0
11.0422 0
11.0479 0
11.0536 0
11.0594 0
11.0651 0
11.0708 0
11.0766 0
11.0823 0
11.0881 0
11.0938 0
11.0995 0
11.1053 0
11.111 0
11.1167 0
11.1225 0
11.1282 0
11.1339 0
11.1397 0
11.1454 0
11.1512 0
11.1569 0
11.1626 0
11.1684 0
11.1741 0
11.1798 0
11.1856 0
11.1913 0
11.197 0
11.2028 0
11.2085 0
11.2143 0
11.22 0
11.2257 0
11.2315 0
11.2372 0
11.2429 0
11.2487 0
11.2544 0
11.2601 0
11.2659 0
11.2716 0
11.2774 0
11.2831 0
11.2888 0
11.2946 0
11.3003 0
11.306 0
11.3118 0
11.3175 0
11.3232 0
11.329 0
11.3347 0
11.3404 0
11.3462 0
11.3519 0
11.3577 0
11.3634 0
11.3691 0
11.3749 0
11.3806 0
11.3863 0
11.3921 0
11.3978 0
11.4035 0
11.4093 0
11.415 0
11.4208 0
11.4265 0
11.4322 0
11.438 0
11.4437 0
11.4494 0
11.4552 0
11.4609 0
11.4666 0
11.4724 0
11.4781 0
11.4839 0
11.4896 0
11.4953 0
11.5011 0
11.5068 0
11.5125 0
11.5183 0
11.524 0
11.5297 0
11.5355 0
11.5412 0
11.547 0
11.5527 0
11.5584 0
11.5642 0
11.5699 0
11.5756 0
11.5814 0
11.5871 0
11.5928 0
11.5986 0
11.6043 0
11.61 0
11.6158 0
11.6215 0
11.6273 0
11.633 0
11.6387 0
11.6445 0
11.6502 0
11.6559 0
11.6617 0
11.6674 0
11.6731 0
11.6789 0
11.6846 0
11.6904 0
11.6961 0
11.7018 0
11.7076 0
11.7133 0
11.719 0
11.7248 0
11.7305 0
11.7362 0
11.742 0
