0 0
0.00573619 31
0.0114724 9
0.0172086 -4
0.0229448 3.33333
0.028681 18
0.0344171 20.5
0.0401533 5.4
0.0458895 -3.6
0.0516257 -0.666667
0.0573619 8.16667
0.0630981 3.42857
0.0688343 3.57143
0.0745705 0.166667
0.0803067 2.22222
0.0860429 -2.44444
0.091779 -3
0.0975152 5
0.103251 6.66667
0.108988 -12.8889
0.114724 1.1
0.12046 -2.27273
0.126196 -3.46667
0.131932 1.625
0.137669 -1.2
0.143405 7.23077
0.149141 -0.769231
0.154877 -1.875
0.160613 -3.53333
0.16635 2
0.172086 2.08333
0.177822 8.1579
0.183558 13.8824
0.189294 -2.92857
0.19503 4.33333
0.200767 0.285714
0.206503 1.41176
0.212239 -1.55556
0.217975 1.85714
0.223711 6.23529
0.229448 5.04167
0.235184 1.73913
0.24092 2.22727
0.246656 4.88889
0.252392 -0.76
0.258129 -0.925926
0.263865 5.95238
0.269601 2.25
0.275337 7.65517
0.281073 1.24
0.28681 0.166667
0.292546 5.72
0.298282 0.758621
0.304018 -3.44444
0.309754 -0.7
0.31549 -4.67742
0.321227 3.2963
0.326963 -1.86667
0.332699 0.677419
0.338435 -5.15152
0.344171 5.875
0.349908 -2.65714
0.355644 1.94286
0.36138 2.54839
0.367116 0.470588
0.372852 2.06061
0.378589 5.83784
0.384325 -0.59375
0.390061 4.92308
0.395797 6.48718
0.401533 10.2308
0.40727 4.60465
0.413006 3.7027
0.418742 4.025
0.424478 5.55882
0.430214 12.3778
0.43595 12.2683
0.441687 11.0625
0.447423 7.44681
0.453159 5.79487
0.458895 8.74419
0.464631 7.70455
0.470368 9.14634
0.476104 7.42553
0.48184 10.1944
0.487576 9.69231
0.493312 10.1463
0.499049 11.575
0.504785 11.4737
0.510521 9.37778
0.516257 15.2791
0.521993 12.2045
0.52773 14.4151
0.533466 15.1556
0.539202 15.125
0.544938 13.0784
0.550674 11.75
0.55641 9.70833
0.562147 15.9412
0.567883 15.1228
0.573619 8.15556
0.579355 12.2593
0.585091 8.85965
0.590828 11.3774
0.596564 8.375
0.6023 9.85714
0.608036 11.8615
0.613772 12.4286
0.619509 13.4655
0.625245 13.678
0.630981 11.5273
0.636717 12.3793
0.642453 16.2632
0.64819 16.6825
0.653926 15.3846
0.659662 19.4
0.665398 13.5781
0.671134 16.6491
0.67687 14.8226
0.682607 14.7143
0.688343 15.9701
0.694079 15.1852
0.699815 16.6812
0.705551 14.2923
0.711288 12.3273
0.717024 15.2703
0.72276 14.9836
0.728496 17.1143
0.734232 20.6562
0.739969 14.8551
0.745705 17.2113
0.751441 18.8621
0.757177 15.8442
0.762913 18.8657
0.76865 21.4493
0.774386 22.2941
0.780122 13.4521
0.785858 18.9221
0.791594 16.1
0.79733 13.9756
0.803067 16.6522
0.808803 16.3
0.814539 17.0988
0.820275 19.169
0.826011 15.7013
0.831748 16.3889
0.837484 18.3059
0.84322 17.8286
0.848956 19.4722
0.854692 14.8471
0.860429 15.9753
0.866165 13.2603
0.871901 16.8625
0.877637 16.506
0.883373 17.026
0.88911 18.4744
0.894846 15.0824
0.900582 17.012
0.906318 19.4459
0.912054 17.1778
0.91779 16.908
0.923527 18.8312
0.929263 15.7209
0.934999 17.1758
0.940735 11.8519
0.946471 16.4762
0.952208 17.1412
0.957944 20
0.96368 16.7692
0.969416 17.0421
0.975152 16.3556
0.980889 13.7176
0.986625 15.2791
0.992361 15.9474
0.998097 16.6316
1.00383 13.8625
1.00957 13.5455
1.01531 16.0515
1.02104 13.9167
1.02678 15.9271
1.03251 17.978
1.03825 17.25
1.04399 17.3605
1.04972 14.6337
1.05546 17.4158
1.0612 15.5122
1.06693 17.6822
1.07267 15.7143
1.0784 14.835
1.08414 16.4082
1.08988 17.15
1.09561 15.7143
1.10135 14.2558
1.10708 13.6273
1.11282 16.9895
1.11856 16.0816
1.12429 14.6381
1.13003 19.2857
1.13577 17.5619
1.1415 13.5
1.14724 13.6055
1.15297 15.7
1.15871 14.72
1.16445 14.913
1.17018 14.0571
1.17592 14.9065
1.18166 14.9062
1.18739 13.3866
1.19313 12.0275
1.19886 12.5728
1.2046 15.087
1.21034 14.9346
1.21607 12.9727
1.22181 14.4273
1.22754 13.2051
1.23328 13.8692
1.23902 14.8482
1.24475 14.6891
1.25049 16.4587
1.25623 11.6019
1.26196 17.4359
1.2677 14
1.27343 17.3784
1.27917 13.4492
1.28491 16.5508
1.29064 15.4956
1.29638 15.0776
1.30212 13.1197
1.30785 15.3109
1.31359 15.1983
1.31932 17.1732
1.32506 17.3613
1.3308 16.6293
1.33653 16.6349
1.34227 13.4706
1.348 16.5276
1.35374 14.6372
1.35948 14.448
1.36521 12.9542
1.37095 14.8455
1.37669 15.7626
1.38242 15.5574
1.38816 15.2595
1.39389 17.1864
1.39963 16.4167
1.40537 13.5349
1.4111 17.9732
1.41684 15.7552
1.42258 15.2074
1.42831 16.9008
1.43405 15.0923
1.43978 14.8296
1.44552 14.2101
1.45126 15.0085
1.45699 14.5248
1.46273 18.4091
1.46846 12.373
1.4742 15.6783
1.47994 16.5116
1.48567 17.7218
1.49141 14.9615
1.49715 14.4094
1.50288 12.4307
1.50862 15.75
1.51435 13.7534
1.52009 12.8723
1.52583 15.4962
1.53156 13.3185
1.5373 13.415
1.54304 14.3262
1.54877 14.8162
1.55451 15.8926
1.56024 15.3358
1.56598 14.3071
1.57172 13.5887
1.57745 15.1081
1.58319 14.766
1.58892 13.8451
1.59466 12.4933
1.6004 13.5734
1.60613 15.9058
1.61187 16.0336
1.61761 13.6624
1.62334 16.2105
1.62908 15.7161
1.63481 15.1656
1.64055 16.1733
1.64629 14
1.65202 17.0066
1.65776 14.5563
1.6635 12.438
1.66923 13.434
1.67497 14.8957
1.6807 13.4526
1.68644 14.3481
1.69218 14.9012
1.69791 14.7516
1.70365 15.0135
1.70938 15.9936
1.71512 16.865
1.72086 14.4706
1.72659 13.3121
1.73233 15.5484
1.73807 16.6078
1.7438 15.9639
1.74954 14.3019
1.75527 12.8476
1.76101 15.0882
1.76675 15.768
1.77248 13.1341
1.77822 15.2313
1.78396 15.3512
1.78969 13.2675
1.79543 17.2486
1.80116 16.4395
1.8069 15.6667
1.81264 14.1916
1.81837 16.6667
1.82411 15.45
1.82984 14.7764
1.83558 16.8909
1.84132 15.0485
1.84705 14.9645
1.85279 14.4561
1.85853 15.8875
1.86426 16.3672
1.87 16.5174
1.87573 14.5813
1.88147 15.2316
1.88721 14.9419
1.89294 13.2197
1.89868 14.6353
1.90442 17.8506
1.91015 16.9882
1.91589 33.2262
1.92162 36.4278
1.92736 16.887
1.9331 20.6071
1.93883 19.3837
1.94457 18.1058
1.9503 17.3059
1.95604 15.5233
1.96178 16.4088
1.96751 18.773
1.97325 17.4356
1.97899 15.5829
1.98472 15.1968
1.99046 18.4114
1.99619 15.4451
2.00193 14.2053
2.00767 14.9209
2.0134 14.0291
2.01914 15.7181
2.02488 13.7016
2.03061 15.7345
2.03635 14.7234
2.04208 15.173
2.04782 15.4734
2.05356 15.6613
2.05929 17.4917
2.06503 16.33
2.07076 16.2216
2.0765 14.7617
2.08224 15.25
2.08797 18.0809
2.09371 15.0152
2.09945 17.3405
2.10518 16.4372
2.11092 16.5348
2.11665 16.1436
2.12239 16.0145
2.12813 16.1183
2.13386 17.6965
2.1396 15.8392
2.14534 13.8769
2.15107 15.7914
2.15681 15.4975
2.16254 18.2475
2.16828 19.1902
2.17402 16.9858
2.17975 17.37
2.18549 15.4656
2.19122 19.1733
2.19696 16.9901
2.2027 18.1854
2.20843 22.4551
2.21417 31.7736
2.21991 39.0329
2.22564 27.4426
2.23138 19.2654
2.23711 16.9469
2.24285 17.226
2.24859 16.7604
2.25432 17.726
2.26006 16.4854
2.2658 15.1989
2.27153 17.2558
2.27727 17.9242
2.283 14.0249
2.28874 17.7108
2.29448 16.045
2.30021 15.2464
2.30595 18.5051
2.31168 15.8287
2.31742 16.4444
2.32316 18.024
2.32889 17.4159
2.33463 20.0939
2.34037 18.7136
2.3461 19.2028
2.35184 18.3348
2.35757 22.0784
2.36331 23.2196
2.36905 22.7235
2.37478 20.4279
2.38052 21.2949
2.38626 19.0505
2.39199 18.5556
2.39773 21.0725
2.40346 19.8082
2.4092 22.0583
2.41494 21.7466
2.42067 18.9816
2.42641 16.2719
2.43214 17.039
2.43788 18.6135
2.44362 19.0837
2.44935 18.3863
2.45509 19.3756
2.46083 18.0138
2.46656 16.3712
2.4723 17.4916
2.47803 19.5953
2.48377 17.7257
2.48951 17.1667
2.49524 18.6109
2.50098 17.4464
2.50672 19.5
2.51245 16.0472
2.51819 20.1944
2.52392 18.6891
2.52966 18.1004
2.5354 17.2176
2.54113 17.1167
2.54687 19.6494
2.5526 18.0424
2.55834 18.9775
2.56408 17.6723
2.56981 16.3554
2.57555 16.4751
2.58129 18.0519
2.58702 17.6862
2.59276 18.5473
2.59849 16.7966
2.60423 18.4534
2.60997 17.4066
2.6157 17.7294
2.62144 19.3867
2.62718 17.383
2.63291 18.6736
2.63865 19.7296
2.64438 18.1605
2.65012 18.74
2.65586 19.7589
2.66159 20.0672
2.66733 19.3934
2.67306 18.1191
2.6788 20.1289
2.68454 19.895
2.69027 18.249
2.69601 19.3826
2.70175 19.5625
2.70748 18.8025
2.71322 19.2363
2.71895 20.3333
2.72469 20.7778
2.73043 20.2953
2.73616 20.8625
2.7419 19.1556
2.74764 17.0158
2.75337 19.4545
2.75911 20.8859
2.76484 20.1627
2.77058 19.7572
2.77632 20.8919
2.78205 20.0119
2.78779 19.8726
2.79352 19.6393
2.79926 20.7105
2.805 19.1205
2.81073 20.9545
2.81647 19.4185
2.82221 19.4601
2.82794 19.746
2.83368 21.875
2.83941 18.8953
2.84515 22.352
2.85089 20.1202
2.85662 21.4457
2.86236 21.7405
2.8681 21.4309
2.87383 22.0415
2.87957 19.6727
2.8853 21.2088
2.89104 19.5894
2.89678 20.7547
2.90251 20.9655
2.90825 20.4764
2.91398 20.1825
2.91972 20.4657
2.92546 21.251
2.93119 21.1094
2.93693 23.2563
2.94267 22.3817
2.9484 21.0868
2.95414 22.4008
2.95987 22.4029
2.96561 23.4615
2.97135 24.0783
2.97708 27.2269
2.98282 35.251
2.98856 65.5536
2.99429 68.2357
3.00003 32.2528
3.00576 29.1369
3.0115 24.4412
3.01724 22.9066
3.02297 24.042
3.02871 23.7482
3.03444 24.1792
3.04018 24.9209
3.04592 24.1985
3.05165 22.957
3.05739 24.3534
3.06313 25.0895
3.06886 22.2264
3.0746 24.5158
3.08033 23.8877
3.08607 24.9326
3.09181 26.3406
3.09754 27.0035
3.10328 26.9511
3.10902 29.7603
3.11475 26.3525
3.12049 28.0879
3.12622 26.4769
3.13196 31.4911
3.1377 32.68
3.14343 37.0714
3.14917 35.6367
3.1549 30.2305
3.16064 27.9154
3.16638 26.901
3.17211 28.559
3.17785 26.3106
3.18359 26.8136
3.18932 28.4233
3.19506 29.2828
3.20079 27.6208
3.20653 26.6612
3.21227 28.0307
3.218 28.1979
3.22374 29.2951
3.22948 30.3211
3.23521 31.3869
3.24095 31.9888
3.24668 30.3175
3.25242 31.7267
3.25816 27.8838
3.26389 30.2161
3.26963 29.6541
3.27536 30.7063
3.2811 32.2353
3.28684 30.7
3.29257 31.9967
3.29831 32.6964
3.30405 34.0545
3.30978 35.5738
3.31552 34.1842
3.32125 37.0136
3.32699 38.3821
3.33273 36.1506
3.33846 37.4138
3.3442 37.3856
3.34994 38.0556
3.35567 38.2292
3.36141 36.4322
3.36714 38.6442
3.37288 48.9739
3.37862 59.9693
3.38435 54.0585
3.39009 71.165
3.39582 80.6732
3.40156 39.4119
3.4073 40.9206
3.41303 36.9274
3.41877 38.6271
3.42451 38.9938
3.43024 38.8344
3.43598 39.637
3.44171 36.0564
3.44745 38.4935
3.45319 38.3793
3.45892 39.2839
3.46466 38.9222
3.4704 39.5216
3.47613 38.202
3.48187 39.6687
3.4876 41.1333
3.49334 38.8254
3.49908 39.6688
3.50481 39.5672
3.51055 41.4781
3.51628 41.0129
3.52202 42.7354
3.52776 46.3385
3.53349 45.8836
3.53923 52.1204
3.54497 57.4608
3.5507 61.4394
3.55644 60.4405
3.56217 53.397
3.56791 49.7767
3.57365 48.1304
3.57938 45.4591
3.58512 46.6092
3.59086 46.1815
3.59659 46.9846
3.60233 46.7668
3.60806 48.9364
3.6138 47.4222
3.61954 48.1134
3.62527 49.488
3.63101 53.4953
3.63674 56.5287
3.64248 61.5376
3.64822 63.3127
3.65395 64.2305
3.65969 66.3706
3.66543 64.0541
3.67116 63.0282
3.6769 63.5149
3.68263 67.4331
3.68837 62.927
3.69411 64.5718
3.69984 59.932
3.70558 61.8394
3.71132 60.6536
3.71705 60.5333
3.72279 62.379
3.72852 63.0687
3.73426 65.3881
3.74 65.7893
3.74573 68.9905
3.75147 66.763
3.7572 66.4802
3.76294 69.858
3.76868 72.5736
3.77441 74.5
3.78015 75.1699
3.78589 76.2636
3.79162 79.6472
3.79736 84.6185
3.80309 86.2143
3.80883 88.2716
3.81457 95.2099
3.8203 99.462
3.82604 106.784
3.83178 119.235
3.83751 142.983
3.84325 211.638
3.84898 361.629
3.85472 413.333
3.86046 356.293
3.86619 335.387
3.87193 403.599
3.87766 505.03
3.8834 672.821
3.88914 845.218
3.89487 990.215
3.90061 933.431
3.90635 768.933
3.91208 601.917
3.91782 441.422
3.92355 333.373
3.92929 263.64
3.93503 212.467
3.94076 177.601
3.9465 150.844
3.95224 134.769
3.95797 121.981
3.96371 110.038
3.96944 107.354
3.97518 103.553
3.98092 97.462
3.98665 93.9837
3.99239 90.168
3.99812 86.4495
4.00386 85.8793
4.0096 84.5831
4.01533 82.4184
4.02107 81.6736
4.02681 80.1299
4.03254 81.7807
4.03828 77.3863
4.04401 80.5344
4.04975 78.6863
4.05549 77.4894
4.06122 75.1705
4.06696 76.3984
4.0727 74.3143
4.07843 73.2507
4.08417 72.6125
4.0899 74.5223
4.09564 73.234
4.10138 73.7675
4.10711 72.6753
4.11285 73.574
4.11858 72.3167
4.12432 73.8579
4.13006 73.3016
4.13579 69.9299
4.14153 72.8579
4.14727 72.4742
4.153 71.4751
4.15874 69.9518
4.16447 68.9286
4.17021 70.2701
4.17595 71.3368
4.18168 70.1813
4.18742 71.832
4.19316 72.4798
4.19889 73.6149
4.20463 74.8473
4.21036 75.6
4.2161 75.748
4.22184 70.9716
4.22757 74.72
4.23331 71.8639
4.23904 72.5082
4.24478 72.3781
4.25052 72.5013
4.25625 73.9323
4.26199 74.6992
4.26773 74.5601
4.27346 75.4846
4.2792 77.1835
4.28493 77.7468
4.29067 76.947
4.29641 78.0274
4.30214 79.7852
4.30788 81.4827
4.31362 78.5243
4.31935 83.329
4.32509 83.75
4.33082 83.4963
4.33656 89.0267
4.3423 88.6232
4.34803 91.4486
4.35377 92.3384
4.3595 96.7969
4.36524 100.329
4.37098 104.699
4.37671 108.684
4.38245 113.437
4.38819 117.702
4.39392 125.69
4.39966 126.513
4.40539 137.389
4.41113 146.632
4.41687 164.913
4.4226 191.495
4.42834 239.196
4.43408 399.016
4.43981 915.313
4.44555 1930.56
4.45128 8265.36
4.45702 11125.9
4.46276 4715.99
4.46849 1502.24
4.47423 778.954
4.47996 442.194
4.4857 364.089
4.49144 349.705
4.49717 323.988
4.50291 323.802
4.50865 307.887
4.51438 285.571
4.52012 251.876
4.52585 221.921
4.53159 193.062
4.53733 169.733
4.54306 149.199
4.5488 133.387
4.55454 121.72
4.56027 112.655
4.56601 104.383
4.57174 98.0964
4.57748 89.7581
4.58322 83.7351
4.58895 82.6529
4.59469 79.2877
4.60042 76.3302
4.60616 75.715
4.6119 74.2228
4.61763 72.1889
4.62337 70.9815
4.62911 71.3614
4.63484 68.7294
4.64058 67.1422
4.64631 64.1628
4.65205 64.0273
4.65779 60.5082
4.66352 61.1712
4.66926 60.7729
4.675 60.2798
4.68073 58.2357
4.68647 58.0228
4.6922 57.5133
4.69794 58.6471
4.70368 58.5721
4.70941 58.0655
4.71515 57.0789
4.72088 58.7564
4.72662 57.4721
4.73236 57.9061
4.73809 58.3433
4.74383 57.8147
4.74957 57.2868
4.7553 56.3074
4.76104 55.3138
4.76677 55.6916
4.77251 52.7775
4.77825 53.286
4.78398 52.4267
4.78972 50.866
4.79546 51.6156
4.80119 48.9416
4.80693 50.4631
4.81266 48.7977
4.8184 49.5954
4.82414 48.6786
4.82987 50.5873
4.83561 49.0774
4.84134 51.3283
4.84708 53.4655
4.85282 54.0128
4.85855 50.87
4.86429 47.6378
4.87003 46.7898
4.87576 47.3356
4.8815 47.1771
4.88723 46.8825
4.89297 45.4736
4.89871 46.1685
4.90444 47.2422
4.91018 45.8902
4.91592 45.5354
4.92165 45.1039
4.92739 43.1347
4.93312 45.2413
4.93886 46.5624
4.9446 46.0139
4.95033 45.4861
4.95607 44.1582
4.9618 46.1808
4.96754 46.461
4.97328 47.8798
4.97901 55.8355
4.98475 49.2009
4.99049 45.845
4.99622 44.1444
5.00196 44.16
5.00769 44.3503
5.01343 44.6071
5.01917 43.3257
5.0249 43.3736
5.03064 42.6782
5.03638 41.7013
5.04211 42.6174
5.04785 43.9568
5.05358 44.9679
5.05932 42.6609
5.06506 43.2615
5.07079 43.4206
5.07653 43.9703
5.08226 44.1184
5.088 42.4253
5.09374 43.4768
5.09947 42.9609
5.10521 43.0395
5.11095 42.344
5.11668 42.3173
5.12242 42.5066
5.12815 40.8535
5.13389 41.6923
5.13963 42.3448
5.14536 42.2597
5.1511 41.9637
5.15684 43.0963
5.16257 43.1543
5.16831 41.31
5.17404 44.204
5.17978 42.0112
5.18552 41.9097
5.19125 42.6542
5.19699 42.4936
5.20272 39.9956
5.20846 40.6564
5.2142 41.4254
5.21993 41.6752
5.22567 41.2634
5.23141 42.16
5.23714 42.431
5.24288 42.7207
5.24861 41.9492
5.25435 41.8911
5.26009 42.2905
5.26582 41.4691
5.27156 43.1779
5.2773 42.4792
5.28303 42.7458
5.28877 44.0978
5.2945 44.0673
5.30024 44.9667
5.30598 43.474
5.31171 44.5431
5.31745 44.4274
5.32318 43.4072
5.32892 43.7619
5.33466 44.3906
5.34039 44.142
5.34613 44.6457
5.35187 55.6472
5.3576 45.3683
5.36334 44.6343
5.36907 42.9671
5.37481 44.7718
5.38055 43.5738
5.38628 44.7455
5.39202 47.9743
5.39776 48.2843
5.40349 47.6388
5.40923 44.748
5.41496 43.4361
5.4207 44.3139
5.42644 42.6537
5.43217 42.5152
5.43791 43.7028
5.44364 43.8898
5.44938 45.5186
5.45512 44.1265
5.46085 44.5735
5.46659 43.2107
5.47233 44.6129
5.47806 43.3525
5.4838 44.0626
5.48953 44.6289
5.49527 44.8251
5.50101 44.4004
5.50674 45.685
5.51248 43.7336
5.51822 44.1884
5.52395 43.3234
5.52969 45.4653
5.53542 43.5728
5.54116 44.7916
5.5469 44.643
5.55263 45.9392
5.55837 44.8354
5.5641 44.5951
5.56984 46.3194
5.57558 44.9531
5.58131 44.9465
5.58705 45.2042
5.59279 45.5392
5.59852 44.8788
5.60426 45.9188
5.60999 45.8465
5.61573 45.4275
5.62147 46.2857
5.6272 47.1463
5.63294 47.5269
5.63868 46.3183
5.64441 45.9682
5.65015 47.3057
5.65588 45.635
5.66162 48.8474
5.66736 48.2529
5.67309 47.1101
5.67883 46.8523
5.68456 49.3562
5.6903 47.8762
5.69604 48.5237
5.70177 47.8026
5.70751 49.6215
5.71325 50.0925
5.71898 48.9133
5.72472 50.608
5.73045 48.4301
5.73619 50.5257
5.74193 50.0759
5.74766 49.7914
5.7534 49.7854
5.75914 51.8757
5.76487 50.4232
5.77061 49.7033
5.77634 51.5808
5.78208 43.3422
5.78782 53.4825
5.79355 52.4962
5.79929 54.055
5.80502 53.3246
5.81076 53.0433
5.8165 53.3558
5.82223 52.9981
5.82797 53.4761
5.83371 53.4943
5.83944 53.8393
5.84518 53.9817
5.85091 53.3776
5.85665 55.677
5.86239 53.7044
5.86812 54.7724
5.87386 54.1273
5.8796 55.5769
5.88533 55.6239
5.89107 55.9434
5.8968 55.5927
5.90254 56.3321
5.90828 55.922
5.91401 58.3489
5.91975 56.5439
5.92548 58.4571
5.93122 60.2902
5.93696 62.0597
5.94269 74.6491
5.94843 73.3098
5.95417 101.57
5.9599 72.8305
5.96564 68.2136
5.97137 62.6596
5.97711 63.1714
5.98285 62.0705
5.98858 63.208
5.99432 64.5091
6.00006 65.2413
6.00579 67.491
6.01153 68.4783
6.01726 69.1158
6.023 69.7205
6.02874 67.8187
6.03447 68.4775
6.04021 67.6731
6.04594 68.8312
6.05168 69.3136
6.05742 71.6906
6.06315 71.9931
6.06889 73.774
6.07463 72.4063
6.08036 73.8781
6.0861 75.941
6.09183 76.9487
6.09757 78.3024
6.10331 77.6342
6.10904 78.9211
6.11478 81.3522
6.12052 83.5887
6.12625 83.171
6.13199 83.2182
6.13772 85.5027
6.14346 85.5053
6.1492 86.8772
6.15493 90.1548
6.16067 91.1386
6.1664 94.3715
6.17214 95.6971
6.17788 98.3613
6.18361 99.7793
6.18935 104.058
6.19509 107.646
6.20082 110.387
6.20656 117.178
6.21229 120.028
6.21803 128.067
6.22377 127.978
6.2295 136.422
6.23524 146.41
6.24098 149.164
6.24671 153.029
6.25245 170.389
6.25818 178.22
6.26392 196.569
6.26966 227.976
6.27539 307.226
6.28113 408.155
6.28686 946.674
6.2926 2727.98
6.29834 6208.65
6.30407 6416.43
6.30981 10095.8
6.31555 3065.81
6.32128 1624.63
6.32702 628.608
6.33275 400.527
6.33849 347.378
6.34423 282.478
6.34996 277.955
6.3557 276.614
6.36144 275.426
6.36717 289.647
6.37291 303.108
6.37864 300.535
6.38438 283.86
6.39012 260.698
6.39585 242.016
6.40159 214.411
6.40732 194.111
6.41306 173.615
6.4188 159.338
6.42453 146.763
6.43027 140.097
6.43601 135.662
6.44174 129.47
6.44748 124.396
6.45321 119.118
6.45895 118.353
6.46469 114.767
6.47042 113.137
6.47616 111.75
6.4819 105.062
6.48763 101.031
6.49337 100.767
6.4991 96.8919
6.50484 98.3225
6.51058 94.9656
6.51631 96.3695
6.52205 93.6924
6.52778 91.4283
6.53352 92.8177
6.53926 90.0842
6.54499 91.4768
6.55073 90.206
6.55647 88.8532
6.5622 89.6567
6.56794 89.5681
6.57367 89.295
6.57941 90.2677
6.58515 88.1065
6.59088 88.2379
6.59662 86.2014
6.60236 84.7484
6.60809 84.6881
6.61383 84.6296
6.61956 85.0033
6.6253 82.6254
6.63104 83.8225
6.63677 82.3222
6.64251 81.7484
6.64824 82.238
6.65398 82.6409
6.65972 82.5375
6.66545 82.4422
6.67119 81.555
6.67693 83.2363
6.68266 82.7913
6.6884 83.4953
6.69413 83.4983
6.69987 82.2304
6.70561 81.4068
6.71134 80.7827
6.71708 80.934
6.72282 79.3726
6.72855 80.869
6.73429 79.6173
6.74002 78.801
6.74576 78.8084
6.7515 79.2998
6.75723 79.5887
6.76297 78.9538
6.7687 77.7011
6.77444 79.4175
6.78018 78.5415
6.78591 77.4688
6.79165 77.5717
6.79739 77.6198
6.80312 78.2717
6.80886 79.2213
6.81459 78.4598
6.82033 78.2547
6.82607 78.522
6.8318 78.0683
6.83754 76.9135
6.84328 77.9862
6.84901 77.2994
6.85475 77.2157
6.86048 76.9678
6.86622 76.9323
6.87196 77.5246
6.87769 77.5632
6.88343 77.6724
6.88916 78.1084
6.8949 78.43
6.90064 77.2842
6.90637 76.5201
6.91211 78.3861
6.91785 77.6066
6.92358 77.6912
6.92932 78.9969
6.93505 78.2948
6.94079 78.8877
6.94653 77.815
6.95226 77.3551
6.958 77.9307
6.96374 78.7614
6.96947 77.8375
6.97521 78.6138
6.98094 78.2076
6.98668 77.9069
6.99242 77.5319
6.99815 76.0194
7.00389 76.1917
7.00962 78.3748
7.01536 79.072
7.0211 79.4773
7.02683 78.5007
7.03257 79.5253
7.03831 81.1405
7.04404 79.3338
7.04978 80.0841
7.05551 79.7427
7.06125 79.4352
7.06699 78.3543
7.07272 79.2493
7.07846 79.7703
7.0842 80.616
7.08993 79.8891
7.09567 81.4277
7.1014 79.6869
7.10714 81.8517
7.11288 83.4144
7.11861 82.2642
7.12435 83.1231
7.13008 83.0104
7.13582 83.6429
7.14156 81.4423
7.14729 83.8694
7.15303 81.8096
7.15877 82.3924
7.1645 82.8185
7.17024 83.0841
7.17597 83.2723
7.18171 83.4076
7.18745 84.2912
7.19318 84.2661
7.19892 84.4362
7.20466 85.4107
7.21039 84.7942
7.21613 86.3207
7.22186 85.3419
7.2276 87.1681
7.23334 87.7949
7.23907 87.9796
7.24481 88.0101
7.25054 86.542
7.25628 87.6148
7.26202 88.6463
7.26775 89.6215
7.27349 89.8818
7.27923 89.1109
7.28496 89.3721
7.2907 91.0293
7.29643 90.1619
7.30217 91.0861
7.30791 92.3735
7.31364 92.0743
7.31938 93.2632
7.32512 97.4366
7.33085 96.3507
7.33659 98.5358
7.34232 96.766
7.34806 98.5845
7.3538 101.222
7.35953 100.993
7.36527 103.647
7.371 110.728
7.37674 142.282
7.38248 129.954
7.38821 320.458
7.39395 331.853
7.39969 392.67
7.40542 667.604
7.41116 377.87
7.41689 224.069
7.42263 168.976
7.42837 154.97
7.4341 152.188
7.43984 152.662
7.44558 156.793
7.45131 164.384
7.45705 176.931
7.46278 194.286
7.46852 213.647
7.47426 232.127
7.47999 241.691
7.48573 237.064
7.49146 222.729
7.4972 203.282
7.50294 185.293
7.50867 167.175
7.51441 151.075
7.52015 139.292
7.52588 129.123
7.53162 119.83
7.53735 112.498
7.54309 108.28
7.54883 103.808
7.55456 98.8182
7.5603 97.595
7.56604 95.3581
7.57177 91.4901
7.57751 89.25
7.58324 87.435
7.58898 87.4888
7.59472 84.8014
7.60045 84.1594
7.60619 82.2447
7.61192 82.9775
7.61766 81.0412
7.6234 81.418
7.62913 80.4282
7.63487 81.3268
7.64061 79.9526
7.64634 78.5341
7.65208 79.4908
7.65781 77.3167
7.66355 76.8859
7.66929 77.7963
7.67502 78.1336
7.68076 78.3171
7.6865 77.0198
7.69223 77.9766
7.69797 80.0129
7.7037 80.2098
7.70944 84.9437
7.71518 95.4797
7.72091 109.215
7.72665 211.23
7.73238 368.625
7.73812 128.654
7.74386 137.987
7.74959 104.294
7.75533 91.8972
7.76107 89.6806
7.7668 90.2473
7.77254 93.1015
7.77827 95.5417
7.78401 100.964
7.78975 104.863
7.79548 113.472
7.80122 120.568
7.80696 124.655
7.81269 126.544
7.81843 122.271
7.82416 115.569
7.8299 107.832
7.83564 99.3395
7.84137 94.3504
7.84711 90.7392
7.85284 84.4299
7.85858 80.6995
7.86432 78.5148
7.87005 75.4837
7.87579 73.9947
7.88153 73.3265
7.88726 71.331
7.893 69.9296
7.89873 68.9946
7.90447 68.1553
7.91021 73.3138
7.91594 72.7249
7.92168 76.7102
7.92742 71.2253
7.93315 66.3443
7.93889 66.4359
7.94462 66.0817
7.95036 65.7402
7.9561 64.327
7.96183 64.1273
7.96757 65.7964
7.9733 66.0013
7.97904 65.8469
7.98478 65.8767
7.99051 65.2157
7.99625 63.7598
8.00199 63.4579
8.00772 62.8285
8.01346 62.3918
8.01919 64.0625
8.02493 62.5536
8.03067 63.2357
8.0364 62.7887
8.04214 61.6883
8.04788 62.0769
8.05361 61.9724
8.05935 60.9431
8.06508 62.3405
8.07082 60.6769
8.07656 59.967
8.08229 60.6465
8.08803 60.888
8.09376 61.071
8.0995 58.9089
8.10524 59.019
8.11097 58.0832
8.11671 57.5556
8.12245 56.1872
8.12818 55.3834
8.13392 54.1664
8.13965 54.1444
8.14539 53.6115
8.15113 53.61
8.15686 49.7765
8.1626 51.699
8.16834 53.0141
8.17407 53.9246
8.17981 54.3349
8.18554 52.1186
8.19128 55.1216
8.19702 53.5701
8.20275 54.5585
8.20849 53.0886
8.21422 54.2282
8.21996 52.0991
8.2257 54.6139
8.23143 53.0052
8.23717 53.4547
8.24291 54.1004
8.24864 52.5693
8.25438 54.4596
8.26011 53.7472
8.26585 53.4313
8.27159 54.0866
8.27732 52.9213
8.28306 53.3931
8.2888 51.2475
8.29453 54.0879
8.30027 53.2871
8.306 53.1824
8.31174 53.4737
8.31748 53.1328
8.32321 53.0194
8.32895 52.1266
8.33468 53.5054
8.34042 53.2196
8.34616 52.282
8.35189 51.6719
8.35763 53.0395
8.36337 52.5996
8.3691 53.2715
8.37484 52.3857
8.38057 51.9524
8.38631 52.7721
8.39205 51.6643
8.39778 52.9608
8.40352 51.6372
8.40926 52.1593
8.41499 53.1902
8.42073 52.081
8.42646 54.8571
8.4322 52.9709
8.43794 52.5974
8.44367 54.4813
8.44941 52.386
8.45514 52.0838
8.46088 51.8696
8.46662 51.5788
8.47235 52.1206
8.47809 50.4681
8.48383 50.9268
8.48956 50.1253
8.4953 51.7867
8.50103 51.9943
8.50677 51.3467
8.51251 51.1888
8.51824 50.8348
8.52398 51.0732
8.52972 51.4955
8.53545 51.7797
8.54119 51.6727
8.54692 50.7697
8.55266 50.7697
8.5584 52.1833
8.56413 52.5964
8.56987 49.7812
8.5756 51.068
8.58134 49.9783
8.58708 49.9192
8.59281 51.1132
8.59855 51.3514
8.60429 49.5017
8.61002 50.5226
8.61576 49.8622
8.62149 52.7878
8.62723 51.3469
8.63297 49.337
8.6387 51.2441
8.64444 52.1292
8.65018 50.5911
8.65591 50.8776
8.66165 55.7396
8.66738 51.1068
8.67312 50.048
8.67886 51.303
8.68459 51.5918
8.69033 49.7251
8.69606 51.4364
8.7018 50.0469
8.70754 51.58
8.71327 49.9464
8.71901 49.5579
8.72475 51.9264
8.73048 49.2258
8.73622 51.556
8.74195 51.9597
8.74769 51.0763
8.75343 50.7308
8.75916 52.3051
8.7649 48.7706
8.77064 49.0975
8.77637 48.2812
8.78211 50.1422
8.78784 50.4672
8.79358 48.7783
8.79932 49.1886
8.80505 49.3709
8.81079 48.7882
8.81652 49.4171
8.82226 48.9585
8.828 52.6204
8.83373 51.1951
8.83947 52.754
8.84521 51.3707
8.85094 51.2447
8.85668 50.2462
8.86241 51.7179
8.86815 50.8563
8.87389 52.0462
8.87962 50.6243
8.88536 49.6133
8.8911 54.4759
8.89683 51.8025
8.90257 51.7377
8.9083 53.8786
8.91404 52.125
8.91978 56.1829
8.92551 62.6624
8.93125 72.8476
8.93698 153.472
8.94272 114.389
8.94846 82.5394
8.95419 61.604
8.95993 53.9257
8.96567 54.7391
8.9714 51.4095
8.97714 52.0443
8.98287 53.4336
8.98861 52.0963
8.99435 56.5586
9.00008 53.8547
9.00582 54.4934
9.01156 57.8931
9.01729 56.5203
9.02303 57.6714
9.02876 59.7692
9.0345 56.3577
9.04024 58.6744
9.04597 59.2115
9.05171 56.8504
9.05744 54.0826
9.06318 57.2816
9.06892 54.5294
9.07465 55.6146
9.08039 54.2137
9.08613 49.7103
9.09186 54.7292
9.0976 58.5769
9.10333 56.0833
9.10907 61.0204
9.11481 50.2188
9.12054 50.1591
9.12628 50.7143
9.13202 48.6341
9.13775 51.0109
9.14349 49.2143
9.14922 53.1585
9.15496 48.6829
9.1607 54.7297
9.16643 45.5625
9.17217 45.8904
9.1779 49.8947
9.18364 51.0286
9.18938 49.7353
9.19511 48.4412
9.20085 48.6032
9.20659 46.3231
9.21232 48.85
9.21806 44.8361
9.22379 44.4909
9.22953 44.5636
9.23527 47.1887
9.241 46.5357
9.24674 45.5306
9.25248 45.3404
9.25821 41.5556
9.26395 43.0909
9.26968 42.7674
9.27542 46.1026
9.28116 46.075
9.28689 39.0286
9.29263 36.1818
9.29836 44.303
9.3041 35.6667
9.30984 38.25
9.31557 33.4444
9.32131 35.4444
9.32705 33.3
9.33278 35.2609
9.33852 31
9.34425 29.8333
9.34999 25.8824
9.35573 27.7857
9.36146 30.6364
9.3672 20.0909
9.37294 35.625
9.37867 23.4444
9.38441 1.66667
9.39014 5.75
9.39588 0
9.40162 0
9.40735 0
9.41309 0
9.41882 0
9.42456 0
9.4303 0
9.43603 0
9.44177 0
9.44751 0
9.45324 0
9.45898 0
9.46471 0
9.47045 0
9.47619 0
9.48192 0
9.48766 0
9.4934 0
9.49913 0
9.50487 0
9.5106 0
9.51634 0
9.52208 0
9.52781 0
9.53355 0
9.53928 0
9.54502 0
9.55076 0
9.55649 0
9.56223 0
9.56797 0
9.5737 0
9.57944 0
9.58517 0
9.59091 0
9.59665 0
9.60238 0
9.60812 0
9.61386 0
9.61959 0
9.62533 0
9.63106 0
9.6368 0
9.64254 0
9.64827 0
9.65401 0
9.65974 0
9.66548 0
9.67122 0
9.67695 0
9.68269 0
9.68843 0
9.69416 0
9.6999 0
9.70563 0
9.71137 0
9.71711 0
9.72284 0
9.72858 0
9.73432 0
9.74005 0
9.74579 0
9.75152 0
9.75726 0
9.763 0
9.76873 0
9.77447 0
9.7802 0
9.78594 0
9.79168 0
9.79741 0
9.80315 0
9.80889 0
9.81462 0
9.82036 0
9.82609 0
9.83183 0
9.83757 0
9.8433 0
9.84904 0
9.85478 0
9.86051 0
9.86625 0
9.87198 0
9.87772 0
9.88346 0
9.88919 0
9.89493 0
9.90066 0
9.9064 0
9.91214 0
9.91787 0
9.92361 0
9.92935 0
9.93508 0
9.94082 0
9.94655 0
9.95229 0
9.95803 0
9.96376 0
9.9695 0
9.97524 0
9.98097 0
9.98671 0
9.99244 0
9.99818 0
10.0039 0
10.0097 0
10.0154 0
10.0211 0
10.0269 0
10.0326 0
10.0383 0
10.0441 0
10.0498 0
10.0555 0
10.0613 0
10.067 0
10.0728 0
10.0785 0
10.0842 0
10.09 0
10.0957 0
10.1014 0
10.1072 0
10.1129 0
10.1186 0
10.1244 0
10.1301 0
10.1358 0
10.1416 0
10.1473 0
10.1531 0
10.1588 0
10.1645 0
10.1703 0
10.176 0
10.1817 0
10.1875 0
10.1932 0
10.1989 0
10.2047 0
10.2104 0
10.2162 0
10.2219 0
10.2276 0
10.2334 0
10.2391 0
10.2448 0
10.2506 0
10.2563 0
10.262 0
10.2678 0
10.2735 0
10.2793 0
10.285 0
10.2907 0
10.2965 0
10.3022 0
10.3079 0
10.3137 0
10.3194 0
10.3251 0
10.3309 0
10.3366 0
10.3424 0
10.3481 0
10.3538 0
10.3596 0
10.3653 0
10.371 0
10.3768 0
10.3825 0
10.3882 0
10.394 0
10.3997 0
10.4054 0
10.4112 0
10.4169 0
10.4227 0
10.4284 0
10.4341 0
10.4399 0
10.4456 0
10.4513 0
10.4571 0
10.4628 0
10.4685 0
10.4743 0
10.48 0
10.4858 0
10.4915 0
10.4972 0
10.503 0
10.5087 0
10.5144 0
10.5202 0
10.5259 0
10.5316 0
10.5374 0
10.5431 0
10.5489 0
10.5546 0
10.5603 0
10.5661 0
10.5718 0
10.5775 0
10.5833 0
10.589 0
10.5947 0
10.6005 0
10.6062 0
10.612 0
10.6177 0
10.6234 0
10.6292 0
10.6349 0
10.6406 0
10.6464 0
10.6521 0
10.6578 0
10.6636 0
10.6693 0
10.6751 0
10.6808 0
10.6865 0
10.6923 0
10.698 0
10.7037 0
10.7095 0
10.7152 0
10.7209 0
10.7267 0
10.7324 0
10.7381 0
10.7439 0
10.7496 0
10.7554 0
10.7611 0
10.7668 0
10.7726 0
10.7783 0
10.784 0
10.7898 0
10.7955 0
10.8012 0
10.807 0
10.8127 0
10.8185 0
10.8242 0
10.8299 0
10.8357 0
10.8414 0
10.8471 0
10.8529 0
10.8586 0
10.8643 0
10.8701 0
10.8758 0
10.8816 0
10.8873 0
10.893 0
10.8988 0
10.9045 0
10.9102 0
10.916 0
10.9217 0
10.9274 0
10.9332 0
10.9389 0
10.9447 0
10.9504 0
10.9561 0
10.9619 0
10.9676 0
10.9733 0
10.9791 0
10.9848 0
10.9905 0
10.9963 0
11.002 0
11.0077 0
11.0135 0
11.0192 0
11.025 0
11.0307 0
11.0364 0
11.0422 0
11.0479 0
11.0536 0
11.0594 0
11.0651 0
11.0708 0
11.0766 0
11.0823 0
11.0881 0
11.0938 0
11.0995 0
11.1053 0
11.111 0
11.1167 0
11.1225 0
11.1282 0
11.1339 0
11.1397 0
11.1454 0
11.1512 0
11.1569 0
11.1626 0
11.1684 0
11.1741 0
11.1798 0
11.1856 0
11.1913 0
11.197 0
11.2028 0
11.2085 0
11.2143 0
11.22 0
11.2257 0
11.2315 0
11.2372 0
11.2429 0
11.2487 0
11.2544 0
11.2601 0
11.2659 0
11.2716 0
11.2774 0
11.2831 0
11.2888 0
11.2946 0
11.3003 0
11.306 0
11.3118 0
11.3175 0
11.3232 0
11.329 0
11.3347 0
11.3404 0
11.3462 0
11.3519 0
11.3577 0
11.3634 0
11.3691 0
11.3749 0
11.3806 0
11.3863 0
11.3921 0
11.3978 0
11.4035 0
11.4093 0
11.415 0
11.4208 0
11.4265 0
11.4322 0
11.438 0
11.4437 0
11.4494 0
11.4552 0
11.4609 0
11.4666 0
11.4724 0
11.4781 0
11.4839 0
11.4896 0
11.4953 0
11.5011 0
11.5068 0
11.5125 0
11.5183 0
11.524 0
11.5297 0
11.5355 0
11.5412 0
11.547 0
11.5527 0
11.5584 0
11.5642 0
11.5699 0
11.5756 0
11.5814 0
11.5871 0
11.5928 0
11.5986 0
11.6043 0
11.61 0
11.6158 0
11.6215 0
11.6273 0
11.633 0
11.6387 0
11.6445 0
11.6502 0
11.6559 0
11.6617 0
11.6674 0
11.6731 0
11.6789 0
11.6846 0
11.6904 0
11.6961 0
11.7018 0
11.7076 0
11.7133 0
11.719 0
11.7248 0
11.7305 0
11.7362 0
11.742 0
