0 0
0.00573619 -13
0.0114724 9
0.0172086 2
0.0229448 -18
0.028681 1.33333
0.0344171 -4
0.0401533 -0.6
0.0458895 -14
0.0516257 -12.3333
0.0573619 -9
0.0630981 -6
0.0688343 1.71429
0.0745705 -0.166667
0.0803067 -3.33333
0.0860429 8.66667
0.091779 -1.5
0.0975152 2.76923
0.103251 12.8889
0.108988 -0.666667
0.114724 -5.9
0.12046 4.18182
0.126196 4.26667
0.131932 15.875
0.137669 -4.46667
0.143405 6.84615
0.149141 13
0.154877 1.125
0.160613 1.2
0.16635 -2.46667
0.172086 -0.75
0.177822 5.68421
0.183558 4.11765
0.189294 -0.0714286
0.19503 3.95238
0.200767 2.85714
0.206503 0.529412
0.212239 -3.33333
0.217975 0.238095
0.223711 4.70588
0.229448 6.08333
0.235184 2.6087
0.24092 -1.13636
0.246656 -1.5
0.252392 -1.64
0.258129 0.777778
0.263865 -1
0.269601 2.16667
0.275337 1.65517
0.281073 -10.08
0.28681 2.08333
0.292546 -0.6
0.298282 3.27586
0.304018 0.962963
0.309754 -1.76667
0.31549 3.35484
0.321227 -1.33333
0.326963 1.7
0.332699 -2.96774
0.338435 1.78788
0.344171 1.66667
0.349908 0.685714
0.355644 3.6
0.36138 -0.612903
0.367116 0.647059
0.372852 -1.18182
0.378589 1.24324
0.384325 2.9375
0.390061 2.23077
0.395797 4.51282
0.401533 6.15385
0.40727 4.37209
0.413006 4.94595
0.418742 5.675
0.424478 6.82353
0.430214 2.82222
0.43595 6.90244
0.441687 10.0938
0.447423 8.70213
0.453159 7.74359
0.458895 5.65116
0.464631 6.47727
0.470368 13.5122
0.476104 7.02128
0.48184 7.55556
0.487576 8.94231
0.493312 9.21951
0.499049 9
0.504785 9.94737
0.510521 13.0444
0.516257 12.093
0.521993 15.0227
0.52773 14.2264
0.533466 9.24444
0.539202 9.22917
0.544938 13.7843
0.550674 14.3462
0.55641 7.47917
0.562147 9.27451
0.567883 13.2807
0.573619 10.4222
0.579355 8.7963
0.585091 12.5088
0.590828 9.84906
0.596564 8.0625
0.6023 8
0.608036 8.4
0.613772 9.20408
0.619509 11.9828
0.625245 14.0847
0.630981 12.1455
0.636717 10.1379
0.642453 14.6667
0.64819 11.5556
0.653926 10.9038
0.659662 14.6923
0.665398 13.7031
0.671134 16.614
0.67687 13.3065
0.682607 13.9524
0.688343 12.3433
0.694079 16.537
0.699815 10.8841
0.705551 14.6462
0.711288 15.9273
0.717024 15.7703
0.72276 14.3607
0.728496 13.7143
0.734232 11.3281
0.739969 10.2609
0.745705 11.5915
0.751441 15.7414
0.757177 15.1039
0.762913 16.2239
0.76865 15.0435
0.774386 14.3971
0.780122 15.7123
0.785858 13.8701
0.791594 17.6333
0.79733 13.3293
0.803067 11.4928
0.808803 15.4714
0.814539 12.7778
0.820275 12.3662
0.826011 16.1169
0.831748 11.8056
0.837484 13.1647
0.84322 18.2429
0.848956 11.3056
0.854692 12.0118
0.860429 14.7531
0.866165 15.6986
0.871901 14.8875
0.877637 13.5301
0.883373 13.4156
0.88911 11.8077
0.894846 13.5294
0.900582 14.506
0.906318 12.0946
0.912054 14.2333
0.91779 12.6322
0.923527 11.0519
0.929263 12.907
0.934999 13.1209
0.940735 12.9753
0.946471 14.5
0.952208 13.2588
0.957944 9.90323
0.96368 15.6538
0.969416 19.2211
0.975152 14.1222
0.980889 14.0235
0.986625 17.8023
0.992361 13.7263
0.998097 14.1684
1.00383 14.8625
1.00957 16.4141
1.01531 13.4536
1.02104 16.4286
1.02678 13.5417
1.03251 13.5495
1.03825 13.66
1.04399 13.4302
1.04972 11.3069
1.05546 13.6634
1.0612 14.0244
1.06693 12.6729
1.07267 11.022
1.0784 12.7864
1.08414 12.3163
1.08988 10.8
1.09561 12.3619
1.10135 10.1977
1.10708 13.2909
1.11282 13.2316
1.11856 12.7755
1.12429 12.2571
1.13003 14.9714
1.13577 15.2
1.1415 12.3824
1.14724 12.0275
1.15297 16.15
1.15871 15.68
1.16445 11.5652
1.17018 12.7048
1.17592 15.5234
1.18166 9.52083
1.18739 9.96639
1.19313 13.7706
1.19886 13.3107
1.2046 11.5043
1.21034 11.5607
1.21607 12.5545
1.22181 11.7273
1.22754 13.735
1.23328 13.9813
1.23902 13.2411
1.24475 13.605
1.25049 13.1468
1.25623 15.213
1.26196 12.5214
1.2677 12.5565
1.27343 11.4324
1.27917 12.8898
1.28491 13.7119
1.29064 9.69911
1.29638 13.1638
1.30212 10.8974
1.30785 9.91597
1.31359 10.4828
1.31932 12.2126
1.32506 11.7395
1.3308 11.4138
1.33653 11.3889
1.34227 13.8403
1.348 11.1102
1.35374 14.6637
1.35948 13.36
1.36521 12.3053
1.37095 12.9727
1.37669 11.2734
1.38242 13.9754
1.38816 11.4809
1.39389 12.8898
1.39963 14.1742
1.40537 13.3953
1.4111 12.9554
1.41684 14.7063
1.42258 17.5111
1.42831 17.5785
1.43405 13.6077
1.43978 14.8667
1.44552 14.7971
1.45126 12.9576
1.45699 12.6383
1.46273 16.1591
1.46846 14.3651
1.4742 10.6923
1.47994 12.8295
1.48567 11.2857
1.49141 12.6385
1.49715 14.2752
1.50288 13.292
1.50862 12.4516
1.51435 14.6644
1.52009 13.0496
1.52583 12.9237
1.53156 9.85926
1.5373 13.3197
1.54304 14.8936
1.54877 12.3897
1.55451 11.8725
1.56024 12.1168
1.56598 10.8357
1.57172 10.3617
1.57745 13.0878
1.58319 10.4043
1.58892 11.6127
1.59466 10.9933
1.6004 15.4266
1.60613 9.62319
1.61187 10.5235
1.61761 13.6178
1.62334 12.5414
1.62908 10.1871
1.63481 10.2384
1.64055 12.9733
1.64629 12.0548
1.65202 9.5894
1.65776 12.4238
1.6635 12.2044
1.66923 12.6415
1.67497 11.9571
1.6807 10.5036
1.68644 11.3987
1.69218 11.6975
1.69791 11.2092
1.70365 12.5135
1.70938 11.3526
1.71512 13.3926
1.72086 11.4706
1.72659 10.3237
1.73233 10.4516
1.73807 13.7451
1.7438 11.6747
1.74954 11.2264
1.75527 11.7012
1.76101 13.1103
1.76675 11.6188
1.77248 12.9024
1.77822 11.9864
1.78396 13.4583
1.78969 12.0127
1.79543 13.6474
1.80116 12.9172
1.8069 11.4854
1.81264 13.7066
1.81837 11.6133
1.82411 11.9944
1.82984 12.5031
1.83558 13.8121
1.84132 12.7879
1.84705 12.568
1.85279 12.8655
1.85853 12.4187
1.86426 12.1977
1.87 12.2093
1.87573 12.9187
1.88147 14.4181
1.88721 11.7558
1.89294 13.7572
1.89868 12.0118
1.90442 13.546
1.91015 12.7929
1.91589 15.3631
1.92162 28.492
1.92736 21.0678
1.9331 26.0476
1.93883 18.6105
1.94457 19.1852
1.9503 18.5176
1.95604 16.4419
1.96178 17.0829
1.96751 14.4378
1.97325 12.7791
1.97899 14.0963
1.98472 12.734
1.99046 13.7314
1.99619 15.0659
2.00193 13.6474
2.00767 11.6554
2.0134 11.7849
2.01914 14.0213
2.02488 13.2356
2.03061 15.209
2.03635 12.4043
2.04208 15.9189
2.04782 12.8457
2.05356 11.9516
2.05929 12.0939
2.06503 11.825
2.07076 13.6193
2.0765 13.6632
2.08224 13.9745
2.08797 13.7341
2.09371 14.7475
2.09945 14.3838
2.10518 13.6382
2.11092 11.5936
2.11665 14.9692
2.12239 14.2512
2.12813 14.1065
2.13386 13.5124
2.1396 14.6834
2.14534 11.7949
2.15107 13.5936
2.15681 13.7739
2.16254 13.8515
2.16828 15.837
2.17402 15.872
2.17975 13.5
2.18549 14.9312
2.19122 13.4752
2.19696 15.3663
2.2027 13.5268
2.20843 15.7921
2.21417 18.066
2.21991 27.7512
2.22564 40.6011
2.23138 51.1943
2.23711 28.0386
2.24285 18.7981
2.24859 17.8125
2.25432 16.1416
2.26006 16.7087
2.2658 15.8333
2.27153 15.4698
2.27727 14.218
2.283 13.9701
2.28874 15.9216
2.29448 16.9955
2.30021 14.0142
2.30595 15.596
2.31168 16.0463
2.31742 14.1643
2.32316 16.1875
2.32889 18.5935
2.33463 17.0047
2.34037 18.1737
2.3461 20.4198
2.35184 20.2308
2.35757 23.5392
2.36331 22.9439
2.36905 23.0461
2.37478 25.1036
2.38052 21.3641
2.38626 21.4192
2.39199 19.859
2.39773 18.5411
2.40346 18.9589
2.4092 17.5247
2.41494 15.81
2.42067 17.6083
2.42641 17.6452
2.43214 17.1645
2.43788 17.1546
2.44362 16.2863
2.44935 15.9657
2.45509 17.1784
2.46083 16.2903
2.46656 17.4192
2.4723 15.2395
2.47803 16.5256
2.48377 16.7788
2.48951 16.3761
2.49524 16.8507
2.50098 15.4286
2.50672 16.4513
2.51245 16.9571
2.51819 16.4676
2.52392 17.1933
2.52966 18.7113
2.5354 18.5
2.54113 16.3333
2.54687 17.9784
2.5526 18.8008
2.55834 17.9054
2.56408 18.5745
2.56981 17.3636
2.57555 18.0452
2.58129 15.7835
2.58702 16.1046
2.59276 16.7695
2.59849 15.7754
2.60423 15.2585
2.60997 15.7759
2.6157 16.3716
2.62144 17.4609
2.62718 15.3106
2.63291 17.7615
2.63865 16.7124
2.64438 18.3539
2.65012 16.208
2.65586 16.3705
2.66159 16.2253
2.66733 15.6639
2.67306 16.634
2.6788 19.5547
2.68454 17.3655
2.69027 18.4659
2.69601 16.9217
2.70175 16.2656
2.70748 14.3128
2.71322 16.519
2.71895 17.705
2.72469 16.3086
2.73043 17.6339
2.73616 16.6125
2.7419 17.2023
2.74764 16.5296
2.75337 16.8139
2.75911 16.2205
2.76484 17.2183
2.77058 16.5021
2.77632 16.6332
2.78205 16.0754
2.78779 16.1931
2.79352 16.4221
2.79926 17.2782
2.805 17.3815
2.81073 16.4463
2.81647 17.0148
2.82221 17.2433
2.82794 16.5397
2.83368 15.3417
2.83941 17.1733
2.84515 16.836
2.85089 16.3992
2.85662 15.1236
2.86236 15.6489
2.8681 17.1748
2.87383 17.9925
2.87957 15.4964
2.8853 16.9036
2.89104 15.9087
2.89678 16.0642
2.90251 15.8774
2.90825 17.3425
2.91398 17.7117
2.91972 17.2202
2.92546 19.0425
2.93119 16.9623
2.93693 18.3682
2.94267 18.0344
2.9484 16.9623
2.95414 18.1907
2.95987 17.7194
2.96561 17.2769
2.97135 20.0676
2.97708 19.4149
2.98282 18.2271
2.98856 17.2786
2.99429 18.6571
3.00003 18.8736
3.00576 21.7452
3.0115 20.4596
3.01724 22.4118
3.02297 19.7405
3.02871 18.6655
3.03444 18.1792
3.04018 17.9856
3.04592 18.1397
3.05165 18.3333
3.05739 17.9929
3.06313 18.8288
3.06886 18.7973
3.0746 21.2807
3.08033 18.4746
3.08607 19.5213
3.09181 17.4819
3.09754 20.3806
3.10328 20.9135
3.10902 27.2945
3.11475 28.7186
3.12049 26.2381
3.12622 24.0783
3.13196 22.1388
3.1377 20.3133
3.14343 20.4571
3.14917 24.1592
3.1549 32.9184
3.16064 30.8787
3.16638 28.8713
3.17211 25.0486
3.17785 21.3857
3.18359 22.1828
3.18932 23.9233
3.19506 21.3872
3.20079 20.9517
3.20653 20.4072
3.21227 22.1433
3.218 21.3403
3.22374 21.3924
3.22948 23.3378
3.23521 23.6492
3.24095 23.3048
3.24668 25.0762
3.25242 27.01
3.25816 25.3415
3.26389 23.1548
3.26963 24.7911
3.27536 23.1485
3.2811 22.8199
3.28684 24.9906
3.29257 24.0328
3.29831 25.5357
3.30405 27.7917
3.30978 27.8951
3.31552 29.5461
3.32125 31.1729
3.32699 33.1495
3.33273 36.2115
3.33846 34.569
3.3442 34.7179
3.34994 35.1562
3.35567 32.8738
3.36141 33.8959
3.36714 34.1891
3.37288 32.8925
3.37862 29.8294
3.38435 27.6031
3.39009 28.2929
3.39582 27.3268
3.40156 26.6572
3.4073 26.5746
3.41303 27.1881
3.41877 27.9241
3.42451 29.8235
3.43024 30.758
3.43598 29.5347
3.44171 29.116
3.44745 27.1883
3.45319 28.6928
3.45892 28.8839
3.46466 27.4551
3.4704 28.2292
3.47613 29.3278
3.48187 26.9036
3.4876 28.1238
3.49334 28.9714
3.49908 28.9745
3.50481 28.009
3.51055 30.2781
3.51628 31.7258
3.52202 32.7477
3.52776 32.5963
3.53349 35.0346
3.53923 39.0895
3.54497 47.7367
3.5507 62.4667
3.55644 72.3858
3.56217 71.0896
3.56791 57.1384
3.57365 46.3168
3.57938 40.9942
3.58512 36.92
3.59086 34.3949
3.59659 33.8889
3.60233 34.8601
3.60806 33.7061
3.6138 34.2794
3.61954 36.7134
3.62527 35.1867
3.63101 36.2617
3.63674 38.9003
3.64248 43.6908
3.64822 51.8885
3.65395 59.982
3.65969 63.1176
3.66543 63.1532
3.67116 60.5266
3.6769 58.3542
3.68263 58.1111
3.68837 56.3778
3.69411 56.4194
3.69984 66.2776
3.70558 66.8152
3.71132 60.8012
3.71705 56.4609
3.72279 55.4315
3.72852 55.1015
3.73426 55.5313
3.74 54.6882
3.74573 57.9051
3.75147 57.8902
3.7572 60.1412
3.76294 62.2406
3.76868 61.2393
3.77441 64.8239
3.78015 65.2591
3.78589 69.7758
3.79162 72.1487
3.79736 78.545
3.80309 79.2083
3.80883 84.3642
3.81457 90.449
3.8203 98.0571
3.82604 103.095
3.83178 113.742
3.83751 126.228
3.84325 139.985
3.84898 159.139
3.85472 193.189
3.86046 247.425
3.86619 308.266
3.87193 512.779
3.87766 627.725
3.8834 672.173
3.88914 882.927
3.89487 1245.6
3.90061 1642.48
3.90635 1943.68
3.91208 1976.19
3.91782 1547.39
3.92355 1112.77
3.92929 787.118
3.93503 541.332
3.94076 391.992
3.9465 301.554
3.95224 246.042
3.95797 204.833
3.96371 173.779
3.96944 156.714
3.97518 140.796
3.98092 126.082
3.98665 118.347
3.99239 111.951
3.99812 104.035
4.00386 96.6236
4.0096 92.8665
4.01533 88.1263
4.02107 85.635
4.02681 82.4416
4.03254 80.7433
4.03828 78.9123
4.04401 79.9284
4.04975 79.311
4.05549 76.0559
4.06122 74.4306
4.06696 71.0156
4.0727 68.9091
4.07843 67.3127
4.08417 65.2005
4.0899 65.1837
4.09564 65.359
4.10138 61.6835
4.10711 61.987
4.11285 63.8163
4.11858 60.9278
4.12432 59.4974
4.13006 60.6277
4.13579 60.3169
4.14153 58.4531
4.14727 59.5593
4.153 58.685
4.15874 57.8669
4.16447 57.0893
4.17021 58.8987
4.17595 58.6
4.18168 57.1973
4.18742 56.4522
4.19316 58.447
4.19889 56.8736
4.20463 58.4803
4.21036 61.0487
4.2161 64.6737
4.22184 65.0491
4.22757 62.0107
4.23331 57.7129
4.23904 57.8798
4.24478 57.4328
4.25052 57.8651
4.25625 57.5041
4.26199 60.3885
4.26773 60.6931
4.27346 60.7795
4.2792 58.5866
4.28493 57.3519
4.29067 61.0076
4.29641 60.2247
4.30214 60.4049
4.30788 62.8861
4.31362 62.3836
4.31935 63.5822
4.32509 66.415
4.33082 68.2729
4.33656 69.5947
4.3423 71.3406
4.34803 71.5714
4.35377 75.0934
4.3595 77.7506
4.36524 80.1302
4.37098 80.3781
4.37671 86.3684
4.38245 85.9106
4.38819 93.1527
4.39392 97.5302
4.39966 102.052
4.40539 109.827
4.41113 114.38
4.41687 121.69
4.4226 129.659
4.42834 138.899
4.43408 160.258
4.43981 171.358
4.44555 207.743
4.45128 267.885
4.45702 431.653
4.46276 896.504
4.46849 2652.09
4.47423 8341
4.47996 9503.84
4.4857 7975.03
4.49144 2818.27
4.49717 1248.06
4.50291 1007.32
4.50865 794.494
4.51438 701.584
4.52012 639.876
4.52585 526.21
4.53159 437.246
4.53733 356.298
4.54306 286.751
4.5488 233.08
4.55454 192.087
4.56027 163.57
4.56601 143.254
4.57174 131.102
4.57748 116.221
4.58322 105.365
4.58895 100.835
4.59469 90.7665
4.60042 88.3491
4.60616 80.1776
4.6119 77.9767
4.61763 71.4867
4.62337 69.6697
4.62911 67.8639
4.63484 66.5694
4.64058 66.6667
4.64631 62.6835
4.65205 59.7891
4.65779 56.2028
4.66352 54.1826
4.66926 52.9275
4.675 51.1032
4.68073 49.3595
4.68647 49.2688
4.6922 49.7845
4.69794 49.6131
4.70368 48.595
4.70941 48.0277
4.71515 51.5263
4.72088 49.058
4.72662 49.9884
4.73236 51.5798
4.73809 52.1259
4.74383 50.3772
4.74957 52.4365
4.7553 50.8507
4.76104 49.0858
4.76677 48.5888
4.77251 44.3165
4.77825 45.3628
4.78398 42.76
4.78972 41.8541
4.79546 39.7467
4.80119 39.6899
4.80693 36.5968
4.81266 37.8483
4.8184 37.1149
4.82414 34.5335
4.82987 33.9977
4.83561 36.4624
4.84134 35.7478
4.84708 34.4581
4.85282 34.0192
4.85855 34.7555
4.86429 35.4169
4.87003 36.5681
4.87576 38.42
4.8815 39.2721
4.88723 34.6547
4.89297 33.1542
4.89871 33.6847
4.90444 33.3946
4.91018 32.4714
4.91592 33.0066
4.92165 33.6753
4.92739 31.5388
4.93312 31.1848
4.93886 31.4967
4.9446 33.2755
4.95033 31.145
4.95607 32.3341
4.9618 32.9353
4.96754 30.9817
4.97328 31.8433
4.97901 31.5171
4.98475 31.9463
4.99049 31.8386
4.99622 35.5414
5.00196 35.1444
5.00769 39.1153
5.01343 33.883
5.01917 32.861
5.0249 30.5467
5.03064 30.1123
5.03638 30.829
5.04211 30.8587
5.04785 30.3456
5.05358 29.7201
5.05932 31.2397
5.06506 30.3912
5.07079 28.7768
5.07653 26.7325
5.08226 30.1842
5.088 30.32
5.09374 29.2764
5.09947 29.6087
5.10521 28.5636
5.11095 29.6346
5.11668 30.2902
5.12242 29.7412
5.12815 29.8195
5.13389 29.5281
5.13963 30.194
5.14536 28.2253
5.1511 30.1816
5.15684 29.2008
5.16257 31.2435
5.16831 29.7686
5.17404 30.6727
5.17978 30.8632
5.18552 31.4538
5.19125 31.1656
5.19699 30.6867
5.20272 29.6565
5.20846 30.2004
5.2142 29.5685
5.21993 30.0342
5.22567 29.2976
5.23141 29.386
5.23714 31.0955
5.24288 30.2281
5.24861 31.2521
5.25435 31.4436
5.26009 31.6701
5.26582 33.032
5.27156 33.2249
5.2773 31.7021
5.28303 30.1303
5.28877 32.9572
5.2945 31.449
5.30024 32.553
5.30598 32.3306
5.31171 31.4068
5.31745 31.2158
5.32318 32.3987
5.32892 33.3294
5.33466 32.7321
5.34039 31
5.34613 31.3816
5.35187 31.1754
5.3576 31.2119
5.36334 31.3552
5.36907 30.2553
5.37481 29.0124
5.38055 30.2328
5.38628 31.2545
5.39202 32.9684
5.39776 36.7339
5.40349 39.5094
5.40923 41.3169
5.41496 40.1156
5.4207 35.2412
5.42644 31.9981
5.43217 32.2901
5.43791 30.9232
5.44364 30.0998
5.44938 30.4364
5.45512 30.9518
5.46085 29.9979
5.46659 30.0651
5.47233 30.8972
5.47806 30.9703
5.4838 32.2424
5.48953 31.4062
5.49527 30.7033
5.50101 29.3899
5.50674 30.7306
5.51248 30.7734
5.51822 28.7255
5.52395 30.5449
5.52969 30.5624
5.53542 31.828
5.54116 30.2316
5.5469 30.5458
5.55263 29.9902
5.55837 29.9858
5.5641 30.0798
5.56984 29.744
5.57558 29.6992
5.58131 29.9446
5.58705 29.937
5.59279 30.8706
5.59852 30.8029
5.60426 30.4502
5.60999 30.8407
5.61573 29.3451
5.62147 30.9437
5.6272 31.6417
5.63294 31.05
5.63868 31.1889
5.64441 30.3708
5.65015 30.7774
5.65588 30.8932
5.66162 31.6536
5.66736 30.6506
5.67309 31.6477
5.67883 30.9301
5.68456 31.6986
5.6903 31.1719
5.69604 32.2609
5.70177 32.2801
5.70751 32.3428
5.71325 31.6493
5.71898 32.842
5.72472 34.5488
5.73045 35.489
5.73619 35.0573
5.74193 35.7944
5.74766 35.9286
5.7534 34.7529
5.75914 34.7988
5.76487 34.3109
5.77061 32.1941
5.77634 35.3942
5.78208 39.397
5.78782 36.2652
5.79355 37.9885
5.79929 38.37
5.80502 38.3396
5.81076 37.4134
5.8165 38.4058
5.82223 38.7486
5.82797 36.7463
5.83371 37.3536
5.83944 36.2609
5.84518 36.196
5.85091 37.3701
5.85665 37.0716
5.86239 37.3412
5.86812 36.9785
5.87386 38.1723
5.8796 37.4538
5.88533 37.1617
5.89107 36.7113
5.8968 37.5714
5.90254 37.5542
5.90828 37.6661
5.91401 37.5373
5.91975 38.5076
5.92548 38.0429
5.93122 38.3974
5.93696 39.3153
5.94269 39.1655
5.94843 38.212
5.95417 38.8964
5.9599 39.1695
5.96564 40.8729
5.97137 41.5193
5.97711 40.9105
5.98285 40.6861
5.98858 42.0931
5.99432 42.471
6.00006 43.7148
6.00579 43.583
6.01153 45.1805
6.01726 46.9583
6.023 48.2014
6.02874 51.5745
6.03447 51.6742
6.04021 50.4323
6.04594 47.2424
6.05168 46.5305
6.05742 46.4144
6.06315 46.3611
6.06889 47.3096
6.07463 47.7124
6.08036 48.0681
6.0861 48.7257
6.09183 49.7416
6.09757 51.5993
6.10331 51.5477
6.10904 52.187
6.11478 53.6898
6.12052 54.2394
6.12625 54.014
6.13199 53.7406
6.13772 55.6655
6.14346 54.6174
6.1492 54.9066
6.15493 57.3416
6.16067 57.1807
6.1664 59.559
6.17214 62.3358
6.17788 61.5236
6.18361 62.8086
6.18935 65.6083
6.19509 67.9052
6.20082 68.4062
6.20656 69.8308
6.21229 72.3397
6.21803 77.7169
6.22377 78.2807
6.2295 83.1139
6.23524 88.373
6.24098 91.2586
6.24671 94.6342
6.25245 101.793
6.25818 105.193
6.26392 106.94
6.26966 111.409
6.27539 121.745
6.28113 122.285
6.28686 135.031
6.2926 150.126
6.29834 170.915
6.30407 180.691
6.30981 274.663
6.31555 698.91
6.32128 515.507
6.32702 3960.36
6.33275 4728.56
6.33849 8867.17
6.34423 7654.3
6.34996 5467.41
6.3557 1975.27
6.36144 835.679
6.36717 649.602
6.37291 527.49
6.37864 478.158
6.38438 485.998
6.39012 502.443
6.39585 522.009
6.40159 489.786
6.40732 431.827
6.41306 366.862
6.4188 304.255
6.42453 247.538
6.43027 212.337
6.43601 182.415
6.44174 156.576
6.44748 141.635
6.45321 129.783
6.45895 121.428
6.46469 114.627
6.47042 110.468
6.47616 108.713
6.4819 103.117
6.48763 98.0497
6.49337 91.1047
6.4991 86.7839
6.50484 82.5407
6.51058 80.6954
6.51631 78.7635
6.52205 76.8487
6.52778 74.4083
6.53352 72.0669
6.53926 70.9327
6.54499 70.0032
6.55073 69.7538
6.55647 67.8946
6.5622 68.1165
6.56794 67.3983
6.57367 66.5317
6.57941 65.335
6.58515 63.5661
6.59088 65.0275
6.59662 65.8827
6.60236 63.9701
6.60809 62.5707
6.61383 62.2559
6.61956 60.3983
6.6253 60.4212
6.63104 60.3257
6.63677 58.4891
6.64251 58.1299
6.64824 57.9856
6.65398 57.1795
6.65972 57.051
6.66545 56.5644
6.67119 56.3123
6.67693 55.7587
6.68266 55.9871
6.6884 56.794
6.69413 57.3641
6.69987 59.2672
6.70561 57.754
6.71134 58.4379
6.71708 55.9195
6.72282 56.3169
6.72855 55.5719
6.73429 57.3095
6.74002 54.8901
6.74576 54.5888
6.7515 54.3196
6.75723 54.5937
6.76297 54.7026
6.7687 53.7948
6.77444 53.7832
6.78018 51.5399
6.78591 52.4414
6.79165 53.2094
6.79739 53.2462
6.80312 53.163
6.80886 51.7962
6.81459 52.5579
6.82033 51.2706
6.82607 51.1352
6.8318 52.4736
6.83754 52.6972
6.84328 53.3769
6.84901 52.5125
6.85475 52.5801
6.86048 51.3109
6.86622 51.621
6.87196 51.9415
6.87769 52.0624
6.88343 52.0388
6.88916 53.1146
6.8949 51.5537
6.90064 50.6667
6.90637 51.6713
6.91211 51.1282
6.91785 50.6493
6.92358 51.8997
6.92932 51.6327
6.93505 51.8697
6.94079 50.7238
6.94653 50.8563
6.95226 50.4618
6.958 50.5575
6.96374 50.5213
6.96947 51.2094
6.97521 49.9733
6.98094 50.8349
6.98668 50.8378
6.99242 50.2286
6.99815 51.0178
7.00389 51.1471
7.00962 51.6836
7.01536 50.4147
7.0211 50.1299
7.02683 50.2802
7.03257 50.8637
7.03831 51.294
7.04404 50.3958
7.04978 51.3073
7.05551 51.9908
7.06125 51.3117
7.06699 52.1273
7.07272 51.0682
7.07846 52.0829
7.0842 53.4759
7.08993 53.5061
7.09567 53.4182
7.1014 53.034
7.10714 53.0046
7.11288 53.8945
7.11861 52.9002
7.12435 54.7237
7.13008 54.8735
7.13582 55.8261
7.14156 54.97
7.14729 57.4099
7.15303 53.7585
7.15877 54.2534
7.1645 54.8676
7.17024 52.7271
7.17597 54.5492
7.18171 54.4779
7.18745 54.6618
7.19318 54.815
7.19892 55.3487
7.20466 57.0519
7.21039 56.1784
7.21613 57.8548
7.22186 58.2204
7.2276 58.4282
7.23334 58.5853
7.23907 58.9104
7.24481 59.3579
7.25054 59.7732
7.25628 61.0076
7.26202 59.8358
7.26775 59.623
7.27349 60.4715
7.27923 59.6872
7.28496 60.3968
7.2907 61.6393
7.29643 60.8726
7.30217 62.9377
7.30791 62.9568
7.31364 63.9184
7.31938 63.5895
7.32512 64.3791
7.33085 66.7043
7.33659 67.9746
7.34232 69.2504
7.34806 69.7779
7.3538 71.3619
7.35953 71.6878
7.36527 72.1948
7.371 74.6084
7.37674 76.6657
7.38248 79.4651
7.38821 81.1888
7.39395 84.5618
7.39969 86.3022
7.40542 93.2614
7.41116 100.677
7.41689 118.343
7.42263 173.006
7.42837 329.192
7.4341 439.158
7.43984 1136.56
7.44558 1243.25
7.45131 615.762
7.45705 358.49
7.46278 275.795
7.46852 279.363
7.47426 273.538
7.47999 301.931
7.48573 334.087
7.49146 382.632
7.4972 431.313
7.50294 461.268
7.50867 455.762
7.51441 407.491
7.52015 344.648
7.52588 285.161
7.53162 234.714
7.53735 196.442
7.54309 166.58
7.54883 144.358
7.55456 127.131
7.5603 112.804
7.56604 102.045
7.57177 94.1091
7.57751 87.1694
7.58324 82.6607
7.58898 79.3722
7.59472 76.9167
7.60045 72.8101
7.60619 71.5204
7.61192 70.1507
7.61766 69.8878
7.6234 67.3081
7.62913 65.9211
7.63487 63.7718
7.64061 64.1595
7.64634 62.4298
7.65208 61.2835
7.65781 60.2694
7.66355 59.8417
7.66929 59.2251
7.67502 58.7328
7.68076 59.4171
7.6865 58.3281
7.69223 57.8571
7.69797 58.6605
7.7037 60.4042
7.70944 59.0041
7.71518 59.2238
7.72091 59.8205
7.72665 61.2635
7.73238 61.0916
7.73812 62.6746
7.74386 67.4242
7.74959 87.8375
7.75533 85.631
7.76107 159.881
7.7668 117.938
7.77254 184.192
7.77827 217.41
7.78401 138.457
7.78975 115.315
7.79548 105.156
7.80122 108.939
7.80696 115.309
7.81269 126.295
7.81843 139.897
7.82416 156.379
7.8299 178.408
7.83564 192.316
7.84137 190.835
7.84711 177.484
7.85284 154.721
7.85858 130.717
7.86432 110.162
7.87005 95.9932
7.87579 83.5548
7.88153 75.25
7.88726 67.867
7.893 63.4107
7.89873 58.9511
7.90447 57.0185
7.91021 54.3111
7.91594 53.7358
7.92168 51.9137
7.92742 49.9458
7.93315 49.7746
7.93889 49.6544
7.94462 49.2225
7.95036 49.2192
7.9561 51.5464
7.96183 63.2373
7.96757 46.923
7.9733 57.7917
7.97904 47.2186
7.98478 44.5069
7.99051 45.5509
7.99625 45.2454
8.00199 43.9766
8.00772 44.0562
8.01346 43.5739
8.01919 42.5665
8.02493 44.2609
8.03067 43.6416
8.0364 43.0367
8.04214 43.1167
8.04788 42.8393
8.05361 42.3233
8.05935 43.1058
8.06508 41.63
8.07082 42.055
8.07656 42.0713
8.08229 40.5716
8.08803 41.6961
8.09376 43.1682
8.0995 41.6085
8.10524 41.3175
8.11097 41.0885
8.11671 42.2641
8.12245 39.6214
8.12818 40.0422
8.13392 38.6037
8.13965 36.3937
8.14539 36.2703
8.15113 36.8219
8.15686 33.4367
8.1626 34.3623
8.16834 35.5134
8.17407 35.9367
8.17981 36.9923
8.18554 35.8706
8.19128 35.2237
8.19702 36.0514
8.20275 36.4926
8.20849 35.2198
8.21422 35.9376
8.21996 36.1078
8.2257 35.2261
8.23143 36.3525
8.23717 35.5204
8.24291 35.6285
8.24864 36.425
8.25438 36.14
8.26011 35.0406
8.26585 35.9207
8.27159 36.4991
8.27732 36.7543
8.28306 37.7399
8.2888 35.9136
8.29453 36.9284
8.30027 36.2736
8.306 36.5717
8.31174 34.6316
8.31748 35.9336
8.32321 36.0022
8.32895 36.444
8.33468 35.2998
8.34042 34.5629
8.34616 35.308
8.35189 34.2195
8.35763 35.1908
8.36337 35.0219
8.3691 36.181
8.37484 34.2534
8.38057 34.169
8.38631 34.7677
8.39205 34.6095
8.39778 34.6275
8.40352 35.8023
8.40926 36.6299
8.41499 34.1756
8.42073 33.9976
8.42646 35.4311
8.4322 37.415
8.43794 35.5039
8.44367 38.0873
8.44941 40.158
8.45514 40.7351
8.46088 41.1049
8.46662 37.9509
8.47235 36.5389
8.47809 35.4761
8.48383 34.7042
8.48956 34.9867
8.4953 35.8975
8.50103 36.704
8.50677 34.2453
8.51251 32.8112
8.51824 32.5926
8.52398 33.0507
8.52972 34.858
8.53545 33.1797
8.54119 34.6907
8.54692 32.4606
8.55266 33.9563
8.5584 34.3441
8.56413 35.4367
8.56987 34.155
8.5756 35.2945
8.58134 34.9969
8.58708 34.202
8.59281 34.9874
8.59855 34.2875
8.60429 35.0512
8.61002 35.5516
8.61576 33.6325
8.62149 34.4759
8.62723 33.466
8.63297 36.0403
8.6387 34.9732
8.64444 33.2362
8.65018 33.3505
8.65591 35.4895
8.66165 34.7849
8.66738 35.9822
8.67312 34.1365
8.67886 35.3409
8.68459 33.5393
8.69033 32.3267
8.69606 31.6545
8.7018 32.5508
8.70754 32.496
8.71327 32.9732
8.71901 33.4421
8.72475 33.3217
8.73048 34.1774
8.73622 34.0043
8.74195 34.8548
8.74769 35.1949
8.75343 33.7094
8.75916 34.839
8.7649 34.8119
8.77064 37.0805
8.77637 35.6607
8.78211 35.9037
8.78784 35
8.79358 32.0148
8.79932 31.693
8.80505 33.7042
8.81079 34.0246
8.81652 33.4028
8.82226 34.9482
8.828 34.4028
8.83373 36.1122
8.83947 34.3797
8.84521 35.8585
8.85094 36.0691
8.85668 36.6308
8.86241 34.3641
8.86815 36.1494
8.87389 36.1897
8.87962 36.0347
8.88536 35.3425
8.8911 35.2406
8.89683 35.0802
8.90257 35.235
8.9083 35.7746
8.91404 35
8.91978 38.3029
8.92551 36.5605
8.93125 37.1707
8.93698 37.1779
8.94272 35.9933
8.94846 39.1394
8.95419 42.3758
8.95993 43.2703
8.96567 58.7826
8.9714 107.362
8.97714 148.975
8.98287 137.077
8.98861 88.9111
8.99435 65.6552
9.00008 45.4444
9.00582 45.6382
9.01156 49.1221
9.01729 43.8618
9.02303 48.7286
9.02876 49.1624
9.0345 48.6098
9.04024 50.845
9.04597 56.5385
9.05171 53.937
9.05744 55.6281
9.06318 58.7379
9.06892 52.7059
9.07465 54.0833
9.08039 53.0598
9.08613 49.4393
9.09186 49.875
9.0976 40.1058
9.10333 45.9271
9.10907 42.0204
9.11481 38.3646
9.12054 39.1705
9.12628 39.7041
9.13202 39.2927
9.13775 36.0217
9.14349 34.4048
9.14922 37.7073
9.15496 33.4756
9.1607 36.1486
9.16643 35.3625
9.17217 33.8356
9.1779 35.2105
9.18364 36.8429
9.18938 35.6029
9.19511 32.1765
9.20085 39.9365
9.20659 33.3846
9.21232 34.4667
9.21806 35.2295
9.22379 34.9636
9.22953 35.3091
9.23527 32.3208
9.241 34
9.24674 33.1429
9.25248 32.4043
9.25821 29.1333
9.26395 32.1364
9.26968 33.3721
9.27542 29.9231
9.28116 38.225
9.28689 40
9.29263 33.2424
9.29836 34
9.3041 25.6061
9.30984 29.6786
9.31557 27.1481
9.32131 21.1481
9.32705 22.9
9.33278 22.7826
9.33852 19.4737
9.34425 28.6667
9.34999 11.3529
9.35573 15.3571
9.36146 23.0909
9.3672 13.0909
9.37294 11.5
9.37867 9.11111
9.38441 1
9.39014 -6
9.39588 0
9.40162 0
9.40735 0
9.41309 0
9.41882 0
9.42456 0
9.4303 0
9.43603 0
9.44177 0
9.44751 0
9.45324 0
9.45898 0
9.46471 0
9.47045 0
9.47619 0
9.48192 0
9.48766 0
9.4934 0
9.49913 0
9.50487 0
9.5106 0
9.51634 0
9.52208 0
9.52781 0
9.53355 0
9.53928 0
9.54502 0
9.55076 0
9.55649 0
9.56223 0
9.56797 0
9.5737 0
9.57944 0
9.58517 0
9.59091 0
9.59665 0
9.60238 0
9.60812 0
9.61386 0
9.61959 0
9.62533 0
9.63106 0
9.6368 0
9.64254 0
9.64827 0
9.65401 0
9.65974 0
9.66548 0
9.67122 0
9.67695 0
9.68269 0
9.68843 0
9.69416 0
9.6999 0
9.70563 0
9.71137 0
9.71711 0
9.72284 0
9.72858 0
9.73432 0
9.74005 0
9.74579 0
9.75152 0
9.75726 0
9.763 0
9.76873 0
9.77447 0
9.7802 0
9.78594 0
9.79168 0
9.79741 0
9.80315 0
9.80889 0
9.81462 0
9.82036 0
9.82609 0
9.83183 0
9.83757 0
9.8433 0
9.84904 0
9.85478 0
9.86051 0
9.86625 0
9.87198 0
9.87772 0
9.88346 0
9.88919 0
9.89493 0
9.90066 0
9.9064 0
9.91214 0
9.91787 0
9.92361 0
9.92935 0
9.93508 0
9.94082 0
9.94655 0
9.95229 0
9.95803 0
9.96376 0
9.9695 0
9.97524 0
9.98097 0
9.98671 0
9.99244 0
9.99818 0
10.0039 0
10.0097 0
10.0154 0
10.0211 0
10.0269 0
10.0326 0
10.0383 0
10.0441 0
10.0498 0
10.0555 0
10.0613 0
10.067 0
10.0728 0
10.0785 0
10.0842 0
10.09 0
10.0957 0
10.1014 0
10.1072 0
10.1129 0
10.1186 0
10.1244 0
10.1301 0
10.1358 0
10.1416 0
10.1473 0
10.1531 0
10.1588 0
10.1645 0
10.1703 0
10.176 0
10.1817 0
10.1875 0
10.1932 0
10.1989 0
10.2047 0
10.2104 0
10.2162 0
10.2219 0
10.2276 0
10.2334 0
10.2391 0
10.2448 0
10.2506 0
10.2563 0
10.262 0
10.2678 0
10.2735 0
10.2793 0
10.285 0
10.2907 0
10.2965 0
10.3022 0
10.3079 0
10.3137 0
10.3194 0
10.3251 0
10.3309 0
10.3366 0
10.3424 0
10.3481 0
10.3538 0
10.3596 0
10.3653 0
10.371 0
10.3768 0
10.3825 0
10.3882 0
10.394 0
10.3997 0
10.4054 0
10.4112 0
10.4169 0
10.4227 0
10.4284 0
10.4341 0
10.4399 0
10.4456 0
10.4513 0
10.4571 0
10.4628 0
10.4685 0
10.4743 0
10.48 0
10.4858 0
10.4915 0
10.4972 0
10.503 0
10.5087 0
10.5144 0
10.5202 0
10.5259 0
10.5316 0
10.5374 0
10.5431 0
10.5489 0
10.5546 0
10.5603 0
10.5661 0
10.5718 0
10.5775 0
10.5833 0
10.589 0
10.5947 0
10.6005 0
10.6062 0
10.612 0
10.6177 0
10.6234 0
10.6292 0
10.6349 0
10.6406 0
10.6464 0
10.6521 0
10.6578 0
10.6636 0
10.6693 0
10.6751 0
10.6808 0
10.6865 0
10.6923 0
10.698 0
10.7037 0
10.7095 0
10.7152 0
10.7209 0
10.7267 0
10.7324 0
10.7381 0
10.7439 0
10.7496 0
10.7554 0
10.7611 0
10.7668 0
10.7726 0
10.7783 0
10.784 0
10.7898 0
10.7955 0
10.8012 0
10.807 0
10.8127 0
10.8185 0
10.8242 0
10.8299 0
10.8357 0
10.8414 0
10.8471 0
10.8529 0
10.8586 0
10.8643 0
10.8701 0
10.8758 0
10.8816 0
10.8873 0
10.893 0
10.8988 0
10.9045 0
10.9102 0
10.916 0
10.9217 0
10.9274 0
10.9332 0
10.9389 0
10.9447 0
10.9504 0
10.9561 0
10.9619 0
10.9676 0
10.9733 0
10.9791 0
10.9848 0
10.9905 0
10.9963 0
11.002 0
11.0077 0
11.0135 0
11.0192 0
11.025 0
11.0307 0
11.0364 0
11.0422 0
11.0479 0
11.0536 0
11.0594 0
11.0651 0
11.0708 0
11.0766 0
11.0823 0
11.0881 0
11.0938 0
11.0995 0
11.1053 0
11.111 0
11.1167 0
11.1225 0
11.1282 0
11.1339 0
11.1397 0
11.1454 0
11.1512 0
11.1569 0
11.1626 0
11.1684 0
11.1741 0
11.1798 0
11.1856 0
11.1913 0
11.197 0
11.2028 0
11.2085 0
11.2143 0
11.22 0
11.2257 0
11.2315 0
11.2372 0
11.2429 0
11.2487 0
11.2544 0
11.2601 0
11.2659 0
11.2716 0
11.2774 0
11.2831 0
11.2888 0
11.2946 0
11.3003 0
11.306 0
11.3118 0
11.3175 0
11.3232 0
11.329 0
11.3347 0
11.3404 0
11.3462 0
11.3519 0
11.3577 0
11.3634 0
11.3691 0
11.3749 0
11.3806 0
11.3863 0
11.3921 0
11.3978 0
11.4035 0
11.4093 0
11.415 0
11.4208 0
11.4265 0
11.4322 0
11.438 0
11.4437 0
11.4494 0
11.4552 0
11.4609 0
11.4666 0
11.4724 0
11.4781 0
11.4839 0
11.4896 0
11.4953 0
11.5011 0
11.5068 0
11.5125 0
11.5183 0
11.524 0
11.5297 0
11.5355 0
11.5412 0
11.547 0
11.5527 0
11.5584 0
11.5642 0
11.5699 0
11.5756 0
11.5814 0
11.5871 0
11.5928 0
11.5986 0
11.6043 0
11.61 0
11.6158 0
11.6215 0
11.6273 0
11.633 0
11.6387 0
11.6445 0
11.6502 0
11.6559 0
11.6617 0
11.6674 0
11.6731 0
11.6789 0
11.6846 0
11.6904 0
11.6961 0
11.7018 0
11.7076 0
11.7133 0
11.719 0
11.7248 0
11.7305 0
11.7362 0
11.742 0
