0 0
0.00573619 4
0.0114724 -16
0.0172086 -5.5
0.0229448 4.33333
0.028681 1
0.0344171 -7.5
0.0401533 3.2
0.0458895 -0.8
0.0516257 0.666667
0.0573619 -2.16667
0.0630981 3.14286
0.0688343 2.85714
0.0745705 5.33333
0.0803067 1.88889
0.0860429 4.66667
0.091779 -4.5
0.0975152 9.23077
0.103251 0
0.108988 -1.22222
0.114724 6.1
0.12046 -9
0.126196 1.06667
0.131932 10.5
0.137669 -2.06667
0.143405 4.76923
0.149141 7.07692
0.154877 1.25
0.160613 3.26667
0.16635 5
0.172086 -0.0833333
0.177822 5.42105
0.183558 -2.17647
0.189294 -4.07143
0.19503 -0.47619
0.200767 -1.47619
0.206503 2.47059
0.212239 4.72222
0.217975 1.2381
0.223711 -1.11765
0.229448 4
0.235184 6.6087
0.24092 -2.04545
0.246656 5.16667
0.252392 2.88
0.258129 8.7037
0.263865 2.33333
0.269601 0.583333
0.275337 1.82759
0.281073 0.12
0.28681 -1.375
0.292546 2.92
0.298282 -5.86207
0.304018 -1.77778
0.309754 -0.933333
0.31549 5.64516
0.321227 2.33333
0.326963 1.96667
0.332699 2.77419
0.338435 -2.84848
0.344171 2.875
0.349908 -1.6
0.355644 -0.6
0.36138 1.45161
0.367116 3.26471
0.372852 3.33333
0.378589 8.81081
0.384325 4.6875
0.390061 7.41026
0.395797 4.82051
0.401533 3.42308
0.40727 3.37209
0.413006 7.27027
0.418742 7.925
0.424478 13.2941
0.430214 12.6444
0.43595 14.4634
0.441687 13.3438
0.447423 12.0851
0.453159 14.6667
0.458895 15.4651
0.464631 11.6818
0.470368 12.8049
0.476104 13.4255
0.48184 14.1111
0.487576 12.9038
0.493312 15.1463
0.499049 18.05
0.504785 17.1053
0.510521 15.5333
0.516257 13.8605
0.521993 12.6591
0.52773 17.8113
0.533466 20.4
0.539202 18.2917
0.544938 20.8235
0.550674 17.9038
0.55641 23.7292
0.562147 19
0.567883 18.4386
0.573619 17.1778
0.579355 18.1296
0.585091 16.3509
0.590828 16.5472
0.596564 17.875
0.6023 11.0714
0.608036 14.2462
0.613772 16.7143
0.619509 16.6552
0.625245 13.5254
0.630981 18.7818
0.636717 21.3621
0.642453 18.1053
0.64819 22.2698
0.653926 20.75
0.659662 21.5538
0.665398 21.8125
0.671134 19.5789
0.67687 21.7097
0.682607 24.1905
0.688343 22.8507
0.694079 23.1111
0.699815 18.8261
0.705551 24.0154
0.711288 27.2364
0.717024 21.2297
0.72276 20.0164
0.728496 22.1143
0.734232 25.8438
0.739969 19.9565
0.745705 27.6479
0.751441 21.0862
0.757177 24.2987
0.762913 27.9403
0.76865 27.7681
0.774386 23.8824
0.780122 20.5342
0.785858 25.2857
0.791594 23.5167
0.79733 19.7561
0.803067 21.6957
0.808803 22.6714
0.814539 19.642
0.820275 21.3944
0.826011 20.3636
0.831748 19.4306
0.837484 21.8353
0.84322 24.4
0.848956 21.0972
0.854692 21.0941
0.860429 20.2469
0.866165 22.3973
0.871901 18.35
0.877637 22.8554
0.883373 23.4286
0.88911 23.141
0.894846 20.8353
0.900582 23.2289
0.906318 19.5811
0.912054 21.3333
0.91779 22.8161
0.923527 22.4416
0.929263 21.8023
0.934999 24.1868
0.940735 22.716
0.946471 25.9762
0.952208 19.6824
0.957944 20.828
0.96368 19.3846
0.969416 21.6421
0.975152 21
0.980889 20.8235
0.986625 19.5581
0.992361 21.3684
0.998097 25.3263
1.00383 20.45
1.00957 20.9899
1.01531 22.9691
1.02104 21.6905
1.02678 20.9271
1.03251 23.6264
1.03825 20.7
1.04399 22.0349
1.04972 23.8812
1.05546 20.297
1.0612 22.2561
1.06693 21.1308
1.07267 22.9011
1.0784 22.5825
1.08414 20.2653
1.08988 22.41
1.09561 23.7619
1.10135 25.4186
1.10708 23.6818
1.11282 21.9474
1.11856 26.9184
1.12429 21.2476
1.13003 28.9429
1.13577 21.6286
1.1415 20.5882
1.14724 22.4128
1.15297 20.97
1.15871 20.25
1.16445 19.8696
1.17018 23.1238
1.17592 23.757
1.18166 21.3854
1.18739 19.2773
1.19313 18.5963
1.19886 21.9709
1.2046 18.8087
1.21034 24.0841
1.21607 18.5
1.22181 24.3727
1.22754 17.9915
1.23328 24.3178
1.23902 19.5268
1.24475 21.0672
1.25049 19.8073
1.25623 22.037
1.26196 21.6239
1.2677 22.0081
1.27343 22.9279
1.27917 21.3729
1.28491 20.178
1.29064 21.2035
1.29638 22.1724
1.30212 19.735
1.30785 20.1092
1.31359 19.7241
1.31932 23.3937
1.32506 23.0588
1.3308 21.7931
1.33653 22.7778
1.34227 21.4958
1.348 19.9528
1.35374 21.2212
1.35948 22.712
1.36521 19.084
1.37095 20.9
1.37669 21.2158
1.38242 20.3607
1.38816 21.5878
1.39389 21.6949
1.39963 23.5606
1.40537 20.5736
1.4111 22.25
1.41684 18.4685
1.42258 21.6593
1.42831 22.7273
1.43405 21.3231
1.43978 24.4741
1.44552 21.7391
1.45126 21.8729
1.45699 20.234
1.46273 19.9091
1.46846 23.1349
1.4742 22.1469
1.47994 23.2791
1.48567 20.3158
1.49141 21.8077
1.49715 21.4832
1.50288 21.0949
1.50862 19.9274
1.51435 21.637
1.52009 23.0142
1.52583 20.0305
1.53156 20.3778
1.5373 22.1361
1.54304 18.6241
1.54877 21.8603
1.55451 19
1.56024 21.2263
1.56598 23.0071
1.57172 21.4043
1.57745 19.4392
1.58319 21.8298
1.58892 22.5986
1.59466 21.5267
1.6004 18.6713
1.60613 17.6014
1.61187 21.6846
1.61761 20.7197
1.62334 21.8872
1.62908 21.0452
1.63481 21.9669
1.64055 20.1267
1.64629 20.6027
1.65202 19.3974
1.65776 17.3311
1.6635 18.9124
1.66923 18.6667
1.67497 20.5337
1.6807 20.0219
1.68644 21.0253
1.69218 23.9568
1.69791 22.634
1.70365 21.6959
1.70938 23.1987
1.71512 18.9755
1.72086 21.4779
1.72659 20.3468
1.73233 20.2194
1.73807 21.7582
1.7438 19.6928
1.74954 18.1069
1.75527 20.3841
1.76101 24.2059
1.76675 20.4475
1.77248 24.7866
1.77822 22.2245
1.78396 21.9167
1.78969 20.9108
1.79543 19.8613
1.80116 20.3376
1.8069 21.0175
1.81264 23.1976
1.81837 20.68
1.82411 23.45
1.82984 24.3043
1.83558 21.4364
1.84132 24.6545
1.84705 21.5976
1.85279 21.0936
1.85853 20.6437
1.86426 20.4689
1.87 22.2733
1.87573 21.325
1.88147 21.3729
1.88721 24.1802
1.89294 21.4046
1.89868 24.4882
1.90442 23.3966
1.91015 27.4201
1.91589 42.1071
1.92162 44.2086
1.92736 28.8249
1.9331 29.0119
1.93883 29.2093
1.94457 26.8783
1.9503 27.1294
1.95604 26.0988
1.96178 22.1492
1.96751 23.8973
1.97325 21.9632
1.97899 23.754
1.98472 22.1064
1.99046 22.9657
1.99619 22.5989
2.00193 23.3211
2.00767 23.2429
2.0134 24.0174
2.01914 23.0479
2.02488 21.6702
2.03061 20.6836
2.03635 22.8511
2.04208 20.9027
2.04782 21.7606
2.05356 23.1935
2.05929 24.9116
2.06503 22.565
2.07076 24.2898
2.0765 22.0829
2.08224 22.2092
2.08797 22.2197
2.09371 23.7424
2.09945 22.1568
2.10518 24.1658
2.11092 24.8235
2.11665 23.1949
2.12239 25.7343
2.12813 23.3787
2.13386 23.7065
2.1396 25.206
2.14534 20.4205
2.15107 22.2353
2.15681 22.7588
2.16254 23.4257
2.16828 24.6793
2.17402 24.1896
2.17975 22.84
2.18549 22.1323
2.19122 24.0198
2.19696 25.4109
2.2027 27.0439
2.20843 36.7079
2.21417 51.9057
2.21991 68.554
2.22564 39.388
2.23138 29.5924
2.23711 26.6957
2.24285 26.0288
2.24859 27.9635
2.25432 24.589
2.26006 25.1893
2.2658 24.543
2.27153 22.2651
2.27727 25.4692
2.283 23.7463
2.28874 24.4314
2.29448 24.4865
2.30021 27.9194
2.30595 23.9949
2.31168 26.3843
2.31742 25.8599
2.32316 25.9904
2.32889 29.0234
2.33463 30.2817
2.34037 30.0751
2.3461 30.25
2.35184 33.5294
2.35757 36.2794
2.36331 36.0327
2.36905 36.2995
2.37478 34.3243
2.38052 33.3041
2.38626 32.1818
2.39199 31.8718
2.39773 32.9082
2.40346 28.5662
2.4092 31.4305
2.41494 28.8009
2.42067 27.5438
2.42641 27.0369
2.43214 27.5887
2.43788 26.4589
2.44362 25.5991
2.44935 28.5236
2.45509 28.2488
2.46083 26.5161
2.46656 25.7074
2.4723 27.7815
2.47803 26.0837
2.48377 28.3496
2.48951 27.0556
2.49524 27.3032
2.50098 25
2.50672 26.9159
2.51245 28.5923
2.51819 30.0185
2.52392 28.8193
2.52966 27.6569
2.5354 28.3519
2.54113 26.7083
2.54687 24.9264
2.5526 27.6737
2.55834 26.9144
2.56408 28.3574
2.56981 28.3967
2.57555 29.6516
2.58129 29.3333
2.58702 28.0042
2.59276 27.856
2.59849 26.322
2.60423 27.1525
2.60997 27.7054
2.6157 29.0734
2.62144 27.9688
2.62718 27.9489
2.63291 28.9038
2.63865 30.2489
2.64438 28.6996
2.65012 28.604
2.65586 28.75
2.66159 26.4585
2.66733 28.5287
2.67306 27.4511
2.6788 27.875
2.68454 28.7647
2.69027 29.6867
2.69601 29.687
2.70175 31.3281
2.70748 32.2099
2.71322 29.8734
2.71895 30.3372
2.72469 31.6337
2.73043 29.5039
2.73616 30.8
2.7419 29.0973
2.74764 30.1976
2.75337 29.2121
2.75911 27.943
2.76484 27.9365
2.77058 28.9218
2.77632 28.1622
2.78205 30.1151
2.78779 26.7915
2.79352 29.2172
2.79926 28.0075
2.805 29.8594
2.81073 29.8678
2.81647 29.7296
2.82221 28.8631
2.82794 30.127
2.83368 29.0542
2.83941 29.0181
2.84515 28.248
2.85089 30.0155
2.85662 30.2247
2.86236 31.5611
2.8681 31.187
2.87383 30.9396
2.87957 30.8022
2.8853 31.3133
2.89104 31.7034
2.89678 30.766
2.90251 31.2031
2.90825 31.7992
2.91398 32.7591
2.91972 31.3646
2.92546 31.7413
2.93119 32.2075
2.93693 32.3791
2.94267 32.7824
2.9484 32.8
2.95414 32.323
2.95987 32.8489
2.96561 35.6385
2.97135 33.5445
2.97708 34.2305
2.98282 35.8247
2.98856 38.325
2.99429 49.9536
3.00003 37.6952
3.00576 35.6882
3.0115 36.4228
3.01724 35.9758
3.02297 35.271
3.02871 34.759
3.03444 34.0932
3.04018 34.5288
3.04592 34.6801
3.05165 37.0358
3.05739 34.8481
3.06313 36.9494
3.06886 38.2128
3.0746 36.2807
3.08033 36.9928
3.08607 38.4078
3.09181 39.0833
3.09754 39.9031
3.10328 45.0977
3.10902 46.4897
3.11475 45.1322
3.12049 41.9451
3.12622 41.153
3.13196 44.2527
3.1377 45.7233
3.14343 52.5714
3.14917 49.3806
3.1549 42.539
3.16064 41.1324
3.16638 41.7591
3.17211 40.4375
3.17785 41.1058
3.18359 40.6308
3.18932 40.9167
3.19506 41.9798
3.20079 40.9777
3.20653 41.9707
3.21227 41.6246
3.218 42.9271
3.22374 43.0104
3.22948 45.2441
3.23521 44.4557
3.24095 46.2714
3.24668 44.6794
3.25242 45.0233
3.25816 42.912
3.26389 43.3387
3.26963 45.1986
3.27536 45.3333
3.2811 46.3971
3.28684 49.0281
3.29257 49.3607
3.29831 49.1321
3.30405 51.2532
3.30978 53.1902
3.31552 56.1382
3.32125 57.3085
3.32699 58.7741
3.33273 59.9519
3.33846 60.1621
3.3442 58.8621
3.34994 57.9514
3.35567 59.608
3.36141 59.6625
3.36714 58.0577
3.37288 65.5309
3.37862 71.2526
3.38435 67.4738
3.39009 69.1987
3.39582 59.5915
3.40156 54.8208
3.4073 56.8254
3.41303 57.7096
3.41877 60.2112
3.42451 58.9598
3.43024 57.8376
3.43598 56.5611
3.44171 53.7022
3.44745 55.2078
3.45319 55.7398
3.45892 55.8355
3.46466 56.0928
3.4704 57.9203
3.47613 58.9834
3.48187 57.4096
3.4876 58.5683
3.49334 57.6413
3.49908 59.2006
3.50481 61.6119
3.51055 59.3344
3.51628 63.371
3.52202 65.0585
3.52776 69.3913
3.53349 75.195
3.53923 86.2006
3.54497 101.219
3.5507 111.627
3.55644 105.878
3.56217 90.2627
3.56791 79.9214
3.57365 74.413
3.57938 72.1754
3.58512 70.7292
3.59086 72.4395
3.59659 73.3488
3.60233 72.7988
3.60806 74.4424
3.6138 72.6889
3.61954 75.3224
3.62527 79.3253
3.63101 81.2118
3.63674 90.6042
3.64248 97.5173
3.64822 104.257
3.65395 108.009
3.65969 107.009
3.66543 105.901
3.67116 102.922
3.6769 104.271
3.68263 106.236
3.68837 103.663
3.69411 104.73
3.69984 99.6374
3.70558 99.3
3.71132 98.8133
3.71705 101.264
3.72279 103.513
3.72852 103.394
3.73426 106.699
3.74 106.781
3.74573 111.38
3.75147 109.957
3.7572 116.667
3.76294 119.301
3.76868 120.175
3.77441 123.915
3.78015 129.028
3.78589 133.694
3.79162 137.898
3.79736 146.327
3.80309 154.836
3.80883 163.209
3.81457 175.601
3.8203 189.802
3.82604 210.21
3.83178 247.211
3.83751 356.135
3.84325 665.134
3.84898 1305.9
3.85472 1753.65
3.86046 1048.46
3.86619 788.508
3.87193 862.948
3.87766 1068.99
3.8834 1391.8
3.88914 1771.38
3.89487 2109.56
3.90061 2007.23
3.90635 1629.73
3.91208 1232.04
3.91782 876.666
3.92355 645.376
3.92929 504.837
3.93503 403.085
3.94076 335.17
3.9465 288.034
3.95224 253.642
3.95797 227.633
3.96371 206.407
3.96944 195.938
3.97518 184.125
3.98092 176.827
3.98665 166.52
3.99239 160.347
3.99812 153.168
4.00386 147.911
4.0096 144.638
4.01533 140.129
4.02107 138.531
4.02681 134.855
4.03254 136.674
4.03828 134.951
4.04401 132.727
4.04975 131.764
4.05549 126.266
4.06122 122.251
4.06696 122.589
4.0727 118.499
4.07843 116.983
4.08417 116.851
4.0899 114.438
4.09564 113.91
4.10138 113.894
4.10711 113.431
4.11285 112.173
4.11858 111.033
4.12432 110.916
4.13006 111.465
4.13579 111.247
4.14153 111.944
4.14727 112.034
4.153 109.717
4.15874 109.414
4.16447 108.607
4.17021 109.943
4.17595 110.387
4.18168 108.768
4.18742 107.953
4.19316 112.033
4.19889 112.721
4.20463 111.626
4.21036 112.787
4.2161 109.708
4.22184 109.693
4.22757 108.536
4.23331 110.854
4.23904 109.951
4.24478 111.303
4.25052 109.83
4.25625 112.756
4.26199 112.135
4.26773 115.066
4.27346 114.21
4.2792 113.279
4.28493 115.8
4.29067 116.831
4.29641 117.937
4.30214 119.874
4.30788 123.745
4.31362 123.064
4.31935 124.399
4.32509 127.035
4.33082 129.938
4.33656 133.893
4.3423 136.205
4.34803 141.045
4.35377 146.843
4.3595 150.38
4.36524 156.794
4.37098 162.93
4.37671 170.229
4.38245 174.295
4.38819 183.926
4.39392 198.031
4.39966 204.086
4.40539 220.845
4.41113 240.522
4.41687 266.315
4.4226 317.555
4.42834 410.553
4.43408 678.481
4.43981 1598.02
4.44555 3678.72
4.45128 13451.8
4.45702 16861.2
4.46276 7089.34
4.46849 2472.32
4.47423 1337.68
4.47996 819.911
4.4857 700.452
4.49144 665.687
4.49717 632.2
4.50291 638.003
4.50865 592.686
4.51438 535.745
4.52012 460.786
4.52585 394.582
4.53159 333.351
4.53733 286.596
4.54306 250.453
4.5488 222.662
4.55454 201.462
4.56027 182.052
4.56601 165
4.57174 157.16
4.57748 145.519
4.58322 136.117
4.58895 129.073
4.59469 124.509
4.60042 119.63
4.60616 115.914
4.6119 113.795
4.61763 110.987
4.62337 109.607
4.62911 107.515
4.63484 106.214
4.64058 101.149
4.64631 97.7408
4.65205 96.268
4.65779 91.7692
4.66352 90.0685
4.66926 90.3865
4.675 87.7775
4.68073 88.4143
4.68647 86.3964
4.6922 86.3099
4.69794 87.3009
4.70368 86.6453
4.70941 86.1083
4.71515 87.2588
4.72088 87.6589
4.72662 88.7512
4.73236 87.5892
4.73809 86.2128
4.74383 86.9978
4.74957 88.434
4.7553 84.2078
4.76104 82.9503
4.76677 80.3528
4.77251 79.9335
4.77825 76.9558
4.78398 77.0733
4.78972 73.366
4.79546 72.8489
4.80119 75.8022
4.80693 72.1475
4.81266 70.869
4.8184 70.8988
4.82414 70.2165
4.82987 70.7166
4.83561 69.4055
4.84134 71.4217
4.84708 73.4163
4.85282 73.3761
4.85855 73.0264
4.86429 68.0319
4.87003 66.582
4.87576 65.9533
4.8815 66.1145
4.88723 64.9928
4.89297 65.3943
4.89871 66.378
4.90444 65.074
4.91018 64.5744
4.91592 64.8053
4.92165 64.7208
4.92739 64.4178
4.93312 65.4891
4.93886 64.2035
4.9446 63.1551
4.95033 62.9957
4.95607 61.8879
4.9618 63.1228
4.96754 63.9335
4.97328 64.8584
4.97901 72.8483
4.98475 65.1028
4.99049 62.9066
4.99622 61.6178
5.00196 62.3356
5.00769 61.4346
5.01343 61.9956
5.01917 61.4232
5.0249 60.082
5.03064 61.3521
5.03638 62.1385
5.04211 61.7761
5.04785 61.5227
5.05358 61.7821
5.05932 61.311
5.06506 62.4879
5.07079 60.4678
5.07653 59.9427
5.08226 60.2346
5.088 58.9537
5.09374 59.2405
5.09947 60.2152
5.10521 59.125
5.11095 62.1218
5.11668 59.8205
5.12242 59.3991
5.12815 60.5478
5.13389 61.0832
5.13963 59.4483
5.14536 61.0043
5.1511 60.6795
5.15684 61.6783
5.16257 60.8522
5.16831 61.0085
5.17404 61.1172
5.17978 62.5538
5.18552 62.3429
5.19125 61.5487
5.19699 61.8369
5.20272 59.7287
5.20846 59.0573
5.2142 59.3448
5.21993 58.6752
5.22567 60.7944
5.23141 60.222
5.23714 61.1465
5.24288 60.0064
5.24861 59.8284
5.25435 60.5901
5.26009 60.7261
5.26582 60.7292
5.27156 61.4274
5.2773 61.0896
5.28303 60.6849
5.28877 60.5642
5.2945 62.8878
5.30024 60.9272
5.30598 61.8108
5.31171 61.9258
5.31745 62.9295
5.32318 62.6392
5.32892 59.2976
5.33466 60.4928
5.34039 61.2401
5.34613 61.4298
5.35187 60.1326
5.3576 59.9938
5.36334 59.3932
5.36907 60.8839
5.37481 62.6369
5.38055 63.4719
5.38628 66.8529
5.39202 71.3814
5.39776 73.7238
5.40349 73.0981
5.40923 66.8878
5.41496 63.9452
5.4207 61.9189
5.42644 60.7296
5.43217 62.7911
5.43791 61.2697
5.44364 62.4719
5.44938 63.7691
5.45512 64.6506
5.46085 63.9358
5.46659 62.1456
5.47233 59.3387
5.47806 62.1842
5.4838 61.2667
5.48953 60.0742
5.49527 61.7505
5.50101 60.9392
5.50674 61.3378
5.51248 62.159
5.51822 62.0381
5.52395 60.9102
5.52969 62.3822
5.53542 62.3611
5.54116 62.9074
5.5469 61.0056
5.55263 62.2549
5.55837 61.685
5.5641 64.0475
5.56984 62.0992
5.57558 61.9258
5.58131 62.2099
5.58705 64.0248
5.59279 63.3078
5.59852 64.0329
5.60426 63.7509
5.60999 63.6392
5.61573 62.8745
5.62147 61.9698
5.6272 62.212
5.63294 65.3288
5.63868 65.0411
5.64441 64.3577
5.65015 63.866
5.65588 65.5029
5.66162 65.5166
5.66736 64.6004
5.67309 64.6954
5.67883 66.7685
5.68456 65.317
5.6903 67.2384
5.69604 66.17
5.70177 67.2237
5.70751 67.4068
5.71325 68.8998
5.71898 70.0058
5.72472 68.0918
5.73045 69.0092
5.73619 68.0376
5.74193 69.7722
5.74766 69.7707
5.7534 69.4119
5.75914 70.0888
5.76487 70.9026
5.77061 72.9231
5.77634 74.7019
5.78208 77.3289
5.78782 73.3352
5.79355 74.749
5.79929 73.9127
5.80502 73.5328
5.81076 74.6643
5.8165 73.8635
5.82223 73.298
5.82797 74.239
5.83371 75.0076
5.83944 75.0321
5.84518 75.5861
5.85091 73.9757
5.85665 76.1489
5.86239 76.2354
5.86812 75.1093
5.87386 75.7247
5.8796 75.8115
5.88533 76.7979
5.89107 77.7434
5.8968 78.1988
5.90254 77.0515
5.90828 77.6969
5.91401 79.2332
5.91975 79.5802
5.92548 79.7375
5.93122 79.4843
5.93696 81.5784
5.94269 87.2764
5.94843 84.1594
5.95417 87.5714
5.9599 85.2768
5.96564 84.5083
5.97137 85.9316
5.97711 85.8762
5.98285 85.7972
5.98858 87.5292
5.99432 88.4167
6.00006 89.8976
6.00579 91.2617
6.01153 95.9386
6.01726 97.9621
6.023 97.0781
6.02874 95.6715
6.03447 95.1386
6.04021 95.7206
6.04594 95.4452
6.05168 96.8531
6.05742 95.7477
6.06315 96.5781
6.06889 97.8381
6.07463 100.071
6.08036 100.355
6.0861 102.215
6.09183 103.848
6.09757 105.332
6.10331 105.508
6.10904 106.919
6.11478 108.374
6.12052 108.355
6.12625 110.976
6.13199 112.871
6.13772 115.389
6.14346 113.064
6.1492 117.462
6.15493 118.644
6.16067 122.172
6.1664 124.707
6.17214 126.759
6.17788 129.82
6.18361 131.941
6.18935 136.17
6.19509 141.728
6.20082 143.927
6.20656 150.06
6.21229 155.129
6.21803 167.581
6.22377 170.267
6.2295 176.359
6.23524 186.458
6.24098 188.486
6.24671 193.956
6.25245 210.023
6.25818 223.546
6.26392 241.38
6.26966 277.256
6.27539 371.631
6.28113 489.323
6.28686 1333.71
6.2926 3263.57
6.29834 7405.71
6.30407 7330.59
6.30981 9141.14
6.31555 2926.12
6.32128 1546.07
6.32702 724.976
6.33275 502.508
6.33849 454.277
6.34423 399.499
6.34996 399.533
6.3557 417.545
6.36144 441.929
6.36717 491.283
6.37291 535.976
6.37864 538.861
6.38438 501.312
6.39012 448.596
6.39585 397.168
6.40159 340.305
6.40732 296.895
6.41306 260.187
6.4188 233.558
6.42453 212.427
6.43027 201.366
6.43601 190.171
6.44174 179.41
6.44748 174.762
6.45321 168.517
6.45895 165.939
6.46469 163.371
6.47042 162.749
6.47616 157.741
6.4819 149.404
6.48763 143.702
6.49337 141.64
6.4991 138.005
6.50484 136.085
6.51058 133.565
6.51631 133.575
6.52205 129.209
6.52778 127.812
6.53352 128.707
6.53926 126.847
6.54499 126.077
6.55073 125.199
6.55647 124.544
6.5622 124.153
6.56794 124.741
6.57367 126.105
6.57941 124.803
6.58515 124.721
6.59088 122.772
6.59662 119.011
6.60236 119.473
6.60809 118.604
6.61383 116.436
6.61956 116.502
6.6253 115.495
6.63104 114.285
6.63677 114.628
6.64251 114.979
6.64824 113.185
6.65398 115.772
6.65972 114.199
6.66545 114.134
6.67119 114.474
6.67693 114.336
6.68266 113.505
6.6884 115.179
6.69413 115.082
6.69987 114.21
6.70561 113.22
6.71134 113.088
6.71708 111.2
6.72282 109.833
6.72855 109.391
6.73429 110.451
6.74002 110.863
6.74576 109.5
6.7515 110.992
6.75723 108.539
6.76297 108.062
6.7687 108.9
6.77444 107.409
6.78018 108.895
6.78591 107.015
6.79165 107.444
6.79739 107.603
6.80312 109.081
6.80886 112.301
6.81459 109.805
6.82033 108.502
6.82607 107.698
6.8318 107.115
6.83754 106.727
6.84328 106.543
6.84901 106.611
6.85475 107.056
6.86048 107.985
6.86622 107.056
6.87196 106.665
6.87769 107.292
6.88343 107.936
6.88916 107.243
6.8949 107.664
6.90064 107.011
6.90637 108.088
6.91211 108.12
6.91785 108.18
6.92358 107.32
6.92932 107.333
6.93505 105.581
6.94079 106.322
6.94653 107.102
6.95226 107.615
6.958 107.743
6.96374 106.859
6.96947 107.858
6.97521 105.543
6.98094 106.201
6.98668 107.736
6.99242 108.213
6.99815 107.689
7.00389 106.697
7.00962 108.072
7.01536 108.044
7.0211 107.973
7.02683 108.717
7.03257 108.472
7.03831 108.528
7.04404 108.949
7.04978 109.246
7.05551 109.617
7.06125 111.233
7.06699 110.044
7.07272 111.009
7.07846 111.091
7.0842 110.887
7.08993 111.435
7.09567 112.714
7.1014 111.645
7.10714 112.662
7.11288 114.061
7.11861 113.971
7.12435 116.105
7.13008 114.278
7.13582 114.396
7.14156 114.169
7.14729 113.818
7.15303 115.46
7.15877 115.406
7.1645 114.698
7.17024 115.417
7.17597 115.548
7.18171 116.432
7.18745 117.175
7.19318 116.78
7.19892 116.046
7.20466 119.284
7.21039 120.341
7.21613 120.657
7.22186 121.751
7.2276 122.608
7.23334 122.56
7.23907 120.517
7.24481 123.032
7.25054 123.517
7.25628 124.107
7.26202 125.906
7.26775 126.738
7.27349 126.225
7.27923 126.63
7.28496 128.648
7.2907 129.509
7.29643 130.192
7.30217 131.346
7.30791 133.823
7.31364 134.972
7.31938 135.614
7.32512 139.453
7.33085 141.401
7.33659 143.945
7.34232 143.399
7.34806 146.884
7.3538 150.79
7.35953 149.33
7.36527 159.747
7.371 179.389
7.37674 260.233
7.38248 235.364
7.38821 715.184
7.39395 684.153
7.39969 907.899
7.40542 1320.83
7.41116 695.398
7.41689 420.859
7.42263 291.919
7.42837 265.742
7.4341 258.871
7.43984 258.535
7.44558 273.777
7.45131 295.478
7.45705 328.298
7.46278 368.273
7.46852 421.17
7.47426 471.14
7.47999 495.36
7.48573 484.524
7.49146 440.228
7.4972 384.906
7.50294 332.754
7.50867 291.739
7.51441 255.801
7.52015 227.538
7.52588 205.331
7.53162 189.118
7.53735 175.132
7.54309 164.283
7.54883 158.451
7.55456 150.831
7.5603 146.012
7.56604 140.798
7.57177 135.324
7.57751 133.547
7.58324 129.698
7.58898 128.497
7.59472 125.782
7.60045 124.571
7.60619 123.135
7.61192 121.93
7.61766 121.345
7.6234 119.058
7.62913 118.608
7.63487 116.148
7.64061 115.75
7.64634 115.363
7.65208 114.086
7.65781 113.904
7.66355 113.849
7.66929 114.315
7.67502 114.021
7.68076 113.687
7.6865 114.017
7.69223 113.942
7.69797 115.566
7.7037 114.89
7.70944 120.162
7.71518 137.481
7.72091 152.118
7.72665 232.994
7.73238 338.894
7.73812 170.866
7.74386 141.743
7.74959 139.891
7.75533 135.07
7.76107 134.664
7.7668 137.242
7.77254 142.584
7.77827 148.369
7.78401 158.49
7.78975 170.142
7.79548 187.864
7.80122 205.745
7.80696 221.401
7.81269 230.921
7.81843 224.422
7.82416 207.569
7.8299 188.034
7.83564 167.936
7.84137 152.365
7.84711 139.165
7.85284 129.07
7.85858 122.546
7.86432 115.627
7.87005 110.724
7.87579 107.656
7.88153 105.148
7.88726 102.997
7.893 102.01
7.89873 99.7092
7.90447 99.6923
7.91021 103.055
7.91594 102.629
7.92168 111.237
7.92742 102.99
7.93315 95.2404
7.93889 94.1086
7.94462 92.8789
7.95036 92.9932
7.9561 92.5626
7.96183 92.1676
7.96757 92.9312
7.9733 92.0444
7.97904 92.1047
7.98478 90.9808
7.99051 90.2822
7.99625 89.5814
8.00199 89.5062
8.00772 87.7572
8.01346 88.0963
8.01919 86.7035
8.02493 87
8.03067 86.8382
8.0364 85.0407
8.04214 87.0119
8.04788 86.3736
8.05361 84.8029
8.05935 85.8757
8.06508 84.5161
8.07082 84.3566
8.07656 84.9802
8.08229 85.795
8.08803 85.535
8.09376 86.0999
8.0995 84.5122
8.10524 83.3881
8.11097 82.6024
8.11671 78.383
8.12245 78.2687
8.12818 78.5692
8.13392 75.6988
8.13965 75.4042
8.14539 73.5748
8.15113 74.5803
8.15686 68.261
8.1626 71.97
8.16834 73.9732
8.17407 73.4344
8.17981 74.169
8.18554 73.7981
8.19128 75.6937
8.19702 74.8006
8.20275 75.2537
8.20849 73.3083
8.21422 75.1232
8.21996 72.5461
8.2257 74.233
8.23143 74.1937
8.23717 73.7425
8.24291 73.5282
8.24864 73.4763
8.25438 73.7666
8.26011 73.7768
8.26585 72.0464
8.27159 74.3409
8.27732 72.6603
8.28306 72.9807
8.2888 72.5501
8.29453 73.0941
8.30027 71.9499
8.306 71.6086
8.31174 71.9663
8.31748 72.7103
8.32321 71.3355
8.32895 71.2241
8.33468 71.9914
8.34042 72.2644
8.34616 72.2386
8.35189 72.19
8.35763 70.7434
8.36337 69.7746
8.3691 69.5568
8.37484 72.2646
8.38057 70.8
8.38631 72.9093
8.39205 70.2452
8.39778 70.6201
8.40352 70.6837
8.40926 72.049
8.41499 70.3732
8.42073 73.7286
8.42646 74.8061
8.4322 75.9393
8.43794 78.0805
8.44367 75.8279
8.44941 74.5104
8.45514 72.1054
8.46088 71.4501
8.46662 71.1111
8.47235 71.3378
8.47809 70.8617
8.48383 70.4901
8.48956 69.6933
8.4953 69.8837
8.50103 70.3851
8.50677 71.4827
8.51251 70.2625
8.51824 70.2222
8.52398 69.2535
8.52972 69.9245
8.53545 69.7449
8.54119 68.6426
8.54692 68.9
8.55266 69.5364
8.5584 69.6817
8.56413 72.5331
8.56987 70.1611
8.5756 69.8867
8.58134 69.4211
8.58708 69.0303
8.59281 71.5566
8.59855 69.2077
8.60429 68.8805
8.61002 68.8161
8.61576 68.6537
8.62149 69.8071
8.62723 69.534
8.63297 66.956
8.6387 68.4548
8.64444 67.6162
8.65018 67.6564
8.65591 67.3636
8.66165 74.9623
8.66738 67.7224
8.67312 67.6642
8.67886 66.3106
8.68459 68.4906
8.69033 66.0319
8.69606 68.36
8.7018 67.8281
8.70754 66.868
8.71327 67.2375
8.71901 67.6824
8.72475 67.7054
8.73048 67.4597
8.73622 67.9052
8.74195 69.1169
8.74769 72.0424
8.75343 70.7521
8.75916 70.3686
8.7649 65.7202
8.77064 68
8.77637 67.8393
8.78211 69.133
8.78784 68.6332
8.79358 64.8276
8.79932 68.1842
8.80505 70.4789
8.81079 69.6453
8.81652 69.9431
8.82226 67.7461
8.828 70.5648
8.83373 68.8634
8.83947 67.2888
8.84521 69.7659
8.85094 68.6968
8.85668 69.2718
8.86241 69.1744
8.86815 69.7356
8.87389 69.5897
8.87962 68.3237
8.88536 69.6519
8.8911 70.7059
8.89683 69.2346
8.90257 70.5683
8.9083 69.578
8.91404 69.2812
8.91978 75.08
8.92551 80.5032
8.93125 87.6219
8.93698 97.1841
8.94272 86.3826
8.94846 86.8303
8.95419 80.1275
8.95993 75.6216
8.96567 77.3789
8.9714 73.2441
8.97714 75.0823
8.98287 73.7622
8.98861 74.8741
8.99435 79.3862
9.00008 76.8462
9.00582 82.7763
9.01156 83.2366
9.01729 85.0976
9.02303 85.3786
9.02876 91.7094
9.0345 83.813
9.04024 85.3411
9.04597 90.8365
9.05171 83.5827
9.05744 82.7355
9.06318 86.1165
9.06892 77.7983
9.07465 80.1458
9.08039 77.5043
9.08613 73.2991
9.09186 76.5521
9.0976 70.3942
9.10333 70.7917
9.10907 69.949
9.11481 68.0312
9.12054 71.6705
9.12628 66.4286
9.13202 69.1219
9.13775 70.1196
9.14349 67.3214
9.14922 70.1341
9.15496 63.3659
9.1607 66.0541
9.16643 63.05
9.17217 64.3836
9.1779 63.9737
9.18364 65.4857
9.18938 66.3529
9.19511 59.1765
9.20085 65.2857
9.20659 60.9692
9.21232 67.6167
9.21806 61.1639
9.22379 58.8364
9.22953 63.4
9.23527 61.0943
9.241 64.0893
9.24674 58
9.25248 62.0213
9.25821 54.6222
9.26395 58.4318
9.26968 59.1628
9.27542 58.2308
9.28116 55.525
9.28689 58.2571
9.29263 51.0909
9.29836 58.5758
9.3041 47.5758
9.30984 51.6071
9.31557 48.8519
9.32131 47.5556
9.32705 38
9.33278 46.6522
9.33852 33.7895
9.34425 41.9444
9.34999 37.9412
9.35573 29.8571
9.36146 39.5455
9.3672 28.5455
9.37294 43.25
9.37867 11.7778
9.38441 16
9.39014 12
9.39588 0
9.40162 0
9.40735 0
9.41309 0
9.41882 0
9.42456 0
9.4303 0
9.43603 0
9.44177 0
9.44751 0
9.45324 0
9.45898 0
9.46471 0
9.47045 0
9.47619 0
9.48192 0
9.48766 0
9.4934 0
9.49913 0
9.50487 0
9.5106 0
9.51634 0
9.52208 0
9.52781 0
9.53355 0
9.53928 0
9.54502 0
9.55076 0
9.55649 0
9.56223 0
9.56797 0
9.5737 0
9.57944 0
9.58517 0
9.59091 0
9.59665 0
9.60238 0
9.60812 0
9.61386 0
9.61959 0
9.62533 0
9.63106 0
9.6368 0
9.64254 0
9.64827 0
9.65401 0
9.65974 0
9.66548 0
9.67122 0
9.67695 0
9.68269 0
9.68843 0
9.69416 0
9.6999 0
9.70563 0
9.71137 0
9.71711 0
9.72284 0
9.72858 0
9.73432 0
9.74005 0
9.74579 0
9.75152 0
9.75726 0
9.763 0
9.76873 0
9.77447 0
9.7802 0
9.78594 0
9.79168 0
9.79741 0
9.80315 0
9.80889 0
9.81462 0
9.82036 0
9.82609 0
9.83183 0
9.83757 0
9.8433 0
9.84904 0
9.85478 0
9.86051 0
9.86625 0
9.87198 0
9.87772 0
9.88346 0
9.88919 0
9.89493 0
9.90066 0
9.9064 0
9.91214 0
9.91787 0
9.92361 0
9.92935 0
9.93508 0
9.94082 0
9.94655 0
9.95229 0
9.95803 0
9.96376 0
9.9695 0
9.97524 0
9.98097 0
9.98671 0
9.99244 0
9.99818 0
10.0039 0
10.0097 0
10.0154 0
10.0211 0
10.0269 0
10.0326 0
10.0383 0
10.0441 0
10.0498 0
10.0555 0
10.0613 0
10.067 0
10.0728 0
10.0785 0
10.0842 0
10.09 0
10.0957 0
10.1014 0
10.1072 0
10.1129 0
10.1186 0
10.1244 0
10.1301 0
10.1358 0
10.1416 0
10.1473 0
10.1531 0
10.1588 0
10.1645 0
10.1703 0
10.176 0
10.1817 0
10.1875 0
10.1932 0
10.1989 0
10.2047 0
10.2104 0
10.2162 0
10.2219 0
10.2276 0
10.2334 0
10.2391 0
10.2448 0
10.2506 0
10.2563 0
10.262 0
10.2678 0
10.2735 0
10.2793 0
10.285 0
10.2907 0
10.2965 0
10.3022 0
10.3079 0
10.3137 0
10.3194 0
10.3251 0
10.3309 0
10.3366 0
10.3424 0
10.3481 0
10.3538 0
10.3596 0
10.3653 0
10.371 0
10.3768 0
10.3825 0
10.3882 0
10.394 0
10.3997 0
10.4054 0
10.4112 0
10.4169 0
10.4227 0
10.4284 0
10.4341 0
10.4399 0
10.4456 0
10.4513 0
10.4571 0
10.4628 0
10.4685 0
10.4743 0
10.48 0
10.4858 0
10.4915 0
10.4972 0
10.503 0
10.5087 0
10.5144 0
10.5202 0
10.5259 0
10.5316 0
10.5374 0
10.5431 0
10.5489 0
10.5546 0
10.5603 0
10.5661 0
10.5718 0
10.5775 0
10.5833 0
10.589 0
10.5947 0
10.6005 0
10.6062 0
10.612 0
10.6177 0
10.6234 0
10.6292 0
10.6349 0
10.6406 0
10.6464 0
10.6521 0
10.6578 0
10.6636 0
10.6693 0
10.6751 0
10.6808 0
10.6865 0
10.6923 0
10.698 0
10.7037 0
10.7095 0
10.7152 0
10.7209 0
10.7267 0
10.7324 0
10.7381 0
10.7439 0
10.7496 0
10.7554 0
10.7611 0
10.7668 0
10.7726 0
10.7783 0
10.784 0
10.7898 0
10.7955 0
10.8012 0
10.807 0
10.8127 0
10.8185 0
10.8242 0
10.8299 0
10.8357 0
10.8414 0
10.8471 0
10.8529 0
10.8586 0
10.8643 0
10.8701 0
10.8758 0
10.8816 0
10.8873 0
10.893 0
10.8988 0
10.9045 0
10.9102 0
10.916 0
10.9217 0
10.9274 0
10.9332 0
10.9389 0
10.9447 0
10.9504 0
10.9561 0
10.9619 0
10.9676 0
10.9733 0
10.9791 0
10.9848 0
10.9905 0
10.9963 0
11.002 0
11.0077 0
11.0135 0
11.0192 0
11.025 0
11.0307 0
11.0364 0
11.0422 0
11.0479 0
11.0536 0
11.0594 0
11.0651 0
11.0708 0
11.0766 0
11.0823 0
11.0881 0
11.0938 0
11.0995 0
11.1053 0
11.111 0
11.1167 0
11.1225 0
11.1282 0
11.1339 0
11.1397 0
11.1454 0
11.1512 0
11.1569 0
11.1626 0
11.1684 0
11.1741 0
11.1798 0
11.1856 0
11.1913 0
11.197 0
11.2028 0
11.2085 0
11.2143 0
11.22 0
11.2257 0
11.2315 0
11.2372 0
11.2429 0
11.2487 0
11.2544 0
11.2601 0
11.2659 0
11.2716 0
11.2774 0
11.2831 0
11.2888 0
11.2946 0
11.3003 0
11.306 0
11.3118 0
11.3175 0
11.3232 0
11.329 0
11.3347 0
11.3404 0
11.3462 0
11.3519 0
11.3577 0
11.3634 0
11.3691 0
11.3749 0
11.3806 0
11.3863 0
11.3921 0
11.3978 0
11.4035 0
11.4093 0
11.415 0
11.4208 0
11.4265 0
11.4322 0
11.438 0
11.4437 0
11.4494 0
11.4552 0
11.4609 0
11.4666 0
11.4724 0
11.4781 0
11.4839 0
11.4896 0
11.4953 0
11.5011 0
11.5068 0
11.5125 0
11.5183 0
11.524 0
11.5297 0
11.5355 0
11.5412 0
11.547 0
11.5527 0
11.5584 0
11.5642 0
11.5699 0
11.5756 0
11.5814 0
11.5871 0
11.5928 0
11.5986 0
11.6043 0
11.61 0
11.6158 0
11.6215 0
11.6273 0
11.633 0
11.6387 0
11.6445 0
11.6502 0
11.6559 0
11.6617 0
11.6674 0
11.6731 0
11.6789 0
11.6846 0
11.6904 0
11.6961 0
11.7018 0
11.7076 0
11.7133 0
11.719 0
11.7248 0
11.7305 0
11.7362 0
11.742 0
