0 0
0.00573619 8
0.0114724 14
0.0172086 4
0.0229448 -7.66667
0.028681 -5.66667
0.0344171 7.5
0.0401533 3.8
0.0458895 -5.8
0.0516257 -5
0.0573619 5.66667
0.0630981 0.285714
0.0688343 -8.71429
0.0745705 -6.16667
0.0803067 2.33333
0.0860429 -5.88889
0.091779 0.75
0.0975152 -0.615385
0.103251 2.88889
0.108988 6.55556
0.114724 9.4
0.12046 4.81818
0.126196 -2.46667
0.131932 0.875
0.137669 5.46667
0.143405 5.30769
0.149141 -0.615385
0.154877 2.9375
0.160613 11.7333
0.16635 -0.333333
0.172086 0.5
0.177822 2.57895
0.183558 3.11765
0.189294 -1.64286
0.19503 3.52381
0.200767 2.2381
0.206503 0.882353
0.212239 -2.16667
0.217975 4.09524
0.223711 -5.76471
0.229448 -1.04167
0.235184 3.86957
0.24092 -0.136364
0.246656 -2.61111
0.252392 -2.6
0.258129 0.407407
0.263865 3.71429
0.269601 1.20833
0.275337 3.44828
0.281073 -2.64
0.28681 5.25
0.292546 1.12
0.298282 -1.03448
0.304018 1.59259
0.309754 -2.6
0.31549 0.903226
0.321227 -3.7037
0.326963 -3.66667
0.332699 0.774194
0.338435 -0.212121
0.344171 5.08333
0.349908 0.514286
0.355644 -4.62857
0.36138 0.16129
0.367116 1.64706
0.372852 7.12121
0.378589 3.32432
0.384325 -0.28125
0.390061 4.4359
0.395797 1.94872
0.401533 10.1923
0.40727 8.72093
0.413006 4.97297
0.418742 6.4
0.424478 13.8235
0.430214 8.86667
0.43595 13.6585
0.441687 16.5938
0.447423 8.10638
0.453159 5.58974
0.458895 10.6047
0.464631 9.29545
0.470368 10.7805
0.476104 12.6809
0.48184 11.8889
0.487576 12.8077
0.493312 14.9756
0.499049 15.725
0.504785 16.8421
0.510521 17.2
0.516257 15
0.521993 15.6818
0.52773 15.3208
0.533466 15.6222
0.539202 12.7083
0.544938 15.2549
0.550674 18.3654
0.55641 18.2292
0.562147 13.902
0.567883 11.3158
0.573619 15.0444
0.579355 9.64815
0.585091 13
0.590828 15.9057
0.596564 12.125
0.6023 11.3929
0.608036 17.1077
0.613772 12.7143
0.619509 15.7586
0.625245 16.9492
0.630981 12.9455
0.636717 13.0172
0.642453 18.3684
0.64819 17.0317
0.653926 17.9231
0.659662 15.2
0.665398 15.4219
0.671134 14.2807
0.67687 15.4516
0.682607 18.2381
0.688343 20.597
0.694079 19.7037
0.699815 17.7101
0.705551 19.4615
0.711288 14.7818
0.717024 18.0946
0.72276 14.6066
0.728496 19.4
0.734232 17.4531
0.739969 20.8406
0.745705 24.1549
0.751441 23.4655
0.757177 18.1948
0.762913 20.6269
0.76865 22.6232
0.774386 22.6471
0.780122 17.2055
0.785858 19.6364
0.791594 20
0.79733 18.0488
0.803067 15.3333
0.808803 20.6714
0.814539 18.6049
0.820275 18.1127
0.826011 19.2468
0.831748 18.8611
0.837484 18.3176
0.84322 18.5857
0.848956 17.7917
0.854692 18.9059
0.860429 19.7531
0.866165 17.1918
0.871901 19.975
0.877637 13.7952
0.883373 15.7013
0.88911 19.0641
0.894846 16.8118
0.900582 18.5904
0.906318 17.7838
0.912054 18.6889
0.91779 20.046
0.923527 19.5584
0.929263 14.6977
0.934999 18.6154
0.940735 20.8395
0.946471 17.8929
0.952208 20.4118
0.957944 17.7742
0.96368 17.9359
0.969416 19.1053
0.975152 17.9
0.980889 19.1529
0.986625 20.2791
0.992361 18.6421
0.998097 18.3474
1.00383 19.4375
1.00957 19.1818
1.01531 18.0515
1.02104 16.8095
1.02678 18.6771
1.03251 19
1.03825 17.78
1.04399 18.5465
1.04972 20.9703
1.05546 17.8713
1.0612 20.7439
1.06693 17.3551
1.07267 18.9121
1.0784 20.5049
1.08414 19.1735
1.08988 18.21
1.09561 18.4571
1.10135 22.1744
1.10708 18.4273
1.11282 18.1684
1.11856 20.1224
1.12429 19.9429
1.13003 22.3714
1.13577 18.7143
1.1415 19.598
1.14724 17.9817
1.15297 19.12
1.15871 16.69
1.16445 20.0783
1.17018 19.2095
1.17592 17.9159
1.18166 21.9167
1.18739 19.7647
1.19313 18.3853
1.19886 18.8641
1.2046 17.1043
1.21034 20.3832
1.21607 16.6545
1.22181 19.1273
1.22754 18.2051
1.23328 16.9159
1.23902 20.8571
1.24475 17.3445
1.25049 16.4771
1.25623 19.1481
1.26196 16.4957
1.2677 17.629
1.27343 16.2072
1.27917 18.3475
1.28491 15.9831
1.29064 19.9204
1.29638 21.3879
1.30212 15.9573
1.30785 16.7983
1.31359 18.5259
1.31932 15.9843
1.32506 17.563
1.3308 16.0776
1.33653 18.1349
1.34227 18.0672
1.348 17.4016
1.35374 17.0619
1.35948 16.096
1.36521 16.9618
1.37095 18.6545
1.37669 17.3022
1.38242 17.2787
1.38816 16.626
1.39389 18.8051
1.39963 17.7121
1.40537 19.4341
1.4111 18.6607
1.41684 16.5035
1.42258 17.2667
1.42831 17.7769
1.43405 17.9846
1.43978 16.4593
1.44552 17.4638
1.45126 16.7119
1.45699 15.7872
1.46273 19.2348
1.46846 18.8333
1.4742 15.7133
1.47994 16.0853
1.48567 18.3158
1.49141 15.4462
1.49715 16.1745
1.50288 18.8029
1.50862 20.129
1.51435 17.1096
1.52009 18.8085
1.52583 18.0916
1.53156 19.2667
1.5373 17.966
1.54304 17.6667
1.54877 16.9191
1.55451 19.2685
1.56024 17.4088
1.56598 16.8286
1.57172 18.3901
1.57745 17.2703
1.58319 17.1631
1.58892 16.8732
1.59466 21.7733
1.6004 20.5594
1.60613 17.2899
1.61187 17.7315
1.61761 18.2484
1.62334 15.9925
1.62908 19.6839
1.63481 17.5828
1.64055 18.6333
1.64629 17.5616
1.65202 16.7881
1.65776 19.2185
1.6635 20.3431
1.66923 15.9057
1.67497 14.6626
1.6807 17.3431
1.68644 17.4494
1.69218 17.7963
1.69791 16.4706
1.70365 18.2973
1.70938 21.109
1.71512 17.0736
1.72086 17.5882
1.72659 18.1792
1.73233 16.5484
1.73807 17.0654
1.7438 17.4217
1.74954 20.3962
1.75527 18.3049
1.76101 17.4559
1.76675 19.3646
1.77248 16.8476
1.77822 17.068
1.78396 18.0655
1.78969 16.3567
1.79543 16.6879
1.80116 17.1656
1.8069 17.8012
1.81264 17.8204
1.81837 16.62
1.82411 18.4389
1.82984 18.7888
1.83558 17.6061
1.84132 21.1697
1.84705 15.568
1.85279 15.7485
1.85853 18.8312
1.86426 17.6441
1.87 18.9826
1.87573 20.7812
1.88147 18.435
1.88721 19.6744
1.89294 18.9133
1.89868 18.1824
1.90442 21.069
1.91015 23.7811
1.91589 36.5298
1.92162 37.1711
1.92736 24.3277
1.9331 20.3988
1.93883 23.6105
1.94457 22.2328
1.9503 19.2176
1.95604 19.3488
1.96178 19.3536
1.96751 20.3622
1.97325 22.3865
1.97899 18.4332
1.98472 18.8298
1.99046 19.0686
1.99619 18.2198
2.00193 20.7158
2.00767 19.0282
2.0134 19.9302
2.01914 18.3777
2.02488 20.2932
2.03061 19.2373
2.03635 19.25
2.04208 19.3622
2.04782 18.8883
2.05356 18.9839
2.05929 18.2541
2.06503 17.5
2.07076 17.7159
2.0765 17.658
2.08224 19.7296
2.08797 21.4971
2.09371 20.3434
2.09945 20.3351
2.10518 19.598
2.11092 18.1711
2.11665 20.3282
2.12239 18.5749
2.12813 19.2544
2.13386 19.9104
2.1396 19.3668
2.14534 18.6462
2.15107 20.5508
2.15681 18.0151
2.16254 21.8366
2.16828 20.25
2.17402 20.2417
2.17975 18.595
2.18549 19.3492
2.19122 19.6584
2.19696 19.8762
2.2027 22.2341
2.20843 28.0843
2.21417 35.7547
2.21991 43.8122
2.22564 29.1639
2.23138 23.1943
2.23711 20.4203
2.24285 20.5
2.24859 21.1823
2.25432 21.4886
2.26006 20.6214
2.2658 20.5484
2.27153 17.4744
2.27727 21.327
2.283 20.1642
2.28874 22.7108
2.29448 20.4955
2.30021 21.8863
2.30595 22.7828
2.31168 21.463
2.31742 20.599
2.32316 23.8413
2.32889 23.7056
2.33463 21.446
2.34037 22.7512
2.3461 22.7877
2.35184 25.552
2.35757 28.8725
2.36331 26.3645
2.36905 26.424
2.37478 24.7748
2.38052 26.1521
2.38626 25.6616
2.39199 23.5983
2.39773 24.5217
2.40346 25.9772
2.4092 27.583
2.41494 24.1131
2.42067 22.1982
2.42641 23.0876
2.43214 21.7403
2.43788 20.6522
2.44362 20.4009
2.44935 24.5279
2.45509 23.3333
2.46083 21.4747
2.46656 22.2969
2.4723 23.2983
2.47803 21.0279
2.48377 21.0089
2.48951 21.2607
2.49524 23.5747
2.50098 20.9643
2.50672 21.4381
2.51245 21.0558
2.51819 22.0463
2.52392 23.1261
2.52966 21.1297
2.5354 21.3796
2.54113 21.8
2.54687 22.8874
2.5526 21.339
2.55834 21.7883
2.56408 23.1872
2.56981 20.5992
2.57555 22.3122
2.58129 21.8745
2.58702 20.6611
2.59276 22.893
2.59849 23.6271
2.60423 23.0678
2.60997 22.473
2.6157 22.2248
2.62144 22.4023
2.62718 22.8298
2.63291 21.682
2.63865 22.0386
2.64438 23.6337
2.65012 24.24
2.65586 21.9286
2.66159 22.7273
2.66733 21.418
2.67306 21.817
2.6788 23.8633
2.68454 23.5882
2.69027 24.8996
2.69601 23.5739
2.70175 23.9258
2.70748 24.9588
2.71322 23.5992
2.71895 22.5556
2.72469 22.8601
2.73043 22.7323
2.73616 23.4167
2.7419 24.3152
2.74764 22.8538
2.75337 23.5498
2.75911 24.5323
2.76484 23.5833
2.77058 24.3292
2.77632 25.7259
2.78205 24.7817
2.78779 23.0502
2.79352 24.0287
2.79926 23.4662
2.805 25.6104
2.81073 23.843
2.81647 25.4296
2.82221 26.1407
2.82794 25.4246
2.83368 23.2958
2.83941 23.639
2.84515 24.684
2.85089 24.2519
2.85662 24.573
2.86236 24.2405
2.8681 23.5285
2.87383 26.6604
2.87957 26.187
2.8853 24.988
2.89104 24.6578
2.89678 26.1321
2.90251 25.8352
2.90825 26.7283
2.91398 25.5146
2.91972 27.0542
2.92546 24.9614
2.93119 27.166
2.93693 25.8267
2.94267 26.4313
2.9484 26.2415
2.95414 26.4008
2.95987 27.6079
2.96561 28.6808
2.97135 27.3843
2.97708 30.1099
2.98282 33.753
2.98856 53.7214
2.99429 58.5929
3.00003 34.6171
3.00576 31.2624
3.0115 29.2353
3.01724 28.4706
3.02297 28.0153
3.02871 29.0036
3.03444 28.129
3.04018 29.5144
3.04592 28.7096
3.05165 29.4122
3.05739 29.2756
3.06313 29.5798
3.06886 30.6723
3.0746 28.8035
3.08033 29.7826
3.08607 31.422
3.09181 31.1159
3.09754 32.5017
3.10328 34.312
3.10902 37.1884
3.11475 34.539
3.12049 33.4652
3.12622 32.8327
3.13196 37.1708
3.1377 37.1333
3.14343 44.5107
3.14917 41.4083
3.1549 33.7411
3.16064 33.5
3.16638 33.0858
3.17211 35
3.17785 33.9556
3.18359 33.4516
3.18932 31.9333
3.19506 33.1852
3.20079 35.9368
3.20653 32.9251
3.21227 33.9078
3.218 33.9514
3.22374 35.4792
3.22948 36.1806
3.23521 33.659
3.24095 37.8216
3.24668 35.3238
3.25242 36.26
3.25816 36.6479
3.26389 37.3323
3.26963 36.4486
3.27536 36.9703
3.2811 38.8162
3.28684 38.1219
3.29257 39.0623
3.29831 39.925
3.30405 39.2628
3.30978 42.3344
3.31552 41.0493
3.32125 44.5424
3.32699 43.8771
3.33273 45.1731
3.33846 46.7138
3.3442 46.8433
3.34994 47.2188
3.35567 44.598
3.36141 45.5584
3.36714 46.0865
3.37288 56.5049
3.37862 75.9795
3.38435 70.1169
3.39009 76.0202
3.39582 59.6863
3.40156 46.2673
3.4073 44.946
3.41303 44.7855
3.41877 45.9934
3.42451 48.9257
3.43024 47.1083
3.43598 45.5644
3.44171 45.7555
3.44745 45.1526
3.45319 45.4734
3.45892 45.5226
3.46466 46.2246
3.4704 46.7409
3.47613 46.7748
3.48187 44.5241
3.4876 46.7365
3.49334 47.0286
3.49908 49.0828
3.50481 50.1702
3.51055 49.8094
3.51628 50.0452
3.52202 53.0154
3.52776 54.8106
3.53349 55.8553
3.53923 64.3056
3.54497 72.7241
3.5507 77.9333
3.55644 75.0836
3.56217 65.8418
3.56791 59.9119
3.57365 58.0776
3.57938 55.3246
3.58512 54.5138
3.59086 55.7357
3.59659 55.5525
3.60233 56.688
3.60806 57.4545
3.6138 59.7429
3.61954 59.6597
3.62527 60.7771
3.63101 62.648
3.63674 67.2236
3.64248 72.9133
3.64822 78.3963
3.65395 78.7515
3.65969 80.9382
3.66543 78.976
3.67116 75.837
3.6769 77.8542
3.68263 81.9829
3.68837 80.5524
3.69411 81.2698
3.69984 74.8329
3.70558 74.9121
3.71132 73.8916
3.71705 75.5391
3.72279 77.4694
3.72852 77.5254
3.73426 78.5881
3.74 81.2809
3.74573 82.9335
3.75147 83.5202
3.7572 84.9774
3.76294 86.8638
3.76868 85.7485
3.77441 91.4205
3.78015 93.2897
3.78589 97.0697
3.79162 100.239
3.79736 103.51
3.80309 109.527
3.80883 113.513
3.81457 122.038
3.8203 132.239
3.82604 140.966
3.83178 165.249
3.83751 238.261
3.84325 484.781
3.84898 770.076
3.85472 1399.24
3.86046 638.346
3.86619 469.58
3.87193 518.242
3.87766 652.321
3.8834 847.842
3.88914 1080.51
3.89487 1276.28
3.90061 1209.46
3.90635 994.853
3.91208 772.895
3.91782 560.176
3.92355 421.997
3.92929 334.331
3.93503 266.898
3.94076 224.427
3.9465 192.781
3.95224 171.042
3.95797 154.555
3.96371 141.286
3.96944 133.497
3.97518 129.627
3.98092 121.395
3.98665 116.932
3.99239 113.285
3.99812 107.912
4.00386 105.96
4.0096 104.888
4.01533 101.313
4.02107 100.039
4.02681 97.4234
4.03254 98.8556
4.03828 96.6904
4.04401 97
4.04975 97.8928
4.05549 93.992
4.06122 92.0954
4.06696 90.8047
4.0727 90.1273
4.07843 90.5944
4.08417 87.1951
4.0899 89.0761
4.09564 86.609
4.10138 87.4454
4.10711 87.1325
4.11285 88.801
4.11858 87.1722
4.12432 84.9447
4.13006 87.7255
4.13579 85.5325
4.14153 86.8365
4.14727 85.3273
4.153 83.685
4.15874 85.9433
4.16447 85.8469
4.17021 85.8571
4.17595 85.3211
4.18168 85.088
4.18742 83.7674
4.19316 86.2778
4.19889 89.1868
4.20463 90.9261
4.21036 90.118
4.2161 88.3024
4.22184 85.4134
4.22757 87.3707
4.23331 85.6287
4.23904 85.3306
4.24478 85.5696
4.25052 87.5471
4.25625 87.6125
4.26199 88.5664
4.26773 88.5448
4.27346 88.1462
4.2792 90.5142
4.28493 88.757
4.29067 90.8131
4.29641 92.8055
4.30214 95.6296
4.30788 95.1807
4.31362 95.6496
4.31935 98.6762
4.32509 99.24
4.33082 101.141
4.33656 103.309
4.3423 106.616
4.34803 108.872
4.35377 113.268
4.3595 115.247
4.36524 119.575
4.37098 124.067
4.37671 128.716
4.38245 132.57
4.38819 139.126
4.39392 149.213
4.39966 153.872
4.40539 167.341
4.41113 180.885
4.41687 200.095
4.4226 234.94
4.42834 297.138
4.43408 491.995
4.43981 1126.2
4.44555 2461.96
4.45128 10294.8
4.45702 13361.9
4.46276 5717.33
4.46849 1888.41
4.47423 967.842
4.47996 565.122
4.4857 471.969
4.49144 450.311
4.49717 416.21
4.50291 417.243
4.50865 395.348
4.51438 358.923
4.52012 312.417
4.52585 273.284
4.53159 236.39
4.53733 206.222
4.54306 180.309
4.5488 162.291
4.55454 147.872
4.56027 134.667
4.56601 124.627
4.57174 117.325
4.57748 110.43
4.58322 103.995
4.58895 100.607
4.59469 94.3326
4.60042 91.3184
4.60616 89.535
4.6119 86.443
4.61763 85.5244
4.62337 83.7021
4.62911 83.2475
4.63484 80.9388
4.64058 79.5361
4.64631 77.8532
4.65205 74.9578
4.65779 72.359
4.66352 72.2466
4.66926 70.1981
4.675 70.4633
4.68073 70.3143
4.68647 69.1891
4.6922 70.0557
4.69794 69.871
4.70368 70.0892
4.70941 70.3073
4.71515 68.9561
4.72088 69.6288
4.72662 69.7535
4.73236 70.1831
4.73809 69.4279
4.74383 68.7344
4.74957 68.9112
4.7553 67.3636
4.76104 66.219
4.76677 63.986
4.77251 64.4083
4.77825 64.5698
4.78398 62.0444
4.78972 60.9904
4.79546 59.9133
4.80119 60.1191
4.80693 59.4055
4.81266 58.0759
4.8184 58.7287
4.82414 57.0915
4.82987 57.4853
4.83561 58.6765
4.84134 59.7413
4.84708 63.5714
4.85282 63.7436
4.85855 60.3524
4.86429 55.9203
4.87003 55.8568
4.87576 56.1422
4.8815 53.5853
4.88723 54.753
4.89297 54.4736
4.89871 55.9093
4.90444 54.8744
4.91018 53.4668
4.91592 52.0885
4.92165 53.2273
4.92739 54.0069
4.93312 52.3196
4.93886 52.5339
4.9446 53.5625
4.95033 53.7591
4.95607 51.7582
4.9618 52.3728
4.96754 53.5734
4.97328 53.5043
4.97901 62.7479
4.98475 55.6659
4.99049 53.3121
4.99622 51.8832
5.00196 51.4222
5.00769 50.6231
5.01343 51.3135
5.01917 52.7158
5.0249 52.1321
5.03064 50.2743
5.03638 49.9654
5.04211 50.9435
5.04785 51.203
5.05358 51.6688
5.05932 50.5054
5.06506 49.6615
5.07079 49.7339
5.07653 48.4268
5.08226 51.6075
5.088 49.8737
5.09374 50.0485
5.09947 50.0174
5.10521 49.7303
5.11095 49.0342
5.11668 50.1503
5.12242 50.193
5.12815 49.2314
5.13389 49.7484
5.13963 51.1164
5.14536 51.4979
5.1511 49.2628
5.15684 51.373
5.16257 51.187
5.16831 50.5541
5.17404 49.7172
5.17978 50.083
5.18552 48.6961
5.19125 50.1222
5.19699 50.2961
5.20272 49.7921
5.20846 50.1534
5.2142 49.1734
5.21993 50.1667
5.22567 48.9979
5.23141 50.91
5.23714 50.8747
5.24288 48.7932
5.24861 48.7797
5.25435 49.6099
5.26009 49.5332
5.26582 51.5693
5.27156 51.184
5.2773 51.0292
5.28303 49.937
5.28877 51.2342
5.2945 50.6673
5.30024 50.6674
5.30598 50.8482
5.31171 52.499
5.31745 53.029
5.32318 52.3523
5.32892 51.9266
5.33466 50.9652
5.34039 51.2192
5.34613 51.6583
5.35187 53.7485
5.3576 52.6049
5.36334 50.9556
5.36907 49.5455
5.37481 51.4004
5.38055 51.7422
5.38628 54.7575
5.39202 55.5573
5.39776 59.1512
5.40349 55.5971
5.40923 55.1496
5.41496 52.1542
5.4207 51.264
5.42644 50.3872
5.43217 53.0284
5.43791 51.7736
5.44364 53.316
5.44938 53.1155
5.45512 54.1687
5.46085 52.3271
5.46659 51.8123
5.47233 51.8246
5.47806 51.7525
5.4838 51.5333
5.48953 50.9727
5.49527 50.6189
5.50101 50.9015
5.50674 51.8425
5.51248 52.3419
5.51822 50.986
5.52395 52.1936
5.52969 52.4851
5.53542 53.0454
5.54116 53.1937
5.5469 53.0467
5.55263 53.7863
5.55837 52.372
5.5641 53.2757
5.56984 54.0734
5.57558 52.6348
5.58131 53.4535
5.58705 54.0706
5.59279 52.7353
5.59852 53.7639
5.60426 53.3469
5.60999 54.2975
5.61573 53.651
5.62147 52.7847
5.6272 54.2139
5.63294 55.4327
5.63868 54.768
5.64441 54.6273
5.65015 55.7585
5.65588 53.901
5.66162 55.2896
5.66736 57.2934
5.67309 54.8128
5.67883 54.7505
5.68456 56.3014
5.6903 56.8835
5.69604 56.7134
5.70177 56.6541
5.70751 58.4181
5.71325 58.0212
5.71898 60.0462
5.72472 58.3078
5.73045 59.0993
5.73619 59.4071
5.74193 60.7185
5.74766 58.7274
5.7534 58.5115
5.75914 60.0986
5.76487 59.7622
5.77061 60.9158
5.77634 62.0596
5.78208 61.3856
5.78782 60.9153
5.79355 62.7529
5.79929 62.3302
5.80502 61.6923
5.81076 62.3448
5.8165 61.9385
5.82223 61.8473
5.82797 62.546
5.83371 63.6635
5.83944 64.1834
5.84518 63.9707
5.85091 63.1813
5.85665 64.4159
5.86239 64.9872
5.86812 65.1685
5.87386 64.6554
5.8796 64.0346
5.88533 64.8102
5.89107 64.4981
5.8968 64.8861
5.90254 65.7389
5.90828 66.7459
5.91401 67.1306
5.91975 66.7118
5.92548 65.9571
5.93122 69.7061
5.93696 70.4422
5.94269 74.4655
5.94843 73.3841
5.95417 77.5607
5.9599 71.049
5.96564 72.6427
5.97137 71.6754
5.97711 72.4419
5.98285 72.1481
5.98858 73.6642
5.99432 74.1341
6.00006 77.404
6.00579 78.2852
6.01153 79.2292
6.01726 81.3947
6.023 82.0677
6.02874 79.7127
6.03447 80.53
6.04021 80.7469
6.04594 81.465
6.05168 83.6685
6.05742 84.3057
6.06315 83.8924
6.06889 83.4858
6.07463 86.4212
6.08036 86.0753
6.0861 86.8924
6.09183 90.2425
6.09757 90.334
6.10331 91.0883
6.10904 91.8834
6.11478 93.9872
6.12052 94.7855
6.12625 94.8918
6.13199 98.3828
6.13772 101.23
6.14346 99.5463
6.1492 102.033
6.15493 105.959
6.16067 105.702
6.1664 108.97
6.17214 109.398
6.17788 114.33
6.18361 115.738
6.18935 120.935
6.19509 124.36
6.20082 127.538
6.20656 133.017
6.21229 138.176
6.21803 147.383
6.22377 150.911
6.2295 156.4
6.23524 167.14
6.24098 170.029
6.24671 175.483
6.25245 196.005
6.25818 204.441
6.26392 225.047
6.26966 261.426
6.27539 354.596
6.28113 471.032
6.28686 1146.98
6.2926 3192.01
6.29834 6906.94
6.30407 6989.23
6.30981 9764.58
6.31555 3296
6.32128 1817.98
6.32702 720.575
6.33275 456.178
6.33849 403.362
6.34423 334.283
6.34996 325.583
6.3557 330.241
6.36144 331.475
6.36717 353.302
6.37291 376.995
6.37864 376.124
6.38438 351.108
6.39012 322.389
6.39585 292.851
6.40159 257.842
6.40732 231.022
6.41306 208.442
6.4188 189.763
6.42453 174.43
6.43027 165.358
6.43601 156.223
6.44174 149.007
6.44748 146.445
6.45321 141.082
6.45895 139.917
6.46469 134.893
6.47042 131.282
6.47616 132.503
6.4819 123.678
6.48763 121.432
6.49337 119.214
6.4991 114.997
6.50484 114.251
6.51058 112.587
6.51631 111.379
6.52205 107.91
6.52778 107.33
6.53352 107.166
6.53926 105.747
6.54499 106.806
6.55073 103.755
6.55647 105.192
6.5622 106.983
6.56794 104.763
6.57367 105.32
6.57941 103.618
6.58515 102.611
6.59088 103.633
6.59662 101.313
6.60236 99.9245
6.60809 98.6961
6.61383 97.2323
6.61956 98.3157
6.6253 97.6592
6.63104 97.1319
6.63677 98.4057
6.64251 95.9351
6.64824 96.8802
6.65398 97.1023
6.65972 96.3286
6.66545 95.104
6.67119 95.9175
6.67693 95.6106
6.68266 96.6424
6.6884 95.9858
6.69413 95.4295
6.69987 96.6128
6.70561 95.418
6.71134 94.2206
6.71708 93.9517
6.72282 93.1449
6.72855 93.4984
6.73429 93.3394
6.74002 92.9682
6.74576 92.4019
6.7515 92.1598
6.75723 92.6584
6.76297 92.8105
6.7687 91.2229
6.77444 91.9142
6.78018 90.8405
6.78591 89.9011
6.79165 90.978
6.79739 90.8945
6.80312 92.5295
6.80886 92.9586
6.81459 92.9164
6.82033 91.7199
6.82607 90.805
6.8318 90.0839
6.83754 89.6572
6.84328 90.4723
6.84901 89.964
6.85475 89.6487
6.86048 91.3798
6.86622 92.8161
6.87196 91.56
6.87769 89.6223
6.88343 89.8199
6.88916 91.0991
6.8949 89.6596
6.90064 90.3794
6.90637 89.8025
6.91211 90.5285
6.91785 91.0711
6.92358 91.1834
6.92932 91.7963
6.93505 91.1775
6.94079 91.9848
6.94653 90.3486
6.95226 90.8885
6.958 90.0346
6.96374 89.9726
6.96947 91.4078
6.97521 91.4458
6.98094 91.3648
6.98668 90.6622
6.99242 91.5023
6.99815 91.945
7.00389 90.9658
7.00962 91.043
7.01536 91.2613
7.0211 91.9108
7.02683 91.8405
7.03257 92.4288
7.03831 90.7383
7.04404 92.6571
7.04978 91.0489
7.05551 94.0613
7.06125 92.6806
7.06699 93.5844
7.07272 92.4644
7.07846 92.9569
7.0842 93.8328
7.08993 93.4195
7.09567 94.7484
7.1014 94.8508
7.10714 96.5031
7.11288 95.792
7.11861 95.9386
7.12435 97.4835
7.13008 96.9062
7.13582 95.7873
7.14156 95.7241
7.14729 98.3408
7.15303 96.9303
7.15877 96.8794
7.1645 95.875
7.17024 96.1313
7.17597 96.3492
7.18171 97.6015
7.18745 97.2441
7.19318 97.1055
7.19892 98.6605
7.20466 98.6023
7.21039 99.7287
7.21613 101.97
7.22186 101.486
7.2276 100.644
7.23334 102.867
7.23907 101.571
7.24481 102.061
7.25054 102.411
7.25628 102.725
7.26202 103.196
7.26775 103.507
7.27349 102.504
7.27923 104.168
7.28496 106.163
7.2907 107.798
7.29643 107.444
7.30217 109.435
7.30791 110.039
7.31364 110.964
7.31938 110.254
7.32512 112.848
7.33085 112.904
7.33659 116.661
7.34232 114.146
7.34806 116.669
7.3538 119.317
7.35953 119.411
7.36527 125.185
7.371 135.695
7.37674 183.837
7.38248 163.519
7.38821 455.022
7.39395 446.659
7.39969 530.013
7.40542 940.897
7.41116 456.993
7.41689 290.666
7.42263 208.83
7.42837 191.899
7.4341 184.438
7.43984 183.713
7.44558 191.85
7.45131 203.903
7.45705 218.83
7.46278 243.922
7.46852 274.545
7.47426 298.272
7.47999 313.232
7.48573 307.399
7.49146 284.625
7.4972 256.696
7.50294 228.99
7.50867 205.415
7.51441 184.211
7.52015 166.754
7.52588 154.198
7.53162 141.628
7.53735 135.205
7.54309 127.204
7.54883 121.968
7.55456 117.733
7.5603 114.034
7.56604 112.223
7.57177 108.365
7.57751 107.536
7.58324 105.646
7.58898 103.139
7.59472 101.84
7.60045 102.116
7.60619 99.9184
7.61192 97.1437
7.61766 96.7557
7.6234 96.4822
7.62913 95.8535
7.63487 95.0352
7.64061 94.7615
7.64634 92.4047
7.65208 93.3004
7.65781 92.9264
7.66355 92.3695
7.66929 92.0356
7.67502 91.5675
7.68076 92.6686
7.6865 93.843
7.69223 94.1772
7.69797 93.6289
7.7037 95.2476
7.70944 98.6291
7.71518 112.502
7.72091 131.202
7.72665 242.832
7.73238 411.187
7.73812 153.801
7.74386 150.335
7.74959 113.137
7.75533 105.976
7.76107 103.286
7.7668 104.268
7.77254 107.35
7.77827 112.439
7.78401 117.842
7.78975 125.191
7.79548 136.182
7.80122 145.888
7.80696 152.498
7.81269 155.603
7.81843 151.88
7.82416 142.558
7.8299 131.674
7.83564 121.755
7.84137 112.953
7.84711 107.089
7.85284 101.173
7.85858 96.0779
7.86432 91.6048
7.87005 89.1372
7.87579 87.0735
7.88153 85.3306
7.88726 82.3154
7.893 82.0808
7.89873 81.5353
7.90447 81.3006
7.91021 85.0601
7.91594 84.0014
7.92168 91.6226
7.92742 82.9388
7.93315 78.6626
7.93889 77.3285
7.94462 77.6338
7.95036 76.18
7.9561 75.4684
7.96183 76.504
7.96757 77.8349
7.9733 80.4368
7.97904 79.3887
7.98478 78.6493
7.99051 76.4586
7.99625 73.8556
8.00199 74.0524
8.00772 73.0192
8.01346 72.6583
8.01919 73.5452
8.02493 71.955
8.03067 70.5119
8.0364 71.9633
8.04214 71.5477
8.04788 71.9368
8.05361 70.205
8.05935 71.0556
8.06508 70.4491
8.07082 71.1595
8.07656 70.2272
8.08229 69.5335
8.08803 71.2591
8.09376 70.6649
8.0995 69.3723
8.10524 69.4735
8.11097 68.2378
8.11671 65.4288
8.12245 65.6676
8.12818 64.6917
8.13392 63.0872
8.13965 62.4908
8.14539 62.6745
8.15113 59.8583
8.15686 56.5801
8.1626 60.6091
8.16834 60.9929
8.17407 61.5143
8.17981 62.0292
8.18554 60.7149
8.19128 62.1815
8.19702 62.5888
8.20275 62.1895
8.20849 61.6559
8.21422 62.0509
8.21996 61.6939
8.2257 62.3948
8.23143 61.1134
8.23717 61.5773
8.24291 61.2165
8.24864 60.6926
8.25438 61.1688
8.26011 61.8229
8.26585 63.6383
8.27159 62.2561
8.27732 62.952
8.28306 60.8478
8.2888 61.1297
8.29453 61.1022
8.30027 61.6628
8.306 59.4221
8.31174 60.9979
8.31748 59.8149
8.32321 60.5054
8.32895 61.0353
8.33468 60.6788
8.34042 60.5224
8.34616 61.2668
8.35189 59.3416
8.35763 58.7456
8.36337 58.8118
8.3691 60.9884
8.37484 59.3632
8.38057 58.3833
8.38631 58.4801
8.39205 58.5286
8.39778 60.7672
8.40352 59.8279
8.40926 59.201
8.41499 59.0341
8.42073 60.6452
8.42646 59.6811
8.4322 61.3252
8.43794 61.6052
8.44367 62.6484
8.44941 60.5233
8.45514 60.0892
8.46088 59.7059
8.46662 59.7494
8.47235 58.0402
8.47809 58.1888
8.48383 57.1746
8.48956 57.7733
8.4953 58.4183
8.50103 57.3966
8.50677 58.2453
8.51251 57.0324
8.51824 57.9658
8.52398 58.2141
8.52972 57.0181
8.53545 57.8174
8.54119 58.8138
8.54692 57.6242
8.55266 58.93
8.5584 58.5434
8.56413 58.753
8.56987 58.4681
8.5756 57.5599
8.58134 59.4365
8.58708 58.7239
8.59281 58.783
8.59855 57.7764
8.60429 56.8498
8.61002 57.4065
8.61576 56.9647
8.62149 56
8.62723 57.7143
8.63297 57.7912
8.6387 57.9498
8.64444 59.5683
8.65018 58.2096
8.65591 59.5629
8.66165 53.5585
8.66738 57.8719
8.67312 56.5055
8.67886 56.7917
8.68459 54.1685
8.69033 54.8207
8.69606 57.0473
8.7018 55.4648
8.70754 54.868
8.71327 56.1762
8.71901 53.5579
8.72475 56.2093
8.73048 55.8629
8.73622 56.7155
8.74195 60.5484
8.74769 57.4153
8.75343 56.9316
8.75916 56.589
8.7649 55.555
8.77064 56.5932
8.77637 54.433
8.78211 55.6881
8.78784 56.7904
8.79358 54.5862
8.79932 57.9474
8.80505 55.4225
8.81079 56.2266
8.81652 57.019
8.82226 56.4352
8.828 57.1157
8.83373 57.2195
8.83947 57.738
8.84521 59.7268
8.85094 56.6755
8.85668 55.0205
8.86241 54.9333
8.86815 55.9023
8.87389 58.6513
8.87962 57.3873
8.88536 55.6685
8.8911 59.9412
8.89683 58.8704
8.90257 58.9071
8.9083 59.948
8.91404 58.6312
8.91978 63.5086
8.92551 69.3567
8.93125 76.2073
8.93698 123.534
8.94272 96.2752
8.94846 82.1273
8.95419 65.6913
8.95993 61.6892
8.96567 61.7329
8.9714 58.315
8.97714 63.9304
8.98287 60.7902
8.98861 60.2593
8.99435 62.6276
9.00008 60.2393
9.00582 63.3224
9.01156 63.7176
9.01729 66.4065
9.02303 66.8071
9.02876 71.6923
9.0345 65.1301
9.04024 67.9457
9.04597 71.4808
9.05171 65.685
9.05744 64.4132
9.06318 66.0777
9.06892 63.0168
9.07465 61.5208
9.08039 58.9744
9.08613 58.2523
9.09186 61.6354
9.0976 55.8558
9.10333 58.9167
9.10907 59.7551
9.11481 56.3854
9.12054 55.5455
9.12628 55.4796
9.13202 55.622
9.13775 54.9348
9.14349 57.9881
9.14922 58.3537
9.15496 53.3049
9.1607 56
9.16643 49.6125
9.17217 56
9.1779 54.0395
9.18364 51.6143
9.18938 55.4412
9.19511 52.2941
9.20085 56.3492
9.20659 51.1385
9.21232 50.3833
9.21806 47.9016
9.22379 46.7091
9.22953 50.2182
9.23527 51.5472
9.241 53.8214
9.24674 51.2245
9.25248 49.7447
9.25821 46.0889
9.26395 49.1591
9.26968 48.6512
9.27542 48.1026
9.28116 49.05
9.28689 49.7143
9.29263 43.8788
9.29836 49.1515
9.3041 41.7576
9.30984 38.1429
9.31557 36.5556
9.32131 39.4444
9.32705 32.85
9.33278 37.4348
9.33852 32.7368
9.34425 39.3333
9.34999 23.8235
9.35573 29.2857
9.36146 27.7273
9.3672 31.7273
9.37294 30.125
9.37867 15.1111
9.38441 12
9.39014 8.5
9.39588 0
9.40162 0
9.40735 0
9.41309 0
9.41882 0
9.42456 0
9.4303 0
9.43603 0
9.44177 0
9.44751 0
9.45324 0
9.45898 0
9.46471 0
9.47045 0
9.47619 0
9.48192 0
9.48766 0
9.4934 0
9.49913 0
9.50487 0
9.5106 0
9.51634 0
9.52208 0
9.52781 0
9.53355 0
9.53928 0
9.54502 0
9.55076 0
9.55649 0
9.56223 0
9.56797 0
9.5737 0
9.57944 0
9.58517 0
9.59091 0
9.59665 0
9.60238 0
9.60812 0
9.61386 0
9.61959 0
9.62533 0
9.63106 0
9.6368 0
9.64254 0
9.64827 0
9.65401 0
9.65974 0
9.66548 0
9.67122 0
9.67695 0
9.68269 0
9.68843 0
9.69416 0
9.6999 0
9.70563 0
9.71137 0
9.71711 0
9.72284 0
9.72858 0
9.73432 0
9.74005 0
9.74579 0
9.75152 0
9.75726 0
9.763 0
9.76873 0
9.77447 0
9.7802 0
9.78594 0
9.79168 0
9.79741 0
9.80315 0
9.80889 0
9.81462 0
9.82036 0
9.82609 0
9.83183 0
9.83757 0
9.8433 0
9.84904 0
9.85478 0
9.86051 0
9.86625 0
9.87198 0
9.87772 0
9.88346 0
9.88919 0
9.89493 0
9.90066 0
9.9064 0
9.91214 0
9.91787 0
9.92361 0
9.92935 0
9.93508 0
9.94082 0
9.94655 0
9.95229 0
9.95803 0
9.96376 0
9.9695 0
9.97524 0
9.98097 0
9.98671 0
9.99244 0
9.99818 0
10.0039 0
10.0097 0
10.0154 0
10.0211 0
10.0269 0
10.0326 0
10.0383 0
10.0441 0
10.0498 0
10.0555 0
10.0613 0
10.067 0
10.0728 0
10.0785 0
10.0842 0
10.09 0
10.0957 0
10.1014 0
10.1072 0
10.1129 0
10.1186 0
10.1244 0
10.1301 0
10.1358 0
10.1416 0
10.1473 0
10.1531 0
10.1588 0
10.1645 0
10.1703 0
10.176 0
10.1817 0
10.1875 0
10.1932 0
10.1989 0
10.2047 0
10.2104 0
10.2162 0
10.2219 0
10.2276 0
10.2334 0
10.2391 0
10.2448 0
10.2506 0
10.2563 0
10.262 0
10.2678 0
10.2735 0
10.2793 0
10.285 0
10.2907 0
10.2965 0
10.3022 0
10.3079 0
10.3137 0
10.3194 0
10.3251 0
10.3309 0
10.3366 0
10.3424 0
10.3481 0
10.3538 0
10.3596 0
10.3653 0
10.371 0
10.3768 0
10.3825 0
10.3882 0
10.394 0
10.3997 0
10.4054 0
10.4112 0
10.4169 0
10.4227 0
10.4284 0
10.4341 0
10.4399 0
10.4456 0
10.4513 0
10.4571 0
10.4628 0
10.4685 0
10.4743 0
10.48 0
10.4858 0
10.4915 0
10.4972 0
10.503 0
10.5087 0
10.5144 0
10.5202 0
10.5259 0
10.5316 0
10.5374 0
10.5431 0
10.5489 0
10.5546 0
10.5603 0
10.5661 0
10.5718 0
10.5775 0
10.5833 0
10.589 0
10.5947 0
10.6005 0
10.6062 0
10.612 0
10.6177 0
10.6234 0
10.6292 0
10.6349 0
10.6406 0
10.6464 0
10.6521 0
10.6578 0
10.6636 0
10.6693 0
10.6751 0
10.6808 0
10.6865 0
10.6923 0
10.698 0
10.7037 0
10.7095 0
10.7152 0
10.7209 0
10.7267 0
10.7324 0
10.7381 0
10.7439 0
10.7496 0
10.7554 0
10.7611 0
10.7668 0
10.7726 0
10.7783 0
10.784 0
10.7898 0
10.7955 0
10.8012 0
10.807 0
10.8127 0
10.8185 0
10.8242 0
10.8299 0
10.8357 0
10.8414 0
10.8471 0
10.8529 0
10.8586 0
10.8643 0
10.8701 0
10.8758 0
10.8816 0
10.8873 0
10.893 0
10.8988 0
10.9045 0
10.9102 0
10.916 0
10.9217 0
10.9274 0
10.9332 0
10.9389 0
10.9447 0
10.9504 0
10.9561 0
10.9619 0
10.9676 0
10.9733 0
10.9791 0
10.9848 0
10.9905 0
10.9963 0
11.002 0
11.0077 0
11.0135 0
11.0192 0
11.025 0
11.0307 0
11.0364 0
11.0422 0
11.0479 0
11.0536 0
11.0594 0
11.0651 0
11.0708 0
11.0766 0
11.0823 0
11.0881 0
11.0938 0
11.0995 0
11.1053 0
11.111 0
11.1167 0
11.1225 0
11.1282 0
11.1339 0
11.1397 0
11.1454 0
11.1512 0
11.1569 0
11.1626 0
11.1684 0
11.1741 0
11.1798 0
11.1856 0
11.1913 0
11.197 0
11.2028 0
11.2085 0
11.2143 0
11.22 0
11.2257 0
11.2315 0
11.2372 0
11.2429 0
11.2487 0
11.2544 0
11.2601 0
11.2659 0
11.2716 0
11.2774 0
11.2831 0
11.2888 0
11.2946 0
11.3003 0
11.306 0
11.3118 0
11.3175 0
11.3232 0
11.329 0
11.3347 0
11.3404 0
11.3462 0
11.3519 0
11.3577 0
11.3634 0
11.3691 0
11.3749 0
11.3806 0
11.3863 0
11.3921 0
11.3978 0
11.4035 0
11.4093 0
11.415 0
11.4208 0
11.4265 0
11.4322 0
11.438 0
11.4437 0
11.4494 0
11.4552 0
11.4609 0
11.4666 0
11.4724 0
11.4781 0
11.4839 0
11.4896 0
11.4953 0
11.5011 0
11.5068 0
11.5125 0
11.5183 0
11.524 0
11.5297 0
11.5355 0
11.5412 0
11.547 0
11.5527 0
11.5584 0
11.5642 0
11.5699 0
11.5756 0
11.5814 0
11.5871 0
11.5928 0
11.5986 0
11.6043 0
11.61 0
11.6158 0
11.6215 0
11.6273 0
11.633 0
11.6387 0
11.6445 0
11.6502 0
11.6559 0
11.6617 0
11.6674 0
11.6731 0
11.6789 0
11.6846 0
11.6904 0
11.6961 0
11.7018 0
11.7076 0
11.7133 0
11.719 0
11.7248 0
11.7305 0
11.7362 0
11.742 0
