0 0
0.00573619 -19
0.0114724 26
0.0172086 -4.5
0.0229448 -0.333333
0.028681 6.66667
0.0344171 15.5
0.0401533 3.6
0.0458895 3.8
0.0516257 -4
0.0573619 4.33333
0.0630981 -5.57143
0.0688343 -0.142857
0.0745705 -0.5
0.0803067 3.33333
0.0860429 1.88889
0.091779 -0.25
0.0975152 -4.84615
0.103251 8.88889
0.108988 8.55556
0.114724 4.5
0.12046 7.90909
0.126196 6.66667
0.131932 -5.75
0.137669 1.2
0.143405 1.07692
0.149141 5.92308
0.154877 5.1875
0.160613 1.6
0.16635 2.86667
0.172086 1.83333
0.177822 6.31579
0.183558 0.705882
0.189294 -4.42857
0.19503 6.71429
0.200767 4.14286
0.206503 0.117647
0.212239 1.94444
0.217975 -0.142857
0.223711 3.82353
0.229448 -0.625
0.235184 -2.26087
0.24092 1.22727
0.246656 8.11111
0.252392 0.08
0.258129 1.85185
0.263865 -0.52381
0.269601 1.08333
0.275337 -2.24138
0.281073 3.44
0.28681 2.83333
0.292546 -5.52
0.298282 3.89655
0.304018 -1.59259
0.309754 -2.46667
0.31549 0.580645
0.321227 0.703704
0.326963 3.93333
0.332699 2.80645
0.338435 2.06061
0.344171 3.625
0.349908 5.14286
0.355644 2.51429
0.36138 1.09677
0.367116 6.44118
0.372852 6.27273
0.378589 -1.08108
0.384325 2.90625
0.390061 4.82051
0.395797 6.74359
0.401533 3.92308
0.40727 10.2093
0.413006 8.08108
0.418742 10.15
0.424478 8.20588
0.430214 14.7111
0.43595 12.9024
0.441687 14.5938
0.447423 15.5532
0.453159 13.2821
0.458895 15
0.464631 14.3636
0.470368 15.2927
0.476104 12.6383
0.48184 16.0556
0.487576 18.6346
0.493312 14.8293
0.499049 19.3
0.504785 17.8421
0.510521 23.1111
0.516257 19.7209
0.521993 21.8182
0.52773 20.1132
0.533466 23.3556
0.539202 25.3958
0.544938 23.2157
0.550674 22.9615
0.55641 20.8542
0.562147 22.8039
0.567883 19.4737
0.573619 16.5778
0.579355 16.2037
0.585091 16.807
0.590828 16.6038
0.596564 16.9375
0.6023 16.5714
0.608036 20.8769
0.613772 18.9592
0.619509 20.5862
0.625245 18.7288
0.630981 20.5818
0.636717 23.1552
0.642453 25.9474
0.64819 26.1905
0.653926 25.9423
0.659662 23.8
0.665398 21.7344
0.671134 26.193
0.67687 27.8065
0.682607 25.8571
0.688343 26.6119
0.694079 27.5741
0.699815 22.1159
0.705551 25.0154
0.711288 22.8727
0.717024 29.6081
0.72276 24.5246
0.728496 25.0571
0.734232 28.4844
0.739969 27.7391
0.745705 29.0282
0.751441 26.8793
0.757177 28.8571
0.762913 30.403
0.76865 32.2754
0.774386 26.0882
0.780122 27.4521
0.785858 27.2857
0.791594 22.2667
0.79733 26.8659
0.803067 23.6522
0.808803 29.1429
0.814539 27.9506
0.820275 28.4366
0.826011 28.7922
0.831748 23.0417
0.837484 27.9765
0.84322 26.2
0.848956 27.5556
0.854692 26.7412
0.860429 25.0988
0.866165 25.6575
0.871901 23.3125
0.877637 25.6386
0.883373 27.026
0.88911 26.9487
0.894846 24.0941
0.900582 22.8193
0.906318 25.8919
0.912054 23.8667
0.91779 21.3333
0.923527 23.7662
0.929263 25.1977
0.934999 21.978
0.940735 24.6173
0.946471 22.3095
0.952208 24.8471
0.957944 27.4301
0.96368 26.2308
0.969416 24.0316
0.975152 27.3667
0.980889 23.1294
0.986625 26.1512
0.992361 25.9474
0.998097 22.6421
1.00383 24.775
1.00957 29.697
1.01531 22.4536
1.02104 28.2857
1.02678 25.6354
1.03251 25.7473
1.03825 22.36
1.04399 26.6977
1.04972 25.6139
1.05546 26.9802
1.0612 29.0488
1.06693 28.5701
1.07267 25.7473
1.0784 28.0874
1.08414 25.7755
1.08988 26.49
1.09561 27.4381
1.10135 28.6628
1.10708 27.4
1.11282 26.8947
1.11856 27.7959
1.12429 24.6476
1.13003 27.3143
1.13577 22.8952
1.1415 23.9118
1.14724 23.422
1.15297 24.73
1.15871 23.83
1.16445 26.0957
1.17018 27.2
1.17592 24.1308
1.18166 24.4896
1.18739 21.8067
1.19313 25.0642
1.19886 22.4563
1.2046 22.6261
1.21034 26.8972
1.21607 23.1636
1.22181 26.0455
1.22754 24.5983
1.23328 21.9626
1.23902 21.0982
1.24475 23.7815
1.25049 24.6606
1.25623 23.9074
1.26196 25.5556
1.2677 27.0806
1.27343 23.1982
1.27917 21.3983
1.28491 24.8729
1.29064 25.8584
1.29638 25.5862
1.30212 23.1453
1.30785 22.8487
1.31359 21.9569
1.31932 26.4567
1.32506 24.1176
1.3308 25.6897
1.33653 24.7143
1.34227 24.0252
1.348 24.0315
1.35374 26.4956
1.35948 24.864
1.36521 22.9695
1.37095 21.6636
1.37669 21.0288
1.38242 22.2787
1.38816 23.3435
1.39389 19.9915
1.39963 22.25
1.40537 24.7752
1.4111 25.5982
1.41684 23.1469
1.42258 23.837
1.42831 24.5455
1.43405 24.1538
1.43978 23.6963
1.44552 23.5725
1.45126 24.2203
1.45699 25.5035
1.46273 23.3561
1.46846 22.7381
1.4742 25.8182
1.47994 25.4496
1.48567 26.3233
1.49141 25.9
1.49715 23.5705
1.50288 23.708
1.50862 24.5806
1.51435 22.8562
1.52009 24.7376
1.52583 24.916
1.53156 24.4963
1.5373 22.8639
1.54304 22.4255
1.54877 22.1176
1.55451 23.8456
1.56024 24.5328
1.56598 26.1214
1.57172 25.078
1.57745 25.3784
1.58319 22.3759
1.58892 24.9577
1.59466 24.02
1.6004 25.993
1.60613 24.971
1.61187 25.0134
1.61761 23.3057
1.62334 26.3684
1.62908 25.9613
1.63481 25.6225
1.64055 24.2533
1.64629 25.1438
1.65202 25.7748
1.65776 24.4901
1.6635 23.3869
1.66923 24.9245
1.67497 24.7239
1.6807 24.0876
1.68644 23.7405
1.69218 23.8951
1.69791 24.3399
1.70365 25.4257
1.70938 22.6346
1.71512 25.7239
1.72086 23.9338
1.72659 23.5318
1.73233 25.3871
1.73807 25.7124
1.7438 25.1627
1.74954 25.761
1.75527 27.061
1.76101 25.0368
1.76675 24.4696
1.77248 24.4085
1.77822 24.6735
1.78396 23.2798
1.78969 26.0382
1.79543 27.6994
1.80116 25.7325
1.8069 25.9825
1.81264 25.2695
1.81837 26.4067
1.82411 28.5778
1.82984 28.3168
1.83558 24.7758
1.84132 25.3636
1.84705 25.8935
1.85279 28.4269
1.85853 25.3438
1.86426 26.3785
1.87 26.686
1.87573 26.5812
1.88147 27.1525
1.88721 27.8081
1.89294 24.7688
1.89868 27.7529
1.90442 30.8908
1.91015 30.4201
1.91589 48.7381
1.92162 52.2406
1.92736 36.2825
1.9331 36.9524
1.93883 39.2558
1.94457 39.6984
1.9503 32.4647
1.95604 29.7733
1.96178 28.1713
1.96751 27.4649
1.97325 26.8282
1.97899 28.4973
1.98472 27.8457
1.99046 29.0514
1.99619 28.1044
2.00193 27.9684
2.00767 28.7345
2.0134 28.2267
2.01914 28.1649
2.02488 26.9424
2.03061 28.8192
2.03635 28.3564
2.04208 26.3676
2.04782 27.0904
2.05356 27.0376
2.05929 27.2873
2.06503 27.86
2.07076 27.3352
2.0765 27.9585
2.08224 27.5357
2.08797 30.3584
2.09371 29.7929
2.09945 30.9946
2.10518 28.6533
2.11092 31.1123
2.11665 29.7385
2.12239 29.3865
2.12813 30.7456
2.13386 28.0149
2.1396 30.0352
2.14534 28.3128
2.15107 30.3209
2.15681 27.3618
2.16254 30.2921
2.16828 30.6902
2.17402 27.8673
2.17975 30.75
2.18549 29.3175
2.19122 31.1782
2.19696 32.8218
2.2027 31.9317
2.20843 47.8258
2.21417 62.5047
2.21991 66.2582
2.22564 43.8361
2.23138 35.6446
2.23711 34.8937
2.24285 35.4808
2.24859 37.0052
2.25432 31.8265
2.26006 32.0146
2.2658 30.4946
2.27153 32.6651
2.27727 31.8341
2.283 33.0896
2.28874 32.152
2.29448 33.8153
2.30021 35
2.30595 32.7727
2.31168 33.3935
2.31742 35.6812
2.32316 37.8317
2.32889 37.3738
2.33463 40.4695
2.34037 40.7512
2.3461 43.8538
2.35184 46.6516
2.35757 50.0882
2.36331 50.5981
2.36905 47.7604
2.37478 48.527
2.38052 43.7788
2.38626 46.6263
2.39199 41.3034
2.39773 39.3285
2.40346 37.6027
2.4092 38.7623
2.41494 38.0814
2.42067 37.8203
2.42641 35.7373
2.43214 36.9221
2.43788 34.1691
2.44362 35.4273
2.44935 35.9957
2.45509 35.0563
2.46083 33.894
2.46656 33.2271
2.4723 36.5966
2.47803 34.3116
2.48377 34.4248
2.48951 37.5769
2.49524 35.6606
2.50098 35.0089
2.50672 35.7832
2.51245 35.3133
2.51819 34.8102
2.52392 35.9412
2.52966 35.6151
2.5354 34.4028
2.54113 34.7333
2.54687 36.2944
2.5526 34.6695
2.55834 36.018
2.56408 36.1617
2.56981 34.562
2.57555 36.4027
2.58129 34.1126
2.58702 35.1548
2.59276 36.7407
2.59849 36.4873
2.60423 35.928
2.60997 34.1909
2.6157 38.5688
2.62144 35.4336
2.62718 35.6979
2.63291 34.8285
2.63865 35.5021
2.64438 34.7119
2.65012 35.912
2.65586 36.4464
2.66159 36.0791
2.66733 36.7623
2.67306 35.8043
2.6788 37.7539
2.68454 37.4118
2.69027 37.0683
2.69601 36.4304
2.70175 40.7773
2.70748 41.037
2.71322 39.5654
2.71895 40.8008
2.72469 39.1029
2.73043 39.2913
2.73616 37.1792
2.7419 38.4047
2.74764 39.4387
2.75337 37.1515
2.75911 36.1369
2.76484 37.1389
2.77058 35.8066
2.77632 36.5328
2.78205 38.5357
2.78779 38.5714
2.79352 37.7951
2.79926 37.7594
2.805 36.3855
2.81073 39.3554
2.81647 36.7667
2.82221 38.5741
2.82794 39.3373
2.83368 39.0042
2.83941 37.87
2.84515 37.316
2.85089 37.8721
2.85662 39.779
2.86236 39.0229
2.8681 39.4634
2.87383 39.883
2.87957 39.5683
2.8853 38.9076
2.89104 38.8251
2.89678 40.483
2.90251 39.0153
2.90825 39.0315
2.91398 39.7044
2.91972 39.0758
2.92546 38.695
2.93119 41.4981
2.93693 41.6426
2.94267 39.7519
2.9484 41.7019
2.95414 42.6576
2.95987 40.464
2.96561 42.5308
2.97135 43.4199
2.97708 43.6596
2.98282 46.0518
2.98856 44.4143
2.99429 44.9643
3.00003 43.3829
3.00576 40.9164
3.0115 42.5882
3.01724 43.4429
3.02297 42.416
3.02871 41.9317
3.03444 43.7383
3.04018 44.0971
3.04592 43.8162
3.05165 44.2509
3.05739 44.7173
3.06313 44.6887
3.06886 45.7365
3.0746 44.3614
3.08033 44.7174
3.08607 48.1489
3.09181 51.308
3.09754 54.2318
3.10328 63.0263
3.10902 65.7534
3.11475 62.9254
3.12049 57.4725
3.12622 53.4342
3.13196 56.2456
3.1377 59.7267
3.14343 64.6964
3.14917 63.0865
3.1549 51.6915
3.16064 49.8787
3.16638 51.6634
3.17211 52.9028
3.17785 52.6587
3.18359 52.7599
3.18932 51.4233
3.19506 51.6465
3.20079 52.3048
3.20653 51.4235
3.21227 53.9078
3.218 53.4132
3.22374 52.8958
3.22948 53.0468
3.23521 53.741
3.24095 54.9777
3.24668 53.9365
3.25242 54.27
3.25816 54.8697
3.26389 55.8935
3.26963 58.6267
3.27536 57.934
3.2811 57.8713
3.28684 60.8906
3.29257 61.918
3.29831 63.8607
3.30405 67.5737
3.30978 73.0197
3.31552 75.9441
3.32125 80.5153
3.32699 83.2226
3.33273 83.2244
3.33846 84.3172
3.3442 83.2257
3.34994 80.2257
3.35567 74.7907
3.36141 74.5804
3.36714 70.9744
3.37288 73.2638
3.37862 69.5563
3.38435 68.52
3.39009 69.3704
3.39582 67.8562
3.40156 67.0126
3.4073 68.7714
3.41303 72.9406
3.41877 75.1386
3.42451 76.0279
3.43024 75.7197
3.43598 71.9439
3.44171 70.116
3.44745 69.8799
3.45319 69.4671
3.45892 70.9355
3.46466 70.4401
3.4704 71.1827
3.47613 71.149
3.48187 71.8072
3.4876 72.9524
3.49334 74.0794
3.49908 74.3312
3.50481 77.1254
3.51055 78.5375
3.51628 80.771
3.52202 86.2985
3.52776 92.8758
3.53349 105.343
3.53923 129.08
3.54497 160.06
3.5507 177.461
3.55644 163.762
3.56217 136.504
3.56791 113.708
3.57365 99.4783
3.57938 97.1491
3.58512 94.7015
3.59086 94.2006
3.59659 94.7006
3.60233 93.4431
3.60806 94.0727
3.6138 95.8857
3.61954 100.955
3.62527 106.087
3.63101 111.698
3.63674 125.042
3.64248 140.078
3.64822 157.464
3.65395 168.338
3.65969 167.738
3.66543 156.535
3.67116 150.828
3.6769 151.682
3.68263 148.581
3.68837 147.279
3.69411 146.718
3.69984 142.867
3.70558 143.139
3.71132 143.476
3.71705 147.704
3.72279 151.216
3.72852 153.531
3.73426 156.555
3.74 161.517
3.74573 165.554
3.75147 166.618
3.7572 173.164
3.76294 178.597
3.76868 185.132
3.77441 193.17
3.78015 199.49
3.78589 209.703
3.79162 219.659
3.79736 235.368
3.80309 252.417
3.80883 268.173
3.81457 295.254
3.8203 324.668
3.82604 364.466
3.83178 434.263
3.83751 623.43
3.84325 1170.38
3.84898 2239.27
3.85472 2820.96
3.86046 1867.5
3.86619 1439.89
3.87193 1633.87
3.87766 2021.15
3.8834 2611.58
3.88914 3338.63
3.89487 3956.85
3.90061 3735.68
3.90635 2994.76
3.91208 2236.87
3.91782 1568.95
3.92355 1159.39
3.92929 902.512
3.93503 716.03
3.94076 590.656
3.9465 505.173
3.95224 445.908
3.95797 395.687
3.96371 357.422
3.96944 332.479
3.97518 307.646
3.98092 283.547
3.98665 268.271
3.99239 255.664
3.99812 244.011
4.00386 232.851
4.0096 226.796
4.01533 218.029
4.02107 212.602
4.02681 209.221
4.03254 209.503
4.03828 207.044
4.04401 201.791
4.04975 198.255
4.05549 187.418
4.06122 180.468
4.06696 176.422
4.0727 175.034
4.07843 170.332
4.08417 167.214
4.0899 165.669
4.09564 164.144
4.10138 161.426
4.10711 160.166
4.11285 158.245
4.11858 156.819
4.12432 155.608
4.13006 156.158
4.13579 151.771
4.14153 153.582
4.14727 152.5
4.153 151.218
4.15874 152.085
4.16447 150.783
4.17021 152.013
4.17595 149.313
4.18168 148.12
4.18742 148.907
4.19316 148.912
4.19889 150.365
4.20463 151.202
4.21036 150.426
4.2161 148.281
4.22184 148.22
4.22757 149.12
4.23331 149.406
4.23904 149.762
4.24478 149.614
4.25052 147.738
4.25625 148.206
4.26199 149.213
4.26773 153.573
4.27346 153.203
4.2792 155.773
4.28493 154.997
4.29067 158.338
4.29641 160.893
4.30214 161.756
4.30788 163.592
4.31362 165.143
4.31935 168.684
4.32509 172.413
4.33082 174.032
4.33656 182.669
4.3423 184.152
4.34803 189.133
4.35377 195.129
4.3595 201.051
4.36524 210.455
4.37098 216.047
4.37671 227.253
4.38245 232.681
4.38819 246.365
4.39392 262.756
4.39966 271.767
4.40539 295.972
4.41113 318.951
4.41687 354.708
4.4226 411.207
4.42834 528.399
4.43408 876.021
4.43981 1952.43
4.44555 4728.68
4.45128 14893.4
4.45702 16535.7
4.46276 7168.57
4.46849 2718.07
4.47423 1601.04
4.47996 1120.15
4.4857 1067.56
4.49144 1045.77
4.49717 1012.23
4.50291 1026.77
4.50865 952.676
4.51438 845.848
4.52012 721.044
4.52585 603.205
4.53159 507.962
4.53733 434.728
4.54306 372.585
4.5488 327.96
4.55454 290.625
4.56027 263.237
4.56601 240.8
4.57174 222.761
4.57748 205.865
4.58322 193.179
4.58895 182.432
4.59469 172.634
4.60042 165.917
4.60616 158.769
4.6119 154.759
4.61763 150.118
4.62337 149.395
4.62911 146.985
4.63484 142.896
4.64058 137.746
4.64631 128.633
4.65205 124.797
4.65779 120.441
4.66352 118.584
4.66926 117.698
4.675 114.894
4.68073 114.002
4.68647 113.945
4.6922 114.068
4.69794 115.486
4.70368 115.993
4.70941 116.506
4.71515 116.309
4.72088 118.944
4.72662 118.747
4.73236 119.596
4.73809 119.156
4.74383 117.681
4.74957 116.368
4.7553 114.089
4.76104 111.088
4.76677 106.916
4.77251 103.745
4.77825 101.281
4.78398 97.9844
4.78972 94.7033
4.79546 93.3556
4.80119 90.7865
4.80693 88.5668
4.81266 89.9103
4.8184 87.6437
4.82414 85.9219
4.82987 84.8889
4.83561 84.0137
4.84134 87.1283
4.84708 87.2734
4.85282 89.1517
4.85855 84.0374
4.86429 81.9863
4.87003 81.6605
4.87576 81.6511
4.8815 81.7019
4.88723 80.7386
4.89297 80.4185
4.89871 80.9309
4.90444 79.0404
4.91018 79.2883
4.91592 78.4801
4.92165 78.9675
4.92739 78.4726
4.93312 77.7283
4.93886 77.6499
4.9446 77.9306
4.95033 75.7846
4.95607 76.0593
4.9618 76.933
4.96754 78.0665
4.97328 77.3305
4.97901 80.1816
4.98475 75.6145
4.99049 75.7176
4.99622 76.5096
5.00196 74.7356
5.00769 73.6829
5.01343 73.1567
5.01917 75.6328
5.0249 75.2574
5.03064 75.7689
5.03638 72.8398
5.04211 73.8478
5.04785 73.6004
5.05358 74.1838
5.05932 73.73
5.06506 73.6132
5.07079 74.1223
5.07653 73.5563
5.08226 71.8794
5.088 71.8674
5.09374 73.6287
5.09947 71.9
5.10521 71.3794
5.11095 71.8098
5.11668 70.7578
5.12242 72.3246
5.12815 73.9554
5.13389 72.0998
5.13963 73.028
5.14536 73.4163
5.1511 73.3397
5.15684 73.1373
5.16257 73.7152
5.16831 75.8769
5.17404 76.4949
5.17978 76.1233
5.18552 74.4045
5.19125 74.3727
5.19699 74.1416
5.20272 73.0263
5.20846 73.2004
5.2142 72.121
5.21993 72.9124
5.22567 73.1542
5.23141 72.186
5.23714 72.2378
5.24288 73.4243
5.24861 73.1631
5.25435 73.9287
5.26009 74.3651
5.26582 73.5309
5.27156 73.7382
5.2773 73.2333
5.28303 74.1786
5.28877 75.9919
5.2945 76.4286
5.30024 77.2703
5.30598 77.2848
5.31171 77.7194
5.31745 77.0519
5.32318 76.8565
5.32892 74.8095
5.33466 75.135
5.34039 73.7265
5.34613 75.8931
5.35187 74.0546
5.3576 74.5041
5.36334 74.5307
5.36907 74.8395
5.37481 77.3299
5.38055 81
5.38628 85.3956
5.39202 95.9862
5.39776 100.141
5.40349 96.2317
5.40923 89.3839
5.41496 80.0061
5.4207 78.289
5.42644 77.3249
5.43217 74.4077
5.43791 75.0531
5.44364 77.2245
5.44938 77.6654
5.45512 78.4558
5.46085 77.7743
5.46659 74.9119
5.47233 75.4677
5.47806 73.9604
5.4838 73.4485
5.48953 71.6758
5.49527 71.3713
5.50101 74.6415
5.50674 73.7818
5.51248 75.3996
5.51822 73.6994
5.52395 73.5369
5.52969 73.1129
5.53542 73.8658
5.54116 72.3032
5.5469 74.0374
5.55263 74.2588
5.55837 73.752
5.5641 74.424
5.56984 72.8075
5.57558 74.6758
5.58131 74.4733
5.58705 75.7824
5.59279 76.1255
5.59852 76.2895
5.60426 76.155
5.60999 75.5739
5.61573 76.1922
5.62147 76.4306
5.6272 74.2852
5.63294 75.1481
5.63868 76.0595
5.64441 77.2903
5.65015 76.6981
5.65588 76.9282
5.66162 76.3738
5.66736 76.4826
5.67309 77.989
5.67883 77.5569
5.68456 77.9609
5.6903 79.2921
5.69604 78.4269
5.70177 80.1786
5.70751 80.3898
5.71325 82.4412
5.71898 81.2158
5.72472 84.0325
5.73045 81.1581
5.73619 83.0632
5.74193 83.5019
5.74766 84.6203
5.7534 85.7682
5.75914 85.7357
5.76487 86.1517
5.77061 87.7766
5.77634 90.4038
5.78208 90.862
5.78782 89.1547
5.79355 90.3008
5.79929 90.3548
5.80502 88.7655
5.81076 88.8502
5.8165 88.9538
5.82223 88.6518
5.82797 87.7096
5.83371 88.5418
5.83944 89.0851
5.84518 90.2143
5.85091 88
5.85665 88.6867
5.86239 88.5256
5.86812 89.1774
5.87386 90.5861
5.8796 91.4731
5.88533 91.3673
5.89107 90.7774
5.8968 91.4556
5.90254 92.2096
5.90828 91.5517
5.91401 92.0746
5.91975 93.3092
5.92548 91.9714
5.93122 93.3641
5.93696 95.1007
5.94269 95.0545
5.94843 96.6214
5.95417 97.4714
5.9599 99.2147
5.96564 97.6446
5.97137 101.239
5.97711 101.072
5.98285 102.737
5.98858 102.409
5.99432 104.141
6.00006 108.366
6.00579 111.908
6.01153 116.63
6.01726 119.249
6.023 117.014
6.02874 113.996
6.03447 112.507
6.04021 111.35
6.04594 111.031
6.05168 112.722
6.05742 113.917
6.06315 113.74
6.06889 113.363
6.07463 115.291
6.08036 116.446
6.0861 119.351
6.09183 121.736
6.09757 123.672
6.10331 122.831
6.10904 123.714
6.11478 126.04
6.12052 127.349
6.12625 126.993
6.13199 129.447
6.13772 131.866
6.14346 131.82
6.1492 134.894
6.15493 137.561
6.16067 138.97
6.1664 143.976
6.17214 145.321
6.17788 148.272
6.18361 151.355
6.18935 156.247
6.19509 163.517
6.20082 165.997
6.20656 174.391
6.21229 182.505
6.21803 193.711
6.22377 198.998
6.2295 205.548
6.23524 214.057
6.24098 214.102
6.24671 219.215
6.25245 234.795
6.25818 247.596
6.26392 265.525
6.26966 299.096
6.27539 387.547
6.28113 515.285
6.28686 1346.34
6.2926 3042.71
6.29834 6363.18
6.30407 7604.94
6.30981 8935.2
6.31555 2968.98
6.32128 1486.06
6.32702 831.021
6.33275 636.302
6.33849 577.224
6.34423 549.318
6.34996 568.748
6.3557 610.911
6.36144 680.153
6.36717 785.08
6.37291 872.941
6.37864 887.988
6.38438 814.772
6.39012 711.389
6.39585 607.228
6.40159 508.867
6.40732 430.513
6.41306 368.072
6.4188 323.884
6.42453 289.373
6.43027 267.881
6.43601 250.562
6.44174 237.806
6.44748 226.908
6.45321 220.226
6.45895 217.624
6.46469 212.817
6.47042 208.773
6.47616 203.279
6.4819 190.809
6.48763 182.404
6.49337 177.502
6.4991 170.214
6.50484 166.759
6.51058 163.055
6.51631 161.278
6.52205 158.025
6.52778 155.477
6.53352 154.271
6.53926 152.212
6.54499 152.173
6.55073 153.032
6.55647 151.955
6.5622 151.304
6.56794 153.96
6.57367 155.278
6.57941 154.184
6.58515 151.89
6.59088 147.772
6.59662 144.942
6.60236 141.662
6.60809 140.965
6.61383 137.949
6.61956 137.403
6.6253 135.709
6.63104 136.362
6.63677 136.162
6.64251 133.67
6.64824 134.324
6.65398 135.47
6.65972 135.349
6.66545 135.827
6.67119 137.254
6.67693 137.313
6.68266 137.578
6.6884 138.909
6.69413 137.126
6.69987 136.07
6.70561 137.027
6.71134 134.345
6.71708 134.855
6.72282 132.954
6.72855 133.03
6.73429 132.012
6.74002 130.522
6.74576 130.967
6.7515 130.013
6.75723 128.655
6.76297 127.918
6.7687 126.328
6.77444 127.443
6.78018 127.937
6.78591 128.02
6.79165 127.046
6.79739 130.744
6.80312 136.671
6.80886 149.818
6.81459 138.902
6.82033 136.168
6.82607 128.841
6.8318 128.005
6.83754 125.867
6.84328 126.471
6.84901 125.713
6.85475 127.306
6.86048 126.838
6.86622 126.253
6.87196 126.58
6.87769 125.35
6.88343 124.966
6.88916 123.896
6.8949 124.559
6.90064 124.095
6.90637 124.508
6.91211 125.024
6.91785 125.445
6.92358 126.586
6.92932 125.872
6.93505 124.904
6.94079 125.656
6.94653 124.521
6.95226 126.089
6.958 124.822
6.96374 126.602
6.96947 125.981
6.97521 124.951
6.98094 126.085
6.98668 126.105
6.99242 125.325
6.99815 126.078
7.00389 125.135
7.00962 126.94
7.01536 127.962
7.0211 128.344
7.02683 126.951
7.03257 127.25
7.03831 126.803
7.04404 128.569
7.04978 127.471
7.05551 129.176
7.06125 128.781
7.06699 131.271
7.07272 130.831
7.07846 129.464
7.0842 132.057
7.08993 131.964
7.09567 134.159
7.1014 134.204
7.10714 133.405
7.11288 136.073
7.11861 139.066
7.12435 138.83
7.13008 139.683
7.13582 138.054
7.14156 136.912
7.14729 138.662
7.15303 135.868
7.15877 135.783
7.1645 136.981
7.17024 137.559
7.17597 137.557
7.18171 139.559
7.18745 138.996
7.19318 139.774
7.19892 139.528
7.20466 141.576
7.21039 144.287
7.21613 144.648
7.22186 147.353
7.2276 147.198
7.23334 147.341
7.23907 148.821
7.24481 148.778
7.25054 148.149
7.25628 148.849
7.26202 150.03
7.26775 150.613
7.27349 152.743
7.27923 153.26
7.28496 156.452
7.2907 157.163
7.29643 160.085
7.30217 161.049
7.30791 163.29
7.31364 168.901
7.31938 169.05
7.32512 173.398
7.33085 176.791
7.33659 180.543
7.34232 181.444
7.34806 185.894
7.3538 193.959
7.35953 193.649
7.36527 208.693
7.371 239.947
7.37674 376.674
7.38248 349.348
7.38821 1089.96
7.39395 1031.11
7.39969 1310.48
7.40542 1810.24
7.41116 1062.5
7.41689 615.914
7.42263 445.951
7.42837 404.255
7.4341 402.395
7.43984 408.435
7.44558 439.416
7.45131 481.567
7.45705 545.909
7.46278 626.073
7.46852 727.073
7.47426 821.265
7.47999 867.741
7.48573 846.376
7.49146 755.562
7.4972 643.493
7.50294 540.792
7.50867 455.508
7.51441 385.24
7.52015 333.441
7.52588 297.182
7.53162 267.941
7.53735 245.717
7.54309 229.192
7.54883 215.883
7.55456 204.664
7.5603 195.444
7.56604 187.687
7.57177 181.976
7.57751 175.574
7.58324 170.68
7.58898 166.497
7.59472 162.807
7.60045 161.148
7.60619 158.504
7.61192 156.208
7.61766 151.814
7.6234 151.586
7.62913 151.969
7.63487 149.355
7.64061 147.645
7.64634 146.652
7.65208 145.082
7.65781 144.286
7.66355 143.912
7.66929 145.352
7.67502 143.715
7.68076 145.04
7.6865 143.996
7.69223 145.962
7.69797 147.01
7.7037 147.399
7.70944 158.047
7.71518 191.73
7.72091 253.467
7.72665 338.875
7.73238 525.709
7.73812 227.934
7.74386 177.837
7.74959 186.888
7.75533 184.849
7.76107 185.713
7.7668 192.374
7.77254 202.843
7.77827 217.42
7.78401 235.686
7.78975 261.023
7.79548 293.796
7.80122 329.607
7.80696 359.286
7.81269 382.022
7.81843 367.093
7.82416 330.114
7.8299 292.884
7.83564 248.695
7.84137 218.458
7.84711 194.049
7.85284 175.933
7.85858 163.045
7.86432 152.023
7.87005 146.054
7.87579 139.563
7.88153 134.033
7.88726 131.277
7.893 128.746
7.89873 125.232
7.90447 123.298
7.91021 125.103
7.91594 122.936
7.92168 124.084
7.92742 118.018
7.93315 116.948
7.93889 113.792
7.94462 113.439
7.95036 112.834
7.9561 111.376
7.96183 111.599
7.96757 110.627
7.9733 109.372
7.97904 110.031
7.98478 109.482
7.99051 107.609
7.99625 107.205
8.00199 107.537
8.00772 105.547
8.01346 105.385
8.01919 104.64
8.02493 104.045
8.03067 104.463
8.0364 103.871
8.04214 103.105
8.04788 102.988
8.05361 103.67
8.05935 101.747
8.06508 100.886
8.07082 102.579
8.07656 103.382
8.08229 102.993
8.08803 103.725
8.09376 105.275
8.0995 102.977
8.10524 99.867
8.11097 98.177
8.11671 93.9412
8.12245 92.8317
8.12818 93.054
8.13392 90.2378
8.13965 88.1352
8.14539 89.0577
8.15113 87.6626
8.15686 81.6176
8.1626 85.4365
8.16834 86.103
8.17407 89.54
8.17981 88.957
8.18554 87.9676
8.19128 89.4587
8.19702 90.3863
8.20275 89.0379
8.20849 88.3526
8.21422 88.5107
8.21996 88.5548
8.2257 85.793
8.23143 87.0942
8.23717 87.5364
8.24291 89.007
8.24864 86.5427
8.25438 89.1975
8.26011 89.81
8.26585 87.6422
8.27159 87.4143
8.27732 87.9655
8.28306 87.3198
8.2888 86.8291
8.29453 87.0573
8.30027 86.7052
8.306 86.4385
8.31174 86.9074
8.31748 86.9034
8.32321 85.671
8.32895 85.2946
8.33468 83.1456
8.34042 85.2495
8.34616 85.2386
8.35189 85.767
8.35763 84.8509
8.36337 85.4026
8.3691 86.4107
8.37484 84.2848
8.38057 85.4119
8.38631 85.2389
8.39205 85.0714
8.39778 85.8015
8.40352 86.9093
8.40926 85.902
8.41499 87.5659
8.42073 89.5333
8.42646 90.8622
8.4322 95.8835
8.43794 95.7325
8.44367 96.3915
8.44941 92.8109
8.45514 87.4541
8.46088 84.376
8.46662 85.5788
8.47235 85.5335
8.47809 83.617
8.48383 84.1972
8.48956 83.896
8.4953 84.0083
8.50103 82.5603
8.50677 83.512
8.51251 80.5723
8.51824 83.3048
8.52398 83.2113
8.52972 84.5076
8.53545 83.2957
8.54119 83.6607
8.54692 83.7788
8.55266 83.0758
8.5584 84.2251
8.56413 83.8253
8.56987 81.6231
8.5756 83.1165
8.58134 80.5232
8.58708 82.3098
8.59281 82.717
8.59855 82.6486
8.60429 82.8532
8.61002 81.2935
8.61576 82.9611
8.62149 82.0418
8.62723 82.7313
8.63297 81.0916
8.6387 82.4682
8.64444 83.5978
8.65018 83.677
8.65591 82.014
8.66165 85.434
8.66738 82.3238
8.67312 81.7675
8.67886 82.0265
8.68459 81.618
8.69033 79.9641
8.69606 81.5745
8.7018 80.8516
8.70754 80.876
8.71327 79.9693
8.71901 81.3348
8.72475 84.8333
8.73048 83.9476
8.73622 85.2241
8.74195 87.8911
8.74769 86.3263
8.75343 85.9103
8.75916 82.483
8.7649 81.6651
8.77064 82.0636
8.77637 82.9732
8.78211 83.0367
8.78784 84.6812
8.79358 79.9754
8.79932 81.6491
8.80505 81.8028
8.81079 82.1576
8.81652 81.7488
8.82226 83.2798
8.828 83.7685
8.83373 82.6927
8.83947 82.3636
8.84521 84.6
8.85094 84.6755
8.85668 85.9538
8.86241 84.7949
8.86815 84.2931
8.87389 85.3641
8.87962 85.185
8.88536 88.3481
8.8911 85.9091
8.89683 85.0617
8.90257 87.0219
8.9083 89.104
8.91404 88.0625
8.91978 95.3714
8.92551 98.1911
8.93125 106.988
8.93698 103.288
8.94272 102.094
8.94846 110.236
8.95419 102.087
8.95993 103.595
8.96567 100.429
8.9714 100.898
8.97714 101.842
8.98287 100.601
8.98861 98.9778
8.99435 102.021
9.00008 103.299
9.00582 106.763
9.01156 111.504
9.01729 112.26
9.02303 115.821
9.02876 121.991
9.0345 115.61
9.04024 114.008
9.04597 117.548
9.05171 108.039
9.05744 104.851
9.06318 107.971
9.06892 98.1176
9.07465 101.552
9.08039 92.4444
9.08613 91.1402
9.09186 93.4479
9.0976 88.7596
9.10333 85.9167
9.10907 87.9286
9.11481 85.7812
9.12054 87.9091
9.12628 81.9388
9.13202 86.439
9.13775 87.6196
9.14349 84.1429
9.14922 87.5244
9.15496 81.1463
9.1607 82.3243
9.16643 80.4375
9.17217 81.1233
9.1779 84.1842
9.18364 78.6571
9.18938 79.3529
9.19511 73.3235
9.20085 78.3016
9.20659 76.1846
9.21232 79.9
9.21806 74.8689
9.22379 74.9091
9.22953 73.0545
9.23527 72.8491
9.241 72.9821
9.24674 72.3469
9.25248 72.2979
9.25821 70.0667
9.26395 76.5
9.26968 70.186
9.27542 72.0513
9.28116 66.125
9.28689 67.0286
9.29263 57.2424
9.29836 68.9091
9.3041 60.1515
9.30984 62.25
9.31557 62.4444
9.32131 55.2222
9.32705 47.05
9.33278 57.9565
9.33852 49.4211
9.34425 51.5556
9.34999 37.8235
9.35573 33.0714
9.36146 32.3636
9.3672 26.1818
9.37294 42.375
9.37867 29.6667
9.38441 19.6667
9.39014 3.75
9.39588 0
9.40162 0
9.40735 0
9.41309 0
9.41882 0
9.42456 0
9.4303 0
9.43603 0
9.44177 0
9.44751 0
9.45324 0
9.45898 0
9.46471 0
9.47045 0
9.47619 0
9.48192 0
9.48766 0
9.4934 0
9.49913 0
9.50487 0
9.5106 0
9.51634 0
9.52208 0
9.52781 0
9.53355 0
9.53928 0
9.54502 0
9.55076 0
9.55649 0
9.56223 0
9.56797 0
9.5737 0
9.57944 0
9.58517 0
9.59091 0
9.59665 0
9.60238 0
9.60812 0
9.61386 0
9.61959 0
9.62533 0
9.63106 0
9.6368 0
9.64254 0
9.64827 0
9.65401 0
9.65974 0
9.66548 0
9.67122 0
9.67695 0
9.68269 0
9.68843 0
9.69416 0
9.6999 0
9.70563 0
9.71137 0
9.71711 0
9.72284 0
9.72858 0
9.73432 0
9.74005 0
9.74579 0
9.75152 0
9.75726 0
9.763 0
9.76873 0
9.77447 0
9.7802 0
9.78594 0
9.79168 0
9.79741 0
9.80315 0
9.80889 0
9.81462 0
9.82036 0
9.82609 0
9.83183 0
9.83757 0
9.8433 0
9.84904 0
9.85478 0
9.86051 0
9.86625 0
9.87198 0
9.87772 0
9.88346 0
9.88919 0
9.89493 0
9.90066 0
9.9064 0
9.91214 0
9.91787 0
9.92361 0
9.92935 0
9.93508 0
9.94082 0
9.94655 0
9.95229 0
9.95803 0
9.96376 0
9.9695 0
9.97524 0
9.98097 0
9.98671 0
9.99244 0
9.99818 0
10.0039 0
10.0097 0
10.0154 0
10.0211 0
10.0269 0
10.0326 0
10.0383 0
10.0441 0
10.0498 0
10.0555 0
10.0613 0
10.067 0
10.0728 0
10.0785 0
10.0842 0
10.09 0
10.0957 0
10.1014 0
10.1072 0
10.1129 0
10.1186 0
10.1244 0
10.1301 0
10.1358 0
10.1416 0
10.1473 0
10.1531 0
10.1588 0
10.1645 0
10.1703 0
10.176 0
10.1817 0
10.1875 0
10.1932 0
10.1989 0
10.2047 0
10.2104 0
10.2162 0
10.2219 0
10.2276 0
10.2334 0
10.2391 0
10.2448 0
10.2506 0
10.2563 0
10.262 0
10.2678 0
10.2735 0
10.2793 0
10.285 0
10.2907 0
10.2965 0
10.3022 0
10.3079 0
10.3137 0
10.3194 0
10.3251 0
10.3309 0
10.3366 0
10.3424 0
10.3481 0
10.3538 0
10.3596 0
10.3653 0
10.371 0
10.3768 0
10.3825 0
10.3882 0
10.394 0
10.3997 0
10.4054 0
10.4112 0
10.4169 0
10.4227 0
10.4284 0
10.4341 0
10.4399 0
10.4456 0
10.4513 0
10.4571 0
10.4628 0
10.4685 0
10.4743 0
10.48 0
10.4858 0
10.4915 0
10.4972 0
10.503 0
10.5087 0
10.5144 0
10.5202 0
10.5259 0
10.5316 0
10.5374 0
10.5431 0
10.5489 0
10.5546 0
10.5603 0
10.5661 0
10.5718 0
10.5775 0
10.5833 0
10.589 0
10.5947 0
10.6005 0
10.6062 0
10.612 0
10.6177 0
10.6234 0
10.6292 0
10.6349 0
10.6406 0
10.6464 0
10.6521 0
10.6578 0
10.6636 0
10.6693 0
10.6751 0
10.6808 0
10.6865 0
10.6923 0
10.698 0
10.7037 0
10.7095 0
10.7152 0
10.7209 0
10.7267 0
10.7324 0
10.7381 0
10.7439 0
10.7496 0
10.7554 0
10.7611 0
10.7668 0
10.7726 0
10.7783 0
10.784 0
10.7898 0
10.7955 0
10.8012 0
10.807 0
10.8127 0
10.8185 0
10.8242 0
10.8299 0
10.8357 0
10.8414 0
10.8471 0
10.8529 0
10.8586 0
10.8643 0
10.8701 0
10.8758 0
10.8816 0
10.8873 0
10.893 0
10.8988 0
10.9045 0
10.9102 0
10.916 0
10.9217 0
10.9274 0
10.9332 0
10.9389 0
10.9447 0
10.9504 0
10.9561 0
10.9619 0
10.9676 0
10.9733 0
10.9791 0
10.9848 0
10.9905 0
10.9963 0
11.002 0
11.0077 0
11.0135 0
11.0192 0
11.025 0
11.0307 0
11.0364 0
11.0422 0
11.0479 0
11.0536 0
11.0594 0
11.0651 0
11.0708 0
11.0766 0
11.0823 0
11.0881 0
11.0938 0
11.0995 0
11.1053 0
11.111 0
11.1167 0
11.1225 0
11.1282 0
11.1339 0
11.1397 0
11.1454 0
11.1512 0
11.1569 0
11.1626 0
11.1684 0
11.1741 0
11.1798 0
11.1856 0
11.1913 0
11.197 0
11.2028 0
11.2085 0
11.2143 0
11.22 0
11.2257 0
11.2315 0
11.2372 0
11.2429 0
11.2487 0
11.2544 0
11.2601 0
11.2659 0
11.2716 0
11.2774 0
11.2831 0
11.2888 0
11.2946 0
11.3003 0
11.306 0
11.3118 0
11.3175 0
11.3232 0
11.329 0
11.3347 0
11.3404 0
11.3462 0
11.3519 0
11.3577 0
11.3634 0
11.3691 0
11.3749 0
11.3806 0
11.3863 0
11.3921 0
11.3978 0
11.4035 0
11.4093 0
11.415 0
11.4208 0
11.4265 0
11.4322 0
11.438 0
11.4437 0
11.4494 0
11.4552 0
11.4609 0
11.4666 0
11.4724 0
11.4781 0
11.4839 0
11.4896 0
11.4953 0
11.5011 0
11.5068 0
11.5125 0
11.5183 0
11.524 0
11.5297 0
11.5355 0
11.5412 0
11.547 0
11.5527 0
11.5584 0
11.5642 0
11.5699 0
11.5756 0
11.5814 0
11.5871 0
11.5928 0
11.5986 0
11.6043 0
11.61 0
11.6158 0
11.6215 0
11.6273 0
11.633 0
11.6387 0
11.6445 0
11.6502 0
11.6559 0
11.6617 0
11.6674 0
11.6731 0
11.6789 0
11.6846 0
11.6904 0
11.6961 0
11.7018 0
11.7076 0
11.7133 0
11.719 0
11.7248 0
11.7305 0
11.7362 0
11.742 0
