0 21
0.00573619 -20
0.0114724 4
0.0172086 0
0.0229448 9
0.028681 8
0.0344171 0
0.0401533 16
0.0458895 -1
0.0516257 -9
0.0573619 0
0.0630981 5
0.0688343 4
0.0745705 0
0.0803067 3
0.0860429 5
0.091779 0
0.0975152 -0.666667
0.103251 0.666667
0.108988 8
0.114724 0
0.12046 -3.66667
0.126196 10
0.131932 0
0.137669 0.666667
0.143405 7.33333
0.149141 9
0.154877 -11
0.160613 -12
0.16635 -5.66667
0.172086 0
0.177822 -8.66667
0.183558 -2.4
0.189294 0
0.19503 0.8
0.200767 10.6
0.206503 3.33333
0.212239 -6
0.217975 16.4
0.223711 11
0.229448 0
0.235184 6.6
0.24092 8
0.246656 0
0.252392 15.2
0.258129 7.6
0.263865 7
0.269601 0
0.275337 0.2
0.281073 16.1429
0.28681 0
0.292546 3.14286
0.298282 5
0.304018 20.3333
0.309754 6.25
0.31549 25.7143
0.321227 19
0.326963 0
0.332699 18
0.338435 11.1429
0.344171 0
0.349908 12.4286
0.355644 12.2857
0.36138 21.8
0.367116 8.5
0.372852 8.22222
0.378589 5
0.384325 21.5
0.390061 14.5556
0.395797 12
0.401533 0
0.40727 11.7778
0.413006 10.2222
0.418742 14.1429
0.424478 35.5
0.430214 14.7778
0.43595 15.1111
0.441687 0
0.447423 16.4444
0.453159 5.55556
0.458895 16
0.464631 17.2857
0.470368 15.7273
0.476104 14.3333
0.48184 18
0.487576 12.9091
0.493312 14.6364
0.499049 0
0.504785 16.2727
0.510521 12.0909
0.516257 12
0.521993 22.3333
0.52773 16.4545
0.533466 22.8889
0.539202 6
0.544938 18
0.550674 17.9091
0.55641 0
0.562147 21.6923
0.567883 25.5385
0.573619 34.2857
0.579355 34.1667
0.585091 36.4615
0.590828 66.2727
0.596564 14.5
0.6023 291.231
0.608036 133.615
0.613772 42.6
0.619509 38.5
0.625245 16.8462
0.630981 20.3333
0.636717 30.25
0.642453 20.7692
0.64819 15.4615
0.653926 2
0.659662 19.2
0.665398 26.4667
0.671134 28.7143
0.67687 32.125
0.682607 27.4
0.688343 20.6364
0.694079 4.5
0.699815 15.3333
0.705551 17.7333
0.711288 7
0.717024 11.3571
0.72276 16.2667
0.728496 20
0.734232 29.5
0.739969 22.1875
0.745705 18
0.751441 23.25
0.757177 18.2941
0.762913 22.1765
0.76865 24.2
0.774386 18.1667
0.780122 24.0588
0.785858 18.1818
0.791594 28.6667
0.79733 11.6471
0.803067 15.7333
0.808803 14
0.814539 21
0.820275 23
0.826011 15.2222
0.831748 18.75
0.837484 20.6111
0.84322 17.0769
0.848956 19.5
0.854692 17.2632
0.860429 16.2353
0.866165 18.8
0.871901 17.125
0.877637 23.0526
0.883373 26.4545
0.88911 21.25
0.894846 15.7895
0.900582 16.5333
0.906318 10.75
0.912054 19.7895
0.91779 16.2941
0.923527 20
0.929263 17.1538
0.934999 20.1905
0.940735 17.0769
0.946471 20
0.952208 17.5238
0.957944 17.5882
0.96368 18.25
0.969416 23.5714
0.975152 15.5263
0.980889 17.9091
0.986625 16.5
0.992361 18.8571
0.998097 19.3333
1.00383 20.5
1.00957 12.5714
1.01531 26.0588
1.02104 16.2
1.02678 18.0588
1.03251 23.381
1.03825 13.7692
1.04399 25.0833
1.04972 15.5217
1.05546 14.0588
1.0612 10.6667
1.06693 17
1.07267 14.1579
1.0784 16.3846
1.08414 25.6429
1.08988 13.4348
1.09561 14.2667
1.10135 20
1.10708 11.7826
1.11282 19.8235
1.11856 16.4286
1.12429 24.12
1.13003 19.7143
1.13577 20.4
1.1415 7.64286
1.14724 23.92
1.15297 15.8
1.15871 20.6
1.16445 20.76
1.17018 17.8947
1.17592 24.6923
1.18166 21.1667
1.18739 15.5652
1.19313 9.73333
1.19886 13.25
1.2046 21.24
1.21034 9.88889
1.21607 23.4444
1.22181 18.8148
1.22754 15.9524
1.23328 19.5294
1.23902 13.25
1.24475 21.68
1.25049 22.1176
1.25623 18.5
1.26196 16.1481
1.2677 21.1053
1.27343 11
1.27917 12.8636
1.28491 18.3913
1.29064 24.2941
1.29638 30.7143
1.30212 22.2963
1.30785 14.5
1.31359 10.0833
1.31932 17.069
1.32506 27.0952
1.3308 20.8235
1.33653 20.35
1.34227 20.64
1.348 17.6842
1.35374 15.2857
1.35948 14.8889
1.36521 14.8095
1.37095 8.6
1.37669 14.6552
1.38242 18.1739
1.38816 15
1.39389 20
1.39963 15.1111
1.40537 12.9
1.4111 20.3571
1.41684 18.2414
1.42258 13.4348
1.42831 21.5294
1.43405 23.5417
1.43978 15.32
1.44552 20.7619
1.45126 13.625
1.45699 21.3103
1.46273 10.381
1.46846 19.3333
1.4742 17.9677
1.47994 22.0435
1.48567 19.8
1.49141 18.7143
1.49715 13.4815
1.50288 16.8261
1.50862 22.625
1.51435 14.5862
1.52009 21.08
1.52583 20.6
1.53156 16.3333
1.5373 14.88
1.54304 10.619
1.54877 23.5
1.55451 15.3448
1.56024 17.5217
1.56598 20.1429
1.57172 17.4516
1.57745 16.2
1.58319 21.65
1.58892 9.24
1.59466 12.4074
1.6004 14.52
1.60613 19.2778
1.61187 17.0968
1.61761 15.56
1.62334 15.5714
1.62908 14.7273
1.63481 20.963
1.64055 13.3043
1.64629 13.7727
1.65202 12.5517
1.65776 12.04
1.6635 12.9375
1.66923 15.8065
1.67497 20.1429
1.6807 20.65
1.68644 18.8929
1.69218 19.7241
1.69791 17.08
1.70365 19.5909
1.70938 17.6774
1.71512 15.963
1.72086 15.5
1.72659 15.1818
1.73233 17.2069
1.73807 16.2609
1.7438 19.5769
1.74954 13.4138
1.75527 20.1852
1.76101 17
1.76675 14.9697
1.77248 19.7143
1.77822 15.35
1.78396 16
1.78969 18.8387
1.79543 14.3333
1.80116 15.2917
1.8069 18.9355
1.81264 18.8966
1.81837 20.0556
1.82411 23.4571
1.82984 18.3448
1.83558 21.8
1.84132 21.1154
1.84705 15.3548
1.85279 19.4815
1.85853 20.2609
1.86426 20.7273
1.87 21.9333
1.87573 15.7222
1.88147 16.6571
1.88721 21.9091
1.89294 18.5185
1.89868 15.5385
1.90442 22.5152
1.91015 25.2258
1.91589 23
1.92162 23.1143
1.92736 22.5484
1.9331 23.28
1.93883 41.75
1.94457 29.2121
1.9503 23.4333
1.95604 20.7083
1.96178 20.7353
1.96751 22.9062
1.97325 17.9
1.97899 17.5946
1.98472 18.2424
1.99046 21.8966
1.99619 14
2.00193 18.7714
2.00767 22.9032
2.0134 19.9167
2.01914 24.3429
2.02488 23.697
2.03061 26.96
2.03635 20.2812
2.04208 17.5588
2.04782 18.3438
2.05356 13.3333
2.05929 25.3056
2.06503 22.7143
2.07076 19.0455
2.0765 19.2432
2.08224 17.9429
2.08797 20.5862
2.09371 29.6429
2.09945 23.0811
2.10518 24.7879
2.11092 23.875
2.11665 18.3784
2.12239 24.9429
2.12813 21.6957
2.13386 20.3333
2.1396 20.3056
2.14534 26.875
2.15107 26.8846
2.15681 20.3158
2.16254 21.1081
2.16828 24.8636
2.17402 19.1795
2.17975 14.6486
2.18549 22.129
2.19122 26.4
2.19696 21.973
2.2027 24.4857
2.20843 27.25
2.21417 32.5128
2.21991 61
2.22564 51.2273
2.23138 91.8
2.23711 55.5
2.24285 31.4412
2.24859 28.3929
2.25432 26
2.26006 25.5128
2.2658 24.5
2.27153 22.0488
2.27727 22.2308
2.283 20.1613
2.28874 19.0312
2.29448 21.8974
2.30021 21.5135
2.30595 20
2.31168 20.359
2.31742 19.7692
2.32316 24.4545
2.32889 18.9524
2.33463 23.825
2.34037 21.1111
2.3461 21.3214
2.35184 19.5814
2.35757 23.2703
2.36331 24.7308
2.36905 24.7073
2.37478 23.9512
2.38052 25.6129
2.38626 18.4706
2.39199 29.0698
2.39773 23.7568
2.40346 29.4615
2.4092 17.8605
2.41494 25.025
2.42067 18.6364
2.42641 20.0682
2.43214 21.4762
2.43788 21.2571
2.44362 21.7188
2.44935 19.8667
2.45509 18.8462
2.46083 24.4231
2.46656 19.4
2.4723 23.7317
2.47803 18.1724
2.48377 22.525
2.48951 20.5814
2.49524 23.2308
2.50098 19.8462
2.50672 20.7826
2.51245 21.9762
2.51819 19.5
2.52392 20.6957
2.52966 23.2273
2.5354 21.6364
2.54113 24.3333
2.54687 22.3778
2.5526 18.8537
2.55834 19.5385
2.56408 24.5957
2.56981 21.7674
2.57555 23.7241
2.58129 19.3095
2.58702 21.5778
2.59276 24.2703
2.59849 20.3438
2.60423 23.4783
2.60997 23.9773
2.6157 20.75
2.62144 17.0417
2.62718 21.3617
2.63291 25.1714
2.63865 23
2.64438 23.6383
2.65012 19.6098
2.65586 22.9667
2.66159 21.7234
2.66733 25.4889
2.67306 22.28
2.6788 23.3542
2.68454 21.3617
2.69027 20.0769
2.69601 20.4242
2.70175 20.7917
2.70748 21.6444
2.71322 20.3333
2.71895 19.125
2.72469 22.9184
2.73043 23.9429
2.73616 21.2368
2.7419 20.898
2.74764 27.093
2.75337 22.4333
2.75911 22.5918
2.76484 22.2449
2.77058 24.0417
2.77632 24.4082
2.78205 22.12
2.78779 23.7436
2.79352 28.4
2.79926 21.2308
2.805 19.5778
2.81073 19.2222
2.81647 24.566
2.82221 20.7755
2.82794 26.2973
2.83368 25.0263
2.83941 25.8868
2.84515 23.7805
2.85089 21.3438
2.85662 26.566
2.86236 24.8163
2.8681 26.875
2.87383 23.3396
2.87957 24.64
2.8853 28.1707
2.89104 25.0541
2.89678 25.1346
2.90251 23.9333
2.90825 25.2759
2.91398 23.4727
2.91972 19.3333
2.92546 27.1351
2.93119 25.2381
2.93693 25.7925
2.94267 26.5111
2.9484 30.625
2.95414 26.3019
2.95987 22.1633
2.96561 21.9231
2.97135 29.5357
2.97708 29.0185
2.98282 27.6923
2.98856 26.3333
2.99429 25.537
3.00003 24.9149
3.00576 22.25
3.0115 28.7818
3.01724 29.3962
3.02297 28.973
3.02871 24.7955
3.03444 28.1091
3.04018 25.7333
3.04592 24.1765
3.05165 25.9273
3.05739 30.8627
3.06313 20.2069
3.06886 30.8393
3.0746 25.4909
3.08033 26.1364
3.08607 33.4324
3.09181 25.2321
3.09754 27.898
3.10328 26.1562
3.10902 29.1864
3.11475 26.7925
3.12049 28.0513
3.12622 29.7826
3.13196 25.5091
3.1377 31.5745
3.14343 27.5278
3.14917 32.6316
3.1549 30.0588
3.16064 37.7931
3.16638 36.45
3.17211 26.3636
3.17785 26.9318
3.18359 32.2683
3.18932 30.322
3.19506 29.898
3.20079 34.9118
3.20653 34.7288
3.21227 27.6415
3.218 28.2683
3.22374 26.5208
3.22948 33.1017
3.23521 33.4
3.24095 31.6053
3.24668 31.0667
3.25242 32.8302
3.25816 31.0882
3.26389 35.7719
3.26963 32.5088
3.27536 34.6522
3.2811 32.2683
3.28684 33.6393
3.29257 35.449
3.29831 27.3333
3.30405 35.9841
3.30978 32.8909
3.31552 36.4884
3.32125 34.9792
3.32699 29.7895
3.33273 32.3529
3.33846 33.0263
3.3442 35.7419
3.34994 38.4118
3.35567 33.3421
3.36141 36.3729
3.36714 36.5789
3.37288 35.7708
3.37862 42.1591
3.38435 40.1803
3.39009 39.0566
3.39582 35.25
3.40156 39.0317
3.4073 34.4727
3.41303 38.2128
3.41877 38.7708
3.42451 34.7869
3.43024 45.5102
3.43598 44.2439
3.44171 40.9206
3.44745 43.6964
3.45319 40.1667
3.45892 43.8909
3.46466 43.0339
3.4704 42.76
3.47613 42.7273
3.48187 42
3.4876 39.6792
3.49334 38.2105
3.49908 42.3881
3.50481 44.7193
3.51055 42.2553
3.51628 46.02
3.52202 39.6885
3.52776 42.2963
3.53349 48.4146
3.53923 47.8615
3.54497 46.6852
3.5507 52.7917
3.55644 46.6182
3.56217 51.6441
3.56791 47.1321
3.57365 52.3043
3.57938 45.9231
3.58512 46.5818
3.59086 51.5
3.59659 48.1493
3.60233 47.0678
3.60806 51.3333
3.6138 55.2083
3.61954 52.4603
3.62527 53.5714
3.63101 52.561
3.63674 54.1045
3.64248 49.9655
3.64822 56.3958
3.65395 52.9474
3.65969 59.0492
3.66543 58.4909
3.67116 60.9565
3.6769 59.9206
3.68263 58.5246
3.68837 66
3.69411 61.6812
3.69984 65.9322
3.70558 68.4151
3.71132 63.1176
3.71705 63.3846
3.72279 66.0179
3.72852 62.6977
3.73426 68
3.74 65.3387
3.74573 71.7
3.75147 67.5357
3.7572 69.9206
3.76294 71.1017
3.76868 79.3864
3.77441 77.8507
3.78015 74.0847
3.78589 81.617
3.79162 78.3594
3.79736 81.4127
3.80309 86.3393
3.80883 90.7059
3.81457 85.2
3.8203 97
3.82604 103.791
3.83178 100.188
3.83751 108.823
3.84325 132.268
3.84898 143
3.85472 274.81
3.86046 786.508
3.86619 277.957
3.87193 1274.55
3.87766 438.721
3.8834 190.902
3.88914 212.067
3.89487 200.569
3.90061 214.5
3.90635 232.204
3.91208 232.134
3.91782 227.844
3.92355 205.659
3.92929 181.718
3.93503 156.734
3.94076 142.746
3.9465 127.611
3.95224 118.881
3.95797 112.381
3.96371 108.13
3.96944 94.9155
3.97518 90.2064
3.98092 87.1818
3.98665 84.5345
3.99239 81.2059
3.99812 77.8548
4.00386 83.102
4.0096 80.5652
4.01533 77.1406
4.02107 78.94
4.02681 75.8182
4.03254 75.9545
4.03828 77.6557
4.04401 72.1923
4.04975 71.0563
4.05549 72.7385
4.06122 70.1304
4.06696 70.2174
4.0727 75.5797
4.07843 72.2333
4.08417 69.4107
4.0899 69.4265
4.09564 70.3281
4.10138 68.02
4.10711 66.875
4.11285 62.4545
4.11858 69.8214
4.12432 72.0161
4.13006 62.6087
4.13579 63.6508
4.14153 67.1154
4.14727 66.3014
4.153 69.194
4.15874 73.9545
4.16447 69.4658
4.17021 67.3803
4.17595 71.2258
4.18168 68.2321
4.18742 71.7286
4.19316 70.3636
4.19889 67.14
4.20463 68.3378
4.21036 68.9853
4.2161 65.7
4.22184 69.7241
4.22757 71.6575
4.23331 66.2239
4.23904 67.8
4.24478 71.0133
4.25052 68.7681
4.25625 71.9818
4.26199 71.3125
4.26773 69.375
4.27346 68.0758
4.2792 72.9286
4.28493 74.6528
4.29067 77.5
4.29641 74.125
4.30214 73.5921
4.30788 78.7857
4.31362 91.0769
4.31935 82.125
4.32509 110.6
4.33082 89.8116
4.33656 81.22
4.3423 85.7333
4.34803 84.5205
4.35377 91.7742
4.3595 90.7167
4.36524 94.2162
4.37098 98.4857
4.37671 102.667
4.38245 102.27
4.38819 110.833
4.39392 115.088
4.39966 120.391
4.40539 124.667
4.41113 139.928
4.41687 164.167
4.4226 173.636
4.42834 232.521
4.43408 568.042
4.43981 823.299
4.44555 2076.77
4.45128 7460.23
4.45702 8005.2
4.46276 2942.93
4.46849 2980.51
4.47423 913.259
4.47996 416.263
4.4857 237.432
4.49144 211.985
4.49717 186.079
4.50291 165.558
4.50865 157.338
4.51438 156.077
4.52012 148.203
4.52585 143
4.53159 130.719
4.53733 125.7
4.54306 115.738
4.5488 105.478
4.55454 99.7895
4.56027 95.0625
4.56601 85.9865
4.57174 82.6346
4.57748 80.7821
4.58322 74.4359
4.58895 73
4.59469 69.7213
4.60042 65.8101
4.60616 64.8933
4.6119 64.42
4.61763 63.759
4.62337 64.039
4.62911 59.746
4.63484 55.7344
4.64058 59.0976
4.64631 58.9444
4.65205 55.5179
4.65779 64.225
4.66352 56.6282
4.66926 54.8689
4.675 52.1972
4.68073 54
4.68647 53.9178
4.6922 51.7759
4.69794 49.8889
4.70368 48.0649
4.70941 43.76
4.71515 49.8353
4.72088 46.2025
4.72662 49.8551
4.73236 48
4.73809 47.1707
4.74383 49.2308
4.74957 46.1923
4.7553 47.3452
4.76104 44.3125
4.76677 47.5522
4.77251 47.9385
4.77825 42.8293
4.78398 48.24
4.78972 41.8393
4.79546 46.3059
4.80119 42.5316
4.80693 41.4
4.81266 42.7
4.8184 45.2857
4.82414 44.1096
4.82987 40.9836
4.83561 43.8452
4.84134 42.9125
4.84708 43
4.85282 41.2353
4.85855 43.1341
4.86429 49.3239
4.87003 42.4098
4.87576 42.2184
4.8815 39.2911
4.88723 37.2037
4.89297 40.0471
4.89871 41.7831
4.90444 41.2535
4.91018 42.5152
4.91592 37.619
4.92165 38.0506
4.92739 38.5614
4.93312 36.4651
4.93886 38.2619
4.9446 39.0448
4.95033 37.2394
4.95607 35.7442
4.9618 35.4416
4.96754 32.8305
4.97328 36.3333
4.97901 37.0723
4.98475 40.1148
4.99049 42.4872
4.99622 36.3103
5.00196 36.6438
5.00769 38.746
5.01343 39.4773
5.01917 39.3976
5.0249 36.0377
5.03064 35.4444
5.03638 34.6163
5.04211 39.28
5.04785 35.4
5.05358 36.7907
5.05932 36.7407
5.06506 37.2586
5.07079 33.191
5.07653 34.7816
5.08226 44.0845
5.088 32.7429
5.09374 38.3
5.09947 37.026
5.10521 36.5397
5.11095 35.4889
5.11668 35.9412
5.12242 36.0606
5.12815 36.0519
5.13389 34.0556
5.13963 30.5844
5.14536 36.5082
5.1511 35
5.15684 34.1084
5.16257 31.8889
5.16831 32.2857
5.17404 31.2135
5.17978 30.3377
5.18552 36.303
5.19125 32.8222
5.19699 31.0964
5.20272 32.5424
5.20846 31.8043
5.2142 27.9888
5.21993 35.2368
5.22567 30.0725
5.23141 32.9565
5.23714 30.1481
5.24288 31.8525
5.24861 33.2688
5.25435 30
5.26009 35.8732
5.26582 30.9342
5.27156 31.6264
5.2773 30.2152
5.28303 30.6923
5.28877 30.9894
5.2945 34.1494
5.30024 34.375
5.30598 34.3544
5.31171 30.6629
5.31745 30.2683
5.32318 30.3385
5.32892 32.3723
5.33466 31.1839
5.34039 28.8788
5.34613 31.4302
5.35187 31.8022
5.3576 31.1481
5.36334 30.4848
5.36907 30.2708
5.37481 32.1882
5.38055 33.2295
5.38628 26.7812
5.39202 28.2637
5.39776 31.85
5.40349 27.8451
5.40923 29.5208
5.41496 28.284
5.4207 31.2381
5.42644 27.6531
5.43217 32.3596
5.43791 30.7468
5.44364 31.9189
5.44938 31.8969
5.45512 29.9012
5.46085 32.3182
5.46659 29.4694
5.47233 30.191
5.47806 34.3026
5.4838 29.2099
5.48953 31.0645
5.49527 30.2024
5.50101 30.9254
5.50674 31.5102
5.51248 27.0787
5.51822 29.5676
5.52395 28.6265
5.52969 31.4086
5.53542 28.2941
5.54116 30.5882
5.5469 28.697
5.55263 28.8989
5.55837 29.6528
5.5641 30.8989
5.56984 32.172
5.57558 32.1786
5.58131 29.2877
5.58705 28.8687
5.59279 34.2727
5.59852 30.7143
5.60426 16.41
5.60999 26.7957
5.61573 25.0488
5.62147 28.6974
5.6272 30.4021
5.63294 27.1379
5.63868 31.5
5.64441 30.6634
5.65015 33.5806
5.65588 36.3929
5.66162 32.2727
5.66736 35.1616
5.67309 35.1395
5.67883 34.2609
5.68456 32.0396
5.6903 33.5222
5.69604 30.3293
5.70177 33.4699
5.70751 32.7158
5.71325 30.6818
5.71898 33.9861
5.72472 31.8687
5.73045 33.0538
5.73619 31.4304
5.74193 32.3483
5.74766 30.7158
5.7534 34
5.75914 29.662
5.76487 30.8416
5.77061 31.7766
5.77634 33.1538
5.78208 35.7753
5.78782 33.5361
5.79355 32.5
5.79929 34.6
5.80502 34.7921
5.81076 35.6989
5.8165 32.16
5.82223 32.8229
5.82797 34.567
5.83371 33.9651
5.83944 31.6835
5.84518 33.798
5.85091 34
5.85665 33.9846
5.86239 35.2571
5.86812 34.1837
5.87386 34.3023
5.8796 38.9747
5.88533 35.9604
5.89107 34.9674
5.8968 32.3623
5.90254 35.0762
5.90828 35.4545
5.91401 32.4471
5.91975 36.6463
5.92548 34.1919
5.93122 35.617
5.93696 33.0411
5.94269 36.0571
5.94843 38.3958
5.95417 33.6705
5.9599 35.6941
5.96564 34.7576
5.97137 34.8404
5.97711 37.0137
5.98285 33.6408
5.98858 35.9286
5.99432 37.4824
6.00006 34.1778
6.00579 33.9091
6.01153 36.9247
6.01726 39.6
6.023 40.0952
6.02874 38.2917
6.03447 39.9318
6.04021 36.0889
6.04594 40.2653
6.05168 40.25
6.05742 40.1558
6.06315 39.619
6.06889 42.2396
6.07463 39.2381
6.08036 41.8936
6.0861 40.2857
6.09183 40.8557
6.09757 43.4615
6.10331 41.3429
6.10904 41.7188
6.11478 39.093
6.12052 44.3125
6.12625 44.97
6.13199 44.1489
6.13772 44.1829
6.14346 42.8039
6.1492 45.55
6.15493 45.75
6.16067 44.6373
6.1664 48.8469
6.17214 48.4787
6.17788 50.4048
6.18361 47.4466
6.18935 52.2929
6.19509 50.7027
6.20082 50.3578
6.20656 48.3824
6.21229 48.6458
6.21803 49.939
6.22377 55.9528
6.2295 55.62
6.23524 55.0267
6.24098 56.844
6.24671 54.8039
6.25245 56.8511
6.25818 57.2907
6.26392 60.1863
6.26966 60.6373
6.27539 56.2632
6.28113 62.6881
6.28686 66.9901
6.2926 70.9583
6.29834 81.0568
6.30407 105.673
6.30981 147.559
6.31555 500.872
6.32128 1084.69
6.32702 466.481
6.33275 285.865
6.33849 139.818
6.34423 88.2981
6.34996 86.9216
6.3557 81.359
6.36144 80.6667
6.36717 81.1714
6.37291 84.1684
6.37864 86.7444
6.38438 86.5566
6.39012 86.4118
6.39585 84.1625
6.40159 82.287
6.40732 77.3426
6.41306 76
6.4188 70.1957
6.42453 69.1038
6.43027 64.6078
6.43601 61.3293
6.44174 59.283
6.44748 61.2315
6.45321 58.4362
6.45895 54.7609
6.46469 58.3619
6.47042 55.699
6.47616 57.4643
6.4819 53.8818
6.48763 51.4352
6.49337 51.9892
6.4991 47.1053
6.50484 51.7222
6.51058 52.1373
6.51631 53.2143
6.52205 49.3364
6.52778 46.5741
6.53352 52.663
6.53926 47.3646
6.54499 50.8426
6.55073 49.8252
6.55647 48.9286
6.5622 46.7168
6.56794 47.0741
6.57367 47.3871
6.57941 46.7263
6.58515 46.7054
6.59088 45.9904
6.59662 46.2262
6.60236 45.2544
6.60809 45.7642
6.61383 50.7634
6.61956 46.5052
6.6253 46.1071
6.63104 50.2647
6.63677 45.2674
6.64251 47.9474
6.64824 47.2523
6.65398 42.7143
6.65972 44.3333
6.66545 44.4732
6.67119 45.7019
6.67693 49.3023
6.68266 44.569
6.6884 45.7778
6.69413 49.2198
6.69987 46.3301
6.70561 46.4911
6.71134 44.1538
6.71708 45.9091
6.72282 47.1491
6.72855 45.6389
6.73429 45.4944
6.74002 45.6226
6.74576 45.4261
6.7515 43.534
6.75723 42.7528
6.76297 43.6034
6.7687 45.2321
6.77444 44.3371
6.78018 43.5524
6.78591 44.9655
6.79165 43.8692
6.79739 44.1839
6.80312 40.9298
6.80886 45.1696
6.81459 43.011
6.82033 44.419
6.82607 45.8448
6.8318 43.3238
6.83754 46.8636
6.84328 41.9322
6.84901 45.6607
6.85475 45.2418
6.86048 44.5596
6.86622 44.2586
6.87196 44.1589
6.87769 44.6207
6.88343 47.0254
6.88916 44.6491
6.8949 48.4253
6.90064 45.646
6.90637 42.2105
6.91211 44.4673
6.91785 42.8391
6.92358 46.0331
6.92932 41.2212
6.93505 46.6517
6.94079 47.3097
6.94653 46.2931
6.95226 47.2243
6.958 45.0549
6.96374 42.2583
6.96947 44.307
6.97521 46.0549
6.98094 44.1982
6.98668 41.9569
6.99242 45.2844
6.99815 43.4607
7.00389 44.15
7.00962 43.9224
7.01536 46.2747
7.0211 44.4
7.02683 44.9016
7.03257 43.6636
7.03831 46.871
7.04404 48.8689
7.04978 44.8435
7.05551 43.2766
7.06125 43.789
7.06699 44.7213
7.07272 47.0092
7.07846 45.0449
7.0842 43.9098
7.08993 44.8017
7.09567 50.6452
7.1014 47.0973
7.10714 46.2269
7.11288 47.7615
7.11861 49.3548
7.12435 43.6936
7.13008 48.0085
7.13582 47.1562
7.14156 49.7117
7.14729 45.0583
7.15303 47.2385
7.15877 42.9677
7.1645 49.6936
7.17024 52.3529
7.17597 46.102
7.18171 47.243
7.18745 45.4098
7.19318 49.8378
7.19892 48.6264
7.20466 48.0866
7.21039 49.6068
7.21613 49.37
7.22186 45.2477
7.2276 48.9762
7.23334 49.6036
7.23907 48.5604
7.24481 51.6905
7.25054 49.4958
7.25628 50.22
7.26202 50.1892
7.26775 53.1393
7.27349 49.9459
7.27923 51.5699
7.28496 49.8492
7.2907 52.958
7.29643 55.1553
7.30217 53.0183
7.30791 51.2258
7.31364 51.3077
7.31938 53.3708
7.32512 52.6615
7.33085 53.1488
7.33659 54.0481
7.34232 53.6857
7.34806 53.2538
7.3538 54.3874
7.35953 54.2796
7.36527 57.7031
7.371 57.7851
7.37674 58.5481
7.38248 60.2844
7.38821 66.696
7.39395 68.2155
7.39969 99.4624
7.40542 140.915
7.41116 170.919
7.41689 188.84
7.42263 96.271
7.42837 79.1111
7.4341 68.916
7.43984 66.5281
7.44558 66.5746
7.45131 65.5703
7.45705 68.8818
7.46278 70.6699
7.46852 65.0769
7.47426 73.2821
7.47999 76.9667
7.48573 79.9545
7.49146 77.728
7.4972 81.1273
7.50294 77.0374
7.50867 74.7578
7.51441 69.8151
7.52015 67.4725
7.52588 63.0303
7.53162 63.552
7.53735 61.8214
7.54309 60.2718
7.54883 54.6439
7.55456 54.395
7.5603 55.4494
7.56604 55.2388
7.57177 53.616
7.57751 52.1379
7.58324 53.7282
7.58898 52.1298
7.59472 52.1967
7.60045 52.92
7.60619 53.4878
7.61192 51.0233
7.61766 50.6466
7.6234 50.6238
7.62913 50.3485
7.63487 51.0826
7.64061 51.7451
7.64634 52.2683
7.65208 51.2791
7.65781 51.4576
7.66355 53.7551
7.66929 51.4
7.67502 54.1774
7.68076 51.3019
7.6865 49.7899
7.69223 53.1832
7.69797 51.6271
7.7037 50.7228
7.70944 53.6418
7.71518 56.3415
7.72091 54.0909
7.72665 58.9744
7.73238 69.6744
7.73812 86.6393
7.74386 109.918
7.74959 86.1159
7.75533 61.896
7.76107 58.3214
7.7668 57.1913
7.77254 56.2061
7.77827 52.3115
7.78401 55.0707
7.78975 55.3259
7.79548 54.3672
7.80122 55.0172
7.80696 56.2613
7.81269 56.015
7.81843 56.1371
7.82416 55.9789
7.8299 53.9571
7.83564 57.5276
7.84137 52.1983
7.84711 49.4234
7.85284 49.4656
7.85858 51.9922
7.86432 51.5979
7.87005 47.5252
7.87579 45.6797
7.88153 45.4754
7.88726 47.1215
7.893 46.1778
7.89873 47.4766
7.90447 43.6863
7.91021 45.8271
7.91594 44.0992
7.92168 43
7.92742 45.8952
7.93315 42.8613
7.93889 42.2698
7.94462 43.4211
7.95036 42.5738
7.9561 41.4015
7.96183 40.4127
7.96757 41.4476
7.9733 42.146
7.97904 41.5077
7.98478 42.7768
7.99051 40.032
7.99625 38.406
8.00199 39.1855
8.00772 41.8515
8.01346 41.7482
8.01919 42.3864
8.02493 39.8898
8.03067 38.2456
8.0364 39.5368
8.04214 38.8594
8.04788 38.1553
8.05361 40.2014
8.05935 36.3088
8.06508 40.5
8.07082 40.3077
8.07656 37.9562
8.08229 36.4844
8.08803 38.5758
8.09376 38.7762
8.0995 38.4697
8.10524 37.1721
8.11097 37.6195
8.11671 37.4599
8.12245 39.186
8.12818 37.5893
8.13392 37.0303
8.13965 36.6377
8.14539 35.1129
8.15113 34.3874
8.15686 30.1168
8.1626 29.303
8.16834 25.7203
8.17407 28.6825
8.17981 24.1119
8.18554 22.3923
8.19128 21.6168
8.19702 22.1079
8.20275 22.8881
8.20849 20.1186
8.21422 17.1532
8.21996 15.6449
8.2257 14.2188
8.23143 14.2336
8.23717 11.049
8.24291 7.71605
8.24864 8.94545
8.25438 8.5
8.26011 0.631579
8.26585 -2.22222
8.27159 0
8.27732 0
8.28306 0
8.2888 0
8.29453 0
8.30027 0
8.306 0
8.31174 0
8.31748 0
8.32321 0
8.32895 0
8.33468 0
8.34042 0
8.34616 0
8.35189 0
8.35763 0
8.36337 0
8.3691 0
8.37484 0
8.38057 0
8.38631 0
8.39205 0
8.39778 0
8.40352 0
8.40926 0
8.41499 0
8.42073 0
8.42646 0
8.4322 0
8.43794 0
8.44367 0
8.44941 0
8.45514 0
8.46088 0
8.46662 0
8.47235 0
8.47809 0
8.48383 0
8.48956 0
8.4953 0
8.50103 0
8.50677 0
8.51251 0
8.51824 0
8.52398 0
8.52972 0
8.53545 0
8.54119 0
8.54692 0
8.55266 0
8.5584 0
8.56413 0
8.56987 0
8.5756 0
8.58134 0
8.58708 0
8.59281 0
8.59855 0
8.60429 0
8.61002 0
8.61576 0
8.62149 0
8.62723 0
8.63297 0
8.6387 0
8.64444 0
8.65018 0
8.65591 0
8.66165 0
8.66738 0
8.67312 0
8.67886 0
8.68459 0
8.69033 0
8.69606 0
8.7018 0
8.70754 0
8.71327 0
8.71901 0
8.72475 0
8.73048 0
8.73622 0
8.74195 0
8.74769 0
8.75343 0
8.75916 0
8.7649 0
8.77064 0
8.77637 0
8.78211 0
8.78784 0
8.79358 0
8.79932 0
8.80505 0
8.81079 0
8.81652 0
8.82226 0
8.828 0
8.83373 0
8.83947 0
8.84521 0
8.85094 0
8.85668 0
8.86241 0
8.86815 0
8.87389 0
8.87962 0
8.88536 0
8.8911 0
8.89683 0
8.90257 0
8.9083 0
8.91404 0
8.91978 0
8.92551 0
8.93125 0
8.93698 0
8.94272 0
8.94846 0
8.95419 0
8.95993 0
8.96567 0
8.9714 0
8.97714 0
8.98287 0
8.98861 0
8.99435 0
9.00008 0
9.00582 0
9.01156 0
9.01729 0
9.02303 0
9.02876 0
9.0345 0
9.04024 0
9.04597 0
9.05171 0
9.05744 0
9.06318 0
9.06892 0
9.07465 0
9.08039 0
9.08613 0
9.09186 0
9.0976 0
9.10333 0
9.10907 0
9.11481 0
9.12054 0
9.12628 0
9.13202 0
9.13775 0
9.14349 0
9.14922 0
9.15496 0
9.1607 0
9.16643 0
9.17217 0
9.1779 0
9.18364 0
9.18938 0
9.19511 0
9.20085 0
9.20659 0
9.21232 0
9.21806 0
9.22379 0
9.22953 0
9.23527 0
9.241 0
9.24674 0
9.25248 0
9.25821 0
9.26395 0
9.26968 0
9.27542 0
9.28116 0
9.28689 0
9.29263 0
9.29836 0
9.3041 0
9.30984 0
9.31557 0
9.32131 0
9.32705 0
9.33278 0
9.33852 0
9.34425 0
9.34999 0
9.35573 0
9.36146 0
9.3672 0
9.37294 0
9.37867 0
9.38441 0
9.39014 0
9.39588 0
9.40162 0
9.40735 0
9.41309 0
9.41882 0
9.42456 0
9.4303 0
9.43603 0
9.44177 0
9.44751 0
9.45324 0
9.45898 0
9.46471 0
9.47045 0
9.47619 0
9.48192 0
9.48766 0
9.4934 0
9.49913 0
9.50487 0
9.5106 0
9.51634 0
9.52208 0
9.52781 0
9.53355 0
9.53928 0
9.54502 0
9.55076 0
9.55649 0
9.56223 0
9.56797 0
9.5737 0
9.57944 0
9.58517 0
9.59091 0
9.59665 0
9.60238 0
9.60812 0
9.61386 0
9.61959 0
9.62533 0
9.63106 0
9.6368 0
9.64254 0
9.64827 0
9.65401 0
9.65974 0
9.66548 0
9.67122 0
9.67695 0
9.68269 0
9.68843 0
9.69416 0
9.6999 0
9.70563 0
9.71137 0
9.71711 0
9.72284 0
9.72858 0
9.73432 0
9.74005 0
9.74579 0
9.75152 0
9.75726 0
9.763 0
9.76873 0
9.77447 0
9.7802 0
9.78594 0
9.79168 0
9.79741 0
9.80315 0
9.80889 0
9.81462 0
9.82036 0
9.82609 0
9.83183 0
9.83757 0
9.8433 0
9.84904 0
9.85478 0
9.86051 0
9.86625 0
9.87198 0
9.87772 0
9.88346 0
9.88919 0
9.89493 0
9.90066 0
9.9064 0
9.91214 0
9.91787 0
9.92361 0
9.92935 0
9.93508 0
9.94082 0
9.94655 0
9.95229 0
9.95803 0
9.96376 0
9.9695 0
9.97524 0
9.98097 0
9.98671 0
9.99244 0
9.99818 0
10.0039 0
10.0097 0
10.0154 0
10.0211 0
10.0269 0
10.0326 0
10.0383 0
10.0441 0
10.0498 0
10.0555 0
10.0613 0
10.067 0
10.0728 0
10.0785 0
10.0842 0
10.09 0
10.0957 0
10.1014 0
10.1072 0
10.1129 0
10.1186 0
10.1244 0
10.1301 0
10.1358 0
10.1416 0
10.1473 0
10.1531 0
10.1588 0
10.1645 0
10.1703 0
10.176 0
10.1817 0
10.1875 0
10.1932 0
10.1989 0
10.2047 0
10.2104 0
10.2162 0
10.2219 0
10.2276 0
10.2334 0
10.2391 0
10.2448 0
10.2506 0
10.2563 0
10.262 0
10.2678 0
10.2735 0
10.2793 0
10.285 0
10.2907 0
10.2965 0
10.3022 0
10.3079 0
10.3137 0
10.3194 0
10.3251 0
10.3309 0
10.3366 0
10.3424 0
10.3481 0
10.3538 0
10.3596 0
10.3653 0
10.371 0
10.3768 0
10.3825 0
10.3882 0
10.394 0
10.3997 0
10.4054 0
10.4112 0
10.4169 0
10.4227 0
10.4284 0
10.4341 0
10.4399 0
10.4456 0
10.4513 0
10.4571 0
10.4628 0
10.4685 0
10.4743 0
10.48 0
10.4858 0
10.4915 0
10.4972 0
10.503 0
10.5087 0
10.5144 0
10.5202 0
10.5259 0
10.5316 0
10.5374 0
10.5431 0
10.5489 0
10.5546 0
10.5603 0
10.5661 0
10.5718 0
10.5775 0
10.5833 0
10.589 0
10.5947 0
10.6005 0
10.6062 0
10.612 0
10.6177 0
10.6234 0
10.6292 0
10.6349 0
10.6406 0
10.6464 0
10.6521 0
10.6578 0
10.6636 0
10.6693 0
10.6751 0
10.6808 0
10.6865 0
10.6923 0
10.698 0
10.7037 0
10.7095 0
10.7152 0
10.7209 0
10.7267 0
10.7324 0
10.7381 0
10.7439 0
10.7496 0
10.7554 0
10.7611 0
10.7668 0
10.7726 0
10.7783 0
10.784 0
10.7898 0
10.7955 0
10.8012 0
10.807 0
10.8127 0
10.8185 0
10.8242 0
10.8299 0
10.8357 0
10.8414 0
10.8471 0
10.8529 0
10.8586 0
10.8643 0
10.8701 0
10.8758 0
10.8816 0
10.8873 0
10.893 0
10.8988 0
10.9045 0
10.9102 0
10.916 0
10.9217 0
10.9274 0
10.9332 0
10.9389 0
10.9447 0
10.9504 0
10.9561 0
10.9619 0
10.9676 0
10.9733 0
10.9791 0
10.9848 0
10.9905 0
10.9963 0
11.002 0
11.0077 0
11.0135 0
11.0192 0
11.025 0
11.0307 0
11.0364 0
11.0422 0
11.0479 0
11.0536 0
11.0594 0
11.0651 0
11.0708 0
11.0766 0
11.0823 0
11.0881 0
11.0938 0
11.0995 0
11.1053 0
11.111 0
11.1167 0
11.1225 0
11.1282 0
11.1339 0
11.1397 0
11.1454 0
11.1512 0
11.1569 0
11.1626 0
11.1684 0
11.1741 0
11.1798 0
11.1856 0
11.1913 0
11.197 0
11.2028 0
11.2085 0
11.2143 0
11.22 0
11.2257 0
11.2315 0
11.2372 0
11.2429 0
11.2487 0
11.2544 0
11.2601 0
11.2659 0
11.2716 0
11.2774 0
11.2831 0
11.2888 0
11.2946 0
11.3003 0
11.306 0
11.3118 0
11.3175 0
11.3232 0
11.329 0
11.3347 0
11.3404 0
11.3462 0
11.3519 0
11.3577 0
11.3634 0
11.3691 0
11.3749 0
11.3806 0
11.3863 0
11.3921 0
11.3978 0
11.4035 0
11.4093 0
11.415 0
11.4208 0
11.4265 0
11.4322 0
11.438 0
11.4437 0
11.4494 0
11.4552 0
11.4609 0
11.4666 0
11.4724 0
11.4781 0
11.4839 0
11.4896 0
11.4953 0
11.5011 0
11.5068 0
11.5125 0
11.5183 0
11.524 0
11.5297 0
11.5355 0
11.5412 0
11.547 0
11.5527 0
11.5584 0
11.5642 0
11.5699 0
11.5756 0
11.5814 0
11.5871 0
11.5928 0
11.5986 0
11.6043 0
11.61 0
11.6158 0
11.6215 0
11.6273 0
11.633 0
11.6387 0
11.6445 0
11.6502 0
11.6559 0
11.6617 0
11.6674 0
11.6731 0
11.6789 0
11.6846 0
11.6904 0
11.6961 0
11.7018 0
11.7076 0
11.7133 0
11.719 0
11.7248 0
11.7305 0
11.7362 0
11.742 0
