0 11
0.00573619 24
0.0114724 -24
0.0172086 0
0.0229448 13
0.028681 18
0.0344171 0
0.0401533 -11
0.0458895 18
0.0516257 11
0.0573619 0
0.0630981 3
0.0688343 17
0.0745705 0
0.0803067 17
0.0860429 -11
0.091779 0
0.0975152 -21.3333
0.103251 8
0.108988 5.33333
0.114724 0
0.12046 5.66667
0.126196 1.66667
0.131932 0
0.137669 -3.33333
0.143405 5.33333
0.149141 4
0.154877 -23.5
0.160613 -3
0.16635 -7
0.172086 0
0.177822 3.33333
0.183558 13
0.189294 0
0.19503 -10.8
0.200767 -5.2
0.206503 -2.66667
0.212239 5.5
0.217975 2
0.223711 -7.8
0.229448 0
0.235184 10.2
0.24092 15
0.246656 0
0.252392 -1.2
0.258129 4.8
0.263865 15
0.269601 0
0.275337 16
0.281073 3.28571
0.28681 0
0.292546 9
0.298282 7.57143
0.304018 2
0.309754 7
0.31549 -7.42857
0.321227 10.1429
0.326963 0
0.332699 24
0.338435 -2.42857
0.344171 0
0.349908 4.85714
0.355644 6
0.36138 6.8
0.367116 30
0.372852 7.88889
0.378589 10
0.384325 36.5
0.390061 13.3333
0.395797 6.44444
0.401533 0
0.40727 3.77778
0.413006 5.11111
0.418742 4.71429
0.424478 12
0.430214 1.33333
0.43595 3
0.441687 0
0.447423 5.44444
0.453159 12.3333
0.458895 0.666667
0.464631 12.5714
0.470368 6
0.476104 5.22222
0.48184 -1
0.487576 8.36364
0.493312 11
0.499049 0
0.504785 13.4545
0.510521 13.3636
0.516257 7.2
0.521993 15.5
0.52773 6.27273
0.533466 12.5556
0.539202 -9.5
0.544938 20.9091
0.550674 6.54545
0.55641 0
0.562147 11.8462
0.567883 8.53846
0.573619 11.5714
0.579355 19
0.585091 23.5385
0.590828 51.7273
0.596564 35
0.6023 229
0.608036 139.615
0.613772 37.4
0.619509 27
0.625245 12.3077
0.630981 11.8889
0.636717 16.25
0.642453 15.1538
0.64819 6.30769
0.653926 -23
0.659662 11.2
0.665398 18.4667
0.671134 18.2857
0.67687 13.25
0.682607 9.73333
0.688343 10.4545
0.694079 8.75
0.699815 13.6
0.705551 17.1333
0.711288 18
0.717024 6.57143
0.72276 10.6
0.728496 14.5556
0.734232 23
0.739969 15.3125
0.745705 12.6154
0.751441 18.5
0.757177 12.0588
0.762913 12.6471
0.76865 7.2
0.774386 13
0.780122 7.47059
0.785858 8.54545
0.791594 9.16667
0.79733 11.6471
0.803067 16.2
0.808803 8.5
0.814539 19.7647
0.820275 10.2941
0.826011 6.11111
0.831748 4.5
0.837484 6.66667
0.84322 10.8462
0.848956 22.5
0.854692 13.5263
0.860429 7.94118
0.866165 5.2
0.871901 7.0625
0.877637 11.8947
0.883373 12.7273
0.88911 4
0.894846 12.3684
0.900582 9.8
0.906318 0.25
0.912054 17.6316
0.91779 8.23529
0.923527 8.44444
0.929263 12
0.934999 6.90476
0.940735 12.4615
0.946471 11.25
0.952208 7.61905
0.957944 10.1765
0.96368 13.25
0.969416 18.0476
0.975152 11.8947
0.980889 9.27273
0.986625 11.75
0.992361 8.38095
0.998097 11.6
1.00383 7.5
1.00957 13.5238
1.01531 12.0588
1.02104 18.9
1.02678 6.58824
1.03251 16.2857
1.03825 9.30769
1.04399 10.25
1.04972 11.7826
1.05546 14.9412
1.0612 10.5
1.06693 7.6087
1.07267 13
1.0784 2.38462
1.08414 15.5
1.08988 8.6087
1.09561 9.93333
1.10135 13
1.10708 12.3913
1.11282 8.11765
1.11856 12
1.12429 13.44
1.13003 11.2857
1.13577 5.06667
1.1415 9.57143
1.14724 9.32
1.15297 9.13333
1.15871 15.6
1.16445 8.84
1.17018 11.5789
1.17592 14.4615
1.18166 7.77778
1.18739 14.1739
1.19313 6.66667
1.19886 10.6667
1.2046 14.52
1.21034 14.0556
1.21607 11.8889
1.22181 7.96296
1.22754 11.5714
1.23328 2.76471
1.23902 10.625
1.24475 10.08
1.25049 13.2353
1.25623 15.9167
1.26196 8.55556
1.2677 4.15789
1.27343 6.53846
1.27917 12.5
1.28491 12.7391
1.29064 10.8824
1.29638 8.78571
1.30212 7.55556
1.30785 6.11111
1.31359 3.75
1.31932 3.72414
1.32506 5.71429
1.3308 14.8824
1.33653 14.35
1.34227 10.16
1.348 5.31579
1.35374 17.7857
1.35948 12.8148
1.36521 7.7619
1.37095 3
1.37669 14.4138
1.38242 6.69565
1.38816 10.8235
1.39389 4.78947
1.39963 8.55556
1.40537 8.5
1.4111 8.07143
1.41684 3.44828
1.42258 11.6957
1.42831 2
1.43405 11.125
1.43978 13.6
1.44552 9.52381
1.45126 15.125
1.45699 12.931
1.46273 9.95238
1.46846 3.08333
1.4742 7.25806
1.47994 8.91304
1.48567 13.85
1.49141 12.1429
1.49715 6.14815
1.50288 9.73913
1.50862 15.875
1.51435 7.48276
1.52009 8.6
1.52583 5
1.53156 10.6667
1.5373 12.36
1.54304 9.33333
1.54877 10.95
1.55451 19.5517
1.56024 8
1.56598 10.3571
1.57172 8.67742
1.57745 10.48
1.58319 13
1.58892 17.72
1.59466 9.40741
1.6004 14.84
1.60613 15.7222
1.61187 8.16129
1.61761 10.68
1.62334 10.1429
1.62908 14.7879
1.63481 15.5185
1.64055 11
1.64629 8.04545
1.65202 10.5517
1.65776 5.8
1.6635 9.0625
1.66923 9.35484
1.67497 11.4643
1.6807 8.9
1.68644 6.92857
1.69218 6.48276
1.69791 16
1.70365 13.1364
1.70938 12.2258
1.71512 16.7778
1.72086 14.875
1.72659 8.66667
1.73233 10.3448
1.73807 14.4348
1.7438 10.8077
1.74954 9.51724
1.75527 11.3704
1.76101 5.15789
1.76675 9.30303
1.77248 10.0714
1.77822 3.6
1.78396 9.13333
1.78969 14.4516
1.79543 11.7037
1.80116 12.375
1.8069 14.129
1.81264 12.4483
1.81837 9.66667
1.82411 11.7429
1.82984 11.6897
1.83558 15.68
1.84132 12.4615
1.84705 15.6774
1.85279 15.3704
1.85853 9.73913
1.86426 9.69697
1.87 16.2667
1.87573 13.3889
1.88147 13.4286
1.88721 9.33333
1.89294 12.8148
1.89868 9.57692
1.90442 10.4545
1.91015 14.8065
1.91589 13.95
1.92162 15.2286
1.92736 19.2258
1.9331 23.16
1.93883 14.7143
1.94457 14.6364
1.9503 14.7
1.95604 11.375
1.96178 13.3235
1.96751 15.3125
1.97325 14.4
1.97899 11.2703
1.98472 13.5152
1.99046 13.931
1.99619 6.88462
2.00193 9.25714
2.00767 9.80645
2.0134 4.70833
2.01914 17.4857
2.02488 11.8788
2.03061 15.04
2.03635 16.5312
2.04208 16.1765
2.04782 13.9062
2.05356 9.45833
2.05929 7.83333
2.06503 13.3143
2.07076 11.3182
2.0765 16.2162
2.08224 8.62857
2.08797 15.069
2.09371 8.35714
2.09945 14.5946
2.10518 13.2121
2.11092 13.625
2.11665 10.8919
2.12239 14.4857
2.12813 11.4348
2.13386 15.1389
2.1396 16.8333
2.14534 14.0625
2.15107 13.3846
2.15681 14.2368
2.16254 17.3514
2.16828 12.8182
2.17402 11.8205
2.17975 12.9189
2.18549 15.5161
2.19122 8.3
2.19696 13.1892
2.2027 12.7143
2.20843 11.75
2.21417 22.0513
2.21991 55.1892
2.22564 29.6364
2.23138 57.75
2.23711 27.3421
2.24285 17.2941
2.24859 20.6786
2.25432 16.3846
2.26006 17.2051
2.2658 17.0455
2.27153 15.9512
2.27727 16.5897
2.283 10.9355
2.28874 16.6875
2.29448 14.4103
2.30021 14.4595
2.30595 11.6154
2.31168 17.6154
2.31742 11.2821
2.32316 12.7727
2.32889 11.119
2.33463 14.675
2.34037 12.8333
2.3461 17.7143
2.35184 17.5116
2.35757 14.4595
2.36331 11.9231
2.36905 17.0976
2.37478 11.9756
2.38052 13.3226
2.38626 13.8529
2.39199 13.5814
2.39773 9.54054
2.40346 11.8462
2.4092 11.0465
2.41494 16.2
2.42067 15.2273
2.42641 17.1136
2.43214 11.4524
2.43788 14.5143
2.44362 17.1875
2.44935 14.6222
2.45509 13.2051
2.46083 9.73077
2.46656 10.9333
2.4723 12.8049
2.47803 12.4828
2.48377 12.675
2.48951 9
2.49524 13.5385
2.50098 16.5385
2.50672 15.6087
2.51245 12.6667
2.51819 2.41667
2.52392 15.2609
2.52966 17.5455
2.5354 9.9697
2.54113 13.5556
2.54687 14.6444
2.5526 15
2.55834 16.9231
2.56408 14.8936
2.56981 10.3488
2.57555 11.8276
2.58129 11.2857
2.58702 14.7333
2.59276 11.5135
2.59849 14.9688
2.60423 15.6739
2.60997 13.1591
2.6157 19.9167
2.62144 12.1042
2.62718 12.383
2.63291 10.4
2.63865 13.2778
2.64438 13.4043
2.65012 15.3659
2.65586 15.4333
2.66159 16.1915
2.66733 12.4
2.67306 11.68
2.6788 15.2292
2.68454 11.0851
2.69027 15.3333
2.69601 13.3636
2.70175 14.4792
2.70748 10.3778
2.71322 15.2963
2.71895 10.3958
2.72469 12.0612
2.73043 14.5429
2.73616 12.6053
2.7419 13.0204
2.74764 15.907
2.75337 14.2333
2.75911 15.6122
2.76484 11.6122
2.77058 10.0833
2.77632 14.449
2.78205 16.24
2.78779 15.1538
2.79352 14.2571
2.79926 11.9423
2.805 13.6
2.81073 15.2222
2.81647 21.0377
2.82221 16.1633
2.82794 18.1081
2.83368 14.8421
2.83941 8.60377
2.84515 15.0732
2.85089 15.5312
2.85662 13.3774
2.86236 15.3673
2.8681 17.0833
2.87383 15.4906
2.87957 13.96
2.8853 14.1951
2.89104 13.1622
2.89678 19.1346
2.90251 11.0222
2.90825 16.2069
2.91398 15.7636
2.91972 12.6863
2.92546 15.1081
2.93119 14.0714
2.93693 17.3585
2.94267 15.2889
2.9484 14.0938
2.95414 17.3774
2.95987 16.1633
2.96561 13.6923
2.97135 16.7679
2.97708 17.5741
2.98282 14.9487
2.98856 19.6923
2.99429 13.9444
3.00003 14.2553
3.00576 15.5312
3.0115 14.6
3.01724 16.1509
3.02297 16.1892
3.02871 16.6364
3.03444 19
3.04018 18.7778
3.04592 17.1471
3.05165 16.0182
3.05739 18.098
3.06313 16.4828
3.06886 13.875
3.0746 17.9636
3.08033 18.75
3.08607 14.8649
3.09181 17.4464
3.09754 19.9592
3.10328 15.1562
3.10902 18.5932
3.11475 21.2453
3.12049 20.9487
3.12622 19.8913
3.13196 20.8364
3.1377 20.4468
3.14343 19.3889
3.14917 20.8246
3.1549 19.902
3.16064 26.1724
3.16638 24.1167
3.17211 20.2182
3.17785 20.1818
3.18359 17.4878
3.18932 23.4746
3.19506 19.2449
3.20079 16.7059
3.20653 19.3559
3.21227 20.2642
3.218 18.3171
3.22374 22.7917
3.22948 20.1356
3.23521 18.7778
3.24095 21.9737
3.24668 23.1833
3.25242 26.6604
3.25816 23.3235
3.26389 23.8772
3.26963 18.2105
3.27536 21.9565
3.2811 21.8293
3.28684 26.8033
3.29257 24.8163
3.29831 21
3.30405 26.4444
3.30978 22.1091
3.31552 23
3.32125 20.8542
3.32699 24.6667
3.33273 22.7255
3.33846 28.3421
3.3442 26.5323
3.34994 21.4118
3.35567 23.3158
3.36141 24.2203
3.36714 20.5088
3.37288 22.5625
3.37862 25.7045
3.38435 24.918
3.39009 20.9057
3.39582 25.6944
3.40156 26.0794
3.4073 23.1636
3.41303 26.1702
3.41877 31.25
3.42451 24.3607
3.43024 28.0612
3.43598 23.4634
3.44171 26.4286
3.44745 26.2143
3.45319 31.9048
3.45892 26.9091
3.46466 28.322
3.4704 27.64
3.47613 23.2727
3.48187 32.3651
3.4876 24.3396
3.49334 21.3684
3.49908 26.194
3.50481 27.8947
3.51055 28.0213
3.51628 30.9
3.52202 29.459
3.52776 28.8333
3.53349 29.2195
3.53923 33.2
3.54497 33.9074
3.5507 33.4167
3.55644 33.4727
3.56217 30.2542
3.56791 27.3208
3.57365 32.8261
3.57938 32.4308
3.58512 33.5273
3.59086 27.7105
3.59659 36.403
3.60233 33.1864
3.60806 30.1569
3.6138 35.0417
3.61954 33.3016
3.62527 33.8393
3.63101 33.5854
3.63674 37.4925
3.64248 36.1379
3.64822 40.0833
3.65395 39.1228
3.65969 35.9508
3.66543 33.3273
3.67116 39.087
3.6769 39.873
3.68263 40.9836
3.68837 36.8421
3.69411 42.4928
3.69984 45.9492
3.70558 41.7547
3.71132 39.4118
3.71705 42.4769
3.72279 44.3571
3.72852 44.4186
3.73426 39.1194
3.74 45.1936
3.74573 46.74
3.75147 48.1071
3.7572 46.1111
3.76294 45.8814
3.76868 51.75
3.77441 46.3284
3.78015 47.8305
3.78589 53.7447
3.79162 49.9062
3.79736 47.6984
3.80309 53.5179
3.80883 53.6275
3.81457 52.5231
3.8203 57.8833
3.82604 62.1395
3.83178 61.3188
3.83751 68.7903
3.84325 76.5536
3.84898 85.1852
3.85472 132.905
3.86046 254.705
3.86619 178.739
3.87193 500.435
3.87766 263.869
3.8834 135.529
3.88914 163.617
3.89487 162.923
3.90061 177.65
3.90635 192.122
3.91208 188.94
3.91782 166.359
3.92355 149.195
3.92929 125.056
3.93503 104.688
3.94076 94.4576
3.9465 84.3704
3.95224 71.8209
3.95797 64.1905
3.96371 60.5217
3.96944 63.0986
3.97518 56.6667
3.98092 55.6
3.98665 54.3276
3.99239 51.9118
3.99812 53.5
4.00386 52.2653
4.0096 53.5507
4.01533 45.7188
4.02107 49.06
4.02681 47.5606
4.03254 48.4697
4.03828 47.7049
4.04401 44.6346
4.04975 44.7606
4.05549 46.6308
4.06122 50.0435
4.06696 45.4058
4.0727 39.1014
4.07843 43.1
4.08417 47.75
4.0899 44.3382
4.09564 47.8281
4.10138 43.7
4.10711 46.2361
4.11285 46.2727
4.11858 46.875
4.12432 47.3226
4.13006 42.4203
4.13579 40.9683
4.14153 40.8846
4.14727 41.8219
4.153 41.9552
4.15874 43.5682
4.16447 44.4521
4.17021 44.1127
4.17595 45.6936
4.18168 43.3929
4.18742 47.7857
4.19316 47.4697
4.19889 39.72
4.20463 46.3919
4.21036 46.4706
4.2161 47.55
4.22184 41.7931
4.22757 42.3288
4.23331 44.5821
4.23904 42.02
4.24478 42.3733
4.25052 40.9855
4.25625 46.4909
4.26199 45.1562
4.26773 46.7639
4.27346 46.1515
4.2792 45.5714
4.28493 48.9722
4.29067 48.0714
4.29641 53.0208
4.30214 48.0395
4.30788 70.4429
4.31362 185.262
4.31935 72.25
4.32509 412.093
4.33082 139.667
4.33656 75.12
4.3423 56.5333
4.34803 58.2877
4.35377 60.7097
4.3595 62.8167
4.36524 62.5541
4.37098 66.7143
4.37671 70.2593
4.38245 71.1622
4.38819 71.1667
4.39392 82.4737
4.39966 84.1304
4.40539 90.4306
4.41113 97.2899
4.41687 117.667
4.4226 119.701
4.42834 162.425
4.43408 361.292
4.43981 534.545
4.44555 1406.47
4.45128 6299.48
4.45702 6445.47
4.46276 3357.3
4.46849 2759.94
4.47423 801.537
4.47996 342.395
4.4857 203.095
4.49144 173.338
4.49717 152.444
4.50291 132.844
4.50865 123.986
4.51438 123.269
4.52012 114.203
4.52585 101.693
4.53159 97.8246
4.53733 89.7714
4.54306 79.3875
4.5488 70.3134
4.55454 71.2105
4.56027 67.525
4.56601 59.4189
4.57174 75.0577
4.57748 58.2051
4.58322 46.5769
4.58895 49.0896
4.59469 49.8525
4.60042 43.0633
4.60616 42.1333
4.6119 39.66
4.61763 42.759
4.62337 37.6234
4.62911 41.381
4.63484 38.7656
4.64058 37.7683
4.64631 36.375
4.65205 33.625
4.65779 35.25
4.66352 39.9487
4.66926 32.9508
4.675 31.2394
4.68073 31
4.68647 33.0274
4.6922 31.7931
4.69794 32.9753
4.70368 27.6494
4.70941 29.22
4.71515 31.1176
4.72088 32.0633
4.72662 33.1884
4.73236 27.9524
4.73809 28.0732
4.74383 28.0385
4.74957 28.8846
4.7553 29.9643
4.76104 28.0375
4.76677 25.597
4.77251 26.5231
4.77825 28.122
4.78398 25.0533
4.78972 24.8571
4.79546 23.0588
4.80119 26.7722
4.80693 29.7077
4.81266 26.7
4.8184 25.75
4.82414 25.5753
4.82987 23.377
4.83561 25.6548
4.84134 24.5875
4.84708 26.6792
4.85282 25.2941
4.85855 28.5976
4.86429 29.8169
4.87003 33.3934
4.87576 24.6552
4.8815 26.8101
4.88723 27.6667
4.89297 27.4118
4.89871 24.4819
4.90444 25.3662
4.91018 22.803
4.91592 26.5238
4.92165 23.3544
4.92739 25.5965
4.93312 23
4.93886 26.1667
4.9446 24.3582
4.95033 25.4648
4.95607 25.4186
4.9618 23.7403
4.96754 23.1864
4.97328 26.1264
4.97901 21.7229
4.98475 23.0492
4.99049 23.1667
4.99622 28.931
5.00196 23.6849
5.00769 26.8413
5.01343 24.4318
5.01917 22
5.0249 24.5849
5.03064 19.5778
5.03638 19.4302
5.04211 19.04
5.04785 22.2308
5.05358 20.907
5.05932 18.5802
5.06506 18.8621
5.07079 21.5281
5.07653 21.4368
5.08226 23.0704
5.088 19.3
5.09374 19.8444
5.09947 19.9351
5.10521 22.7937
5.11095 20.4667
5.11668 22.0235
5.12242 21.3788
5.12815 23.5455
5.13389 21.0667
5.13963 21.7013
5.14536 21.7869
5.1511 22.1957
5.15684 21.2169
5.16257 20.0635
5.16831 19.9286
5.17404 23.0899
5.17978 22.987
5.18552 22.0303
5.19125 18.5333
5.19699 21.4819
5.20272 23.1525
5.20846 19.5543
5.2142 19.4045
5.21993 16.5
5.22567 18.1884
5.23141 21.1739
5.23714 22.4815
5.24288 17.5902
5.24861 20.3011
5.25435 19.0899
5.26009 20.0282
5.26582 21.1974
5.27156 18.9341
5.2773 17.0633
5.28303 18.1385
5.28877 19.2979
5.2945 18.6437
5.30024 20.5972
5.30598 20.8861
5.31171 18.5955
5.31745 17.9512
5.32318 22.0769
5.32892 18.4043
5.33466 18.7126
5.34039 17.803
5.34613 19.3023
5.35187 18.4835
5.3576 21.8889
5.36334 18.5758
5.36907 23.1875
5.37481 17.3647
5.38055 18.3934
5.38628 21.0938
5.39202 22.7582
5.39776 21.8375
5.40349 20.5493
5.40923 18.8854
5.41496 16.4938
5.4207 19.3333
5.42644 17.3163
5.43217 22.8764
5.43791 20.4177
5.44364 19.4189
5.44938 21.1753
5.45512 19.0741
5.46085 15.7424
5.46659 19.1327
5.47233 21.7079
5.47806 20.3289
5.4838 19.6296
5.48953 18.6452
5.49527 19.3214
5.50101 20.2836
5.50674 21.0612
5.51248 21.3708
5.51822 19.2568
5.52395 18.8554
5.52969 19.6667
5.53542 20.5882
5.54116 20.0882
5.5469 18.2323
5.55263 18.3146
5.55837 16.9028
5.5641 16.7978
5.56984 17.1075
5.57558 21.7857
5.58131 21.5205
5.58705 21.5051
5.59279 19.4886
5.59852 17.9524
5.60426 13
5.60999 15.3333
5.61573 19.1341
5.62147 18.5132
5.6272 20.8247
5.63294 20.3563
5.63868 18.1515
5.64441 20.0891
5.65015 22.9032
5.65588 19.7381
5.66162 20.6883
5.66736 21.798
5.67309 18.2209
5.67883 16.9855
5.68456 19.2673
5.6903 15.9222
5.69604 22.9512
5.70177 18.8072
5.70751 19.9579
5.71325 19.1477
5.71898 22.5
5.72472 20.1818
5.73045 17.2151
5.73619 19.8987
5.74193 15.9551
5.74766 18.3474
5.7534 21.1591
5.75914 18.1127
5.76487 18.5248
5.77061 22.7447
5.77634 23.3462
5.78208 25.1348
5.78782 25
5.79355 22.8837
5.79929 19.9733
5.80502 20.5049
5.81076 20.9355
5.8165 18.7067
5.82223 20.7188
5.82797 20.1546
5.83371 18.9884
5.83944 20.7848
5.84518 17.9293
5.85091 21.5729
5.85665 22
5.86239 18.2952
5.86812 21.7755
5.87386 19.4767
5.8796 24.8861
5.88533 23.4851
5.89107 19.663
5.8968 20.5217
5.90254 23.7714
5.90828 23.3131
5.91401 21.1529
5.91975 22.0732
5.92548 21.8182
5.93122 22.3723
5.93696 20.6438
5.94269 20.2952
5.94843 23.5
5.95417 20.6591
5.9599 25.2471
5.96564 24.9596
5.97137 23.5106
5.97711 17.8219
5.98285 19.2427
5.98858 23.0408
5.99432 23.4235
6.00006 21.7778
6.00579 23.9495
6.01153 25.129
6.01726 27.0133
6.023 22.019
6.02874 24.6771
6.03447 28.2614
6.04021 27.8444
6.04594 24.8163
6.05168 27.9479
6.05742 24.961
6.06315 24.3048
6.06889 25.4167
6.07463 25.1429
6.08036 27.8511
6.0861 24.5612
6.09183 30.1443
6.09757 25.7821
6.10331 27.4952
6.10904 28.625
6.11478 27.7558
6.12052 26.9583
6.12625 25.57
6.13199 28.5
6.13772 25.622
6.14346 27.2647
6.1492 31.41
6.15493 27.9625
6.16067 30.1275
6.1664 32.9592
6.17214 32.1383
6.17788 31.8095
6.18361 29.233
6.18935 33.7677
6.19509 31.7568
6.20082 31.2018
6.20656 33.3627
6.21229 35.8438
6.21803 33.6341
6.22377 31.1038
6.2295 33.49
6.23524 32.8
6.24098 36.633
6.24671 38.4412
6.25245 38.9681
6.25818 35.8721
6.26392 38.3627
6.26966 40.3333
6.27539 38.6711
6.28113 43.945
6.28686 40.8812
6.2926 47.875
6.29834 54.6932
6.30407 72.0288
6.30981 101.275
6.31555 382.641
6.32128 1122.54
6.32702 445.375
6.33275 330.562
6.33849 140.114
6.34423 68.5192
6.34996 66.6863
6.3557 64.5
6.36144 64.9444
6.36717 66.7048
6.37291 71.3895
6.37864 67.9444
6.38438 70.5189
6.39012 71.4412
6.39585 64.3375
6.40159 59.9167
6.40732 54.963
6.41306 50.4149
6.4188 45.7935
6.42453 42.5943
6.43027 45.1863
6.43601 40.622
6.44174 40.566
6.44748 39.8333
6.45321 35.6809
6.45895 34.3478
6.46469 32.6476
6.47042 37.3883
6.47616 34.2619
6.4819 35.6455
6.48763 32.5926
6.49337 31.043
6.4991 31.2316
6.50484 29.4907
6.51058 33.9216
6.51631 31.619
6.52205 32.5636
6.52778 32.1111
6.53352 29.3478
6.53926 31.2812
6.54499 31.5093
6.55073 33.0971
6.55647 32.0357
6.5622 28.4602
6.56794 30.6759
6.57367 32.8925
6.57941 30.9684
6.58515 28.6071
6.59088 36.1923
6.59662 30.8929
6.60236 28.7544
6.60809 29.8491
6.61383 28.5376
6.61956 28.0103
6.6253 31.8304
6.63104 27.098
6.63677 27.7791
6.64251 28.6842
6.64824 30.486
6.65398 30.3736
6.65972 27.4412
6.66545 27.6875
6.67119 28.6827
6.67693 29.3372
6.68266 28.0172
6.6884 30.213
6.69413 28.2308
6.69987 29.8932
6.70561 28.7946
6.71134 29.2596
6.71708 28.625
6.72282 29.9825
6.72855 30.1019
6.73429 26.7079
6.74002 26.5566
6.74576 26.7652
6.7515 31.2718
6.75723 30.9101
6.76297 30.4052
6.7687 26.1696
6.77444 27.1011
6.78018 28.6381
6.78591 27.0086
6.79165 25.3925
6.79739 29.1954
6.80312 24.9123
6.80886 25.1518
6.81459 27.5385
6.82033 29.781
6.82607 29.1897
6.8318 28.0952
6.83754 31.3182
6.84328 29.4153
6.84901 27.9643
6.85475 28.3736
6.86048 26.7798
6.86622 32.2241
6.87196 26.0561
6.87769 30.2069
6.88343 29.2288
6.88916 30.4737
6.8949 27.931
6.90064 27.3186
6.90637 27.1053
6.91211 26.7009
6.91785 27.8161
6.92358 28.0661
6.92932 25.4425
6.93505 26.2472
6.94079 28.7876
6.94653 30.1638
6.95226 31.4579
6.958 29.4396
6.96374 29.3667
6.96947 27.2982
6.97521 30.1758
6.98094 25.3243
6.98668 28.1121
6.99242 27.7706
6.99815 27.5955
7.00389 30.6167
7.00962 30.4569
7.01536 30.4506
7.0211 29.1818
7.02683 29.3525
7.03257 30.2336
7.03831 28.3333
7.04404 30.3115
7.04978 28.7217
7.05551 28.3298
7.06125 31.633
7.06699 28.3525
7.07272 28
7.07846 29.3483
7.0842 28.4508
7.08993 28.9224
7.09567 30.043
7.1014 30.6106
7.10714 30.1849
7.11288 31.0459
7.11861 29.5484
7.12435 29.3629
7.13008 28.2564
7.13582 31.7396
7.14156 29.991
7.14729 28.0667
7.15303 31.1193
7.15877 27.3118
7.1645 32.1129
7.17024 30.0756
7.17597 31.3367
7.18171 30.2897
7.18745 29.1967
7.19318 33.1982
7.19892 29.6813
7.20466 30.8346
7.21039 32.3333
7.21613 29.37
7.22186 28.7798
7.2276 31.4921
7.23334 31.5045
7.23907 31.4066
7.24481 31.8095
7.25054 28.5042
7.25628 31.32
7.26202 31.7027
7.26775 29.1393
7.27349 32.1802
7.27923 31.4409
7.28496 31.3254
7.2907 34.9328
7.29643 31.7961
7.30217 31.5505
7.30791 33.3468
7.31364 34.7863
7.31938 35.0899
7.32512 33.7077
7.33085 32.9504
7.33659 36.5
7.34232 33.5143
7.34806 34.1154
7.3538 35.4595
7.35953 35.3226
7.36527 36.0781
7.371 38.8182
7.37674 37.9904
7.38248 38.4128
7.38821 43.944
7.39395 46.1379
7.39969 52.871
7.40542 78.6769
7.41116 107.463
7.41689 131.057
7.42263 67.2243
7.42837 58.4444
7.4341 48.9076
7.43984 47.1236
7.44558 45.5448
7.45131 47.9256
7.45705 50.0727
7.46278 52.8738
7.46852 51.5923
7.47426 54.0427
7.47999 56.6556
7.48573 57.25
7.49146 59.056
7.4972 56.0364
7.50294 52.2336
7.50867 48.9609
7.51441 47.7731
7.52015 43.2088
7.52588 47.553
7.53162 39.8
7.53735 40.1071
7.54309 37.3883
7.54883 37.7045
7.55456 38.7227
7.5603 33.5393
7.56604 36.8881
7.57177 33.544
7.57751 34.3103
7.58324 31.5437
7.58898 32.3664
7.59472 31.2951
7.60045 32.04
7.60619 36.1382
7.61192 33.0853
7.61766 32.0086
7.6234 34.0396
7.62913 31.7424
7.63487 32.281
7.64061 30.0294
7.64634 32.0244
7.65208 34.0388
7.65781 35
7.66355 31
7.66929 34.7333
7.67502 32.8468
7.68076 33.283
7.6865 34.6723
7.69223 35.5344
7.69797 34.9322
7.7037 36.7426
7.70944 33.694
7.71518 35.7805
7.72091 39.1
7.72665 37.0598
7.73238 44.876
7.73812 51.6148
7.74386 64.567
7.74959 62.6884
7.75533 48.776
7.76107 38.3929
7.7668 41.7565
7.77254 37.6336
7.77827 39.4426
7.78401 34.3939
7.78975 34.963
7.79548 37.3672
7.80122 36.8707
7.80696 37.6216
7.81269 36.4812
7.81843 36.6371
7.82416 37.3053
7.8299 36.3071
7.83564 36.9606
7.84137 35.3276
7.84711 36.1892
7.85284 32.3893
7.85858 31.4609
7.86432 29.6804
7.87005 31.6331
7.87579 28.5938
7.88153 29.8852
7.88726 30.2243
7.893 25.7111
7.89873 27.2344
7.90447 31.902
7.91021 28.8872
7.91594 31.6641
7.92168 26.8583
7.92742 26.5238
7.93315 26.9781
7.93889 29.6032
7.94462 26.5877
7.95036 25.2131
7.9561 25.7576
7.96183 26.7698
7.96757 24.1714
7.9733 25.5839
7.97904 27.1538
7.98478 25.5089
7.99051 25.768
7.99625 24.0526
8.00199 27.0081
8.00772 23.6634
8.01346 26.0791
8.01919 26.9015
8.02493 26.1441
8.03067 23.386
8.0364 23.375
8.04214 24.9141
8.04788 27.3495
8.05361 26.0432
8.05935 24.2353
8.06508 25.3305
8.07082 25.8205
8.07656 26.9635
8.08229 25.5391
8.08803 24.4242
8.09376 23.8601
8.0995 21.2576
8.10524 23.2541
8.11097 27.4248
8.11671 24.3796
8.12245 23.2946
8.12818 21.1429
8.13392 21.0379
8.13965 21.942
8.14539 18.7984
8.15113 20.2432
8.15686 17.1241
8.1626 17.7727
8.16834 17
8.17407 20.7778
8.17981 19.9627
8.18554 16.1615
8.19128 15.9439
8.19702 13.5468
8.20275 15.1343
8.20849 10.1186
8.21422 11.2016
8.21996 11.0942
8.2257 8.20312
8.23143 9.80374
8.23717 5.72028
8.24291 4.60494
8.24864 4.65455
8.25438 5.18421
8.26011 6
8.26585 6.66667
8.27159 0
8.27732 0
8.28306 0
8.2888 0
8.29453 0
8.30027 0
8.306 0
8.31174 0
8.31748 0
8.32321 0
8.32895 0
8.33468 0
8.34042 0
8.34616 0
8.35189 0
8.35763 0
8.36337 0
8.3691 0
8.37484 0
8.38057 0
8.38631 0
8.39205 0
8.39778 0
8.40352 0
8.40926 0
8.41499 0
8.42073 0
8.42646 0
8.4322 0
8.43794 0
8.44367 0
8.44941 0
8.45514 0
8.46088 0
8.46662 0
8.47235 0
8.47809 0
8.48383 0
8.48956 0
8.4953 0
8.50103 0
8.50677 0
8.51251 0
8.51824 0
8.52398 0
8.52972 0
8.53545 0
8.54119 0
8.54692 0
8.55266 0
8.5584 0
8.56413 0
8.56987 0
8.5756 0
8.58134 0
8.58708 0
8.59281 0
8.59855 0
8.60429 0
8.61002 0
8.61576 0
8.62149 0
8.62723 0
8.63297 0
8.6387 0
8.64444 0
8.65018 0
8.65591 0
8.66165 0
8.66738 0
8.67312 0
8.67886 0
8.68459 0
8.69033 0
8.69606 0
8.7018 0
8.70754 0
8.71327 0
8.71901 0
8.72475 0
8.73048 0
8.73622 0
8.74195 0
8.74769 0
8.75343 0
8.75916 0
8.7649 0
8.77064 0
8.77637 0
8.78211 0
8.78784 0
8.79358 0
8.79932 0
8.80505 0
8.81079 0
8.81652 0
8.82226 0
8.828 0
8.83373 0
8.83947 0
8.84521 0
8.85094 0
8.85668 0
8.86241 0
8.86815 0
8.87389 0
8.87962 0
8.88536 0
8.8911 0
8.89683 0
8.90257 0
8.9083 0
8.91404 0
8.91978 0
8.92551 0
8.93125 0
8.93698 0
8.94272 0
8.94846 0
8.95419 0
8.95993 0
8.96567 0
8.9714 0
8.97714 0
8.98287 0
8.98861 0
8.99435 0
9.00008 0
9.00582 0
9.01156 0
9.01729 0
9.02303 0
9.02876 0
9.0345 0
9.04024 0
9.04597 0
9.05171 0
9.05744 0
9.06318 0
9.06892 0
9.07465 0
9.08039 0
9.08613 0
9.09186 0
9.0976 0
9.10333 0
9.10907 0
9.11481 0
9.12054 0
9.12628 0
9.13202 0
9.13775 0
9.14349 0
9.14922 0
9.15496 0
9.1607 0
9.16643 0
9.17217 0
9.1779 0
9.18364 0
9.18938 0
9.19511 0
9.20085 0
9.20659 0
9.21232 0
9.21806 0
9.22379 0
9.22953 0
9.23527 0
9.241 0
9.24674 0
9.25248 0
9.25821 0
9.26395 0
9.26968 0
9.27542 0
9.28116 0
9.28689 0
9.29263 0
9.29836 0
9.3041 0
9.30984 0
9.31557 0
9.32131 0
9.32705 0
9.33278 0
9.33852 0
9.34425 0
9.34999 0
9.35573 0
9.36146 0
9.3672 0
9.37294 0
9.37867 0
9.38441 0
9.39014 0
9.39588 0
9.40162 0
9.40735 0
9.41309 0
9.41882 0
9.42456 0
9.4303 0
9.43603 0
9.44177 0
9.44751 0
9.45324 0
9.45898 0
9.46471 0
9.47045 0
9.47619 0
9.48192 0
9.48766 0
9.4934 0
9.49913 0
9.50487 0
9.5106 0
9.51634 0
9.52208 0
9.52781 0
9.53355 0
9.53928 0
9.54502 0
9.55076 0
9.55649 0
9.56223 0
9.56797 0
9.5737 0
9.57944 0
9.58517 0
9.59091 0
9.59665 0
9.60238 0
9.60812 0
9.61386 0
9.61959 0
9.62533 0
9.63106 0
9.6368 0
9.64254 0
9.64827 0
9.65401 0
9.65974 0
9.66548 0
9.67122 0
9.67695 0
9.68269 0
9.68843 0
9.69416 0
9.6999 0
9.70563 0
9.71137 0
9.71711 0
9.72284 0
9.72858 0
9.73432 0
9.74005 0
9.74579 0
9.75152 0
9.75726 0
9.763 0
9.76873 0
9.77447 0
9.7802 0
9.78594 0
9.79168 0
9.79741 0
9.80315 0
9.80889 0
9.81462 0
9.82036 0
9.82609 0
9.83183 0
9.83757 0
9.8433 0
9.84904 0
9.85478 0
9.86051 0
9.86625 0
9.87198 0
9.87772 0
9.88346 0
9.88919 0
9.89493 0
9.90066 0
9.9064 0
9.91214 0
9.91787 0
9.92361 0
9.92935 0
9.93508 0
9.94082 0
9.94655 0
9.95229 0
9.95803 0
9.96376 0
9.9695 0
9.97524 0
9.98097 0
9.98671 0
9.99244 0
9.99818 0
10.0039 0
10.0097 0
10.0154 0
10.0211 0
10.0269 0
10.0326 0
10.0383 0
10.0441 0
10.0498 0
10.0555 0
10.0613 0
10.067 0
10.0728 0
10.0785 0
10.0842 0
10.09 0
10.0957 0
10.1014 0
10.1072 0
10.1129 0
10.1186 0
10.1244 0
10.1301 0
10.1358 0
10.1416 0
10.1473 0
10.1531 0
10.1588 0
10.1645 0
10.1703 0
10.176 0
10.1817 0
10.1875 0
10.1932 0
10.1989 0
10.2047 0
10.2104 0
10.2162 0
10.2219 0
10.2276 0
10.2334 0
10.2391 0
10.2448 0
10.2506 0
10.2563 0
10.262 0
10.2678 0
10.2735 0
10.2793 0
10.285 0
10.2907 0
10.2965 0
10.3022 0
10.3079 0
10.3137 0
10.3194 0
10.3251 0
10.3309 0
10.3366 0
10.3424 0
10.3481 0
10.3538 0
10.3596 0
10.3653 0
10.371 0
10.3768 0
10.3825 0
10.3882 0
10.394 0
10.3997 0
10.4054 0
10.4112 0
10.4169 0
10.4227 0
10.4284 0
10.4341 0
10.4399 0
10.4456 0
10.4513 0
10.4571 0
10.4628 0
10.4685 0
10.4743 0
10.48 0
10.4858 0
10.4915 0
10.4972 0
10.503 0
10.5087 0
10.5144 0
10.5202 0
10.5259 0
10.5316 0
10.5374 0
10.5431 0
10.5489 0
10.5546 0
10.5603 0
10.5661 0
10.5718 0
10.5775 0
10.5833 0
10.589 0
10.5947 0
10.6005 0
10.6062 0
10.612 0
10.6177 0
10.6234 0
10.6292 0
10.6349 0
10.6406 0
10.6464 0
10.6521 0
10.6578 0
10.6636 0
10.6693 0
10.6751 0
10.6808 0
10.6865 0
10.6923 0
10.698 0
10.7037 0
10.7095 0
10.7152 0
10.7209 0
10.7267 0
10.7324 0
10.7381 0
10.7439 0
10.7496 0
10.7554 0
10.7611 0
10.7668 0
10.7726 0
10.7783 0
10.784 0
10.7898 0
10.7955 0
10.8012 0
10.807 0
10.8127 0
10.8185 0
10.8242 0
10.8299 0
10.8357 0
10.8414 0
10.8471 0
10.8529 0
10.8586 0
10.8643 0
10.8701 0
10.8758 0
10.8816 0
10.8873 0
10.893 0
10.8988 0
10.9045 0
10.9102 0
10.916 0
10.9217 0
10.9274 0
10.9332 0
10.9389 0
10.9447 0
10.9504 0
10.9561 0
10.9619 0
10.9676 0
10.9733 0
10.9791 0
10.9848 0
10.9905 0
10.9963 0
11.002 0
11.0077 0
11.0135 0
11.0192 0
11.025 0
11.0307 0
11.0364 0
11.0422 0
11.0479 0
11.0536 0
11.0594 0
11.0651 0
11.0708 0
11.0766 0
11.0823 0
11.0881 0
11.0938 0
11.0995 0
11.1053 0
11.111 0
11.1167 0
11.1225 0
11.1282 0
11.1339 0
11.1397 0
11.1454 0
11.1512 0
11.1569 0
11.1626 0
11.1684 0
11.1741 0
11.1798 0
11.1856 0
11.1913 0
11.197 0
11.2028 0
11.2085 0
11.2143 0
11.22 0
11.2257 0
11.2315 0
11.2372 0
11.2429 0
11.2487 0
11.2544 0
11.2601 0
11.2659 0
11.2716 0
11.2774 0
11.2831 0
11.2888 0
11.2946 0
11.3003 0
11.306 0
11.3118 0
11.3175 0
11.3232 0
11.329 0
11.3347 0
11.3404 0
11.3462 0
11.3519 0
11.3577 0
11.3634 0
11.3691 0
11.3749 0
11.3806 0
11.3863 0
11.3921 0
11.3978 0
11.4035 0
11.4093 0
11.415 0
11.4208 0
11.4265 0
11.4322 0
11.438 0
11.4437 0
11.4494 0
11.4552 0
11.4609 0
11.4666 0
11.4724 0
11.4781 0
11.4839 0
11.4896 0
11.4953 0
11.5011 0
11.5068 0
11.5125 0
11.5183 0
11.524 0
11.5297 0
11.5355 0
11.5412 0
11.547 0
11.5527 0
11.5584 0
11.5642 0
11.5699 0
11.5756 0
11.5814 0
11.5871 0
11.5928 0
11.5986 0
11.6043 0
11.61 0
11.6158 0
11.6215 0
11.6273 0
11.633 0
11.6387 0
11.6445 0
11.6502 0
11.6559 0
11.6617 0
11.6674 0
11.6731 0
11.6789 0
11.6846 0
11.6904 0
11.6961 0
11.7018 0
11.7076 0
11.7133 0
11.719 0
11.7248 0
11.7305 0
11.7362 0
11.742 0
