0 11
0.00573619 -1
0.0114724 7
0.0172086 0
0.0229448 -3
0.028681 -13
0.0344171 0
0.0401533 29
0.0458895 -9
0.0516257 3
0.0573619 0
0.0630981 -10
0.0688343 6
0.0745705 0
0.0803067 -38
0.0860429 10
0.091779 0
0.0975152 -8.33333
0.103251 -8.33333
0.108988 -1.33333
0.114724 0
0.12046 -9
0.126196 16
0.131932 0
0.137669 3.33333
0.143405 -6.33333
0.149141 17
0.154877 15.5
0.160613 -0.666667
0.16635 -3
0.172086 0
0.177822 2.66667
0.183558 -4.8
0.189294 0
0.19503 -2.6
0.200767 -0.4
0.206503 8
0.212239 0
0.217975 3.4
0.223711 -6
0.229448 0
0.235184 6.4
0.24092 9.2
0.246656 0
0.252392 11
0.258129 1.6
0.263865 11.4
0.269601 0
0.275337 -4
0.281073 8.28571
0.28681 0
0.292546 8.14286
0.298282 2.71429
0.304018 13.6667
0.309754 5.5
0.31549 21.7143
0.321227 13
0.326963 0
0.332699 11.8571
0.338435 9.42857
0.344171 0
0.349908 20.4286
0.355644 7.85714
0.36138 14.6
0.367116 5
0.372852 15.6667
0.378589 9.85714
0.384325 -4.5
0.390061 8.44444
0.395797 12.1111
0.401533 0
0.40727 5.77778
0.413006 8
0.418742 12.7143
0.424478 2
0.430214 13.4444
0.43595 7.66667
0.441687 0
0.447423 0.333333
0.453159 6.88889
0.458895 13
0.464631 8.57143
0.470368 19.6364
0.476104 5.22222
0.48184 14.5
0.487576 8.18182
0.493312 9.81818
0.499049 0
0.504785 8
0.510521 5.81818
0.516257 23.4
0.521993 20.8333
0.52773 11.9091
0.533466 3.77778
0.539202 7.5
0.544938 14.4545
0.550674 11.8182
0.55641 0
0.562147 14.7692
0.567883 12.5385
0.573619 16.5714
0.579355 18
0.585091 23.3846
0.590828 49
0.596564 21.5
0.6023 205.154
0.608036 141.462
0.613772 39
0.619509 36.75
0.625245 26.8462
0.630981 29.5556
0.636717 33.75
0.642453 11.3077
0.64819 15.1538
0.653926 23
0.659662 4.66667
0.665398 10.5333
0.671134 13.4286
0.67687 18.375
0.682607 28.3333
0.688343 4.72727
0.694079 15
0.699815 8.46667
0.705551 8.93333
0.711288 13
0.717024 9.57143
0.72276 15.7333
0.728496 9.77778
0.734232 16.8333
0.739969 12.25
0.745705 11.4615
0.751441 5.25
0.757177 9.11765
0.762913 6
0.76865 9.8
0.774386 6
0.780122 15.1765
0.785858 21.4545
0.791594 19.8333
0.79733 14.1176
0.803067 9.73333
0.808803 22.5
0.814539 14.4118
0.820275 7
0.826011 17.1111
0.831748 14.75
0.837484 8.38889
0.84322 12.6154
0.848956 14.6667
0.854692 12.9474
0.860429 15.0588
0.866165 13
0.871901 11.4375
0.877637 12.8947
0.883373 12.3636
0.88911 6.625
0.894846 11.4211
0.900582 15.2667
0.906318 18.5
0.912054 9.1579
0.91779 15.2353
0.923527 14.8889
0.929263 14.0769
0.934999 9.71429
0.940735 2.84615
0.946471 12.75
0.952208 11.2857
0.957944 18.5882
0.96368 16.5
0.969416 5.2381
0.975152 7.15789
0.980889 11.5455
0.986625 17.5
0.992361 16.2381
0.998097 14.8
1.00383 17.6667
1.00957 9.2381
1.01531 16
1.02104 16.6
1.02678 8.70588
1.03251 9.19048
1.03825 8.07692
1.04399 9.16667
1.04972 13.9565
1.05546 14
1.0612 12.8333
1.06693 11.087
1.07267 15.8421
1.0784 15.2308
1.08414 16.7857
1.08988 14.3478
1.09561 16
1.10135 15.625
1.10708 15
1.11282 11.4118
1.11856 16.1429
1.12429 11.76
1.13003 13.619
1.13577 16.2
1.1415 21.7143
1.14724 11.84
1.15297 10.2
1.15871 16
1.16445 15.44
1.17018 8.26316
1.17592 11.9231
1.18166 15.7778
1.18739 13.1304
1.19313 11.8667
1.19886 20.6667
1.2046 9.36
1.21034 13.0556
1.21607 7.88889
1.22181 8.92593
1.22754 12.3333
1.23328 5.58824
1.23902 14.75
1.24475 11.64
1.25049 15
1.25623 13.0833
1.26196 13.8889
1.2677 8.94737
1.27343 13.5385
1.27917 9.90909
1.28491 14.4348
1.29064 8.29412
1.29638 8.64286
1.30212 11.1111
1.30785 8.27778
1.31359 -0.25
1.31932 14.6207
1.32506 10.619
1.3308 4.70588
1.33653 13.65
1.34227 10.92
1.348 14.4737
1.35374 15.4286
1.35948 16.5556
1.36521 9.42857
1.37095 11.4
1.37669 13.5517
1.38242 10.6957
1.38816 4.23529
1.39389 13.1579
1.39963 11.8519
1.40537 12.25
1.4111 13.8571
1.41684 11.9655
1.42258 18.1739
1.42831 15.2353
1.43405 10.2083
1.43978 12
1.44552 12.3333
1.45126 16.8125
1.45699 15.1724
1.46273 15.381
1.46846 15.25
1.4742 12.7419
1.47994 15.0435
1.48567 13.3
1.49141 9.66667
1.49715 10.2963
1.50288 11.9565
1.50862 8.6875
1.51435 11.6552
1.52009 9.72
1.52583 14.2667
1.53156 10.5667
1.5373 16.28
1.54304 10.619
1.54877 15.1
1.55451 16.069
1.56024 10.8261
1.56598 10.7857
1.57172 13.0968
1.57745 15.44
1.58319 11.1
1.58892 18.76
1.59466 8.66667
1.6004 11.04
1.60613 10.6667
1.61187 14.1935
1.61761 16.68
1.62334 15.3571
1.62908 12.9394
1.63481 8.81481
1.64055 15.5652
1.64629 11
1.65202 13.4828
1.65776 11.44
1.6635 12.8125
1.66923 16.0968
1.67497 13.0714
1.6807 15.85
1.68644 12.9286
1.69218 14.8966
1.69791 16.68
1.70365 11.2727
1.70938 8.90323
1.71512 12.3704
1.72086 11.625
1.72659 17.6364
1.73233 13.1379
1.73807 8.13043
1.7438 9.65385
1.74954 14.5172
1.75527 12.037
1.76101 13.9474
1.76675 12.8485
1.77248 12.9643
1.77822 16.1
1.78396 17.7333
1.78969 6.51613
1.79543 16.2963
1.80116 15.5
1.8069 15.9677
1.81264 8.58621
1.81837 12.2222
1.82411 13.0571
1.82984 14.069
1.83558 13.28
1.84132 11.1923
1.84705 15.4839
1.85279 12.1852
1.85853 12.913
1.86426 12.5455
1.87 20.1667
1.87573 18.3889
1.88147 13.4857
1.88721 13.8485
1.89294 17.7778
1.89868 17.5385
1.90442 13.7879
1.91015 12.7419
1.91589 16.75
1.92162 15.5714
1.92736 21.129
1.9331 17.92
1.93883 24.9286
1.94457 25.1515
1.9503 17.1667
1.95604 15.2083
1.96178 21.3529
1.96751 15.4375
1.97325 17.6
1.97899 14.1081
1.98472 14.4545
1.99046 11.931
1.99619 11.5385
2.00193 14.3429
2.00767 14.1935
2.0134 16.5417
2.01914 11.2857
2.02488 12.1212
2.03061 17
2.03635 19.8125
2.04208 12.6176
2.04782 9.5
2.05356 15.2917
2.05929 12.5556
2.06503 11.7143
2.07076 19.1364
2.0765 12.8919
2.08224 14.5429
2.08797 13.8621
2.09371 9.92857
2.09945 15.2162
2.10518 20.9697
2.11092 14.75
2.11665 9.59459
2.12239 16.0857
2.12813 13.1739
2.13386 13.3056
2.1396 16.75
2.14534 11.4062
2.15107 18.8077
2.15681 11.0263
2.16254 14.7297
2.16828 13.2727
2.17402 18.359
2.17975 17.4054
2.18549 14.4516
2.19122 21.2667
2.19696 11.4595
2.2027 15.9714
2.20843 16.9583
2.21417 28.0256
2.21991 79.1892
2.22564 38.0909
2.23138 65.95
2.23711 42.3947
2.24285 17.1471
2.24859 20.5
2.25432 18.8205
2.26006 15.2821
2.2658 15.6364
2.27153 10
2.27727 19.4872
2.283 16.0968
2.28874 14.6875
2.29448 19.3846
2.30021 10.6216
2.30595 18
2.31168 17.641
2.31742 20.4615
2.32316 16.9545
2.32889 20.4286
2.33463 12.125
2.34037 12.0278
2.3461 13.6429
2.35184 15.2791
2.35757 18.027
2.36331 21.2308
2.36905 17.8537
2.37478 16.8293
2.38052 18.7097
2.38626 17.7059
2.39199 17.5814
2.39773 17.4865
2.40346 13.7692
2.4092 16.4651
2.41494 16.6
2.42067 19.1364
2.42641 16.1591
2.43214 20.381
2.43788 21.3143
2.44362 17.625
2.44935 12.8444
2.45509 18.3846
2.46083 14.0769
2.46656 15.2667
2.4723 16.3659
2.47803 13.4483
2.48377 15.125
2.48951 15.6279
2.49524 14.1026
2.50098 12.1154
2.50672 18.2391
2.51245 13.2857
2.51819 14.7917
2.52392 16.2391
2.52966 15.2955
2.5354 19.4545
2.54113 19.25
2.54687 15
2.5526 11.1463
2.55834 14.7692
2.56408 15.1277
2.56981 16.3023
2.57555 12.8966
2.58129 15.6429
2.58702 16.2222
2.59276 11.8919
2.59849 17.4688
2.60423 15.3043
2.60997 17.2273
2.6157 14.125
2.62144 10.2083
2.62718 14.5957
2.63291 13.5429
2.63865 16.3611
2.64438 17.4681
2.65012 16.878
2.65586 15.1
2.66159 18.8936
2.66733 14.8889
2.67306 16.64
2.6788 15.2083
2.68454 16.0638
2.69027 13.8718
2.69601 9.84848
2.70175 16.2708
2.70748 12.6222
2.71322 15.7778
2.71895 13.625
2.72469 17.3265
2.73043 14.8857
2.73616 16.5
2.7419 18.1633
2.74764 18.0465
2.75337 16.7
2.75911 14.898
2.76484 15.7755
2.77058 17.2083
2.77632 16.9388
2.78205 13.26
2.78779 13.1026
2.79352 14.5429
2.79926 14.5
2.805 13.7556
2.81073 12.1111
2.81647 19.5094
2.82221 14.8571
2.82794 17.027
2.83368 15.4474
2.83941 16.2264
2.84515 13.7561
2.85089 19.4688
2.85662 16.2453
2.86236 17.4082
2.8681 22.7917
2.87383 17.5283
2.87957 17.84
2.8853 20.439
2.89104 15.5135
2.89678 16.6154
2.90251 17.8444
2.90825 13.6897
2.91398 16.2545
2.91972 18.3529
2.92546 17.6486
2.93119 21.119
2.93693 19.7925
2.94267 14.8444
2.9484 10.9375
2.95414 16.8679
2.95987 15.5714
2.96561 23.1923
2.97135 18.1429
2.97708 18.3889
2.98282 21.5128
2.98856 23.1282
2.99429 20.6296
3.00003 19.0426
3.00576 18.875
3.0115 13.9091
3.01724 20.2264
3.02297 19.2973
3.02871 22.2727
3.03444 20.1636
3.04018 19.0444
3.04592 15.5882
3.05165 19.0545
3.05739 19.4902
3.06313 15.2759
3.06886 22.7679
3.0746 16.7273
3.08033 16.1818
3.08607 19.7027
3.09181 21.3571
3.09754 16.551
3.10328 18.7188
3.10902 19.1525
3.11475 20.566
3.12049 18.8974
3.12622 13.2609
3.13196 18.9818
3.1377 24.0426
3.14343 19.3611
3.14917 19.1754
3.1549 21.3725
3.16064 24.5862
3.16638 20.6
3.17211 16.2909
3.17785 22.1591
3.18359 17
3.18932 17.3559
3.19506 24.0612
3.20079 26.0882
3.20653 20.2712
3.21227 20.9434
3.218 25.7073
3.22374 23.5
3.22948 22.0339
3.23521 21.7333
3.24095 19.8158
3.24668 16.3333
3.25242 16.434
3.25816 27.6176
3.26389 20.0526
3.26963 21.4737
3.27536 18.3043
3.2811 22.7073
3.28684 22.3443
3.29257 19.0408
3.29831 24.8056
3.30405 19.619
3.30978 24.6909
3.31552 23.0698
3.32125 24.9583
3.32699 25.7368
3.33273 24.3725
3.33846 32.5
3.3442 23.0968
3.34994 25.7255
3.35567 24.1053
3.36141 26.4915
3.36714 25.8421
3.37288 20.7083
3.37862 25.7045
3.38435 21.7869
3.39009 24.0943
3.39582 25.3056
3.40156 26.3492
3.4073 26.4364
3.41303 23.5957
3.41877 28.2917
3.42451 29.6557
3.43024 23.6122
3.43598 26.6341
3.44171 27.5873
3.44745 29.2857
3.45319 24.9286
3.45892 31.4727
3.46466 29.1356
3.4704 25.08
3.47613 26.4091
3.48187 27.5079
3.4876 24.0377
3.49334 28.2632
3.49908 28.1642
3.50481 29.2456
3.51055 31.617
3.51628 27.56
3.52202 26.9672
3.52776 27.3148
3.53349 27.122
3.53923 29.0308
3.54497 34.7407
3.5507 32.8333
3.55644 36.9273
3.56217 36.6102
3.56791 32.9245
3.57365 31
3.57938 30.8462
3.58512 32.2545
3.59086 32.3158
3.59659 33.5075
3.60233 34.5763
3.60806 32.6471
3.6138 35.9583
3.61954 31.2857
3.62527 35.8214
3.63101 31.6341
3.63674 37.9552
3.64248 37.069
3.64822 41.9792
3.65395 42.0351
3.65969 42.0164
3.66543 45.2909
3.67116 46.7826
3.6769 40.3968
3.68263 38
3.68837 43.2632
3.69411 42.3333
3.69984 46.4407
3.70558 49.717
3.71132 50.6275
3.71705 42.6769
3.72279 46.1071
3.72852 48.6744
3.73426 47.7164
3.74 45.9677
3.74573 53.46
3.75147 50
3.7572 48.3968
3.76294 51.3898
3.76868 48.3409
3.77441 55.6567
3.78015 51.6102
3.78589 53.5532
3.79162 55.9375
3.79736 52.2381
3.80309 54.9286
3.80883 60.3725
3.81457 56.5846
3.8203 62.95
3.82604 73.3488
3.83178 73.7681
3.83751 80.5161
3.84325 83.4821
3.84898 105.667
3.85472 168.683
3.86046 232.967
3.86619 244.435
3.87193 337.783
3.87766 282.295
3.8834 179.843
3.88914 210.85
3.89487 218.923
3.90061 246.9
3.90635 270.633
3.91208 265.537
3.91782 227.688
3.92355 195.341
3.92929 157.338
3.93503 120.938
3.94076 110.068
3.9465 97.6667
3.95224 85.2836
3.95797 80.5397
3.96371 71.4783
3.96944 69.6056
3.97518 66.3333
3.98092 63.8545
3.98665 60.7759
3.99239 61.0882
3.99812 55.5161
4.00386 57.8776
4.0096 55.3043
4.01533 54.8125
4.02107 55.98
4.02681 55.0303
4.03254 52
4.03828 53.3443
4.04401 54.6154
4.04975 55.4085
4.05549 53.1846
4.06122 55
4.06696 46.942
4.0727 51.1594
4.07843 51.6833
4.08417 48.2321
4.0899 48.9559
4.09564 48.6094
4.10138 49.42
4.10711 47.0139
4.11285 49.4545
4.11858 46.9286
4.12432 50.371
4.13006 46.5507
4.13579 47.1746
4.14153 52.3846
4.14727 49.4384
4.153 46.6866
4.15874 48.3409
4.16447 45.8082
4.17021 41.9155
4.17595 47.0484
4.18168 47.3393
4.18742 47.2286
4.19316 50.4394
4.19889 47.06
4.20463 52.8514
4.21036 44.7353
4.2161 49.1
4.22184 53.1724
4.22757 45.7808
4.23331 45.4328
4.23904 46.24
4.24478 48.8133
4.25052 51.7681
4.25625 48.6545
4.26199 50.4375
4.26773 49.625
4.27346 50.0152
4.2792 45.7679
4.28493 49.6806
4.29067 49.5857
4.29641 56.1875
4.30214 53.8947
4.30788 75.1
4.31362 209.785
4.31935 75.6071
4.32509 451
4.33082 148.478
4.33656 79.56
4.3423 64.7867
4.34803 65.7945
4.35377 63.7097
4.3595 65.55
4.36524 70.2162
4.37098 73.0429
4.37671 79.6852
4.38245 78.7568
4.38819 81.0833
4.39392 84.4035
4.39966 91.6667
4.40539 102.278
4.41113 109.101
4.41687 124.574
4.4226 138.299
4.42834 193.959
4.43408 368.854
4.43981 559.208
4.44555 2064.33
4.45128 8432.75
4.45702 5083.76
4.46276 4815.57
4.46849 2347.24
4.47423 706.407
4.47996 452.132
4.4857 266.622
4.49144 213.492
4.49717 183.206
4.50291 164.377
4.50865 148.944
4.51438 148.962
4.52012 131.949
4.52585 120.293
4.53159 114.772
4.53733 101.1
4.54306 93.55
4.5488 85.3881
4.55454 76.9474
4.56027 68.6
4.56601 70.9595
4.57174 67.0962
4.57748 59.8462
4.58322 53.2949
4.58895 50.5224
4.59469 49.6066
4.60042 46.6709
4.60616 50.1067
4.6119 43.92
4.61763 43.6627
4.62337 47.2468
4.62911 41.6984
4.63484 41.0625
4.64058 39.378
4.64631 44.7778
4.65205 42.4643
4.65779 42.7375
4.66352 39.9103
4.66926 40.9508
4.675 38.2676
4.68073 36.7821
4.68647 34.1096
4.6922 34.2069
4.69794 30.0741
4.70368 33.1169
4.70941 36.78
4.71515 35.2235
4.72088 33.9114
4.72662 34.3188
4.73236 31.3492
4.73809 32.878
4.74383 32.7308
4.74957 32.3269
4.7553 34.7381
4.76104 33.9125
4.76677 30.7463
4.77251 31.9385
4.77825 30.4878
4.78398 26.4667
4.78972 30.5179
4.79546 30.0706
4.80119 27.3038
4.80693 28.8769
4.81266 28.8429
4.8184 27.7381
4.82414 29.8493
4.82987 27.3279
4.83561 27.9881
4.84134 21.7375
4.84708 28.5849
4.85282 28
4.85855 30.3171
4.86429 32.507
4.87003 26.459
4.87576 29.2069
4.8815 26.0253
4.88723 27.1667
4.89297 26.4824
4.89871 24.8313
4.90444 24.8451
4.91018 26.303
4.91592 27.1786
4.92165 26.6709
4.92739 20.5965
4.93312 26.407
4.93886 23.7024
4.9446 23.6269
4.95033 26.1972
4.95607 25.6744
4.9618 21.8442
4.96754 24.5254
4.97328 25.7241
4.97901 21.3976
4.98475 23.4754
4.99049 23.359
4.99622 22.954
5.00196 25.0137
5.00769 24.4127
5.01343 23.8182
5.01917 20.5663
5.0249 21.3019
5.03064 22.7111
5.03638 24.8372
5.04211 26.8533
5.04785 25.4154
5.05358 22.7907
5.05932 20.4198
5.06506 24.2069
5.07079 17.5955
5.07653 23.2989
5.08226 24.8028
5.088 23.8714
5.09374 21.0111
5.09947 23.5714
5.10521 23.6032
5.11095 21.3
5.11668 21.3412
5.12242 27.2576
5.12815 24.0649
5.13389 23.4556
5.13963 19.9351
5.14536 20.5738
5.1511 25.9348
5.15684 22.759
5.16257 19.8095
5.16831 22.1429
5.17404 23.4045
5.17978 20.3636
5.18552 18.0909
5.19125 22.0556
5.19699 21.3614
5.20272 16.1695
5.20846 22.7609
5.2142 19.6966
5.21993 22.9342
5.22567 22.1594
5.23141 18.6739
5.23714 24.5185
5.24288 19.6885
5.24861 18.086
5.25435 24.1236
5.26009 21.5352
5.26582 22.8289
5.27156 21.7143
5.2773 21.0506
5.28303 22.7538
5.28877 19.6915
5.2945 23.2989
5.30024 19.875
5.30598 20.1266
5.31171 21.0899
5.31745 21.1951
5.32318 18.0462
5.32892 20.7553
5.33466 22.4598
5.34039 23.6667
5.34613 20.8721
5.35187 22.7692
5.3576 19.8765
5.36334 19.2576
5.36907 19.6979
5.37481 20.9059
5.38055 23.1311
5.38628 23.4479
5.39202 24.0659
5.39776 22.675
5.40349 21.2817
5.40923 18.8333
5.41496 22.0494
5.4207 19.2222
5.42644 21.2755
5.43217 24.7303
5.43791 24.5443
5.44364 18.5676
5.44938 21.3299
5.45512 20.1852
5.46085 18.4242
5.46659 21.1633
5.47233 19.6629
5.47806 20.5
5.4838 19.5926
5.48953 20.9247
5.49527 20.2143
5.50101 20.4627
5.50674 23.0816
5.51248 23.2584
5.51822 22.4324
5.52395 20.012
5.52969 19.2688
5.53542 22.2
5.54116 22.7941
5.5469 19.3232
5.55263 19.3146
5.55837 19.75
5.5641 20.1685
5.56984 20.3656
5.57558 18.6429
5.58131 20.8904
5.58705 19.7576
5.59279 22.3977
5.59852 18.7619
5.60426 10.45
5.60999 19.9892
5.61573 19.878
5.62147 19.0658
5.6272 20.9588
5.63294 21.3793
5.63868 16.4091
5.64441 20.2079
5.65015 22.4946
5.65588 20.1786
5.66162 26.2597
5.66736 20.3232
5.67309 22.4884
5.67883 20.6522
5.68456 21.5149
5.6903 18.8
5.69604 20.9756
5.70177 24.988
5.70751 20.7474
5.71325 22.4205
5.71898 23.8333
5.72472 19.5152
5.73045 19.4194
5.73619 22.519
5.74193 21.618
5.74766 24.4632
5.7534 23.1136
5.75914 20.6901
5.76487 22.4752
5.77061 21.6809
5.77634 24.2564
5.78208 18.9101
5.78782 19.9485
5.79355 22.1279
5.79929 21.2
5.80502 24.0693
5.81076 24.8387
5.8165 23.92
5.82223 23.9167
5.82797 23.7835
5.83371 23.5698
5.83944 23.3544
5.84518 21.6566
5.85091 24.7188
5.85665 24.4615
5.86239 25.8952
5.86812 23.5306
5.87386 25.1279
5.8796 22.9241
5.88533 27.2277
5.89107 25.3043
5.8968 25.5072
5.90254 22.9619
5.90828 24.0303
5.91401 22.2
5.91975 23.9512
5.92548 21
5.93122 23.3511
5.93696 25.5616
5.94269 24.4095
5.94843 24.2083
5.95417 24.4659
5.9599 23.9412
5.96564 22.8182
5.97137 24.9574
5.97711 23.6712
5.98285 26.7282
5.98858 24.7959
5.99432 25.8353
6.00006 25.1556
6.00579 24.9495
6.01153 27.8387
6.01726 27.6933
6.023 26.6952
6.02874 26.2604
6.03447 27.5568
6.04021 29.3667
6.04594 27.9694
6.05168 29.5625
6.05742 28.1558
6.06315 27.8571
6.06889 27.4062
6.07463 28.5357
6.08036 28.9149
6.0861 27.8367
6.09183 30.1031
6.09757 29.859
6.10331 29.7048
6.10904 29.4479
6.11478 28.3023
6.12052 30.4688
6.12625 31.02
6.13199 29.7128
6.13772 28.439
6.14346 30.8725
6.1492 32.3
6.15493 36.0875
6.16067 32.6863
6.1664 31.1633
6.17214 35.3191
6.17788 32.75
6.18361 32.8447
6.18935 32.9596
6.19509 40.027
6.20082 34.7706
6.20656 36.8137
6.21229 36.75
6.21803 37.3902
6.22377 37.8679
6.2295 37.5
6.23524 34.96
6.24098 40.2385
6.24671 44.5882
6.25245 45.2128
6.25818 42.8488
6.26392 41.4706
6.26966 46.5098
6.27539 47.4079
6.28113 42.9541
6.28686 51.802
6.2926 58.6354
6.29834 65.2386
6.30407 87.2404
6.30981 122.755
6.31555 430.423
6.32128 1206.9
6.32702 607.606
6.33275 362.562
6.33849 170.864
6.34423 101.981
6.34996 88.4412
6.3557 81.8846
6.36144 85.9444
6.36717 85.3048
6.37291 87.4
6.37864 91.9333
6.38438 89.2453
6.39012 89.5098
6.39585 78.325
6.40159 75.0741
6.40732 68.787
6.41306 59.1596
6.4188 57.1196
6.42453 53.5566
6.43027 46.951
6.43601 44.1098
6.44174 43.9811
6.44748 42.0185
6.45321 43.2447
6.45895 40.2391
6.46469 36.1905
6.47042 39.8155
6.47616 38.7976
6.4819 38.8545
6.48763 39.8241
6.49337 38.4409
6.4991 36.0632
6.50484 37.3796
6.51058 37.1471
6.51631 35.2619
6.52205 36.5364
6.52778 34.3981
6.53352 33.7717
6.53926 35.4688
6.54499 36.2593
6.55073 35.1165
6.55647 34.881
6.5622 33.177
6.56794 33.5278
6.57367 33.0323
6.57941 32.8632
6.58515 35.1964
6.59088 34.3173
6.59662 33.881
6.60236 30.4474
6.60809 28.8019
6.61383 36.0538
6.61956 35.1856
6.6253 33.7589
6.63104 32.4902
6.63677 31.1628
6.64251 34.1667
6.64824 33.9065
6.65398 32.8571
6.65972 33
6.66545 34.3482
6.67119 31.0385
6.67693 30.1628
6.68266 30.0086
6.6884 30.7407
6.69413 33
6.69987 34.4078
6.70561 32.5714
6.71134 32.7788
6.71708 33.3295
6.72282 37.9035
6.72855 33.2963
6.73429 35.764
6.74002 30.0377
6.74576 33.2696
6.7515 29.9515
6.75723 30.5955
6.76297 31.2241
6.7687 31.5982
6.77444 29.3708
6.78018 30.7524
6.78591 29.6466
6.79165 31.0561
6.79739 31.6207
6.80312 32.6579
6.80886 28.7143
6.81459 32.5165
6.82033 29.3905
6.82607 30.9569
6.8318 30
6.83754 30.7727
6.84328 29.7966
6.84901 29.5714
6.85475 29.4506
6.86048 28.9633
6.86622 32.6379
6.87196 31.1122
6.87769 29.6437
6.88343 32.9576
6.88916 29.2807
6.8949 29.6207
6.90064 32.8584
6.90637 30.9737
6.91211 28.1028
6.91785 29.5747
6.92358 31.314
6.92932 30.5841
6.93505 30.3146
6.94079 32.9823
6.94653 28.6983
6.95226 29.3458
6.958 25.9341
6.96374 30.5917
6.96947 29.2982
6.97521 30.1648
6.98094 28.8919
6.98668 30.6638
6.99242 31.4587
6.99815 32.1573
7.00389 31.1667
7.00962 28.0862
7.01536 30.3626
7.0211 29.9
7.02683 31.623
7.03257 34.6168
7.03831 31
7.04404 31.541
7.04978 30.6957
7.05551 31.1809
7.06125 30.1835
7.06699 32.2705
7.07272 33.3486
7.07846 29.0562
7.0842 33.0246
7.08993 34.1379
7.09567 31.8495
7.1014 33.4867
7.10714 30.9916
7.11288 32.6605
7.11861 34.0108
7.12435 33.3629
7.13008 32.9487
7.13582 31.9062
7.14156 32.9369
7.14729 32
7.15303 31.7156
7.15877 32.0645
7.1645 36.7903
7.17024 36.8067
7.17597 32.7041
7.18171 33.8879
7.18745 33.5574
7.19318 31.8108
7.19892 34.5385
7.20466 32.4331
7.21039 32.1795
7.21613 35.3
7.22186 32.7064
7.2276 33.8571
7.23334 39.4054
7.23907 34.9451
7.24481 36.3175
7.25054 36.521
7.25628 37.28
7.26202 37.2523
7.26775 37.582
7.27349 36.6396
7.27923 35.2688
7.28496 37.3651
7.2907 36.9832
7.29643 37.6505
7.30217 37.8807
7.30791 37.4194
7.31364 38.6496
7.31938 37.9775
7.32512 42.0923
7.33085 36.8264
7.33659 40.0096
7.34232 42.9429
7.34806 39.8615
7.3538 37.4414
7.35953 39.0753
7.36527 39.6016
7.371 43.3388
7.37674 43.7212
7.38248 45.1835
7.38821 55.072
7.39395 55.8621
7.39969 76.2258
7.40542 128.069
7.41116 164.675
7.41689 213.302
7.42263 104.804
7.42837 79.8413
7.4341 68.3025
7.43984 63.3034
7.44558 62.4478
7.45131 62.0909
7.45705 63
7.46278 64.5631
7.46852 68.8692
7.47426 69.6154
7.47999 71.8556
7.48573 76.5152
7.49146 76.776
7.4972 71.3909
7.50294 68.8131
7.50867 63.3125
7.51441 58.3866
7.52015 52.989
7.52588 51.5606
7.53162 48.84
7.53735 43.8214
7.54309 43.3495
7.54883 42.9621
7.55456 39.8235
7.5603 43.7416
7.56604 41.4104
7.57177 38.304
7.57751 38.9741
7.58324 38.068
7.58898 37.6412
7.59472 38.877
7.60045 36.44
7.60619 37.6829
7.61192 38.2558
7.61766 36.1379
7.6234 38.5743
7.62913 37.8333
7.63487 40.2645
7.64061 36.1765
7.64634 35.3577
7.65208 38.5736
7.65781 39.4576
7.66355 39.5204
7.66929 39.2593
7.67502 39.2984
7.68076 39.2642
7.6865 38.2101
7.69223 37.5267
7.69797 42.1441
7.7037 39.7723
7.70944 37.7687
7.71518 39.8211
7.72091 41.3091
7.72665 44.7265
7.73238 51.6047
7.73812 72.0656
7.74386 94.7113
7.74959 82.9928
7.75533 48.992
7.76107 46.2768
7.7668 44.3304
7.77254 42.8855
7.77827 41.2541
7.78401 41.8283
7.78975 43.7111
7.79548 45.4922
7.80122 42.5
7.80696 43.2883
7.81269 45.1729
7.81843 44.5484
7.82416 45.2947
7.8299 45.6
7.83564 46.5039
7.84137 42.0862
7.84711 39.3694
7.85284 39.5878
7.85858 36.8828
7.86432 37.4433
7.87005 32.3237
7.87579 32.1094
7.88153 35
7.88726 34.5794
7.893 35.4519
7.89873 33.1719
7.90447 32.9314
7.91021 30.5188
7.91594 30.3511
7.92168 30.7583
7.92742 28.1429
7.93315 32.3285
7.93889 30.6746
7.94462 31.5526
7.95036 32.5984
7.9561 30.303
7.96183 27.6984
7.96757 30.1429
7.9733 31.2117
7.97904 28.7692
7.98478 31.1071
7.99051 31.104
7.99625 31.6917
8.00199 30.1855
8.00772 29.703
8.01346 29.1295
8.01919 28.803
8.02493 25.1441
8.03067 27.5
8.0364 28.3088
8.04214 29.5156
8.04788 27.5922
8.05361 25.0216
8.05935 29.2794
8.06508 27.1186
8.07082 26.6581
8.07656 29.3577
8.08229 26.2812
8.08803 26.4646
8.09376 25.986
8.0995 29.4015
8.10524 26.4344
8.11097 28.2124
8.11671 27.1314
8.12245 27.3488
8.12818 28.6429
8.13392 23.7197
8.13965 26.3478
8.14539 24.621
8.15113 23.8378
8.15686 22.0657
8.1626 21.2727
8.16834 20.9915
8.17407 19.4048
8.17981 17.5522
8.18554 16.7077
8.19128 15.0187
8.19702 16.1367
8.20275 13.8806
8.20849 15.4407
8.21422 15.9435
8.21996 11.6522
8.2257 12.3438
8.23143 8.62617
8.23717 6.32867
8.24291 6.07407
8.24864 3.29091
8.25438 6.10526
8.26011 0.368421
8.26585 2.55556
8.27159 0
8.27732 0
8.28306 0
8.2888 0
8.29453 0
8.30027 0
8.306 0
8.31174 0
8.31748 0
8.32321 0
8.32895 0
8.33468 0
8.34042 0
8.34616 0
8.35189 0
8.35763 0
8.36337 0
8.3691 0
8.37484 0
8.38057 0
8.38631 0
8.39205 0
8.39778 0
8.40352 0
8.40926 0
8.41499 0
8.42073 0
8.42646 0
8.4322 0
8.43794 0
8.44367 0
8.44941 0
8.45514 0
8.46088 0
8.46662 0
8.47235 0
8.47809 0
8.48383 0
8.48956 0
8.4953 0
8.50103 0
8.50677 0
8.51251 0
8.51824 0
8.52398 0
8.52972 0
8.53545 0
8.54119 0
8.54692 0
8.55266 0
8.5584 0
8.56413 0
8.56987 0
8.5756 0
8.58134 0
8.58708 0
8.59281 0
8.59855 0
8.60429 0
8.61002 0
8.61576 0
8.62149 0
8.62723 0
8.63297 0
8.6387 0
8.64444 0
8.65018 0
8.65591 0
8.66165 0
8.66738 0
8.67312 0
8.67886 0
8.68459 0
8.69033 0
8.69606 0
8.7018 0
8.70754 0
8.71327 0
8.71901 0
8.72475 0
8.73048 0
8.73622 0
8.74195 0
8.74769 0
8.75343 0
8.75916 0
8.7649 0
8.77064 0
8.77637 0
8.78211 0
8.78784 0
8.79358 0
8.79932 0
8.80505 0
8.81079 0
8.81652 0
8.82226 0
8.828 0
8.83373 0
8.83947 0
8.84521 0
8.85094 0
8.85668 0
8.86241 0
8.86815 0
8.87389 0
8.87962 0
8.88536 0
8.8911 0
8.89683 0
8.90257 0
8.9083 0
8.91404 0
8.91978 0
8.92551 0
8.93125 0
8.93698 0
8.94272 0
8.94846 0
8.95419 0
8.95993 0
8.96567 0
8.9714 0
8.97714 0
8.98287 0
8.98861 0
8.99435 0
9.00008 0
9.00582 0
9.01156 0
9.01729 0
9.02303 0
9.02876 0
9.0345 0
9.04024 0
9.04597 0
9.05171 0
9.05744 0
9.06318 0
9.06892 0
9.07465 0
9.08039 0
9.08613 0
9.09186 0
9.0976 0
9.10333 0
9.10907 0
9.11481 0
9.12054 0
9.12628 0
9.13202 0
9.13775 0
9.14349 0
9.14922 0
9.15496 0
9.1607 0
9.16643 0
9.17217 0
9.1779 0
9.18364 0
9.18938 0
9.19511 0
9.20085 0
9.20659 0
9.21232 0
9.21806 0
9.22379 0
9.22953 0
9.23527 0
9.241 0
9.24674 0
9.25248 0
9.25821 0
9.26395 0
9.26968 0
9.27542 0
9.28116 0
9.28689 0
9.29263 0
9.29836 0
9.3041 0
9.30984 0
9.31557 0
9.32131 0
9.32705 0
9.33278 0
9.33852 0
9.34425 0
9.34999 0
9.35573 0
9.36146 0
9.3672 0
9.37294 0
9.37867 0
9.38441 0
9.39014 0
9.39588 0
9.40162 0
9.40735 0
9.41309 0
9.41882 0
9.42456 0
9.4303 0
9.43603 0
9.44177 0
9.44751 0
9.45324 0
9.45898 0
9.46471 0
9.47045 0
9.47619 0
9.48192 0
9.48766 0
9.4934 0
9.49913 0
9.50487 0
9.5106 0
9.51634 0
9.52208 0
9.52781 0
9.53355 0
9.53928 0
9.54502 0
9.55076 0
9.55649 0
9.56223 0
9.56797 0
9.5737 0
9.57944 0
9.58517 0
9.59091 0
9.59665 0
9.60238 0
9.60812 0
9.61386 0
9.61959 0
9.62533 0
9.63106 0
9.6368 0
9.64254 0
9.64827 0
9.65401 0
9.65974 0
9.66548 0
9.67122 0
9.67695 0
9.68269 0
9.68843 0
9.69416 0
9.6999 0
9.70563 0
9.71137 0
9.71711 0
9.72284 0
9.72858 0
9.73432 0
9.74005 0
9.74579 0
9.75152 0
9.75726 0
9.763 0
9.76873 0
9.77447 0
9.7802 0
9.78594 0
9.79168 0
9.79741 0
9.80315 0
9.80889 0
9.81462 0
9.82036 0
9.82609 0
9.83183 0
9.83757 0
9.8433 0
9.84904 0
9.85478 0
9.86051 0
9.86625 0
9.87198 0
9.87772 0
9.88346 0
9.88919 0
9.89493 0
9.90066 0
9.9064 0
9.91214 0
9.91787 0
9.92361 0
9.92935 0
9.93508 0
9.94082 0
9.94655 0
9.95229 0
9.95803 0
9.96376 0
9.9695 0
9.97524 0
9.98097 0
9.98671 0
9.99244 0
9.99818 0
10.0039 0
10.0097 0
10.0154 0
10.0211 0
10.0269 0
10.0326 0
10.0383 0
10.0441 0
10.0498 0
10.0555 0
10.0613 0
10.067 0
10.0728 0
10.0785 0
10.0842 0
10.09 0
10.0957 0
10.1014 0
10.1072 0
10.1129 0
10.1186 0
10.1244 0
10.1301 0
10.1358 0
10.1416 0
10.1473 0
10.1531 0
10.1588 0
10.1645 0
10.1703 0
10.176 0
10.1817 0
10.1875 0
10.1932 0
10.1989 0
10.2047 0
10.2104 0
10.2162 0
10.2219 0
10.2276 0
10.2334 0
10.2391 0
10.2448 0
10.2506 0
10.2563 0
10.262 0
10.2678 0
10.2735 0
10.2793 0
10.285 0
10.2907 0
10.2965 0
10.3022 0
10.3079 0
10.3137 0
10.3194 0
10.3251 0
10.3309 0
10.3366 0
10.3424 0
10.3481 0
10.3538 0
10.3596 0
10.3653 0
10.371 0
10.3768 0
10.3825 0
10.3882 0
10.394 0
10.3997 0
10.4054 0
10.4112 0
10.4169 0
10.4227 0
10.4284 0
10.4341 0
10.4399 0
10.4456 0
10.4513 0
10.4571 0
10.4628 0
10.4685 0
10.4743 0
10.48 0
10.4858 0
10.4915 0
10.4972 0
10.503 0
10.5087 0
10.5144 0
10.5202 0
10.5259 0
10.5316 0
10.5374 0
10.5431 0
10.5489 0
10.5546 0
10.5603 0
10.5661 0
10.5718 0
10.5775 0
10.5833 0
10.589 0
10.5947 0
10.6005 0
10.6062 0
10.612 0
10.6177 0
10.6234 0
10.6292 0
10.6349 0
10.6406 0
10.6464 0
10.6521 0
10.6578 0
10.6636 0
10.6693 0
10.6751 0
10.6808 0
10.6865 0
10.6923 0
10.698 0
10.7037 0
10.7095 0
10.7152 0
10.7209 0
10.7267 0
10.7324 0
10.7381 0
10.7439 0
10.7496 0
10.7554 0
10.7611 0
10.7668 0
10.7726 0
10.7783 0
10.784 0
10.7898 0
10.7955 0
10.8012 0
10.807 0
10.8127 0
10.8185 0
10.8242 0
10.8299 0
10.8357 0
10.8414 0
10.8471 0
10.8529 0
10.8586 0
10.8643 0
10.8701 0
10.8758 0
10.8816 0
10.8873 0
10.893 0
10.8988 0
10.9045 0
10.9102 0
10.916 0
10.9217 0
10.9274 0
10.9332 0
10.9389 0
10.9447 0
10.9504 0
10.9561 0
10.9619 0
10.9676 0
10.9733 0
10.9791 0
10.9848 0
10.9905 0
10.9963 0
11.002 0
11.0077 0
11.0135 0
11.0192 0
11.025 0
11.0307 0
11.0364 0
11.0422 0
11.0479 0
11.0536 0
11.0594 0
11.0651 0
11.0708 0
11.0766 0
11.0823 0
11.0881 0
11.0938 0
11.0995 0
11.1053 0
11.111 0
11.1167 0
11.1225 0
11.1282 0
11.1339 0
11.1397 0
11.1454 0
11.1512 0
11.1569 0
11.1626 0
11.1684 0
11.1741 0
11.1798 0
11.1856 0
11.1913 0
11.197 0
11.2028 0
11.2085 0
11.2143 0
11.22 0
11.2257 0
11.2315 0
11.2372 0
11.2429 0
11.2487 0
11.2544 0
11.2601 0
11.2659 0
11.2716 0
11.2774 0
11.2831 0
11.2888 0
11.2946 0
11.3003 0
11.306 0
11.3118 0
11.3175 0
11.3232 0
11.329 0
11.3347 0
11.3404 0
11.3462 0
11.3519 0
11.3577 0
11.3634 0
11.3691 0
11.3749 0
11.3806 0
11.3863 0
11.3921 0
11.3978 0
11.4035 0
11.4093 0
11.415 0
11.4208 0
11.4265 0
11.4322 0
11.438 0
11.4437 0
11.4494 0
11.4552 0
11.4609 0
11.4666 0
11.4724 0
11.4781 0
11.4839 0
11.4896 0
11.4953 0
11.5011 0
11.5068 0
11.5125 0
11.5183 0
11.524 0
11.5297 0
11.5355 0
11.5412 0
11.547 0
11.5527 0
11.5584 0
11.5642 0
11.5699 0
11.5756 0
11.5814 0
11.5871 0
11.5928 0
11.5986 0
11.6043 0
11.61 0
11.6158 0
11.6215 0
11.6273 0
11.633 0
11.6387 0
11.6445 0
11.6502 0
11.6559 0
11.6617 0
11.6674 0
11.6731 0
11.6789 0
11.6846 0
11.6904 0
11.6961 0
11.7018 0
11.7076 0
11.7133 0
11.719 0
11.7248 0
11.7305 0
11.7362 0
11.742 0
