0 -2.06873
0.00573619 2.06873
0.0114724 2.53587
0.0172086 0
0.0229448 0.4004
0.028681 2.06873
0.0344171 0
0.0401533 2.002
0.0458895 2.46913
0.0516257 -0.266933
0.0573619 0
0.0630981 0.934267
0.0688343 1.001
0.0745705 0
0.0803067 -2.66933
0.0860429 -2.8028
0.091779 0
0.0975152 1.001
0.103251 3.31442
0.108988 -0.378155
0.114724 0
0.12046 1.86853
0.126196 1.66833
0.131932 0
0.137669 1.89078
0.143405 3.2032
0.149141 -0.867533
0.154877 2.13547
0.160613 1.11222
0.16635 2.09098
0.172086 0
0.177822 1.53487
0.183558 2.68268
0.189294 0
0.19503 0.934267
0.200767 -0.987653
0.206503 1.62384
0.212239 2.4024
0.217975 -0.987653
0.223711 0.774107
0.229448 0
0.235184 2.26893
0.24092 4.01735
0.246656 0
0.252392 2.45579
0.258129 4.25759
0.263865 2.54921
0.269601 0
0.275337 5.36536
0.281073 2.69793
0.28681 0
0.292546 2.12593
0.298282 4.52833
0.304018 4.53787
0.309754 3.25325
0.31549 2.50727
0.321227 4.50927
0.326963 0
0.332699 1.46813
0.338435 1.73507
0.344171 0
0.349908 2.98393
0.355644 1.56347
0.36138 2.70937
0.367116 2.6026
0.372852 2.2541
0.378589 2.85047
0.384325 0.7007
0.390061 1.77956
0.395797 1.06032
0.401533 0
0.40727 1.81663
0.413006 2.81763
0.418742 3.02207
0.424478 -0.734067
0.430214 2.73607
0.43595 1.97976
0.441687 0
0.447423 3.50721
0.453159 3.44789
0.458895 0.244689
0.464631 3.90867
0.470368 0.376133
0.476104 0.0889777
0.48184 4.07073
0.487576 3.02727
0.493312 0.6916
0.499049 0
0.504785 2.73
0.510521 0.788667
0.516257 -0.4004
0.521993 1.94639
0.52773 1.80787
0.533466 3.27735
0.539202 5.57223
0.544938 1.72293
0.550674 3.80987
0.55641 0
0.562147 2.6026
0.567883 3.773
0.573619 2.13547
0.579355 3.69258
0.585091 2.91573
0.590828 1.68653
0.596564 2.86953
0.6023 2.39213
0.608036 2.58207
0.613772 3.83049
0.619509 3.58692
0.625245 2.6642
0.630981 2.77314
0.636717 2.55255
0.642453 2.8952
0.64819 2.156
0.653926 -1.8018
0.659662 2.77611
0.665398 2.52252
0.671134 2.8314
0.67687 2.94461
0.682607 1.90857
0.688343 3.19713
0.694079 2.41908
0.699815 1.74841
0.705551 2.32677
0.711288 2.06873
0.717024 2.46437
0.72276 1.91302
0.728496 0.630259
0.734232 -1.11222
0.739969 1.51818
0.745705 3.31613
0.751441 1.46813
0.757177 3.27386
0.762913 2.59867
0.76865 3.43009
0.774386 1.88522
0.780122 3.003
0.785858 2.37207
0.791594 2.44689
0.79733 2.50446
0.803067 2.1933
0.808803 -1.1011
0.814539 3.39162
0.820275 1.97452
0.826011 3.003
0.831748 1.93527
0.837484 1.7017
0.84322 2.60773
0.848956 2.7027
0.854692 2.5464
0.860429 2.44165
0.866165 3.68368
0.871901 2.33567
0.877637 2.48669
0.883373 1.547
0.88911 1.68502
0.894846 2.59206
0.900582 1.91747
0.906318 2.91958
0.912054 3.36828
0.91779 2.13547
0.923527 3.51462
0.929263 2.76173
0.934999 1.95433
0.940735 2.8028
0.946471 3.62862
0.952208 1.57618
0.957944 3.50546
0.96368 2.4024
0.969416 1.58571
0.975152 2.08278
0.980889 1.3832
0.986625 2.91402
0.992361 3.10469
0.998097 2.45134
1.00383 4.66021
1.00957 1.56664
1.01531 1.81358
1.02104 2.17551
1.02678 2.55157
1.03251 1.60796
1.03825 2.079
1.04399 3.49794
1.04972 3.22931
1.05546 2.53979
1.0612 0.0667334
1.06693 3.81541
1.07267 2.7747
1.0784 1.01127
1.08414 3.575
1.08988 2.16158
1.09561 2.02424
1.10135 2.28562
1.10708 1.95558
1.11282 1.94704
1.11856 2.87907
1.12429 2.5065
1.13003 3.02524
1.13577 2.10877
1.1415 2.0735
1.14724 2.21555
1.15297 1.58825
1.15871 3.79713
1.16445 2.84017
1.17018 3.32613
1.17592 1.4014
1.18166 1.26052
1.18739 3.6007
1.19313 2.09988
1.19886 2.01868
1.2046 1.51885
1.21034 2.23557
1.21607 2.79539
1.22181 3.06726
1.22754 3.23498
1.23328 2.81458
1.23902 1.6725
1.24475 2.02069
1.25049 2.46128
1.25623 2.72494
1.26196 1.55217
1.2677 2.60962
1.27343 2.71553
1.27917 1.9474
1.28491 3.03492
1.29064 2.94804
1.29638 1.8876
1.30212 3.134
1.30785 1.81663
1.31359 3.04193
1.31932 2.03422
1.32506 1.12811
1.3308 1.71544
1.33653 1.43477
1.34227 1.57758
1.348 3.44555
1.35374 2.98393
1.35948 2.25163
1.36521 1.10269
1.37095 1.95529
1.37669 1.48194
1.38242 2.6055
1.38816 3.39947
1.39389 2.4305
1.39963 2.30601
1.40537 -0.116783
1.4111 2.52633
1.41684 1.86623
1.42258 1.87724
1.42831 3.34452
1.43405 3.07808
1.43978 1.95395
1.44552 2.22444
1.45126 2.21888
1.45699 2.45993
1.46273 2.35791
1.46846 2.07986
1.4742 1.96325
1.47994 1.95848
1.48567 1.05772
1.49141 2.84729
1.49715 1.88089
1.50288 2.09485
1.50862 2.95295
1.51435 2.11936
1.52009 1.27327
1.52583 1.35246
1.53156 1.38138
1.5373 2.72806
1.54304 3.09198
1.54877 2.18218
1.55451 1.87544
1.56024 1.65383
1.56598 3.77997
1.57172 1.80611
1.57745 1.34801
1.58319 2.51251
1.58892 1.38538
1.59466 2.69405
1.6004 1.89256
1.60613 2.2504
1.61187 1.52626
1.61761 2.29563
1.62334 1.91143
1.62908 2.27095
1.63481 1.49532
1.64055 2.45172
1.64629 2.31747
1.65202 2.70155
1.65776 1.52419
1.6635 2.3732
1.66923 0.757746
1.67497 3.14362
1.6807 2.40574
1.68644 1.69932
1.69218 2.27814
1.69791 2.88555
1.70365 2.9848
1.70938 2.40025
1.71512 2.39746
1.72086 2.56923
1.72659 1.76944
1.73233 3.27223
1.73807 2.14707
1.7438 1.43733
1.74954 2.92246
1.75527 2.47655
1.76101 2.90466
1.76675 3.1668
1.77248 2.20458
1.77822 1.49816
1.78396 1.6016
1.78969 1.94172
1.79543 2.26646
1.80116 2.69714
1.8069 1.75659
1.81264 2.05032
1.81837 3.05861
1.82411 1.29272
1.82984 1.91686
1.83558 2.26093
1.84132 2.5564
1.84705 1.53702
1.85279 2.17748
1.85853 2.88114
1.86426 1.95549
1.87 2.60927
1.87573 4.29318
1.88147 1.20883
1.88721 2.95649
1.89294 2.61743
1.89868 3.32897
1.90442 3.49036
1.91015 2.33567
1.91589 2.66266
1.92162 2.22889
1.92736 1.92235
1.9331 2.4371
1.93883 2.54063
1.94457 3.2214
1.9503 8.96451
1.95604 5.51384
1.96178 4.59675
1.96751 2.78403
1.97325 0.75075
1.97899 3.12384
1.98472 3.13647
1.99046 3.0053
1.99619 4.4506
2.00193 2.12593
2.00767 1.91589
2.0134 1.5154
2.01914 1.6016
2.02488 1.01516
2.03061 1.85252
2.03635 2.75275
2.04208 3.39359
2.04782 3.26993
2.05356 3.15871
2.05929 2.06873
2.06503 1.94861
2.07076 2.7937
2.0765 2.53767
2.08224 2.25177
2.08797 3.13647
2.09371 2.50488
2.09945 3.08957
2.10518 3.28409
2.11092 2.32454
2.11665 2.14629
2.12239 3.22608
2.12813 2.25152
2.13386 1.88151
2.1396 2.32269
2.14534 0.9009
2.15107 1.82747
2.15681 2.30054
2.16254 2.45651
2.16828 2.20827
2.17402 2.22444
2.17975 2.46733
2.18549 2.89537
2.19122 2.66044
2.19696 1.78917
2.2027 3.51399
2.20843 3.42008
2.21417 3.49238
2.21991 2.22204
2.22564 3.12737
2.23138 2.57591
2.23711 3.14349
2.24285 5.16006
2.24859 16.8621
2.25432 8.86356
2.26006 4.93998
2.2658 5.8149
2.27153 3.23087
2.27727 2.36989
2.283 2.05366
2.28874 2.43368
2.29448 2.13718
2.30021 2.46192
2.30595 2.1945
2.31168 2.71553
2.31742 2.52218
2.32316 3.30937
2.32889 2.57877
2.33463 3.30831
2.34037 2.57479
2.3461 2.69555
2.35184 3.24355
2.35757 2.25992
2.36331 2.5872
2.36905 2.74095
2.37478 2.72142
2.38052 2.88891
2.38626 2.08444
2.39199 2.57311
2.39773 3.12745
2.40346 3.4188
2.4092 2.10443
2.41494 2.95295
2.42067 2.54497
2.42641 2.7846
2.43214 3.09198
2.43788 1.62639
2.44362 1.52027
2.44935 2.64709
2.45509 1.79838
2.46083 2.1406
2.46656 3.0638
2.4723 2.84837
2.47803 2.18609
2.48377 1.41475
2.48951 1.94458
2.49524 2.48111
2.50098 2.02253
2.50672 2.57649
2.51245 2.33249
2.51819 2.43021
2.52392 1.76408
2.52966 2.03385
2.5354 2.50756
2.54113 2.19293
2.54687 2.33715
2.5526 2.60097
2.55834 2.05077
2.56408 2.79854
2.56981 2.45827
2.57555 1.94907
2.58129 1.81928
2.58702 2.41278
2.59276 2.76312
2.59849 2.60051
2.60423 1.46233
2.60997 1.6926
2.6157 3.02802
2.62144 2.17857
2.62718 1.78902
2.63291 2.92483
2.63865 2.5025
2.64438 3.7754
2.65012 2.57005
2.65586 2.90068
2.66159 1.5874
2.66733 2.02128
2.67306 2.62395
2.6788 2.04371
2.68454 3.64052
2.69027 2.66249
2.69601 2.62484
2.70175 1.61967
2.70748 1.86705
2.71322 2.14535
2.71895 2.5164
2.72469 2.89813
2.73043 2.12021
2.73616 2.62894
2.7419 2.21173
2.74764 3.39719
2.75337 1.72617
2.75911 2.63665
2.76484 1.31288
2.77058 2.23835
2.77632 2.24578
2.78205 1.96196
2.78779 2.17824
2.79352 2.36045
2.79926 2.7412
2.805 2.28376
2.81073 2.59518
2.81647 2.38981
2.82221 3.04386
2.82794 2.46913
2.83368 2.68163
2.83941 2.30922
2.84515 1.80017
2.85089 2.49833
2.85662 1.691
2.86236 2.64482
2.8681 3.117
2.87383 2.13798
2.87957 3.10444
2.8853 2.33892
2.89104 2.07956
2.89678 1.87623
2.90251 2.57739
2.90825 3.003
2.91398 2.00564
2.91972 1.82535
2.92546 2.62605
2.93119 2.04013
2.93693 1.29815
2.94267 2.34605
2.9484 3.16149
2.95414 2.55098
2.95987 2.90631
2.96561 3.07487
2.97135 1.90667
2.97708 2.70146
2.98282 2.15429
2.98856 2.43662
2.99429 2.58777
3.00003 2.36264
3.00576 2.30647
3.0115 2.184
3.01724 1.73507
3.02297 2.54488
3.02871 2.77853
3.03444 1.75448
3.04018 2.16364
3.04592 1.79984
3.05165 2.44487
3.05739 2.41418
3.06313 2.06183
3.06886 2.50727
3.0746 2.75427
3.08033 1.63042
3.08607 2.39699
3.09181 1.76843
3.09754 3.23044
3.10328 1.86645
3.10902 2.32662
3.11475 2.67185
3.12049 3.26822
3.12622 2.28344
3.13196 2.92049
3.1377 1.75778
3.14343 2.55626
3.14917 1.75731
3.1549 2.76354
3.16064 2.95007
3.16638 3.30108
3.17211 2.42909
3.17785 2.58592
3.18359 4.45486
3.18932 3.97346
3.19506 2.39287
3.20079 2.8342
3.20653 3.06634
3.21227 2.81161
3.218 3.42781
3.22374 2.79168
3.22948 2.74964
3.23521 2.39054
3.24095 3.03812
3.24668 3.12534
3.25242 3.05462
3.25816 2.82439
3.26389 3.28515
3.26963 2.72436
3.27536 3.42371
3.2811 2.93627
3.28684 2.41443
3.29257 1.47903
3.29831 2.58777
3.30405 2.31024
3.30978 2.35872
3.31552 2.95334
3.32125 2.97658
3.32699 3.003
3.33273 2.8329
3.33846 2.82563
3.3442 3.05466
3.34994 2.95197
3.35567 4.21298
3.36141 3.18171
3.36714 2.85666
3.37288 2.79029
3.37862 2.71938
3.38435 2.85859
3.39009 2.53964
3.39582 3.15871
3.40156 3.55064
3.4073 3.09521
3.41303 3.29265
3.41877 3.39089
3.42451 2.85531
3.43024 2.9458
3.43598 3.12182
3.44171 2.66298
3.44745 2.85762
3.45319 2.84252
3.45892 2.60503
3.46466 2.82316
3.4704 3.49282
3.47613 2.97418
3.48187 2.7742
3.4876 2.70837
3.49334 3.61941
3.49908 2.96216
3.50481 3.19618
3.51055 3.97702
3.51628 2.78145
3.52202 2.92861
3.52776 2.84358
3.53349 3.68498
3.53923 2.72785
3.54497 3.24892
3.5507 3.45762
3.55644 3.4762
3.56217 3.70313
3.56791 4.15887
3.57365 3.00155
3.57938 3.53379
3.58512 3.61695
3.59086 3.44906
3.59659 2.62352
3.60233 3.91917
3.60806 2.60914
3.6138 3.43399
3.61954 3.45954
3.62527 2.79446
3.63101 2.73118
3.63674 3.5289
3.64248 3.16063
3.64822 4.30708
3.65395 4.41025
3.65969 3.61126
3.66543 4.26123
3.67116 4.04317
3.6769 5.21579
3.68263 4.32016
3.68837 4.44655
3.69411 5.18876
3.69984 5.4201
3.70558 5.23038
3.71132 5.95497
3.71705 5.86432
3.72279 5.27908
3.72852 6.95268
3.73426 6.45421
3.74 6.5657
3.74573 7.28328
3.75147 5.61037
3.7572 6.01553
3.76294 6.73215
3.76868 6.5156
3.77441 7.18628
3.78015 7.48884
3.78589 8.1585
3.79162 6.96216
3.79736 9.08315
3.80309 8.51208
3.80883 10.2874
3.81457 9.2513
3.8203 10.2302
3.82604 10.5283
3.83178 11.1599
3.83751 10.7634
3.84325 12.9546
3.84898 13.7668
3.85472 13.1645
3.86046 14.7185
3.86619 18.6288
3.87193 19.1012
3.87766 22.9946
3.8834 27.8056
3.88914 31.7595
3.89487 67.2764
3.90061 172.48
3.90635 94.9193
3.91208 71.3379
3.91782 47.8217
3.92355 42.0453
3.92929 42.4039
3.93503 41.2172
3.94076 40.8046
3.9465 39.0514
3.95224 37.6834
3.95797 36.9342
3.96371 33.3333
3.96944 30.1212
3.97518 26.3406
3.98092 24.3734
3.98665 22.1923
3.99239 20.3968
3.99812 18.1084
4.00386 18.7384
4.0096 15.721
4.01533 14.3477
4.02107 13.5242
4.02681 12.2243
4.03254 11.9473
4.03828 10.3371
4.04401 10.8929
4.04975 9.80698
4.05549 9.49769
4.06122 9.05978
4.06696 9.59993
4.0727 9.58252
4.07843 7.97352
4.08417 7.69698
4.0899 7.85491
4.09564 7.64305
4.10138 7.15782
4.10711 7.3833
4.11285 7.71478
4.11858 8.13312
4.12432 6.67979
4.13006 6.38222
4.13579 6.4583
4.14153 7.03652
4.14727 6.07273
4.153 7.21616
4.15874 7.3073
4.16447 6.56546
4.17021 5.72215
4.17595 5.74014
4.18168 7.20958
4.18742 6.54273
4.19316 5.43472
4.19889 6.94427
4.20463 5.68135
4.21036 4.76555
4.2161 5.49883
4.22184 5.22936
4.22757 4.74355
4.23331 5.0289
4.23904 4.81014
4.24478 5.05394
4.25052 6.02631
4.25625 5.4782
4.26199 5.22292
4.26773 6.19879
4.27346 5.19206
4.2792 5.42923
4.28493 5.04949
4.29067 5.22427
4.29641 6.32437
4.30214 6.14649
4.30788 5.12321
4.31362 5.78013
4.31935 5.65684
4.32509 5.29329
4.33082 5.65202
4.33656 4.58725
4.3423 5.68301
4.34803 5.7345
4.35377 5.92527
4.3595 5.75464
4.36524 5.57314
4.37098 6.60946
4.37671 6.40022
4.38245 5.64618
4.38819 5.91517
4.39392 7.19081
4.39966 6.94317
4.40539 7.35364
4.41113 6.95574
4.41687 7.84117
4.4226 8.07993
4.42834 7.97601
4.43408 9.79451
4.43981 8.8426
4.44555 8.87464
4.45128 9.87756
4.45702 9.42637
4.46276 10.6361
4.46849 11.239
4.47423 12.6175
4.47996 13.2905
4.4857 17.6961
4.49144 36.922
4.49717 96.1924
4.50291 166.234
4.50865 294.848
4.51438 276.439
4.52012 67.6879
4.52585 39.7241
4.53159 21.1451
4.53733 16.2877
4.54306 12.998
4.5488 11.273
4.55454 13.2413
4.56027 10.6815
4.56601 11.0768
4.57174 11.3036
4.57748 9.87739
4.58322 9.40341
4.58895 8.9831
4.59469 8.54952
4.60042 6.8634
4.60616 6.77477
4.6119 6.85752
4.61763 6.97082
4.62337 6.40207
4.62911 6.17019
4.63484 6.18013
4.64058 5.72116
4.64631 5.37111
4.65205 4.98712
4.65779 4.64798
4.66352 4.19821
4.66926 4.70853
4.675 4.15439
4.68073 4.60973
4.68647 3.60634
4.6922 4.3975
4.69794 2.91567
4.70368 2.85307
4.70941 3.55956
4.71515 3.182
4.72088 3.30795
4.72662 2.96722
4.73236 2.99241
4.73809 2.36008
4.74383 2.08927
4.74957 2.9414
4.7553 2.09972
4.76104 2.27978
4.76677 2.47013
4.77251 2.30487
4.77825 2.89802
4.78398 2.60349
4.78972 2.61094
4.79546 3.1608
4.80119 3.02665
4.80693 2.156
4.81266 2.22222
4.8184 2.04808
4.82414 2.73058
4.82987 2.5851
4.83561 1.68184
4.84134 2.18135
4.84708 2.80406
4.85282 2.41575
4.85855 2.63271
4.86429 2.05088
4.87003 1.97465
4.87576 2.09558
4.8815 1.65566
4.88723 2.55687
4.89297 2.55942
4.89871 1.46894
4.90444 2.66463
4.91018 2.38622
4.91592 3.03637
4.92165 2.43703
4.92739 2.12961
4.93312 2.26583
4.93886 1.9162
4.9446 1.86455
4.95033 2.80562
4.95607 1.51935
4.9618 2.57053
4.96754 3.02788
4.97328 1.84399
4.97901 2.14109
4.98475 2.02607
4.99049 1.76416
4.99622 1.84399
5.00196 1.35112
5.00769 1.82299
5.01343 2.20827
5.01917 2.01647
5.0249 1.74136
5.03064 1.13002
5.03638 1.99036
5.04211 1.83205
5.04785 2.69295
5.05358 1.73817
5.05932 1.89819
5.06506 2.61871
5.07079 1.37366
5.07653 1.72509
5.08226 2.19656
5.088 2.61785
5.09374 2.04501
5.09947 2.1632
5.10521 1.47873
5.11095 1.67056
5.11668 1.88581
5.12242 1.97874
5.12815 1.54613
5.13389 1.74767
5.13963 1.69433
5.14536 2.26018
5.1511 1.60668
5.15684 1.53245
5.16257 1.69905
5.16831 1.33308
5.17404 1.15396
5.17978 1.83473
5.18552 1.33366
5.19125 1.78845
5.19699 1.88703
5.20272 1.80859
5.20846 1.14752
5.2142 1.53337
5.21993 2.10561
5.22567 1.88304
5.23141 2.01578
5.23714 2.41641
5.24288 1.59722
5.24861 1.70349
5.25435 1.86628
5.26009 1.59126
5.26582 1.64375
5.27156 0.775867
5.2773 1.23499
5.28303 1.53487
5.28877 1.46387
5.2945 1.676
5.30024 1.27998
5.30598 1.61089
5.31171 1.79505
5.31745 1.14993
5.32318 1.6324
5.32892 1.48446
5.33466 1.84399
5.34039 1.63901
5.34613 1.19034
5.35187 1.23713
5.3576 1.53075
5.36334 1.42769
5.36907 1.89634
5.37481 1.37314
5.38055 2.09061
5.38628 1.30408
5.39202 1.74093
5.39776 1.60827
5.40349 1.40892
5.40923 2.01729
5.41496 2.23927
5.4207 1.37386
5.42644 1.85151
5.43217 2.10098
5.43791 2.02481
5.44364 2.69999
5.44938 1.66971
5.45512 1.31077
5.46085 1.48734
5.46659 1.35646
5.47233 1.07973
5.47806 1.65604
5.4838 2.09839
5.48953 1.15097
5.49527 1.65642
5.50101 1.14642
5.50674 1.61318
5.51248 1.67283
5.51822 1.9001
5.52395 1.77286
5.52969 1.49755
5.53542 2.0703
5.54116 1.31896
5.5469 1.17424
5.55263 1.77031
5.55837 1.66092
5.5641 1.83029
5.56984 1.63891
5.57558 2.38254
5.58131 1.19937
5.58705 1.52273
5.59279 2.12788
5.59852 1.25099
5.60426 1.02035
5.60999 1.09644
5.61573 1.57474
5.62147 1.85975
5.6272 1.78047
5.63294 1.95751
5.63868 1.69159
5.64441 1.965
5.65015 1.29018
5.65588 1.46178
5.66162 1.57473
5.66736 0.959207
5.67309 1.78395
5.67883 1.40333
5.68456 1.76942
5.6903 2.21777
5.69604 1.2305
5.70177 1.56301
5.70751 1.26161
5.71325 0.652167
5.71898 1.61087
5.72472 1.43241
5.73045 1.96397
5.73619 1.51882
5.74193 1.74556
5.74766 1.77019
5.7534 1.3559
5.75914 1.61288
5.76487 1.50051
5.77061 2.2448
5.77634 1.7325
5.78208 1.46738
5.78782 1.79974
5.79355 1.70791
5.79929 1.96908
5.80502 2.08855
5.81076 1.23493
5.8165 0.623734
5.82223 2.02772
5.82797 1.52455
5.83371 1.46425
5.83944 1.64806
5.84518 1.79708
5.85091 1.48273
5.85665 1.12009
5.86239 1.75413
5.86812 1.65471
5.87386 1.51236
5.8796 2.05437
5.88533 1.99804
5.89107 1.8076
5.8968 1.25633
5.90254 1.13637
5.90828 1.50723
5.91401 1.47598
5.91975 1.75541
5.92548 1.61778
5.93122 1.5661
5.93696 0.901357
5.94269 1.9359
5.94843 1.66764
5.95417 1.6744
5.9599 1.24595
5.96564 1.97234
5.97137 0.8008
5.97711 1.4014
5.98285 1.44675
5.98858 1.08612
5.99432 1.18864
6.00006 1.31539
6.00579 1.93055
6.01153 1.67407
6.01726 1.89968
6.023 1.72617
6.02874 1.40557
6.03447 1.65999
6.04021 1.87447
6.04594 2.11572
6.05168 2.03884
6.05742 2.50033
6.06315 1.9251
6.06889 1.77747
6.07463 1.56029
6.08036 1.75423
6.0861 2.6346
6.09183 1.50666
6.09757 1.52032
6.10331 1.63973
6.10904 1.58075
6.11478 2.00588
6.12052 2.1452
6.12625 2.56389
6.13199 1.93314
6.13772 1.5544
6.14346 1.80049
6.1492 1.81114
6.15493 1.32799
6.16067 1.89928
6.1664 2.12185
6.17214 2.13831
6.17788 2.08303
6.18361 1.80893
6.18935 1.60362
6.19509 2.47995
6.20082 2.42015
6.20656 2.27678
6.21229 2.03537
6.21803 2.38043
6.22377 1.99948
6.2295 2.71872
6.23524 2.42998
6.24098 2.41403
6.24671 2.81654
6.25245 3.10807
6.25818 2.66545
6.26392 2.86822
6.26966 3.09656
6.27539 3.03988
6.28113 3.34218
6.28686 3.39349
6.2926 3.06765
6.29834 3.57933
6.30407 3.86733
6.30981 4.44562
6.31555 4.22987
6.32128 4.82025
6.32702 5.12371
6.33275 5.23648
6.33849 4.55455
6.34423 5.79553
6.34996 5.15613
6.3557 6.64852
6.36144 7.46301
6.36717 9.74116
6.37291 17.8037
6.37864 21.5645
6.38438 24.5371
6.39012 14.3987
6.39585 12.2873
6.40159 11.2977
6.40732 11.2279
6.41306 10.9712
6.4188 10.4039
6.42453 11.0979
6.43027 10.4863
6.43601 9.99209
6.44174 9.95271
6.44748 10.7886
6.45321 9.96954
6.45895 9.54867
6.46469 8.59335
6.47042 8.7019
6.47616 7.50353
6.4819 7.76715
6.48763 6.62205
6.49337 6.8233
6.4991 5.86972
6.50484 5.60313
6.51058 5.21501
6.51631 5.27193
6.52205 5.30348
6.52778 4.5564
6.53352 4.41455
6.53926 4.35226
6.54499 4.28947
6.55073 3.91006
6.55647 4.19943
6.5622 3.49317
6.56794 3.47878
6.57367 3.14436
6.57941 3.22849
6.58515 3.77222
6.59088 3.17112
6.59662 3.32316
6.60236 3.23832
6.60809 3.11884
6.61383 3.30796
6.61956 2.39896
6.6253 2.57757
6.63104 2.29707
6.63677 2.53587
6.64251 2.88241
6.64824 3.10404
6.65398 2.8028
6.65972 2.97552
6.66545 2.87072
6.67119 2.40946
6.67693 2.56535
6.68266 2.30057
6.6884 2.5093
6.69413 2.23667
6.69987 2.57668
6.70561 2.33507
6.71134 2.13418
6.71708 2.36676
6.72282 2.76007
6.72855 2.45121
6.73429 2.22095
6.74002 1.97745
6.74576 2.0107
6.7515 1.88084
6.75723 2.27493
6.76297 2.36098
6.7687 2.26595
6.77444 1.56411
6.78018 2.27783
6.78591 2.23154
6.79165 1.64276
6.79739 2.44536
6.80312 1.50735
6.80886 1.84053
6.81459 1.9888
6.82033 1.96704
6.82607 2.21658
6.8318 1.72236
6.83754 1.94361
6.84328 1.93244
6.84901 2.51263
6.85475 2.5234
6.86048 1.54405
6.86622 1.95368
6.87196 2.29014
6.87769 2.75064
6.88343 2.18863
6.88916 2.53001
6.8949 2.15541
6.90064 2.41008
6.90637 2.42347
6.91211 2.33754
6.91785 1.77956
6.92358 1.7825
6.92932 1.48526
6.93505 1.76281
6.94079 1.71853
6.94653 2.09002
6.95226 2.01447
6.958 2.51607
6.96374 2.4252
6.96947 2.49372
6.97521 1.71087
6.98094 1.7994
6.98668 2.46798
6.99242 1.51405
6.99815 1.92177
7.00389 1.98977
7.00962 1.80813
7.01536 2.57913
7.0211 1.77147
7.02683 2.01349
7.03257 2.25209
7.03831 2.03644
7.04404 1.91175
7.04978 2.10935
7.05551 2.17238
7.06125 1.69527
7.06699 1.51736
7.07272 1.86119
7.07846 1.87753
7.0842 2.20712
7.08993 2.35005
7.09567 2.08667
7.1014 1.61341
7.10714 2.31716
7.11288 2.30567
7.11861 1.77453
7.12435 2.08111
7.13008 1.87595
7.13582 1.50498
7.14156 2.23166
7.14729 1.74007
7.15303 1.97078
7.15877 2.22373
7.1645 2.29154
7.17024 2.2336
7.17597 1.90326
7.18171 2.06312
7.18745 1.98559
7.19318 1.78497
7.19892 2.10393
7.20466 2.39504
7.21039 2.22387
7.21613 2.12412
7.22186 1.77915
7.2276 2.30177
7.23334 1.7537
7.23907 2.12227
7.24481 2.726
7.25054 2.31324
7.25628 2.04604
7.26202 2.29298
7.26775 2.19509
7.27349 2.81062
7.27923 2.07017
7.28496 2.34997
7.2907 2.33006
7.29643 1.69295
7.30217 2.31056
7.30791 2.14838
7.31364 2.55982
7.31938 2.55311
7.32512 2.54203
7.33085 2.62852
7.33659 3.05048
7.34232 3.36781
7.34806 3.55278
7.3538 3.35831
7.35953 2.69517
7.36527 3.38776
7.371 2.46362
7.37674 3.86027
7.38248 3.52952
7.38821 3.57744
7.39395 4.29625
7.39969 3.69258
7.40542 4.69751
7.41116 4.37293
7.41689 5.07992
7.42263 4.76239
7.42837 4.97852
7.4341 4.96014
7.43984 4.78306
7.44558 5.84116
7.45131 6.12182
7.45705 6.49376
7.46278 7.74172
7.46852 11.2636
7.47426 20.271
7.47999 29.7171
7.48573 44.4055
7.49146 24.2231
7.4972 14.2191
7.50294 12.0613
7.50867 10.8285
7.51441 9.98028
7.52015 10.6084
7.52588 9.8012
7.53162 10.2759
7.53735 10.1041
7.54309 9.8409
7.54883 10.188
7.55456 9.14471
7.5603 8.9835
7.56604 8.34665
7.57177 7.95034
7.57751 8.71733
7.58324 7.30633
7.58898 6.90155
7.59472 6.60769
7.60045 5.69969
7.60619 6.12156
7.61192 5.90202
7.61766 5.35535
7.6234 4.95346
7.62913 4.46052
7.63487 4.02275
7.64061 4.2271
7.64634 4.12119
7.65208 3.80949
7.65781 3.69182
7.66355 3.9039
7.66929 3.78007
7.67502 3.2441
7.68076 3.31904
7.6865 3.68043
7.69223 3.23427
7.69797 3.62057
7.7037 2.90786
7.70944 3.34065
7.71518 3.04369
7.72091 2.72939
7.72665 3.37773
7.73238 2.61139
7.73812 3.21523
7.74386 3.26787
7.74959 3.22931
7.75533 3.12098
7.76107 3.43319
7.7668 3.67556
7.77254 3.36876
7.77827 3.60141
7.78401 3.33734
7.78975 4.03613
7.79548 4.34861
7.80122 11.3217
7.80696 2.91522
7.81269 21.0446
7.81843 8.92612
7.82416 3.92111
7.8299 4.63177
7.83564 4.27987
7.84137 4.20765
7.84711 4.22765
7.85284 4.55875
7.85858 5.0441
7.86432 4.37619
7.87005 4.52394
7.87579 4.20993
7.88153 4.33876
7.88726 4.63578
7.893 4.15081
7.89873 3.72195
7.90447 4.20093
7.91021 3.6889
7.91594 3.49204
7.92168 2.86286
7.92742 3.1371
7.93315 2.71269
7.93889 2.43312
7.94462 2.62075
7.95036 2.37997
7.9561 2.35437
7.96183 2.2255
7.96757 2.68332
7.9733 2.10137
7.97904 2.27099
7.98478 2.10091
7.99051 2.31752
7.99625 1.84294
8.00199 1.98693
8.00772 2.12357
8.01346 1.63809
8.01919 1.99239
8.02493 1.55862
8.03067 1.89312
8.0364 1.76255
8.04214 1.8383
8.04788 1.88473
8.05361 1.49838
8.05935 0.917583
8.06508 1.13673
8.07082 1.27079
8.07656 1.92747
8.08229 1.00569
8.08803 1.50925
8.09376 1.33093
8.0995 2.06469
8.10524 1.39046
8.11097 1.74274
8.11671 1.55143
8.12245 1.50797
8.12818 1.53248
8.13392 1.32102
8.13965 1.25923
8.14539 1.30507
8.15113 1.4008
8.15686 0.994181
8.1626 1.1011
8.16834 1.2029
8.17407 0.793915
8.17981 1.18377
8.18554 0.660147
8.19128 0.811403
8.19702 0.918904
8.20275 0.704186
8.20849 0.692217
8.21422 0.130238
8.21996 0.519843
8.2257 0.649607
8.23143 0.169016
8.23717 0.0723333
8.24291 -0.140881
8.24864 -0.07644
8.25438 0.962365
8.26011 0.614649
8.26585 -0.882363
8.27159 0
8.27732 0
8.28306 0
8.2888 0
8.29453 0
8.30027 0
8.306 0
8.31174 0
8.31748 0
8.32321 0
8.32895 0
8.33468 0
8.34042 0
8.34616 0
8.35189 0
8.35763 0
8.36337 0
8.3691 0
8.37484 0
8.38057 0
8.38631 0
8.39205 0
8.39778 0
8.40352 0
8.40926 0
8.41499 0
8.42073 0
8.42646 0
8.4322 0
8.43794 0
8.44367 0
8.44941 0
8.45514 0
8.46088 0
8.46662 0
8.47235 0
8.47809 0
8.48383 0
8.48956 0
8.4953 0
8.50103 0
8.50677 0
8.51251 0
8.51824 0
8.52398 0
8.52972 0
8.53545 0
8.54119 0
8.54692 0
8.55266 0
8.5584 0
8.56413 0
8.56987 0
8.5756 0
8.58134 0
8.58708 0
8.59281 0
8.59855 0
8.60429 0
8.61002 0
8.61576 0
8.62149 0
8.62723 0
8.63297 0
8.6387 0
8.64444 0
8.65018 0
8.65591 0
8.66165 0
8.66738 0
8.67312 0
8.67886 0
8.68459 0
8.69033 0
8.69606 0
8.7018 0
8.70754 0
8.71327 0
8.71901 0
8.72475 0
8.73048 0
8.73622 0
8.74195 0
8.74769 0
8.75343 0
8.75916 0
8.7649 0
8.77064 0
8.77637 0
8.78211 0
8.78784 0
8.79358 0
8.79932 0
8.80505 0
8.81079 0
8.81652 0
8.82226 0
8.828 0
8.83373 0
8.83947 0
8.84521 0
8.85094 0
8.85668 0
8.86241 0
8.86815 0
8.87389 0
8.87962 0
8.88536 0
8.8911 0
8.89683 0
8.90257 0
8.9083 0
8.91404 0
8.91978 0
8.92551 0
8.93125 0
8.93698 0
8.94272 0
8.94846 0
8.95419 0
8.95993 0
8.96567 0
8.9714 0
8.97714 0
8.98287 0
8.98861 0
8.99435 0
9.00008 0
9.00582 0
9.01156 0
9.01729 0
9.02303 0
9.02876 0
9.0345 0
9.04024 0
9.04597 0
9.05171 0
9.05744 0
9.06318 0
9.06892 0
9.07465 0
9.08039 0
9.08613 0
9.09186 0
9.0976 0
9.10333 0
9.10907 0
9.11481 0
9.12054 0
9.12628 0
9.13202 0
9.13775 0
9.14349 0
9.14922 0
9.15496 0
9.1607 0
9.16643 0
9.17217 0
9.1779 0
9.18364 0
9.18938 0
9.19511 0
9.20085 0
9.20659 0
9.21232 0
9.21806 0
9.22379 0
9.22953 0
9.23527 0
9.241 0
9.24674 0
9.25248 0
9.25821 0
9.26395 0
9.26968 0
9.27542 0
9.28116 0
9.28689 0
9.29263 0
9.29836 0
9.3041 0
9.30984 0
9.31557 0
9.32131 0
9.32705 0
9.33278 0
9.33852 0
9.34425 0
9.34999 0
9.35573 0
9.36146 0
9.3672 0
9.37294 0
9.37867 0
9.38441 0
9.39014 0
9.39588 0
9.40162 0
9.40735 0
9.41309 0
9.41882 0
9.42456 0
9.4303 0
9.43603 0
9.44177 0
9.44751 0
9.45324 0
9.45898 0
9.46471 0
9.47045 0
9.47619 0
9.48192 0
9.48766 0
9.4934 0
9.49913 0
9.50487 0
9.5106 0
9.51634 0
9.52208 0
9.52781 0
9.53355 0
9.53928 0
9.54502 0
9.55076 0
9.55649 0
9.56223 0
9.56797 0
9.5737 0
9.57944 0
9.58517 0
9.59091 0
9.59665 0
9.60238 0
9.60812 0
9.61386 0
9.61959 0
9.62533 0
9.63106 0
9.6368 0
9.64254 0
9.64827 0
9.65401 0
9.65974 0
9.66548 0
9.67122 0
9.67695 0
9.68269 0
9.68843 0
9.69416 0
9.6999 0
9.70563 0
9.71137 0
9.71711 0
9.72284 0
9.72858 0
9.73432 0
9.74005 0
9.74579 0
9.75152 0
9.75726 0
9.763 0
9.76873 0
9.77447 0
9.7802 0
9.78594 0
9.79168 0
9.79741 0
9.80315 0
9.80889 0
9.81462 0
9.82036 0
9.82609 0
9.83183 0
9.83757 0
9.8433 0
9.84904 0
9.85478 0
9.86051 0
9.86625 0
9.87198 0
9.87772 0
9.88346 0
9.88919 0
9.89493 0
9.90066 0
9.9064 0
9.91214 0
9.91787 0
9.92361 0
9.92935 0
9.93508 0
9.94082 0
9.94655 0
9.95229 0
9.95803 0
9.96376 0
9.9695 0
9.97524 0
9.98097 0
9.98671 0
9.99244 0
9.99818 0
10.0039 0
10.0097 0
10.0154 0
10.0211 0
10.0269 0
10.0326 0
10.0383 0
10.0441 0
10.0498 0
10.0555 0
10.0613 0
10.067 0
10.0728 0
10.0785 0
10.0842 0
10.09 0
10.0957 0
10.1014 0
10.1072 0
10.1129 0
10.1186 0
10.1244 0
10.1301 0
10.1358 0
10.1416 0
10.1473 0
10.1531 0
10.1588 0
10.1645 0
10.1703 0
10.176 0
10.1817 0
10.1875 0
10.1932 0
10.1989 0
10.2047 0
10.2104 0
10.2162 0
10.2219 0
10.2276 0
10.2334 0
10.2391 0
10.2448 0
10.2506 0
10.2563 0
10.262 0
10.2678 0
10.2735 0
10.2793 0
10.285 0
10.2907 0
10.2965 0
10.3022 0
10.3079 0
10.3137 0
10.3194 0
10.3251 0
10.3309 0
10.3366 0
10.3424 0
10.3481 0
10.3538 0
10.3596 0
10.3653 0
10.371 0
10.3768 0
10.3825 0
10.3882 0
10.394 0
10.3997 0
10.4054 0
10.4112 0
10.4169 0
10.4227 0
10.4284 0
10.4341 0
10.4399 0
10.4456 0
10.4513 0
10.4571 0
10.4628 0
10.4685 0
10.4743 0
10.48 0
10.4858 0
10.4915 0
10.4972 0
10.503 0
10.5087 0
10.5144 0
10.5202 0
10.5259 0
10.5316 0
10.5374 0
10.5431 0
10.5489 0
10.5546 0
10.5603 0
10.5661 0
10.5718 0
10.5775 0
10.5833 0
10.589 0
10.5947 0
10.6005 0
10.6062 0
10.612 0
10.6177 0
10.6234 0
10.6292 0
10.6349 0
10.6406 0
10.6464 0
10.6521 0
10.6578 0
10.6636 0
10.6693 0
10.6751 0
10.6808 0
10.6865 0
10.6923 0
10.698 0
10.7037 0
10.7095 0
10.7152 0
10.7209 0
10.7267 0
10.7324 0
10.7381 0
10.7439 0
10.7496 0
10.7554 0
10.7611 0
10.7668 0
10.7726 0
10.7783 0
10.784 0
10.7898 0
10.7955 0
10.8012 0
10.807 0
10.8127 0
10.8185 0
10.8242 0
10.8299 0
10.8357 0
10.8414 0
10.8471 0
10.8529 0
10.8586 0
10.8643 0
10.8701 0
10.8758 0
10.8816 0
10.8873 0
10.893 0
10.8988 0
10.9045 0
10.9102 0
10.916 0
10.9217 0
10.9274 0
10.9332 0
10.9389 0
10.9447 0
10.9504 0
10.9561 0
10.9619 0
10.9676 0
10.9733 0
10.9791 0
10.9848 0
10.9905 0
10.9963 0
11.002 0
11.0077 0
11.0135 0
11.0192 0
11.025 0
11.0307 0
11.0364 0
11.0422 0
11.0479 0
11.0536 0
11.0594 0
11.0651 0
11.0708 0
11.0766 0
11.0823 0
11.0881 0
11.0938 0
11.0995 0
11.1053 0
11.111 0
11.1167 0
11.1225 0
11.1282 0
11.1339 0
11.1397 0
11.1454 0
11.1512 0
11.1569 0
11.1626 0
11.1684 0
11.1741 0
11.1798 0
11.1856 0
11.1913 0
11.197 0
11.2028 0
11.2085 0
11.2143 0
11.22 0
11.2257 0
11.2315 0
11.2372 0
11.2429 0
11.2487 0
11.2544 0
11.2601 0
11.2659 0
11.2716 0
11.2774 0
11.2831 0
11.2888 0
11.2946 0
11.3003 0
11.306 0
11.3118 0
11.3175 0
11.3232 0
11.329 0
11.3347 0
11.3404 0
11.3462 0
11.3519 0
11.3577 0
11.3634 0
11.3691 0
11.3749 0
11.3806 0
11.3863 0
11.3921 0
11.3978 0
11.4035 0
11.4093 0
11.415 0
11.4208 0
11.4265 0
11.4322 0
11.438 0
11.4437 0
11.4494 0
11.4552 0
11.4609 0
11.4666 0
11.4724 0
11.4781 0
11.4839 0
11.4896 0
11.4953 0
11.5011 0
11.5068 0
11.5125 0
11.5183 0
11.524 0
11.5297 0
11.5355 0
11.5412 0
11.547 0
11.5527 0
11.5584 0
11.5642 0
11.5699 0
11.5756 0
11.5814 0
11.5871 0
11.5928 0
11.5986 0
11.6043 0
11.61 0
11.6158 0
11.6215 0
11.6273 0
11.633 0
11.6387 0
11.6445 0
11.6502 0
11.6559 0
11.6617 0
11.6674 0
11.6731 0
11.6789 0
11.6846 0
11.6904 0
11.6961 0
11.7018 0
11.7076 0
11.7133 0
11.719 0
11.7248 0
11.7305 0
11.7362 0
11.742 0
