0 -12
0.00573619 -17
0.0114724 51
0.0172086 0
0.0229448 9
0.028681 34
0.0344171 0
0.0401533 34
0.0458895 -11
0.0516257 1
0.0573619 0
0.0630981 -5
0.0688343 -8
0.0745705 0
0.0803067 17
0.0860429 11
0.091779 0
0.0975152 21.6667
0.103251 17
0.108988 -6.33333
0.114724 0
0.12046 13.3333
0.126196 11
0.131932 0
0.137669 -1.33333
0.143405 7.66667
0.149141 4
0.154877 12
0.160613 6.66667
0.16635 -6.66667
0.172086 0
0.177822 -4
0.183558 7.8
0.189294 0
0.19503 -10.6
0.200767 3.6
0.206503 -0.333333
0.212239 11.5
0.217975 2
0.223711 -1.8
0.229448 0
0.235184 4.4
0.24092 13.4
0.246656 0
0.252392 5.6
0.258129 15.4
0.263865 19.8
0.269601 0
0.275337 20.4
0.281073 6.42857
0.28681 0
0.292546 11
0.298282 16.4286
0.304018 13.6667
0.309754 27.75
0.31549 11.2857
0.321227 6.71429
0.326963 0
0.332699 17.8571
0.338435 14.2857
0.344171 0
0.349908 9.42857
0.355644 19
0.36138 -2.4
0.367116 23
0.372852 10.1111
0.378589 16.7143
0.384325 24
0.390061 12.2222
0.395797 10.8889
0.401533 0
0.40727 4.77778
0.413006 21.2222
0.418742 6.71429
0.424478 7
0.430214 8.44444
0.43595 12.7778
0.441687 0
0.447423 10.2222
0.453159 11.7778
0.458895 2.33333
0.464631 19
0.470368 17.7273
0.476104 13.5556
0.48184 28.5
0.487576 13
0.493312 18.7273
0.499049 0
0.504785 15.8182
0.510521 11.7273
0.516257 15.4
0.521993 17.6667
0.52773 18.0909
0.533466 14.7778
0.539202 6
0.544938 16.3636
0.550674 15.9091
0.55641 0
0.562147 21
0.567883 18.2308
0.573619 20.1429
0.579355 22.8333
0.585091 17.0769
0.590828 30.0909
0.596564 17
0.6023 30
0.608036 37.6154
0.613772 19.4
0.619509 25.375
0.625245 14.2308
0.630981 17.1111
0.636717 29.5
0.642453 13.6923
0.64819 13.5385
0.653926 3
0.659662 17.9333
0.665398 12.8667
0.671134 26.2857
0.67687 26.625
0.682607 13
0.688343 16.4545
0.694079 6
0.699815 19
0.705551 17.4
0.711288 48
0.717024 17
0.72276 23.5333
0.728496 23.3333
0.734232 22.1667
0.739969 15.25
0.745705 23.0769
0.751441 17.5
0.757177 16.6471
0.762913 9.05882
0.76865 7.4
0.774386 22.0833
0.780122 24.8235
0.785858 13.6364
0.791594 24
0.79733 15.3529
0.803067 16.8
0.808803 24
0.814539 21.1176
0.820275 14.2941
0.826011 17.1111
0.831748 20.625
0.837484 15.3889
0.84322 18.4615
0.848956 24
0.854692 16.3684
0.860429 10
0.866165 18.8
0.871901 16.1875
0.877637 17.7895
0.883373 14.3636
0.88911 32
0.894846 17.6842
0.900582 15.3333
0.906318 13.5
0.912054 21.1053
0.91779 17.4118
0.923527 16
0.929263 15.6923
0.934999 18.3333
0.940735 15
0.946471 18.25
0.952208 14.4286
0.957944 17.1765
0.96368 18.75
0.969416 17.1429
0.975152 21.8421
0.980889 23.6364
0.986625 18.4167
0.992361 16.1429
0.998097 7.86667
1.00383 4
1.00957 11.3333
1.01531 17.2941
1.02104 18.5
1.02678 16.7059
1.03251 9.14286
1.03825 9.53846
1.04399 7.75
1.04972 17.3913
1.05546 16.8824
1.0612 24.8333
1.06693 11.6522
1.07267 14
1.0784 17.3077
1.08414 15.2143
1.08988 10.7826
1.09561 11.6
1.10135 14.125
1.10708 14.8261
1.11282 13.7059
1.11856 19.2857
1.12429 21.36
1.13003 22.7143
1.13577 10.3333
1.1415 11.7143
1.14724 10.52
1.15297 22.8667
1.15871 20.1
1.16445 11.8
1.17018 11.5263
1.17592 6.23077
1.18166 10.2222
1.18739 11.1304
1.19313 14.7333
1.19886 10.3333
1.2046 15.64
1.21034 15.5
1.21607 17.6667
1.22181 8.62963
1.22754 11.3333
1.23328 10.1176
1.23902 14.75
1.24475 15.4
1.25049 16.7647
1.25623 8.66667
1.26196 15.4444
1.2677 14.1053
1.27343 13
1.27917 4.81818
1.28491 13.0435
1.29064 21
1.29638 16.3571
1.30212 13.4815
1.30785 17.0556
1.31359 5.58333
1.31932 12.6552
1.32506 13.4762
1.3308 12.9412
1.33653 9.1
1.34227 14.4
1.348 15.5263
1.35374 4.42857
1.35948 10.0741
1.36521 16.4286
1.37095 8.3
1.37669 12.6552
1.38242 16.2609
1.38816 8.82353
1.39389 12.3158
1.39963 12.8889
1.40537 10.95
1.4111 20.3571
1.41684 18.069
1.42258 11.6087
1.42831 17.6471
1.43405 12.25
1.43978 11.68
1.44552 11.5238
1.45126 11.3125
1.45699 11.2759
1.46273 11.2857
1.46846 7.91667
1.4742 11.6129
1.47994 7.86957
1.48567 8.85
1.49141 15.7143
1.49715 19.4815
1.50288 7.78261
1.50862 10.25
1.51435 11.1724
1.52009 15.84
1.52583 12.0667
1.53156 10.8667
1.5373 17.64
1.54304 6.47619
1.54877 9.9
1.55451 13.1724
1.56024 10.3913
1.56598 26.9286
1.57172 14.9032
1.57745 8.2
1.58319 14.9
1.58892 18.08
1.59466 6.03704
1.6004 13
1.60613 13.7778
1.61187 12.3548
1.61761 11.96
1.62334 19.3571
1.62908 5.9697
1.63481 4.48148
1.64055 14.7826
1.64629 12.8182
1.65202 14.7241
1.65776 15.92
1.6635 11.3125
1.66923 13.8065
1.67497 11.4286
1.6807 12.7
1.68644 13.5714
1.69218 20.7931
1.69791 6.96
1.70365 17.3182
1.70938 15.3226
1.71512 7.66667
1.72086 10.0625
1.72659 13.6061
1.73233 13.6552
1.73807 13.4783
1.7438 10.6923
1.74954 15.1034
1.75527 10.3333
1.76101 12.2632
1.76675 12.4242
1.77248 13.8214
1.77822 14.15
1.78396 8.86667
1.78969 13.7742
1.79543 15.4815
1.80116 17.5
1.8069 13.7419
1.81264 17.2759
1.81837 14.2222
1.82411 14.8857
1.82984 13.6552
1.83558 16.52
1.84132 12.5769
1.84705 16.4516
1.85279 12.5556
1.85853 11.8696
1.86426 17.9394
1.87 19.0667
1.87573 16.2222
1.88147 14.5714
1.88721 15.0909
1.89294 18.9259
1.89868 16.5
1.90442 19.5758
1.91015 22.5484
1.91589 18.15
1.92162 26.8286
1.92736 30.4516
1.9331 29.28
1.93883 31.4286
1.94457 20.3939
1.9503 24.8333
1.95604 25.4167
1.96178 19.2059
1.96751 22.0938
1.97325 16.6
1.97899 18.8919
1.98472 18.7879
1.99046 18.5862
1.99619 20.2692
2.00193 15.8
2.00767 22.0323
2.0134 17.1667
2.01914 19.2286
2.02488 15.3939
2.03061 15.76
2.03635 17.4375
2.04208 17.5588
2.04782 16.25
2.05356 13.4583
2.05929 15.2222
2.06503 16.6
2.07076 21.6364
2.0765 18.0541
2.08224 19.2286
2.08797 16.931
2.09371 18.5357
2.09945 18.4324
2.10518 19.0606
2.11092 18.5
2.11665 13.3243
2.12239 19.7429
2.12813 22.7826
2.13386 18.8611
2.1396 15.8611
2.14534 13.4375
2.15107 18.9231
2.15681 18
2.16254 17.7838
2.16828 21.7727
2.17402 17.9487
2.17975 23.4324
2.18549 23.9677
2.19122 16.8333
2.19696 17.2973
2.2027 23.1429
2.20843 22.7083
2.21417 34.0513
2.21991 119.216
2.22564 55.9091
2.23138 82.425
2.23711 40.0526
2.24285 27.3824
2.24859 20.7857
2.25432 25.0769
2.26006 20.2564
2.2658 15.8182
2.27153 26.8293
2.27727 20.4103
2.283 20.7742
2.28874 20.4688
2.29448 20.5897
2.30021 17.2703
2.30595 18.4615
2.31168 16.1282
2.31742 23
2.32316 14.0909
2.32889 21.2619
2.33463 20.5
2.34037 23
2.3461 13.3214
2.35184 24.2093
2.35757 20.5676
2.36331 17.6923
2.36905 22.8049
2.37478 24.3659
2.38052 20.9677
2.38626 21.8529
2.39199 21.7442
2.39773 25.4324
2.40346 26.8846
2.4092 19.1163
2.41494 20.7
2.42067 23.0455
2.42641 20.0227
2.43214 19.1667
2.43788 19.4286
2.44362 16.3438
2.44935 19.3556
2.45509 17
2.46083 14.9231
2.46656 22.3333
2.4723 21.0732
2.47803 18.2759
2.48377 22.8
2.48951 19.8372
2.49524 17.9231
2.50098 18.6923
2.50672 15.2391
2.51245 20.4762
2.51819 24.4583
2.52392 21.7609
2.52966 15.7273
2.5354 18
2.54113 18.4722
2.54687 23.5111
2.5526 19.5366
2.55834 17.6154
2.56408 11.8298
2.56981 16.4884
2.57555 18.9655
2.58129 18.5476
2.58702 15.8444
2.59276 21.6757
2.59849 20
2.60423 20.4783
2.60997 20.4091
2.6157 19.25
2.62144 17.5625
2.62718 20.4043
2.63291 20.6
2.63865 21.2222
2.64438 22.4894
2.65012 15.8293
2.65586 19.7333
2.66159 20.1489
2.66733 20.2667
2.67306 18.6
2.6788 17.1875
2.68454 22.1064
2.69027 20.6923
2.69601 23
2.70175 17.5417
2.70748 18.2222
2.71322 21.2593
2.71895 21.5417
2.72469 18.8571
2.73043 15.2571
2.73616 19.4211
2.7419 20.0612
2.74764 18.7674
2.75337 18.4
2.75911 19.3265
2.76484 18.5306
2.77058 25.3333
2.77632 21.2245
2.78205 18.3
2.78779 15.4615
2.79352 18.4571
2.79926 21.8077
2.805 23.5111
2.81073 20.0741
2.81647 20.4151
2.82221 19.5918
2.82794 18.5676
2.83368 21.7368
2.83941 22.4717
2.84515 20.0488
2.85089 19.1562
2.85662 19.2642
2.86236 21.4898
2.8681 14.75
2.87383 22.2075
2.87957 19.68
2.8853 21.0488
2.89104 20.5946
2.89678 20.5192
2.90251 20.8
2.90825 16
2.91398 21.1818
2.91972 24.6471
2.92546 18.7027
2.93119 23.4524
2.93693 21.1321
2.94267 20.6
2.9484 22.5
2.95414 20.8679
2.95987 20.8367
2.96561 16.3077
2.97135 17.875
2.97708 19.1852
2.98282 20.7692
2.98856 25.0769
2.99429 21.3889
3.00003 23.0638
3.00576 22.3438
3.0115 19.2727
3.01724 25.2075
3.02297 26.3514
3.02871 20.0682
3.03444 23.0182
3.04018 21.0222
3.04592 21.2353
3.05165 21.9273
3.05739 23.2353
3.06313 21.7241
3.06886 21.6964
3.0746 23.2545
3.08033 23.7955
3.08607 21.6216
3.09181 19.9464
3.09754 26.2245
3.10328 19.7188
3.10902 25.9322
3.11475 27.8679
3.12049 23.8974
3.12622 26.3478
3.13196 23.5273
3.1377 24
3.14343 20.1944
3.14917 28.1053
3.1549 33.6275
3.16064 35.1034
3.16638 24.7167
3.17211 31.3273
3.17785 20.2955
3.18359 25.4878
3.18932 25.8136
3.19506 21.7755
3.20079 26.1471
3.20653 23.8814
3.21227 26.434
3.218 23.3171
3.22374 23.4167
3.22948 30.3559
3.23521 26.8889
3.24095 19.5526
3.24668 27.6167
3.25242 29.4906
3.25816 24.9706
3.26389 27.6316
3.26963 25.7895
3.27536 22.0217
3.2811 22.2927
3.28684 27.8197
3.29257 29
3.29831 28.3056
3.30405 31.873
3.30978 29.2182
3.31552 33.093
3.32125 27.7917
3.32699 32.4386
3.33273 34.7843
3.33846 35.1842
3.3442 33.0806
3.34994 32.3725
3.35567 27.1053
3.36141 35.1695
3.36714 30.2105
3.37288 31
3.37862 30.8182
3.38435 29.9508
3.39009 29.9811
3.39582 27.5278
3.40156 31.5238
3.4073 29.4909
3.41303 25.3617
3.41877 32.9167
3.42451 36.1475
3.43024 36.102
3.43598 29.3902
3.44171 29.9206
3.44745 29.6964
3.45319 29.4048
3.45892 33.8364
3.46466 35.0508
3.4704 29.16
3.47613 31.5
3.48187 28.3492
3.4876 32.7547
3.49334 34.9211
3.49908 34.4776
3.50481 31.7193
3.51055 36.8723
3.51628 34.04
3.52202 34.6393
3.52776 36.6852
3.53349 35.5854
3.53923 37.9692
3.54497 42.463
3.5507 43.2083
3.55644 50
3.56217 48.7797
3.56791 47.5283
3.57365 50.1522
3.57938 43.4
3.58512 42.8909
3.59086 34.1842
3.59659 39.3881
3.60233 40.5593
3.60806 40.4314
3.6138 41.4375
3.61954 42.4127
3.62527 41.8036
3.63101 44.3659
3.63674 46.1343
3.64248 47.0862
3.64822 48.6875
3.65395 52.4737
3.65969 53.5902
3.66543 52.8182
3.67116 52.0652
3.6769 56.2857
3.68263 52.5902
3.68837 57.5789
3.69411 59.6957
3.69984 55.2712
3.70558 60.1321
3.71132 57.2941
3.71705 52.1846
3.72279 56.7321
3.72852 55.8837
3.73426 58.3433
3.74 58.2258
3.74573 58.56
3.75147 63.0357
3.7572 61.0476
3.76294 61.2712
3.76868 63.0909
3.77441 67.2239
3.78015 65.5424
3.78589 68.7234
3.79162 72.0312
3.79736 76.0317
3.80309 80.3393
3.80883 82.3333
3.81457 79.2769
3.8203 88.9
3.82604 94.2093
3.83178 95.5942
3.83751 114.629
3.84325 134.393
3.84898 174.574
3.85472 347.159
3.86046 416.377
3.86619 501.326
3.87193 427.116
3.87766 347.475
3.8834 291.176
3.88914 331.567
3.89487 385.323
3.90061 443.333
3.90635 467.816
3.91208 453.925
3.91782 381.828
3.92355 323.171
3.92929 256.648
3.93503 197.609
3.94076 162.915
3.9465 148.704
3.95224 121.821
3.95797 113.746
3.96371 102.913
3.96944 96.9859
3.97518 88.7778
3.98092 81.6182
3.98665 86.6034
3.99239 80.0588
3.99812 76.9355
4.00386 72.4898
4.0096 70.1014
4.01533 67.9062
4.02107 73.28
4.02681 63.303
4.03254 67.4091
4.03828 63.6066
4.04401 65.4615
4.04975 65.9718
4.05549 64.8615
4.06122 61.2609
4.06696 58.5072
4.0727 60.1159
4.07843 58.8833
4.08417 55.5179
4.0899 61.7206
4.09564 61.7031
4.10138 56.7
4.10711 58.0972
4.11285 57.6515
4.11858 57.5
4.12432 58.7581
4.13006 57.5362
4.13579 53.0952
4.14153 54.5962
4.14727 55.7671
4.153 53.5224
4.15874 59.0682
4.16447 53.4247
4.17021 56.5775
4.17595 54.7419
4.18168 63.2321
4.18742 52.9143
4.19316 57.0303
4.19889 55.98
4.20463 55
4.21036 56.2794
4.2161 54
4.22184 56.3966
4.22757 53.6575
4.23331 57.4179
4.23904 56.88
4.24478 56.3067
4.25052 57.1884
4.25625 57.6364
4.26199 57.3594
4.26773 52.9028
4.27346 58.5606
4.2792 55.5714
4.28493 58.8194
4.29067 58.7286
4.29641 60.0625
4.30214 63.2763
4.30788 73.0571
4.31362 147.723
4.31935 75
4.32509 324.787
4.33082 136.42
4.33656 82.92
4.3423 73.3733
4.34803 72.1507
4.35377 76.9516
4.3595 79.9667
4.36524 81.9189
4.37098 86.1571
4.37671 82.2593
4.38245 94.8649
4.38819 97
4.39392 97.1228
4.39966 106.609
4.40539 119.931
4.41113 131.855
4.41687 135.704
4.4226 181.039
4.42834 253
4.43408 354.542
4.43981 719.662
4.44555 2759.37
4.45128 10534.2
4.45702 6690.19
4.46276 8054.38
4.46849 3415.44
4.47423 929.778
4.47996 793.408
4.4857 470.797
4.49144 294.492
4.49717 261.254
4.50291 242.818
4.50865 213.915
4.51438 207.173
4.52012 202.354
4.52585 180.987
4.53159 154.789
4.53733 146.014
4.54306 123.988
4.5488 111.328
4.55454 96.3333
4.56027 90.5375
4.56601 82.527
4.57174 79.2885
4.57748 76.4872
4.58322 66.3718
4.58895 64.7761
4.59469 62.2787
4.60042 60.3671
4.60616 57.96
4.6119 51.18
4.61763 52.5301
4.62337 52.4805
4.62911 53.7937
4.63484 53.1094
4.64058 48.2195
4.64631 49.0556
4.65205 42.2321
4.65779 45.3625
4.66352 45.0385
4.66926 46.1148
4.675 43.831
4.68073 41.6667
4.68647 44.7808
4.6922 39.431
4.69794 39.5185
4.70368 42.8312
4.70941 39.16
4.71515 39.9294
4.72088 42.7595
4.72662 37.8986
4.73236 37.4762
4.73809 36.8293
4.74383 41.7436
4.74957 39.1731
4.7553 36.8333
4.76104 36.9875
4.76677 38.0299
4.77251 35.5231
4.77825 36.0976
4.78398 41.3467
4.78972 36.9286
4.79546 36.9647
4.80119 32.6076
4.80693 36.3077
4.81266 28.9857
4.8184 33.4286
4.82414 32.0959
4.82987 28.9508
4.83561 29.9881
4.84134 32.05
4.84708 33.2264
4.85282 32.7647
4.85855 31.0854
4.86429 35.0986
4.87003 36.5738
4.87576 31.2644
4.8815 29.5949
4.88723 30.963
4.89297 27.2235
4.89871 30.4458
4.90444 27.8592
4.91018 25.0455
4.91592 31.4167
4.92165 28.2658
4.92739 30.7719
4.93312 27.2093
4.93886 29.4048
4.9446 25.7015
4.95033 31.0423
4.95607 27.1163
4.9618 29.8052
4.96754 30.2881
4.97328 24.2069
4.97901 28.253
4.98475 30.1475
4.99049 29.1282
4.99622 30.1954
5.00196 29.1233
5.00769 27.254
5.01343 26.9545
5.01917 25.1928
5.0249 27.7925
5.03064 27.8222
5.03638 30.2674
5.04211 26.6267
5.04785 29.2308
5.05358 24.3605
5.05932 24.7778
5.06506 27.9828
5.07079 22.9101
5.07653 24.1839
5.08226 26.4789
5.088 25.8571
5.09374 28.0333
5.09947 25.2987
5.10521 27.0159
5.11095 27.6111
5.11668 24.1647
5.12242 27.1212
5.12815 25.4805
5.13389 26.1333
5.13963 29.1558
5.14536 29
5.1511 24.5435
5.15684 28.9639
5.16257 32.0952
5.16831 25.5714
5.17404 27.3258
5.17978 24.8701
5.18552 26.5455
5.19125 23.5111
5.19699 22.5783
5.20272 25
5.20846 26.5435
5.2142 24.0337
5.21993 23.2368
5.22567 23.8696
5.23141 23.5109
5.23714 23.8272
5.24288 26.6557
5.24861 22.3979
5.25435 27.8427
5.26009 22.5211
5.26582 27.7237
5.27156 22.8791
5.2773 24
5.28303 29.2769
5.28877 26.4468
5.2945 25.3793
5.30024 21.8056
5.30598 23.3291
5.31171 24.7416
5.31745 24.0122
5.32318 27.5692
5.32892 24.9255
5.33466 22.3678
5.34039 26
5.34613 26.2674
5.35187 21.4725
5.3576 22.9259
5.36334 26.803
5.36907 27.1771
5.37481 25.2235
5.38055 23.9836
5.38628 27.1458
5.39202 25.0769
5.39776 27.8125
5.40349 27.8451
5.40923 24.2396
5.41496 28.6296
5.4207 23.4127
5.42644 24.5714
5.43217 25.4831
5.43791 22.6076
5.44364 21.9865
5.44938 26
5.45512 26.8395
5.46085 24.1364
5.46659 26.2959
5.47233 26.9213
5.47806 26.4605
5.4838 24.2716
5.48953 23.3548
5.49527 23.7619
5.50101 26.2687
5.50674 21.4796
5.51248 22.1573
5.51822 25.0135
5.52395 24.3494
5.52969 18.4516
5.53542 23.9059
5.54116 24.1471
5.5469 23.9091
5.55263 23.7079
5.55837 23.3194
5.5641 27.1348
5.56984 21.7634
5.57558 27.3095
5.58131 27.2877
5.58705 23.6263
5.59279 23.2727
5.59852 24.6349
5.60426 11.5
5.60999 21.4086
5.61573 21.2927
5.62147 25.7237
5.6272 25.2577
5.63294 26.5747
5.63868 24.7273
5.64441 23.8218
5.65015 25.0323
5.65588 20.3095
5.66162 24.5455
5.66736 24.4646
5.67309 22.1279
5.67883 24.6957
5.68456 25.297
5.6903 23.6
5.69604 28.6829
5.70177 25.4217
5.70751 28.9684
5.71325 25.2159
5.71898 25.7083
5.72472 22.5758
5.73045 24.4409
5.73619 25.4684
5.74193 23.2584
5.74766 27.5053
5.7534 27.3977
5.75914 29.1127
5.76487 24.3366
5.77061 28.1809
5.77634 24.3974
5.78208 25.8764
5.78782 26.8866
5.79355 26.8256
5.79929 27.5867
5.80502 27.1287
5.81076 28.3763
5.8165 29.6933
5.82223 28.5729
5.82797 29.7423
5.83371 30.0349
5.83944 26.038
5.84518 29.7677
5.85091 26.6667
5.85665 24.8615
5.86239 27.3714
5.86812 27.6531
5.87386 25.2907
5.8796 27.8608
5.88533 27.5842
5.89107 26.8478
5.8968 30.913
5.90254 24.9333
5.90828 27.7273
5.91401 28.0471
5.91975 30.5976
5.92548 26.0606
5.93122 29.7766
5.93696 30.4247
5.94269 29.219
5.94843 28.4583
5.95417 31.2614
5.9599 29.7647
5.96564 29.0505
5.97137 27.3936
5.97711 28.3973
5.98285 29.4369
5.98858 31.6429
5.99432 30.6588
6.00006 26.6222
6.00579 32.6566
6.01153 30.914
6.01726 37.16
6.023 33.5143
6.02874 35.4792
6.03447 34.2045
6.04021 33.5222
6.04594 33.398
6.05168 30.8854
6.05742 33.5065
6.06315 32.0857
6.06889 34.7396
6.07463 35.1429
6.08036 29.0851
6.0861 33.3673
6.09183 34.1237
6.09757 37.2179
6.10331 34.8476
6.10904 34.9479
6.11478 36.5698
6.12052 33.5729
6.12625 36.34
6.13199 34.2447
6.13772 35.4878
6.14346 34.6961
6.1492 37.6
6.15493 36.45
6.16067 35.9118
6.1664 36.0714
6.17214 38.8191
6.17788 35.8929
6.18361 37.8544
6.18935 36.7576
6.19509 38.9595
6.20082 40.6239
6.20656 41.0098
6.21229 44.0521
6.21803 39.8415
6.22377 46.2547
6.2295 45.19
6.23524 47.08
6.24098 50.1009
6.24671 48.5294
6.25245 49.5532
6.25818 50.5814
6.26392 54.1765
6.26966 56.7745
6.27539 54.5132
6.28113 56.789
6.28686 61.9604
6.2926 67.7292
6.29834 73.0114
6.30407 109.26
6.30981 150.922
6.31555 384.513
6.32128 989.222
6.32702 594.433
6.33275 290.885
6.33849 159.057
6.34423 108.298
6.34996 103.157
6.3557 102.205
6.36144 110.176
6.36717 119.552
6.37291 131.484
6.37864 135.278
6.38438 143.717
6.39012 137.167
6.39585 125.188
6.40159 113.259
6.40732 96.963
6.41306 85.8298
6.4188 74.6739
6.42453 64.2453
6.43027 60.9804
6.43601 60.5122
6.44174 56.6509
6.44748 52.5741
6.45321 50.7766
6.45895 50.7826
6.46469 48.2667
6.47042 49.0388
6.47616 46.381
6.4819 48.0091
6.48763 49.1574
6.49337 43.7312
6.4991 44.4
6.50484 42.8333
6.51058 44.8431
6.51631 42.869
6.52205 44.7818
6.52778 43.2593
6.53352 44.9783
6.53926 39.7917
6.54499 42.0833
6.55073 41.6796
6.55647 38.369
6.5622 38.7168
6.56794 40.0185
6.57367 42.0108
6.57941 39.3684
6.58515 37.0268
6.59088 41.3558
6.59662 41.6548
6.60236 39.0526
6.60809 40.5094
6.61383 39.6021
6.61956 36.1753
6.6253 38.4107
6.63104 38.6765
6.63677 37.0116
6.64251 37.7105
6.64824 37.8879
6.65398 39.3187
6.65972 35.2647
6.66545 37.75
6.67119 37.5288
6.67693 39.0349
6.68266 40.7759
6.6884 38.9167
6.69413 37.9121
6.69987 39.9515
6.70561 39.2768
6.71134 38.1538
6.71708 39.4091
6.72282 38.5702
6.72855 35.2407
6.73429 37.7978
6.74002 38.1321
6.74576 34.887
6.7515 33.6893
6.75723 35.3708
6.76297 37.5517
6.7687 39.4643
6.77444 38.6629
6.78018 38.0571
6.78591 38.0431
6.79165 34.6916
6.79739 38.8966
6.80312 36.7193
6.80886 34.7589
6.81459 37.7582
6.82033 34.8286
6.82607 36.25
6.8318 37.2857
6.83754 38.3182
6.84328 35.6525
6.84901 37.4911
6.85475 33.989
6.86048 36.1743
6.86622 32.0862
6.87196 37.7944
6.87769 36.3333
6.88343 35.3729
6.88916 35.0965
6.8949 35.1724
6.90064 34.8938
6.90637 37.3421
6.91211 35.4953
6.91785 37.9655
6.92358 37.843
6.92932 35.5575
6.93505 39.3034
6.94079 37.4425
6.94653 35.8966
6.95226 36.4019
6.958 35.5934
6.96374 38.225
6.96947 35.6667
6.97521 36.2967
6.98094 36.3874
6.98668 37.0776
6.99242 38.7248
6.99815 36.1124
7.00389 37.6583
7.00962 34.9741
7.01536 36.978
7.0211 36.0909
7.02683 38.8525
7.03257 37.3925
7.03831 36.1505
7.04404 35.8689
7.04978 38.2348
7.05551 38.6915
7.06125 37.7982
7.06699 36.959
7.07272 37.6972
7.07846 35.2247
7.0842 37.2787
7.08993 38.3534
7.09567 39.8602
7.1014 41.0531
7.10714 37.4202
7.11288 40.4312
7.11861 37.2581
7.12435 37.1774
7.13008 38.5641
7.13582 38.3958
7.14156 37.6577
7.14729 37.6333
7.15303 35.8257
7.15877 36.828
7.1645 40.7177
7.17024 39.3025
7.17597 37.6735
7.18171 40.0654
7.18745 37.1148
7.19318 40.0721
7.19892 40.022
7.20466 39.7008
7.21039 41.1197
7.21613 39.79
7.22186 39.6881
7.2276 38.881
7.23334 38.3063
7.23907 41.7582
7.24481 41.9286
7.25054 43.7647
7.25628 44.24
7.26202 41.7297
7.26775 40.5246
7.27349 40.0901
7.27923 42.2903
7.28496 42.9048
7.2907 41.4622
7.29643 43.5049
7.30217 44.5229
7.30791 43.1048
7.31364 45.5812
7.31938 45.6404
7.32512 46.9769
7.33085 43.8678
7.33659 47
7.34232 45.7048
7.34806 46.9154
7.3538 46.7928
7.35953 49.6559
7.36527 49.875
7.371 53.2314
7.37674 53.5673
7.38248 58.945
7.38821 74.936
7.39395 80.9914
7.39969 117.699
7.40542 224.1
7.41116 245.634
7.41689 261.34
7.42263 142.766
7.42837 96.9683
7.4341 84.2689
7.43984 84.0899
7.44558 80.5448
7.45131 83.438
7.45705 89.6545
7.46278 93.3884
7.46852 100.692
7.47426 112.419
7.47999 117.322
7.48573 122.288
7.49146 120.904
7.4972 116.855
7.50294 105.234
7.50867 92.6484
7.51441 85.1345
7.52015 73.9011
7.52588 66.303
7.53162 61.744
7.53735 58.3839
7.54309 57.9223
7.54883 53.9242
7.55456 51.0252
7.5603 51.9663
7.56604 47.3507
7.57177 49.688
7.57751 46.9569
7.58324 49.932
7.58898 43.542
7.59472 45.0902
7.60045 43.11
7.60619 41.8618
7.61192 40.4884
7.61766 43.7241
7.6234 44.3663
7.62913 43.6061
7.63487 43.5124
7.64061 45.0686
7.64634 42.9431
7.65208 43.8992
7.65781 44.339
7.66355 44.0714
7.66929 45.4074
7.67502 42.9032
7.68076 44.8868
7.6865 45.605
7.69223 44.0916
7.69797 44.5169
7.7037 48.7327
7.70944 46.4104
7.71518 44.0894
7.72091 51.1727
7.72665 55.0171
7.73238 69.7752
7.73812 81.2295
7.74386 180.186
7.74959 143.725
7.75533 66.344
7.76107 60.9464
7.7668 60.0174
7.77254 53.4656
7.77827 51.6639
7.78401 55.9192
7.78975 51.5259
7.79548 53.3047
7.80122 52.2241
7.80696 58.4324
7.81269 59.3985
7.81843 64.121
7.82416 65.2316
7.8299 59.15
7.83564 57.3622
7.84137 56.5948
7.84711 49.6847
7.85284 47.313
7.85858 43.4297
7.86432 40.4639
7.87005 40.5755
7.87579 42.5781
7.88153 38.082
7.88726 38.6822
7.893 38.3185
7.89873 38.1875
7.90447 38.7843
7.91021 35.4211
7.91594 36.9389
7.92168 35.4
7.92742 36.8095
7.93315 36.8175
7.93889 34.4762
7.94462 34.4474
7.95036 34.5164
7.9561 32.7424
7.96183 33.4127
7.96757 34.1429
7.9733 34.2847
7.97904 31.9462
7.98478 27.25
7.99051 33.472
7.99625 33.4737
8.00199 32.5484
8.00772 30.6634
8.01346 33.0863
8.01919 33.5379
8.02493 31.6102
8.03067 33.1316
8.0364 32.8162
8.04214 31.9375
8.04788 32.6214
8.05361 31.4029
8.05935 30.7426
8.06508 32.9831
8.07082 31.0171
8.07656 29.6642
8.08229 31.4531
8.08803 27.202
8.09376 31.4126
8.0995 30.7879
8.10524 31.5656
8.11097 32.9469
8.11671 30.9489
8.12245 29.2093
8.12818 28.2143
8.13392 28.5985
8.13965 28.8986
8.14539 29.1855
8.15113 26.8378
8.15686 24.5693
8.1626 25.5152
8.16834 23.8814
8.17407 20.7778
8.17981 21.3433
8.18554 18.1615
8.19128 18.7009
8.19702 18.1583
8.20275 14.3731
8.20849 15.8136
8.21422 12.8468
8.21996 10.2174
8.2257 10.6172
8.23143 9.01869
8.23717 8.61539
8.24291 8.09877
8.24864 7.83636
8.25438 11.7105
8.26011 6
8.26585 4.22222
8.27159 0
8.27732 0
8.28306 0
8.2888 0
8.29453 0
8.30027 0
8.306 0
8.31174 0
8.31748 0
8.32321 0
8.32895 0
8.33468 0
8.34042 0
8.34616 0
8.35189 0
8.35763 0
8.36337 0
8.3691 0
8.37484 0
8.38057 0
8.38631 0
8.39205 0
8.39778 0
8.40352 0
8.40926 0
8.41499 0
8.42073 0
8.42646 0
8.4322 0
8.43794 0
8.44367 0
8.44941 0
8.45514 0
8.46088 0
8.46662 0
8.47235 0
8.47809 0
8.48383 0
8.48956 0
8.4953 0
8.50103 0
8.50677 0
8.51251 0
8.51824 0
8.52398 0
8.52972 0
8.53545 0
8.54119 0
8.54692 0
8.55266 0
8.5584 0
8.56413 0
8.56987 0
8.5756 0
8.58134 0
8.58708 0
8.59281 0
8.59855 0
8.60429 0
8.61002 0
8.61576 0
8.62149 0
8.62723 0
8.63297 0
8.6387 0
8.64444 0
8.65018 0
8.65591 0
8.66165 0
8.66738 0
8.67312 0
8.67886 0
8.68459 0
8.69033 0
8.69606 0
8.7018 0
8.70754 0
8.71327 0
8.71901 0
8.72475 0
8.73048 0
8.73622 0
8.74195 0
8.74769 0
8.75343 0
8.75916 0
8.7649 0
8.77064 0
8.77637 0
8.78211 0
8.78784 0
8.79358 0
8.79932 0
8.80505 0
8.81079 0
8.81652 0
8.82226 0
8.828 0
8.83373 0
8.83947 0
8.84521 0
8.85094 0
8.85668 0
8.86241 0
8.86815 0
8.87389 0
8.87962 0
8.88536 0
8.8911 0
8.89683 0
8.90257 0
8.9083 0
8.91404 0
8.91978 0
8.92551 0
8.93125 0
8.93698 0
8.94272 0
8.94846 0
8.95419 0
8.95993 0
8.96567 0
8.9714 0
8.97714 0
8.98287 0
8.98861 0
8.99435 0
9.00008 0
9.00582 0
9.01156 0
9.01729 0
9.02303 0
9.02876 0
9.0345 0
9.04024 0
9.04597 0
9.05171 0
9.05744 0
9.06318 0
9.06892 0
9.07465 0
9.08039 0
9.08613 0
9.09186 0
9.0976 0
9.10333 0
9.10907 0
9.11481 0
9.12054 0
9.12628 0
9.13202 0
9.13775 0
9.14349 0
9.14922 0
9.15496 0
9.1607 0
9.16643 0
9.17217 0
9.1779 0
9.18364 0
9.18938 0
9.19511 0
9.20085 0
9.20659 0
9.21232 0
9.21806 0
9.22379 0
9.22953 0
9.23527 0
9.241 0
9.24674 0
9.25248 0
9.25821 0
9.26395 0
9.26968 0
9.27542 0
9.28116 0
9.28689 0
9.29263 0
9.29836 0
9.3041 0
9.30984 0
9.31557 0
9.32131 0
9.32705 0
9.33278 0
9.33852 0
9.34425 0
9.34999 0
9.35573 0
9.36146 0
9.3672 0
9.37294 0
9.37867 0
9.38441 0
9.39014 0
9.39588 0
9.40162 0
9.40735 0
9.41309 0
9.41882 0
9.42456 0
9.4303 0
9.43603 0
9.44177 0
9.44751 0
9.45324 0
9.45898 0
9.46471 0
9.47045 0
9.47619 0
9.48192 0
9.48766 0
9.4934 0
9.49913 0
9.50487 0
9.5106 0
9.51634 0
9.52208 0
9.52781 0
9.53355 0
9.53928 0
9.54502 0
9.55076 0
9.55649 0
9.56223 0
9.56797 0
9.5737 0
9.57944 0
9.58517 0
9.59091 0
9.59665 0
9.60238 0
9.60812 0
9.61386 0
9.61959 0
9.62533 0
9.63106 0
9.6368 0
9.64254 0
9.64827 0
9.65401 0
9.65974 0
9.66548 0
9.67122 0
9.67695 0
9.68269 0
9.68843 0
9.69416 0
9.6999 0
9.70563 0
9.71137 0
9.71711 0
9.72284 0
9.72858 0
9.73432 0
9.74005 0
9.74579 0
9.75152 0
9.75726 0
9.763 0
9.76873 0
9.77447 0
9.7802 0
9.78594 0
9.79168 0
9.79741 0
9.80315 0
9.80889 0
9.81462 0
9.82036 0
9.82609 0
9.83183 0
9.83757 0
9.8433 0
9.84904 0
9.85478 0
9.86051 0
9.86625 0
9.87198 0
9.87772 0
9.88346 0
9.88919 0
9.89493 0
9.90066 0
9.9064 0
9.91214 0
9.91787 0
9.92361 0
9.92935 0
9.93508 0
9.94082 0
9.94655 0
9.95229 0
9.95803 0
9.96376 0
9.9695 0
9.97524 0
9.98097 0
9.98671 0
9.99244 0
9.99818 0
10.0039 0
10.0097 0
10.0154 0
10.0211 0
10.0269 0
10.0326 0
10.0383 0
10.0441 0
10.0498 0
10.0555 0
10.0613 0
10.067 0
10.0728 0
10.0785 0
10.0842 0
10.09 0
10.0957 0
10.1014 0
10.1072 0
10.1129 0
10.1186 0
10.1244 0
10.1301 0
10.1358 0
10.1416 0
10.1473 0
10.1531 0
10.1588 0
10.1645 0
10.1703 0
10.176 0
10.1817 0
10.1875 0
10.1932 0
10.1989 0
10.2047 0
10.2104 0
10.2162 0
10.2219 0
10.2276 0
10.2334 0
10.2391 0
10.2448 0
10.2506 0
10.2563 0
10.262 0
10.2678 0
10.2735 0
10.2793 0
10.285 0
10.2907 0
10.2965 0
10.3022 0
10.3079 0
10.3137 0
10.3194 0
10.3251 0
10.3309 0
10.3366 0
10.3424 0
10.3481 0
10.3538 0
10.3596 0
10.3653 0
10.371 0
10.3768 0
10.3825 0
10.3882 0
10.394 0
10.3997 0
10.4054 0
10.4112 0
10.4169 0
10.4227 0
10.4284 0
10.4341 0
10.4399 0
10.4456 0
10.4513 0
10.4571 0
10.4628 0
10.4685 0
10.4743 0
10.48 0
10.4858 0
10.4915 0
10.4972 0
10.503 0
10.5087 0
10.5144 0
10.5202 0
10.5259 0
10.5316 0
10.5374 0
10.5431 0
10.5489 0
10.5546 0
10.5603 0
10.5661 0
10.5718 0
10.5775 0
10.5833 0
10.589 0
10.5947 0
10.6005 0
10.6062 0
10.612 0
10.6177 0
10.6234 0
10.6292 0
10.6349 0
10.6406 0
10.6464 0
10.6521 0
10.6578 0
10.6636 0
10.6693 0
10.6751 0
10.6808 0
10.6865 0
10.6923 0
10.698 0
10.7037 0
10.7095 0
10.7152 0
10.7209 0
10.7267 0
10.7324 0
10.7381 0
10.7439 0
10.7496 0
10.7554 0
10.7611 0
10.7668 0
10.7726 0
10.7783 0
10.784 0
10.7898 0
10.7955 0
10.8012 0
10.807 0
10.8127 0
10.8185 0
10.8242 0
10.8299 0
10.8357 0
10.8414 0
10.8471 0
10.8529 0
10.8586 0
10.8643 0
10.8701 0
10.8758 0
10.8816 0
10.8873 0
10.893 0
10.8988 0
10.9045 0
10.9102 0
10.916 0
10.9217 0
10.9274 0
10.9332 0
10.9389 0
10.9447 0
10.9504 0
10.9561 0
10.9619 0
10.9676 0
10.9733 0
10.9791 0
10.9848 0
10.9905 0
10.9963 0
11.002 0
11.0077 0
11.0135 0
11.0192 0
11.025 0
11.0307 0
11.0364 0
11.0422 0
11.0479 0
11.0536 0
11.0594 0
11.0651 0
11.0708 0
11.0766 0
11.0823 0
11.0881 0
11.0938 0
11.0995 0
11.1053 0
11.111 0
11.1167 0
11.1225 0
11.1282 0
11.1339 0
11.1397 0
11.1454 0
11.1512 0
11.1569 0
11.1626 0
11.1684 0
11.1741 0
11.1798 0
11.1856 0
11.1913 0
11.197 0
11.2028 0
11.2085 0
11.2143 0
11.22 0
11.2257 0
11.2315 0
11.2372 0
11.2429 0
11.2487 0
11.2544 0
11.2601 0
11.2659 0
11.2716 0
11.2774 0
11.2831 0
11.2888 0
11.2946 0
11.3003 0
11.306 0
11.3118 0
11.3175 0
11.3232 0
11.329 0
11.3347 0
11.3404 0
11.3462 0
11.3519 0
11.3577 0
11.3634 0
11.3691 0
11.3749 0
11.3806 0
11.3863 0
11.3921 0
11.3978 0
11.4035 0
11.4093 0
11.415 0
11.4208 0
11.4265 0
11.4322 0
11.438 0
11.4437 0
11.4494 0
11.4552 0
11.4609 0
11.4666 0
11.4724 0
11.4781 0
11.4839 0
11.4896 0
11.4953 0
11.5011 0
11.5068 0
11.5125 0
11.5183 0
11.524 0
11.5297 0
11.5355 0
11.5412 0
11.547 0
11.5527 0
11.5584 0
11.5642 0
11.5699 0
11.5756 0
11.5814 0
11.5871 0
11.5928 0
11.5986 0
11.6043 0
11.61 0
11.6158 0
11.6215 0
11.6273 0
11.633 0
11.6387 0
11.6445 0
11.6502 0
11.6559 0
11.6617 0
11.6674 0
11.6731 0
11.6789 0
11.6846 0
11.6904 0
11.6961 0
11.7018 0
11.7076 0
11.7133 0
11.719 0
11.7248 0
11.7305 0
11.7362 0
11.742 0
