0 30
0.00573619 1
0.0114724 -3
0.0172086 0
0.0229448 7
0.028681 1
0.0344171 0
0.0401533 0
0.0458895 23
0.0516257 8
0.0573619 0
0.0630981 1
0.0688343 17
0.0745705 0
0.0803067 3
0.0860429 27
0.091779 0
0.0975152 -11.3333
0.103251 -7.33333
0.108988 -3.33333
0.114724 0
0.12046 15
0.126196 2.33333
0.131932 0
0.137669 1.33333
0.143405 21.3333
0.149141 -13
0.154877 11.5
0.160613 -1
0.16635 2.66667
0.172086 0
0.177822 0
0.183558 8.6
0.189294 0
0.19503 -4.4
0.200767 7.2
0.206503 6.33333
0.212239 5.5
0.217975 -9.6
0.223711 10.2
0.229448 0
0.235184 -0.2
0.24092 6.2
0.246656 0
0.252392 20.4
0.258129 18.6
0.263865 18
0.269601 0
0.275337 14.2
0.281073 11.1429
0.28681 0
0.292546 10
0.298282 21.4286
0.304018 17
0.309754 7.75
0.31549 10.7143
0.321227 11.7143
0.326963 0
0.332699 14.5714
0.338435 11.8571
0.344171 0
0.349908 10.7143
0.355644 11
0.36138 7.4
0.367116 -9
0.372852 11.7778
0.378589 -1.57143
0.384325 8.5
0.390061 17
0.395797 15.6667
0.401533 0
0.40727 15
0.413006 12.6667
0.418742 7.14286
0.424478 1.5
0.430214 11.4444
0.43595 9.66667
0.441687 0
0.447423 0.555556
0.453159 11.8889
0.458895 8
0.464631 27.1429
0.470368 19.7273
0.476104 12.7778
0.48184 21.5
0.487576 19.0909
0.493312 9.09091
0.499049 0
0.504785 8.45455
0.510521 18.2727
0.516257 5.2
0.521993 13.8333
0.52773 23.9091
0.533466 13.6667
0.539202 28.5
0.544938 25.1818
0.550674 18.4545
0.55641 0
0.562147 21
0.567883 18.1538
0.573619 26.1429
0.579355 16.8333
0.585091 26.3846
0.590828 70.1818
0.596564 14.5
0.6023 293.308
0.608036 133.154
0.613772 32.4
0.619509 30.875
0.625245 22.6923
0.630981 18.8889
0.636717 10.75
0.642453 24
0.64819 17.7692
0.653926 3
0.659662 15
0.665398 18.2
0.671134 12.1429
0.67687 23.75
0.682607 12.4667
0.688343 19.1818
0.694079 7.5
0.699815 16.6667
0.705551 13.4
0.711288 36
0.717024 17.1429
0.72276 20.8
0.728496 28.4444
0.734232 39.3333
0.739969 18.375
0.745705 28.0769
0.751441 22
0.757177 22.7647
0.762913 19.1176
0.76865 26.6
0.774386 17.6667
0.780122 10.0588
0.785858 14.0909
0.791594 26.8333
0.79733 21.0588
0.803067 19.5333
0.808803 34.5
0.814539 15.1176
0.820275 22.8235
0.826011 18.2222
0.831748 21.75
0.837484 20.7222
0.84322 13.2308
0.848956 23.3333
0.854692 17.1579
0.860429 19.4118
0.866165 9
0.871901 16.6875
0.877637 16.1579
0.883373 23.7273
0.88911 24.25
0.894846 16.6316
0.900582 11.2667
0.906318 33
0.912054 16.5263
0.91779 21.0588
0.923527 13.2222
0.929263 12
0.934999 18.0476
0.940735 20.1538
0.946471 18
0.952208 19.5238
0.957944 15.4118
0.96368 23.25
0.969416 16.619
0.975152 15.8947
0.980889 11.5455
0.986625 26.6667
0.992361 8.52381
0.998097 19.2667
1.00383 20.1667
1.00957 15.1905
1.01531 13.1765
1.02104 16.2
1.02678 14.4118
1.03251 21.7143
1.03825 10.7692
1.04399 27.6667
1.04972 13.5652
1.05546 17.0588
1.0612 13.8333
1.06693 17.3913
1.07267 17.1053
1.0784 26.5385
1.08414 9.85714
1.08988 15.9565
1.09561 14.4667
1.10135 18.25
1.10708 14
1.11282 18.2941
1.11856 12
1.12429 19.36
1.13003 14.7619
1.13577 14.6667
1.1415 24.4286
1.14724 17.92
1.15297 22.5333
1.15871 13.3
1.16445 10.6
1.17018 13.7368
1.17592 18.9231
1.18166 19.5
1.18739 20.1739
1.19313 21.1333
1.19886 28.3333
1.2046 18.84
1.21034 16.9444
1.21607 13.6667
1.22181 13.9259
1.22754 23.2857
1.23328 18.3529
1.23902 17.5
1.24475 16.8
1.25049 12.6471
1.25623 18.6667
1.26196 19.3333
1.2677 13.1579
1.27343 12.6923
1.27917 17.5455
1.28491 14.4783
1.29064 12.2941
1.29638 15.5714
1.30212 13.5185
1.30785 13.9444
1.31359 18.5833
1.31932 14
1.32506 11
1.3308 17.2353
1.33653 14.25
1.34227 14.44
1.348 15.1579
1.35374 14.2143
1.35948 13.2593
1.36521 15.8095
1.37095 20
1.37669 17.9655
1.38242 15.4783
1.38816 10.3529
1.39389 14.6316
1.39963 11.5926
1.40537 3.95
1.4111 11.5714
1.41684 12.3793
1.42258 10.6957
1.42831 18.4118
1.43405 20.0417
1.43978 21.12
1.44552 17.2857
1.45126 14.1875
1.45699 20.1724
1.46273 14.5714
1.46846 14
1.4742 10.6774
1.47994 18.4783
1.48567 12.95
1.49141 15.2857
1.49715 19.2222
1.50288 12.1739
1.50862 11.75
1.51435 10
1.52009 10.2
1.52583 4.93333
1.53156 17.7
1.5373 16.6
1.54304 15.8095
1.54877 10.85
1.55451 23.2759
1.56024 16.3913
1.56598 11.4286
1.57172 17.1935
1.57745 15.4
1.58319 9.15
1.58892 15.28
1.59466 16.4815
1.6004 17.28
1.60613 16.7222
1.61187 13.9032
1.61761 14.44
1.62334 13.3571
1.62908 15.7879
1.63481 20
1.64055 19.5217
1.64629 11.4091
1.65202 17.2069
1.65776 14.12
1.6635 12.25
1.66923 18.0968
1.67497 9
1.6807 19.1
1.68644 15.4643
1.69218 19.069
1.69791 17.76
1.70365 18.5455
1.70938 20.8065
1.71512 18.4074
1.72086 8.875
1.72659 14.303
1.73233 15.5172
1.73807 13.4348
1.7438 18.3846
1.74954 18.8621
1.75527 17.1481
1.76101 18.2632
1.76675 18.0909
1.77248 22.3214
1.77822 14.15
1.78396 18.9
1.78969 12.5806
1.79543 15.3704
1.80116 9.16667
1.8069 13.6774
1.81264 19.5517
1.81837 17.2222
1.82411 15.8
1.82984 18.9655
1.83558 12.8
1.84132 20.4615
1.84705 10.871
1.85279 14.5556
1.85853 23.6087
1.86426 18.4545
1.87 20.5
1.87573 21.8889
1.88147 18.8
1.88721 15.1212
1.89294 12.1481
1.89868 20.0769
1.90442 20.7273
1.91015 16.9677
1.91589 19.65
1.92162 25.1143
1.92736 25.1613
1.9331 19.08
1.93883 44.1071
1.94457 25.303
1.9503 21.0333
1.95604 24.5417
1.96178 23.3824
1.96751 18.4062
1.97325 18.95
1.97899 21.1351
1.98472 25.2121
1.99046 19
1.99619 31.8462
2.00193 19.1143
2.00767 17.4516
2.0134 21.25
2.01914 18.8
2.02488 23.2727
2.03061 23.08
2.03635 20.125
2.04208 20.2059
2.04782 20.0312
2.05356 18.4167
2.05929 17.4444
2.06503 20.6857
2.07076 17.6364
2.0765 22.4595
2.08224 20.3714
2.08797 17.5172
2.09371 20.75
2.09945 19.2703
2.10518 20.8182
2.11092 24.1667
2.11665 25.5946
2.12239 23
2.12813 15.913
2.13386 24.1667
2.1396 20.9167
2.14534 17.5625
2.15107 21.5
2.15681 19.7105
2.16254 23.4054
2.16828 17
2.17402 20.0769
2.17975 18.973
2.18549 23.3548
2.19122 25.8667
2.19696 21.1351
2.2027 20.0857
2.20843 24.5417
2.21417 29.6923
2.21991 62.027
2.22564 50.8182
2.23138 99.075
2.23711 59.2368
2.24285 30.5294
2.24859 26.1429
2.25432 27
2.26006 21.9744
2.2658 26.3636
2.27153 28.3171
2.27727 26.8718
2.283 26.4839
2.28874 25.7188
2.29448 23.9744
2.30021 28.1622
2.30595 21
2.31168 21.8974
2.31742 21.0769
2.32316 20.7727
2.32889 23.2619
2.33463 27.125
2.34037 22.8056
2.3461 22.3214
2.35184 25.9767
2.35757 25.8919
2.36331 24.9231
2.36905 26.9268
2.37478 22.1707
2.38052 28.6774
2.38626 28.1176
2.39199 25.9767
2.39773 24.5946
2.40346 23.0385
2.4092 22.7209
2.41494 22.5
2.42067 24.8636
2.42641 19.6591
2.43214 25.6667
2.43788 24
2.44362 27.3438
2.44935 22.4444
2.45509 24.9231
2.46083 25.2308
2.46656 21.1778
2.4723 24.7317
2.47803 22.7586
2.48377 22.875
2.48951 22.5116
2.49524 17.4103
2.50098 16.3077
2.50672 24.413
2.51245 18.5714
2.51819 16.6667
2.52392 23.6087
2.52966 23.0455
2.5354 16.2424
2.54113 22.3056
2.54687 24.3778
2.5526 23.1707
2.55834 21.4231
2.56408 24.2128
2.56981 20.5116
2.57555 29.6552
2.58129 24.1905
2.58702 21.7778
2.59276 17.8378
2.59849 20.7188
2.60423 24.5
2.60997 20.8409
2.6157 20.4167
2.62144 26.1042
2.62718 24.7872
2.63291 24.6857
2.63865 19.1111
2.64438 25.0213
2.65012 20.3171
2.65586 21.3333
2.66159 20.5106
2.66733 21.8222
2.67306 16.56
2.6788 22.75
2.68454 25.9787
2.69027 19.1795
2.69601 22.5758
2.70175 25
2.70748 22.7556
2.71322 20.8889
2.71895 26.125
2.72469 24.9184
2.73043 25.2
2.73616 21.0526
2.7419 23.6735
2.74764 21.6279
2.75337 17.4
2.75911 22.1224
2.76484 24.449
2.77058 28.625
2.77632 24.6531
2.78205 27.34
2.78779 26.7436
2.79352 25.6857
2.79926 23.0577
2.805 26.1556
2.81073 18.2963
2.81647 22.8868
2.82221 28.0612
2.82794 23.9189
2.83368 31.1842
2.83941 27.434
2.84515 24.1707
2.85089 25.6875
2.85662 25.8302
2.86236 21.9796
2.8681 25.25
2.87383 24.7736
2.87957 28.04
2.8853 23.2439
2.89104 26.1622
2.89678 25.8077
2.90251 28.5333
2.90825 26.3793
2.91398 24.9636
2.91972 32.0196
2.92546 32.6757
2.93119 20.6429
2.93693 32.1698
2.94267 24.5556
2.9484 30.3125
2.95414 25.1698
2.95987 29.4898
2.96561 27.9231
2.97135 26.6786
2.97708 26.2963
2.98282 24.6154
2.98856 29.1026
2.99429 28.7778
3.00003 24.5957
3.00576 26.4688
3.0115 27.2727
3.01724 24.7925
3.02297 26.5946
3.02871 26.7273
3.03444 28.9636
3.04018 22.9778
3.04592 27
3.05165 25.7273
3.05739 25.4902
3.06313 24.1724
3.06886 22.3929
3.0746 30.4182
3.08033 26.8409
3.08607 27.5405
3.09181 26.75
3.09754 28.6939
3.10328 26.4688
3.10902 24.8814
3.11475 25.8868
3.12049 32.3077
3.12622 30.2609
3.13196 28.5091
3.1377 24.4043
3.14343 26.8611
3.14917 33.7719
3.1549 35.8627
3.16064 33.8276
3.16638 30.2333
3.17211 29.7455
3.17785 30.2955
3.18359 34.2439
3.18932 31.9153
3.19506 32.0204
3.20079 30.7353
3.20653 31.7458
3.21227 32.3019
3.218 31.4634
3.22374 38.0625
3.22948 35.4407
3.23521 32.3556
3.24095 28.7895
3.24668 33.5833
3.25242 33.4528
3.25816 30.5882
3.26389 31.0175
3.26963 32.7368
3.27536 29.2174
3.2811 32.5122
3.28684 31.9016
3.29257 36.6735
3.29831 30.2778
3.30405 34.6667
3.30978 31.3273
3.31552 34.6744
3.32125 33.2708
3.32699 36.6491
3.33273 37.3137
3.33846 33.8684
3.3442 34.2581
3.34994 35.5882
3.35567 36.1316
3.36141 35.7966
3.36714 40.5789
3.37288 39.5625
3.37862 36.9545
3.38435 38.0328
3.39009 38.1132
3.39582 42.0556
3.40156 35.2222
3.4073 37.2
3.41303 38.9787
3.41877 41.3958
3.42451 35.918
3.43024 41.1633
3.43598 40
3.44171 39.8571
3.44745 40.6964
3.45319 43.0714
3.45892 37.9273
3.46466 42.2373
3.4704 38.42
3.47613 44.8182
3.48187 43.254
3.4876 43.8113
3.49334 41.6579
3.49908 41.5373
3.50481 41.8947
3.51055 42.4043
3.51628 42.3
3.52202 45.6557
3.52776 38.4444
3.53349 39.8293
3.53923 47
3.54497 51.9074
3.5507 48.9167
3.55644 51.4
3.56217 47.8305
3.56791 49.1321
3.57365 45.8696
3.57938 49.9846
3.58512 47.0727
3.59086 43.1053
3.59659 49.0896
3.60233 46.9831
3.60806 45.7059
3.6138 47.2083
3.61954 52.3492
3.62527 49.9107
3.63101 54.7805
3.63674 51.9254
3.64248 50.7586
3.64822 56.8542
3.65395 56.8246
3.65969 58.4426
3.66543 61.1818
3.67116 61.0652
3.6769 62.6508
3.68263 65.0492
3.68837 65.3684
3.69411 65.2899
3.69984 68.8136
3.70558 69.5472
3.71132 63.2745
3.71705 64.9538
3.72279 64.8929
3.72852 67.7674
3.73426 64.7761
3.74 69.371
3.74573 73
3.75147 75.0536
3.7572 66.7778
3.76294 72.7627
3.76868 79.1364
3.77441 73.0896
3.78015 78.2542
3.78589 80.2979
3.79162 81.3125
3.79736 81.8571
3.80309 86.0536
3.80883 91.7059
3.81457 90.5846
3.8203 93.4833
3.82604 107.767
3.83178 108.638
3.83751 114.339
3.84325 139.518
3.84898 150.741
3.85472 315.698
3.86046 1075.21
3.86619 303.522
3.87193 1665.26
3.87766 498.754
3.8834 206.608
3.88914 222.133
3.89487 207.508
3.90061 221.183
3.90635 238.816
3.91208 235.836
3.91782 226.812
3.92355 210.366
3.92929 182.634
3.93503 155.906
3.94076 141.847
3.9465 131.019
3.95224 120.075
3.95797 112.778
3.96371 106.391
3.96944 97.2535
3.97518 93.3016
3.98092 92.3273
3.98665 87.2759
3.99239 90.6324
3.99812 84.0161
4.00386 80.8775
4.0096 79.3478
4.01533 78.7812
4.02107 80.42
4.02681 79.9848
4.03254 73.2879
4.03828 76.2951
4.04401 74.0192
4.04975 70.9718
4.05549 72.9231
4.06122 75.9783
4.06696 75.1449
4.0727 71.3333
4.07843 72.2333
4.08417 69.9464
4.0899 74.5882
4.09564 68.7188
4.10138 71.56
4.10711 70.4444
4.11285 70.3636
4.11858 66.8571
4.12432 67.0645
4.13006 67.8696
4.13579 69.7936
4.14153 69.4423
4.14727 66.8493
4.153 67.5224
4.15874 69.4545
4.16447 71.0411
4.17021 68.7324
4.17595 67.0968
4.18168 70.0179
4.18742 68.3714
4.19316 68.0606
4.19889 68.16
4.20463 67.8784
4.21036 72.6029
4.2161 71.45
4.22184 70.7931
4.22757 72.3562
4.23331 66.6716
4.23904 68.28
4.24478 70.3867
4.25052 69.6087
4.25625 67.7636
4.26199 72.7188
4.26773 70.4722
4.27346 71.9394
4.2792 74.2321
4.28493 70.7778
4.29067 72.1714
4.29641 76.375
4.30214 77.0526
4.30788 76.9143
4.31362 90.0923
4.31935 80.3571
4.32509 110.04
4.33082 91.4058
4.33656 81.56
4.3423 81.6
4.34803 86.8082
4.35377 89.3871
4.3595 90.3833
4.36524 92.0541
4.37098 95.2857
4.37671 103.222
4.38245 99.3378
4.38819 107.125
4.39392 118.456
4.39966 119.754
4.40539 126.5
4.41113 142.841
4.41687 165.315
4.4226 163
4.42834 226.068
4.43408 551.229
4.43981 835.299
4.44555 2029.43
4.45128 7160.66
4.45702 8156.61
4.46276 2882.28
4.46849 2897.28
4.47423 894.722
4.47996 413.711
4.4857 233.527
4.49144 211.969
4.49717 182.651
4.50291 160.87
4.50865 159.225
4.51438 158.654
4.52012 145.443
4.52585 139.987
4.53159 133.211
4.53733 129.471
4.54306 109.812
4.5488 109.761
4.55454 98.3684
4.56027 95.4625
4.56601 90
4.57174 88
4.57748 74.5513
4.58322 77.859
4.58895 75.3881
4.59469 71.4754
4.60042 68.8101
4.60616 68.3333
4.6119 62.5
4.61763 64.6988
4.62337 61.026
4.62911 57.8413
4.63484 56.7031
4.64058 57.939
4.64631 60.5694
4.65205 50.375
4.65779 57.3
4.66352 57.9359
4.66926 52.1475
4.675 54.3521
4.68073 49.2692
4.68647 52.1233
4.6922 48.7241
4.69794 51.1605
4.70368 48.5714
4.70941 43.14
4.71515 49.1176
4.72088 49.1392
4.72662 49.058
4.73236 47.5556
4.73809 46.2317
4.74383 47.7949
4.74957 48.0962
4.7553 47.5714
4.76104 44.05
4.76677 42.7761
4.77251 49.7077
4.77825 46.2195
4.78398 46.5867
4.78972 44.7321
4.79546 42.9882
4.80119 43.038
4.80693 39.6462
4.81266 39.1
4.8184 41.119
4.82414 40.7945
4.82987 42.0328
4.83561 42.1071
4.84134 42.825
4.84708 39.0943
4.85282 41.1882
4.85855 44.1585
4.86429 45.3803
4.87003 36.4262
4.87576 43.2874
4.8815 39.8608
4.88723 40.6667
4.89297 40.4941
4.89871 38.8193
4.90444 36.3944
4.91018 38.7727
4.91592 37.7976
4.92165 39.7342
4.92739 38.1754
4.93312 35.6977
4.93886 35.7262
4.9446 36.4627
4.95033 34.7324
4.95607 40.3023
4.9618 39.7403
4.96754 36.9831
4.97328 34.3563
4.97901 35.0241
4.98475 35.377
4.99049 37.5
4.99622 40.0115
5.00196 40.2192
5.00769 39.9365
5.01343 35.6364
5.01917 36.759
5.0249 36.2642
5.03064 33.1667
5.03638 35.5814
5.04211 34.5333
5.04785 33.5692
5.05358 32.3953
5.05932 34.0617
5.06506 39.2931
5.07079 35.0449
5.07653 37.3908
5.08226 41.5211
5.088 33.7857
5.09374 37.9222
5.09947 33.2078
5.10521 36.1905
5.11095 36.9111
5.11668 35.4941
5.12242 33.6515
5.12815 32.974
5.13389 31.6
5.13963 36.5195
5.14536 35.5574
5.1511 32.087
5.15684 30.6627
5.16257 35.6508
5.16831 31.8452
5.17404 31.8539
5.17978 32.4935
5.18552 34.3333
5.19125 34.6222
5.19699 32.8675
5.20272 31.4915
5.20846 33.4239
5.2142 31.6629
5.21993 31
5.22567 30.9855
5.23141 33.4891
5.23714 31.3086
5.24288 30.3279
5.24861 31.8602
5.25435 32.1685
5.26009 30.9859
5.26582 31.2368
5.27156 29.3956
5.2773 30.8354
5.28303 30.5846
5.28877 33.7872
5.2945 31.9195
5.30024 31.6806
5.30598 32.3038
5.31171 32.618
5.31745 31.622
5.32318 31.9538
5.32892 34.883
5.33466 32.4598
5.34039 36.6212
5.34613 32.6047
5.35187 33.1209
5.3576 32.1235
5.36334 28.7727
5.36907 31.2812
5.37481 33.8471
5.38055 33.1475
5.38628 31.8542
5.39202 31.2747
5.39776 34.9625
5.40349 31.2394
5.40923 35.75
5.41496 34.4198
5.4207 28.9206
5.42644 33.3163
5.43217 29.5281
5.43791 34.6835
5.44364 31.2297
5.44938 32.8144
5.45512 32.2469
5.46085 32.0606
5.46659 32.4286
5.47233 31.4944
5.47806 33.5526
5.4838 30.321
5.48953 30.0108
5.49527 29.1071
5.50101 30.3433
5.50674 32.8469
5.51248 34.8202
5.51822 34.473
5.52395 33.2048
5.52969 29.1075
5.53542 31.7294
5.54116 34.2059
5.5469 28.6162
5.55263 32.9663
5.55837 37.75
5.5641 34.6742
5.56984 30.5914
5.57558 33.5714
5.58131 30.8904
5.58705 29.8586
5.59279 35.3864
5.59852 32.0476
5.60426 17.18
5.60999 29.7097
5.61573 30.1951
5.62147 29.0395
5.6272 35.8969
5.63294 31.9425
5.63868 31.4697
5.64441 30.8812
5.65015 35.2366
5.65588 35.9286
5.66162 30.6883
5.66736 37.4343
5.67309 34.8953
5.67883 29.9855
5.68456 32.6733
5.6903 31.6
5.69604 34.4878
5.70177 31.9518
5.70751 31.4842
5.71325 33.1705
5.71898 32.0278
5.72472 29.202
5.73045 32.2366
5.73619 30.8987
5.74193 31.8539
5.74766 30.6316
5.7534 34.375
5.75914 34.8028
5.76487 29.901
5.77061 34.8723
5.77634 33.3718
5.78208 31.1798
5.78782 34.701
5.79355 30.1047
5.79929 34.5067
5.80502 36.4455
5.81076 31.4516
5.8165 35.68
5.82223 34.0938
5.82797 31.268
5.83371 32.9535
5.83944 37.1519
5.84518 31.4646
5.85091 30.6146
5.85665 29.7385
5.86239 35.2381
5.86812 35.7959
5.87386 38.1977
5.8796 35.1013
5.88533 36.9703
5.89107 36.9239
5.8968 34.3768
5.90254 36.1238
5.90828 34.3535
5.91401 32.4235
5.91975 34
5.92548 34.6162
5.93122 35.383
5.93696 37.0274
5.94269 38.2476
5.94843 38.5625
5.95417 34.875
5.9599 36.6941
5.96564 35.7475
5.97137 37.3404
5.97711 33.6438
5.98285 37.8835
5.98858 37.2143
5.99432 36.7059
6.00006 34.8333
6.00579 39.2525
6.01153 40.6774
6.01726 38.64
6.023 41.7714
6.02874 40.3021
6.03447 41.0114
6.04021 42
6.04594 41.4184
6.05168 41.2708
6.05742 39.3896
6.06315 40.6381
6.06889 41.9896
6.07463 42.8571
6.08036 39.1064
6.0861 45.9184
6.09183 44.0515
6.09757 43.2949
6.10331 46.0571
6.10904 42.9375
6.11478 42.2791
6.12052 41.2292
6.12625 44.81
6.13199 44.766
6.13772 43.7073
6.14346 47.7157
6.1492 46.22
6.15493 46.325
6.16067 48.2941
6.1664 48.1735
6.17214 48.2872
6.17788 49.119
6.18361 49.5146
6.18935 49.0606
6.19509 52.1622
6.20082 48.578
6.20656 51.1275
6.21229 53.5938
6.21803 51.6829
6.22377 52.6698
6.2295 53.14
6.23524 55.0667
6.24098 57.6881
6.24671 56.1471
6.25245 55.8723
6.25818 59.4767
6.26392 58.9804
6.26966 63.8922
6.27539 59.2632
6.28113 66.1284
6.28686 67.3465
6.2926 72.2188
6.29834 79.5114
6.30407 102.885
6.30981 144.647
6.31555 518.526
6.32128 1099.46
6.32702 453.856
6.33275 283.219
6.33849 141.261
6.34423 90.7885
6.34996 86.1471
6.3557 79.8718
6.36144 80.6667
6.36717 81.8286
6.37291 86.0842
6.37864 83.4667
6.38438 88.5472
6.39012 90.2941
6.39585 85.6
6.40159 85.4074
6.40732 76.963
6.41306 73.4149
6.4188 71.3261
6.42453 68.5283
6.43027 64.6274
6.43601 62.1707
6.44174 64.5755
6.44748 54.7593
6.45321 57.766
6.45895 58.7935
6.46469 58.9524
6.47042 56.233
6.47616 53.7738
6.4819 52.0636
6.48763 50.8148
6.49337 51.0645
6.4991 53.4211
6.50484 50.1111
6.51058 49.0196
6.51631 49.2738
6.52205 49.6636
6.52778 48.6111
6.53352 50.1087
6.53926 48.4479
6.54499 47.6667
6.55073 48.9417
6.55647 47.4286
6.5622 46.7788
6.56794 50.0833
6.57367 43.8064
6.57941 48.3368
6.58515 48.0982
6.59088 48.5096
6.59662 46.75
6.60236 48.9211
6.60809 49.3868
6.61383 49.6344
6.61956 47.7423
6.6253 46.8125
6.63104 49.3039
6.63677 44.5698
6.64251 47.2281
6.64824 46.2617
6.65398 44.9121
6.65972 45.3431
6.66545 44.4464
6.67119 46.6058
6.67693 42.5
6.68266 46.8707
6.6884 44.9259
6.69413 46.2198
6.69987 48.4175
6.70561 47.4196
6.71134 47.7788
6.71708 46.0227
6.72282 46
6.72855 44.4907
6.73429 48.0449
6.74002 48.0472
6.74576 44.7913
6.7515 46.4854
6.75723 45.7191
6.76297 44.931
6.7687 45.0893
6.77444 44.6742
6.78018 45.4952
6.78591 47.8793
6.79165 47.0093
6.79739 44.7356
6.80312 46.3158
6.80886 44.1607
6.81459 41.4506
6.82033 45.1143
6.82607 42.4138
6.8318 43.5524
6.83754 44.9773
6.84328 42.3475
6.84901 44.1161
6.85475 44.3517
6.86048 47.5505
6.86622 45.75
6.87196 47.757
6.87769 47.931
6.88343 43.8136
6.88916 42.7807
6.8949 46.7011
6.90064 43.469
6.90637 45.8772
6.91211 42.6916
6.91785 43.954
6.92358 44.8347
6.92932 42.9115
6.93505 44.5618
6.94079 43.823
6.94653 45.319
6.95226 43.1495
6.958 45.7473
6.96374 46.1417
6.96947 46.9649
6.97521 46.8132
6.98094 47.3784
6.98668 44.5086
6.99242 43.0367
6.99815 46.3146
7.00389 45.5667
7.00962 46.9052
7.01536 44.5385
7.0211 46.0545
7.02683 45.4098
7.03257 45.028
7.03831 45.1075
7.04404 46.2131
7.04978 45.2783
7.05551 46.883
7.06125 46.1743
7.06699 42.6557
7.07272 44.3945
7.07846 45.1348
7.0842 43.418
7.08993 47.4483
7.09567 45.4516
7.1014 45.6814
7.10714 46.8908
7.11288 46.0826
7.11861 48.5161
7.12435 47.2177
7.13008 50
7.13582 46.0312
7.14156 48.5405
7.14729 49.3917
7.15303 45.1743
7.15877 48.6774
7.1645 47.5806
7.17024 50.6218
7.17597 44.6429
7.18171 48.2897
7.18745 48.377
7.19318 50.6126
7.19892 48.6044
7.20466 48.7087
7.21039 50.3248
7.21613 51.14
7.22186 50.4954
7.2276 49.4841
7.23334 46.5586
7.23907 48.8462
7.24481 48.9286
7.25054 47.1429
7.25628 49.74
7.26202 48.2342
7.26775 50.6148
7.27349 48.5766
7.27923 50.828
7.28496 47.8571
7.2907 49.7647
7.29643 51.1068
7.30217 48.2844
7.30791 51.4436
7.31364 49.4615
7.31938 51.0562
7.32512 50.5154
7.33085 51.562
7.33659 50.1731
7.34232 51.7143
7.34806 53.9077
7.3538 53.2162
7.35953 50.4086
7.36527 51.8438
7.371 58.7851
7.37674 57.0673
7.38248 59.3303
7.38821 60.72
7.39395 70.4224
7.39969 101.387
7.40542 142.785
7.41116 171.236
7.41689 184.292
7.42263 93.5234
7.42837 75.9921
7.4341 70.5042
7.43984 68.0562
7.44558 66.097
7.45131 66.4297
7.45705 66.4091
7.46278 70.6311
7.46852 67.7385
7.47426 73.6667
7.47999 73.8222
7.48573 74.4318
7.49146 77.4
7.4972 75.0727
7.50294 72.6542
7.50867 71.1172
7.51441 68.3361
7.52015 64.4505
7.52588 62.2273
7.53162 61.288
7.53735 57.8839
7.54309 58.4369
7.54883 56.5076
7.55456 55.9496
7.5603 56.5955
7.56604 50.9851
7.57177 53.512
7.57751 52.3707
7.58324 52.835
7.58898 51.4504
7.59472 49.7541
7.60045 49.62
7.60619 47.9187
7.61192 50.1085
7.61766 50.8276
7.6234 50.901
7.62913 50.5379
7.63487 49.0661
7.64061 50.2451
7.64634 50.813
7.65208 52.6357
7.65781 50.4915
7.66355 52.4286
7.66929 52.2741
7.67502 53.0726
7.68076 51.4717
7.6865 51.3193
7.69223 50.6183
7.69797 54.7203
7.7037 52.3465
7.70944 55.1194
7.71518 54.8862
7.72091 56.6545
7.72665 56.8034
7.73238 66.6357
7.73812 85.0984
7.74386 107.289
7.74959 80.3913
7.75533 59.848
7.76107 57.0357
7.7668 59.2
7.77254 53.6718
7.77827 55.8115
7.78401 55.9899
7.78975 53.9926
7.79548 53.0859
7.80122 54.9224
7.80696 55.8198
7.81269 54.9248
7.81843 55.0161
7.82416 52.9579
7.8299 53.9929
7.83564 55.1181
7.84137 53.3707
7.84711 49.964
7.85284 50.1374
7.85858 46.4922
7.86432 46.0412
7.87005 44.5468
7.87579 48.1797
7.88153 42.6475
7.88726 44.6822
7.893 43.2667
7.89873 43.5781
7.90447 45.3333
7.91021 43.8647
7.91594 43.2595
7.92168 43.2167
7.92742 43.4476
7.93315 42.6277
7.93889 40.0079
7.94462 41.2544
7.95036 39.0492
7.9561 41.2045
7.96183 39.373
7.96757 42.0476
7.9733 40.6788
7.97904 40.6692
7.98478 36.3393
7.99051 41.168
7.99625 39.6842
8.00199 40.5403
8.00772 37.0792
8.01346 39.1151
8.01919 37.2121
8.02493 36.0678
8.03067 39.7719
8.0364 39.8162
8.04214 41.2812
8.04788 37.8447
8.05361 35.6187
8.05935 38.0147
8.06508 38.4068
8.07082 35.547
8.07656 36.6204
8.08229 35.9922
8.08803 37.8687
8.09376 36.6014
8.0995 35.4545
8.10524 34.9836
8.11097 37.5664
8.11671 36.3139
8.12245 36.1783
8.12818 37.6339
8.13392 35.5833
8.13965 33.3551
8.14539 33.629
8.15113 33.018
8.15686 30.7226
8.1626 30.6061
8.16834 26.6864
8.17407 25.1587
8.17981 21.5224
8.18554 22.3
8.19128 19.6822
8.19702 19.2374
8.20275 18.5299
8.20849 15.4661
8.21422 15.6048
8.21996 15.4275
8.2257 14.7734
8.23143 11.6729
8.23717 8.96504
8.24291 6.08642
8.24864 11.4
8.25438 11.5789
8.26011 7.84211
8.26585 -1.55556
8.27159 0
8.27732 0
8.28306 0
8.2888 0
8.29453 0
8.30027 0
8.306 0
8.31174 0
8.31748 0
8.32321 0
8.32895 0
8.33468 0
8.34042 0
8.34616 0
8.35189 0
8.35763 0
8.36337 0
8.3691 0
8.37484 0
8.38057 0
8.38631 0
8.39205 0
8.39778 0
8.40352 0
8.40926 0
8.41499 0
8.42073 0
8.42646 0
8.4322 0
8.43794 0
8.44367 0
8.44941 0
8.45514 0
8.46088 0
8.46662 0
8.47235 0
8.47809 0
8.48383 0
8.48956 0
8.4953 0
8.50103 0
8.50677 0
8.51251 0
8.51824 0
8.52398 0
8.52972 0
8.53545 0
8.54119 0
8.54692 0
8.55266 0
8.5584 0
8.56413 0
8.56987 0
8.5756 0
8.58134 0
8.58708 0
8.59281 0
8.59855 0
8.60429 0
8.61002 0
8.61576 0
8.62149 0
8.62723 0
8.63297 0
8.6387 0
8.64444 0
8.65018 0
8.65591 0
8.66165 0
8.66738 0
8.67312 0
8.67886 0
8.68459 0
8.69033 0
8.69606 0
8.7018 0
8.70754 0
8.71327 0
8.71901 0
8.72475 0
8.73048 0
8.73622 0
8.74195 0
8.74769 0
8.75343 0
8.75916 0
8.7649 0
8.77064 0
8.77637 0
8.78211 0
8.78784 0
8.79358 0
8.79932 0
8.80505 0
8.81079 0
8.81652 0
8.82226 0
8.828 0
8.83373 0
8.83947 0
8.84521 0
8.85094 0
8.85668 0
8.86241 0
8.86815 0
8.87389 0
8.87962 0
8.88536 0
8.8911 0
8.89683 0
8.90257 0
8.9083 0
8.91404 0
8.91978 0
8.92551 0
8.93125 0
8.93698 0
8.94272 0
8.94846 0
8.95419 0
8.95993 0
8.96567 0
8.9714 0
8.97714 0
8.98287 0
8.98861 0
8.99435 0
9.00008 0
9.00582 0
9.01156 0
9.01729 0
9.02303 0
9.02876 0
9.0345 0
9.04024 0
9.04597 0
9.05171 0
9.05744 0
9.06318 0
9.06892 0
9.07465 0
9.08039 0
9.08613 0
9.09186 0
9.0976 0
9.10333 0
9.10907 0
9.11481 0
9.12054 0
9.12628 0
9.13202 0
9.13775 0
9.14349 0
9.14922 0
9.15496 0
9.1607 0
9.16643 0
9.17217 0
9.1779 0
9.18364 0
9.18938 0
9.19511 0
9.20085 0
9.20659 0
9.21232 0
9.21806 0
9.22379 0
9.22953 0
9.23527 0
9.241 0
9.24674 0
9.25248 0
9.25821 0
9.26395 0
9.26968 0
9.27542 0
9.28116 0
9.28689 0
9.29263 0
9.29836 0
9.3041 0
9.30984 0
9.31557 0
9.32131 0
9.32705 0
9.33278 0
9.33852 0
9.34425 0
9.34999 0
9.35573 0
9.36146 0
9.3672 0
9.37294 0
9.37867 0
9.38441 0
9.39014 0
9.39588 0
9.40162 0
9.40735 0
9.41309 0
9.41882 0
9.42456 0
9.4303 0
9.43603 0
9.44177 0
9.44751 0
9.45324 0
9.45898 0
9.46471 0
9.47045 0
9.47619 0
9.48192 0
9.48766 0
9.4934 0
9.49913 0
9.50487 0
9.5106 0
9.51634 0
9.52208 0
9.52781 0
9.53355 0
9.53928 0
9.54502 0
9.55076 0
9.55649 0
9.56223 0
9.56797 0
9.5737 0
9.57944 0
9.58517 0
9.59091 0
9.59665 0
9.60238 0
9.60812 0
9.61386 0
9.61959 0
9.62533 0
9.63106 0
9.6368 0
9.64254 0
9.64827 0
9.65401 0
9.65974 0
9.66548 0
9.67122 0
9.67695 0
9.68269 0
9.68843 0
9.69416 0
9.6999 0
9.70563 0
9.71137 0
9.71711 0
9.72284 0
9.72858 0
9.73432 0
9.74005 0
9.74579 0
9.75152 0
9.75726 0
9.763 0
9.76873 0
9.77447 0
9.7802 0
9.78594 0
9.79168 0
9.79741 0
9.80315 0
9.80889 0
9.81462 0
9.82036 0
9.82609 0
9.83183 0
9.83757 0
9.8433 0
9.84904 0
9.85478 0
9.86051 0
9.86625 0
9.87198 0
9.87772 0
9.88346 0
9.88919 0
9.89493 0
9.90066 0
9.9064 0
9.91214 0
9.91787 0
9.92361 0
9.92935 0
9.93508 0
9.94082 0
9.94655 0
9.95229 0
9.95803 0
9.96376 0
9.9695 0
9.97524 0
9.98097 0
9.98671 0
9.99244 0
9.99818 0
10.0039 0
10.0097 0
10.0154 0
10.0211 0
10.0269 0
10.0326 0
10.0383 0
10.0441 0
10.0498 0
10.0555 0
10.0613 0
10.067 0
10.0728 0
10.0785 0
10.0842 0
10.09 0
10.0957 0
10.1014 0
10.1072 0
10.1129 0
10.1186 0
10.1244 0
10.1301 0
10.1358 0
10.1416 0
10.1473 0
10.1531 0
10.1588 0
10.1645 0
10.1703 0
10.176 0
10.1817 0
10.1875 0
10.1932 0
10.1989 0
10.2047 0
10.2104 0
10.2162 0
10.2219 0
10.2276 0
10.2334 0
10.2391 0
10.2448 0
10.2506 0
10.2563 0
10.262 0
10.2678 0
10.2735 0
10.2793 0
10.285 0
10.2907 0
10.2965 0
10.3022 0
10.3079 0
10.3137 0
10.3194 0
10.3251 0
10.3309 0
10.3366 0
10.3424 0
10.3481 0
10.3538 0
10.3596 0
10.3653 0
10.371 0
10.3768 0
10.3825 0
10.3882 0
10.394 0
10.3997 0
10.4054 0
10.4112 0
10.4169 0
10.4227 0
10.4284 0
10.4341 0
10.4399 0
10.4456 0
10.4513 0
10.4571 0
10.4628 0
10.4685 0
10.4743 0
10.48 0
10.4858 0
10.4915 0
10.4972 0
10.503 0
10.5087 0
10.5144 0
10.5202 0
10.5259 0
10.5316 0
10.5374 0
10.5431 0
10.5489 0
10.5546 0
10.5603 0
10.5661 0
10.5718 0
10.5775 0
10.5833 0
10.589 0
10.5947 0
10.6005 0
10.6062 0
10.612 0
10.6177 0
10.6234 0
10.6292 0
10.6349 0
10.6406 0
10.6464 0
10.6521 0
10.6578 0
10.6636 0
10.6693 0
10.6751 0
10.6808 0
10.6865 0
10.6923 0
10.698 0
10.7037 0
10.7095 0
10.7152 0
10.7209 0
10.7267 0
10.7324 0
10.7381 0
10.7439 0
10.7496 0
10.7554 0
10.7611 0
10.7668 0
10.7726 0
10.7783 0
10.784 0
10.7898 0
10.7955 0
10.8012 0
10.807 0
10.8127 0
10.8185 0
10.8242 0
10.8299 0
10.8357 0
10.8414 0
10.8471 0
10.8529 0
10.8586 0
10.8643 0
10.8701 0
10.8758 0
10.8816 0
10.8873 0
10.893 0
10.8988 0
10.9045 0
10.9102 0
10.916 0
10.9217 0
10.9274 0
10.9332 0
10.9389 0
10.9447 0
10.9504 0
10.9561 0
10.9619 0
10.9676 0
10.9733 0
10.9791 0
10.9848 0
10.9905 0
10.9963 0
11.002 0
11.0077 0
11.0135 0
11.0192 0
11.025 0
11.0307 0
11.0364 0
11.0422 0
11.0479 0
11.0536 0
11.0594 0
11.0651 0
11.0708 0
11.0766 0
11.0823 0
11.0881 0
11.0938 0
11.0995 0
11.1053 0
11.111 0
11.1167 0
11.1225 0
11.1282 0
11.1339 0
11.1397 0
11.1454 0
11.1512 0
11.1569 0
11.1626 0
11.1684 0
11.1741 0
11.1798 0
11.1856 0
11.1913 0
11.197 0
11.2028 0
11.2085 0
11.2143 0
11.22 0
11.2257 0
11.2315 0
11.2372 0
11.2429 0
11.2487 0
11.2544 0
11.2601 0
11.2659 0
11.2716 0
11.2774 0
11.2831 0
11.2888 0
11.2946 0
11.3003 0
11.306 0
11.3118 0
11.3175 0
11.3232 0
11.329 0
11.3347 0
11.3404 0
11.3462 0
11.3519 0
11.3577 0
11.3634 0
11.3691 0
11.3749 0
11.3806 0
11.3863 0
11.3921 0
11.3978 0
11.4035 0
11.4093 0
11.415 0
11.4208 0
11.4265 0
11.4322 0
11.438 0
11.4437 0
11.4494 0
11.4552 0
11.4609 0
11.4666 0
11.4724 0
11.4781 0
11.4839 0
11.4896 0
11.4953 0
11.5011 0
11.5068 0
11.5125 0
11.5183 0
11.524 0
11.5297 0
11.5355 0
11.5412 0
11.547 0
11.5527 0
11.5584 0
11.5642 0
11.5699 0
11.5756 0
11.5814 0
11.5871 0
11.5928 0
11.5986 0
11.6043 0
11.61 0
11.6158 0
11.6215 0
11.6273 0
11.633 0
11.6387 0
11.6445 0
11.6502 0
11.6559 0
11.6617 0
11.6674 0
11.6731 0
11.6789 0
11.6846 0
11.6904 0
11.6961 0
11.7018 0
11.7076 0
11.7133 0
11.719 0
11.7248 0
11.7305 0
11.7362 0
11.742 0
