0 24
0.00573619 6
0.0114724 -42
0.0172086 0
0.0229448 3
0.028681 -2
0.0344171 0
0.0401533 -3
0.0458895 -10
0.0516257 28
0.0573619 0
0.0630981 0
0.0688343 -11
0.0745705 0
0.0803067 -11
0.0860429 -3
0.091779 0
0.0975152 -2
0.103251 13
0.108988 4.66667
0.114724 0
0.12046 0
0.126196 11.3333
0.131932 0
0.137669 -6.33333
0.143405 3
0.149141 -20
0.154877 4.5
0.160613 -0.333333
0.16635 5.33333
0.172086 0
0.177822 -0.666667
0.183558 -4.4
0.189294 0
0.19503 10
0.200767 -14
0.206503 2.66667
0.212239 -4
0.217975 11
0.223711 -3
0.229448 0
0.235184 0.8
0.24092 5.6
0.246656 0
0.252392 19.8
0.258129 10.2
0.263865 19.8
0.269601 0
0.275337 18
0.281073 26.4286
0.28681 0
0.292546 21.7143
0.298282 8
0.304018 1
0.309754 14.5
0.31549 16.1429
0.321227 7.85714
0.326963 0
0.332699 9.71429
0.338435 12.7143
0.344171 0
0.349908 3.28571
0.355644 -3.28571
0.36138 7.2
0.367116 13.5
0.372852 9.44444
0.378589 12.7143
0.384325 -0.5
0.390061 3.33333
0.395797 10.5556
0.401533 0
0.40727 11.3333
0.413006 9.77778
0.418742 6.57143
0.424478 5.5
0.430214 20.3333
0.43595 12.2222
0.441687 0
0.447423 20.6667
0.453159 5.88889
0.458895 10.6667
0.464631 1.71429
0.470368 13.4545
0.476104 15.1111
0.48184 33
0.487576 12.6364
0.493312 20.5455
0.499049 0
0.504785 13.2727
0.510521 16.9091
0.516257 20.6
0.521993 16.8333
0.52773 14.9091
0.533466 5.33333
0.539202 14
0.544938 9.09091
0.550674 15.8182
0.55641 0
0.562147 10.6154
0.567883 16.3846
0.573619 9.85714
0.579355 18.8333
0.585091 5.30769
0.590828 21.3636
0.596564 4.5
0.6023 24.3077
0.608036 18
0.613772 23.4
0.619509 22.875
0.625245 19.6154
0.630981 14.8889
0.636717 18.25
0.642453 15
0.64819 11.2308
0.653926 11
0.659662 22.9333
0.665398 19.8667
0.671134 11
0.67687 10.5
0.682607 19.8667
0.688343 11.3636
0.694079 30.5
0.699815 20.4
0.705551 19.6
0.711288 18
0.717024 17.1429
0.72276 19.6667
0.728496 14.1111
0.734232 29.1667
0.739969 12.375
0.745705 10.5385
0.751441 15.25
0.757177 14.9412
0.762913 10.4118
0.76865 27.4
0.774386 12.0833
0.780122 17.5882
0.785858 22.1818
0.791594 20
0.79733 16.7059
0.803067 11.7333
0.808803 27
0.814539 16.6471
0.820275 18.9412
0.826011 12.6667
0.831748 20.25
0.837484 14.6667
0.84322 18.3846
0.848956 8.5
0.854692 19.0526
0.860429 13.0588
0.866165 11
0.871901 11.8125
0.877637 11.4737
0.883373 14.1818
0.88911 13.5
0.894846 22.1053
0.900582 18.9333
0.906318 15
0.912054 16
0.91779 15.7647
0.923527 6.55556
0.929263 12.9231
0.934999 16.0952
0.940735 15.2308
0.946471 10
0.952208 14.0476
0.957944 9
0.96368 15.75
0.969416 13.9524
0.975152 14.6842
0.980889 20.5455
0.986625 21.25
0.992361 12.2857
0.998097 14.2
1.00383 23.8333
1.00957 12.5238
1.01531 16.5294
1.02104 17.9
1.02678 9
1.03251 10.7619
1.03825 10.5385
1.04399 3.08333
1.04972 16.7391
1.05546 12.5882
1.0612 10.1667
1.06693 14.3913
1.07267 14.5263
1.0784 18.1538
1.08414 6.92857
1.08988 14.2174
1.09561 12.2667
1.10135 20.5
1.10708 12.7826
1.11282 8.76471
1.11856 27
1.12429 18.88
1.13003 10.3333
1.13577 13.1333
1.1415 12.2143
1.14724 15
1.15297 10
1.15871 15.2
1.16445 18.6
1.17018 7.36842
1.17592 13.9231
1.18166 13.4444
1.18739 10.7391
1.19313 14.5333
1.19886 16.9167
1.2046 14.72
1.21034 15.6111
1.21607 15.1111
1.22181 16.2222
1.22754 7.80952
1.23328 15.2353
1.23902 15.625
1.24475 15.6
1.25049 11.6471
1.25623 15.6667
1.26196 14.3704
1.2677 14.7895
1.27343 20.9231
1.27917 15.0909
1.28491 15.7391
1.29064 12
1.29638 15.2143
1.30212 9.92593
1.30785 14.1667
1.31359 10.1667
1.31932 17.1379
1.32506 6.7619
1.3308 14.2941
1.33653 9.4
1.34227 4.52
1.348 14.7895
1.35374 12.1429
1.35948 12.6296
1.36521 14.4286
1.37095 10.3
1.37669 15.6897
1.38242 11.6522
1.38816 12.5294
1.39389 15.8421
1.39963 11.1481
1.40537 13.7
1.4111 19.7143
1.41684 12.3448
1.42258 10.7826
1.42831 16.2353
1.43405 13.9583
1.43978 10.48
1.44552 13.9048
1.45126 11.1875
1.45699 16.8621
1.46273 14.1905
1.46846 12.75
1.4742 10.1935
1.47994 10.6957
1.48567 15.45
1.49141 11.7619
1.49715 10.8519
1.50288 12.1739
1.50862 13.375
1.51435 11.6897
1.52009 16.52
1.52583 13.2
1.53156 9.66667
1.5373 12.24
1.54304 12.619
1.54877 10.95
1.55451 14.2414
1.56024 17.3478
1.56598 15.2857
1.57172 10.9032
1.57745 17.76
1.58319 11.15
1.58892 14.08
1.59466 10.9259
1.6004 10.44
1.60613 13.3333
1.61187 13.8387
1.61761 6.76
1.62334 17.7857
1.62908 9.24242
1.63481 10.8889
1.64055 16.8696
1.64629 14.8182
1.65202 9.10345
1.65776 13.56
1.6635 24.125
1.66923 14.9032
1.67497 17.6071
1.6807 10.5
1.68644 14.1071
1.69218 14.8621
1.69791 12.4
1.70365 16.1818
1.70938 18.3871
1.71512 14.963
1.72086 14.125
1.72659 12.6364
1.73233 19.4138
1.73807 13.3043
1.7438 13.8846
1.74954 11.2069
1.75527 8.2963
1.76101 4.36842
1.76675 16.5152
1.77248 13.5357
1.77822 20
1.78396 13.2333
1.78969 13.7742
1.79543 15.7037
1.80116 15.1667
1.8069 18.8065
1.81264 20.7931
1.81837 20.5556
1.82411 22.4571
1.82984 14
1.83558 19.76
1.84132 14.5385
1.84705 16.3871
1.85279 15.1852
1.85853 20.0435
1.86426 15.4848
1.87 17.1
1.87573 19.1111
1.88147 19.3429
1.88721 17.4848
1.89294 15.5926
1.89868 17.8846
1.90442 19.0303
1.91015 21.8387
1.91589 23.3
1.92162 24.0857
1.92736 35.6774
1.9331 26.24
1.93883 31.2857
1.94457 23.2424
1.9503 24.3667
1.95604 23.4167
1.96178 30.6471
1.96751 22.0312
1.97325 24.25
1.97899 17.0811
1.98472 20.7879
1.99046 19.5862
1.99619 20.4615
2.00193 19.4571
2.00767 16.0968
2.0134 19.9583
2.01914 12.9429
2.02488 16.5758
2.03061 19.56
2.03635 17.4688
2.04208 15.5588
2.04782 18.1875
2.05356 15.125
2.05929 16.8889
2.06503 16.8
2.07076 20.4091
2.0765 18.8649
2.08224 16.4286
2.08797 20.8621
2.09371 18.5357
2.09945 16.5676
2.10518 19.697
2.11092 18.0417
2.11665 17.9189
2.12239 15.7714
2.12813 16.6957
2.13386 19.7222
2.1396 15.9444
2.14534 22.2188
2.15107 17.7692
2.15681 19.7632
2.16254 17.3514
2.16828 17.0455
2.17402 15.5641
2.17975 14.4324
2.18549 20.129
2.19122 18.5
2.19696 17.6486
2.2027 22.5714
2.20843 23.5
2.21417 41.8205
2.21991 130.757
2.22564 52.9545
2.23138 84.475
2.23711 43.6053
2.24285 27.3235
2.24859 26.5714
2.25432 24.0256
2.26006 22.5641
2.2658 27.3636
2.27153 22.0732
2.27727 19.2821
2.283 20.3548
2.28874 20.3125
2.29448 19.7436
2.30021 15.4865
2.30595 20.9615
2.31168 21.2821
2.31742 20.3846
2.32316 22.9091
2.32889 21.6667
2.33463 21.775
2.34037 12.4167
2.3461 21.1071
2.35184 22.2558
2.35757 22.6486
2.36331 26.7308
2.36905 22.6829
2.37478 22.4878
2.38052 25.8065
2.38626 24.9118
2.39199 21.7674
2.39773 22.7027
2.40346 27.5
2.4092 18.2093
2.41494 16.225
2.42067 15.0909
2.42641 17.3864
2.43214 21.0238
2.43788 21.3429
2.44362 20.2188
2.44935 19.8222
2.45509 19.1795
2.46083 15.6923
2.46656 18.5111
2.4723 18.561
2.47803 17.0345
2.48377 23.65
2.48951 21.907
2.49524 22.2308
2.50098 19.3462
2.50672 18.7609
2.51245 20
2.51819 12.8333
2.52392 22.8261
2.52966 18.6818
2.5354 15.5455
2.54113 19.9167
2.54687 17.2667
2.5526 17.7317
2.55834 18.6923
2.56408 20.1702
2.56981 18.3023
2.57555 18.7241
2.58129 17.1429
2.58702 14.5111
2.59276 14.1892
2.59849 19.375
2.60423 20.3478
2.60997 18.7045
2.6157 15.375
2.62144 17.2708
2.62718 20.5532
2.63291 18.8857
2.63865 16.1944
2.64438 17.9574
2.65012 20
2.65586 20.7333
2.66159 22.0638
2.66733 19.5333
2.67306 18.44
2.6788 14.6042
2.68454 17.234
2.69027 17.0256
2.69601 22.7576
2.70175 18.1042
2.70748 18.2
2.71322 21.4074
2.71895 19.25
2.72469 20.1224
2.73043 15.3714
2.73616 25.7105
2.7419 19.7551
2.74764 22.093
2.75337 19.7
2.75911 19.2041
2.76484 19.7755
2.77058 18.9167
2.77632 18.898
2.78205 14.94
2.78779 18.5128
2.79352 18.4
2.79926 20.8462
2.805 21.3778
2.81073 23
2.81647 21.7547
2.82221 18.9796
2.82794 19.027
2.83368 18.3947
2.83941 19
2.84515 16.4634
2.85089 17.0938
2.85662 20.283
2.86236 20.9592
2.8681 20.125
2.87383 20.5849
2.87957 18.56
2.8853 20.5854
2.89104 19.7568
2.89678 21
2.90251 20
2.90825 20.4483
2.91398 18.4364
2.91972 19.8235
2.92546 16.8649
2.93119 17.1429
2.93693 24.1509
2.94267 18.9556
2.9484 17
2.95414 19.2453
2.95987 21.6531
2.96561 22.5769
2.97135 21.25
2.97708 21.2593
2.98282 21.3333
2.98856 22.4872
2.99429 23.0556
3.00003 24.234
3.00576 17.0312
3.0115 21.8545
3.01724 18.9245
3.02297 23.7838
3.02871 24.2955
3.03444 22.5818
3.04018 22.5556
3.04592 20.9412
3.05165 18.3273
3.05739 23.098
3.06313 21.5172
3.06886 22
3.0746 20.6909
3.08033 19.1136
3.08607 21.8919
3.09181 22.0893
3.09754 21.0408
3.10328 26.3125
3.10902 25.8305
3.11475 24.9811
3.12049 22.3846
3.12622 25.8478
3.13196 23.4182
3.1377 20.4894
3.14343 21.5278
3.14917 26.1228
3.1549 29.9804
3.16064 35
3.16638 28.1167
3.17211 22.7636
3.17785 20.8636
3.18359 21.1951
3.18932 25.5424
3.19506 27.102
3.20079 30
3.20653 30.1186
3.21227 25.5094
3.218 22.7073
3.22374 24.2708
3.22948 26.7119
3.23521 24.4667
3.24095 23.1316
3.24668 24.8333
3.25242 28.8113
3.25816 28.1176
3.26389 26.7719
3.26963 27.0175
3.27536 26.9348
3.2811 22.0488
3.28684 28.3607
3.29257 29.5714
3.29831 25.8611
3.30405 29.3175
3.30978 28.8909
3.31552 29.7674
3.32125 27.2292
3.32699 32.2105
3.33273 28.7647
3.33846 28.1053
3.3442 30.2581
3.34994 32.7647
3.35567 31.7895
3.36141 30.322
3.36714 31.4737
3.37288 31.1458
3.37862 33.2045
3.38435 31.4918
3.39009 35.5283
3.39582 27.1111
3.40156 30.6667
3.4073 30.6727
3.41303 33.234
3.41877 33.9375
3.42451 33.6393
3.43024 35.898
3.43598 32.7561
3.44171 34.2698
3.44745 31.1786
3.45319 33.0714
3.45892 34.3818
3.46466 37.0169
3.4704 31.68
3.47613 35.3864
3.48187 33.254
3.4876 33.1132
3.49334 35.4474
3.49908 30.3731
3.50481 30.3509
3.51055 35.0426
3.51628 35.88
3.52202 36.8033
3.52776 39.7778
3.53349 33.5854
3.53923 39.3846
3.54497 43.7593
3.5507 47.5417
3.55644 51.5273
3.56217 52.2542
3.56791 47.7925
3.57365 44.6522
3.57938 41.8769
3.58512 38.8727
3.59086 41.2632
3.59659 39.8209
3.60233 41.4576
3.60806 41.2941
3.6138 39.7083
3.61954 43.5873
3.62527 43.8571
3.63101 39.4878
3.63674 43.7313
3.64248 44.7069
3.64822 46.875
3.65395 52.5439
3.65969 54.541
3.66543 55.4727
3.67116 56.2174
3.6769 55.2063
3.68263 51.377
3.68837 57.5789
3.69411 60.1449
3.69984 57.5424
3.70558 63.8491
3.71132 55.7451
3.71705 56.6154
3.72279 56.7143
3.72852 61.4419
3.73426 61.1045
3.74 59.4516
3.74573 59.94
3.75147 60.8929
3.7572 64.0952
3.76294 63.4407
3.76868 68.1818
3.77441 70.1194
3.78015 70.6102
3.78589 72.1064
3.79162 72.1562
3.79736 78
3.80309 76.25
3.80883 84.6078
3.81457 81.8
3.8203 92.7333
3.82604 99.4651
3.83178 101.826
3.83751 117.468
3.84325 142.643
3.84898 196.37
3.85472 406.984
3.86046 483.049
3.86619 601.826
3.87193 480.348
3.87766 360.213
3.8834 307.451
3.88914 352.317
3.89487 424.477
3.90061 491.167
3.90635 523
3.91208 510.164
3.91782 425.812
3.92355 346.878
3.92929 277.845
3.93503 213.625
3.94076 172.525
3.9465 147.074
3.95224 131.836
3.95797 118.873
3.96371 110.739
3.96944 102.746
3.97518 96.0476
3.98092 88.9273
3.98665 88.8621
3.99239 84.0882
3.99812 82.4677
4.00386 80.9796
4.0096 76.4203
4.01533 71.7812
4.02107 68.68
4.02681 65.6515
4.03254 70.9848
4.03828 65.0328
4.04401 69.2885
4.04975 66.2535
4.05549 70.3385
4.06122 66.587
4.06696 64.2174
4.0727 65.1739
4.07843 58.4667
4.08417 56.5893
4.0899 62.6176
4.09564 62.4062
4.10138 61.26
4.10711 64.9444
4.11285 59.4394
4.11858 60.5714
4.12432 61.6613
4.13006 55.9275
4.13579 56.2222
4.14153 52.3462
4.14727 56.1918
4.153 55.597
4.15874 55.75
4.16447 55.1781
4.17021 53.4085
4.17595 56.3387
4.18168 51.9464
4.18742 52.2714
4.19316 53.7424
4.19889 56.46
4.20463 57.4865
4.21036 52.7059
4.2161 52.5
4.22184 57.3621
4.22757 58.137
4.23331 52.7015
4.23904 59.06
4.24478 57.16
4.25052 55.7246
4.25625 59.9636
4.26199 56.375
4.26773 56.8333
4.27346 56.7273
4.2792 59.4286
4.28493 61.1389
4.29067 55.2286
4.29641 60.5417
4.30214 61.0132
4.30788 68.7143
4.31362 111.062
4.31935 72.4643
4.32509 209.053
4.33082 107.696
4.33656 75.56
4.3423 73.1733
4.34803 75.7671
4.35377 75.4677
4.3595 82.3333
4.36524 78.6351
4.37098 85.8571
4.37671 90.037
4.38245 95.3919
4.38819 105.694
4.39392 103
4.39966 109.188
4.40539 125.208
4.41113 134.507
4.41687 136.407
4.4226 181.195
4.42834 255.973
4.43408 342.646
4.43981 739.805
4.44555 2776.95
4.45128 10442
4.45702 7411.15
4.46276 8969.88
4.46849 3887.93
4.47423 1000.78
4.47996 930.092
4.4857 521.676
4.49144 310.046
4.49717 268.651
4.50291 258.312
4.50865 232.648
4.51438 209.192
4.52012 208.696
4.52585 187.093
4.53159 157.544
4.53733 151.329
4.54306 131.725
4.5488 114.06
4.55454 100.561
4.56027 94.9
4.56601 88.5405
4.57174 73.6346
4.57748 76.1923
4.58322 68.1667
4.58895 62.6567
4.59469 62.2787
4.60042 59.3924
4.60616 55.8667
4.6119 53.08
4.61763 53.1084
4.62337 50.2727
4.62911 52.7619
4.63484 51.7656
4.64058 48.7561
4.64631 44.2639
4.65205 46.5179
4.65779 43.6625
4.66352 41.4744
4.66926 43.4262
4.675 42.493
4.68073 46.2692
4.68647 39.8493
4.6922 40.3621
4.69794 42.642
4.70368 39.5065
4.70941 32.9
4.71515 37.0941
4.72088 39.2911
4.72662 38.1304
4.73236 40.7302
4.73809 36.7927
4.74383 39.3333
4.74957 37.5192
4.7553 36.3095
4.76104 34.6875
4.76677 38.1493
4.77251 40
4.77825 32.6463
4.78398 37.12
4.78972 36.6071
4.79546 32.7647
4.80119 30.0886
4.80693 29.4462
4.81266 31.1857
4.8184 30.881
4.82414 33.8356
4.82987 33.2295
4.83561 32.8214
4.84134 32.9125
4.84708 30.9434
4.85282 30.8941
4.85855 34.9146
4.86429 39.1268
4.87003 29.8852
4.87576 30.5977
4.8815 26.7848
4.88723 29.8333
4.89297 29.2941
4.89871 27.012
4.90444 30.4085
4.91018 31.1364
4.91592 30.1667
4.92165 28.443
4.92739 28.5789
4.93312 29.2907
4.93886 29.5476
4.9446 24.9552
4.95033 25.5775
4.95607 26.5
4.9618 25.8312
4.96754 29.8475
4.97328 24.2184
4.97901 28.2651
4.98475 23.7049
4.99049 25.4359
4.99622 25.9195
5.00196 23.1096
5.00769 28.5397
5.01343 26.1136
5.01917 28.5663
5.0249 33.2642
5.03064 26.8556
5.03638 23.2442
5.04211 23.64
5.04785 29.3846
5.05358 23.9651
5.05932 22.9012
5.06506 24.5862
5.07079 25.3146
5.07653 23.2989
5.08226 27.9718
5.088 22.3143
5.09374 23.8
5.09947 25.5455
5.10521 21.4921
5.11095 25.6667
5.11668 23.5294
5.12242 28.7424
5.12815 28.2727
5.13389 26.3
5.13963 25.7532
5.14536 26.6066
5.1511 22.7826
5.15684 24.6867
5.16257 22.9683
5.16831 26.6071
5.17404 27.3483
5.17978 23.9481
5.18552 22.3333
5.19125 26.4444
5.19699 23.7229
5.20272 24.7288
5.20846 27.0109
5.2142 22.6517
5.21993 24.4605
5.22567 22.4493
5.23141 24.25
5.23714 23.4938
5.24288 23.1148
5.24861 24.7849
5.25435 27.4045
5.26009 27.6056
5.26582 23.4605
5.27156 24.8352
5.2773 22.7722
5.28303 24.4
5.28877 25.3085
5.2945 26.4483
5.30024 25.7778
5.30598 25.7595
5.31171 26.4382
5.31745 24.061
5.32318 24.8769
5.32892 26.4468
5.33466 29.0575
5.34039 23.1061
5.34613 27.1628
5.35187 23.9121
5.3576 23.2222
5.36334 23.9091
5.36907 27.3438
5.37481 21.8118
5.38055 20.7705
5.38628 24.8542
5.39202 27.9121
5.39776 26.075
5.40349 22.493
5.40923 29.3958
5.41496 28.1111
5.4207 25.3333
5.42644 28.4694
5.43217 24.0787
5.43791 22.1646
5.44364 24.9595
5.44938 23.4742
5.45512 23.9877
5.46085 26.5606
5.46659 25.5714
5.47233 26.9213
5.47806 27.0263
5.4838 26.7284
5.48953 25.9032
5.49527 24.8929
5.50101 23.8209
5.50674 24.2143
5.51248 24.5056
5.51822 24.4459
5.52395 24.5542
5.52969 24.7957
5.53542 24.8706
5.54116 23.1912
5.5469 25.2929
5.55263 22.9326
5.55837 24.0972
5.5641 28.4382
5.56984 30.4086
5.57558 27.5476
5.58131 27.2055
5.58705 24.8485
5.59279 24.1364
5.59852 28.8095
5.60426 14.13
5.60999 23.6882
5.61573 20.3293
5.62147 23.25
5.6272 25.9588
5.63294 25.1494
5.63868 26.9242
5.64441 23.0099
5.65015 23.828
5.65588 27.5238
5.66162 26.5714
5.66736 25.6465
5.67309 26.6744
5.67883 27.8841
5.68456 25.9307
5.6903 26.5222
5.69604 24.2561
5.70177 26.3976
5.70751 25.1474
5.71325 28.6477
5.71898 25.625
5.72472 25.7374
5.73045 25.1828
5.73619 29.0886
5.74193 24.8427
5.74766 26.3789
5.7534 22.125
5.75914 25.1972
5.76487 27.5743
5.77061 27.9255
5.77634 23.9103
5.78208 23.3483
5.78782 25.433
5.79355 27.1744
5.79929 24.36
5.80502 25.4356
5.81076 29.1075
5.8165 27.6533
5.82223 27.2396
5.82797 29.1649
5.83371 25.5581
5.83944 26.519
5.84518 25.0707
5.85091 29.4896
5.85665 32.2769
5.86239 26.4762
5.86812 27.0714
5.87386 29.2791
5.8796 26.7089
5.88533 27.2475
5.89107 29.3043
5.8968 29.8696
5.90254 30.8571
5.90828 27.9293
5.91401 29.2
5.91975 27.4756
5.92548 30.2222
5.93122 28.7979
5.93696 28.8493
5.94269 27.1429
5.94843 30.9375
5.95417 27.4773
5.9599 28.2
5.96564 29.2121
5.97137 30.0106
5.97711 26.8904
5.98285 29.5146
5.98858 30.9796
5.99432 35.2118
6.00006 29.7444
6.00579 31.9899
6.01153 32.3871
6.01726 34.0533
6.023 36.2667
6.02874 33.5208
6.03447 32.7955
6.04021 33.5556
6.04594 31.2143
6.05168 34.3021
6.05742 33.5065
6.06315 30.1238
6.06889 34.4062
6.07463 31.9762
6.08036 33.4043
6.0861 32.1122
6.09183 33.5567
6.09757 34.2308
6.10331 33.4381
6.10904 34.7083
6.11478 35.2326
6.12052 36.0312
6.12625 35.78
6.13199 36.8936
6.13772 32.7683
6.14346 32.8725
6.1492 35.56
6.15493 33.475
6.16067 36.2255
6.1664 35.3776
6.17214 40.2766
6.17788 37.7262
6.18361 39.4757
6.18935 39.9192
6.19509 39.3649
6.20082 44.6789
6.20656 42.2451
6.21229 45.2708
6.21803 44.0854
6.22377 45.717
6.2295 48.75
6.23524 45.9867
6.24098 47.8991
6.24671 51.2255
6.25245 47.9468
6.25818 48.2093
6.26392 50.9804
6.26966 50.7353
6.27539 52.9342
6.28113 57.3028
6.28686 60.7129
6.2926 67.0625
6.29834 69.6818
6.30407 106.375
6.30981 148.941
6.31555 336.244
6.32128 859.528
6.32702 533.692
6.33275 266.302
6.33849 151.841
6.34423 111.231
6.34996 107.412
6.3557 112.051
6.36144 118.176
6.36717 129.029
6.37291 139.821
6.37864 142.311
6.38438 157.113
6.39012 149.078
6.39585 134.512
6.40159 125.389
6.40732 102.981
6.41306 89.7553
6.4188 80.4674
6.42453 73.3208
6.43027 64.2843
6.43601 60.8171
6.44174 58.9245
6.44748 57.5093
6.45321 53
6.45895 51.9565
6.46469 50.819
6.47042 49.6311
6.47616 49.8095
6.4819 46.0364
6.48763 47.3241
6.49337 45.3871
6.4991 46.9789
6.50484 42.7315
6.51058 45.6961
6.51631 41.9167
6.52205 42.4091
6.52778 41.6019
6.53352 41.0109
6.53926 38.7083
6.54499 42.6481
6.55073 38.9806
6.55647 41.3452
6.5622 41.1681
6.56794 40.2685
6.57367 39.043
6.57941 42.0316
6.58515 38.4375
6.59088 38.7115
6.59662 38.6905
6.60236 36.9737
6.60809 37.8774
6.61383 38.6882
6.61956 40.3299
6.6253 40.9911
6.63104 39.1471
6.63677 39.0581
6.64251 40.3684
6.64824 36.1308
6.65398 37.044
6.65972 38.7843
6.66545 39.6607
6.67119 37.7596
6.67693 39.1047
6.68266 41.5603
6.6884 38.1944
6.69413 38.3187
6.69987 37.8544
6.70561 39.3839
6.71134 36.4519
6.71708 36.5341
6.72282 37.1404
6.72855 37.0926
6.73429 37.9551
6.74002 36.283
6.74576 36.287
6.7515 34.0971
6.75723 37.7865
6.76297 34.5259
6.7687 35.9821
6.77444 37.6629
6.78018 31.381
6.78591 33.9224
6.79165 35.729
6.79739 35.4943
6.80312 36.2632
6.80886 33.6964
6.81459 37.011
6.82033 37.0095
6.82607 36.3793
6.8318 35.7714
6.83754 37.2273
6.84328 38.5678
6.84901 38.1161
6.85475 36.3626
6.86048 35.5963
6.86622 32.9914
6.87196 37.3738
6.87769 33.1034
6.88343 36.2712
6.88916 36.6053
6.8949 36.9425
6.90064 32.9292
6.90637 35.2193
6.91211 33.729
6.91785 35.023
6.92358 36.0331
6.92932 34.9027
6.93505 35.7079
6.94079 35.9292
6.94653 36.6638
6.95226 37.0935
6.958 33.4286
6.96374 37.2667
6.96947 34.5789
6.97521 37.8022
6.98094 33.045
6.98668 33.8707
6.99242 35.5872
6.99815 37.1798
7.00389 35.525
7.00962 36.6983
7.01536 36.6813
7.0211 34.6455
7.02683 35.4918
7.03257 35.6636
7.03831 36.6989
7.04404 35.2213
7.04978 35.5565
7.05551 34
7.06125 38.422
7.06699 36.0738
7.07272 35.5138
7.07846 36.2809
7.0842 35.8115
7.08993 36.3793
7.09567 39.5376
7.1014 40
7.10714 38.0336
7.11288 38.8349
7.11861 36.8172
7.12435 37.3226
7.13008 37.9402
7.13582 36
7.14156 40.9189
7.14729 38.0583
7.15303 39.0459
7.15877 37.0108
7.1645 36.5
7.17024 35.7059
7.17597 34.0612
7.18171 34.4486
7.18745 38.2787
7.19318 39.4775
7.19892 40.1758
7.20466 39.2677
7.21039 39.8034
7.21613 40.31
7.22186 39.8899
7.2276 41.8175
7.23334 42.5676
7.23907 40.1319
7.24481 40.2937
7.25054 39.8824
7.25628 41.14
7.26202 36.0901
7.26775 39.959
7.27349 43.6036
7.27923 39.7957
7.28496 40.0079
7.2907 45.0588
7.29643 43.3301
7.30217 44.7798
7.30791 45.2984
7.31364 44.3675
7.31938 46.0787
7.32512 46.7231
7.33085 44.686
7.33659 47.375
7.34232 47.4286
7.34806 45.6385
7.3538 46.2072
7.35953 50.2688
7.36527 47.6719
7.371 50.5702
7.37674 54.5096
7.38248 60.8716
7.38821 78.976
7.39395 86.9397
7.39969 118.871
7.40542 234.754
7.41116 244.789
7.41689 261.538
7.42263 144.748
7.42837 94.7064
7.4341 88.4874
7.43984 91.5281
7.44558 85.5448
7.45131 86.1901
7.45705 91.5636
7.46278 100.437
7.46852 109.462
7.47426 118.034
7.47999 126.933
7.48573 129.856
7.49146 127.896
7.4972 122.136
7.50294 110.224
7.50867 97.0859
7.51441 86.7227
7.52015 76.5275
7.52588 70.697
7.53162 65.368
7.53735 63.5
7.54309 55.2621
7.54883 53.7879
7.55456 49.958
7.5603 49.4157
7.56604 48.6119
7.57177 46.84
7.57751 48.9655
7.58324 47.4466
7.58898 46.9695
7.59472 42.9098
7.60045 45.86
7.60619 46.4309
7.61192 43.3798
7.61766 44.8707
7.6234 44.099
7.62913 41.6818
7.63487 42.5455
7.64061 42.2549
7.64634 42.1626
7.65208 39.1473
7.65781 42.178
7.66355 40.7041
7.66929 42.4074
7.67502 42.5564
7.68076 44.5849
7.6865 44.5126
7.69223 43.916
7.69797 44.0678
7.7037 47.3168
7.70944 45.7537
7.71518 51.2033
7.72091 45.2909
7.72665 53.094
7.73238 67.2248
7.73812 79.5492
7.74386 174.763
7.74959 138.768
7.75533 66.808
7.76107 55.9911
7.7668 55
7.77254 53.4046
7.77827 52.6721
7.78401 52.3838
7.78975 53.5778
7.79548 53.8125
7.80122 54.2759
7.80696 55.6396
7.81269 61.4511
7.81843 61.0645
7.82416 60.5263
7.8299 60.9143
7.83564 56.6772
7.84137 55.0603
7.84711 47.3243
7.85284 46.229
7.85858 42.7109
7.86432 41.134
7.87005 40.3022
7.87579 40.6719
7.88153 36.8361
7.88726 35.3738
7.893 36.3333
7.89873 34.2344
7.90447 31.5882
7.91021 36.9549
7.91594 37.4351
7.92168 36.3583
7.92742 36.6857
7.93315 34.1168
7.93889 35.1508
7.94462 34.0263
7.95036 32.0082
7.9561 34.8939
7.96183 32.9683
7.96757 31.8381
7.9733 31.9708
7.97904 29.3154
7.98478 31.5179
7.99051 34.12
7.99625 31.391
8.00199 32.621
8.00772 31.4059
8.01346 31.8633
8.01919 32.9167
8.02493 32.7797
8.03067 29.6667
8.0364 30.8309
8.04214 31.8359
8.04788 30.8738
8.05361 29.9712
8.05935 30.7132
8.06508 31.0254
8.07082 30.5897
8.07656 31.2263
8.08229 32.7969
8.08803 26.9091
8.09376 34.6084
8.0995 28.3182
8.10524 29.959
8.11097 27.1327
8.11671 29.6058
8.12245 29.5736
8.12818 26.7232
8.13392 27.6136
8.13965 25.2536
8.14539 25.9194
8.15113 27.5856
8.15686 24.0146
8.1626 22.0985
8.16834 19.4407
8.17407 20.881
8.17981 17.3582
8.18554 19.2077
8.19128 17.6729
8.19702 15.3381
8.20275 14.9552
8.20849 13
8.21422 10.5403
8.21996 12.7391
8.2257 11.0781
8.23143 9.66355
8.23717 4.9021
8.24291 9.16049
8.24864 8.90909
8.25438 7.42105
8.26011 7.68421
8.26585 1
8.27159 0
8.27732 0
8.28306 0
8.2888 0
8.29453 0
8.30027 0
8.306 0
8.31174 0
8.31748 0
8.32321 0
8.32895 0
8.33468 0
8.34042 0
8.34616 0
8.35189 0
8.35763 0
8.36337 0
8.3691 0
8.37484 0
8.38057 0
8.38631 0
8.39205 0
8.39778 0
8.40352 0
8.40926 0
8.41499 0
8.42073 0
8.42646 0
8.4322 0
8.43794 0
8.44367 0
8.44941 0
8.45514 0
8.46088 0
8.46662 0
8.47235 0
8.47809 0
8.48383 0
8.48956 0
8.4953 0
8.50103 0
8.50677 0
8.51251 0
8.51824 0
8.52398 0
8.52972 0
8.53545 0
8.54119 0
8.54692 0
8.55266 0
8.5584 0
8.56413 0
8.56987 0
8.5756 0
8.58134 0
8.58708 0
8.59281 0
8.59855 0
8.60429 0
8.61002 0
8.61576 0
8.62149 0
8.62723 0
8.63297 0
8.6387 0
8.64444 0
8.65018 0
8.65591 0
8.66165 0
8.66738 0
8.67312 0
8.67886 0
8.68459 0
8.69033 0
8.69606 0
8.7018 0
8.70754 0
8.71327 0
8.71901 0
8.72475 0
8.73048 0
8.73622 0
8.74195 0
8.74769 0
8.75343 0
8.75916 0
8.7649 0
8.77064 0
8.77637 0
8.78211 0
8.78784 0
8.79358 0
8.79932 0
8.80505 0
8.81079 0
8.81652 0
8.82226 0
8.828 0
8.83373 0
8.83947 0
8.84521 0
8.85094 0
8.85668 0
8.86241 0
8.86815 0
8.87389 0
8.87962 0
8.88536 0
8.8911 0
8.89683 0
8.90257 0
8.9083 0
8.91404 0
8.91978 0
8.92551 0
8.93125 0
8.93698 0
8.94272 0
8.94846 0
8.95419 0
8.95993 0
8.96567 0
8.9714 0
8.97714 0
8.98287 0
8.98861 0
8.99435 0
9.00008 0
9.00582 0
9.01156 0
9.01729 0
9.02303 0
9.02876 0
9.0345 0
9.04024 0
9.04597 0
9.05171 0
9.05744 0
9.06318 0
9.06892 0
9.07465 0
9.08039 0
9.08613 0
9.09186 0
9.0976 0
9.10333 0
9.10907 0
9.11481 0
9.12054 0
9.12628 0
9.13202 0
9.13775 0
9.14349 0
9.14922 0
9.15496 0
9.1607 0
9.16643 0
9.17217 0
9.1779 0
9.18364 0
9.18938 0
9.19511 0
9.20085 0
9.20659 0
9.21232 0
9.21806 0
9.22379 0
9.22953 0
9.23527 0
9.241 0
9.24674 0
9.25248 0
9.25821 0
9.26395 0
9.26968 0
9.27542 0
9.28116 0
9.28689 0
9.29263 0
9.29836 0
9.3041 0
9.30984 0
9.31557 0
9.32131 0
9.32705 0
9.33278 0
9.33852 0
9.34425 0
9.34999 0
9.35573 0
9.36146 0
9.3672 0
9.37294 0
9.37867 0
9.38441 0
9.39014 0
9.39588 0
9.40162 0
9.40735 0
9.41309 0
9.41882 0
9.42456 0
9.4303 0
9.43603 0
9.44177 0
9.44751 0
9.45324 0
9.45898 0
9.46471 0
9.47045 0
9.47619 0
9.48192 0
9.48766 0
9.4934 0
9.49913 0
9.50487 0
9.5106 0
9.51634 0
9.52208 0
9.52781 0
9.53355 0
9.53928 0
9.54502 0
9.55076 0
9.55649 0
9.56223 0
9.56797 0
9.5737 0
9.57944 0
9.58517 0
9.59091 0
9.59665 0
9.60238 0
9.60812 0
9.61386 0
9.61959 0
9.62533 0
9.63106 0
9.6368 0
9.64254 0
9.64827 0
9.65401 0
9.65974 0
9.66548 0
9.67122 0
9.67695 0
9.68269 0
9.68843 0
9.69416 0
9.6999 0
9.70563 0
9.71137 0
9.71711 0
9.72284 0
9.72858 0
9.73432 0
9.74005 0
9.74579 0
9.75152 0
9.75726 0
9.763 0
9.76873 0
9.77447 0
9.7802 0
9.78594 0
9.79168 0
9.79741 0
9.80315 0
9.80889 0
9.81462 0
9.82036 0
9.82609 0
9.83183 0
9.83757 0
9.8433 0
9.84904 0
9.85478 0
9.86051 0
9.86625 0
9.87198 0
9.87772 0
9.88346 0
9.88919 0
9.89493 0
9.90066 0
9.9064 0
9.91214 0
9.91787 0
9.92361 0
9.92935 0
9.93508 0
9.94082 0
9.94655 0
9.95229 0
9.95803 0
9.96376 0
9.9695 0
9.97524 0
9.98097 0
9.98671 0
9.99244 0
9.99818 0
10.0039 0
10.0097 0
10.0154 0
10.0211 0
10.0269 0
10.0326 0
10.0383 0
10.0441 0
10.0498 0
10.0555 0
10.0613 0
10.067 0
10.0728 0
10.0785 0
10.0842 0
10.09 0
10.0957 0
10.1014 0
10.1072 0
10.1129 0
10.1186 0
10.1244 0
10.1301 0
10.1358 0
10.1416 0
10.1473 0
10.1531 0
10.1588 0
10.1645 0
10.1703 0
10.176 0
10.1817 0
10.1875 0
10.1932 0
10.1989 0
10.2047 0
10.2104 0
10.2162 0
10.2219 0
10.2276 0
10.2334 0
10.2391 0
10.2448 0
10.2506 0
10.2563 0
10.262 0
10.2678 0
10.2735 0
10.2793 0
10.285 0
10.2907 0
10.2965 0
10.3022 0
10.3079 0
10.3137 0
10.3194 0
10.3251 0
10.3309 0
10.3366 0
10.3424 0
10.3481 0
10.3538 0
10.3596 0
10.3653 0
10.371 0
10.3768 0
10.3825 0
10.3882 0
10.394 0
10.3997 0
10.4054 0
10.4112 0
10.4169 0
10.4227 0
10.4284 0
10.4341 0
10.4399 0
10.4456 0
10.4513 0
10.4571 0
10.4628 0
10.4685 0
10.4743 0
10.48 0
10.4858 0
10.4915 0
10.4972 0
10.503 0
10.5087 0
10.5144 0
10.5202 0
10.5259 0
10.5316 0
10.5374 0
10.5431 0
10.5489 0
10.5546 0
10.5603 0
10.5661 0
10.5718 0
10.5775 0
10.5833 0
10.589 0
10.5947 0
10.6005 0
10.6062 0
10.612 0
10.6177 0
10.6234 0
10.6292 0
10.6349 0
10.6406 0
10.6464 0
10.6521 0
10.6578 0
10.6636 0
10.6693 0
10.6751 0
10.6808 0
10.6865 0
10.6923 0
10.698 0
10.7037 0
10.7095 0
10.7152 0
10.7209 0
10.7267 0
10.7324 0
10.7381 0
10.7439 0
10.7496 0
10.7554 0
10.7611 0
10.7668 0
10.7726 0
10.7783 0
10.784 0
10.7898 0
10.7955 0
10.8012 0
10.807 0
10.8127 0
10.8185 0
10.8242 0
10.8299 0
10.8357 0
10.8414 0
10.8471 0
10.8529 0
10.8586 0
10.8643 0
10.8701 0
10.8758 0
10.8816 0
10.8873 0
10.893 0
10.8988 0
10.9045 0
10.9102 0
10.916 0
10.9217 0
10.9274 0
10.9332 0
10.9389 0
10.9447 0
10.9504 0
10.9561 0
10.9619 0
10.9676 0
10.9733 0
10.9791 0
10.9848 0
10.9905 0
10.9963 0
11.002 0
11.0077 0
11.0135 0
11.0192 0
11.025 0
11.0307 0
11.0364 0
11.0422 0
11.0479 0
11.0536 0
11.0594 0
11.0651 0
11.0708 0
11.0766 0
11.0823 0
11.0881 0
11.0938 0
11.0995 0
11.1053 0
11.111 0
11.1167 0
11.1225 0
11.1282 0
11.1339 0
11.1397 0
11.1454 0
11.1512 0
11.1569 0
11.1626 0
11.1684 0
11.1741 0
11.1798 0
11.1856 0
11.1913 0
11.197 0
11.2028 0
11.2085 0
11.2143 0
11.22 0
11.2257 0
11.2315 0
11.2372 0
11.2429 0
11.2487 0
11.2544 0
11.2601 0
11.2659 0
11.2716 0
11.2774 0
11.2831 0
11.2888 0
11.2946 0
11.3003 0
11.306 0
11.3118 0
11.3175 0
11.3232 0
11.329 0
11.3347 0
11.3404 0
11.3462 0
11.3519 0
11.3577 0
11.3634 0
11.3691 0
11.3749 0
11.3806 0
11.3863 0
11.3921 0
11.3978 0
11.4035 0
11.4093 0
11.415 0
11.4208 0
11.4265 0
11.4322 0
11.438 0
11.4437 0
11.4494 0
11.4552 0
11.4609 0
11.4666 0
11.4724 0
11.4781 0
11.4839 0
11.4896 0
11.4953 0
11.5011 0
11.5068 0
11.5125 0
11.5183 0
11.524 0
11.5297 0
11.5355 0
11.5412 0
11.547 0
11.5527 0
11.5584 0
11.5642 0
11.5699 0
11.5756 0
11.5814 0
11.5871 0
11.5928 0
11.5986 0
11.6043 0
11.61 0
11.6158 0
11.6215 0
11.6273 0
11.633 0
11.6387 0
11.6445 0
11.6502 0
11.6559 0
11.6617 0
11.6674 0
11.6731 0
11.6789 0
11.6846 0
11.6904 0
11.6961 0
11.7018 0
11.7076 0
11.7133 0
11.719 0
11.7248 0
11.7305 0
11.7362 0
11.742 0
