0 44
0.00573619 -4
0.0114724 -26
0.0172086 0
0.0229448 8
0.028681 -9
0.0344171 0
0.0401533 4
0.0458895 -11
0.0516257 -3
0.0573619 0
0.0630981 -22
0.0688343 0
0.0745705 0
0.0803067 -10
0.0860429 -3
0.091779 0
0.0975152 -7
0.103251 -3
0.108988 -6.66667
0.114724 0
0.12046 -6
0.126196 5.66667
0.131932 0
0.137669 -2.66667
0.143405 1.66667
0.149141 6
0.154877 -3.5
0.160613 4.66667
0.16635 7.66667
0.172086 0
0.177822 11.6667
0.183558 3.8
0.189294 0
0.19503 -4.6
0.200767 13
0.206503 0.333333
0.212239 20.5
0.217975 -1.2
0.223711 8
0.229448 0
0.235184 1.8
0.24092 7.2
0.246656 0
0.252392 -0.4
0.258129 22.6
0.263865 17
0.269601 0
0.275337 0.2
0.281073 2.71429
0.28681 0
0.292546 18.1429
0.298282 10.5714
0.304018 4.33333
0.309754 14.75
0.31549 4.14286
0.321227 24.8571
0.326963 0
0.332699 27.5714
0.338435 11.1429
0.344171 0
0.349908 17.4286
0.355644 17.4286
0.36138 12.2
0.367116 8.5
0.372852 13.1111
0.378589 8.85714
0.384325 6.5
0.390061 10.8889
0.395797 15.1111
0.401533 0
0.40727 10.2222
0.413006 11.3333
0.418742 16.4286
0.424478 20
0.430214 9.33333
0.43595 4.66667
0.441687 0
0.447423 10.6667
0.453159 11.7778
0.458895 11.6667
0.464631 12.2857
0.470368 11.0909
0.476104 3.44444
0.48184 14
0.487576 10.0909
0.493312 12.0909
0.499049 0
0.504785 10.6364
0.510521 21.3636
0.516257 26.8
0.521993 8.16667
0.52773 24.8182
0.533466 10
0.539202 29
0.544938 25.1818
0.550674 24.1818
0.55641 0
0.562147 24.6154
0.567883 11.7692
0.573619 28.4286
0.579355 18.5
0.585091 21.3846
0.590828 69.4545
0.596564 37
0.6023 280.846
0.608036 126.538
0.613772 30.8
0.619509 27
0.625245 22.6154
0.630981 23.7778
0.636717 6.5
0.642453 14.5385
0.64819 19.7692
0.653926 34
0.659662 16
0.665398 19.5333
0.671134 15.5714
0.67687 22
0.682607 17.5333
0.688343 18.9091
0.694079 21.5
0.699815 18
0.705551 14.2
0.711288 7
0.717024 15.0714
0.72276 17.6667
0.728496 17.3333
0.734232 19.1667
0.739969 24.4375
0.745705 18.3077
0.751441 19
0.757177 22.3529
0.762913 15.5294
0.76865 19
0.774386 8.33333
0.780122 25.5882
0.785858 8.63636
0.791594 21.3333
0.79733 21.8824
0.803067 16.5333
0.808803 2
0.814539 23.0588
0.820275 13.0588
0.826011 11.4444
0.831748 17.875
0.837484 17.8333
0.84322 13.7692
0.848956 19.8333
0.854692 17.9474
0.860429 8.11765
0.866165 0.6
0.871901 15.875
0.877637 23.4211
0.883373 15.2727
0.88911 19.375
0.894846 12.5263
0.900582 9.13333
0.906318 22.5
0.912054 18.4737
0.91779 20.2353
0.923527 24.6667
0.929263 17.4615
0.934999 11.6667
0.940735 8.61539
0.946471 20.625
0.952208 15.1905
0.957944 20
0.96368 23
0.969416 12.1905
0.975152 18.7895
0.980889 9.36364
0.986625 19.75
0.992361 18.0476
0.998097 11.9333
1.00383 19.5
1.00957 16.7619
1.01531 14.2941
1.02104 20.3
1.02678 17.1765
1.03251 16.2381
1.03825 16.3077
1.04399 22.75
1.04972 19.8261
1.05546 13.3529
1.0612 34
1.06693 24.2609
1.07267 12.0526
1.0784 18.2308
1.08414 18.7143
1.08988 13.7826
1.09561 17.5333
1.10135 16.625
1.10708 13.5217
1.11282 17.5882
1.11856 17.7143
1.12429 14.08
1.13003 13.381
1.13577 15.3333
1.1415 16.7143
1.14724 15.24
1.15297 17.4667
1.15871 16.2
1.16445 16.76
1.17018 16.6842
1.17592 10.6923
1.18166 13.2778
1.18739 19.7826
1.19313 17
1.19886 15.5833
1.2046 15.04
1.21034 18.5
1.21607 16.6667
1.22181 11.4815
1.22754 10.9524
1.23328 20.7059
1.23902 16.5
1.24475 16.24
1.25049 10.8824
1.25623 10.9167
1.26196 26.4074
1.2677 17.2632
1.27343 18.2308
1.27917 14.1364
1.28491 17.6087
1.29064 17.5294
1.29638 8.07143
1.30212 17.7407
1.30785 15.7778
1.31359 8.58333
1.31932 15.8966
1.32506 17.3333
1.3308 15.4706
1.33653 9.15
1.34227 9.28
1.348 19.3684
1.35374 14.7857
1.35948 23.1852
1.36521 11.7619
1.37095 15.6
1.37669 17.6897
1.38242 16.2174
1.38816 15.9412
1.39389 6.15789
1.39963 10.8148
1.40537 11.85
1.4111 8.71429
1.41684 13.3103
1.42258 16.3478
1.42831 15.7647
1.43405 14.5417
1.43978 11.4
1.44552 11.7143
1.45126 16.6875
1.45699 14.5862
1.46273 17.381
1.46846 12.6667
1.4742 12
1.47994 15.7391
1.48567 7.45
1.49141 16.7619
1.49715 15.7778
1.50288 14.7826
1.50862 16.1875
1.51435 13.3448
1.52009 12.6
1.52583 15.2667
1.53156 14.3333
1.5373 16.52
1.54304 19.6667
1.54877 22.4
1.55451 14.2414
1.56024 12.5652
1.56598 12.5714
1.57172 18.2258
1.57745 17.92
1.58319 9.2
1.58892 18.04
1.59466 16.7037
1.6004 15.84
1.60613 10.3333
1.61187 16
1.61761 20.16
1.62334 11.0714
1.62908 17.1818
1.63481 18.2963
1.64055 16.2609
1.64629 14.8636
1.65202 14.8276
1.65776 18.08
1.6635 16.5625
1.66923 13.6452
1.67497 14.7143
1.6807 15.15
1.68644 14.7143
1.69218 11.4828
1.69791 15.48
1.70365 18.1364
1.70938 15.8387
1.71512 16.1481
1.72086 18.875
1.72659 17.0303
1.73233 20.8621
1.73807 22.0435
1.7438 24.1154
1.74954 23.3103
1.75527 20.5926
1.76101 12.8421
1.76675 22.4242
1.77248 11.2857
1.77822 19.25
1.78396 15.2
1.78969 12.4516
1.79543 18.1111
1.80116 10.5833
1.8069 17.9355
1.81264 13.4138
1.81837 17.6667
1.82411 18.0571
1.82984 19.6207
1.83558 18.36
1.84132 22.1538
1.84705 16.9032
1.85279 17.4444
1.85853 18.9565
1.86426 22.6364
1.87 23.6333
1.87573 23.0556
1.88147 20.2
1.88721 15.3939
1.89294 23.2593
1.89868 18.6154
1.90442 20.697
1.91015 22.3871
1.91589 14.65
1.92162 23.7429
1.92736 20.5161
1.9331 20.72
1.93883 49.9286
1.94457 24.6667
1.9503 23.5
1.95604 23.125
1.96178 19.1765
1.96751 16.9688
1.97325 14.8
1.97899 16.1351
1.98472 12.4545
1.99046 12.4828
1.99619 29
2.00193 17.2
2.00767 22.2903
2.0134 24.4167
2.01914 19.7714
2.02488 22.3333
2.03061 21.56
2.03635 17.5
2.04208 18.2353
2.04782 22.6562
2.05356 22.375
2.05929 19.8611
2.06503 22.6
2.07076 22.3636
2.0765 16.3514
2.08224 14.5714
2.08797 20.3103
2.09371 18.6429
2.09945 17.8378
2.10518 17.8485
2.11092 20.7917
2.11665 16.7568
2.12239 19.3714
2.12813 14.1304
2.13386 16.5
2.1396 20.1667
2.14534 24.0312
2.15107 23
2.15681 24.4211
2.16254 19.0811
2.16828 22.0455
2.17402 17.0769
2.17975 21.6216
2.18549 18.129
2.19122 24.9
2.19696 21.6486
2.2027 23.9714
2.20843 26.5
2.21417 32.5128
2.21991 52.2432
2.22564 50.9091
2.23138 94.275
2.23711 58.8684
2.24285 31.7941
2.24859 31.0714
2.25432 24.4103
2.26006 23.3333
2.2658 19.6818
2.27153 19.0732
2.27727 18.8718
2.283 25.871
2.28874 21.4375
2.29448 20.2051
2.30021 22.4595
2.30595 20.7308
2.31168 21.8974
2.31742 17.2051
2.32316 23.4091
2.32889 18.0238
2.33463 19.225
2.34037 21.8056
2.3461 20.7857
2.35184 23.4884
2.35757 24.0811
2.36331 26.0385
2.36905 21.1951
2.37478 20.9512
2.38052 16.9355
2.38626 19.7647
2.39199 12.9302
2.39773 22.9189
2.40346 18.3846
2.4092 19.907
2.41494 22.7
2.42067 26.3182
2.42641 19.3409
2.43214 16.0714
2.43788 22.0857
2.44362 19.875
2.44935 21.3556
2.45509 23.5385
2.46083 18.8077
2.46656 17.2444
2.4723 20.2683
2.47803 20.8276
2.48377 18.675
2.48951 17.6047
2.49524 23.9231
2.50098 22.1154
2.50672 20.0217
2.51245 21.0238
2.51819 15.875
2.52392 19.7609
2.52966 19.1136
2.5354 22.8485
2.54113 23.2222
2.54687 19.7556
2.5526 24.6829
2.55834 21.5769
2.56408 22.0213
2.56981 22.4419
2.57555 25
2.58129 16.8095
2.58702 23.2444
2.59276 22.4054
2.59849 21.625
2.60423 21.7174
2.60997 23.9545
2.6157 22.1667
2.62144 24.9167
2.62718 18.2766
2.63291 19.6
2.63865 22.0833
2.64438 20.7234
2.65012 18.6829
2.65586 18.5333
2.66159 19.0851
2.66733 20.7333
2.67306 21.28
2.6788 21.7708
2.68454 22.2979
2.69027 20.5641
2.69601 15.6667
2.70175 22.2708
2.70748 26.2444
2.71322 20.3704
2.71895 18.625
2.72469 17.3061
2.73043 19.6286
2.73616 17.7632
2.7419 18.9796
2.74764 22.0465
2.75337 19.4667
2.75911 17.0612
2.76484 24.5102
2.77058 23.375
2.77632 23.2041
2.78205 22.26
2.78779 19.0513
2.79352 19.0286
2.79926 22.7692
2.805 20.2667
2.81073 25.037
2.81647 20.7358
2.82221 22.8571
2.82794 20.4595
2.83368 22
2.83941 22.3019
2.84515 20.6098
2.85089 17.5625
2.85662 23.9245
2.86236 25.7959
2.8681 20.7083
2.87383 24.5094
2.87957 22.34
2.8853 21.3902
2.89104 27.3514
2.89678 23.8462
2.90251 24.0889
2.90825 21.069
2.91398 22.7455
2.91972 22.4314
2.92546 25.8378
2.93119 23.8571
2.93693 20.9623
2.94267 17.8
2.9484 23.0625
2.95414 19.4717
2.95987 21.5102
2.96561 19.4231
2.97135 25.5
2.97708 22.5185
2.98282 22.3846
2.98856 24.4103
2.99429 25.037
3.00003 26.0426
3.00576 25.125
3.0115 24.7636
3.01724 23.434
3.02297 24.4865
3.02871 20.9091
3.03444 25.6364
3.04018 28.0444
3.04592 26.8529
3.05165 24.7455
3.05739 27.4706
3.06313 23.9655
3.06886 27.1429
3.0746 28.5455
3.08033 26.5682
3.08607 31.1892
3.09181 29.875
3.09754 29.8367
3.10328 28.625
3.10902 29.7627
3.11475 28.6415
3.12049 25.4615
3.12622 28.8696
3.13196 25.5636
3.1377 32.6809
3.14343 29.5
3.14917 34.9474
3.1549 35
3.16064 37.0345
3.16638 31.8833
3.17211 29.9455
3.17785 33.0455
3.18359 30.439
3.18932 32.0508
3.19506 28.6939
3.20079 29.7059
3.20653 30.5932
3.21227 30.3396
3.218 31.9756
3.22374 33.125
3.22948 34.4068
3.23521 30.0444
3.24095 29.2895
3.24668 35.1
3.25242 37.8491
3.25816 36.4706
3.26389 35.0351
3.26963 32.5088
3.27536 34.0435
3.2811 33.4878
3.28684 33.3115
3.29257 35.8776
3.29831 29.6111
3.30405 32.2063
3.30978 34.6909
3.31552 36.0233
3.32125 31.125
3.32699 36.5965
3.33273 37.549
3.33846 38.2632
3.3442 31.8226
3.34994 37
3.35567 37.1842
3.36141 37.8136
3.36714 35.9123
3.37288 36.2292
3.37862 35.8409
3.38435 38.2787
3.39009 32.6981
3.39582 36.3611
3.40156 40.3175
3.4073 37.8727
3.41303 40.4681
3.41877 38.3958
3.42451 41.7541
3.43024 45
3.43598 40.3902
3.44171 41.6508
3.44745 44.5
3.45319 36.4762
3.45892 42.1455
3.46466 40.8644
3.4704 42.9
3.47613 36.8636
3.48187 40.4127
3.4876 43.566
3.49334 40.2632
3.49908 40.7761
3.50481 47.0175
3.51055 44.7872
3.51628 39.26
3.52202 42.4262
3.52776 43.7407
3.53349 49.3415
3.53923 47.8923
3.54497 46.3889
3.5507 46.5
3.55644 47.5818
3.56217 47
3.56791 45.1321
3.57365 46.8696
3.57938 48.7231
3.58512 45.9091
3.59086 46.6842
3.59659 51.1045
3.60233 49.5424
3.60806 53.6667
3.6138 45.7917
3.61954 48.9841
3.62527 51.4464
3.63101 51.6829
3.63674 52.2388
3.64248 54.3448
3.64822 52.1667
3.65395 55.8772
3.65969 61.0164
3.66543 63.4545
3.67116 63.4565
3.6769 62.9524
3.68263 61.7705
3.68837 57.8684
3.69411 59.1449
3.69984 64.0847
3.70558 68.4528
3.71132 64.7059
3.71705 62.7538
3.72279 64.1071
3.72852 64.9535
3.73426 65.9403
3.74 67.4516
3.74573 72.9
3.75147 73.5179
3.7572 73.6508
3.76294 74.3051
3.76868 78.3636
3.77441 75.7313
3.78015 79.2881
3.78589 83.7234
3.79162 79.875
3.79736 84.1429
3.80309 89.625
3.80883 87.7647
3.81457 93.4769
3.8203 97.2667
3.82604 104.767
3.83178 101.812
3.83751 116.29
3.84325 140.339
3.84898 146
3.85472 317.349
3.86046 1061.15
3.86619 300.196
3.87193 1637.75
3.87766 492.836
3.8834 197.863
3.88914 212.85
3.89487 204.431
3.90061 218.45
3.90635 233
3.91208 232.746
3.91782 230.062
3.92355 205
3.92929 182.38
3.93503 154.5
3.94076 142.441
3.9465 127.037
3.95224 118.313
3.95797 110.19
3.96371 107.152
3.96944 101.239
3.97518 95.9841
3.98092 89.5455
3.98665 89.1724
3.99239 81.0294
3.99812 86.8387
4.00386 85.1429
4.0096 78.913
4.01533 80.3125
4.02107 78.96
4.02681 76.303
4.03254 80.1515
4.03828 73.4098
4.04401 75.1538
4.04975 73.4648
4.05549 72.6923
4.06122 73.7609
4.06696 70.4348
4.0727 73.6522
4.07843 73.3333
4.08417 70.9821
4.0899 69.8235
4.09564 71.2188
4.10138 72.54
4.10711 70.75
4.11285 66.303
4.11858 66.25
4.12432 70.2419
4.13006 67.8261
4.13579 68.9206
4.14153 64.2885
4.14727 66.3973
4.153 67.6716
4.15874 64.7273
4.16447 67.1096
4.17021 60.2676
4.17595 64.5323
4.18168 60.9643
4.18742 65.9857
4.19316 67.0909
4.19889 64.78
4.20463 64.6622
4.21036 67.6176
4.2161 64.2
4.22184 66.4483
4.22757 65.3699
4.23331 67.5821
4.23904 65.02
4.24478 70.4667
4.25052 66.5652
4.25625 73.4909
4.26199 68.9219
4.26773 71.8472
4.27346 68.0303
4.2792 73.6964
4.28493 76.7917
4.29067 75
4.29641 70.6458
4.30214 74.2105
4.30788 79.4857
4.31362 93.1846
4.31935 83.5536
4.32509 108.627
4.33082 85.1739
4.33656 85.16
4.3423 82.4533
4.34803 82.9589
4.35377 84.1613
4.3595 89.4833
4.36524 90.9865
4.37098 92.7429
4.37671 101.056
4.38245 98.473
4.38819 106.931
4.39392 113.789
4.39966 115.971
4.40539 123.111
4.41113 137.058
4.41687 166.444
4.4226 171.623
4.42834 225.438
4.43408 551.083
4.43981 815.052
4.44555 1973.79
4.45128 6982.83
4.45702 8003.75
4.46276 2806.24
4.46849 2848.42
4.47423 887.352
4.47996 403.908
4.4857 224.878
4.49144 210.431
4.49717 174
4.50291 162.325
4.50865 153.465
4.51438 150.654
4.52012 145.114
4.52585 145.333
4.53159 130.649
4.53733 123
4.54306 110.662
4.5488 99.7015
4.55454 99.8947
4.56027 89.3375
4.56601 87.0405
4.57174 79.25
4.57748 77.0641
4.58322 73.9359
4.58895 71.806
4.59469 71.4426
4.60042 65.3418
4.60616 60.1733
4.6119 62.5
4.61763 64.4699
4.62337 61.5714
4.62911 55.3175
4.63484 57.2656
4.64058 55.4512
4.64631 52.6806
4.65205 52.0536
4.65779 55.2625
4.66352 60.1282
4.66926 56.082
4.675 52.7042
4.68073 50.7308
4.68647 48.274
4.6922 43.6034
4.69794 50.5309
4.70368 48.9481
4.70941 46.46
4.71515 45.6
4.72088 51.6709
4.72662 46.3478
4.73236 46.5079
4.73809 46.4146
4.74383 45.0256
4.74957 46.3269
4.7553 44.25
4.76104 45.8625
4.76677 44.8806
4.77251 45.9538
4.77825 42.1951
4.78398 44.96
4.78972 45.3929
4.79546 41.2235
4.80119 44.8861
4.80693 44.0154
4.81266 42.1
4.8184 41.5238
4.82414 40.3014
4.82987 41.8525
4.83561 37.869
4.84134 41.8375
4.84708 43.5472
4.85282 40.4471
4.85855 42.5
4.86429 46.3944
4.87003 38.8033
4.87576 39.7126
4.8815 40.3671
4.88723 38.6481
4.89297 39.2353
4.89871 36.988
4.90444 36.4225
4.91018 37.5606
4.91592 36.0357
4.92165 35.4684
4.92739 37.4737
4.93312 36.2326
4.93886 37.5595
4.9446 35.2239
4.95033 33.7606
4.95607 35
4.9618 36.7532
4.96754 39.4746
4.97328 38.7011
4.97901 31.7229
4.98475 38.6885
4.99049 40.141
4.99622 41.954
5.00196 38.3836
5.00769 36.0476
5.01343 34.1932
5.01917 34.4819
5.0249 35.4528
5.03064 31.3333
5.03638 36.7442
5.04211 34.48
5.04785 35.6
5.05358 32.6512
5.05932 34.0617
5.06506 34.2069
5.07079 34.6854
5.07653 32.5172
5.08226 36.3521
5.088 38.9714
5.09374 32.5667
5.09947 33.1299
5.10521 34.9048
5.11095 30.8444
5.11668 32.7059
5.12242 33.0152
5.12815 32.7143
5.13389 31.2
5.13963 36.5065
5.14536 36.0984
5.1511 31.1848
5.15684 30.1807
5.16257 30.8889
5.16831 30.3452
5.17404 34
5.17978 28.8182
5.18552 33.1212
5.19125 33.9889
5.19699 31.6265
5.20272 29.0508
5.20846 30.663
5.2142 29.4157
5.21993 33.9737
5.22567 33.2899
5.23141 32.1304
5.23714 30.1975
5.24288 34.2131
5.24861 29.7849
5.25435 28.7978
5.26009 30.2394
5.26582 33.3684
5.27156 31.1209
5.2773 34.1772
5.28303 32.4462
5.28877 30.4043
5.2945 30.2644
5.30024 34.7917
5.30598 31.2785
5.31171 32.0674
5.31745 33.7805
5.32318 34.1077
5.32892 30.9468
5.33466 31.7816
5.34039 31.8636
5.34613 29.8953
5.35187 29.3846
5.3576 30.6914
5.36334 31.2424
5.36907 31.4062
5.37481 31.8588
5.38055 32.7049
5.38628 29.9167
5.39202 32.978
5.39776 31.125
5.40349 33.507
5.40923 32.3854
5.41496 28.5309
5.4207 31.1587
5.42644 30.0408
5.43217 31.7978
5.43791 30.8608
5.44364 31.7027
5.44938 31.6186
5.45512 33.8519
5.46085 30.1212
5.46659 34.8061
5.47233 26.5955
5.47806 33.5
5.4838 31.7778
5.48953 29
5.49527 31.2857
5.50101 30.1194
5.50674 30.4694
5.51248 28.7191
5.51822 27.9865
5.52395 31.3614
5.52969 30.7527
5.53542 30.8941
5.54116 32.9412
5.5469 31.5455
5.55263 31.3371
5.55837 32.5278
5.5641 30.2697
5.56984 27.9677
5.57558 33.9762
5.58131 26.3973
5.58705 34.596
5.59279 31.9205
5.59852 31.4762
5.60426 17.83
5.60999 26.0968
5.61573 28.3659
5.62147 26.75
5.6272 33.1856
5.63294 29.3793
5.63868 34.0455
5.64441 27.6337
5.65015 31.6882
5.65588 32.4048
5.66162 30.3117
5.66736 35.9596
5.67309 36.2791
5.67883 31.2609
5.68456 34.8119
5.6903 31.6222
5.69604 31.1341
5.70177 30.012
5.70751 32.1895
5.71325 27.7273
5.71898 32.8056
5.72472 34.7677
5.73045 33.6021
5.73619 32
5.74193 32.3371
5.74766 29.2105
5.7534 32.8295
5.75914 34.5634
5.76487 32.5842
5.77061 33.7979
5.77634 32.1795
5.78208 32.0225
5.78782 32.701
5.79355 33.3837
5.79929 30.24
5.80502 30.8812
5.81076 33.871
5.8165 32.48
5.82223 34.2708
5.82797 35.8351
5.83371 31.6279
5.83944 34.076
5.84518 33.2323
5.85091 33.2188
5.85665 34.2769
5.86239 33.5714
5.86812 36.6735
5.87386 38.5349
5.8796 34.1646
5.88533 33.1287
5.89107 35.2717
5.8968 33.1014
5.90254 36.1905
5.90828 36.1919
5.91401 36.7412
5.91975 34.9268
5.92548 34.7475
5.93122 36.0106
5.93696 32.0685
5.94269 37.1429
5.94843 34.6354
5.95417 35.0795
5.9599 32.4706
5.96564 34.6162
5.97137 37.5
5.97711 38.0959
5.98285 36.2039
5.98858 36.3776
5.99432 38.6118
6.00006 38.3111
6.00579 39.9293
6.01153 40.1075
6.01726 41.7867
6.023 40.0952
6.02874 40.4062
6.03447 41.6591
6.04021 40.2444
6.04594 41.102
6.05168 37.0729
6.05742 42.987
6.06315 39.5429
6.06889 43.3958
6.07463 41.0238
6.08036 37.766
6.0861 41.4184
6.09183 43.0412
6.09757 43.641
6.10331 41.9238
6.10904 40.2604
6.11478 45.4186
6.12052 43.9167
6.12625 46.21
6.13199 44.8617
6.13772 43.2195
6.14346 42.7157
6.1492 46.46
6.15493 48.85
6.16067 47.6471
6.1664 43.8265
6.17214 45.1277
6.17788 45.0714
6.18361 47.4272
6.18935 49.1616
6.19509 43.5676
6.20082 52.2661
6.20656 47.4216
6.21229 53.1875
6.21803 53.8293
6.22377 54.7736
6.2295 53.31
6.23524 53.5067
6.24098 56.156
6.24671 60.3824
6.25245 55.9149
6.25818 58.0814
6.26392 61.6471
6.26966 61.8039
6.27539 59.6316
6.28113 63.4954
6.28686 67.5644
6.2926 72.7396
6.29834 78.7727
6.30407 105.404
6.30981 150.402
6.31555 507.821
6.32128 1071.46
6.32702 446.202
6.33275 278.344
6.33849 135.886
6.34423 91.2212
6.34996 86.6667
6.3557 81.5128
6.36144 83.2315
6.36717 80.781
6.37291 82.8421
6.37864 80.7889
6.38438 87.434
6.39012 86.3431
6.39585 84.275
6.40159 84.6019
6.40732 78.6852
6.41306 73.8298
6.4188 71.6196
6.42453 67.8396
6.43027 64.8333
6.43601 58.439
6.44174 58.7736
6.44748 58.1204
6.45321 55.3511
6.45895 57.9891
6.46469 55.8381
6.47042 52.9806
6.47616 56.3571
6.4819 52.3818
6.48763 51.6296
6.49337 51.2581
6.4991 51.3474
6.50484 49.2315
6.51058 49.9608
6.51631 51.4405
6.52205 49.4455
6.52778 47.8981
6.53352 49.337
6.53926 47.0104
6.54499 46.8611
6.55073 49.3107
6.55647 46.7857
6.5622 45.3009
6.56794 47.0463
6.57367 45.4194
6.57941 45.6947
6.58515 48.4286
6.59088 49.7981
6.59662 45.5
6.60236 45.1667
6.60809 46.8774
6.61383 46.5806
6.61956 48.6186
6.6253 45.9107
6.63104 43.9118
6.63677 46.1512
6.64251 43.1228
6.64824 43.7196
6.65398 46.3846
6.65972 46.6863
6.66545 46.1696
6.67119 45.5
6.67693 45.7791
6.68266 44.9655
6.6884 42.5
6.69413 44.9011
6.69987 48.301
6.70561 45.875
6.71134 44.2019
6.71708 48.4318
6.72282 45.3596
6.72855 45.5556
6.73429 46.0787
6.74002 43.8019
6.74576 44.4261
6.7515 44.7184
6.75723 43.6742
6.76297 42.931
6.7687 44.0804
6.77444 43.3371
6.78018 46.181
6.78591 42.3276
6.79165 45.8785
6.79739 42.7931
6.80312 44.4035
6.80886 43.875
6.81459 44.8681
6.82033 44.4667
6.82607 41.8017
6.8318 45.3333
6.83754 43.8977
6.84328 37.1102
6.84901 42.7054
6.85475 43.2198
6.86048 45.7615
6.86622 42.8621
6.87196 44.1495
6.87769 46.4713
6.88343 45.6017
6.88916 43.2719
6.8949 48.7701
6.90064 43.354
6.90637 43.8596
6.91211 45.7757
6.91785 44.8276
6.92358 42.6033
6.92932 46.5044
6.93505 43.0674
6.94079 41.4336
6.94653 43.2155
6.95226 44.7103
6.958 46.9011
6.96374 46.75
6.96947 42.0526
6.97521 46.6154
6.98094 42.2883
6.98668 43.3707
6.99242 44.7798
6.99815 44.2247
7.00389 44.0333
7.00962 45.8276
7.01536 45.2088
7.0211 42.3636
7.02683 44.418
7.03257 42.0654
7.03831 46.8602
7.04404 45.9426
7.04978 43.8
7.05551 47.0532
7.06125 47.4954
7.06699 45.7541
7.07272 44.3578
7.07846 44.9551
7.0842 44
7.08993 47.8534
7.09567 43.3548
7.1014 46.9292
7.10714 47.4958
7.11288 45.7523
7.11861 45.4409
7.12435 46.2097
7.13008 48.0769
7.13582 45.8646
7.14156 47.1982
7.14729 49.325
7.15303 49.8349
7.15877 45.6989
7.1645 47.4597
7.17024 47.395
7.17597 48.1224
7.18171 46.1028
7.18745 49.0164
7.19318 48.6937
7.19892 50.9341
7.20466 47.315
7.21039 49.9145
7.21613 47.59
7.22186 49.5321
7.2276 50.7778
7.23334 51.1171
7.23907 50.7143
7.24481 47.3571
7.25054 49.084
7.25628 52.95
7.26202 52.7297
7.26775 48
7.27349 50.2883
7.27923 48.871
7.28496 51.9762
7.2907 52.2521
7.29643 51.5049
7.30217 54.1743
7.30791 51.371
7.31364 51.5128
7.31938 53.1685
7.32512 53.1154
7.33085 53.9422
7.33659 56.3269
7.34232 55.181
7.34806 55.7846
7.3538 55.7568
7.35953 56.2903
7.36527 54.875
7.371 57.7934
7.37674 60.8654
7.38248 59.8899
7.38821 64.272
7.39395 71.5517
7.39969 101.978
7.40542 140.4
7.41116 168.228
7.41689 179.198
7.42263 93.215
7.42837 75.2064
7.4341 68.9244
7.43984 67.1011
7.44558 67.1642
7.45131 66.281
7.45705 65.8545
7.46278 69.4563
7.46852 70.2231
7.47426 72.0085
7.47999 75.8556
7.48573 74.5303
7.49146 76.12
7.4972 74.7727
7.50294 72.4673
7.50867 76.1328
7.51441 70.437
7.52015 64.2308
7.52588 64.1818
7.53162 62.144
7.53735 63.0982
7.54309 59.9515
7.54883 59.8485
7.55456 57.874
7.5603 57.8764
7.56604 52.597
7.57177 54.312
7.57751 52.3362
7.58324 53.3883
7.58898 52.771
7.59472 48.9918
7.60045 51.49
7.60619 52.0488
7.61192 50.0853
7.61766 54.1121
7.6234 50.9208
7.62913 53.197
7.63487 50.4463
7.64061 51.1569
7.64634 49.6748
7.65208 52.907
7.65781 52.7119
7.66355 48.4898
7.66929 53.6296
7.67502 52.4597
7.68076 51.2925
7.6865 52.2857
7.69223 51.0687
7.69797 53.7119
7.7037 55.7822
7.70944 55.6716
7.71518 54.2683
7.72091 53.3
7.72665 59.3248
7.73238 68.7829
7.73812 87.082
7.74386 110.629
7.74959 83.1449
7.75533 61.712
7.76107 59.9464
7.7668 57.1826
7.77254 57.3053
7.77827 53.9672
7.78401 53.3838
7.78975 54.5481
7.79548 52.0078
7.80122 56.0948
7.80696 54.5586
7.81269 57.203
7.81843 56.4516
7.82416 52.1684
7.8299 55.2071
7.83564 55.6614
7.84137 53.7672
7.84711 53.3604
7.85284 50.6107
7.85858 51.7812
7.86432 50.6186
7.87005 48.2014
7.87579 45.7734
7.88153 44.9508
7.88726 46.4112
7.893 46.8815
7.89873 46.3906
7.90447 42.9412
7.91021 45.0451
7.91594 44.3359
7.92168 41.9583
7.92742 42.3429
7.93315 40.9635
7.93889 42.4365
7.94462 42.2632
7.95036 44.5328
7.9561 40.7652
7.96183 39.1587
7.96757 41.9714
7.9733 42.5401
7.97904 39.7154
7.98478 39.9554
7.99051 39.936
7.99625 39.4887
8.00199 38.0968
8.00772 38.0198
8.01346 41.1942
8.01919 38.3485
8.02493 42.822
8.03067 39.9561
8.0364 40.1544
8.04214 40.0078
8.04788 40.1165
8.05361 39.5036
8.05935 38.2206
8.06508 41.0169
8.07082 40.1368
8.07656 39.0511
8.08229 39.1094
8.08803 38.9596
8.09376 40.042
8.0995 38.4697
8.10524 37.8607
8.11097 36.8407
8.11671 39.2482
8.12245 36.6357
8.12818 37.0446
8.13392 35.7045
8.13965 31.4783
8.14539 34.621
8.15113 32.991
8.15686 29.9708
8.1626 30.0152
8.16834 24.8983
8.17407 28.373
8.17981 23.791
8.18554 24.9231
8.19128 22.3271
8.19702 20.4388
8.20275 18.2836
8.20849 20.5169
8.21422 17.1532
8.21996 15.913
8.2257 13.2422
8.23143 12.9626
8.23717 9.5035
8.24291 9.85185
8.24864 5.72727
8.25438 6.47368
8.26011 6.52632
8.26585 1.11111
8.27159 0
8.27732 0
8.28306 0
8.2888 0
8.29453 0
8.30027 0
8.306 0
8.31174 0
8.31748 0
8.32321 0
8.32895 0
8.33468 0
8.34042 0
8.34616 0
8.35189 0
8.35763 0
8.36337 0
8.3691 0
8.37484 0
8.38057 0
8.38631 0
8.39205 0
8.39778 0
8.40352 0
8.40926 0
8.41499 0
8.42073 0
8.42646 0
8.4322 0
8.43794 0
8.44367 0
8.44941 0
8.45514 0
8.46088 0
8.46662 0
8.47235 0
8.47809 0
8.48383 0
8.48956 0
8.4953 0
8.50103 0
8.50677 0
8.51251 0
8.51824 0
8.52398 0
8.52972 0
8.53545 0
8.54119 0
8.54692 0
8.55266 0
8.5584 0
8.56413 0
8.56987 0
8.5756 0
8.58134 0
8.58708 0
8.59281 0
8.59855 0
8.60429 0
8.61002 0
8.61576 0
8.62149 0
8.62723 0
8.63297 0
8.6387 0
8.64444 0
8.65018 0
8.65591 0
8.66165 0
8.66738 0
8.67312 0
8.67886 0
8.68459 0
8.69033 0
8.69606 0
8.7018 0
8.70754 0
8.71327 0
8.71901 0
8.72475 0
8.73048 0
8.73622 0
8.74195 0
8.74769 0
8.75343 0
8.75916 0
8.7649 0
8.77064 0
8.77637 0
8.78211 0
8.78784 0
8.79358 0
8.79932 0
8.80505 0
8.81079 0
8.81652 0
8.82226 0
8.828 0
8.83373 0
8.83947 0
8.84521 0
8.85094 0
8.85668 0
8.86241 0
8.86815 0
8.87389 0
8.87962 0
8.88536 0
8.8911 0
8.89683 0
8.90257 0
8.9083 0
8.91404 0
8.91978 0
8.92551 0
8.93125 0
8.93698 0
8.94272 0
8.94846 0
8.95419 0
8.95993 0
8.96567 0
8.9714 0
8.97714 0
8.98287 0
8.98861 0
8.99435 0
9.00008 0
9.00582 0
9.01156 0
9.01729 0
9.02303 0
9.02876 0
9.0345 0
9.04024 0
9.04597 0
9.05171 0
9.05744 0
9.06318 0
9.06892 0
9.07465 0
9.08039 0
9.08613 0
9.09186 0
9.0976 0
9.10333 0
9.10907 0
9.11481 0
9.12054 0
9.12628 0
9.13202 0
9.13775 0
9.14349 0
9.14922 0
9.15496 0
9.1607 0
9.16643 0
9.17217 0
9.1779 0
9.18364 0
9.18938 0
9.19511 0
9.20085 0
9.20659 0
9.21232 0
9.21806 0
9.22379 0
9.22953 0
9.23527 0
9.241 0
9.24674 0
9.25248 0
9.25821 0
9.26395 0
9.26968 0
9.27542 0
9.28116 0
9.28689 0
9.29263 0
9.29836 0
9.3041 0
9.30984 0
9.31557 0
9.32131 0
9.32705 0
9.33278 0
9.33852 0
9.34425 0
9.34999 0
9.35573 0
9.36146 0
9.3672 0
9.37294 0
9.37867 0
9.38441 0
9.39014 0
9.39588 0
9.40162 0
9.40735 0
9.41309 0
9.41882 0
9.42456 0
9.4303 0
9.43603 0
9.44177 0
9.44751 0
9.45324 0
9.45898 0
9.46471 0
9.47045 0
9.47619 0
9.48192 0
9.48766 0
9.4934 0
9.49913 0
9.50487 0
9.5106 0
9.51634 0
9.52208 0
9.52781 0
9.53355 0
9.53928 0
9.54502 0
9.55076 0
9.55649 0
9.56223 0
9.56797 0
9.5737 0
9.57944 0
9.58517 0
9.59091 0
9.59665 0
9.60238 0
9.60812 0
9.61386 0
9.61959 0
9.62533 0
9.63106 0
9.6368 0
9.64254 0
9.64827 0
9.65401 0
9.65974 0
9.66548 0
9.67122 0
9.67695 0
9.68269 0
9.68843 0
9.69416 0
9.6999 0
9.70563 0
9.71137 0
9.71711 0
9.72284 0
9.72858 0
9.73432 0
9.74005 0
9.74579 0
9.75152 0
9.75726 0
9.763 0
9.76873 0
9.77447 0
9.7802 0
9.78594 0
9.79168 0
9.79741 0
9.80315 0
9.80889 0
9.81462 0
9.82036 0
9.82609 0
9.83183 0
9.83757 0
9.8433 0
9.84904 0
9.85478 0
9.86051 0
9.86625 0
9.87198 0
9.87772 0
9.88346 0
9.88919 0
9.89493 0
9.90066 0
9.9064 0
9.91214 0
9.91787 0
9.92361 0
9.92935 0
9.93508 0
9.94082 0
9.94655 0
9.95229 0
9.95803 0
9.96376 0
9.9695 0
9.97524 0
9.98097 0
9.98671 0
9.99244 0
9.99818 0
10.0039 0
10.0097 0
10.0154 0
10.0211 0
10.0269 0
10.0326 0
10.0383 0
10.0441 0
10.0498 0
10.0555 0
10.0613 0
10.067 0
10.0728 0
10.0785 0
10.0842 0
10.09 0
10.0957 0
10.1014 0
10.1072 0
10.1129 0
10.1186 0
10.1244 0
10.1301 0
10.1358 0
10.1416 0
10.1473 0
10.1531 0
10.1588 0
10.1645 0
10.1703 0
10.176 0
10.1817 0
10.1875 0
10.1932 0
10.1989 0
10.2047 0
10.2104 0
10.2162 0
10.2219 0
10.2276 0
10.2334 0
10.2391 0
10.2448 0
10.2506 0
10.2563 0
10.262 0
10.2678 0
10.2735 0
10.2793 0
10.285 0
10.2907 0
10.2965 0
10.3022 0
10.3079 0
10.3137 0
10.3194 0
10.3251 0
10.3309 0
10.3366 0
10.3424 0
10.3481 0
10.3538 0
10.3596 0
10.3653 0
10.371 0
10.3768 0
10.3825 0
10.3882 0
10.394 0
10.3997 0
10.4054 0
10.4112 0
10.4169 0
10.4227 0
10.4284 0
10.4341 0
10.4399 0
10.4456 0
10.4513 0
10.4571 0
10.4628 0
10.4685 0
10.4743 0
10.48 0
10.4858 0
10.4915 0
10.4972 0
10.503 0
10.5087 0
10.5144 0
10.5202 0
10.5259 0
10.5316 0
10.5374 0
10.5431 0
10.5489 0
10.5546 0
10.5603 0
10.5661 0
10.5718 0
10.5775 0
10.5833 0
10.589 0
10.5947 0
10.6005 0
10.6062 0
10.612 0
10.6177 0
10.6234 0
10.6292 0
10.6349 0
10.6406 0
10.6464 0
10.6521 0
10.6578 0
10.6636 0
10.6693 0
10.6751 0
10.6808 0
10.6865 0
10.6923 0
10.698 0
10.7037 0
10.7095 0
10.7152 0
10.7209 0
10.7267 0
10.7324 0
10.7381 0
10.7439 0
10.7496 0
10.7554 0
10.7611 0
10.7668 0
10.7726 0
10.7783 0
10.784 0
10.7898 0
10.7955 0
10.8012 0
10.807 0
10.8127 0
10.8185 0
10.8242 0
10.8299 0
10.8357 0
10.8414 0
10.8471 0
10.8529 0
10.8586 0
10.8643 0
10.8701 0
10.8758 0
10.8816 0
10.8873 0
10.893 0
10.8988 0
10.9045 0
10.9102 0
10.916 0
10.9217 0
10.9274 0
10.9332 0
10.9389 0
10.9447 0
10.9504 0
10.9561 0
10.9619 0
10.9676 0
10.9733 0
10.9791 0
10.9848 0
10.9905 0
10.9963 0
11.002 0
11.0077 0
11.0135 0
11.0192 0
11.025 0
11.0307 0
11.0364 0
11.0422 0
11.0479 0
11.0536 0
11.0594 0
11.0651 0
11.0708 0
11.0766 0
11.0823 0
11.0881 0
11.0938 0
11.0995 0
11.1053 0
11.111 0
11.1167 0
11.1225 0
11.1282 0
11.1339 0
11.1397 0
11.1454 0
11.1512 0
11.1569 0
11.1626 0
11.1684 0
11.1741 0
11.1798 0
11.1856 0
11.1913 0
11.197 0
11.2028 0
11.2085 0
11.2143 0
11.22 0
11.2257 0
11.2315 0
11.2372 0
11.2429 0
11.2487 0
11.2544 0
11.2601 0
11.2659 0
11.2716 0
11.2774 0
11.2831 0
11.2888 0
11.2946 0
11.3003 0
11.306 0
11.3118 0
11.3175 0
11.3232 0
11.329 0
11.3347 0
11.3404 0
11.3462 0
11.3519 0
11.3577 0
11.3634 0
11.3691 0
11.3749 0
11.3806 0
11.3863 0
11.3921 0
11.3978 0
11.4035 0
11.4093 0
11.415 0
11.4208 0
11.4265 0
11.4322 0
11.438 0
11.4437 0
11.4494 0
11.4552 0
11.4609 0
11.4666 0
11.4724 0
11.4781 0
11.4839 0
11.4896 0
11.4953 0
11.5011 0
11.5068 0
11.5125 0
11.5183 0
11.524 0
11.5297 0
11.5355 0
11.5412 0
11.547 0
11.5527 0
11.5584 0
11.5642 0
11.5699 0
11.5756 0
11.5814 0
11.5871 0
11.5928 0
11.5986 0
11.6043 0
11.61 0
11.6158 0
11.6215 0
11.6273 0
11.633 0
11.6387 0
11.6445 0
11.6502 0
11.6559 0
11.6617 0
11.6674 0
11.6731 0
11.6789 0
11.6846 0
11.6904 0
11.6961 0
11.7018 0
11.7076 0
11.7133 0
11.719 0
11.7248 0
11.7305 0
11.7362 0
11.742 0
