0 16
0.00573619 -11
0.0114724 -28
0.0172086 0
0.0229448 14
0.028681 12
0.0344171 0
0.0401533 6
0.0458895 11
0.0516257 12
0.0573619 0
0.0630981 1
0.0688343 -18
0.0745705 0
0.0803067 11
0.0860429 16
0.091779 0
0.0975152 -9.33333
0.103251 0
0.108988 -1.66667
0.114724 0
0.12046 -3.66667
0.126196 0
0.131932 0
0.137669 20
0.143405 -4.33333
0.149141 -6
0.154877 2
0.160613 -11.6667
0.16635 -3.66667
0.172086 0
0.177822 -6
0.183558 13.6
0.189294 0
0.19503 1.8
0.200767 -8.2
0.206503 2
0.212239 15
0.217975 0.4
0.223711 -2.6
0.229448 0
0.235184 1
0.24092 13.4
0.246656 0
0.252392 12.8
0.258129 11
0.263865 5
0.269601 0
0.275337 7.8
0.281073 12
0.28681 0
0.292546 -0.142857
0.298282 0.857143
0.304018 -2
0.309754 3.5
0.31549 -0.857143
0.321227 9.71429
0.326963 0
0.332699 6.57143
0.338435 7.42857
0.344171 0
0.349908 7.28571
0.355644 15.7143
0.36138 13
0.367116 9
0.372852 15
0.378589 13.7143
0.384325 12
0.390061 -4.22222
0.395797 7.33333
0.401533 0
0.40727 11.7778
0.413006 11
0.418742 3.57143
0.424478 -6.5
0.430214 -0.333333
0.43595 14.4444
0.441687 0
0.447423 0.888889
0.453159 10.3333
0.458895 14.6667
0.464631 3.14286
0.470368 2.54545
0.476104 14.2222
0.48184 28
0.487576 8.36364
0.493312 16.8182
0.499049 0
0.504785 7.18182
0.510521 17.1818
0.516257 -1.8
0.521993 12.1667
0.52773 17
0.533466 9
0.539202 15
0.544938 4.63636
0.550674 17
0.55641 0
0.562147 14.6923
0.567883 13
0.573619 9.42857
0.579355 25.3333
0.585091 11.4615
0.590828 40.5455
0.596564 11
0.6023 201.231
0.608036 130.538
0.613772 36.6
0.619509 40.125
0.625245 16.5385
0.630981 2.11111
0.636717 21
0.642453 19.8462
0.64819 12.2308
0.653926 16
0.659662 9.66667
0.665398 13.5333
0.671134 10.8571
0.67687 17.5
0.682607 12.8667
0.688343 7.90909
0.694079 20.5
0.699815 19
0.705551 14.2667
0.711288 14
0.717024 11.7143
0.72276 13.4
0.728496 17.4444
0.734232 17.6667
0.739969 12.375
0.745705 12
0.751441 17
0.757177 15.8824
0.762913 11.7059
0.76865 14.4
0.774386 11.0833
0.780122 8.17647
0.785858 9.45455
0.791594 10.3333
0.79733 12.8235
0.803067 6.6
0.808803 20
0.814539 12.0588
0.820275 10.5882
0.826011 10.6667
0.831748 13.75
0.837484 8.83333
0.84322 7.46154
0.848956 25.6667
0.854692 15.9474
0.860429 23.7647
0.866165 8.2
0.871901 10.5625
0.877637 15.2105
0.883373 5.45455
0.88911 17.875
0.894846 10.7895
0.900582 15.8667
0.906318 -4.75
0.912054 7.68421
0.91779 11.1176
0.923527 11.2222
0.929263 10.1538
0.934999 13.3333
0.940735 8.84615
0.946471 8.875
0.952208 4.7619
0.957944 10.8824
0.96368 12.75
0.969416 12.2381
0.975152 12.4211
0.980889 17.0909
0.986625 10.9167
0.992361 12.8095
0.998097 10.9333
1.00383 15.5
1.00957 16.4286
1.01531 11.9412
1.02104 16.9
1.02678 17.5882
1.03251 12.6667
1.03825 8.69231
1.04399 11.1667
1.04972 12
1.05546 13.0588
1.0612 6.66667
1.06693 19.1304
1.07267 17.4737
1.0784 16.4615
1.08414 6.92857
1.08988 7.21739
1.09561 8.46667
1.10135 12.125
1.10708 7.47826
1.11282 11.1176
1.11856 15.4286
1.12429 10.2
1.13003 21.3333
1.13577 4.6
1.1415 12.1429
1.14724 19.52
1.15297 10.6667
1.15871 16.2
1.16445 13
1.17018 10.4211
1.17592 20.3846
1.18166 16.6667
1.18739 7.17391
1.19313 15.6667
1.19886 14
1.2046 18.6
1.21034 9.16667
1.21607 10.2222
1.22181 16.8889
1.22754 13.8571
1.23328 14.1176
1.23902 5.1875
1.24475 17.84
1.25049 7.58824
1.25623 16.6667
1.26196 16.037
1.2677 15.6316
1.27343 17.1538
1.27917 13.1818
1.28491 12
1.29064 10.6471
1.29638 13.1429
1.30212 6.66667
1.30785 13.1111
1.31359 15.1667
1.31932 11.7931
1.32506 12.381
1.3308 13.0588
1.33653 7.85
1.34227 7.48
1.348 11.8421
1.35374 8.07143
1.35948 9.07407
1.36521 12.9524
1.37095 12.4
1.37669 11.4828
1.38242 14.7391
1.38816 12
1.39389 8.57895
1.39963 16.4444
1.40537 9.65
1.4111 10.2143
1.41684 13.6207
1.42258 12.2174
1.42831 18.5294
1.43405 16.7917
1.43978 13.72
1.44552 10.3333
1.45126 8.75
1.45699 11.1034
1.46273 12.1429
1.46846 2.91667
1.4742 18.0323
1.47994 16.2609
1.48567 7.1
1.49141 10.6667
1.49715 13.7407
1.50288 14.6957
1.50862 11.5
1.51435 11.5862
1.52009 11.64
1.52583 6.93333
1.53156 17.7
1.5373 14.4
1.54304 11.4762
1.54877 15.6
1.55451 16.4138
1.56024 17.1304
1.56598 8.64286
1.57172 11.3548
1.57745 16.92
1.58319 15.35
1.58892 16.24
1.59466 11.963
1.6004 9.24
1.60613 13.1111
1.61187 14.9032
1.61761 13
1.62334 8.78571
1.62908 15.9697
1.63481 15.037
1.64055 10.4348
1.64629 15.6818
1.65202 16
1.65776 11.12
1.6635 11.75
1.66923 11
1.67497 11.3571
1.6807 9.4
1.68644 10.3571
1.69218 8.82759
1.69791 11.76
1.70365 5.81818
1.70938 14.4516
1.71512 8.33333
1.72086 11.4375
1.72659 13.7273
1.73233 10.7241
1.73807 15.087
1.7438 14.1923
1.74954 12.3448
1.75527 15.037
1.76101 21.3158
1.76675 17.8182
1.77248 13.3929
1.77822 13.8
1.78396 12.6667
1.78969 19.9355
1.79543 14.4074
1.80116 13.6667
1.8069 15.9355
1.81264 9.86207
1.81837 13.3889
1.82411 12.0286
1.82984 14.2414
1.83558 9.44
1.84132 16.3846
1.84705 17.6774
1.85279 17.8519
1.85853 15.7391
1.86426 13.3333
1.87 13.5333
1.87573 8.22222
1.88147 13.6857
1.88721 19.7273
1.89294 21.963
1.89868 13.6154
1.90442 17.5455
1.91015 12.6774
1.91589 19.25
1.92162 20.3143
1.92736 23.9032
1.9331 18.04
1.93883 21.2857
1.94457 19.697
1.9503 19.4
1.95604 15.9167
1.96178 14.9706
1.96751 13.1562
1.97325 18.3
1.97899 15.027
1.98472 16.8485
1.99046 13.7241
1.99619 10.7308
2.00193 17.7143
2.00767 17.871
2.0134 16.0417
2.01914 10.3429
2.02488 12.3636
2.03061 15.48
2.03635 13.25
2.04208 15.7353
2.04782 14.5625
2.05356 15.9583
2.05929 10.1667
2.06503 13.7143
2.07076 18.0909
2.0765 14.6486
2.08224 12.1143
2.08797 14.7241
2.09371 18.9643
2.09945 18
2.10518 14.6364
2.11092 17.875
2.11665 12.9189
2.12239 18.9714
2.12813 12.5652
2.13386 14.5556
2.1396 17.0833
2.14534 14.7812
2.15107 9.88461
2.15681 16.0789
2.16254 15.4865
2.16828 16.0455
2.17402 11.5128
2.17975 18.027
2.18549 12.0323
2.19122 17.1
2.19696 15.4595
2.2027 22.9143
2.20843 19.5
2.21417 30.1026
2.21991 83.6487
2.22564 41.7273
2.23138 61.55
2.23711 33.2895
2.24285 23.0588
2.24859 20.9286
2.25432 16.2308
2.26006 19.0513
2.2658 19.5909
2.27153 19.0976
2.27727 10.2051
2.283 19.0323
2.28874 16.7188
2.29448 16.6154
2.30021 19.0811
2.30595 17.6154
2.31168 19.1795
2.31742 12.9744
2.32316 18.7727
2.32889 16.0476
2.33463 18.525
2.34037 17.1944
2.3461 21.9286
2.35184 14.9535
2.35757 20.1351
2.36331 13.4231
2.36905 15.0976
2.37478 14
2.38052 21.5806
2.38626 15.6765
2.39199 19.0233
2.39773 18.4595
2.40346 17.3077
2.4092 15.4884
2.41494 14.375
2.42067 19.4091
2.42641 16
2.43214 16.5952
2.43788 14.1714
2.44362 16.75
2.44935 15.8667
2.45509 14.1282
2.46083 17.9231
2.46656 17.6444
2.4723 12.1463
2.47803 12.3448
2.48377 16.975
2.48951 19.3488
2.49524 12.8205
2.50098 18.7692
2.50672 17
2.51245 14.4524
2.51819 17.6667
2.52392 16.8696
2.52966 15.0682
2.5354 14.3333
2.54113 12.6667
2.54687 21.3556
2.5526 14.1951
2.55834 16.6923
2.56408 18.8723
2.56981 19.4419
2.57555 13.5172
2.58129 14.7381
2.58702 14.6222
2.59276 14.9189
2.59849 15.2188
2.60423 19.6739
2.60997 13.4773
2.6157 20.7917
2.62144 14.2292
2.62718 14.9787
2.63291 18.5429
2.63865 13.9722
2.64438 12.5532
2.65012 14.5854
2.65586 19.6
2.66159 16.9149
2.66733 13.4
2.67306 18.32
2.6788 16.8958
2.68454 15.1489
2.69027 14.2564
2.69601 15.3939
2.70175 18.0833
2.70748 15.4222
2.71322 18.3333
2.71895 19.625
2.72469 15.7755
2.73043 13.7714
2.73616 16.7368
2.7419 18.7755
2.74764 18.3721
2.75337 20.5667
2.75911 17.9796
2.76484 16.5102
2.77058 11.0417
2.77632 15.0816
2.78205 19.38
2.78779 16.2564
2.79352 21.1429
2.79926 16.0192
2.805 14.6
2.81073 11.3333
2.81647 17.9434
2.82221 10.5306
2.82794 18.4595
2.83368 17.5526
2.83941 17.5472
2.84515 18.878
2.85089 18.25
2.85662 15.8302
2.86236 17.8571
2.8681 19.375
2.87383 18.1132
2.87957 15.3
2.8853 18.1463
2.89104 18.5135
2.89678 15.7885
2.90251 18.9333
2.90825 9.48276
2.91398 20.4727
2.91972 19.8431
2.92546 14.8108
2.93119 18.7619
2.93693 13.9623
2.94267 16.1333
2.9484 9.78125
2.95414 15.4528
2.95987 15.6531
2.96561 19.4615
2.97135 22.2143
2.97708 20.4259
2.98282 23
2.98856 18.5128
2.99429 20.8333
3.00003 16.8936
3.00576 20.0625
3.0115 19.7273
3.01724 16.6038
3.02297 16.4054
3.02871 17.7273
3.03444 20.2364
3.04018 16.0667
3.04592 14.2941
3.05165 21.1818
3.05739 18.6078
3.06313 16.931
3.06886 20.1071
3.0746 14.8727
3.08033 18.25
3.08607 21.6757
3.09181 21.5
3.09754 28.8163
3.10328 21.1875
3.10902 22.2712
3.11475 23.6038
3.12049 19.9487
3.12622 26.8696
3.13196 23.3818
3.1377 22.4894
3.14343 22.3889
3.14917 23.193
3.1549 25.451
3.16064 24.4138
3.16638 22.2333
3.17211 25.3273
3.17785 23.1591
3.18359 22.7561
3.18932 23.4068
3.19506 24.1224
3.20079 24.6765
3.20653 21.8305
3.21227 23.6981
3.218 20.6341
3.22374 24.5208
3.22948 25.5085
3.23521 29.1556
3.24095 26.5526
3.24668 24.75
3.25242 30.8113
3.25816 19.9412
3.26389 22.4912
3.26963 25.7719
3.27536 22.2391
3.2811 21.7805
3.28684 23.8852
3.29257 23.4286
3.29831 24.5
3.30405 22.9365
3.30978 25.9091
3.31552 26.907
3.32125 27
3.32699 23.5614
3.33273 27.3333
3.33846 29.3421
3.3442 26.8226
3.34994 29.3529
3.35567 31.9737
3.36141 29.4068
3.36714 27.6316
3.37288 29.5208
3.37862 28
3.38435 29.2131
3.39009 31.5849
3.39582 29.6944
3.40156 26.4603
3.4073 29.7818
3.41303 28.8511
3.41877 29.4167
3.42451 28.9672
3.43024 26.2653
3.43598 29.0244
3.44171 31.2381
3.44745 32.0893
3.45319 31.9762
3.45892 31.6727
3.46466 32.0847
3.4704 29.08
3.47613 28.6591
3.48187 25.2698
3.4876 32.283
3.49334 28.9474
3.49908 34.4328
3.50481 29.9298
3.51055 35.4894
3.51628 29.12
3.52202 32.082
3.52776 32.2778
3.53349 31.2439
3.53923 34.9385
3.54497 33.8704
3.5507 37.7708
3.55644 34.6727
3.56217 39.8305
3.56791 41.8868
3.57365 37.6739
3.57938 39.0308
3.58512 34.8182
3.59086 32.6053
3.59659 36.6418
3.60233 37.8475
3.60806 37.5098
3.6138 37.7292
3.61954 42.3492
3.62527 38.8571
3.63101 34.4146
3.63674 40.2687
3.64248 43.3621
3.64822 42.875
3.65395 45.6491
3.65969 40.5574
3.66543 43.0727
3.67116 44.2826
3.6769 47.2381
3.68263 47.8852
3.68837 50.9737
3.69411 50.3478
3.69984 47.7288
3.70558 47.7736
3.71132 50
3.71705 43.4154
3.72279 50.0536
3.72852 49.0233
3.73426 50.5075
3.74 48.5323
3.74573 52.26
3.75147 50.3571
3.7572 51.3968
3.76294 55.1525
3.76868 54.2045
3.77441 57.5522
3.78015 58.8644
3.78589 61.1064
3.79162 60.4531
3.79736 63.0794
3.80309 62.9643
3.80883 66.2549
3.81457 65.5077
3.8203 67.4667
3.82604 69.8837
3.83178 73.9565
3.83751 81.7419
3.84325 88.0893
3.84898 110.241
3.85472 173.841
3.86046 232.705
3.86619 258.652
3.87193 338.304
3.87766 303.18
3.8834 177.314
3.88914 218.067
3.89487 224.138
3.90061 257.45
3.90635 269.551
3.91208 262.537
3.91782 231.047
3.92355 201.244
3.92929 162.93
3.93503 132.094
3.94076 113.153
3.9465 101.019
3.95224 89.597
3.95797 79.1587
3.96371 75.0435
3.96944 71.5493
3.97518 70.4603
3.98092 65.8
3.98665 67.1379
3.99239 66.2353
3.99812 63.4032
4.00386 61.7551
4.0096 61.5942
4.01533 60.1719
4.02107 60.92
4.02681 57.7273
4.03254 56.2121
4.03828 57.2131
4.04401 54.3654
4.04975 57.9718
4.05549 51.7385
4.06122 53.6957
4.06696 54.1159
4.0727 51.7246
4.07843 50.3833
4.08417 44.9643
4.0899 55.0588
4.09564 52.5312
4.10138 50.98
4.10711 53.1667
4.11285 49.5303
4.11858 53.5
4.12432 54.1613
4.13006 53.4348
4.13579 53.9683
4.14153 47.6538
4.14727 47.6301
4.153 47.9403
4.15874 47.8182
4.16447 47.3014
4.17021 48.6901
4.17595 46.7258
4.18168 52
4.18742 49.5143
4.19316 48.2273
4.19889 51.46
4.20463 51.7432
4.21036 50.8235
4.2161 51.6333
4.22184 50.4828
4.22757 49.1096
4.23331 48.4925
4.23904 46.14
4.24478 46.32
4.25052 51.2464
4.25625 54.4
4.26199 51.5781
4.26773 49.1944
4.27346 50.3939
4.2792 52.5536
4.28493 54.0278
4.29067 49.7143
4.29641 57.2708
4.30214 57.0263
4.30788 73.3286
4.31362 212.077
4.31935 82.2321
4.32509 455.373
4.33082 150.043
4.33656 77.18
4.3423 63.8667
4.34803 65.7397
4.35377 72.2903
4.3595 73.7833
4.36524 70.6081
4.37098 75.7571
4.37671 73.463
4.38245 78.8919
4.38819 83.5972
4.39392 93.807
4.39966 94.3623
4.40539 96.8472
4.41113 111.522
4.41687 125.444
4.4226 138.909
4.42834 205.863
4.43408 369.188
4.43981 565.468
4.44555 2112.07
4.45128 8554.6
4.45702 5014.22
4.46276 4918.71
4.46849 2375.18
4.47423 696.963
4.47996 469.566
4.4857 271.716
4.49144 210.077
4.49717 186.143
4.50291 167.156
4.50865 152.732
4.51438 147.769
4.52012 138.899
4.52585 124.973
4.53159 112.456
4.53733 100.686
4.54306 94.1125
4.5488 85.1642
4.55454 78.4737
4.56027 77.8375
4.56601 67.8919
4.57174 67.7308
4.57748 62.2564
4.58322 58.9744
4.58895 49.3433
4.59469 55.4262
4.60042 47.2658
4.60616 47.8667
4.6119 43.16
4.61763 47.4096
4.62337 47.5325
4.62911 43.8095
4.63484 44.3281
4.64058 44.3537
4.64631 42.5278
4.65205 37.3929
4.65779 42.825
4.66352 43.3974
4.66926 41.541
4.675 40.7465
4.68073 36.8846
4.68647 38.0685
4.6922 33.1379
4.69794 35.1358
4.70368 35.6234
4.70941 34.54
4.71515 34.2235
4.72088 36.7089
4.72662 36.4493
4.73236 37.0952
4.73809 34.9512
4.74383 32.6026
4.74957 30.9038
4.7553 33.8929
4.76104 34.4625
4.76677 33.0597
4.77251 29.6769
4.77825 28.3171
4.78398 33.1467
4.78972 32.9107
4.79546 30.1647
4.80119 32.3418
4.80693 33.9077
4.81266 26.6571
4.8184 32.381
4.82414 28.3425
4.82987 26.5738
4.83561 27.7857
4.84134 29.6375
4.84708 28.3208
4.85282 24.2706
4.85855 33.7317
4.86429 38.3099
4.87003 27.6557
4.87576 31.4943
4.8815 28.557
4.88723 32.7037
4.89297 27.2706
4.89871 30.0241
4.90444 25.9718
4.91018 26.6364
4.91592 27.5357
4.92165 26.519
4.92739 26.5789
4.93312 23.8837
4.93886 22.6548
4.9446 29.0597
4.95033 24.6479
4.95607 22.593
4.9618 24.5974
4.96754 26.8983
4.97328 28.4713
4.97901 28.9277
4.98475 31
4.99049 26.9103
4.99622 28.3448
5.00196 24.4795
5.00769 24.9683
5.01343 28.8636
5.01917 28.494
5.0249 24.3396
5.03064 23.5556
5.03638 23.3488
5.04211 21.6133
5.04785 22.0615
5.05358 23.8256
5.05932 23.5309
5.06506 25.5345
5.07079 22.6966
5.07653 23.4138
5.08226 21.8873
5.088 25.3286
5.09374 25.2889
5.09947 24.2597
5.10521 23.4127
5.11095 24.7556
5.11668 22.6588
5.12242 24.6364
5.12815 23.9481
5.13389 22.7889
5.13963 23.0909
5.14536 23.1148
5.1511 24.1196
5.15684 22.0482
5.16257 22.9048
5.16831 23.6429
5.17404 23.9438
5.17978 23.7273
5.18552 27.1364
5.19125 23.2111
5.19699 27.2651
5.20272 23.5254
5.20846 23.8478
5.2142 22.2809
5.21993 26.0658
5.22567 24.6087
5.23141 23.3152
5.23714 22.6543
5.24288 21.2131
5.24861 25.3548
5.25435 25.9663
5.26009 24.4225
5.26582 21.3421
5.27156 25.0549
5.2773 25.9873
5.28303 26.6
5.28877 22.5213
5.2945 22.069
5.30024 20.7639
5.30598 21.481
5.31171 26.6629
5.31745 23.7073
5.32318 22.5231
5.32892 23.2234
5.33466 22.8851
5.34039 21.9697
5.34613 24.7093
5.35187 21.3407
5.3576 23.2346
5.36334 26.5152
5.36907 23.6562
5.37481 22.9294
5.38055 24.8689
5.38628 24.2083
5.39202 24.4506
5.39776 26.05
5.40349 26.3803
5.40923 28.125
5.41496 22.8889
5.4207 23.5079
5.42644 22.8265
5.43217 21.8539
5.43791 23.0633
5.44364 25.7162
5.44938 22.1753
5.45512 22.8272
5.46085 20.1212
5.46659 21.6224
5.47233 23.2022
5.47806 27.7763
5.4838 25.1358
5.48953 23.2366
5.49527 21.5119
5.50101 24.4478
5.50674 18.898
5.51248 19.1236
5.51822 24.6622
5.52395 22.3855
5.52969 21.8602
5.53542 20.4941
5.54116 24.8382
5.5469 25.7374
5.55263 25.3146
5.55837 22.4167
5.5641 23.9101
5.56984 22.5806
5.57558 23
5.58131 23.8082
5.58705 22.1515
5.59279 26.9091
5.59852 21.746
5.60426 11.98
5.60999 22.8387
5.61573 17
5.62147 22.0132
5.6272 26.9485
5.63294 23.5287
5.63868 20.3636
5.64441 23.2079
5.65015 20.7957
5.65588 26.4762
5.66162 25.1948
5.66736 24.2121
5.67309 23.314
5.67883 24.6812
5.68456 24.5049
5.6903 24.5111
5.69604 26.3049
5.70177 23.9639
5.70751 23.7789
5.71325 22.7159
5.71898 23.6667
5.72472 23.3939
5.73045 18.4946
5.73619 26.0253
5.74193 24.0562
5.74766 22.6842
5.7534 29.0568
5.75914 20.7465
5.76487 23.802
5.77061 26.2021
5.77634 26.0897
5.78208 24.8315
5.78782 26.1443
5.79355 25.0814
5.79929 21.7333
5.80502 25.5842
5.81076 24.6882
5.8165 27.7733
5.82223 22.4479
5.82797 25.3299
5.83371 27.1977
5.83944 25.6835
5.84518 22.9596
5.85091 26.8229
5.85665 26.9538
5.86239 25.2
5.86812 28.3878
5.87386 27.3488
5.8796 28.1392
5.88533 24.7525
5.89107 25.6957
5.8968 24.0145
5.90254 27.4952
5.90828 28.5354
5.91401 26.6
5.91975 24.2317
5.92548 30.5051
5.93122 26.234
5.93696 25.6164
5.94269 30.4
5.94843 25.3229
5.95417 28.7386
5.9599 28.0118
5.96564 28.8182
5.97137 34.1702
5.97711 30.1096
5.98285 28.6019
5.98858 27.7551
5.99432 30.6235
6.00006 26.3
6.00579 31.3939
6.01153 27.3333
6.01726 28.8133
6.023 33.9238
6.02874 29.3125
6.03447 30.6591
6.04021 29.3889
6.04594 31.1633
6.05168 32.0312
6.05742 33.6883
6.06315 29.4286
6.06889 30.4688
6.07463 34.5
6.08036 35.8191
6.0861 28.7041
6.09183 33.0412
6.09757 28.9487
6.10331 32.0667
6.10904 32.0625
6.11478 34.0116
6.12052 33.9271
6.12625 32.99
6.13199 35.383
6.13772 33.6098
6.14346 37.7255
6.1492 32.72
6.15493 31.7125
6.16067 35.9608
6.1664 35.6531
6.17214 34.0532
6.17788 31.2976
6.18361 36.1456
6.18935 36.3232
6.19509 39.1892
6.20082 38.6697
6.20656 37.4608
6.21229 36.8125
6.21803 36.6707
6.22377 38.0377
6.2295 42.18
6.23524 42.5733
6.24098 41.0367
6.24671 42.2255
6.25245 40.6596
6.25818 43.1628
6.26392 45.9804
6.26966 46.3725
6.27539 43.5658
6.28113 50.156
6.28686 52.3465
6.2926 51.6771
6.29834 64.6023
6.30407 89.6731
6.30981 126.471
6.31555 425.833
6.32128 1190.57
6.32702 605.298
6.33275 348.573
6.33849 157.807
6.34423 102.856
6.34996 87.0098
6.3557 80.6538
6.36144 85.9815
6.36717 84.9714
6.37291 89.9368
6.37864 91.0778
6.38438 90.9245
6.39012 91.1373
6.39585 84.225
6.40159 79.0556
6.40732 70.0556
6.41306 61.6915
6.4188 54.7609
6.42453 51.1321
6.43027 49.7157
6.43601 46.1585
6.44174 46.7642
6.44748 41.6389
6.45321 40.8298
6.45895 41.6957
6.46469 41.0381
6.47042 40.5728
6.47616 40.8214
6.4819 39.2182
6.48763 39.0833
6.49337 37.4516
6.4991 39.6
6.50484 35.8333
6.51058 34.1471
6.51631 36.9405
6.52205 35.1182
6.52778 36.9167
6.53352 37.9674
6.53926 34.9896
6.54499 33.6667
6.55073 37.165
6.55647 34.3333
6.5622 34.9646
6.56794 35.2222
6.57367 31.1505
6.57941 36.1053
6.58515 34.2054
6.59088 37.2115
6.59662 34.7619
6.60236 31.7105
6.60809 34.4906
6.61383 31.086
6.61956 34.6392
6.6253 37.0982
6.63104 34.1471
6.63677 34.7558
6.64251 33.9035
6.64824 35.8785
6.65398 33.022
6.65972 35.1765
6.66545 33.2054
6.67119 36.0385
6.67693 33.907
6.68266 35.9224
6.6884 36.1111
6.69413 31.1429
6.69987 31.9903
6.70561 31.2946
6.71134 31.4327
6.71708 33.4886
6.72282 32.4386
6.72855 30.0648
6.73429 31.4045
6.74002 34.4528
6.74576 33.513
6.7515 37.767
6.75723 33.2472
6.76297 30.1724
6.7687 31.5268
6.77444 30.9663
6.78018 30.6762
6.78591 32.0259
6.79165 31.8411
6.79739 31.6437
6.80312 29.114
6.80886 31.3125
6.81459 33.3736
6.82033 33.6
6.82607 32.0603
6.8318 30.6
6.83754 34.4545
6.84328 32.1186
6.84901 28.7411
6.85475 34.4176
6.86048 30.9083
6.86622 32.2155
6.87196 31.0467
6.87769 36.2989
6.88343 30.9407
6.88916 30.8509
6.8949 31.6552
6.90064 33.9292
6.90637 31.2982
6.91211 32.3738
6.91785 30.092
6.92358 29.6529
6.92932 31.7434
6.93505 31.236
6.94079 31.8319
6.94653 29.4483
6.95226 32.3458
6.958 31.1978
6.96374 33.3333
6.96947 35.614
6.97521 32.1648
6.98094 32.1892
6.98668 31.0603
6.99242 31.3119
6.99815 30.0899
7.00389 34.5333
7.00962 31.2586
7.01536 32.8571
7.0211 31.4818
7.02683 33.5984
7.03257 34.7009
7.03831 31.6021
7.04404 34.0164
7.04978 30.513
7.05551 33.7021
7.06125 33.3578
7.06699 31.541
7.07272 31.6514
7.07846 31.9213
7.0842 34.9426
7.08993 31.8534
7.09567 29.957
7.1014 33.6106
7.10714 32.1681
7.11288 33.1284
7.11861 31.6237
7.12435 34.9355
7.13008 33.8718
7.13582 34.25
7.14156 33.1712
7.14729 36.5833
7.15303 32.1927
7.15877 34.0108
7.1645 34.0968
7.17024 35.5462
7.17597 32.2653
7.18171 35.3084
7.18745 33.3852
7.19318 32.7568
7.19892 32.6923
7.20466 32.0551
7.21039 35.6752
7.21613 35.89
7.22186 33.8073
7.2276 31.9841
7.23334 37.2613
7.23907 37.033
7.24481 35.1111
7.25054 33.9748
7.25628 35.11
7.26202 36.2342
7.26775 34.7787
7.27349 35.955
7.27923 35.1828
7.28496 34.0873
7.2907 36.2773
7.29643 35.7961
7.30217 36.2936
7.30791 35.9919
7.31364 39.7692
7.31938 35.3483
7.32512 39.3462
7.33085 40
7.33659 40.3654
7.34232 40.019
7.34806 39.2615
7.3538 39.2432
7.35953 42.2473
7.36527 38.9688
7.371 43.1736
7.37674 43.7212
7.38248 48.3119
7.38821 52.816
7.39395 57.8448
7.39969 74.0323
7.40542 123.815
7.41116 166.358
7.41689 214.189
7.42263 102.467
7.42837 79.9841
7.4341 71.6723
7.43984 68.5393
7.44558 61.3433
7.45131 62.3306
7.45705 62.7545
7.46278 64.7767
7.46852 69.6154
7.47426 73.1795
7.47999 76.7111
7.48573 76.25
7.49146 77.912
7.4972 73
7.50294 72.4206
7.50867 64.1875
7.51441 56.6471
7.52015 54.9341
7.52588 51.3106
7.53162 47.248
7.53735 48.5
7.54309 43.4369
7.54883 42.3636
7.55456 40.8151
7.5603 40.1461
7.56604 39.6642
7.57177 42.376
7.57751 36.5431
7.58324 38.7184
7.58898 36.9618
7.59472 34.6967
7.60045 37.9
7.60619 37.3333
7.61192 38.3333
7.61766 34.1207
7.6234 35.5347
7.62913 35.7045
7.63487 35.4876
7.64061 37.6176
7.64634 36.6179
7.65208 40.0233
7.65781 37.1017
7.66355 37.4388
7.66929 36.0222
7.67502 37.5323
7.68076 35.8113
7.6865 37.479
7.69223 36.9771
7.69797 38.8559
7.7037 38.1782
7.70944 39.8358
7.71518 41.1626
7.72091 44.3364
7.72665 43.9487
7.73238 50.5891
7.73812 71.8279
7.74386 95.1649
7.74959 82.558
7.75533 53.52
7.76107 41.0089
7.7668 42.7043
7.77254 43.687
7.77827 40.7623
7.78401 43.9293
7.78975 40.5111
7.79548 46.8984
7.80122 46.5172
7.80696 44.5225
7.81269 44.5338
7.81843 43.25
7.82416 45.8842
7.8299 43.3071
7.83564 42.252
7.84137 40.0431
7.84711 36.0721
7.85284 38.6183
7.85858 36.2734
7.86432 31.4124
7.87005 34.5252
7.87579 35.0859
7.88153 36.3689
7.88726 32.486
7.893 32.4815
7.89873 31.1875
7.90447 35.1569
7.91021 32.3985
7.91594 31.5573
7.92168 31.2833
7.92742 31.8476
7.93315 33.5328
7.93889 30.1111
7.94462 31.2281
7.95036 30.2459
7.9561 29.5076
7.96183 31.3016
7.96757 28.9714
7.9733 29.2482
7.97904 30.1308
7.98478 29.3304
7.99051 30.504
7.99625 27.2707
8.00199 28.3306
8.00772 27.7426
8.01346 28.813
8.01919 26.9697
8.02493 25.4068
8.03067 24.8947
8.0364 27.2279
8.04214 26.9375
8.04788 27.4078
8.05361 30.3237
8.05935 29.1397
8.06508 26.4322
8.07082 29.5897
8.07656 26.073
8.08229 26.3906
8.08803 27.9596
8.09376 27.2797
8.0995 29.3409
8.10524 28.4508
8.11097 26.1062
8.11671 25.8102
8.12245 24.3721
8.12818 27.375
8.13392 25.2727
8.13965 23.9058
8.14539 23.6855
8.15113 22.7297
8.15686 23.0438
8.1626 23.8106
8.16834 17.3814
8.17407 22.381
8.17981 18.8731
8.18554 15.2846
8.19128 16.028
8.19702 15.9424
8.20275 12.209
8.20849 13.3475
8.21422 12.1452
8.21996 10.7754
8.2257 11.4375
8.23143 9.39252
8.23717 5.59441
8.24291 9.75309
8.24864 7.05455
8.25438 3.28947
8.26011 4.31579
8.26585 5
8.27159 0
8.27732 0
8.28306 0
8.2888 0
8.29453 0
8.30027 0
8.306 0
8.31174 0
8.31748 0
8.32321 0
8.32895 0
8.33468 0
8.34042 0
8.34616 0
8.35189 0
8.35763 0
8.36337 0
8.3691 0
8.37484 0
8.38057 0
8.38631 0
8.39205 0
8.39778 0
8.40352 0
8.40926 0
8.41499 0
8.42073 0
8.42646 0
8.4322 0
8.43794 0
8.44367 0
8.44941 0
8.45514 0
8.46088 0
8.46662 0
8.47235 0
8.47809 0
8.48383 0
8.48956 0
8.4953 0
8.50103 0
8.50677 0
8.51251 0
8.51824 0
8.52398 0
8.52972 0
8.53545 0
8.54119 0
8.54692 0
8.55266 0
8.5584 0
8.56413 0
8.56987 0
8.5756 0
8.58134 0
8.58708 0
8.59281 0
8.59855 0
8.60429 0
8.61002 0
8.61576 0
8.62149 0
8.62723 0
8.63297 0
8.6387 0
8.64444 0
8.65018 0
8.65591 0
8.66165 0
8.66738 0
8.67312 0
8.67886 0
8.68459 0
8.69033 0
8.69606 0
8.7018 0
8.70754 0
8.71327 0
8.71901 0
8.72475 0
8.73048 0
8.73622 0
8.74195 0
8.74769 0
8.75343 0
8.75916 0
8.7649 0
8.77064 0
8.77637 0
8.78211 0
8.78784 0
8.79358 0
8.79932 0
8.80505 0
8.81079 0
8.81652 0
8.82226 0
8.828 0
8.83373 0
8.83947 0
8.84521 0
8.85094 0
8.85668 0
8.86241 0
8.86815 0
8.87389 0
8.87962 0
8.88536 0
8.8911 0
8.89683 0
8.90257 0
8.9083 0
8.91404 0
8.91978 0
8.92551 0
8.93125 0
8.93698 0
8.94272 0
8.94846 0
8.95419 0
8.95993 0
8.96567 0
8.9714 0
8.97714 0
8.98287 0
8.98861 0
8.99435 0
9.00008 0
9.00582 0
9.01156 0
9.01729 0
9.02303 0
9.02876 0
9.0345 0
9.04024 0
9.04597 0
9.05171 0
9.05744 0
9.06318 0
9.06892 0
9.07465 0
9.08039 0
9.08613 0
9.09186 0
9.0976 0
9.10333 0
9.10907 0
9.11481 0
9.12054 0
9.12628 0
9.13202 0
9.13775 0
9.14349 0
9.14922 0
9.15496 0
9.1607 0
9.16643 0
9.17217 0
9.1779 0
9.18364 0
9.18938 0
9.19511 0
9.20085 0
9.20659 0
9.21232 0
9.21806 0
9.22379 0
9.22953 0
9.23527 0
9.241 0
9.24674 0
9.25248 0
9.25821 0
9.26395 0
9.26968 0
9.27542 0
9.28116 0
9.28689 0
9.29263 0
9.29836 0
9.3041 0
9.30984 0
9.31557 0
9.32131 0
9.32705 0
9.33278 0
9.33852 0
9.34425 0
9.34999 0
9.35573 0
9.36146 0
9.3672 0
9.37294 0
9.37867 0
9.38441 0
9.39014 0
9.39588 0
9.40162 0
9.40735 0
9.41309 0
9.41882 0
9.42456 0
9.4303 0
9.43603 0
9.44177 0
9.44751 0
9.45324 0
9.45898 0
9.46471 0
9.47045 0
9.47619 0
9.48192 0
9.48766 0
9.4934 0
9.49913 0
9.50487 0
9.5106 0
9.51634 0
9.52208 0
9.52781 0
9.53355 0
9.53928 0
9.54502 0
9.55076 0
9.55649 0
9.56223 0
9.56797 0
9.5737 0
9.57944 0
9.58517 0
9.59091 0
9.59665 0
9.60238 0
9.60812 0
9.61386 0
9.61959 0
9.62533 0
9.63106 0
9.6368 0
9.64254 0
9.64827 0
9.65401 0
9.65974 0
9.66548 0
9.67122 0
9.67695 0
9.68269 0
9.68843 0
9.69416 0
9.6999 0
9.70563 0
9.71137 0
9.71711 0
9.72284 0
9.72858 0
9.73432 0
9.74005 0
9.74579 0
9.75152 0
9.75726 0
9.763 0
9.76873 0
9.77447 0
9.7802 0
9.78594 0
9.79168 0
9.79741 0
9.80315 0
9.80889 0
9.81462 0
9.82036 0
9.82609 0
9.83183 0
9.83757 0
9.8433 0
9.84904 0
9.85478 0
9.86051 0
9.86625 0
9.87198 0
9.87772 0
9.88346 0
9.88919 0
9.89493 0
9.90066 0
9.9064 0
9.91214 0
9.91787 0
9.92361 0
9.92935 0
9.93508 0
9.94082 0
9.94655 0
9.95229 0
9.95803 0
9.96376 0
9.9695 0
9.97524 0
9.98097 0
9.98671 0
9.99244 0
9.99818 0
10.0039 0
10.0097 0
10.0154 0
10.0211 0
10.0269 0
10.0326 0
10.0383 0
10.0441 0
10.0498 0
10.0555 0
10.0613 0
10.067 0
10.0728 0
10.0785 0
10.0842 0
10.09 0
10.0957 0
10.1014 0
10.1072 0
10.1129 0
10.1186 0
10.1244 0
10.1301 0
10.1358 0
10.1416 0
10.1473 0
10.1531 0
10.1588 0
10.1645 0
10.1703 0
10.176 0
10.1817 0
10.1875 0
10.1932 0
10.1989 0
10.2047 0
10.2104 0
10.2162 0
10.2219 0
10.2276 0
10.2334 0
10.2391 0
10.2448 0
10.2506 0
10.2563 0
10.262 0
10.2678 0
10.2735 0
10.2793 0
10.285 0
10.2907 0
10.2965 0
10.3022 0
10.3079 0
10.3137 0
10.3194 0
10.3251 0
10.3309 0
10.3366 0
10.3424 0
10.3481 0
10.3538 0
10.3596 0
10.3653 0
10.371 0
10.3768 0
10.3825 0
10.3882 0
10.394 0
10.3997 0
10.4054 0
10.4112 0
10.4169 0
10.4227 0
10.4284 0
10.4341 0
10.4399 0
10.4456 0
10.4513 0
10.4571 0
10.4628 0
10.4685 0
10.4743 0
10.48 0
10.4858 0
10.4915 0
10.4972 0
10.503 0
10.5087 0
10.5144 0
10.5202 0
10.5259 0
10.5316 0
10.5374 0
10.5431 0
10.5489 0
10.5546 0
10.5603 0
10.5661 0
10.5718 0
10.5775 0
10.5833 0
10.589 0
10.5947 0
10.6005 0
10.6062 0
10.612 0
10.6177 0
10.6234 0
10.6292 0
10.6349 0
10.6406 0
10.6464 0
10.6521 0
10.6578 0
10.6636 0
10.6693 0
10.6751 0
10.6808 0
10.6865 0
10.6923 0
10.698 0
10.7037 0
10.7095 0
10.7152 0
10.7209 0
10.7267 0
10.7324 0
10.7381 0
10.7439 0
10.7496 0
10.7554 0
10.7611 0
10.7668 0
10.7726 0
10.7783 0
10.784 0
10.7898 0
10.7955 0
10.8012 0
10.807 0
10.8127 0
10.8185 0
10.8242 0
10.8299 0
10.8357 0
10.8414 0
10.8471 0
10.8529 0
10.8586 0
10.8643 0
10.8701 0
10.8758 0
10.8816 0
10.8873 0
10.893 0
10.8988 0
10.9045 0
10.9102 0
10.916 0
10.9217 0
10.9274 0
10.9332 0
10.9389 0
10.9447 0
10.9504 0
10.9561 0
10.9619 0
10.9676 0
10.9733 0
10.9791 0
10.9848 0
10.9905 0
10.9963 0
11.002 0
11.0077 0
11.0135 0
11.0192 0
11.025 0
11.0307 0
11.0364 0
11.0422 0
11.0479 0
11.0536 0
11.0594 0
11.0651 0
11.0708 0
11.0766 0
11.0823 0
11.0881 0
11.0938 0
11.0995 0
11.1053 0
11.111 0
11.1167 0
11.1225 0
11.1282 0
11.1339 0
11.1397 0
11.1454 0
11.1512 0
11.1569 0
11.1626 0
11.1684 0
11.1741 0
11.1798 0
11.1856 0
11.1913 0
11.197 0
11.2028 0
11.2085 0
11.2143 0
11.22 0
11.2257 0
11.2315 0
11.2372 0
11.2429 0
11.2487 0
11.2544 0
11.2601 0
11.2659 0
11.2716 0
11.2774 0
11.2831 0
11.2888 0
11.2946 0
11.3003 0
11.306 0
11.3118 0
11.3175 0
11.3232 0
11.329 0
11.3347 0
11.3404 0
11.3462 0
11.3519 0
11.3577 0
11.3634 0
11.3691 0
11.3749 0
11.3806 0
11.3863 0
11.3921 0
11.3978 0
11.4035 0
11.4093 0
11.415 0
11.4208 0
11.4265 0
11.4322 0
11.438 0
11.4437 0
11.4494 0
11.4552 0
11.4609 0
11.4666 0
11.4724 0
11.4781 0
11.4839 0
11.4896 0
11.4953 0
11.5011 0
11.5068 0
11.5125 0
11.5183 0
11.524 0
11.5297 0
11.5355 0
11.5412 0
11.547 0
11.5527 0
11.5584 0
11.5642 0
11.5699 0
11.5756 0
11.5814 0
11.5871 0
11.5928 0
11.5986 0
11.6043 0
11.61 0
11.6158 0
11.6215 0
11.6273 0
11.633 0
11.6387 0
11.6445 0
11.6502 0
11.6559 0
11.6617 0
11.6674 0
11.6731 0
11.6789 0
11.6846 0
11.6904 0
11.6961 0
11.7018 0
11.7076 0
11.7133 0
11.719 0
11.7248 0
11.7305 0
11.7362 0
11.742 0
