0 21.021
0.00573619 8.008
0.0114724 3.003
0.0172086 0
0.0229448 14.014
0.028681 14.014
0.0344171 0
0.0401533 20.02
0.0458895 1.001
0.0516257 10.01
0.0573619 0
0.0630981 1.001
0.0688343 -31.031
0.0745705 0
0.0803067 -5.005
0.0860429 -26.026
0.091779 0
0.0975152 -2.66933
0.103251 -0.333667
0.108988 -2.002
0.114724 0
0.12046 -11.011
0.126196 -1.33467
0.131932 0
0.137669 11.3447
0.143405 -5.33867
0.149141 22.022
0.154877 1.001
0.160613 0
0.16635 5.33867
0.172086 0
0.177822 22.022
0.183558 7.8078
0.189294 0
0.19503 -3.8038
0.200767 -4.4044
0.206503 5.33867
0.212239 15.015
0.217975 -4.4044
0.223711 15.015
0.229448 0
0.235184 11.8118
0.24092 1.2012
0.246656 0
0.252392 7.8078
0.258129 6.6066
0.263865 20.8208
0.269601 0
0.275337 14.4144
0.281073 15.301
0.28681 0
0.292546 24.167
0.298282 19.162
0.304018 -15.015
0.309754 9.25925
0.31549 17.875
0.321227 16.302
0.326963 0
0.332699 7.007
0.338435 13.871
0.344171 0
0.349908 27.027
0.355644 10.439
0.36138 12.6126
0.367116 11.5115
0.372852 12.9018
0.378589 19.019
0.384325 13.5135
0.390061 8.67533
0.395797 14.6813
0.401533 0
0.40727 3.78156
0.413006 2.44689
0.418742 18.59
0.424478 10.5105
0.430214 7.34067
0.43595 10.8998
0.441687 0
0.447423 11.3447
0.453159 9.34267
0.458895 27.6943
0.464631 17.16
0.470368 12.831
0.476104 4.67133
0.48184 2.002
0.487576 17.29
0.493312 15.47
0.499049 0
0.504785 16.926
0.510521 9.464
0.516257 18.2182
0.521993 18.8522
0.52773 16.835
0.533466 26.6933
0.539202 1.001
0.544938 14.469
0.550674 15.652
0.55641 0
0.562147 17.941
0.567883 23.023
0.573619 32.604
0.579355 21.1878
0.585091 32.648
0.590828 112.294
0.596564 38.5385
0.6023 518.21
0.608036 247.94
0.613772 61.8618
0.619509 44.7948
0.625245 29.414
0.630981 15.9048
0.636717 29.5295
0.642453 21.252
0.64819 11.935
0.653926 21.021
0.659662 17.017
0.665398 24.3577
0.671134 14.014
0.67687 14.5145
0.682607 15.2152
0.688343 12.376
0.694079 38.038
0.699815 18.0847
0.705551 14.6146
0.711288 65.065
0.717024 16.3735
0.72276 20.1535
0.728496 14.9038
0.734232 22.3557
0.739969 22.0846
0.745705 19.019
0.751441 14.5145
0.757177 17.0759
0.762913 17.6058
0.76865 18.2182
0.774386 24.2743
0.780122 15.8982
0.785858 12.922
0.791594 31.6983
0.79733 19.3723
0.803067 23.2899
0.808803 30.03
0.814539 16.016
0.820275 20.4911
0.826011 16.1272
0.831748 27.7778
0.837484 16.5165
0.84322 10.472
0.848956 9.009
0.854692 18.7029
0.860429 22.2575
0.866165 7.4074
0.871901 15.9534
0.877637 25.0777
0.883373 19.019
0.88911 16.1411
0.894846 19.1244
0.900582 20.2202
0.906318 14.014
0.912054 18.2814
0.91779 15.4272
0.923527 16.6833
0.929263 17.864
0.934999 11.6783
0.940735 18.557
0.946471 11.8869
0.952208 17.4937
0.957944 11.6587
0.96368 20.5205
0.969416 13.0607
0.975152 19.2297
0.980889 10.283
0.986625 20.1034
0.992361 18.9713
0.998097 14.6813
1.00383 20.6873
1.00957 15.1103
1.01531 18.018
1.02104 25.2252
1.02678 16.4871
1.03251 17.3507
1.03825 16.863
1.04399 25.8592
1.04972 24.111
1.05546 20.6088
1.0612 25.025
1.06693 23.1536
1.07267 16.8063
1.0784 20.79
1.08414 19.591
1.08988 24.3722
1.09561 16.2162
1.10135 26.7768
1.10708 14.7974
1.11282 30.7366
1.11856 42.185
1.12429 21.9419
1.13003 23.9287
1.13577 26.6266
1.1415 21.593
1.14724 16.5365
1.15297 16.9503
1.15871 24.024
1.16445 21.1812
1.17018 13.2764
1.17592 17.787
1.18166 16.8502
1.18739 21.8044
1.19313 24.3577
1.19886 18.6019
1.2046 13.1732
1.21034 19.7976
1.21607 14.9038
1.22181 17.9439
1.22754 17.017
1.23328 23.023
1.23902 22.7728
1.24475 23.1832
1.25049 13.7196
1.25623 9.09242
1.26196 14.8667
1.2677 21.9693
1.27343 13.475
1.27917 21.6125
1.28491 20.8469
1.29064 22.022
1.29638 19.305
1.30212 22.504
1.30785 14.4033
1.31359 17.9346
1.31932 13.013
1.32506 19.3527
1.3308 16.1926
1.33653 22.3724
1.34227 20.02
1.348 12.6442
1.35374 16.8025
1.35948 19.7605
1.36521 23.0707
1.37095 24.8248
1.37669 19.088
1.38242 15.0585
1.38816 13.7196
1.39389 23.2864
1.39963 19.019
1.40537 9.7097
1.4111 20.3775
1.41684 19.2261
1.42258 11.3157
1.42831 18.3713
1.43405 14.0974
1.43978 19.4995
1.44552 14.8243
1.45126 18.6436
1.45699 16.6373
1.46273 18.9713
1.46846 15.6823
1.4742 14.8858
1.47994 20.5423
1.48567 15.9159
1.49141 11.7737
1.49715 11.7896
1.50288 20.1506
1.50862 22.2097
1.51435 11.8739
1.52009 21.5816
1.52583 14.3477
1.53156 22.5225
1.5373 12.2522
1.54304 21.8313
1.54877 21.6216
1.55451 14.6353
1.56024 21.108
1.56598 25.5255
1.57172 17.5014
1.57745 17.2973
1.58319 20.5205
1.58892 5.8058
1.59466 16.3126
1.6004 18.9389
1.60613 16.016
1.61187 14.9181
1.61761 15.6957
1.62334 12.87
1.62908 20.8693
1.63481 20.9839
1.64055 21.7173
1.64629 15.0605
1.65202 18.087
1.65776 21.9419
1.6635 20.1451
1.66923 16.4681
1.67497 17.9823
1.6807 21.2212
1.68644 16.588
1.69218 15.6708
1.69791 21.4214
1.70365 17.7905
1.70938 17.5336
1.71512 15.6082
1.72086 17.017
1.72659 20.4143
1.73233 17.2931
1.73807 14.2316
1.7438 22.715
1.74954 21.4007
1.75527 22.3927
1.76101 18.4922
1.76675 24.2363
1.77248 18.3398
1.77822 15.015
1.78396 18.1181
1.78969 25.251
1.79543 14.4589
1.80116 17.6843
1.8069 19.2773
1.81264 20.8139
1.81837 20.2981
1.82411 24.1384
1.82984 15.6708
1.83558 17.2172
1.84132 23.2155
1.84705 22.7001
1.85279 21.1322
1.85853 21.0645
1.86426 16.926
1.87 21.7551
1.87573 16.016
1.88147 16.6452
1.88721 13.5893
1.89294 19.8346
1.89868 23.4465
1.90442 21.5063
1.91015 26.026
1.91589 25.1751
1.92162 27.2272
1.92736 27.4468
1.9331 42.8828
1.93883 50.9795
1.94457 36.2787
1.9503 23.7904
1.95604 26.3597
1.96178 26.5559
1.96751 22.022
1.97325 24.7247
1.97899 22.8607
1.98472 21.84
1.99046 23.5753
1.99619 21.6755
2.00193 18.9904
2.00767 21.6991
2.0134 23.8989
2.01914 23.3662
2.02488 24.5397
2.03061 33.3133
2.03635 23.5235
2.04208 21.5509
2.04782 24.5558
2.05356 23.1064
2.05929 21.4381
2.06503 20.3632
2.07076 11.5115
2.0765 23.4018
2.08224 20.7064
2.08797 19.1226
2.09371 25.883
2.09945 21.2374
2.10518 26.1473
2.11092 23.6903
2.11665 26.4318
2.12239 22.4224
2.12813 21.2821
2.13386 24.1908
2.1396 23.1342
2.14534 23.2733
2.15107 29.414
2.15681 24.4982
2.16254 25.3226
2.16828 22.659
2.17402 21.56
2.17975 34.0611
2.18549 20.6335
2.19122 23.4234
2.19696 29.6242
2.2027 23.4806
2.20843 25.6923
2.21417 43.8643
2.21991 79.0249
2.22564 76.7585
2.23138 96.6466
2.23711 48.1007
2.24285 36.9487
2.24859 26.4193
2.25432 26.796
2.26006 24.6143
2.2658 24.843
2.27153 29.1022
2.27727 26.334
2.283 17.8243
2.28874 30.3115
2.29448 27.7713
2.30021 23.2665
2.30595 23.7545
2.31168 28.2333
2.31742 24.8453
2.32316 30.667
2.32889 25.9307
2.33463 22.4224
2.34037 22.3835
2.3461 27.2415
2.35184 22.8833
2.35757 23.1853
2.36331 27.6815
2.36905 31.9343
2.37478 26.734
2.38052 28.6738
2.38626 28.028
2.39199 23.9076
2.39773 28.0551
2.40346 25.4485
2.4092 29.0756
2.41494 23.5986
2.42067 28.483
2.42641 24.8202
2.43214 23.8095
2.43788 24.3386
2.44362 22.4912
2.44935 23.4456
2.45509 22.022
2.46083 29.568
2.46656 27.6943
2.4723 25.0006
2.47803 22.5052
2.48377 23.2983
2.48951 29.3316
2.49524 18.9677
2.50098 21.945
2.50672 26.2654
2.51245 25.168
2.51819 25.1501
2.52392 23.2188
2.52966 23.6373
2.5354 24.115
2.54113 21.0766
2.54687 28.1837
2.5526 18.4575
2.55834 22.33
2.56408 24.6416
2.56981 24.0007
2.57555 20.8139
2.58129 21.5215
2.58702 21.2212
2.59276 22.5631
2.59849 20.6769
2.60423 25.025
2.60997 23.8647
2.6157 21.9803
2.62144 22.6893
2.62718 28.3049
2.63291 26.5122
2.63865 26.5265
2.64438 29.4337
2.65012 23.023
2.65586 24.9249
2.66159 23.5767
2.66733 25.7368
2.67306 23.3834
2.6788 22.9396
2.68454 21.3192
2.69027 25.333
2.69601 23.8723
2.70175 25.5046
2.70748 27.5609
2.71322 27.2494
2.71895 31.5524
2.72469 28.9677
2.73043 25.2538
2.73616 23.9713
2.7419 27.1291
2.74764 24.2568
2.75337 27.6943
2.75911 30.3977
2.76484 26.3324
2.77058 27.0687
2.77632 25.74
2.78205 25.6256
2.78779 23.4337
2.79352 25.0536
2.79926 27.8162
2.805 27.2272
2.81073 31.5871
2.81647 27.2536
2.82221 24.453
2.82794 31.1933
2.83368 25.5255
2.83941 29.4445
2.84515 24.2926
2.85089 27.0583
2.85662 25.2705
2.86236 28.6
2.8681 28.4034
2.87383 25.4594
2.87957 26.4464
2.8853 28.6384
2.89104 27.0541
2.89678 28.259
2.90251 24.024
2.90825 36.0015
2.91398 27.209
2.91972 29.9319
2.92546 28.6502
2.93119 23.0945
2.93693 30.0489
2.94267 31.6761
2.9484 25.6819
2.95414 24.3828
2.95987 25.168
2.96561 21.2135
2.97135 25.8651
2.97708 29.3812
2.98282 29.568
2.98856 31.801
2.99429 28.7324
3.00003 25.6213
3.00576 32.7515
3.0115 28.0826
3.01724 28.0847
3.02297 30.5711
3.02871 26.7313
3.03444 28.9016
3.04018 31.6316
3.04592 28.1163
3.05165 29.484
3.05739 32.8956
3.06313 30.8929
3.06886 29.601
3.0746 28.8834
3.08033 31.8727
3.08607 28.2444
3.09181 31.8711
3.09754 29.887
3.10328 31.7192
3.10902 30.539
3.11475 31.7487
3.12049 28.9777
3.12622 36.5583
3.13196 35.6538
3.1377 32.245
3.14343 33.7281
3.14917 42.1649
3.1549 36.3893
3.16064 39.5222
3.16638 32.6493
3.17211 32.6508
3.17785 32.487
3.18359 35.4501
3.18932 31.0649
3.19506 31.5621
3.20079 34.6523
3.20653 32.524
3.21227 30.3322
3.218 35.035
3.22374 33.5752
3.22948 35.7136
3.23521 34.123
3.24095 34.2184
3.24668 33.0497
3.25242 34.2984
3.25816 33.5335
3.26389 34.8945
3.26963 30.6622
3.27536 31.7273
3.2811 39.7959
3.28684 38.0216
3.29257 31.46
3.29831 30.5305
3.30405 39.4362
3.30978 39.6942
3.31552 37.9449
3.32125 38.5385
3.32699 34.315
3.33273 37.9202
3.33846 33.033
3.3442 41.4285
3.34994 38.4305
3.35567 36.958
3.36141 35.1198
3.36714 41.0761
3.37288 35.8066
3.37862 42.133
3.38435 41.3036
3.39009 40.9466
3.39582 38.6497
3.40156 38.2128
3.4073 37.2008
3.41303 38.9538
3.41877 39.6438
3.42451 42.6492
3.43024 46.8019
3.43598 43.7754
3.44171 42.9
3.44745 47.6905
3.45319 44.1393
3.45892 46.0824
3.46466 45.045
3.4704 42.5425
3.47613 41.7007
3.48187 43.7103
3.4876 46.8392
3.49334 44.4391
3.49908 43.043
3.50481 45.4489
3.51055 46.9618
3.51628 42.5225
3.52202 47.1783
3.52776 42.3571
3.53349 50.9045
3.53923 49.0182
3.54497 49.1788
3.5507 53.9914
3.55644 52.4888
3.56217 58.9402
3.56791 55.4894
3.57365 55.8602
3.57938 50.1886
3.58512 52.052
3.59086 46.6519
3.59659 49.4823
3.60233 54.2576
3.60806 53.4259
3.6138 49.7372
3.61954 56.628
3.62527 54.5009
3.63101 58.1557
3.63674 57.9833
3.64248 58.4377
3.64822 62.4791
3.65395 64.8543
3.65969 68.987
3.66543 69.0326
3.67116 66.3271
3.6769 69.2756
3.68263 69.069
3.68837 70.3598
3.69411 73.7984
3.69984 76.3135
3.70558 82.252
3.71132 69.0494
3.71705 76.9692
3.72279 72.6619
3.72852 74.7724
3.73426 74.4027
3.74 75.188
3.74573 76.2562
3.75147 81.5994
3.7572 80.4454
3.76294 80.4872
3.76868 82.1503
3.77441 86.5491
3.78015 89.6489
3.78589 94.669
3.79162 99.3805
3.79736 105.534
3.80309 105.57
3.80883 109.345
3.81457 109.047
3.8203 114.531
3.82604 127.593
3.83178 129.593
3.83751 150.747
3.84325 211.908
3.84898 241.593
3.85472 624.56
3.86046 1552.6
3.86619 685.816
3.87193 2062.52
3.87766 642.609
3.8834 292.272
3.88914 295.912
3.89487 287.533
3.90061 305.372
3.90635 322.302
3.91208 323.547
3.91782 312.938
3.92355 294.66
3.92929 259.626
3.93503 224.771
3.94076 199.012
3.9465 174.915
3.95224 157.471
3.95797 140.331
3.96371 130.63
3.96944 123.631
3.97518 115.449
3.98092 107.926
3.98665 103.759
3.99239 100.1
3.99812 98.8891
4.00386 93.7671
4.0096 94.7178
4.01533 90.7313
4.02107 89.5495
4.02681 88.27
4.03254 85.7675
4.03828 88.1865
4.04401 87.2988
4.04975 84.8453
4.05549 85.4392
4.06122 77.8821
4.06696 79.9059
4.0727 78.0635
4.07843 75.1584
4.08417 73.5556
4.0899 78.9907
4.09564 80.1582
4.10138 72.7727
4.10711 72.6698
4.11285 75.8788
4.11858 73.6986
4.12432 73.4282
4.13006 68.9384
4.13579 73.3431
4.14153 71.456
4.14727 73.8546
4.153 73.0431
4.15874 67.8633
4.16447 69.7135
4.17021 70.2251
4.17595 70.6512
4.18168 70.7135
4.18742 69.7983
4.19316 69.433
4.19889 71.2312
4.20463 70.7193
4.21036 66.331
4.2161 74.8748
4.22184 73.7461
4.22757 71.6469
4.23331 71.6238
4.23904 69.9299
4.24478 70.1501
4.25052 75.2781
4.25625 73.3096
4.26199 74.5119
4.26773 70.6956
4.27346 76.0608
4.2792 74.1097
4.28493 81.8178
4.29067 76.0617
4.29641 78.3074
4.30214 78.5785
4.30788 86.3863
4.31362 102.071
4.31935 87.9271
4.32509 132.746
4.33082 101.986
4.33656 86.046
4.3423 90.2235
4.34803 92.3114
4.35377 91.7852
4.3595 93.6769
4.36524 101.142
4.37098 108.537
4.37671 107.589
4.38245 114.736
4.38819 122.136
4.39392 125.494
4.39966 133.235
4.40539 150.525
4.41113 165.426
4.41687 170.911
4.4226 213.226
4.42834 299.244
4.43408 514.869
4.43981 998.569
4.44555 3420.26
4.45128 10431.8
4.45702 7142.68
4.46276 6501.3
4.46849 3395.16
4.47423 836.298
4.47996 598.651
4.4857 329.545
4.49144 240.332
4.49717 203.616
4.50291 201.149
4.50865 188.752
4.51438 170.324
4.52012 177.392
4.52585 164.578
4.53159 145.005
4.53733 146.246
4.54306 135.01
4.5488 124.288
4.55454 116.309
4.56027 108.709
4.56601 98.6932
4.57174 93.94
4.57748 86.6763
4.58322 81.5815
4.58895 76.3001
4.59469 72.072
4.60042 71.4638
4.60616 73.3666
4.6119 64.6846
4.61763 70.673
4.62337 64.597
4.62911 63.9051
4.63484 62.891
4.64058 56.2025
4.64631 57.2516
4.65205 59.488
4.65779 56.4063
4.66352 61.1765
4.66926 51.1166
4.675 55.4357
4.68073 52.745
4.68647 50.8453
4.6922 53.8296
4.69794 50.2601
4.70368 48.698
4.70941 52.9329
4.71515 48.4248
4.72088 44.1327
4.72662 46.1476
4.73236 48.4134
4.73809 49.0734
4.74383 47.3037
4.74957 51.6285
4.7553 44.6398
4.76104 47.0595
4.76677 46.5091
4.77251 45.5994
4.77825 45.0572
4.78398 45.005
4.78972 45.331
4.79546 43.8909
4.80119 44.4368
4.80693 45.7842
4.81266 39.1248
4.8184 45.0093
4.82414 43.4955
4.82987 44.9301
4.83561 39.6944
4.84134 42.017
4.84708 41.7209
4.85282 40.252
4.85855 45.0816
4.86429 50.5575
4.87003 42.4358
4.87576 42.7554
4.8815 40.154
4.88723 37.5004
4.89297 38.5326
4.89871 39.1837
4.90444 37.8547
4.91018 39.5698
4.91592 38.7768
4.92165 39.4825
4.92739 39.0917
4.93312 38.2941
4.93886 37.9665
4.9446 36.2452
4.95033 35.8386
4.95607 37.1534
4.9618 35.022
4.96754 39.4292
4.97328 37.2326
4.97901 40.4742
4.98475 41.763
4.99049 37.884
4.99622 42.4677
5.00196 40.8627
5.00769 37.5454
5.01343 36.9346
5.01917 39.4611
5.0249 39.3034
5.03064 34.6568
5.03638 37.8518
5.04211 32.2055
5.04785 32.4324
5.05358 35.3493
5.05932 33.8486
5.06506 35.0523
5.07079 35.9235
5.07653 37.9805
5.08226 45.3411
5.088 32.6469
5.09374 35.8692
5.09947 35.711
5.10521 34.6219
5.11095 37.8489
5.11668 33.9516
5.12242 32.9723
5.12815 36.816
5.13389 34.5901
5.13963 37.713
5.14536 34.1981
5.1511 33.7402
5.15684 34.5888
5.16257 33.3667
5.16831 30.2683
5.17404 34.3827
5.17978 37.128
5.18552 35.5507
5.19125 34.2231
5.19699 30.428
5.20272 29.1308
5.20846 34.7521
5.2142 35.215
5.21993 31.5842
5.22567 30.4797
5.23141 33.7293
5.23714 30.03
5.24288 30.1449
5.24861 32.4195
5.25435 32.2345
5.26009 32.5536
5.26582 30.2276
5.27156 31.977
5.2773 32.9316
5.28303 30.9078
5.28877 29.5401
5.2945 32.7223
5.30024 33.6586
5.30598 32.6022
5.31171 29.5914
5.31745 29.4685
5.32318 30.4766
5.32892 34.8114
5.33466 29.6848
5.34039 30.5002
5.34613 29.1803
5.35187 28.941
5.3576 34.38
5.36334 31.486
5.36907 29.5086
5.37481 34.0811
5.38055 34.2309
5.38628 31.2708
5.39202 32.604
5.39776 32.1446
5.40349 31.313
5.40923 30.739
5.41496 31.8961
5.4207 31.5712
5.42644 30.7961
5.43217 30.165
5.43791 29.143
5.44364 29.7595
5.44938 34.7461
5.45512 30.8703
5.46085 31.5012
5.46659 31.1127
5.47233 32.6618
5.47806 32.7959
5.4838 33.0206
5.48953 30.4175
5.49527 31.2336
5.50101 30.7023
5.50674 32.0422
5.51248 32.4819
5.51822 29.2049
5.52395 30.5606
5.52969 31.5799
5.53542 30.0418
5.54116 30.8544
5.5469 30.2727
5.55263 32.6281
5.55837 31.3508
5.5641 33.4267
5.56984 30.8803
5.57558 31.46
5.58131 31.4698
5.58705 32.4567
5.59279 34.489
5.59852 32.9218
5.60426 18.9389
5.60999 29.9439
5.61573 26.2701
5.62147 28.1597
5.6272 32.517
5.63294 28.3387
5.63868 30.8793
5.64441 30.5255
5.65015 31.5154
5.65588 31.2336
5.66162 33.111
5.66736 31.4557
5.67309 33.0912
5.67883 35.4557
5.68456 32.815
5.6903 32.6437
5.69604 31.3606
5.70177 35.3486
5.70751 34.0972
5.71325 34.8758
5.71898 29.4461
5.72472 31.1726
5.73045 31.8921
5.73619 29.3458
5.74193 35.6311
5.74766 33.2753
5.7534 33.6586
5.75914 35.4016
5.76487 33.8754
5.77061 36.8134
5.77634 32.4683
5.78208 34.7426
5.78782 34.3642
5.79355 37.5724
5.79929 33.9673
5.80502 32.7258
5.81076 31.7629
5.8165 32.9663
5.82223 34.4511
5.82797 30.3086
5.83371 30.5072
5.83944 36.7963
5.84518 35.0552
5.85091 36.5886
5.85665 36.8368
5.86239 33.5669
5.86812 34.1668
5.87386 36.164
5.8796 35.4658
5.88533 36.7298
5.89107 37.037
5.8968 31.5097
5.90254 35.9216
5.90828 37.6336
5.91401 35.6592
5.91975 37.7694
5.92548 36.5618
5.93122 36.3661
5.93696 36.2691
5.94269 34.5297
5.94843 37.0996
5.95417 35.0009
5.9599 37.8025
5.96564 37.8459
5.97137 35.461
5.97711 36.8176
5.98285 38.1546
5.98858 40.4996
5.99432 35.8122
6.00006 37.1816
6.00579 35.3282
6.01153 37.5967
6.01726 43.4034
6.023 39.4871
6.02874 42.7406
6.03447 43.2591
6.04021 41.0188
6.04594 42.4812
6.05168 42.6155
6.05742 41.964
6.06315 41.1173
6.06889 44.0753
6.07463 44.4611
6.08036 41.3392
6.0861 45.2084
6.09183 43.9202
6.09757 44.6857
6.10331 43.472
6.10904 44.4089
6.11478 43.5202
6.12052 44.2525
6.12625 42.8928
6.13199 47.2174
6.13772 43.2627
6.14346 45.7123
6.1492 46.2162
6.15493 52.1271
6.16067 48.2345
6.1664 47.8539
6.17214 50.3162
6.17788 49.2277
6.18361 52.3727
6.18935 50.8387
6.19509 55.0956
6.20082 49.2051
6.20656 50.4229
6.21229 54.1166
6.21803 58.2045
6.22377 53.2513
6.2295 57.5275
6.23524 54.9616
6.24098 58.609
6.24671 63.2102
6.25245 59.8257
6.25818 62.2715
6.26392 65.9188
6.26966 70.4135
6.27539 68.2919
6.28113 72.3383
6.28686 80.863
6.2926 90.6739
6.29834 112.374
6.30407 172.105
6.30981 221.525
6.31555 729.267
6.32128 1572.35
6.32702 675.665
6.33275 375.198
6.33849 183.183
6.34423 112.016
6.34996 104.693
6.3557 103.911
6.36144 102.723
6.36717 101.463
6.37291 107.17
6.37864 104.404
6.38438 110.214
6.39012 110.228
6.39585 109.021
6.40159 109.063
6.40732 97.9868
6.41306 90.7609
6.4188 86.358
6.42453 80.4483
6.43027 73.6128
6.43601 73.2195
6.44174 68.4835
6.44748 66.5016
6.45321 65.5761
6.45895 67.981
6.46469 62.92
6.47042 59.8559
6.47616 57.6171
6.4819 60.5878
6.48763 53.7111
6.49337 56.1098
6.4991 55.8453
6.50484 55.1013
6.51058 53.2885
6.51631 50.908
6.52205 51.8973
6.52778 53.3218
6.53352 48.4397
6.53926 51.7288
6.54499 49.568
6.55073 49.8848
6.55647 49.9308
6.5622 51.2282
6.56794 51.3569
6.57367 48.414
6.57941 48.0269
6.58515 49.6389
6.59088 49.7901
6.59662 51.2059
6.60236 49.3563
6.60809 47.6325
6.61383 48.1987
6.61956 48.7085
6.6253 46.5107
6.63104 49.6476
6.63677 50.4108
6.64251 46.8714
6.64824 49.5355
6.65398 46.838
6.65972 47.7241
6.66545 46.5554
6.67119 47.5186
6.67693 50.213
6.68266 47.3145
6.6884 48.6875
6.69413 51.48
6.69987 48.6311
6.70561 51.1761
6.71134 48.4523
6.71708 47.0356
6.72282 47.0119
6.72855 45.3231
6.73429 46.046
6.74002 50.7299
6.74576 46.6292
6.7515 44.0343
6.75723 45.4162
6.76297 44.1217
6.7687 44.5088
6.77444 45.9898
6.78018 45.7219
6.78591 46.3653
6.79165 46.888
6.79739 47.3346
6.80312 45.7475
6.80886 45.0629
6.81459 44.264
6.82033 47.5999
6.82607 46.5379
6.8318 47.5523
6.83754 46.7967
6.84328 45.8594
6.84901 47.1006
6.85475 46.134
6.86048 44.0991
6.86622 43.7938
6.87196 43.8663
6.87769 44.976
6.88343 43.3569
6.88916 48.0304
6.8949 50.7403
6.90064 46.5509
6.90637 44.4743
6.91211 49.919
6.91785 48.3356
6.92358 47.9487
6.92932 46.2055
6.93505 49.2964
6.94079 48.7478
6.94653 46.5206
6.95226 49.339
6.958 43.67
6.96374 48.2816
6.96947 45.9406
6.97521 49.115
6.98094 46.0911
6.98668 43.2933
6.99242 45.5317
6.99815 47.092
7.00389 50.2669
7.00962 47.4353
7.01536 46.266
7.0211 45.6001
7.02683 49.6972
7.03257 47.0096
7.03831 45.9276
7.04404 44.3804
7.04978 49.1796
7.05551 50.6037
7.06125 44.6777
7.06699 46.3578
7.07272 45.9542
7.07846 47.7106
7.0842 46.6942
7.08993 48.9282
7.09567 48.2848
7.1014 49.9171
7.10714 47.3582
7.11288 48.9572
7.11861 49.7271
7.12435 51.9148
7.13008 48.4929
7.13582 52.8862
7.14156 50.7354
7.14729 48.9656
7.15303 48.0847
7.15877 49.3181
7.1645 51.7452
7.17024 53.2717
7.17597 50.2236
7.18171 55.3169
7.18745 52.093
7.19318 52.0159
7.19892 51.469
7.20466 54.385
7.21039 51.6756
7.21613 49.3093
7.22186 53.0254
7.2276 54.4353
7.23334 50.537
7.23907 54.087
7.24481 53.8792
7.25054 52.5819
7.25628 54.3643
7.26202 52.6201
7.26775 51.2069
7.27349 55.2263
7.27923 58.9837
7.28496 56.0004
7.2907 55.5345
7.29643 59.1076
7.30217 56.6529
7.30791 58.0903
7.31364 56.3897
7.31938 59.014
7.32512 58.5893
7.33085 60.4075
7.33659 59.6461
7.34232 60.2888
7.34806 61.5923
7.3538 60.9798
7.35953 65.6893
7.36527 64.0014
7.371 67.3317
7.37674 70.532
7.38248 77.077
7.38821 99.2992
7.39395 146.845
7.39969 161.807
7.40542 370.47
7.41116 367.416
7.41689 348.367
7.42263 155.641
7.42837 100.775
7.4341 89.5601
7.43984 85.3662
7.44558 80.3639
7.45131 80.2206
7.45705 85.0668
7.46278 85.6001
7.46852 85.2159
7.47426 90.1841
7.47999 94.1162
7.48573 93.9196
7.49146 96.5364
7.4972 95.9049
7.50294 94.2156
7.50867 92.7645
7.51441 86.2626
7.52015 82.907
7.52588 77.0694
7.53162 74.4904
7.53735 72.1077
7.54309 69.8173
7.54883 66.2025
7.55456 64.6024
7.5603 64.1765
7.56604 61.0909
7.57177 62.7427
7.57751 59.4646
7.58324 58.7577
7.58898 58.9597
7.59472 59.461
7.60045 57.4274
7.60619 59.8159
7.61192 54.4963
7.61766 54.8047
7.6234 55.1046
7.62913 57.6485
7.63487 56.1801
7.64061 54.6526
7.64634 55.5026
7.65208 57.8097
7.65781 56.7431
7.66355 60.632
7.66929 56.1301
7.67502 58.1387
7.68076 58.1619
7.6865 59.4207
7.69223 60.1899
7.69797 61.1289
7.7037 58.8806
7.70944 62.2189
7.71518 63.0467
7.72091 63.6636
7.72665 68.6327
7.73238 89.8029
7.73812 116.789
7.74386 186.527
7.74959 117.168
7.75533 73.3693
7.76107 69.0422
7.7668 64.2207
7.77254 63.7584
7.77827 65.7706
7.78401 60.8183
7.78975 61.6319
7.79548 62.3514
7.80122 61.1473
7.80696 59.9247
7.81269 62.8899
7.81843 64.8067
7.82416 61.6616
7.8299 60.7822
7.83564 62.1251
7.84137 60.3016
7.84711 58.1662
7.85284 57.9969
7.85858 56.8146
7.86432 50.3389
7.87005 52.873
7.87579 47.5944
7.88153 51.1741
7.88726 49.9564
7.893 49.3753
7.89873 47.6883
7.90447 47.8223
7.91021 47.4911
7.91594 45.9619
7.92168 43.8188
7.92742 40.3165
7.93315 43.5764
7.93889 46.5306
7.94462 45.9845
7.95036 45.7916
7.9561 43.9378
7.96183 44.2664
7.96757 43.6531
7.9733 43.7737
7.97904 42.8505
7.98478 40.4869
7.99051 41.3213
7.99625 40.183
8.00199 40.0077
8.00772 40.2184
8.01346 39.7952
8.01919 39.7139
8.02493 39.2256
8.03067 40.6634
8.0364 42.4983
8.04214 41.0645
8.04788 40.487
8.05361 43.3671
8.05935 39.223
8.06508 37.1982
8.07082 38.0893
8.07656 38.1403
8.08229 37.5844
8.08803 36.5719
8.09376 38.829
8.0995 40.4192
8.10524 39.7528
8.11097 38.1443
8.11671 36.9493
8.12245 39.2718
8.12818 34.3647
8.13392 36.9915
8.13965 36.1956
8.14539 35.9714
8.15113 32.4919
8.15686 32.1635
8.1626 28.2479
8.16834 29.3344
8.17407 25.3507
8.17981 26.3995
8.18554 24.563
8.19128 21.5355
8.19702 20.8482
8.20275 20.0723
8.20849 20.4611
8.21422 18.575
8.21996 14.7176
8.2257 13.5604
8.23143 11.5536
8.23717 9.261
8.24291 8.06979
8.24864 7.2436
8.25438 7.007
8.26011 8.58753
8.26585 13.6803
8.27159 0
8.27732 0
8.28306 0
8.2888 0
8.29453 0
8.30027 0
8.306 0
8.31174 0
8.31748 0
8.32321 0
8.32895 0
8.33468 0
8.34042 0
8.34616 0
8.35189 0
8.35763 0
8.36337 0
8.3691 0
8.37484 0
8.38057 0
8.38631 0
8.39205 0
8.39778 0
8.40352 0
8.40926 0
8.41499 0
8.42073 0
8.42646 0
8.4322 0
8.43794 0
8.44367 0
8.44941 0
8.45514 0
8.46088 0
8.46662 0
8.47235 0
8.47809 0
8.48383 0
8.48956 0
8.4953 0
8.50103 0
8.50677 0
8.51251 0
8.51824 0
8.52398 0
8.52972 0
8.53545 0
8.54119 0
8.54692 0
8.55266 0
8.5584 0
8.56413 0
8.56987 0
8.5756 0
8.58134 0
8.58708 0
8.59281 0
8.59855 0
8.60429 0
8.61002 0
8.61576 0
8.62149 0
8.62723 0
8.63297 0
8.6387 0
8.64444 0
8.65018 0
8.65591 0
8.66165 0
8.66738 0
8.67312 0
8.67886 0
8.68459 0
8.69033 0
8.69606 0
8.7018 0
8.70754 0
8.71327 0
8.71901 0
8.72475 0
8.73048 0
8.73622 0
8.74195 0
8.74769 0
8.75343 0
8.75916 0
8.7649 0
8.77064 0
8.77637 0
8.78211 0
8.78784 0
8.79358 0
8.79932 0
8.80505 0
8.81079 0
8.81652 0
8.82226 0
8.828 0
8.83373 0
8.83947 0
8.84521 0
8.85094 0
8.85668 0
8.86241 0
8.86815 0
8.87389 0
8.87962 0
8.88536 0
8.8911 0
8.89683 0
8.90257 0
8.9083 0
8.91404 0
8.91978 0
8.92551 0
8.93125 0
8.93698 0
8.94272 0
8.94846 0
8.95419 0
8.95993 0
8.96567 0
8.9714 0
8.97714 0
8.98287 0
8.98861 0
8.99435 0
9.00008 0
9.00582 0
9.01156 0
9.01729 0
9.02303 0
9.02876 0
9.0345 0
9.04024 0
9.04597 0
9.05171 0
9.05744 0
9.06318 0
9.06892 0
9.07465 0
9.08039 0
9.08613 0
9.09186 0
9.0976 0
9.10333 0
9.10907 0
9.11481 0
9.12054 0
9.12628 0
9.13202 0
9.13775 0
9.14349 0
9.14922 0
9.15496 0
9.1607 0
9.16643 0
9.17217 0
9.1779 0
9.18364 0
9.18938 0
9.19511 0
9.20085 0
9.20659 0
9.21232 0
9.21806 0
9.22379 0
9.22953 0
9.23527 0
9.241 0
9.24674 0
9.25248 0
9.25821 0
9.26395 0
9.26968 0
9.27542 0
9.28116 0
9.28689 0
9.29263 0
9.29836 0
9.3041 0
9.30984 0
9.31557 0
9.32131 0
9.32705 0
9.33278 0
9.33852 0
9.34425 0
9.34999 0
9.35573 0
9.36146 0
9.3672 0
9.37294 0
9.37867 0
9.38441 0
9.39014 0
9.39588 0
9.40162 0
9.40735 0
9.41309 0
9.41882 0
9.42456 0
9.4303 0
9.43603 0
9.44177 0
9.44751 0
9.45324 0
9.45898 0
9.46471 0
9.47045 0
9.47619 0
9.48192 0
9.48766 0
9.4934 0
9.49913 0
9.50487 0
9.5106 0
9.51634 0
9.52208 0
9.52781 0
9.53355 0
9.53928 0
9.54502 0
9.55076 0
9.55649 0
9.56223 0
9.56797 0
9.5737 0
9.57944 0
9.58517 0
9.59091 0
9.59665 0
9.60238 0
9.60812 0
9.61386 0
9.61959 0
9.62533 0
9.63106 0
9.6368 0
9.64254 0
9.64827 0
9.65401 0
9.65974 0
9.66548 0
9.67122 0
9.67695 0
9.68269 0
9.68843 0
9.69416 0
9.6999 0
9.70563 0
9.71137 0
9.71711 0
9.72284 0
9.72858 0
9.73432 0
9.74005 0
9.74579 0
9.75152 0
9.75726 0
9.763 0
9.76873 0
9.77447 0
9.7802 0
9.78594 0
9.79168 0
9.79741 0
9.80315 0
9.80889 0
9.81462 0
9.82036 0
9.82609 0
9.83183 0
9.83757 0
9.8433 0
9.84904 0
9.85478 0
9.86051 0
9.86625 0
9.87198 0
9.87772 0
9.88346 0
9.88919 0
9.89493 0
9.90066 0
9.9064 0
9.91214 0
9.91787 0
9.92361 0
9.92935 0
9.93508 0
9.94082 0
9.94655 0
9.95229 0
9.95803 0
9.96376 0
9.9695 0
9.97524 0
9.98097 0
9.98671 0
9.99244 0
9.99818 0
10.0039 0
10.0097 0
10.0154 0
10.0211 0
10.0269 0
10.0326 0
10.0383 0
10.0441 0
10.0498 0
10.0555 0
10.0613 0
10.067 0
10.0728 0
10.0785 0
10.0842 0
10.09 0
10.0957 0
10.1014 0
10.1072 0
10.1129 0
10.1186 0
10.1244 0
10.1301 0
10.1358 0
10.1416 0
10.1473 0
10.1531 0
10.1588 0
10.1645 0
10.1703 0
10.176 0
10.1817 0
10.1875 0
10.1932 0
10.1989 0
10.2047 0
10.2104 0
10.2162 0
10.2219 0
10.2276 0
10.2334 0
10.2391 0
10.2448 0
10.2506 0
10.2563 0
10.262 0
10.2678 0
10.2735 0
10.2793 0
10.285 0
10.2907 0
10.2965 0
10.3022 0
10.3079 0
10.3137 0
10.3194 0
10.3251 0
10.3309 0
10.3366 0
10.3424 0
10.3481 0
10.3538 0
10.3596 0
10.3653 0
10.371 0
10.3768 0
10.3825 0
10.3882 0
10.394 0
10.3997 0
10.4054 0
10.4112 0
10.4169 0
10.4227 0
10.4284 0
10.4341 0
10.4399 0
10.4456 0
10.4513 0
10.4571 0
10.4628 0
10.4685 0
10.4743 0
10.48 0
10.4858 0
10.4915 0
10.4972 0
10.503 0
10.5087 0
10.5144 0
10.5202 0
10.5259 0
10.5316 0
10.5374 0
10.5431 0
10.5489 0
10.5546 0
10.5603 0
10.5661 0
10.5718 0
10.5775 0
10.5833 0
10.589 0
10.5947 0
10.6005 0
10.6062 0
10.612 0
10.6177 0
10.6234 0
10.6292 0
10.6349 0
10.6406 0
10.6464 0
10.6521 0
10.6578 0
10.6636 0
10.6693 0
10.6751 0
10.6808 0
10.6865 0
10.6923 0
10.698 0
10.7037 0
10.7095 0
10.7152 0
10.7209 0
10.7267 0
10.7324 0
10.7381 0
10.7439 0
10.7496 0
10.7554 0
10.7611 0
10.7668 0
10.7726 0
10.7783 0
10.784 0
10.7898 0
10.7955 0
10.8012 0
10.807 0
10.8127 0
10.8185 0
10.8242 0
10.8299 0
10.8357 0
10.8414 0
10.8471 0
10.8529 0
10.8586 0
10.8643 0
10.8701 0
10.8758 0
10.8816 0
10.8873 0
10.893 0
10.8988 0
10.9045 0
10.9102 0
10.916 0
10.9217 0
10.9274 0
10.9332 0
10.9389 0
10.9447 0
10.9504 0
10.9561 0
10.9619 0
10.9676 0
10.9733 0
10.9791 0
10.9848 0
10.9905 0
10.9963 0
11.002 0
11.0077 0
11.0135 0
11.0192 0
11.025 0
11.0307 0
11.0364 0
11.0422 0
11.0479 0
11.0536 0
11.0594 0
11.0651 0
11.0708 0
11.0766 0
11.0823 0
11.0881 0
11.0938 0
11.0995 0
11.1053 0
11.111 0
11.1167 0
11.1225 0
11.1282 0
11.1339 0
11.1397 0
11.1454 0
11.1512 0
11.1569 0
11.1626 0
11.1684 0
11.1741 0
11.1798 0
11.1856 0
11.1913 0
11.197 0
11.2028 0
11.2085 0
11.2143 0
11.22 0
11.2257 0
11.2315 0
11.2372 0
11.2429 0
11.2487 0
11.2544 0
11.2601 0
11.2659 0
11.2716 0
11.2774 0
11.2831 0
11.2888 0
11.2946 0
11.3003 0
11.306 0
11.3118 0
11.3175 0
11.3232 0
11.329 0
11.3347 0
11.3404 0
11.3462 0
11.3519 0
11.3577 0
11.3634 0
11.3691 0
11.3749 0
11.3806 0
11.3863 0
11.3921 0
11.3978 0
11.4035 0
11.4093 0
11.415 0
11.4208 0
11.4265 0
11.4322 0
11.438 0
11.4437 0
11.4494 0
11.4552 0
11.4609 0
11.4666 0
11.4724 0
11.4781 0
11.4839 0
11.4896 0
11.4953 0
11.5011 0
11.5068 0
11.5125 0
11.5183 0
11.524 0
11.5297 0
11.5355 0
11.5412 0
11.547 0
11.5527 0
11.5584 0
11.5642 0
11.5699 0
11.5756 0
11.5814 0
11.5871 0
11.5928 0
11.5986 0
11.6043 0
11.61 0
11.6158 0
11.6215 0
11.6273 0
11.633 0
11.6387 0
11.6445 0
11.6502 0
11.6559 0
11.6617 0
11.6674 0
11.6731 0
11.6789 0
11.6846 0
11.6904 0
11.6961 0
11.7018 0
11.7076 0
11.7133 0
11.719 0
11.7248 0
11.7305 0
11.7362 0
11.742 0
