0 -9
0.00573619 -16
0.0114724 -8
0.0172086 0
0.0229448 -10
0.028681 25
0.0344171 0
0.0401533 12
0.0458895 -4
0.0516257 15
0.0573619 0
0.0630981 -28
0.0688343 36
0.0745705 0
0.0803067 -10
0.0860429 -13
0.091779 0
0.0975152 17.6667
0.103251 -8
0.108988 -3.33333
0.114724 0
0.12046 6.66667
0.126196 -0.333333
0.131932 0
0.137669 5.66667
0.143405 13
0.149141 -11
0.154877 9
0.160613 9.66667
0.16635 -2.66667
0.172086 0
0.177822 -4
0.183558 6.4
0.189294 0
0.19503 4
0.200767 -10.8
0.206503 15
0.212239 -8.5
0.217975 4.4
0.223711 -5
0.229448 0
0.235184 -3.6
0.24092 6.2
0.246656 0
0.252392 7.4
0.258129 7
0.263865 -0.8
0.269601 0
0.275337 12.2
0.281073 11
0.28681 0
0.292546 4.71429
0.298282 9.71429
0.304018 19
0.309754 14.5
0.31549 3.42857
0.321227 22.5714
0.326963 0
0.332699 14.4286
0.338435 13.8571
0.344171 0
0.349908 4
0.355644 5.57143
0.36138 7.2
0.367116 12
0.372852 8.11111
0.378589 2.28571
0.384325 -9.5
0.390061 7.33333
0.395797 18.7778
0.401533 0
0.40727 9.77778
0.413006 13.8889
0.418742 9.57143
0.424478 11.5
0.430214 5.44444
0.43595 9
0.441687 0
0.447423 3.33333
0.453159 1.88889
0.458895 -5.33333
0.464631 7
0.470368 6.45455
0.476104 2.66667
0.48184 -2
0.487576 12.0909
0.493312 10.1818
0.499049 0
0.504785 8.90909
0.510521 12.1818
0.516257 14.6
0.521993 5.33333
0.52773 7.09091
0.533466 4.11111
0.539202 19
0.544938 12.0909
0.550674 13.8182
0.55641 0
0.562147 10
0.567883 12.2308
0.573619 3.85714
0.579355 9.83333
0.585091 12.4615
0.590828 36.0909
0.596564 -1
0.6023 142.154
0.608036 85.0769
0.613772 20.6
0.619509 27.875
0.625245 11.9231
0.630981 16
0.636717 -1
0.642453 18.5385
0.64819 9.15385
0.653926 13
0.659662 19
0.665398 9.33333
0.671134 6.85714
0.67687 16.375
0.682607 15.2667
0.688343 13.5455
0.694079 18.75
0.699815 15.6667
0.705551 8
0.711288 11
0.717024 4.85714
0.72276 11.8
0.728496 15.7778
0.734232 4.66667
0.739969 3.8125
0.745705 0.769231
0.751441 17.25
0.757177 12.2941
0.762913 13.4706
0.76865 5.2
0.774386 12.1667
0.780122 15.5294
0.785858 8.27273
0.791594 6.16667
0.79733 12.8824
0.803067 12.2667
0.808803 2.5
0.814539 11.9412
0.820275 12.3529
0.826011 4.22222
0.831748 22.375
0.837484 8.83333
0.84322 5.38462
0.848956 13.3333
0.854692 12.4211
0.860429 6.88235
0.866165 18.2
0.871901 10.8125
0.877637 13
0.883373 16.4545
0.88911 28.125
0.894846 10.2632
0.900582 15.1333
0.906318 -2.25
0.912054 4.78947
0.91779 11.2353
0.923527 10.8889
0.929263 12.7692
0.934999 7.85714
0.940735 8.84615
0.946471 4.5
0.952208 8.71429
0.957944 14.8824
0.96368 20
0.969416 11.8095
0.975152 14.2632
0.980889 6.36364
0.986625 16.4167
0.992361 8
0.998097 7.33333
1.00383 18
1.00957 12.7143
1.01531 9.11765
1.02104 11.2
1.02678 8.47059
1.03251 9.52381
1.03825 11.2308
1.04399 3.5
1.04972 9.78261
1.05546 4.64706
1.0612 -3.5
1.06693 8.04348
1.07267 12.0526
1.0784 8.30769
1.08414 7
1.08988 14.087
1.09561 13.5333
1.10135 7.5
1.10708 11
1.11282 11.2353
1.11856 18.7143
1.12429 8.8
1.13003 1
1.13577 16.4667
1.1415 2.5
1.14724 7.28
1.15297 11.4
1.15871 3.8
1.16445 3.52
1.17018 7.89474
1.17592 13
1.18166 11.5556
1.18739 4
1.19313 -0.466667
1.19886 10.25
1.2046 13.04
1.21034 11.0556
1.21607 8.77778
1.22181 9.37037
1.22754 13.0476
1.23328 13.3529
1.23902 5.6875
1.24475 13.32
1.25049 7.94118
1.25623 2.58333
1.26196 8.33333
1.2677 16.1579
1.27343 -0.230769
1.27917 6.81818
1.28491 15.6957
1.29064 4.82353
1.29638 4.57143
1.30212 7.2963
1.30785 8.33333
1.31359 6.16667
1.31932 11.3793
1.32506 13.5714
1.3308 11.7059
1.33653 12.9
1.34227 6
1.348 8.52632
1.35374 9
1.35948 7.2963
1.36521 10.9524
1.37095 1.9
1.37669 10.6552
1.38242 9.13043
1.38816 11.5882
1.39389 10.3684
1.39963 10.1111
1.40537 7.8
1.4111 8
1.41684 8.82759
1.42258 10.4783
1.42831 8.23529
1.43405 12
1.43978 13.2
1.44552 4.7619
1.45126 13.1875
1.45699 7.65517
1.46273 1.61905
1.46846 10.3333
1.4742 4.74194
1.47994 11.5217
1.48567 6.4
1.49141 10.619
1.49715 9
1.50288 13.5217
1.50862 8.1875
1.51435 10.4138
1.52009 14.16
1.52583 14.7333
1.53156 10.9
1.5373 9.2
1.54304 5.61905
1.54877 13.75
1.55451 9.96552
1.56024 8.65217
1.56598 8.85714
1.57172 10.3548
1.57745 9.08
1.58319 3.3
1.58892 3.68
1.59466 8.37037
1.6004 9.4
1.60613 14.7778
1.61187 13.4516
1.61761 12.16
1.62334 -0.928571
1.62908 13.9394
1.63481 9.92593
1.64055 8.17391
1.64629 18
1.65202 12.7586
1.65776 9.36
1.6635 6.125
1.66923 8.45161
1.67497 7.25
1.6807 8.85
1.68644 11.9286
1.69218 12.2414
1.69791 14.08
1.70365 13.3182
1.70938 8.93548
1.71512 10.963
1.72086 8.4375
1.72659 8.90909
1.73233 11
1.73807 10
1.7438 11.4231
1.74954 14.1034
1.75527 8.85185
1.76101 8.10526
1.76675 12
1.77248 2.46429
1.77822 11.15
1.78396 13.1667
1.78969 4.48387
1.79543 14.5926
1.80116 7.95833
1.8069 15.3548
1.81264 10.2759
1.81837 7.11111
1.82411 11.8
1.82984 7.03448
1.83558 11.92
1.84132 10
1.84705 8.74194
1.85279 12.2593
1.85853 11.7826
1.86426 9.69697
1.87 10.6667
1.87573 13.7222
1.88147 11.4857
1.88721 10.0909
1.89294 13.8889
1.89868 8.57692
1.90442 12.2424
1.91015 10.1935
1.91589 13.85
1.92162 15.1429
1.92736 12.7742
1.9331 13.68
1.93883 18.1429
1.94457 12.0606
1.9503 10.3
1.95604 14.125
1.96178 10.0882
1.96751 7.21875
1.97325 12.15
1.97899 14.7838
1.98472 9.60606
1.99046 14.3103
1.99619 -0.769231
2.00193 6.68571
2.00767 11.5806
2.0134 11.2083
2.01914 15.2857
2.02488 10.5758
2.03061 8.76
2.03635 10.125
2.04208 10.6765
2.04782 12.25
2.05356 9.95833
2.05929 13.9167
2.06503 11.6286
2.07076 5.81818
2.0765 13.2703
2.08224 9.25714
2.08797 9.7931
2.09371 15.1786
2.09945 13.5676
2.10518 8.18182
2.11092 8.25
2.11665 8.24324
2.12239 11.2286
2.12813 9
2.13386 16.8889
2.1396 13.9722
2.14534 7.65625
2.15107 9.84615
2.15681 14.3421
2.16254 12.2162
2.16828 9.31818
2.17402 9.20513
2.17975 14.1081
2.18549 14.8065
2.19122 9.76667
2.19696 13.7027
2.2027 12.4
2.20843 14.7083
2.21417 17.3077
2.21991 37.027
2.22564 32.6364
2.23138 49.975
2.23711 32.5
2.24285 17.5588
2.24859 13.75
2.25432 19.9487
2.26006 10.5128
2.2658 15.8636
2.27153 15.9024
2.27727 16.6667
2.283 10.0645
2.28874 15.2812
2.29448 9.79487
2.30021 12.9189
2.30595 15
2.31168 12.2308
2.31742 16.2821
2.32316 12.9545
2.32889 14.881
2.33463 9.6
2.34037 18.0556
2.3461 14.3214
2.35184 15.6279
2.35757 11.6216
2.36331 17.2692
2.36905 13.7317
2.37478 11.4878
2.38052 12.8387
2.38626 11.1765
2.39199 10.9767
2.39773 13.8108
2.40346 10.8846
2.4092 16.3023
2.41494 7.075
2.42067 12.1818
2.42641 12.0227
2.43214 12.5238
2.43788 10.8571
2.44362 14.7812
2.44935 13.3556
2.45509 10.9231
2.46083 21.2308
2.46656 13.0667
2.4723 13.561
2.47803 13.8621
2.48377 11.45
2.48951 14.7209
2.49524 12.7179
2.50098 10.2692
2.50672 14.8478
2.51245 8.35714
2.51819 15.9167
2.52392 8.41304
2.52966 6.65909
2.5354 6.72727
2.54113 11.0556
2.54687 12.0667
2.5526 8.70732
2.55834 17.1154
2.56408 12.9362
2.56981 10.4186
2.57555 15.1724
2.58129 16.3571
2.58702 10.0889
2.59276 14.6216
2.59849 11.375
2.60423 15.1522
2.60997 14.7045
2.6157 14
2.62144 10.375
2.62718 13.7021
2.63291 9.34286
2.63865 16.8889
2.64438 13.3191
2.65012 10.878
2.65586 11.9667
2.66159 15.1277
2.66733 12.6889
2.67306 14.24
2.6788 12.4583
2.68454 13.5106
2.69027 12.9231
2.69601 9.33333
2.70175 10.5625
2.70748 12.1778
2.71322 12.4815
2.71895 9.16667
2.72469 13.551
2.73043 10.1714
2.73616 12.1053
2.7419 9
2.74764 12.7442
2.75337 11.8
2.75911 12.4898
2.76484 10.449
2.77058 18.625
2.77632 12.1429
2.78205 17.38
2.78779 16.8462
2.79352 15.4857
2.79926 10.2885
2.805 11.0889
2.81073 7.66667
2.81647 13.434
2.82221 11.102
2.82794 10.1351
2.83368 15.4474
2.83941 13.8679
2.84515 8.53659
2.85089 11.8438
2.85662 13.1321
2.86236 11.3265
2.8681 14.625
2.87383 11.0755
2.87957 10.4
2.8853 12.5366
2.89104 11.5135
2.89678 15.3269
2.90251 14.0222
2.90825 13.069
2.91398 12.4182
2.91972 11.3137
2.92546 18.5676
2.93119 11.5238
2.93693 10.4151
2.94267 12.7333
2.9484 14.2812
2.95414 10.9811
2.95987 14.4082
2.96561 10.8462
2.97135 14.4643
2.97708 14.537
2.98282 10.9487
2.98856 18.0513
2.99429 18.8889
3.00003 16.383
3.00576 18.5312
3.0115 13.8364
3.01724 15.5283
3.02297 15.2432
3.02871 13.6136
3.03444 17.5273
3.04018 17.2222
3.04592 18.4706
3.05165 16.6
3.05739 13.4314
3.06313 9.58621
3.06886 16.9107
3.0746 12.1273
3.08033 18.8636
3.08607 16.1351
3.09181 17.875
3.09754 10.3878
3.10328 13.5
3.10902 15.6271
3.11475 11.4151
3.12049 12.7179
3.12622 14.4565
3.13196 16.6
3.1377 13.8723
3.14343 10.6667
3.14917 19.0351
3.1549 14.549
3.16064 20.3793
3.16638 16.0833
3.17211 15.2364
3.17785 14.3864
3.18359 14.0488
3.18932 16.3051
3.19506 16.2857
3.20079 19.1176
3.20653 13.7966
3.21227 13.1132
3.218 18.9024
3.22374 15.7292
3.22948 14.2034
3.23521 19.9556
3.24095 8.81579
3.24668 14.2667
3.25242 20.7736
3.25816 14.0588
3.26389 16.0877
3.26963 13
3.27536 13.5435
3.2811 8.34146
3.28684 14.541
3.29257 10.8776
3.29831 14.3889
3.30405 20.8254
3.30978 15.7273
3.31552 19.3953
3.32125 14.4167
3.32699 14.8246
3.33273 16.5882
3.33846 21.3947
3.3442 18.5
3.34994 19.0196
3.35567 16.6316
3.36141 17.678
3.36714 18.7018
3.37288 19.2917
3.37862 18.5455
3.38435 19.9836
3.39009 21.5094
3.39582 17
3.40156 15.8254
3.4073 14.0545
3.41303 19.2553
3.41877 22.8542
3.42451 18.8033
3.43024 21.5306
3.43598 23.0244
3.44171 22.0159
3.44745 23.5536
3.45319 18.4762
3.45892 20.7818
3.46466 23.5254
3.4704 20.34
3.47613 20
3.48187 19.3175
3.4876 20.9245
3.49334 16.6316
3.49908 18.3731
3.50481 24.8772
3.51055 22.1064
3.51628 20.06
3.52202 19.1967
3.52776 19.6111
3.53349 27.0488
3.53923 22.9231
3.54497 24.4815
3.5507 26.25
3.55644 26.6
3.56217 26.5424
3.56791 26.7547
3.57365 23.6304
3.57938 23.8154
3.58512 23.1091
3.59086 26.1053
3.59659 25.4925
3.60233 26.0169
3.60806 28.1765
3.6138 27
3.61954 28.1587
3.62527 26.4464
3.63101 24.6829
3.63674 25.806
3.64248 29.069
3.64822 29.4583
3.65395 31.0526
3.65969 30.8197
3.66543 31.6727
3.67116 32.1087
3.6769 28.127
3.68263 30.4426
3.68837 27.1316
3.69411 35.6232
3.69984 32.2712
3.70558 32.2453
3.71132 31.4314
3.71705 32.5077
3.72279 33.9464
3.72852 31.7442
3.73426 33.2388
3.74 39.5
3.74573 36.68
3.75147 35.2679
3.7572 39.4603
3.76294 36.7966
3.76868 37.1136
3.77441 34.4179
3.78015 35.6271
3.78589 39.3617
3.79162 41.3438
3.79736 42.5079
3.80309 46.1607
3.80883 48.9216
3.81457 44.4154
3.8203 47.1333
3.82604 48.6512
3.83178 48.3768
3.83751 54.9839
3.84325 64.8393
3.84898 73.1667
3.85472 138.794
3.86046 459.164
3.86619 148.522
3.87193 1121.43
3.87766 329.885
3.8834 124.275
3.88914 141.95
3.89487 138.092
3.90061 146.817
3.90635 151.143
3.91208 149.955
3.91782 130.594
3.92355 115.244
3.92929 98.6901
3.93503 81.5938
3.94076 74.4915
3.9465 66.2778
3.95224 56.9104
3.95797 57.5873
3.96371 52.087
3.96944 49.3944
3.97518 45.9524
3.98092 42.7273
3.98665 45.6552
3.99239 44.4412
3.99812 43.0645
4.00386 41.8776
4.0096 39.4203
4.01533 43.0469
4.02107 37.58
4.02681 42.697
4.03254 39.2576
4.03828 40.9344
4.04401 38.1923
4.04975 41.9296
4.05549 40.9077
4.06122 40.5
4.06696 39.3333
4.0727 38.5072
4.07843 36.9333
4.08417 36.8214
4.0899 33.9118
4.09564 33.3906
4.10138 40.06
4.10711 35.6806
4.11285 40.7121
4.11858 38.9464
4.12432 38.5161
4.13006 38.1594
4.13579 37.0794
4.14153 40.7692
4.14727 42.1233
4.153 41.6418
4.15874 38.6364
4.16447 38.7397
4.17021 40.5775
4.17595 37.8548
4.18168 37.9286
4.18742 37.3143
4.19316 41.5455
4.19889 39.86
4.20463 38.3919
4.21036 41.5441
4.2161 38.0167
4.22184 39.6724
4.22757 41.6027
4.23331 39.7015
4.23904 40.36
4.24478 38.48
4.25052 42.2319
4.25625 39.0364
4.26199 42.8125
4.26773 43.2083
4.27346 41.9697
4.2792 43.8571
4.28493 35.8056
4.29067 47.8857
4.29641 46.1458
4.30214 44.1053
4.30788 54.7571
4.31362 124.662
4.31935 53.75
4.32509 230.12
4.33082 87.6377
4.33656 56.2
4.3423 48.8533
4.34803 54.3836
4.35377 55.4355
4.3595 56.4333
4.36524 59.3649
4.37098 62.5857
4.37671 66.037
4.38245 63.5811
4.38819 66.5556
4.39392 71.8772
4.39966 77.4638
4.40539 77.9722
4.41113 89.9855
4.41687 109.815
4.4226 108.779
4.42834 143.219
4.43408 339.562
4.43981 469.13
4.44555 1112.08
4.45128 5166.71
4.45702 6252.32
4.46276 2907.92
4.46849 2855.86
4.47423 767.5
4.47996 323.013
4.4857 175.324
4.49144 153.662
4.49717 130.746
4.50291 114.351
4.50865 104.324
4.51438 108.135
4.52012 93.1519
4.52585 86.9333
4.53159 80.5965
4.53733 74.8286
4.54306 67.35
4.5488 59.4627
4.55454 60.193
4.56027 57.575
4.56601 52.1622
4.57174 52.3462
4.57748 49.9872
4.58322 46.7692
4.58895 45.9254
4.59469 39.4918
4.60042 43
4.60616 35.6533
4.6119 40.14
4.61763 36.1928
4.62337 35.5974
4.62911 38.1905
4.63484 36.0469
4.64058 32.4146
4.64631 29.8611
4.65205 34.3036
4.65779 35.625
4.66352 37.9103
4.66926 33.6393
4.675 36.4366
4.68073 31.8333
4.68647 31.0685
4.6922 33.4138
4.69794 25.5062
4.70368 31.1169
4.70941 32.28
4.71515 28.9059
4.72088 27.3797
4.72662 26.1304
4.73236 31
4.73809 27.5488
4.74383 25.9615
4.74957 24.5385
4.7553 24.7738
4.76104 28.0625
4.76677 25.6119
4.77251 27.4923
4.77825 25.5366
4.78398 25.3867
4.78972 30.8929
4.79546 23.6706
4.80119 22.2658
4.80693 24.2154
4.81266 26.0429
4.8184 22.1429
4.82414 25.0685
4.82987 22.0492
4.83561 24.2024
4.84134 22.525
4.84708 24.3585
4.85282 22.8353
4.85855 28.3902
4.86429 27.5775
4.87003 22.6393
4.87576 23.3793
4.8815 22.6709
4.88723 21.463
4.89297 24.3529
4.89871 24.6506
4.90444 21.0423
4.91018 21.3333
4.91592 24.3333
4.92165 20.7215
4.92739 21.9474
4.93312 22.9302
4.93886 23.6429
4.9446 23.209
4.95033 19.7606
4.95607 22.4419
4.9618 22.3377
4.96754 21.339
4.97328 22.1034
4.97901 23.9277
4.98475 21.5574
4.99049 19.6026
4.99622 21.6782
5.00196 22.5753
5.00769 25.381
5.01343 19.7386
5.01917 17.9518
5.0249 21.3962
5.03064 20.2
5.03638 20.3721
5.04211 17.0667
5.04785 19.0154
5.05358 19.8256
5.05932 17.7284
5.06506 21.2931
5.07079 20.8427
5.07653 21.5172
5.08226 19.4648
5.088 19.4143
5.09374 20.5556
5.09947 19.5195
5.10521 22.746
5.11095 18.3667
5.11668 21.7882
5.12242 18.0455
5.12815 19.4545
5.13389 16.4444
5.13963 21.2468
5.14536 18.8689
5.1511 18.4457
5.15684 18.012
5.16257 22.0794
5.16831 17.119
5.17404 17.3034
5.17978 18.6494
5.18552 17.803
5.19125 19.6889
5.19699 17.988
5.20272 16.3051
5.20846 16.1522
5.2142 18.8652
5.21993 17.6579
5.22567 13.971
5.23141 16.3587
5.23714 19.4444
5.24288 14.1475
5.24861 18.6021
5.25435 17.1124
5.26009 13.5915
5.26582 17.0789
5.27156 19.1099
5.2773 20.2911
5.28303 15.2308
5.28877 19.5106
5.2945 19.977
5.30024 19.1111
5.30598 16.2405
5.31171 15.5281
5.31745 14.0732
5.32318 18.2308
5.32892 17.0106
5.33466 17.3908
5.34039 12.5303
5.34613 15.2326
5.35187 18.3516
5.3576 16.9877
5.36334 17.2727
5.36907 15.1146
5.37481 16.8
5.38055 17.7869
5.38628 14.8333
5.39202 17.011
5.39776 15.3
5.40349 18.5493
5.40923 19.7396
5.41496 21.4321
5.4207 16.4921
5.42644 15.7653
5.43217 18.6517
5.43791 15.6456
5.44364 18.0541
5.44938 17.0412
5.45512 15.1852
5.46085 17.5455
5.46659 16.4184
5.47233 17.8652
5.47806 19.6711
5.4838 18.3333
5.48953 14.957
5.49527 16.0476
5.50101 20.7015
5.50674 19.051
5.51248 20.4831
5.51822 15
5.52395 16.4699
5.52969 19.1935
5.53542 13.9412
5.54116 17.6029
5.5469 14.9091
5.55263 16.4944
5.55837 16.375
5.5641 16.1124
5.56984 15.4086
5.57558 14.7738
5.58131 16.5616
5.58705 16.6869
5.59279 17.7614
5.59852 19.0635
5.60426 6.99
5.60999 14.8065
5.61573 14.6707
5.62147 11.7368
5.6272 15.6082
5.63294 17.1264
5.63868 18.1061
5.64441 15.505
5.65015 20.2473
5.65588 20.8095
5.66162 19.2987
5.66736 17.9293
5.67309 18.4302
5.67883 18.6957
5.68456 18.5248
5.6903 16.3667
5.69604 21.0122
5.70177 15.3735
5.70751 18.1684
5.71325 18.5
5.71898 18.5
5.72472 17.6667
5.73045 15.6344
5.73619 13.7468
5.74193 18.8876
5.74766 19.5053
5.7534 21.3636
5.75914 17.0704
5.76487 17.4851
5.77061 15.6915
5.77634 17.9231
5.78208 17.8427
5.78782 18.8763
5.79355 21.5116
5.79929 14.7867
5.80502 19.4257
5.81076 22.7634
5.8165 15.7333
5.82223 17.4271
5.82797 16.3299
5.83371 17.5465
5.83944 17.2532
5.84518 21.2222
5.85091 17.0521
5.85665 18.3538
5.86239 19.2286
5.86812 18.9898
5.87386 19.3256
5.8796 19.9114
5.88533 16.5644
5.89107 19.2283
5.8968 14.8116
5.90254 18.9048
5.90828 19.1717
5.91401 22.1647
5.91975 19.1951
5.92548 19.4242
5.93122 14.8298
5.93696 21.9452
5.94269 22.3333
5.94843 18.7292
5.95417 19.4659
5.9599 22.4941
5.96564 22.7071
5.97137 19.1064
5.97711 19.3288
5.98285 22.4078
5.98858 21.1429
5.99432 20.4941
6.00006 19.9333
6.00579 20.8182
6.01153 19.5484
6.01726 21.5467
6.023 21.3238
6.02874 23.1042
6.03447 17.9773
6.04021 18.5111
6.04594 22.398
6.05168 24.7604
6.05742 21.6753
6.06315 22.019
6.06889 25.3854
6.07463 23.75
6.08036 21.4681
6.0861 23.0408
6.09183 21.8969
6.09757 23.7308
6.10331 21.1714
6.10904 22.9583
6.11478 24.4419
6.12052 23.2396
6.12625 21.75
6.13199 22.6489
6.13772 21.1585
6.14346 25.098
6.1492 24.52
6.15493 23.8125
6.16067 24.7353
6.1664 23.7449
6.17214 23.0638
6.17788 26.2976
6.18361 24.6505
6.18935 25.7172
6.19509 18.7703
6.20082 24.5229
6.20656 28.9902
6.21229 25
6.21803 27.2317
6.22377 28.0943
6.2295 27.42
6.23524 29.8267
6.24098 26.8165
6.24671 29.3922
6.25245 29.9468
6.25818 28.9302
6.26392 28.5882
6.26966 31.0686
6.27539 26.9474
6.28113 30.4495
6.28686 37.4554
6.2926 31.1146
6.29834 32.1818
6.30407 39.3558
6.30981 36.6667
6.31555 36.5128
6.32128 40.2407
6.32702 40.0096
6.33275 43.1146
6.33849 44.3068
6.34423 38.8077
6.34996 43.9706
6.3557 44.5385
6.36144 46.9537
6.36717 52.7238
6.37291 51.8421
6.37864 53.2111
6.38438 51.8396
6.39012 53.1373
6.39585 48.875
6.40159 44.6019
6.40732 43.3889
6.41306 43.2553
6.4188 37.4348
6.42453 34.1981
6.43027 35.1078
6.43601 33.1341
6.44174 30.283
6.44748 27.8241
6.45321 29.1064
6.45895 29.0109
6.46469 29.4095
6.47042 31.5049
6.47616 29.0119
6.4819 27.5455
6.48763 26.3981
6.49337 29.5591
6.4991 29.5684
6.50484 25.6759
6.51058 25.2353
6.51631 25.6667
6.52205 29.2182
6.52778 28.5833
6.53352 25.75
6.53926 23.8125
6.54499 23.2315
6.55073 25.0874
6.55647 26.3333
6.5622 26.7345
6.56794 24.8796
6.57367 23.2581
6.57941 26.0421
6.58515 27.6339
6.59088 29.2885
6.59662 26.5119
6.60236 27.886
6.60809 26.3396
6.61383 26.4409
6.61956 25.1134
6.6253 23.4732
6.63104 22.1667
6.63677 24.9884
6.64251 23.693
6.64824 24.4579
6.65398 25.6044
6.65972 27.2647
6.66545 24.8571
6.67119 28.0192
6.67693 24.0233
6.68266 23.3362
6.6884 26.5093
6.69413 24.0769
6.69987 26.0291
6.70561 23.7946
6.71134 25.1827
6.71708 22.9091
6.72282 25.1228
6.72855 26.3611
6.73429 23.8876
6.74002 26.8962
6.74576 24.7478
6.7515 24.9709
6.75723 25.5843
6.76297 24.5086
6.7687 23.5268
6.77444 29.2472
6.78018 28.3143
6.78591 25.0172
6.79165 23
6.79739 24.7241
6.80312 22.6228
6.80886 25.0804
6.81459 23.6154
6.82033 24.4286
6.82607 23.6207
6.8318 21.8095
6.83754 25.7159
6.84328 23.7966
6.84901 25.4107
6.85475 26.8571
6.86048 23.9725
6.86622 22.9741
6.87196 26.8411
6.87769 22.6322
6.88343 24.0593
6.88916 24.3509
6.8949 23.6897
6.90064 24.4867
6.90637 22.0877
6.91211 24.2336
6.91785 22.069
6.92358 25.0744
6.92932 23.0708
6.93505 24.9326
6.94079 24.6637
6.94653 21.6034
6.95226 24.2523
6.958 26.3407
6.96374 26.0167
6.96947 22.8947
6.97521 24.1978
6.98094 26.3063
6.98668 26.2241
6.99242 24.2018
6.99815 24.3596
7.00389 22.8833
7.00962 25.5948
7.01536 24.6264
7.0211 23.3545
7.02683 25.959
7.03257 25.6542
7.03831 24.8602
7.04404 25.5984
7.04978 24.5565
7.05551 20.617
7.06125 22.9817
7.06699 26.7623
7.07272 24.8624
7.07846 23.7079
7.0842 26.0246
7.08993 23.5603
7.09567 22.957
7.1014 27.8584
7.10714 27.395
7.11288 27.422
7.11861 28.2366
7.12435 25.2339
7.13008 25.5812
7.13582 24.9375
7.14156 26.7658
7.14729 26.8167
7.15303 25.1468
7.15877 27.2366
7.1645 26.2661
7.17024 27.5882
7.17597 23.7551
7.18171 27.6729
7.18745 26.8525
7.19318 24.0991
7.19892 26.6813
7.20466 28.0236
7.21039 28.9573
7.21613 26.21
7.22186 27.8624
7.2276 27.1429
7.23334 24.8288
7.23907 27
7.24481 26.7302
7.25054 25.5546
7.25628 24.51
7.26202 26.9009
7.26775 25.7705
7.27349 27.3063
7.27923 25.6129
7.28496 22.9206
7.2907 24.3109
7.29643 27.9223
7.30217 25.2844
7.30791 28
7.31364 26.7179
7.31938 29.3146
7.32512 28.6154
7.33085 28.8678
7.33659 28.2115
7.34232 30.2476
7.34806 30.6615
7.3538 26.964
7.35953 27.2043
7.36527 26.9062
7.371 27.4711
7.37674 28.1346
7.38248 29.7615
7.38821 30.56
7.39395 34.9138
7.39969 41.914
7.40542 55.3
7.41116 71.9837
7.41689 88.6415
7.42263 49.8224
7.42837 43.1429
7.4341 39.9328
7.43984 38.2809
7.44558 36.0821
7.45131 41.2231
7.45705 41.3182
7.46278 41.1456
7.46852 44.1846
7.47426 41.0427
7.47999 45.0556
7.48573 44.7727
7.49146 45.24
7.4972 42.7273
7.50294 43.514
7.50867 40.7109
7.51441 39.1765
7.52015 35.3077
7.52588 31.9848
7.53162 33.152
7.53735 31.9018
7.54309 29.9417
7.54883 30.0152
7.55456 29.6975
7.5603 29.7079
7.56604 30.9403
7.57177 30.096
7.57751 28.3534
7.58324 27.1456
7.58898 26.9008
7.59472 30.3607
7.60045 28.48
7.60619 27.9837
7.61192 26.1705
7.61766 25.7845
7.6234 26.6238
7.62913 26.3409
7.63487 27.2479
7.64061 27.3431
7.64634 25.9512
7.65208 27.1783
7.65781 26.7119
7.66355 27.2143
7.66929 25.4
7.67502 27.0968
7.68076 27.1887
7.6865 28.4622
7.69223 28
7.69797 25.8305
7.7037 30.5842
7.70944 29.0821
7.71518 27.1707
7.72091 27.4909
7.72665 31.1624
7.73238 33.3798
7.73812 42.1803
7.74386 45.0619
7.74959 43.0145
7.75533 35.872
7.76107 31.5804
7.7668 30.8783
7.77254 35.1069
7.77827 31.1639
7.78401 30.6667
7.78975 30.6
7.79548 29.0391
7.80122 30.6897
7.80696 30.2883
7.81269 34.1128
7.81843 28.7984
7.82416 30.0316
7.8299 30.3714
7.83564 28.7087
7.84137 29.9224
7.84711 28.8018
7.85284 29.4122
7.85858 25.7031
7.86432 25.6392
7.87005 24.2158
7.87579 26.2734
7.88153 23.4344
7.88726 25.0561
7.893 23.0889
7.89873 25.0781
7.90447 25.402
7.91021 24.4135
7.91594 27.4275
7.92168 22.4917
7.92742 23.9429
7.93315 22.854
7.93889 23.3413
7.94462 21.6667
7.95036 24.6721
7.9561 22.5152
7.96183 20.4048
7.96757 21.7619
7.9733 24.6496
7.97904 19.7769
7.98478 21.4554
7.99051 21.216
7.99625 22.0526
8.00199 19.7903
8.00772 21.9109
8.01346 21.9784
8.01919 20.5152
8.02493 20.822
8.03067 21.0263
8.0364 20.7574
8.04214 22.5391
8.04788 22.7379
8.05361 20.5396
8.05935 17.7868
8.06508 18.7288
8.07082 19.4786
8.07656 21.1606
8.08229 19.0625
8.08803 20.5657
8.09376 21.1119
8.0995 19.3561
8.10524 17.1148
8.11097 20.7522
8.11671 20.1533
8.12245 18.5194
8.12818 20.7857
8.13392 21.8182
8.13965 19.7536
8.14539 17.75
8.15113 16.7838
8.15686 15.8102
8.1626 12.2727
8.16834 15.0763
8.17407 14.619
8.17981 13.1045
8.18554 11.4692
8.19128 11.9346
8.19702 9.11511
8.20275 8.58209
8.20849 8.6017
8.21422 11.8952
8.21996 8.91304
8.2257 7.83594
8.23143 5.83178
8.23717 4.82517
8.24291 3.28395
8.24864 5.21818
8.25438 7.07895
8.26011 1.84211
8.26585 13.8889
8.27159 0
8.27732 0
8.28306 0
8.2888 0
8.29453 0
8.30027 0
8.306 0
8.31174 0
8.31748 0
8.32321 0
8.32895 0
8.33468 0
8.34042 0
8.34616 0
8.35189 0
8.35763 0
8.36337 0
8.3691 0
8.37484 0
8.38057 0
8.38631 0
8.39205 0
8.39778 0
8.40352 0
8.40926 0
8.41499 0
8.42073 0
8.42646 0
8.4322 0
8.43794 0
8.44367 0
8.44941 0
8.45514 0
8.46088 0
8.46662 0
8.47235 0
8.47809 0
8.48383 0
8.48956 0
8.4953 0
8.50103 0
8.50677 0
8.51251 0
8.51824 0
8.52398 0
8.52972 0
8.53545 0
8.54119 0
8.54692 0
8.55266 0
8.5584 0
8.56413 0
8.56987 0
8.5756 0
8.58134 0
8.58708 0
8.59281 0
8.59855 0
8.60429 0
8.61002 0
8.61576 0
8.62149 0
8.62723 0
8.63297 0
8.6387 0
8.64444 0
8.65018 0
8.65591 0
8.66165 0
8.66738 0
8.67312 0
8.67886 0
8.68459 0
8.69033 0
8.69606 0
8.7018 0
8.70754 0
8.71327 0
8.71901 0
8.72475 0
8.73048 0
8.73622 0
8.74195 0
8.74769 0
8.75343 0
8.75916 0
8.7649 0
8.77064 0
8.77637 0
8.78211 0
8.78784 0
8.79358 0
8.79932 0
8.80505 0
8.81079 0
8.81652 0
8.82226 0
8.828 0
8.83373 0
8.83947 0
8.84521 0
8.85094 0
8.85668 0
8.86241 0
8.86815 0
8.87389 0
8.87962 0
8.88536 0
8.8911 0
8.89683 0
8.90257 0
8.9083 0
8.91404 0
8.91978 0
8.92551 0
8.93125 0
8.93698 0
8.94272 0
8.94846 0
8.95419 0
8.95993 0
8.96567 0
8.9714 0
8.97714 0
8.98287 0
8.98861 0
8.99435 0
9.00008 0
9.00582 0
9.01156 0
9.01729 0
9.02303 0
9.02876 0
9.0345 0
9.04024 0
9.04597 0
9.05171 0
9.05744 0
9.06318 0
9.06892 0
9.07465 0
9.08039 0
9.08613 0
9.09186 0
9.0976 0
9.10333 0
9.10907 0
9.11481 0
9.12054 0
9.12628 0
9.13202 0
9.13775 0
9.14349 0
9.14922 0
9.15496 0
9.1607 0
9.16643 0
9.17217 0
9.1779 0
9.18364 0
9.18938 0
9.19511 0
9.20085 0
9.20659 0
9.21232 0
9.21806 0
9.22379 0
9.22953 0
9.23527 0
9.241 0
9.24674 0
9.25248 0
9.25821 0
9.26395 0
9.26968 0
9.27542 0
9.28116 0
9.28689 0
9.29263 0
9.29836 0
9.3041 0
9.30984 0
9.31557 0
9.32131 0
9.32705 0
9.33278 0
9.33852 0
9.34425 0
9.34999 0
9.35573 0
9.36146 0
9.3672 0
9.37294 0
9.37867 0
9.38441 0
9.39014 0
9.39588 0
9.40162 0
9.40735 0
9.41309 0
9.41882 0
9.42456 0
9.4303 0
9.43603 0
9.44177 0
9.44751 0
9.45324 0
9.45898 0
9.46471 0
9.47045 0
9.47619 0
9.48192 0
9.48766 0
9.4934 0
9.49913 0
9.50487 0
9.5106 0
9.51634 0
9.52208 0
9.52781 0
9.53355 0
9.53928 0
9.54502 0
9.55076 0
9.55649 0
9.56223 0
9.56797 0
9.5737 0
9.57944 0
9.58517 0
9.59091 0
9.59665 0
9.60238 0
9.60812 0
9.61386 0
9.61959 0
9.62533 0
9.63106 0
9.6368 0
9.64254 0
9.64827 0
9.65401 0
9.65974 0
9.66548 0
9.67122 0
9.67695 0
9.68269 0
9.68843 0
9.69416 0
9.6999 0
9.70563 0
9.71137 0
9.71711 0
9.72284 0
9.72858 0
9.73432 0
9.74005 0
9.74579 0
9.75152 0
9.75726 0
9.763 0
9.76873 0
9.77447 0
9.7802 0
9.78594 0
9.79168 0
9.79741 0
9.80315 0
9.80889 0
9.81462 0
9.82036 0
9.82609 0
9.83183 0
9.83757 0
9.8433 0
9.84904 0
9.85478 0
9.86051 0
9.86625 0
9.87198 0
9.87772 0
9.88346 0
9.88919 0
9.89493 0
9.90066 0
9.9064 0
9.91214 0
9.91787 0
9.92361 0
9.92935 0
9.93508 0
9.94082 0
9.94655 0
9.95229 0
9.95803 0
9.96376 0
9.9695 0
9.97524 0
9.98097 0
9.98671 0
9.99244 0
9.99818 0
10.0039 0
10.0097 0
10.0154 0
10.0211 0
10.0269 0
10.0326 0
10.0383 0
10.0441 0
10.0498 0
10.0555 0
10.0613 0
10.067 0
10.0728 0
10.0785 0
10.0842 0
10.09 0
10.0957 0
10.1014 0
10.1072 0
10.1129 0
10.1186 0
10.1244 0
10.1301 0
10.1358 0
10.1416 0
10.1473 0
10.1531 0
10.1588 0
10.1645 0
10.1703 0
10.176 0
10.1817 0
10.1875 0
10.1932 0
10.1989 0
10.2047 0
10.2104 0
10.2162 0
10.2219 0
10.2276 0
10.2334 0
10.2391 0
10.2448 0
10.2506 0
10.2563 0
10.262 0
10.2678 0
10.2735 0
10.2793 0
10.285 0
10.2907 0
10.2965 0
10.3022 0
10.3079 0
10.3137 0
10.3194 0
10.3251 0
10.3309 0
10.3366 0
10.3424 0
10.3481 0
10.3538 0
10.3596 0
10.3653 0
10.371 0
10.3768 0
10.3825 0
10.3882 0
10.394 0
10.3997 0
10.4054 0
10.4112 0
10.4169 0
10.4227 0
10.4284 0
10.4341 0
10.4399 0
10.4456 0
10.4513 0
10.4571 0
10.4628 0
10.4685 0
10.4743 0
10.48 0
10.4858 0
10.4915 0
10.4972 0
10.503 0
10.5087 0
10.5144 0
10.5202 0
10.5259 0
10.5316 0
10.5374 0
10.5431 0
10.5489 0
10.5546 0
10.5603 0
10.5661 0
10.5718 0
10.5775 0
10.5833 0
10.589 0
10.5947 0
10.6005 0
10.6062 0
10.612 0
10.6177 0
10.6234 0
10.6292 0
10.6349 0
10.6406 0
10.6464 0
10.6521 0
10.6578 0
10.6636 0
10.6693 0
10.6751 0
10.6808 0
10.6865 0
10.6923 0
10.698 0
10.7037 0
10.7095 0
10.7152 0
10.7209 0
10.7267 0
10.7324 0
10.7381 0
10.7439 0
10.7496 0
10.7554 0
10.7611 0
10.7668 0
10.7726 0
10.7783 0
10.784 0
10.7898 0
10.7955 0
10.8012 0
10.807 0
10.8127 0
10.8185 0
10.8242 0
10.8299 0
10.8357 0
10.8414 0
10.8471 0
10.8529 0
10.8586 0
10.8643 0
10.8701 0
10.8758 0
10.8816 0
10.8873 0
10.893 0
10.8988 0
10.9045 0
10.9102 0
10.916 0
10.9217 0
10.9274 0
10.9332 0
10.9389 0
10.9447 0
10.9504 0
10.9561 0
10.9619 0
10.9676 0
10.9733 0
10.9791 0
10.9848 0
10.9905 0
10.9963 0
11.002 0
11.0077 0
11.0135 0
11.0192 0
11.025 0
11.0307 0
11.0364 0
11.0422 0
11.0479 0
11.0536 0
11.0594 0
11.0651 0
11.0708 0
11.0766 0
11.0823 0
11.0881 0
11.0938 0
11.0995 0
11.1053 0
11.111 0
11.1167 0
11.1225 0
11.1282 0
11.1339 0
11.1397 0
11.1454 0
11.1512 0
11.1569 0
11.1626 0
11.1684 0
11.1741 0
11.1798 0
11.1856 0
11.1913 0
11.197 0
11.2028 0
11.2085 0
11.2143 0
11.22 0
11.2257 0
11.2315 0
11.2372 0
11.2429 0
11.2487 0
11.2544 0
11.2601 0
11.2659 0
11.2716 0
11.2774 0
11.2831 0
11.2888 0
11.2946 0
11.3003 0
11.306 0
11.3118 0
11.3175 0
11.3232 0
11.329 0
11.3347 0
11.3404 0
11.3462 0
11.3519 0
11.3577 0
11.3634 0
11.3691 0
11.3749 0
11.3806 0
11.3863 0
11.3921 0
11.3978 0
11.4035 0
11.4093 0
11.415 0
11.4208 0
11.4265 0
11.4322 0
11.438 0
11.4437 0
11.4494 0
11.4552 0
11.4609 0
11.4666 0
11.4724 0
11.4781 0
11.4839 0
11.4896 0
11.4953 0
11.5011 0
11.5068 0
11.5125 0
11.5183 0
11.524 0
11.5297 0
11.5355 0
11.5412 0
11.547 0
11.5527 0
11.5584 0
11.5642 0
11.5699 0
11.5756 0
11.5814 0
11.5871 0
11.5928 0
11.5986 0
11.6043 0
11.61 0
11.6158 0
11.6215 0
11.6273 0
11.633 0
11.6387 0
11.6445 0
11.6502 0
11.6559 0
11.6617 0
11.6674 0
11.6731 0
11.6789 0
11.6846 0
11.6904 0
11.6961 0
11.7018 0
11.7076 0
11.7133 0
11.719 0
11.7248 0
11.7305 0
11.7362 0
11.742 0
