0 4.004
0.00573619 13.013
0.0114724 0
0.0172086 0
0.0229448 -22.022
0.028681 2.002
0.0344171 0
0.0401533 -13.013
0.0458895 17.017
0.0516257 17.017
0.0573619 0
0.0630981 -20.02
0.0688343 -24.024
0.0745705 0
0.0803067 -13.013
0.0860429 39.039
0.091779 0
0.0975152 0
0.103251 -3.003
0.108988 -2.33567
0.114724 0
0.12046 2.33567
0.126196 -24.024
0.131932 0
0.137669 10.6773
0.143405 -8.008
0.149141 14.014
0.154877 6.5065
0.160613 -1.001
0.16635 13.013
0.172086 0
0.177822 -3.33667
0.183558 9.2092
0.189294 0
0.19503 -5.6056
0.200767 -11.011
0.206503 8.67533
0.212239 -19.5195
0.217975 6.8068
0.223711 1.001
0.229448 0
0.235184 0.6006
0.24092 16.6166
0.246656 0
0.252392 11.2112
0.258129 27.4274
0.263865 23.4234
0.269601 0
0.275337 18.8188
0.281073 31.317
0.28681 0
0.292546 27.742
0.298282 16.016
0.304018 27.6943
0.309754 18.7687
0.31549 15.158
0.321227 12.441
0.326963 0
0.332699 16.302
0.338435 22.451
0.344171 0
0.349908 14.872
0.355644 21.879
0.36138 15.6156
0.367116 11.5115
0.372852 22.5781
0.378589 8.866
0.384325 4.5045
0.390061 3.44789
0.395797 12.2344
0.401533 0
0.40727 13.013
0.413006 7.56311
0.418742 8.866
0.424478 14.5145
0.430214 21.021
0.43595 19.1302
0.441687 0
0.447423 19.4639
0.453159 22.3557
0.458895 20.6873
0.464631 21.736
0.470368 13.013
0.476104 17.7956
0.48184 35.5355
0.487576 12.103
0.493312 18.2
0.499049 0
0.504785 8.463
0.510521 24.479
0.516257 11.4114
0.521993 36.3697
0.52773 19.019
0.533466 18.7966
0.539202 39.039
0.544938 22.568
0.550674 23.387
0.55641 0
0.562147 24.64
0.567883 17.864
0.573619 27.885
0.579355 21.021
0.585091 23.947
0.590828 29.029
0.596564 29.029
0.6023 29.876
0.608036 31.493
0.613772 18.018
0.619509 28.4034
0.625245 22.561
0.630981 17.4619
0.636717 20.5205
0.642453 21.329
0.64819 18.48
0.653926 11.011
0.659662 18.4184
0.665398 15.3487
0.671134 22.022
0.67687 22.8979
0.682607 23.4234
0.688343 24.661
0.694079 24.2743
0.699815 14.4144
0.705551 18.1515
0.711288 36.036
0.717024 9.724
0.72276 22.7561
0.728496 20.4649
0.734232 10.01
0.739969 17.1421
0.745705 22.33
0.751441 21.5215
0.757177 20.1966
0.762913 18.1358
0.76865 33.8338
0.774386 23.6069
0.780122 21.3743
0.785858 16.653
0.791594 28.6953
0.79733 25.9082
0.803067 21.6216
0.808803 32.5325
0.814539 26.3793
0.820275 13.6018
0.826011 19.5751
0.831748 18.018
0.837484 19.9644
0.84322 26.642
0.848956 3.003
0.854692 23.1811
0.860429 18.6657
0.866165 12.8128
0.871901 13.7012
0.877637 26.9216
0.883373 12.649
0.88911 18.5185
0.894846 22.5488
0.900582 16.2829
0.906318 4.75475
0.912054 20.1254
0.91779 17.7236
0.923527 14.3477
0.929263 19.558
0.934999 11.6307
0.940735 18.095
0.946471 18.8939
0.952208 15.8253
0.957944 22.7286
0.96368 25.5255
0.969416 19.5433
0.975152 19.8093
0.980889 23.114
0.986625 19.1858
0.992361 15.158
0.998097 13.5469
1.00383 8.67533
1.00957 19.448
1.01531 12.1886
1.02104 18.2182
1.02678 15.1916
1.03251 14.9197
1.03825 8.932
1.04399 16.9336
1.04972 16.4947
1.05546 16.6048
1.0612 13.5135
1.06693 11.1851
1.07267 17.8599
1.0784 15.862
1.08414 22.737
1.08988 14.7103
1.09561 18.8855
1.10135 20.1451
1.10708 16.0595
1.11282 13.3074
1.11856 7.436
1.12429 19.2993
1.13003 19.8293
1.13577 18.9523
1.1415 15.587
1.14724 17.057
1.15297 18.2849
1.15871 17.2172
1.16445 14.0941
1.17018 9.64121
1.17592 11.627
1.18166 18.9078
1.18739 18.018
1.19313 17.6843
1.19886 19.3527
1.2046 12.7327
1.21034 17.2951
1.21607 19.5751
1.22181 14.1994
1.22754 17.1123
1.23328 12.012
1.23902 17.7052
1.24475 21.021
1.25049 7.007
1.25623 19.8532
1.26196 10.6032
1.2677 18.5448
1.27343 15.169
1.27917 15.7885
1.28491 8.79139
1.29064 18.6068
1.29638 14.9435
1.30212 19.3897
1.30785 11.8452
1.31359 10.2603
1.31932 10.5968
1.32506 18.8283
1.3308 9.83335
1.33653 14.6146
1.34227 24.1041
1.348 12.012
1.35374 15.73
1.35948 18.6853
1.36521 19.019
1.37095 7.8078
1.37669 16.4992
1.38242 17.7133
1.38816 17.6647
1.39389 13.8033
1.39963 11.3817
1.40537 17.7677
1.4111 15.015
1.41684 12.6678
1.42258 8.44322
1.42831 18.2535
1.43405 9.55121
1.43978 12.4124
1.44552 14.4907
1.45126 8.57106
1.45699 18.4667
1.46273 18.0657
1.46846 11.011
1.4742 17.3399
1.47994 16.8864
1.48567 13.4635
1.49141 11.154
1.49715 16.7575
1.50288 17.4957
1.50862 17.8929
1.51435 15.6363
1.52009 16.5766
1.52583 16.0827
1.53156 12.8795
1.5373 11.972
1.54304 11.9643
1.54877 13.0631
1.55451 12.7714
1.56024 16.4947
1.56598 14.014
1.57172 15.1765
1.57745 12.4925
1.58319 16.8168
1.58892 15.4154
1.59466 16.3867
1.6004 12.2923
1.60613 15.4599
1.61187 16.242
1.61761 15.7357
1.62334 13.7995
1.62908 13.65
1.63481 18.018
1.64055 14.7103
1.64629 15.015
1.65202 12.5298
1.65776 8.92892
1.6635 19.3318
1.66923 9.65481
1.67497 17.7677
1.6807 17.017
1.68644 14.8005
1.69218 13.7033
1.69791 11.2913
1.70365 13.1495
1.70938 10.785
1.71512 17.7585
1.72086 20.9584
1.72659 17.1687
1.73233 17.4312
1.73807 20.5423
1.7438 16.324
1.74954 13.3927
1.75527 12.6423
1.76101 23.6552
1.76675 16.2283
1.77248 17.2673
1.77822 15.966
1.78396 21.2546
1.78969 18.5992
1.79543 21.54
1.80116 17.4758
1.8069 20.2137
1.81264 16.7754
1.81837 13.6803
1.82411 20.1058
1.82984 14.8424
1.83558 15.8959
1.84132 17.633
1.84705 24.2823
1.85279 25.1362
1.85853 21.2386
1.86426 24.1757
1.87 23.7571
1.87573 19.5751
1.88147 18.6186
1.88721 17.3507
1.89294 18.6483
1.89868 16.324
1.90442 13.8623
1.91015 21.8605
1.91589 19.6696
1.92162 17.1886
1.92736 25.6708
1.9331 33.7537
1.93883 42.9
1.94457 39.4333
1.9503 31.7317
1.95604 26.3597
1.96178 24.5539
1.96751 28.1218
1.97325 23.8238
1.97899 22.9148
1.98472 26.299
1.99046 22.7469
1.99619 19.0575
2.00193 19.6768
2.00767 24.0886
2.0134 21.3547
2.01914 19.5052
2.02488 21.203
2.03061 18.9389
2.03635 20.9584
2.04208 18.6657
2.04782 14.5145
2.05356 25.2752
2.05929 23.3845
2.06503 27.1986
2.07076 14.924
2.0765 22.536
2.08224 17.6176
2.08797 16.4992
2.09371 21.0567
2.09945 22.4819
2.10518 21.7187
2.11092 21.313
2.11665 24.2404
2.12239 18.304
2.12813 16.4512
2.13386 25.164
2.1396 26.1928
2.14534 17.7365
2.15107 19.481
2.15681 17.6229
2.16254 20.8046
2.16828 24.843
2.17402 22.6893
2.17975 20.1553
2.18549 14.1109
2.19122 23.4901
2.19696 22.8607
2.2027 24.4244
2.20843 21.3964
2.21417 23.3823
2.21991 26.2154
2.22564 35.7175
2.23138 72.9479
2.23711 38.9863
2.24285 88.7946
2.24859 38.9318
2.25432 18.557
2.26006 23.2027
2.2658 24.7065
2.27153 22.7789
2.27727 24.1267
2.283 24.4438
2.28874 26.5891
2.29448 18.6597
2.30021 24.538
2.30595 19.096
2.31168 19.404
2.31742 22.638
2.32316 24.934
2.32889 22.7847
2.33463 24.3743
2.34037 27.9446
2.3461 18.5185
2.35184 24.606
2.35757 21.5621
2.36331 20.097
2.36905 18.8725
2.37478 22.3638
2.38052 20.3106
2.38626 20.4027
2.39199 24.7922
2.39773 17.8557
2.40346 17.0555
2.4092 23.5351
2.41494 20.02
2.42067 19.7015
2.42641 18.564
2.43214 20.5682
2.43788 18.1896
2.44362 21.6779
2.44935 20.5761
2.45509 23.1257
2.46083 20.405
2.46656 20.3759
2.4723 21.7046
2.47803 21.6078
2.48377 22.9479
2.48951 25.2345
2.49524 24.9993
2.50098 20.944
2.50672 21.5215
2.51245 23.738
2.51819 20.312
2.52392 21.4997
2.52966 19.7698
2.5354 24.388
2.54113 19.2693
2.54687 18.6853
2.5526 21.6314
2.55834 26.18
2.56408 22.1711
2.56981 21.7194
2.57555 27.1306
2.58129 22.2365
2.58702 19.019
2.59276 22.2114
2.59849 19.4882
2.60423 20.4335
2.60997 20.9072
2.6157 23.9406
2.62144 17.6426
2.62718 21.234
2.63291 15.4726
2.63865 20.4927
2.64438 23.0443
2.65012 21.2651
2.65586 19.9199
2.66159 17.6346
2.66733 22.5336
2.67306 25.2252
2.6788 21.4172
2.68454 20.9997
2.69027 22.3557
2.69601 20.9907
2.70175 22.4808
2.70748 22.5336
2.71322 26.7304
2.71895 22.1888
2.72469 26.598
2.73043 22.451
2.73616 21.2054
2.7419 22.3284
2.74764 18.181
2.75337 22.4224
2.75911 22.9821
2.76484 20.8167
2.77058 17.1838
2.77632 23.0639
2.78205 20.981
2.78779 19.481
2.79352 21.45
2.79926 19.7505
2.805 23.8683
2.81073 26.2855
2.81647 22.6264
2.82221 23.2069
2.82794 22.7254
2.83368 22.9967
2.83941 23.4196
2.84515 24.61
2.85089 22.8666
2.85662 23.5518
2.86236 21.2661
2.8681 18.3934
2.87383 25.025
2.87957 21.5015
2.8853 26.441
2.89104 25.0521
2.89678 22.8113
2.90251 20.9988
2.90825 20.3307
2.91398 25.5892
2.91972 25.3783
2.92546 22.7795
2.93119 21.593
2.93693 23.4196
2.94267 21.021
2.9484 25.1188
2.95414 26.7815
2.95987 23.9219
2.96561 28.0665
2.97135 22.2186
2.97708 24.6543
2.98282 26.7447
2.98856 29.5937
2.99429 22.8747
3.00003 22.7035
3.00576 26.9957
3.0115 24.388
3.01724 25.7994
3.02297 25.8096
3.02871 23.3415
3.03444 26.1352
3.04018 25.3809
3.04592 26.0554
3.05165 25.4436
3.05739 25.9279
3.06313 24.1276
3.06886 23.3626
3.0746 27.755
3.08033 21.1803
3.08607 24.4298
3.09181 30.2266
3.09754 28.2936
3.10328 25.6506
3.10902 25.025
3.11475 25.0439
3.12049 28.644
3.12622 29.6165
3.13196 25.6984
3.1377 26.3881
3.14343 28.4173
3.14917 32.9803
3.1549 42.9841
3.16064 36.5883
3.16638 65.7991
3.17211 43.4616
3.17785 29.5068
3.18359 34.1317
3.18932 31.3194
3.19506 37.6907
3.20079 30.3833
3.20653 29.1817
3.21227 31.0499
3.218 32.2761
3.22374 30.8433
3.22948 34.1867
3.23521 27.5609
3.24095 34.2447
3.24668 31.1144
3.25242 29.5389
3.25816 33.1508
3.26389 29.7841
3.26963 34.0691
3.27536 33.1418
3.2811 32.9842
3.28684 30.3746
3.29257 31.9094
3.29831 31.7539
3.30405 31.6507
3.30978 27.8642
3.31552 33.8012
3.32125 32.5742
3.32699 33.3667
3.33273 33.4059
3.33846 33.6652
3.3442 33.7434
3.34994 34.6621
3.35567 31.8213
3.36141 34.0849
3.36714 32.6466
3.37288 31.5315
3.37862 35.217
3.38435 35.675
3.39009 38.0002
3.39582 35.2574
3.40156 38.2287
3.4073 35.8176
3.41303 34.0553
3.41877 38.038
3.42451 34.5919
3.43024 34.3813
3.43598 38.1357
3.44171 37.9744
3.44745 35.2137
3.45319 38.2287
3.45892 40.8226
3.46466 41.3803
3.4704 34.995
3.47613 33.4198
3.48187 34.9556
3.4876 39.4356
3.49334 40.0137
3.49908 35.8567
3.50481 42.8147
3.51055 41.2966
3.51628 41.9419
3.52202 40.7784
3.52776 44.8596
3.53349 43.751
3.53923 44.1518
3.54497 43.9328
3.5507 45.3995
3.55644 44.5536
3.56217 46.9791
3.56791 43.8362
3.57365 44.0875
3.57938 46.9084
3.58512 47.9752
3.59086 51.051
3.59659 46.3
3.60233 47.4712
3.60806 48.8527
3.6138 51.4889
3.61954 48.3976
3.62527 52.0341
3.63101 50.8557
3.63674 56.5042
3.64248 57.3159
3.64822 58.2665
3.65395 53.2111
3.65969 59.781
3.66543 61.4796
3.67116 65.7831
3.6769 67.639
3.68263 68.6916
3.68837 64.1167
3.69411 68.5177
3.69984 74.1758
3.70558 80.5899
3.71132 84.3392
3.71705 87.6106
3.72279 85.2995
3.72852 81.1508
3.73426 79.3778
3.74 81.743
3.74573 89.7096
3.75147 92.6819
3.7572 88.7871
3.76294 89.4453
3.76868 97.5293
3.77441 97.9785
3.78015 101.576
3.78589 109.152
3.79162 111.737
3.79736 114.257
3.80309 124.124
3.80883 138.118
3.81457 140.818
3.8203 147.531
3.82604 164.234
3.83178 171.708
3.83751 195.97
3.84325 208.172
3.84898 243.818
3.85472 343.772
3.86046 577.035
3.86619 904.121
3.87193 2653.35
3.87766 8465.24
3.8834 1369.9
3.88914 3633.38
3.89487 912.527
3.90061 465.598
3.90635 493.146
3.91208 446.909
3.91782 431.212
3.92355 419.053
3.92929 408.041
3.93503 378.472
3.94076 341.443
3.9465 319.3
3.95224 288.915
3.95797 257.416
3.96371 236.149
3.96944 219.318
3.97518 197.833
3.98092 184.239
3.98665 172.828
3.99239 158.629
3.99812 144.725
4.00386 136.831
4.0096 135.831
4.01533 124.922
4.02107 117.758
4.02681 109.473
4.03254 108.927
4.03828 104.022
4.04401 100.369
4.04975 101.157
4.05549 98.1442
4.06122 99.8606
4.06696 92.6143
4.0727 91.5262
4.07843 95.9292
4.08417 81.0095
4.0899 85.8505
4.09564 86.9306
4.10138 78.2782
4.10711 80.4693
4.11285 81.6422
4.11858 76.1833
4.12432 77.3999
4.13006 77.9619
4.13579 79.1426
4.14153 77.3465
4.14727 76.6931
4.153 80.4236
4.15874 78.3965
4.16447 73.7312
4.17021 72.7346
4.17595 76.1406
4.18168 72.5189
4.18742 71.7574
4.19316 68.341
4.19889 70.8908
4.20463 75.0479
4.21036 70.4675
4.2161 73.123
4.22184 68.8619
4.22757 73.5529
4.23331 71.1756
4.23904 74.5144
4.24478 72.3923
4.25052 70.5632
4.25625 76.6038
4.26199 84.8973
4.26773 74.8665
4.27346 80.2923
4.2792 74.9856
4.28493 73.3928
4.29067 74.4458
4.29641 70.6748
4.30214 78.3809
4.30788 76.3763
4.31362 79.233
4.31935 81.51
4.32509 85.0316
4.33082 95.3271
4.33656 92.8327
4.3423 88.395
4.34803 88.376
4.35377 92.754
4.3595 98.6819
4.36524 99.8024
4.37098 100.343
4.37671 104.79
4.38245 107.121
4.38819 113.21
4.39392 118.258
4.39966 127.127
4.40539 134.329
4.41113 140.227
4.41687 148.296
4.4226 168.233
4.42834 188.421
4.43408 195.445
4.43981 254.904
4.44555 368.448
4.45128 723.708
4.45702 1334.59
4.46276 6858
4.46849 9042.05
4.47423 9956.84
4.47996 8789.68
4.4857 5033.96
4.49144 1265.51
4.49717 576.449
4.50291 399.1
4.50865 274.048
4.51438 229.499
4.52012 213.099
4.52585 196.583
4.53159 172.91
4.53733 175.676
4.54306 162.975
4.5488 152.346
4.55454 143.6
4.56027 132.257
4.56601 118.348
4.57174 111.804
4.57748 110.636
4.58322 97.1997
4.58895 95.2593
4.59469 89.5157
4.60042 84.5655
4.60616 80.6406
4.6119 75.1951
4.61763 73.5313
4.62337 65.39
4.62911 70.5943
4.63484 64.0484
4.64058 63.9419
4.64631 60.4354
4.65205 61.061
4.65779 57.3948
4.66352 57.904
4.66926 57.1555
4.675 53.2645
4.68073 49.8447
4.68647 50.1597
4.6922 50.7749
4.69794 47.2818
4.70368 48.737
4.70941 48.088
4.71515 43.3256
4.72088 43.2457
4.72662 44.5663
4.73236 42.3121
4.73809 40.6259
4.74383 39.8988
4.74957 44.429
4.7553 39.5991
4.76104 38.6636
4.76677 43.9693
4.77251 33.3256
4.77825 37.8793
4.78398 34.9549
4.78972 35.6785
4.79546 37.3314
4.80119 37.3158
4.80693 37.7146
4.81266 39.5967
4.8184 37.1085
4.82414 32.1006
4.82987 33.0494
4.83561 33.3786
4.84134 33.6461
4.84708 32.6175
4.85282 30.925
4.85855 32.8255
4.86429 34.3583
4.87003 39.3344
4.87576 37.4627
4.8815 40.0273
4.88723 33.1071
4.89297 35.9065
4.89871 33.7687
4.90444 30.3825
4.91018 36.0512
4.91592 30.6378
4.92165 28.7249
4.92739 32.1725
4.93312 28.1793
4.93886 29.9347
4.9446 29.3726
4.95033 29.8044
4.95607 27.8418
4.9618 27.209
4.96754 30.8274
4.97328 28.3617
4.97901 31.224
4.98475 29.1603
4.99049 29.0803
4.99622 29.7078
5.00196 34.8019
5.00769 33.8116
5.01343 33.5221
5.01917 28.5707
5.0249 30.4644
5.03064 31.4536
5.03638 28.7147
5.04211 32.993
5.04785 34.1726
5.05358 32.4161
5.05932 29.9064
5.06506 29.2706
5.07079 27.5219
5.07653 28.028
5.08226 31.3271
5.088 26.2262
5.09374 26.026
5.09947 29.432
5.10521 31.3806
5.11095 30.853
5.11668 28.3813
5.12242 28.0583
5.12815 28.015
5.13389 29.941
5.13963 27.794
5.14536 26.748
5.1511 27.3752
5.15684 29.222
5.16257 28.5841
5.16831 24.0955
5.17404 25.025
5.17978 27.469
5.18552 28.847
5.19125 29.4628
5.19699 24.2773
5.20272 27.1967
5.20846 28.572
5.2142 25.8123
5.21993 27.8173
5.22567 25.7939
5.23141 28.485
5.23714 29.3256
5.24288 25.6486
5.24861 27.3391
5.25435 24.9013
5.26009 24.6584
5.26582 25.2621
5.27156 24.761
5.2773 25.3164
5.28303 26.8576
5.28877 27.0057
5.2945 26.8429
5.30024 24.2047
5.30598 26.9383
5.31171 25.5874
5.31745 28.2599
5.32318 28.7518
5.32892 26.8247
5.33466 27.4412
5.34039 28.6953
5.34613 21.149
5.35187 22.495
5.3576 23.851
5.36334 26.5872
5.36907 25.6402
5.37481 25.8258
5.38055 26.0588
5.38628 28.2157
5.39202 25.146
5.39776 27.7402
5.40349 26.2657
5.40923 26.9853
5.41496 25.1733
5.4207 26.6616
5.42644 27.8135
5.43217 27.4094
5.43791 22.3768
5.44364 25.4308
5.44938 24.6225
5.45512 25.6429
5.46085 27.1938
5.46659 25.0761
5.47233 28.984
5.47806 24.7089
5.4838 29.5728
5.48953 30.2883
5.49527 28.6596
5.50101 25.3387
5.50674 28.8451
5.51248 26.3747
5.51822 23.7535
5.52395 27.8592
5.52969 23.5612
5.53542 26.6619
5.54116 25.9818
5.5469 25.5609
5.55263 25.3849
5.55837 27.4858
5.5641 27.9043
5.56984 27.1992
5.57558 26.7172
5.58131 24.7782
5.58705 29.9693
5.59279 26.026
5.59852 23.1024
5.60426 14.024
5.60999 24.6268
5.61573 22.1319
5.62147 24.5772
5.6272 29.4624
5.63294 25.8879
5.63868 28.3465
5.64441 25.0646
5.65015 25.0681
5.65588 25.5136
5.66162 27.742
5.66736 23.7308
5.67309 29.0639
5.67883 27.8539
5.68456 26.8486
5.6903 27.4163
5.69604 26.5509
5.70177 27.5697
5.70751 26.2473
5.71325 27.118
5.71898 30.2385
5.72472 28.1291
5.73045 29.3842
5.73619 33.1344
5.74193 24.6763
5.74766 29.9036
5.7534 27.4706
5.75914 27.0693
5.76487 26.9279
5.77061 26.4839
5.77634 26.7062
5.78208 27.1732
5.78782 29.4624
5.79355 24.0589
5.79929 28.4951
5.80502 28.692
5.81076 30.3637
5.8165 26.9736
5.82223 30.3532
5.82797 27.027
5.83371 31.7061
5.83944 30.4988
5.84518 30.5153
5.85091 29.2271
5.85665 30.3226
5.86239 28.2187
5.86812 32.0014
5.87386 31.8225
5.8796 31.3858
5.88533 30.0003
5.89107 29.8668
5.8968 28.6373
5.90254 30.7927
5.90828 31.8803
5.91401 28.0633
5.91975 30.0666
5.92548 29.2009
5.93122 31.3824
5.93696 33.1838
5.94269 32.1941
5.94843 27.955
5.95417 31.5884
5.9599 33.0212
5.96564 30.8591
5.97137 31.606
5.97711 29.5638
5.98285 33.8493
5.98858 32.7879
5.99432 35.1881
6.00006 32.0098
6.00579 33.9936
6.01153 33.5712
6.01726 35.3153
6.023 34.1103
6.02874 31.6462
6.03447 33.2605
6.04021 33.5224
6.04594 29.2129
6.05168 32.1467
6.05742 31.512
6.06315 31.8509
6.06889 35.1184
6.07463 37.0489
6.08036 37.5162
6.0861 37.3639
6.09183 36.6036
6.09757 35.1248
6.10331 38.6386
6.10904 38.82
6.11478 37.1883
6.12052 34.9099
6.12625 39.8899
6.13199 38.7834
6.13772 39.5395
6.14346 39.7848
6.1492 39.4995
6.15493 40.6656
6.16067 42.7682
6.1664 39.2535
6.17214 42.2763
6.17788 42.3638
6.18361 42.0517
6.18935 45.1663
6.19509 43.6247
6.20082 47.7817
6.20656 46.046
6.21229 47.7873
6.21803 45.3258
6.22377 48.388
6.2295 51.4714
6.23524 50.5438
6.24098 53.5305
6.24671 56.8411
6.25245 54.235
6.25818 53.7863
6.26392 57.901
6.26966 61.4437
6.27539 62.9445
6.28113 66.3048
6.28686 68.3752
6.2926 73.0834
6.29834 76.2807
6.30407 85.9898
6.30981 124.026
6.31555 108.211
6.32128 247.089
6.32702 267.488
6.33275 553.793
6.33849 1336.37
6.34423 1006.37
6.34996 351.008
6.3557 233.105
6.36144 146.239
6.36717 124.048
6.37291 117.307
6.37864 120.142
6.38438 118.524
6.39012 120.807
6.39585 118.281
6.40159 116.042
6.40732 120.676
6.41306 113.337
6.4188 117.128
6.42453 111.139
6.43027 101.199
6.43601 93.2639
6.44174 91.5254
6.44748 86.1787
6.45321 82.9765
6.45895 80.5152
6.46469 71.2617
6.47042 74.8612
6.47616 68.3302
6.4819 69.1691
6.48763 66.1216
6.49337 66.6903
6.4991 60.1443
6.50484 58.92
6.51058 58.4407
6.51631 55.2218
6.52205 54.2633
6.52778 53.3125
6.53352 55.1856
6.53926 50.0083
6.54499 48.1036
6.55073 53.9957
6.55647 47.9169
6.5622 48.9781
6.56794 46.9358
6.57367 46.3581
6.57941 47.3736
6.58515 46.4929
6.59088 49.8864
6.59662 44.8424
6.60236 45.8792
6.60809 45.7155
6.61383 45.5616
6.61956 45.0553
6.6253 48.5753
6.63104 45.153
6.63677 42.6123
6.64251 43.0693
6.64824 42.0514
6.65398 41.063
6.65972 41.3452
6.66545 42.8553
6.67119 40.8196
6.67693 41.3785
6.68266 43.0516
6.6884 41.3283
6.69413 40.502
6.69987 42.8389
6.70561 41.8007
6.71134 42.1671
6.71708 40.768
6.72282 42.9464
6.72855 43.8586
6.73429 37.8356
6.74002 41.0316
6.74576 42.9995
6.7515 38.9515
6.75723 41.2772
6.76297 38.4954
6.7687 39.9149
6.77444 40.7261
6.78018 40.6311
6.78591 39.1943
6.79165 39.2074
6.79739 39.016
6.80312 39.5395
6.80886 39.6199
6.81459 39.743
6.82033 42.2136
6.82607 42.4994
6.8318 40.4309
6.83754 38.0607
6.84328 39.9128
6.84901 41.8811
6.85475 41.998
6.86048 42.2716
6.86622 40.1177
6.87196 40.6574
6.87769 40.6498
6.88343 37.5714
6.88916 36.8438
6.8949 36.6113
6.90064 36.9573
6.90637 40.0049
6.91211 38.1596
6.91785 41.2251
6.92358 43.3408
6.92932 42.1129
6.93505 39.084
6.94079 41.4396
6.94653 41.6278
6.95226 37.1025
6.958 39.347
6.96374 39.4644
6.96947 41.0937
6.97521 41.393
6.98094 41.7805
6.98668 41.6709
6.99242 41.0318
6.99815 39.5901
7.00389 39.4978
7.00962 42.4476
7.01536 41.283
7.0211 41.3686
7.02683 39.8923
7.03257 41.1065
7.03831 38.3932
7.04404 42.2799
7.04978 41.7635
7.05551 40.9239
7.06125 42.7675
7.06699 41.8451
7.07272 41.7757
7.07846 41.1535
7.0842 42.723
7.08993 42.3181
7.09567 41.1163
7.1014 40.855
7.10714 40.6709
7.11288 43.3277
7.11861 40.7181
7.12435 42.2438
7.13008 43.4537
7.13582 43.1577
7.14156 42.6462
7.14729 42.6676
7.15303 45.2838
7.15877 45.6478
7.1645 44.6737
7.17024 45.903
7.17597 42.9306
7.18171 42.9307
7.18745 43.6255
7.19318 44.2424
7.19892 44.99
7.20466 44.2805
7.21039 46.0717
7.21613 45.9959
7.22186 41.491
7.2276 48.3022
7.23334 49.2474
7.23907 44.22
7.24481 48.0003
7.25054 46.1554
7.25628 48.6886
7.26202 47.5881
7.26775 49.8613
7.27349 49.1753
7.27923 52.9561
7.28496 49.4303
7.2907 49.9827
7.29643 50.9927
7.30217 49.2878
7.30791 51.6564
7.31364 52.7707
7.31938 56.011
7.32512 51.1434
7.33085 53.7727
7.33659 56.2966
7.34232 59.2497
7.34806 60.1139
7.3538 63.0359
7.35953 65.3987
7.36527 65.2058
7.371 65.2801
7.37674 70.301
7.38248 72.5128
7.38821 72.4324
7.39395 77.1029
7.39969 88.6477
7.40542 107.538
7.41116 133.117
7.41689 270.799
7.42263 378.546
7.42837 911.736
7.4341 1386.86
7.43984 667.408
7.44558 301.921
7.45131 184.755
7.45705 134.889
7.46278 120.82
7.46852 111.789
7.47426 110.178
7.47999 115.026
7.48573 108.29
7.49146 106.298
7.4972 107.48
7.50294 109.82
7.50867 107.162
7.51441 107.738
7.52015 106.139
7.52588 101.973
7.53162 95.3352
7.53735 94.2906
7.54309 87.1259
7.54883 87.3979
7.55456 81.7876
7.5603 81.5421
7.56604 76.4869
7.57177 72.9048
7.57751 69.1208
7.58324 69.1176
7.58898 64.4537
7.59472 67.0752
7.60045 62.6526
7.60619 60.3204
7.61192 61.8292
7.61766 58.3341
7.6234 56.056
7.62913 58.4827
7.63487 60.8542
7.64061 54.0736
7.64634 54.3388
7.65208 56.7311
7.65781 54.5884
7.66355 51.6945
7.66929 53.1197
7.67502 54.4496
7.68076 53.8935
7.6865 52.1445
7.69223 54.1915
7.69797 56.7431
7.7037 51.5168
7.70944 52.3882
7.71518 55.7793
7.72091 55.9832
7.72665 56.6378
7.73238 57.4683
7.73812 63.4158
7.74386 65.2095
7.74959 68.9602
7.75533 110.975
7.76107 145.163
7.7668 245.715
7.77254 157.172
7.77827 79.5877
7.78401 69.6656
7.78975 64.2271
7.79548 62.2575
7.80122 61.5615
7.80696 61.9989
7.81269 59.8869
7.81843 62.6674
7.82416 62.5256
7.8299 64.3071
7.83564 62.1329
7.84137 60.224
7.84711 61.0069
7.85284 63.1776
7.85858 54.1322
7.86432 58.2438
7.87005 53.8668
7.87579 52.9592
7.88153 53.5371
7.88726 48.5812
7.893 48.1741
7.89873 48.134
7.90447 43.9164
7.91021 46.4298
7.91594 45.5417
7.92168 42.6343
7.92742 41.0219
7.93315 40.23
7.93889 39.9288
7.94462 38.7844
7.95036 40.2287
7.9561 38.3868
7.96183 35.2972
7.96757 39.8779
7.9733 37.2416
7.97904 40.9486
7.98478 39.9685
7.99051 35.2432
7.99625 37.3004
8.00199 33.6707
8.00772 35.8873
8.01346 38.6573
8.01919 36.5441
8.02493 31.9811
8.03067 33.314
8.0364 32.8343
8.04214 36.5991
8.04788 37.6007
8.05361 36.9794
8.05935 35.5723
8.06508 33.2366
8.07082 34.9494
8.07656 33.7637
8.08229 32.9157
8.08803 35.4091
8.09376 32.613
8.0995 33.4122
8.10524 30.4485
8.11097 31.6599
8.11671 34.2094
8.12245 34.0573
8.12818 34.4719
8.13392 29.8404
8.13965 28.8839
8.14539 31.0471
8.15113 29.7054
8.15686 28.9705
8.1626 25.5862
8.16834 25.1947
8.17407 24.4292
8.17981 21.8502
8.18554 19.5965
8.19128 21.152
8.19702 20.1352
8.20275 16.7481
8.20849 15.9481
8.21422 14.8858
8.21996 17.5538
8.2257 12.0902
8.23143 9.21481
8.23717 7.336
8.24291 11.0728
8.24864 7.4802
8.25438 6.55918
8.26011 4.68889
8.26585 2.78056
8.27159 0
8.27732 0
8.28306 0
8.2888 0
8.29453 0
8.30027 0
8.306 0
8.31174 0
8.31748 0
8.32321 0
8.32895 0
8.33468 0
8.34042 0
8.34616 0
8.35189 0
8.35763 0
8.36337 0
8.3691 0
8.37484 0
8.38057 0
8.38631 0
8.39205 0
8.39778 0
8.40352 0
8.40926 0
8.41499 0
8.42073 0
8.42646 0
8.4322 0
8.43794 0
8.44367 0
8.44941 0
8.45514 0
8.46088 0
8.46662 0
8.47235 0
8.47809 0
8.48383 0
8.48956 0
8.4953 0
8.50103 0
8.50677 0
8.51251 0
8.51824 0
8.52398 0
8.52972 0
8.53545 0
8.54119 0
8.54692 0
8.55266 0
8.5584 0
8.56413 0
8.56987 0
8.5756 0
8.58134 0
8.58708 0
8.59281 0
8.59855 0
8.60429 0
8.61002 0
8.61576 0
8.62149 0
8.62723 0
8.63297 0
8.6387 0
8.64444 0
8.65018 0
8.65591 0
8.66165 0
8.66738 0
8.67312 0
8.67886 0
8.68459 0
8.69033 0
8.69606 0
8.7018 0
8.70754 0
8.71327 0
8.71901 0
8.72475 0
8.73048 0
8.73622 0
8.74195 0
8.74769 0
8.75343 0
8.75916 0
8.7649 0
8.77064 0
8.77637 0
8.78211 0
8.78784 0
8.79358 0
8.79932 0
8.80505 0
8.81079 0
8.81652 0
8.82226 0
8.828 0
8.83373 0
8.83947 0
8.84521 0
8.85094 0
8.85668 0
8.86241 0
8.86815 0
8.87389 0
8.87962 0
8.88536 0
8.8911 0
8.89683 0
8.90257 0
8.9083 0
8.91404 0
8.91978 0
8.92551 0
8.93125 0
8.93698 0
8.94272 0
8.94846 0
8.95419 0
8.95993 0
8.96567 0
8.9714 0
8.97714 0
8.98287 0
8.98861 0
8.99435 0
9.00008 0
9.00582 0
9.01156 0
9.01729 0
9.02303 0
9.02876 0
9.0345 0
9.04024 0
9.04597 0
9.05171 0
9.05744 0
9.06318 0
9.06892 0
9.07465 0
9.08039 0
9.08613 0
9.09186 0
9.0976 0
9.10333 0
9.10907 0
9.11481 0
9.12054 0
9.12628 0
9.13202 0
9.13775 0
9.14349 0
9.14922 0
9.15496 0
9.1607 0
9.16643 0
9.17217 0
9.1779 0
9.18364 0
9.18938 0
9.19511 0
9.20085 0
9.20659 0
9.21232 0
9.21806 0
9.22379 0
9.22953 0
9.23527 0
9.241 0
9.24674 0
9.25248 0
9.25821 0
9.26395 0
9.26968 0
9.27542 0
9.28116 0
9.28689 0
9.29263 0
9.29836 0
9.3041 0
9.30984 0
9.31557 0
9.32131 0
9.32705 0
9.33278 0
9.33852 0
9.34425 0
9.34999 0
9.35573 0
9.36146 0
9.3672 0
9.37294 0
9.37867 0
9.38441 0
9.39014 0
9.39588 0
9.40162 0
9.40735 0
9.41309 0
9.41882 0
9.42456 0
9.4303 0
9.43603 0
9.44177 0
9.44751 0
9.45324 0
9.45898 0
9.46471 0
9.47045 0
9.47619 0
9.48192 0
9.48766 0
9.4934 0
9.49913 0
9.50487 0
9.5106 0
9.51634 0
9.52208 0
9.52781 0
9.53355 0
9.53928 0
9.54502 0
9.55076 0
9.55649 0
9.56223 0
9.56797 0
9.5737 0
9.57944 0
9.58517 0
9.59091 0
9.59665 0
9.60238 0
9.60812 0
9.61386 0
9.61959 0
9.62533 0
9.63106 0
9.6368 0
9.64254 0
9.64827 0
9.65401 0
9.65974 0
9.66548 0
9.67122 0
9.67695 0
9.68269 0
9.68843 0
9.69416 0
9.6999 0
9.70563 0
9.71137 0
9.71711 0
9.72284 0
9.72858 0
9.73432 0
9.74005 0
9.74579 0
9.75152 0
9.75726 0
9.763 0
9.76873 0
9.77447 0
9.7802 0
9.78594 0
9.79168 0
9.79741 0
9.80315 0
9.80889 0
9.81462 0
9.82036 0
9.82609 0
9.83183 0
9.83757 0
9.8433 0
9.84904 0
9.85478 0
9.86051 0
9.86625 0
9.87198 0
9.87772 0
9.88346 0
9.88919 0
9.89493 0
9.90066 0
9.9064 0
9.91214 0
9.91787 0
9.92361 0
9.92935 0
9.93508 0
9.94082 0
9.94655 0
9.95229 0
9.95803 0
9.96376 0
9.9695 0
9.97524 0
9.98097 0
9.98671 0
9.99244 0
9.99818 0
10.0039 0
10.0097 0
10.0154 0
10.0211 0
10.0269 0
10.0326 0
10.0383 0
10.0441 0
10.0498 0
10.0555 0
10.0613 0
10.067 0
10.0728 0
10.0785 0
10.0842 0
10.09 0
10.0957 0
10.1014 0
10.1072 0
10.1129 0
10.1186 0
10.1244 0
10.1301 0
10.1358 0
10.1416 0
10.1473 0
10.1531 0
10.1588 0
10.1645 0
10.1703 0
10.176 0
10.1817 0
10.1875 0
10.1932 0
10.1989 0
10.2047 0
10.2104 0
10.2162 0
10.2219 0
10.2276 0
10.2334 0
10.2391 0
10.2448 0
10.2506 0
10.2563 0
10.262 0
10.2678 0
10.2735 0
10.2793 0
10.285 0
10.2907 0
10.2965 0
10.3022 0
10.3079 0
10.3137 0
10.3194 0
10.3251 0
10.3309 0
10.3366 0
10.3424 0
10.3481 0
10.3538 0
10.3596 0
10.3653 0
10.371 0
10.3768 0
10.3825 0
10.3882 0
10.394 0
10.3997 0
10.4054 0
10.4112 0
10.4169 0
10.4227 0
10.4284 0
10.4341 0
10.4399 0
10.4456 0
10.4513 0
10.4571 0
10.4628 0
10.4685 0
10.4743 0
10.48 0
10.4858 0
10.4915 0
10.4972 0
10.503 0
10.5087 0
10.5144 0
10.5202 0
10.5259 0
10.5316 0
10.5374 0
10.5431 0
10.5489 0
10.5546 0
10.5603 0
10.5661 0
10.5718 0
10.5775 0
10.5833 0
10.589 0
10.5947 0
10.6005 0
10.6062 0
10.612 0
10.6177 0
10.6234 0
10.6292 0
10.6349 0
10.6406 0
10.6464 0
10.6521 0
10.6578 0
10.6636 0
10.6693 0
10.6751 0
10.6808 0
10.6865 0
10.6923 0
10.698 0
10.7037 0
10.7095 0
10.7152 0
10.7209 0
10.7267 0
10.7324 0
10.7381 0
10.7439 0
10.7496 0
10.7554 0
10.7611 0
10.7668 0
10.7726 0
10.7783 0
10.784 0
10.7898 0
10.7955 0
10.8012 0
10.807 0
10.8127 0
10.8185 0
10.8242 0
10.8299 0
10.8357 0
10.8414 0
10.8471 0
10.8529 0
10.8586 0
10.8643 0
10.8701 0
10.8758 0
10.8816 0
10.8873 0
10.893 0
10.8988 0
10.9045 0
10.9102 0
10.916 0
10.9217 0
10.9274 0
10.9332 0
10.9389 0
10.9447 0
10.9504 0
10.9561 0
10.9619 0
10.9676 0
10.9733 0
10.9791 0
10.9848 0
10.9905 0
10.9963 0
11.002 0
11.0077 0
11.0135 0
11.0192 0
11.025 0
11.0307 0
11.0364 0
11.0422 0
11.0479 0
11.0536 0
11.0594 0
11.0651 0
11.0708 0
11.0766 0
11.0823 0
11.0881 0
11.0938 0
11.0995 0
11.1053 0
11.111 0
11.1167 0
11.1225 0
11.1282 0
11.1339 0
11.1397 0
11.1454 0
11.1512 0
11.1569 0
11.1626 0
11.1684 0
11.1741 0
11.1798 0
11.1856 0
11.1913 0
11.197 0
11.2028 0
11.2085 0
11.2143 0
11.22 0
11.2257 0
11.2315 0
11.2372 0
11.2429 0
11.2487 0
11.2544 0
11.2601 0
11.2659 0
11.2716 0
11.2774 0
11.2831 0
11.2888 0
11.2946 0
11.3003 0
11.306 0
11.3118 0
11.3175 0
11.3232 0
11.329 0
11.3347 0
11.3404 0
11.3462 0
11.3519 0
11.3577 0
11.3634 0
11.3691 0
11.3749 0
11.3806 0
11.3863 0
11.3921 0
11.3978 0
11.4035 0
11.4093 0
11.415 0
11.4208 0
11.4265 0
11.4322 0
11.438 0
11.4437 0
11.4494 0
11.4552 0
11.4609 0
11.4666 0
11.4724 0
11.4781 0
11.4839 0
11.4896 0
11.4953 0
11.5011 0
11.5068 0
11.5125 0
11.5183 0
11.524 0
11.5297 0
11.5355 0
11.5412 0
11.547 0
11.5527 0
11.5584 0
11.5642 0
11.5699 0
11.5756 0
11.5814 0
11.5871 0
11.5928 0
11.5986 0
11.6043 0
11.61 0
11.6158 0
11.6215 0
11.6273 0
11.633 0
11.6387 0
11.6445 0
11.6502 0
11.6559 0
11.6617 0
11.6674 0
11.6731 0
11.6789 0
11.6846 0
11.6904 0
11.6961 0
11.7018 0
11.7076 0
11.7133 0
11.719 0
11.7248 0
11.7305 0
11.7362 0
11.742 0
