0 -12
0.00573619 2
0.0114724 -16
0.0172086 0
0.0229448 -2
0.028681 20
0.0344171 0
0.0401533 -10
0.0458895 -14
0.0516257 14
0.0573619 0
0.0630981 32
0.0688343 20
0.0745705 0
0.0803067 32
0.0860429 -22
0.091779 0
0.0975152 7
0.103251 -20.6667
0.108988 -7
0.114724 0
0.12046 -5.33333
0.126196 -3.66667
0.131932 0
0.137669 12.3333
0.143405 15.3333
0.149141 -15
0.154877 -8.5
0.160613 -0.666667
0.16635 -7.33333
0.172086 0
0.177822 19.3333
0.183558 18
0.189294 0
0.19503 9.4
0.200767 -13
0.206503 9.66667
0.212239 -0.5
0.217975 1.2
0.223711 -2.6
0.229448 0
0.235184 2.6
0.24092 -5.6
0.246656 0
0.252392 -5.6
0.258129 -2
0.263865 8.2
0.269601 0
0.275337 7.8
0.281073 5.28571
0.28681 0
0.292546 9.14286
0.298282 7
0.304018 5.33333
0.309754 2.75
0.31549 12.1429
0.321227 14.1429
0.326963 0
0.332699 12
0.338435 10.2857
0.344171 0
0.349908 9
0.355644 12.2857
0.36138 22.6
0.367116 4.5
0.372852 5.22222
0.378589 17.5714
0.384325 -8.5
0.390061 7.66667
0.395797 4.33333
0.401533 0
0.40727 2.88889
0.413006 8.44444
0.418742 16.7143
0.424478 38.5
0.430214 6.22222
0.43595 -1.44444
0.441687 0
0.447423 11.4444
0.453159 2
0.458895 1.66667
0.464631 16.4286
0.470368 10.1818
0.476104 9.77778
0.48184 3
0.487576 8.09091
0.493312 12.9091
0.499049 0
0.504785 13.4545
0.510521 13.2727
0.516257 7
0.521993 12
0.52773 18.3636
0.533466 17.2222
0.539202 15
0.544938 17.7273
0.550674 18.3636
0.55641 0
0.562147 19.1538
0.567883 13.4615
0.573619 15.2857
0.579355 20
0.585091 23.9231
0.590828 43.6364
0.596564 34
0.6023 224.692
0.608036 155.231
0.613772 41.8
0.619509 34.625
0.625245 19.7692
0.630981 18.4444
0.636717 22.5
0.642453 22.6923
0.64819 15.8462
0.653926 18
0.659662 6.2
0.665398 16.7333
0.671134 18.5714
0.67687 8.75
0.682607 14.9333
0.688343 14.0909
0.694079 29
0.699815 12.3333
0.705551 11.8
0.711288 -23
0.717024 14
0.72276 16.8
0.728496 5.88889
0.734232 11.6667
0.739969 15.3125
0.745705 19.3077
0.751441 8.5
0.757177 8.82353
0.762913 11.3529
0.76865 8.6
0.774386 10.3333
0.780122 12.5882
0.785858 13.7273
0.791594 14.1667
0.79733 15.4706
0.803067 11.4667
0.808803 18
0.814539 6.70588
0.820275 15.2941
0.826011 12.4444
0.831748 17.5
0.837484 11.5556
0.84322 14.2308
0.848956 18.3333
0.854692 12.6842
0.860429 15.0588
0.866165 26.6
0.871901 7.3125
0.877637 12.6316
0.883373 18.5455
0.88911 1.875
0.894846 7.10526
0.900582 16
0.906318 22.25
0.912054 12.1579
0.91779 18.9412
0.923527 9
0.929263 9.92308
0.934999 12.0476
0.940735 10.8462
0.946471 18
0.952208 13.1905
0.957944 21.4706
0.96368 12.75
0.969416 19.4286
0.975152 6.78947
0.980889 15.7273
0.986625 10.4167
0.992361 18.381
0.998097 11.9333
1.00383 19.1667
1.00957 9.42857
1.01531 12.6471
1.02104 11
1.02678 5.52941
1.03251 5.7619
1.03825 19.1538
1.04399 15.0833
1.04972 13.6522
1.05546 7.82353
1.0612 22.1667
1.06693 13.2174
1.07267 14.8421
1.0784 8.69231
1.08414 15.5714
1.08988 12.8261
1.09561 7.06667
1.10135 2.875
1.10708 14
1.11282 15.7647
1.11856 8.14286
1.12429 9.52
1.13003 8.38095
1.13577 18.5333
1.1415 16.2143
1.14724 9.8
1.15297 14
1.15871 16.7
1.16445 15.36
1.17018 10.5263
1.17592 9.76923
1.18166 16.1111
1.18739 12
1.19313 3
1.19886 13.8333
1.2046 10.88
1.21034 8.72222
1.21607 15.4444
1.22181 14.8148
1.22754 10.4762
1.23328 16.0588
1.23902 10.1875
1.24475 13.84
1.25049 12.1176
1.25623 9.91667
1.26196 7.92593
1.2677 13.9474
1.27343 16.3846
1.27917 11.0455
1.28491 16.5217
1.29064 7.58824
1.29638 6.21429
1.30212 15.6296
1.30785 9.33333
1.31359 7.5
1.31932 12.5517
1.32506 12.0476
1.3308 19.1765
1.33653 10.4
1.34227 12.68
1.348 8.26316
1.35374 9.57143
1.35948 11.4074
1.36521 13.5238
1.37095 5.2
1.37669 10.931
1.38242 13.087
1.38816 11.3529
1.39389 15.7895
1.39963 8.62963
1.40537 10.5
1.4111 16
1.41684 12.4828
1.42258 15.0435
1.42831 7.17647
1.43405 10.875
1.43978 13.4
1.44552 13.9524
1.45126 11.875
1.45699 13.3793
1.46273 9.7619
1.46846 8.58333
1.4742 8.54839
1.47994 10.8261
1.48567 14.2
1.49141 8.85714
1.49715 7.40741
1.50288 4.56522
1.50862 12.5625
1.51435 11.7931
1.52009 11.32
1.52583 7.4
1.53156 10.1333
1.5373 10.8
1.54304 15.8571
1.54877 9.3
1.55451 11.5172
1.56024 7.78261
1.56598 9.28571
1.57172 13.1613
1.57745 17.08
1.58319 9.7
1.58892 11.64
1.59466 16.1852
1.6004 9.96
1.60613 9.83333
1.61187 11.9355
1.61761 7.68
1.62334 18.8571
1.62908 18.1818
1.63481 9.03704
1.64055 10.1304
1.64629 14.1364
1.65202 10.1034
1.65776 6.32
1.6635 10.8125
1.66923 10.6774
1.67497 8.57143
1.6807 11.85
1.68644 6.07143
1.69218 12.1724
1.69791 6.52
1.70365 8.72727
1.70938 14.0645
1.71512 8.62963
1.72086 14.125
1.72659 15.3636
1.73233 8.17241
1.73807 11
1.7438 13.6538
1.74954 15
1.75527 15.2593
1.76101 12.7895
1.76675 13.9091
1.77248 11.2857
1.77822 5.7
1.78396 9.76667
1.78969 12.5806
1.79543 9.88889
1.80116 7.70833
1.8069 10.5161
1.81264 13.4138
1.81837 16.7222
1.82411 11.4
1.82984 12.7586
1.83558 14.92
1.84132 11.8846
1.84705 11.1613
1.85279 14
1.85853 10.8261
1.86426 8.42424
1.87 17.2667
1.87573 12.6111
1.88147 12.7429
1.88721 12.5758
1.89294 18.7407
1.89868 16.9615
1.90442 11.303
1.91015 15.4516
1.91589 4.55
1.92162 10.9429
1.92736 14.1613
1.9331 11.32
1.93883 16.1071
1.94457 18.7576
1.9503 18.2667
1.95604 18.4583
1.96178 15.5588
1.96751 12.0312
1.97325 19
1.97899 12.5676
1.98472 14.8788
1.99046 11.1724
1.99619 10.5385
2.00193 11.4857
2.00767 10.4839
2.0134 20.0833
2.01914 14.3429
2.02488 16.2727
2.03061 19.68
2.03635 15.2188
2.04208 12.0588
2.04782 13.625
2.05356 16.6667
2.05929 13.5
2.06503 14.5429
2.07076 15.2727
2.0765 12.7568
2.08224 10.1143
2.08797 16.5517
2.09371 16.0714
2.09945 16.7568
2.10518 13.5758
2.11092 9.91667
2.11665 19.2973
2.12239 16.5429
2.12813 18.9565
2.13386 14.1389
2.1396 12.1667
2.14534 12.4375
2.15107 12.4231
2.15681 15.8421
2.16254 14.4324
2.16828 13.5
2.17402 13.8462
2.17975 11.1892
2.18549 14.0968
2.19122 13.9333
2.19696 13.1622
2.2027 15.5714
2.20843 14.9583
2.21417 23.8974
2.21991 62.3243
2.22564 38.1364
2.23138 56.3
2.23711 34.8684
2.24285 21.3529
2.24859 21
2.25432 17.7949
2.26006 13
2.2658 16.6818
2.27153 19.878
2.27727 13.0513
2.283 11.3871
2.28874 16.3125
2.29448 17.5641
2.30021 13.3243
2.30595 16.8846
2.31168 12.641
2.31742 14.7949
2.32316 16.8182
2.32889 15.1667
2.33463 13.375
2.34037 17.9722
2.3461 20.8214
2.35184 18.9302
2.35757 18.1892
2.36331 18.4615
2.36905 14.9756
2.37478 15.7073
2.38052 19.8065
2.38626 14.7941
2.39199 14.3488
2.39773 20.0811
2.40346 17.8462
2.4092 17.6279
2.41494 16.475
2.42067 7.59091
2.42641 17.5455
2.43214 11.1667
2.43788 14.2286
2.44362 14.6562
2.44935 13.8222
2.45509 16.9744
2.46083 14.4615
2.46656 12.7556
2.4723 13.6585
2.47803 14.7586
2.48377 12.525
2.48951 12.5581
2.49524 13.0256
2.50098 13.6923
2.50672 11.6739
2.51245 11.6429
2.51819 18.625
2.52392 15.6739
2.52966 11.2955
2.5354 13.9697
2.54113 16.1667
2.54687 12.7556
2.5526 12
2.55834 14.4615
2.56408 14.2128
2.56981 18.2093
2.57555 14.3793
2.58129 11.9048
2.58702 13.9556
2.59276 15.6757
2.59849 13
2.60423 15.6957
2.60997 12.7273
2.6157 11.5417
2.62144 12.6458
2.62718 16.0638
2.63291 14.3714
2.63865 12.8333
2.64438 10.8723
2.65012 18.561
2.65586 12.4333
2.66159 15.2766
2.66733 16.0889
2.67306 11
2.6788 11.9375
2.68454 12.5532
2.69027 12.1282
2.69601 11.9394
2.70175 13.9167
2.70748 15
2.71322 13.7037
2.71895 14.2917
2.72469 13.6735
2.73043 14.9714
2.73616 12.3684
2.7419 17.551
2.74764 17.4419
2.75337 13.9667
2.75911 19.0612
2.76484 10
2.77058 15.5417
2.77632 15.2653
2.78205 14.4
2.78779 19.0769
2.79352 13.1429
2.79926 16.5
2.805 18.7556
2.81073 20.4815
2.81647 13.1132
2.82221 11.3265
2.82794 14.8108
2.83368 17.7105
2.83941 17.717
2.84515 11.4878
2.85089 15.5625
2.85662 16.9623
2.86236 15.7347
2.8681 13.0417
2.87383 14.9811
2.87957 21.32
2.8853 16.0244
2.89104 19.1622
2.89678 13.5769
2.90251 17.9556
2.90825 20.4828
2.91398 13.8182
2.91972 16.6078
2.92546 20.4595
2.93119 16.2857
2.93693 17.9434
2.94267 20.3333
2.9484 17.75
2.95414 17.8113
2.95987 14.0612
2.96561 13.8077
2.97135 18.5
2.97708 13.8889
2.98282 17.8974
2.98856 13.9487
2.99429 12.2593
3.00003 22.1489
3.00576 18.1562
3.0115 17.7636
3.01724 17.434
3.02297 16.973
3.02871 18.6136
3.03444 18.9455
3.04018 19.9333
3.04592 17.6471
3.05165 17.2364
3.05739 18.9412
3.06313 23.6207
3.06886 18.8929
3.0746 16.5455
3.08033 24.0227
3.08607 18.9189
3.09181 21.9107
3.09754 20.6531
3.10328 23.9062
3.10902 17.5593
3.11475 20.3208
3.12049 21.3077
3.12622 23.413
3.13196 17.5091
3.1377 21.2553
3.14343 21.7222
3.14917 23.3333
3.1549 26.3333
3.16064 23.7241
3.16638 23.0667
3.17211 22.2545
3.17785 22.2045
3.18359 23.7805
3.18932 17.7119
3.19506 21.6531
3.20079 24.9706
3.20653 19.3051
3.21227 22.4906
3.218 20
3.22374 21.2083
3.22948 17.4746
3.23521 20.6
3.24095 23.5263
3.24668 24.0333
3.25242 22.6792
3.25816 28.2647
3.26389 24.2807
3.26963 25.7018
3.27536 25.1522
3.2811 23.6829
3.28684 24.1639
3.29257 22.2857
3.29831 22.4444
3.30405 24
3.30978 23.4
3.31552 26.814
3.32125 26.7292
3.32699 25.7368
3.33273 27.1765
3.33846 26.7632
3.3442 26.9355
3.34994 25.3137
3.35567 25.7632
3.36141 28.2203
3.36714 27.4386
3.37288 25.6667
3.37862 30.6591
3.38435 24.8689
3.39009 27.6981
3.39582 26.9722
3.40156 29.5238
3.4073 27.0727
3.41303 25.0638
3.41877 29.2083
3.42451 25.9508
3.43024 27.3265
3.43598 30.122
3.44171 28.1905
3.44745 27.1071
3.45319 27.8571
3.45892 27.0364
3.46466 27.678
3.4704 30.16
3.47613 29.8182
3.48187 30.9365
3.4876 31.5283
3.49334 26.1579
3.49908 27.5075
3.50481 35.8246
3.51055 31.8936
3.51628 26.8
3.52202 27.1639
3.52776 32.3333
3.53349 33
3.53923 29.6308
3.54497 33.9259
3.5507 32.3542
3.55644 34.1818
3.56217 36.4746
3.56791 38.4717
3.57365 35.4348
3.57938 35.6308
3.58512 35.8545
3.59086 28.3421
3.59659 35.4478
3.60233 33.9492
3.60806 36.4902
3.6138 33.0625
3.61954 33.4603
3.62527 38.4107
3.63101 35.0732
3.63674 37.806
3.64248 36.6207
3.64822 36.1042
3.65395 39.614
3.65969 43.4918
3.66543 41.5455
3.67116 48.0435
3.6769 43.3333
3.68263 44.4098
3.68837 44.9211
3.69411 45
3.69984 45.1525
3.70558 43.1132
3.71132 45.8235
3.71705 47.6923
3.72279 45.3393
3.72852 44.6512
3.73426 46.5075
3.74 45.6129
3.74573 46.36
3.75147 50.9643
3.7572 50.3175
3.76294 48.7458
3.76868 50.2045
3.77441 52.7612
3.78015 51.0339
3.78589 57.2553
3.79162 52.7656
3.79736 53.7302
3.80309 55.0357
3.80883 61.8039
3.81457 58.4769
3.8203 62.2167
3.82604 61.2326
3.83178 64.4058
3.83751 67.0323
3.84325 79.7143
3.84898 90.6852
3.85472 154.984
3.86046 257.869
3.86619 213.152
3.87193 437.623
3.87766 252.574
3.8834 157.529
3.88914 178.567
3.89487 186.985
3.90061 213.55
3.90635 222.776
3.91208 216.478
3.91782 191.328
3.92355 174.024
3.92929 138.493
3.93503 112.531
3.94076 101.559
3.9465 91.1667
3.95224 80.4478
3.95797 71.7619
3.96371 71.413
3.96944 68.5211
3.97518 58.4286
3.98092 62.4727
3.98665 57.5
3.99239 57.75
3.99812 52.8548
4.00386 53.1224
4.0096 52.7101
4.01533 56.4219
4.02107 51.24
4.02681 55.6212
4.03254 53.4091
4.03828 51.0328
4.04401 47.6538
4.04975 49.6761
4.05549 50.5385
4.06122 44.913
4.06696 46.3623
4.0727 51.0145
4.07843 50.25
4.08417 46.9286
4.0899 47.8382
4.09564 50.5625
4.10138 44.3
4.10711 45.5278
4.11285 46.803
4.11858 46.6071
4.12432 52.1613
4.13006 47.9565
4.13579 46.4444
4.14153 41.2115
4.14727 46.8356
4.153 46.8657
4.15874 45.9318
4.16447 48.6301
4.17021 44.2394
4.17595 47.2097
4.18168 46.25
4.18742 44.9143
4.19316 44.3485
4.19889 48.06
4.20463 47.2973
4.21036 47.5588
4.2161 50.7167
4.22184 46.5
4.22757 45.137
4.23331 51.0149
4.23904 47.34
4.24478 47.6
4.25052 45.2754
4.25625 47
4.26199 47.2188
4.26773 50.4028
4.27346 51.8182
4.2792 50.8214
4.28493 52.2778
4.29067 50.3571
4.29641 55.5625
4.30214 55.2763
4.30788 77.5571
4.31362 204.338
4.31935 77.3214
4.32509 449.36
4.33082 150.841
4.33656 77.14
4.3423 60.72
4.34803 64.4384
4.35377 70.4194
4.3595 64.95
4.36524 68.5811
4.37098 70.3143
4.37671 78.2778
4.38245 72.5
4.38819 78.0139
4.39392 86.193
4.39966 90.8696
4.40539 94.5
4.41113 106.725
4.41687 120.648
4.4226 128.974
4.42834 179.068
4.43408 363.521
4.43981 534.844
4.44555 1669.53
4.45128 7065.89
4.45702 5854.12
4.46276 4057.92
4.46849 2577.51
4.47423 757.796
4.47996 401.592
4.4857 239.676
4.49144 189.308
4.49717 169.317
4.50291 150.675
4.50865 135.887
4.51438 136.346
4.52012 124.696
4.52585 115.347
4.53159 105.509
4.53733 98.1857
4.54306 84.6375
4.5488 81.8955
4.55454 77.1228
4.56027 71.1125
4.56601 68.9459
4.57174 73.9231
4.57748 63.5641
4.58322 54.8333
4.58895 50.7015
4.59469 52.8033
4.60042 45.7215
4.60616 49.7733
4.6119 45.26
4.61763 43.747
4.62337 40.6104
4.62911 41.6825
4.63484 43.4375
4.64058 41.5122
4.64631 37.4306
4.65205 39.0536
4.65779 37.4875
4.66352 42.9487
4.66926 37
4.675 39.3944
4.68073 35.8846
4.68647 37.8356
4.6922 35.5517
4.69794 37.9259
4.70368 34.8052
4.70941 35.66
4.71515 37.8353
4.72088 31.2911
4.72662 37.7391
4.73236 38.0476
4.73809 32.0854
4.74383 28.9487
4.74957 33.2115
4.7553 33.5476
4.76104 30.825
4.76677 33.4179
4.77251 30.2308
4.77825 32.9878
4.78398 32
4.78972 30.4286
4.79546 33.4353
4.80119 31.481
4.80693 28.1231
4.81266 28.4
4.8184 31.2857
4.82414 32.9726
4.82987 34.4426
4.83561 31.6429
4.84134 26.55
4.84708 28.2642
4.85282 27.8824
4.85855 28.1341
4.86429 34.7887
4.87003 26.9672
4.87576 30.7471
4.8815 29.1392
4.88723 28.463
4.89297 30.8706
4.89871 28.2651
4.90444 26.1831
4.91018 27.0303
4.91592 27.5952
4.92165 25.481
4.92739 26.6316
4.93312 24.8605
4.93886 25.2738
4.9446 26.5373
4.95033 28.0986
4.95607 25.6977
4.9618 24.1948
4.96754 27.0169
4.97328 27.4368
4.97901 27.6024
4.98475 25.3934
4.99049 25.4872
4.99622 28.8851
5.00196 26.9041
5.00769 27.4762
5.01343 25.1591
5.01917 28.4819
5.0249 29.4717
5.03064 24.6556
5.03638 24.2209
5.04211 26.04
5.04785 25.1231
5.05358 26.5349
5.05932 24.5309
5.06506 24.431
5.07079 27.573
5.07653 22.9655
5.08226 25.0704
5.088 24.4143
5.09374 25.5889
5.09947 24.6234
5.10521 22.6984
5.11095 24.8667
5.11668 21.1412
5.12242 25.1212
5.12815 24.987
5.13389 23.5556
5.13963 21.026
5.14536 23.3443
5.1511 25.1739
5.15684 22.7831
5.16257 22.2698
5.16831 19.1786
5.17404 21.5393
5.17978 19.7013
5.18552 19.4697
5.19125 17.7778
5.19699 19.7831
5.20272 22.1695
5.20846 20.3696
5.2142 20.0337
5.21993 18.5658
5.22567 21.7971
5.23141 19.7065
5.23714 19.0988
5.24288 20.7213
5.24861 16.5161
5.25435 18.1348
5.26009 16.4789
5.26582 20.4342
5.27156 19.0549
5.2773 18.5443
5.28303 23
5.28877 21.0745
5.2945 21.4023
5.30024 19.3333
5.30598 18.7342
5.31171 19.8876
5.31745 22.061
5.32318 22.4
5.32892 21
5.33466 17.3448
5.34039 17.697
5.34613 22.8372
5.35187 18.1868
5.3576 19.0247
5.36334 19.9091
5.36907 19.4792
5.37481 20.1765
5.38055 19.5082
5.38628 19.3125
5.39202 17.8681
5.39776 21.0875
5.40349 16.7183
5.40923 23.2188
5.41496 19.2593
5.4207 15.9524
5.42644 21.7041
5.43217 18.8315
5.43791 20.9367
5.44364 20.2838
5.44938 18.8041
5.45512 21.4691
5.46085 19.4394
5.46659 22.7245
5.47233 24.9775
5.47806 22.0526
5.4838 20.7037
5.48953 21.0645
5.49527 20.9881
5.50101 22.3284
5.50674 20.2041
5.51248 22.0674
5.51822 22.8243
5.52395 19.4458
5.52969 19.3871
5.53542 23.1765
5.54116 19.7206
5.5469 19.9798
5.55263 18.1798
5.55837 18.2639
5.5641 19.7865
5.56984 21.0215
5.57558 19.5833
5.58131 21.4658
5.58705 19.7071
5.59279 17.25
5.59852 16.9683
5.60426 7.49
5.60999 16.5806
5.61573 16.0488
5.62147 18.3947
5.6272 19.0103
5.63294 19.1839
5.63868 18.697
5.64441 20.8812
5.65015 19.5054
5.65588 21.5714
5.66162 18.3636
5.66736 21.3535
5.67309 20.5349
5.67883 18.4203
5.68456 21.5842
5.6903 16.7889
5.69604 18.4634
5.70177 20.0241
5.70751 19.3053
5.71325 20.3295
5.71898 16.5278
5.72472 20.5556
5.73045 24.5591
5.73619 20.7975
5.74193 19.618
5.74766 21.7053
5.7534 20.3864
5.75914 23.1268
5.76487 21.5743
5.77061 21.9362
5.77634 20.2179
5.78208 18.4831
5.78782 21.701
5.79355 22.3605
5.79929 21.9333
5.80502 21.0198
5.81076 20.3441
5.8165 21.4133
5.82223 23.5104
5.82797 19.9072
5.83371 20.3256
5.83944 19.5696
5.84518 20.9798
5.85091 23.6042
5.85665 26.5231
5.86239 22.6095
5.86812 22.6633
5.87386 22.3372
5.8796 16.7722
5.88533 24.7822
5.89107 22.1522
5.8968 23.7391
5.90254 23.8381
5.90828 23.6465
5.91401 22.8353
5.91975 23.2805
5.92548 25.303
5.93122 22.6383
5.93696 25.7671
5.94269 22.4286
5.94843 22.6042
5.95417 22.5114
5.9599 24.4824
5.96564 24.1919
5.97137 26.3085
5.97711 26.8356
5.98285 25.2816
5.98858 24.9592
5.99432 25.1882
6.00006 25.5111
6.00579 25.8182
6.01153 28.7634
6.01726 26.0667
6.023 26.6381
6.02874 27.8021
6.03447 25.6023
6.04021 24.5556
6.04594 24.7653
6.05168 24
6.05742 25.1169
6.06315 26.3238
6.06889 29.5312
6.07463 30.0238
6.08036 28.8191
6.0861 29.8469
6.09183 27.4021
6.09757 26.7436
6.10331 27.3333
6.10904 27.5104
6.11478 27.3372
6.12052 27.8125
6.12625 29.92
6.13199 26.7766
6.13772 25.8293
6.14346 30
6.1492 31.87
6.15493 27.275
6.16067 31.2157
6.1664 32.8163
6.17214 28.0213
6.17788 31.6905
6.18361 27.7476
6.18935 31.2525
6.19509 33.1892
6.20082 36.3853
6.20656 37.3824
6.21229 37.9896
6.21803 38.0122
6.22377 37.7547
6.2295 40.34
6.23524 38.7333
6.24098 37.7248
6.24671 38.098
6.25245 40.2447
6.25818 39.2326
6.26392 42.2059
6.26966 44.8431
6.27539 44.1711
6.28113 44.4312
6.28686 47.7129
6.2926 54.25
6.29834 61.4659
6.30407 82.5096
6.30981 113.176
6.31555 433.5
6.32128 1248.7
6.32702 526.673
6.33275 367.406
6.33849 171.466
6.34423 81.6154
6.34996 74.0294
6.3557 76.7821
6.36144 73.8519
6.36717 72.3238
6.37291 73.4737
6.37864 74.3778
6.38438 76.8774
6.39012 74.6078
6.39585 75.275
6.40159 65.6667
6.40732 62.9352
6.41306 59.9681
6.4188 53.6196
6.42453 44.1415
6.43027 47.0392
6.43601 43.3537
6.44174 42.8019
6.44748 40.2778
6.45321 39.6064
6.45895 35.4457
6.46469 40.2762
6.47042 35.7573
6.47616 34.1786
6.4819 36.2545
6.48763 34.0926
6.49337 36.9247
6.4991 34.4316
6.50484 32.5185
6.51058 33.8235
6.51631 31.9881
6.52205 33.2727
6.52778 34.5833
6.53352 33.6957
6.53926 33.9688
6.54499 35.1667
6.55073 33.767
6.55647 34.4167
6.5622 34.8496
6.56794 34.2222
6.57367 33.1398
6.57941 31.6
6.58515 33.7857
6.59088 30.8942
6.59662 36.5357
6.60236 32.9386
6.60809 31.1226
6.61383 34.5161
6.61956 32.3814
6.6253 34.1607
6.63104 30.0588
6.63677 32.6279
6.64251 30.4649
6.64824 30.243
6.65398 29.6264
6.65972 31.2941
6.66545 30.7589
6.67119 33.2115
6.67693 33.1163
6.68266 31.9224
6.6884 30.6111
6.69413 32.8132
6.69987 33.0291
6.70561 30.3304
6.71134 30.4904
6.71708 31.8295
6.72282 26.7982
6.72855 32.1759
6.73429 32
6.74002 30.3679
6.74576 28.113
6.7515 30.8252
6.75723 29.6517
6.76297 28.9224
6.7687 31.375
6.77444 30.0112
6.78018 31.8762
6.78591 31.5862
6.79165 30.3645
6.79739 31.8391
6.80312 31.2807
6.80886 26.4375
6.81459 29.2967
6.82033 29.5905
6.82607 28.6121
6.8318 30.9143
6.83754 32.7273
6.84328 29.6864
6.84901 31.6161
6.85475 27
6.86048 30.4771
6.86622 32.0431
6.87196 31.4393
6.87769 28.954
6.88343 31.3559
6.88916 26
6.8949 28.6897
6.90064 29.1858
6.90637 28.2281
6.91211 32.0841
6.91785 29.5517
6.92358 30.1405
6.92932 28.8673
6.93505 30.7079
6.94079 30.9469
6.94653 30.8621
6.95226 29.3832
6.958 29.3846
6.96374 31.0917
6.96947 30.6228
6.97521 28.3187
6.98094 31.1622
6.98668 30.5948
6.99242 30.3578
6.99815 30.4382
7.00389 30.8333
7.00962 28.3621
7.01536 30.7912
7.0211 30.5364
7.02683 31.0656
7.03257 30.0841
7.03831 31.7419
7.04404 31.0984
7.04978 28.8
7.05551 29.7979
7.06125 28.3028
7.06699 29.9508
7.07272 33.3853
7.07846 26.9663
7.0842 34.3197
7.08993 31.3017
7.09567 32.5699
7.1014 31.354
7.10714 35.6891
7.11288 34.2844
7.11861 32.6667
7.12435 32.2581
7.13008 29.1111
7.13582 31.3125
7.14156 33.7748
7.14729 32.9667
7.15303 30.8716
7.15877 32.957
7.1645 33.3226
7.17024 37.9496
7.17597 31.5204
7.18171 32.5981
7.18745 31.123
7.19318 35.7838
7.19892 31.978
7.20466 33.3543
7.21039 34.8376
7.21613 32.74
7.22186 34.6605
7.2276 31.0238
7.23334 31.1171
7.23907 32.2198
7.24481 34.5873
7.25054 28.7647
7.25628 33.04
7.26202 33.9369
7.26775 37.3279
7.27349 33.1261
7.27923 33.6237
7.28496 33.5635
7.2907 34.9244
7.29643 33.5922
7.30217 29.8624
7.30791 33.2258
7.31364 34.906
7.31938 35.9663
7.32512 38.2077
7.33085 33.595
7.33659 36.0096
7.34232 38.0571
7.34806 33.6
7.3538 39.2973
7.35953 37.4839
7.36527 38.2578
7.371 38.876
7.37674 40.1058
7.38248 41.5963
7.38821 45.4
7.39395 48.4569
7.39969 60.3333
7.40542 95.3538
7.41116 129.35
7.41689 160.075
7.42263 83.7944
7.42837 64.9206
7.4341 58.2185
7.43984 54.9551
7.44558 52.709
7.45131 56.124
7.45705 59.7182
7.46278 59.6505
7.46852 60.3538
7.47426 59.9402
7.47999 58.0778
7.48573 65.7955
7.49146 67.28
7.4972 62.3455
7.50294 57.3364
7.50867 55
7.51441 51.2941
7.52015 45.4835
7.52588 45.0758
7.53162 40.248
7.53735 40.4107
7.54309 40.2427
7.54883 36.2348
7.55456 38.563
7.5603 37.5618
7.56604 36.9254
7.57177 37.896
7.57751 34.4914
7.58324 37.2233
7.58898 32.9008
7.59472 33.9836
7.60045 34.37
7.60619 37.6423
7.61192 32.8217
7.61766 34.6293
7.6234 34.9208
7.62913 33.9924
7.63487 33.4711
7.64061 35.1275
7.64634 30.6911
7.65208 35.1705
7.65781 33.0593
7.66355 34.5204
7.66929 36.3556
7.67502 38.3871
7.68076 33.1038
7.6865 33.7059
7.69223 34.8321
7.69797 36.1949
7.7037 35.3168
7.70944 35
7.71518 37.0081
7.72091 33.6727
7.72665 36.5812
7.73238 44.6434
7.73812 56.5738
7.74386 74.6186
7.74959 69.6449
7.75533 45.024
7.76107 39.875
7.7668 42.5652
7.77254 36.771
7.77827 38.082
7.78401 37.3434
7.78975 35
7.79548 40.0938
7.80122 40.8103
7.80696 41.0721
7.81269 41.4286
7.81843 41.4516
7.82416 44.1263
7.8299 38.3214
7.83564 40.4016
7.84137 36.4828
7.84711 36.2523
7.85284 31.6183
7.85858 34.3984
7.86432 33.3093
7.87005 31.259
7.87579 31.5625
7.88153 29.0656
7.88726 28.7383
7.893 31.0296
7.89873 29.3125
7.90447 31.1765
7.91021 29.9173
7.91594 27.7023
7.92168 30.35
7.92742 30.2095
7.93315 25.5328
7.93889 27.9048
7.94462 28.4211
7.95036 25.5164
7.9561 26.5985
7.96183 25.8889
7.96757 26.3333
7.9733 24.8686
7.97904 27.9923
7.98478 27.9911
7.99051 25.712
7.99625 25.3985
8.00199 27.4355
8.00772 25.0297
8.01346 25.4604
8.01919 25.4621
8.02493 24.7797
8.03067 24.5263
8.0364 24.4191
8.04214 25.3672
8.04788 25.3883
8.05361 22.8849
8.05935 23.7647
8.06508 26.2881
8.07082 24.188
8.07656 24.2263
8.08229 23.4453
8.08803 22.8283
8.09376 24.5804
8.0995 22
8.10524 24.3361
8.11097 22.0796
8.11671 23.3285
8.12245 23.2015
8.12818 22.6518
8.13392 25.4773
8.13965 23.6522
8.14539 23.0806
8.15113 18.4865
8.15686 20.7664
8.1626 20.2121
8.16834 16.7966
8.17407 18.7063
8.17981 17.7463
8.18554 17.8769
8.19128 14.4019
8.19702 13.8417
8.20275 11.0149
8.20849 12.8644
8.21422 10.7581
8.21996 7.10145
8.2257 6.96875
8.23143 10.3832
8.23717 4.27972
8.24291 5.30864
8.24864 4.67273
8.25438 5.23684
8.26011 -1.42105
8.26585 18.2222
8.27159 0
8.27732 0
8.28306 0
8.2888 0
8.29453 0
8.30027 0
8.306 0
8.31174 0
8.31748 0
8.32321 0
8.32895 0
8.33468 0
8.34042 0
8.34616 0
8.35189 0
8.35763 0
8.36337 0
8.3691 0
8.37484 0
8.38057 0
8.38631 0
8.39205 0
8.39778 0
8.40352 0
8.40926 0
8.41499 0
8.42073 0
8.42646 0
8.4322 0
8.43794 0
8.44367 0
8.44941 0
8.45514 0
8.46088 0
8.46662 0
8.47235 0
8.47809 0
8.48383 0
8.48956 0
8.4953 0
8.50103 0
8.50677 0
8.51251 0
8.51824 0
8.52398 0
8.52972 0
8.53545 0
8.54119 0
8.54692 0
8.55266 0
8.5584 0
8.56413 0
8.56987 0
8.5756 0
8.58134 0
8.58708 0
8.59281 0
8.59855 0
8.60429 0
8.61002 0
8.61576 0
8.62149 0
8.62723 0
8.63297 0
8.6387 0
8.64444 0
8.65018 0
8.65591 0
8.66165 0
8.66738 0
8.67312 0
8.67886 0
8.68459 0
8.69033 0
8.69606 0
8.7018 0
8.70754 0
8.71327 0
8.71901 0
8.72475 0
8.73048 0
8.73622 0
8.74195 0
8.74769 0
8.75343 0
8.75916 0
8.7649 0
8.77064 0
8.77637 0
8.78211 0
8.78784 0
8.79358 0
8.79932 0
8.80505 0
8.81079 0
8.81652 0
8.82226 0
8.828 0
8.83373 0
8.83947 0
8.84521 0
8.85094 0
8.85668 0
8.86241 0
8.86815 0
8.87389 0
8.87962 0
8.88536 0
8.8911 0
8.89683 0
8.90257 0
8.9083 0
8.91404 0
8.91978 0
8.92551 0
8.93125 0
8.93698 0
8.94272 0
8.94846 0
8.95419 0
8.95993 0
8.96567 0
8.9714 0
8.97714 0
8.98287 0
8.98861 0
8.99435 0
9.00008 0
9.00582 0
9.01156 0
9.01729 0
9.02303 0
9.02876 0
9.0345 0
9.04024 0
9.04597 0
9.05171 0
9.05744 0
9.06318 0
9.06892 0
9.07465 0
9.08039 0
9.08613 0
9.09186 0
9.0976 0
9.10333 0
9.10907 0
9.11481 0
9.12054 0
9.12628 0
9.13202 0
9.13775 0
9.14349 0
9.14922 0
9.15496 0
9.1607 0
9.16643 0
9.17217 0
9.1779 0
9.18364 0
9.18938 0
9.19511 0
9.20085 0
9.20659 0
9.21232 0
9.21806 0
9.22379 0
9.22953 0
9.23527 0
9.241 0
9.24674 0
9.25248 0
9.25821 0
9.26395 0
9.26968 0
9.27542 0
9.28116 0
9.28689 0
9.29263 0
9.29836 0
9.3041 0
9.30984 0
9.31557 0
9.32131 0
9.32705 0
9.33278 0
9.33852 0
9.34425 0
9.34999 0
9.35573 0
9.36146 0
9.3672 0
9.37294 0
9.37867 0
9.38441 0
9.39014 0
9.39588 0
9.40162 0
9.40735 0
9.41309 0
9.41882 0
9.42456 0
9.4303 0
9.43603 0
9.44177 0
9.44751 0
9.45324 0
9.45898 0
9.46471 0
9.47045 0
9.47619 0
9.48192 0
9.48766 0
9.4934 0
9.49913 0
9.50487 0
9.5106 0
9.51634 0
9.52208 0
9.52781 0
9.53355 0
9.53928 0
9.54502 0
9.55076 0
9.55649 0
9.56223 0
9.56797 0
9.5737 0
9.57944 0
9.58517 0
9.59091 0
9.59665 0
9.60238 0
9.60812 0
9.61386 0
9.61959 0
9.62533 0
9.63106 0
9.6368 0
9.64254 0
9.64827 0
9.65401 0
9.65974 0
9.66548 0
9.67122 0
9.67695 0
9.68269 0
9.68843 0
9.69416 0
9.6999 0
9.70563 0
9.71137 0
9.71711 0
9.72284 0
9.72858 0
9.73432 0
9.74005 0
9.74579 0
9.75152 0
9.75726 0
9.763 0
9.76873 0
9.77447 0
9.7802 0
9.78594 0
9.79168 0
9.79741 0
9.80315 0
9.80889 0
9.81462 0
9.82036 0
9.82609 0
9.83183 0
9.83757 0
9.8433 0
9.84904 0
9.85478 0
9.86051 0
9.86625 0
9.87198 0
9.87772 0
9.88346 0
9.88919 0
9.89493 0
9.90066 0
9.9064 0
9.91214 0
9.91787 0
9.92361 0
9.92935 0
9.93508 0
9.94082 0
9.94655 0
9.95229 0
9.95803 0
9.96376 0
9.9695 0
9.97524 0
9.98097 0
9.98671 0
9.99244 0
9.99818 0
10.0039 0
10.0097 0
10.0154 0
10.0211 0
10.0269 0
10.0326 0
10.0383 0
10.0441 0
10.0498 0
10.0555 0
10.0613 0
10.067 0
10.0728 0
10.0785 0
10.0842 0
10.09 0
10.0957 0
10.1014 0
10.1072 0
10.1129 0
10.1186 0
10.1244 0
10.1301 0
10.1358 0
10.1416 0
10.1473 0
10.1531 0
10.1588 0
10.1645 0
10.1703 0
10.176 0
10.1817 0
10.1875 0
10.1932 0
10.1989 0
10.2047 0
10.2104 0
10.2162 0
10.2219 0
10.2276 0
10.2334 0
10.2391 0
10.2448 0
10.2506 0
10.2563 0
10.262 0
10.2678 0
10.2735 0
10.2793 0
10.285 0
10.2907 0
10.2965 0
10.3022 0
10.3079 0
10.3137 0
10.3194 0
10.3251 0
10.3309 0
10.3366 0
10.3424 0
10.3481 0
10.3538 0
10.3596 0
10.3653 0
10.371 0
10.3768 0
10.3825 0
10.3882 0
10.394 0
10.3997 0
10.4054 0
10.4112 0
10.4169 0
10.4227 0
10.4284 0
10.4341 0
10.4399 0
10.4456 0
10.4513 0
10.4571 0
10.4628 0
10.4685 0
10.4743 0
10.48 0
10.4858 0
10.4915 0
10.4972 0
10.503 0
10.5087 0
10.5144 0
10.5202 0
10.5259 0
10.5316 0
10.5374 0
10.5431 0
10.5489 0
10.5546 0
10.5603 0
10.5661 0
10.5718 0
10.5775 0
10.5833 0
10.589 0
10.5947 0
10.6005 0
10.6062 0
10.612 0
10.6177 0
10.6234 0
10.6292 0
10.6349 0
10.6406 0
10.6464 0
10.6521 0
10.6578 0
10.6636 0
10.6693 0
10.6751 0
10.6808 0
10.6865 0
10.6923 0
10.698 0
10.7037 0
10.7095 0
10.7152 0
10.7209 0
10.7267 0
10.7324 0
10.7381 0
10.7439 0
10.7496 0
10.7554 0
10.7611 0
10.7668 0
10.7726 0
10.7783 0
10.784 0
10.7898 0
10.7955 0
10.8012 0
10.807 0
10.8127 0
10.8185 0
10.8242 0
10.8299 0
10.8357 0
10.8414 0
10.8471 0
10.8529 0
10.8586 0
10.8643 0
10.8701 0
10.8758 0
10.8816 0
10.8873 0
10.893 0
10.8988 0
10.9045 0
10.9102 0
10.916 0
10.9217 0
10.9274 0
10.9332 0
10.9389 0
10.9447 0
10.9504 0
10.9561 0
10.9619 0
10.9676 0
10.9733 0
10.9791 0
10.9848 0
10.9905 0
10.9963 0
11.002 0
11.0077 0
11.0135 0
11.0192 0
11.025 0
11.0307 0
11.0364 0
11.0422 0
11.0479 0
11.0536 0
11.0594 0
11.0651 0
11.0708 0
11.0766 0
11.0823 0
11.0881 0
11.0938 0
11.0995 0
11.1053 0
11.111 0
11.1167 0
11.1225 0
11.1282 0
11.1339 0
11.1397 0
11.1454 0
11.1512 0
11.1569 0
11.1626 0
11.1684 0
11.1741 0
11.1798 0
11.1856 0
11.1913 0
11.197 0
11.2028 0
11.2085 0
11.2143 0
11.22 0
11.2257 0
11.2315 0
11.2372 0
11.2429 0
11.2487 0
11.2544 0
11.2601 0
11.2659 0
11.2716 0
11.2774 0
11.2831 0
11.2888 0
11.2946 0
11.3003 0
11.306 0
11.3118 0
11.3175 0
11.3232 0
11.329 0
11.3347 0
11.3404 0
11.3462 0
11.3519 0
11.3577 0
11.3634 0
11.3691 0
11.3749 0
11.3806 0
11.3863 0
11.3921 0
11.3978 0
11.4035 0
11.4093 0
11.415 0
11.4208 0
11.4265 0
11.4322 0
11.438 0
11.4437 0
11.4494 0
11.4552 0
11.4609 0
11.4666 0
11.4724 0
11.4781 0
11.4839 0
11.4896 0
11.4953 0
11.5011 0
11.5068 0
11.5125 0
11.5183 0
11.524 0
11.5297 0
11.5355 0
11.5412 0
11.547 0
11.5527 0
11.5584 0
11.5642 0
11.5699 0
11.5756 0
11.5814 0
11.5871 0
11.5928 0
11.5986 0
11.6043 0
11.61 0
11.6158 0
11.6215 0
11.6273 0
11.633 0
11.6387 0
11.6445 0
11.6502 0
11.6559 0
11.6617 0
11.6674 0
11.6731 0
11.6789 0
11.6846 0
11.6904 0
11.6961 0
11.7018 0
11.7076 0
11.7133 0
11.719 0
11.7248 0
11.7305 0
11.7362 0
11.742 0
