0 3.003
0.00573619 8.008
0.0114724 33.033
0.0172086 0
0.0229448 35.035
0.028681 -4.004
0.0344171 0
0.0401533 10.01
0.0458895 -9.009
0.0516257 8.008
0.0573619 0
0.0630981 15.015
0.0688343 2.002
0.0745705 0
0.0803067 15.015
0.0860429 25.025
0.091779 0
0.0975152 6.33967
0.103251 -1.33467
0.108988 7.007
0.114724 0
0.12046 11.011
0.126196 -11.6783
0.131932 0
0.137669 0
0.143405 -1.001
0.149141 -7.007
0.154877 -3.5035
0.160613 4.004
0.16635 3.003
0.172086 0
0.177822 11.3447
0.183558 17.2172
0.189294 0
0.19503 6.6066
0.200767 -3.003
0.206503 -13.6803
0.212239 -4.5045
0.217975 2.8028
0.223711 -1.6016
0.229448 0
0.235184 1.2012
0.24092 10.01
0.246656 0
0.252392 11.6116
0.258129 14.014
0.263865 -2.002
0.269601 0
0.275337 34.6346
0.281073 16.302
0.28681 0
0.292546 24.596
0.298282 16.731
0.304018 31.031
0.309754 0.75075
0.31549 14.586
0.321227 23.738
0.326963 0
0.332699 11.726
0.338435 14.3
0.344171 0
0.349908 6.292
0.355644 19.448
0.36138 9.8098
0.367116 27.027
0.372852 13.1242
0.378589 13.585
0.384325 -8.5085
0.390061 13.4579
0.395797 13.7916
0.401533 0
0.40727 12.6793
0.413006 27.4719
0.418742 19.305
0.424478 -10.01
0.430214 11.7896
0.43595 13.1242
0.441687 0
0.447423 11.4559
0.453159 22.022
0.458895 7.34067
0.464631 20.735
0.470368 10.283
0.476104 17.2394
0.48184 24.5245
0.487576 20.384
0.493312 24.206
0.499049 0
0.504785 8.645
0.510521 23.296
0.516257 22.022
0.521993 15.6823
0.52773 23.842
0.533466 20.02
0.539202 37.037
0.544938 13.559
0.550674 21.112
0.55641 0
0.562147 28.105
0.567883 20.328
0.573619 25.025
0.579355 25.6923
0.585091 18.942
0.590828 37.401
0.596564 31.031
0.6023 40.117
0.608036 37.653
0.613772 21.6216
0.619509 31.1561
0.625245 17.864
0.630981 20.9098
0.636717 18.018
0.642453 19.25
0.64819 20.867
0.653926 30.03
0.659662 22.8228
0.665398 28.6953
0.671134 22.022
0.67687 27.4024
0.682607 18.3517
0.688343 21.567
0.694079 23.7738
0.699815 26.3597
0.705551 21.4214
0.711288 1.001
0.717024 6.9355
0.72276 18.3517
0.728496 12.012
0.734232 13.013
0.739969 17.7052
0.745705 20.405
0.751441 12.012
0.757177 13.9551
0.762913 21.0799
0.76865 12.012
0.774386 17.2673
0.780122 9.12676
0.785858 18.109
0.791594 15.5155
0.79733 17.2525
0.803067 16.2829
0.808803 22.5225
0.814539 15.2505
0.820275 18.2535
0.826011 26.1372
0.831748 16.8919
0.837484 14.9038
0.84322 8.393
0.848956 24.5245
0.854692 21.7586
0.860429 14.7206
0.866165 15.015
0.871901 14.014
0.877637 19.019
0.883373 18.473
0.88911 29.9049
0.894846 11.2217
0.900582 12.8128
0.906318 12.7627
0.912054 20.9683
0.91779 18.7246
0.923527 11.2334
0.929263 15.785
0.934999 20.1153
0.940735 12.474
0.946471 21.6466
0.952208 13.299
0.957944 24.7895
0.96368 17.017
0.969416 15.015
0.975152 22.6542
0.980889 18.291
0.986625 8.92558
0.992361 12.441
0.998097 25.7591
1.00383 25.025
1.00957 20.163
1.01531 17.4881
1.02104 17.1171
1.02678 23.1408
1.03251 17.16
1.03825 17.171
1.04399 27.1104
1.04972 21.6303
1.05546 20.1966
1.0612 26.026
1.06693 17.4957
1.07267 22.6015
1.0784 21.329
1.08414 24.5245
1.08988 25.5037
1.09561 18.2849
1.10135 21.6466
1.10708 23.5453
1.11282 24.024
1.11856 32.318
1.12429 21.6616
1.13003 19.734
1.13577 27.2272
1.1415 14.014
1.14724 18.058
1.15297 15.7491
1.15871 13.2132
1.16445 16.8568
1.17018 18.1761
1.17592 18.865
1.18166 15.0706
1.18739 19.4542
1.19313 18.018
1.19886 23.3567
1.2046 20.7407
1.21034 20.1312
1.21607 23.9128
1.22181 17.9439
1.22754 22.0697
1.23328 20.9621
1.23902 25.1501
1.24475 11.8118
1.25049 17.017
1.25623 22.7728
1.26196 21.9108
1.2677 20.5468
1.27343 16.863
1.27917 21.7945
1.28491 9.4007
1.29064 19.5489
1.29638 19.591
1.30212 20.4649
1.30785 17.7956
1.31359 24.5245
1.31932 15.1531
1.32506 16.5403
1.3308 21.1388
1.33653 16.6667
1.34227 14.4945
1.348 23.8133
1.35374 21.164
1.35948 16.1272
1.36521 11.6307
1.37095 16.8168
1.37669 18.5358
1.38242 10.9675
1.38816 21.2565
1.39389 20.9156
1.39963 14.7184
1.40537 15.8659
1.4111 21.164
1.41684 15.2221
1.42258 15.9725
1.42831 17.3703
1.43405 18.2682
1.43978 17.8578
1.44552 16.159
1.45126 18.5185
1.45699 23.092
1.46273 13.1083
1.46846 21.021
1.4742 19.4388
1.47994 21.8914
1.48567 19.7698
1.49141 19.2097
1.49715 22.5781
1.50288 20.1506
1.50862 18.7687
1.51435 20.1236
1.52009 19.8598
1.52583 17.6176
1.53156 24.4578
1.5373 15.6156
1.54304 15.158
1.54877 19.5695
1.55451 17.8109
1.56024 15.929
1.56598 13.3705
1.57172 22.7324
1.57745 18.9389
1.58319 22.0721
1.58892 21.9419
1.59466 16.9429
1.6004 13.0931
1.60613 19.5195
1.61187 12.5286
1.61761 14.975
1.62334 12.7985
1.62908 23.5387
1.63481 19.7976
1.64055 21.4997
1.64629 17.5175
1.65202 16.5338
1.65776 19.3393
1.6635 14.6396
1.66923 20.8273
1.67497 21.021
1.6807 16.3163
1.68644 19.591
1.69218 16.1196
1.69791 21.1411
1.70365 18.7005
1.70938 14.9827
1.71512 18.6483
1.72086 20.3954
1.72659 19.838
1.73233 20.6068
1.73807 17.5393
1.7438 22.2915
1.74954 19.951
1.75527 15.4228
1.76101 20.4942
1.76675 18.928
1.77248 18.3755
1.77822 21.4214
1.78396 20.4871
1.78969 21.3439
1.79543 16.9429
1.80116 18.1431
1.8069 21.0856
1.81264 21.3317
1.81837 24.6913
1.82411 19.7912
1.82984 23.3682
1.83558 21.9019
1.84132 15.9775
1.84705 19.245
1.85279 20.3537
1.85853 24.2851
1.86426 19.201
1.87 17.651
1.87573 20.5761
1.88147 19.0762
1.88721 24.206
1.89294 28.3246
1.89868 30.03
1.90442 23.751
1.91015 20.4398
1.91589 23.2733
1.92162 25.9688
1.92736 31.5476
1.9331 55.6956
1.93883 39.325
1.94457 34.9137
1.9503 26.66
1.95604 21.0627
1.96178 28.5874
1.96751 29.6233
1.97325 24.6246
1.97899 19.1002
1.98472 21.385
1.99046 26.2331
1.99619 27.6815
2.00193 25.6542
2.00767 20.4721
2.0134 20.0617
2.01914 23.738
2.02488 24.6307
2.03061 22.7027
2.03635 21.6779
2.04208 21.1976
2.04782 21.8656
2.05356 19.2693
2.05929 22.2444
2.06503 21.736
2.07076 21.7945
2.0765 19.1002
2.08224 19.5624
2.08797 20.089
2.09371 24.596
2.09945 22.5901
2.10518 24.6307
2.11092 25.1918
2.11665 21.3456
2.12239 21.2784
2.12813 23.5453
2.13386 23.3289
2.1396 24.6079
2.14534 22.3035
2.15107 16.4395
2.15681 18.3078
2.16254 27.5681
2.16828 24.2515
2.17402 24.2807
2.17975 23.0771
2.18549 22.797
2.19122 20.4538
2.19696 22.1573
2.2027 19.9628
2.20843 19.3527
2.21417 40.117
2.21991 67.4728
2.22564 69.433
2.23138 88.0129
2.23711 44.0967
2.24285 42.6014
2.24859 26.4907
2.25432 27.1553
2.26006 22.715
2.2658 27.0725
2.27153 24.0972
2.27727 18.0693
2.283 26.4781
2.28874 24.6496
2.29448 23.8187
2.30021 25.6472
2.30595 20.3665
2.31168 21.2007
2.31742 20.0457
2.32316 20.111
2.32889 25.0965
2.33463 26.5765
2.34037 20.1868
2.3461 17.9823
2.35184 22.5574
2.35757 25.7014
2.36331 19.2885
2.36905 20.6792
2.37478 24.61
2.38052 23.023
2.38626 14.4851
2.39199 24.5827
2.39773 22.6172
2.40346 24.717
2.4092 21.0676
2.41494 22.4725
2.42067 22.659
2.42641 27.1408
2.43214 22.1888
2.43788 18.018
2.44362 19.8323
2.44935 21.2879
2.45509 23.8443
2.46083 25.102
2.46656 25.3142
2.4723 22.0708
2.47803 18.1561
2.48377 19.1441
2.48951 23.1161
2.49524 23.1
2.50098 21.252
2.50672 24.3069
2.51245 22.7847
2.51819 22.6893
2.52392 19.933
2.52966 21.9083
2.5354 25.48
2.54113 20.882
2.54687 24.3799
2.5526 23.1695
2.55834 25.564
2.56408 24.3009
2.56981 23.9774
2.57555 23.1956
2.58129 25.9307
2.58702 26.5154
2.59276 19.4789
2.59849 22.8979
2.60423 21.4127
2.60997 20.475
2.6157 23.1898
2.62144 22.1888
2.62718 22.6183
2.63291 21.7646
2.63865 25.2196
2.64438 29.0929
2.65012 24.2926
2.65586 24.8248
2.66159 18.8273
2.66733 21.3324
2.67306 27.5876
2.6788 21.2921
2.68454 22.5331
2.69027 19.558
2.69601 23.933
2.70175 25.0667
2.70748 21.8885
2.71322 21.1693
2.71895 26.6933
2.72469 19.8361
2.73043 28.1138
2.73616 22.4962
2.7419 22.165
2.74764 25.3742
2.75337 22.8228
2.75911 23.6563
2.76484 19.9996
2.77058 26.6099
2.77632 24.5551
2.78205 26.1862
2.78779 21.0467
2.79352 24.2814
2.79926 24.7747
2.805 28.1392
2.81073 29.9188
2.81647 29.5956
2.82221 20.5103
2.82794 22.4278
2.83368 21.8639
2.83941 23.9673
2.84515 27.2467
2.85089 26.1824
2.85662 27.6314
2.86236 25.3723
2.8681 23.2733
2.87383 24.4773
2.87957 24.4845
2.8853 26.9538
2.89104 23.8887
2.89678 26.2763
2.90251 21.3992
2.90825 24.4727
2.91398 24.8612
2.91972 27.7336
2.92546 23.9428
2.93119 29.0052
2.93693 25.9127
2.94267 21.7328
2.9484 25.9947
2.95414 25.4027
2.95987 28.0689
2.96561 23.408
2.97135 25.6327
2.97708 28.5656
2.98282 23.793
2.98856 22.8433
2.99429 24.1723
3.00003 23.7897
3.00576 33.033
3.0115 26.936
3.01724 24.194
3.02297 23.023
3.02871 24.6383
3.03444 23.9694
3.04018 27.5164
3.04592 28.028
3.05165 28.6286
3.05739 26.7718
3.06313 27.3031
3.06886 27.0806
3.0746 28.7924
3.08033 28.7105
3.08607 28.4609
3.09181 30.5305
3.09754 31.746
3.10328 30.0926
3.10902 32.7955
3.11475 34.5628
3.12049 36.2927
3.12622 30.7263
3.13196 33.0512
3.1377 38.1445
3.14343 32.4491
3.14917 48.9963
3.1549 47.891
3.16064 36.036
3.16638 37.3373
3.17211 33.5426
3.17785 34.8302
3.18359 33.0574
3.18932 29.6058
3.19506 35.1576
3.20079 33.5335
3.20653 32.7276
3.21227 33.2596
3.218 36.3534
3.22374 36.5574
3.22948 33.2536
3.23521 33.0552
3.24095 39.1971
3.24668 35.4187
3.25242 35.5261
3.25816 34.1812
3.26389 30.9608
3.26963 35.8077
3.27536 38.2774
3.2811 34.2049
3.28684 37.6278
3.29257 36.3424
3.29831 40.6517
3.30405 40.7073
3.30978 39.0754
3.31552 38.2242
3.32125 35.0559
3.32699 39.8995
3.33273 37.7828
3.33846 38.4068
3.3442 34.9704
3.34994 38.5091
3.35567 41.0937
3.36141 38.6148
3.36714 43.1835
3.37288 40.5614
3.37862 39.0845
3.38435 39.5149
3.39009 42.9486
3.39582 33.3111
3.40156 42.9794
3.4073 38.5476
3.41303 38.9325
3.41877 40.2485
3.42451 44.8645
3.43024 39.5497
3.43598 38.4286
3.44171 46.189
3.44745 42.4889
3.45319 38.7768
3.45892 47.866
3.46466 49.7107
3.4704 41.1611
3.47613 49.5267
3.48187 45.7282
3.4876 50.2389
3.49334 45.8353
3.49908 48.8697
3.50481 47.8899
3.51055 46.9405
3.51628 48.2282
3.52202 50.5423
3.52776 50.569
3.53349 49.7326
3.53923 51.7748
3.54497 52.0705
3.5507 49.3201
3.55644 48.9216
3.56217 50.4911
3.56791 53.8274
3.57365 49.3101
3.57938 54.9626
3.58512 54.327
3.59086 59.5068
3.59659 52.9783
3.60233 55.2077
3.60806 61.3162
3.6138 57.4949
3.61954 62.1891
3.62527 57.772
3.63101 57.7894
3.63674 60.2094
3.64248 63.8569
3.64822 64.8982
3.65395 68.4895
3.65969 70.2341
3.66543 70.8344
3.67116 72.7901
3.6769 75.2339
3.68263 78.1108
3.68837 81.4498
3.69411 85.0995
3.69984 90.4463
3.70558 86.9548
3.71132 86.086
3.71705 83.93
3.72279 85.3174
3.72852 84.1538
3.73426 87.9685
3.74 92.0274
3.74573 87.5274
3.75147 93.3075
3.7572 99.1943
3.76294 98.5052
3.76868 105.924
3.77441 107.077
3.78015 111.128
3.78589 117.032
3.79162 118.259
3.79736 118.483
3.80309 128.378
3.80883 134.428
3.81457 138.939
3.8203 158.041
3.82604 182.205
3.83178 178.686
3.83751 228.955
3.84325 341.716
3.84898 456.79
3.85472 1363.43
3.86046 3235.18
3.86619 1678.31
3.87193 3179.5
3.87766 913.732
3.8834 435.926
3.88914 386.369
3.89487 380.103
3.90061 377.41
3.90635 384.609
3.91208 382.905
3.91782 377.518
3.92355 364.193
3.92929 328.018
3.93503 294.763
3.94076 265.791
3.9465 244.8
3.95224 221.101
3.95797 200.518
3.96371 182.639
3.96944 165.814
3.97518 159.826
3.98092 146.128
3.98665 141.935
3.99239 132.25
3.99812 129
4.00386 120.958
4.0096 119.337
4.01533 111.111
4.02107 109.429
4.02681 109.519
4.03254 104.893
4.03828 101.495
4.04401 99.5033
4.04975 98.7747
4.05549 95.6186
4.06122 92.3749
4.06696 92.5852
4.0727 91.5552
4.07843 88.4217
4.08417 85.8715
4.0899 94.0204
4.09564 84.866
4.10138 79.4193
4.10711 80.5527
4.11285 83.5077
4.11858 82.3501
4.12432 78.4816
4.13006 84.6643
4.13579 76.6639
4.14153 80.8692
4.14727 78.7088
4.153 79.333
4.15874 80.3303
4.16447 75.9937
4.17021 78.9098
4.17595 81.6138
4.18168 73.6271
4.18742 79.6081
4.19316 78.2448
4.19889 76.116
4.20463 70.5705
4.21036 78.3577
4.2161 78.6285
4.22184 74.0395
4.22757 76.1857
4.23331 70.6377
4.23904 78.3182
4.24478 74.6079
4.25052 76.8014
4.25625 73.4734
4.26199 78.8288
4.26773 80.0383
4.27346 78.533
4.2792 81.51
4.28493 79.9966
4.29067 81.0953
4.29641 80.2468
4.30214 85.1245
4.30788 85.3567
4.31362 102.656
4.31935 84.7096
4.32509 121.228
4.33082 96.183
4.33656 87.2872
4.3423 95.2952
4.34803 93.1479
4.35377 96.3866
4.3595 101.902
4.36524 116.035
4.37098 114.186
4.37671 114.948
4.38245 126.654
4.38819 130.978
4.39392 125.301
4.39966 140.677
4.40539 161.759
4.41113 169.923
4.41687 178.4
4.4226 240.11
4.42834 317.098
4.43408 439.877
4.43981 1099.5
4.44555 3468.83
4.45128 9871.55
4.45702 9576.65
4.46276 9375.67
4.46849 5254.86
4.47423 1103.53
4.47996 845.805
4.4857 422.517
4.49144 280.188
4.49717 224.574
4.50291 220.818
4.50865 197.93
4.51438 176.349
4.52012 181.992
4.52585 169.076
4.53159 150.045
4.53733 154.297
4.54306 139.89
4.5488 134.433
4.55454 117.574
4.56027 114.364
4.56601 107.08
4.57174 91.399
4.57748 97.4692
4.58322 89.6922
4.58895 83.2623
4.59469 79.6205
4.60042 76.8363
4.60616 74.114
4.6119 73.7937
4.61763 71.481
4.62337 66.092
4.62911 67.0511
4.63484 65.7845
4.64058 65.6632
4.64631 58.2248
4.65205 58.2189
4.65779 57.7202
4.66352 57.288
4.66926 53.8079
4.675 56.1406
4.68073 51.4873
4.68647 50.5574
4.6922 47.7891
4.69794 50.2972
4.70368 48.438
4.70941 48.4084
4.71515 42.831
4.72088 45.6912
4.72662 46.6988
4.73236 46.9199
4.73809 46.0338
4.74383 46.1743
4.74957 43.351
4.7553 45.045
4.76104 43.8188
4.76677 48.4663
4.77251 48.3098
4.77825 39.9668
4.78398 47.4474
4.78972 42.6855
4.79546 41.5592
4.80119 37.8859
4.80693 39.7166
4.81266 39.9113
4.8184 36.3697
4.82414 38.3671
4.82987 41.5333
4.83561 37.0728
4.84134 39.4269
4.84708 35.7716
4.85282 42.1833
4.85855 44.2027
4.86429 47.4277
4.87003 37.3324
4.87576 36.0705
4.8815 39.8246
4.88723 37.6302
4.89297 36.2244
4.89871 38.243
4.90444 36.2757
4.91018 34.7165
4.91592 35.9526
4.92165 31.5885
4.92739 34.473
4.93312 37.2232
4.93886 37.9665
4.9446 31.7332
4.95033 34.5979
4.95607 32.9632
4.9618 32.461
4.96754 33.0839
4.97328 36.8069
4.97901 36.6149
4.98475 39.7446
4.99049 36.5622
4.99622 37.2901
5.00196 36.6805
5.00769 33.8433
5.01343 34.8758
5.01917 30.0782
5.0249 33.9773
5.03064 33.5224
5.03638 33.4287
5.04211 33.8738
5.04785 31.878
5.05358 33.033
5.05932 29.9806
5.06506 30.8929
5.07079 32.167
5.07653 32.2391
5.08226 30.4671
5.088 32.9043
5.09374 33.5113
5.09947 32.357
5.10521 30.5226
5.11095 28.7509
5.11668 31.7847
5.12242 34.0188
5.12815 29.848
5.13389 32.9551
5.13963 30.745
5.14536 31.2115
5.1511 33.5117
5.15684 30.1868
5.16257 27.1223
5.16831 35.2614
5.17404 33.2804
5.17978 30.927
5.18552 32.9875
5.19125 31.576
5.19699 31.9476
5.20272 32.8294
5.20846 31.118
5.2142 32.0095
5.21993 29.648
5.22567 32.9024
5.23141 28.1368
5.23714 30.1165
5.24288 34.1653
5.24861 31.031
5.25435 28.163
5.26009 33.0189
5.26582 32.9145
5.27156 33.572
5.2773 31.0563
5.28303 30.3688
5.28877 31.8829
5.2945 35.99
5.30024 34.2982
5.30598 31.2591
5.31171 33.3142
5.31745 34.7909
5.32318 32.4016
5.32892 29.3591
5.33466 30.7779
5.34039 26.936
5.34613 31.45
5.35187 31.603
5.3576 33.688
5.36334 33.3818
5.36907 31.3542
5.37481 32.0438
5.38055 31.2443
5.38628 29.9362
5.39202 33.341
5.39776 32.7577
5.40349 30.171
5.40923 32.4282
5.41496 29.2762
5.4207 29.8234
5.42644 33.8297
5.43217 32.0995
5.43791 32.0067
5.44364 30.4764
5.44938 30.9381
5.45512 29.8941
5.46085 29.757
5.46659 31.7154
5.47233 33.0105
5.47806 29.8719
5.4838 29.2638
5.48953 32.6132
5.49527 34.2485
5.50101 30.8517
5.50674 29.9585
5.51248 29.4564
5.51822 27.4599
5.52395 30.03
5.52969 29.7717
5.53542 27.8396
5.54116 28.8965
5.5469 30.1008
5.55263 32.0208
5.55837 33.6725
5.5641 30.2437
5.56984 31.6445
5.57558 31.8175
5.58131 33.1701
5.58705 31.7084
5.59279 30.8717
5.59852 33.033
5.60426 15.7357
5.60999 26.7794
5.61573 27.8937
5.62147 25.6309
5.6272 31.2064
5.63294 32.055
5.63868 32.3505
5.64441 30.7634
5.65015 33.1729
5.65588 33.1641
5.66162 30.758
5.66736 33.0633
5.67309 31.9854
5.67883 31.2631
5.68456 30.2976
5.6903 31.0755
5.69604 30.5793
5.70177 34.3234
5.70751 30.9046
5.71325 32.5325
5.71898 34.1035
5.72472 33.1543
5.73045 33.5389
5.73619 32.6655
5.74193 32.6618
5.74766 33.9602
5.7534 35.0009
5.75914 30.8759
5.76487 33.0925
5.77061 34.4493
5.77634 32.802
5.78208 34.3152
5.78782 31.9082
5.79355 34.7324
5.79929 30.1368
5.80502 33.3898
5.81076 33.8833
5.8165 34.0874
5.82223 34.0966
5.82797 35.9431
5.83371 32.2182
5.83944 33.5272
5.84518 34.944
5.85091 35.5146
5.85665 35.3738
5.86239 34.6441
5.86812 32.0524
5.87386 33.1727
5.8796 36.0613
5.88533 33.5285
5.89107 36.3951
5.8968 32.3947
5.90254 35.8453
5.90828 34.8227
5.91401 35.0586
5.91975 36.5975
5.92548 32.7398
5.93122 37.612
5.93696 37.229
5.94269 34.4058
5.94843 37.9859
5.95417 35.5583
5.9599 35.2234
5.96564 36.582
5.97137 38.0167
5.97711 38.0106
5.98285 36.726
5.98858 39.1003
5.99432 39.5925
6.00006 39.2614
6.00579 38.1391
6.01153 38.7914
6.01726 35.6489
6.023 40.3927
6.02874 40.5509
6.03447 39.4485
6.04021 40.9187
6.04594 39.4271
6.05168 40.7699
6.05742 42.289
6.06315 41.4223
6.06889 39.821
6.07463 39.8136
6.08036 41.9781
6.0861 39.4169
6.09183 41.1132
6.09757 43.0687
6.10331 45.6265
6.10904 43.0743
6.11478 47.1518
6.12052 47.0053
6.12625 44.5345
6.13199 44.8533
6.13772 48.0236
6.14346 45.0941
6.1492 45.1951
6.15493 45.7707
6.16067 50.3248
6.1664 47.3024
6.17214 48.261
6.17788 48.7153
6.18361 49.1753
6.18935 50.4544
6.19509 52.9854
6.20082 50.2612
6.20656 54.2306
6.21229 52.4899
6.21803 52.7844
6.22377 56.4715
6.2295 56.8268
6.23524 61.9819
6.24098 59.2978
6.24671 62.0718
6.25245 62.7755
6.25818 65.5771
6.26392 67.4694
6.26966 71.7187
6.27539 71.69
6.28113 74.5883
6.28686 80.3575
6.2926 107.18
6.29834 124.67
6.30407 278.009
6.30981 258.935
6.31555 620.517
6.32128 1199.02
6.32702 561.205
6.33275 253.117
6.33849 160.422
6.34423 117.252
6.34996 112.622
6.3557 110.841
6.36144 110.907
6.36717 112.951
6.37291 113.366
6.37864 112.991
6.38438 113.765
6.39012 114.605
6.39585 122.81
6.40159 117.775
6.40732 109.406
6.41306 102.517
6.4188 94.8665
6.42453 91.5443
6.43027 84.8298
6.43601 80.2631
6.44174 78.5596
6.44748 73.2676
6.45321 70.4001
6.45895 68.884
6.46469 66.638
6.47042 64.2292
6.47616 62.1335
6.4819 62.6808
6.48763 60.5698
6.49337 59.7909
6.4991 55.2763
6.50484 52.4413
6.51058 54.3386
6.51631 53.6608
6.52205 55.5646
6.52778 55.4535
6.53352 54.4892
6.53926 51.7496
6.54499 53.7945
6.55073 51.6049
6.55647 50.8484
6.5622 52.0431
6.56794 51.6442
6.57367 52.2996
6.57941 51.2407
6.58515 50.6041
6.59088 49.9441
6.59662 50.4671
6.60236 47.0821
6.60809 46.3576
6.61383 47.8004
6.61956 45.9222
6.6253 47.5117
6.63104 48.1854
6.63677 46.4883
6.64251 45.2118
6.64824 48.1135
6.65398 43.153
6.65972 47.5082
6.66545 47.3151
6.67119 42.9275
6.67693 45.2196
6.68266 48.5226
6.6884 45.7865
6.69413 45.716
6.69987 46.9984
6.70561 45.9924
6.71134 50.2521
6.71708 44.2715
6.72282 47.7934
6.72855 46.1943
6.73429 44.91
6.74002 45.9138
6.74576 47.6041
6.7515 46.736
6.75723 48.914
6.76297 43.1379
6.7687 44.3211
6.77444 45.4274
6.78018 45.5217
6.78591 46.0633
6.79165 42.5378
6.79739 44.5272
6.80312 43.9211
6.80886 46.2605
6.81459 47.091
6.82033 43.6245
6.82607 45.6059
6.8318 42.757
6.83754 45.8754
6.84328 44.044
6.84901 46.5912
6.85475 44.803
6.86048 46.8633
6.86622 42.275
6.87196 45.2227
6.87769 42.5483
6.88343 46.2241
6.88916 44.3074
6.8949 44.3892
6.90064 47.0204
6.90637 45.4138
6.91211 47.9638
6.91785 49.4172
6.92358 44.1681
6.92932 47.4456
6.93505 47.5531
6.94079 45.86
6.94653 43.3191
6.95226 44.8579
6.958 42.801
6.96374 46.6049
6.96947 44.9748
6.97521 44.506
6.98094 44.035
6.98668 46.4429
6.99242 47.2399
6.99815 47.2495
7.00389 45.3453
7.00962 45.3384
7.01536 48.488
7.0211 43.5253
7.02683 47.687
7.03257 42.9962
7.03831 49.1243
7.04404 42.3374
7.04978 44.4009
7.05551 44.8427
7.06125 46.8174
7.06699 45.2337
7.07272 42.4828
7.07846 43.999
7.0842 46.7598
7.08993 50.4815
7.09567 49.275
7.1014 47.1267
7.10714 47.6274
7.11288 46.6888
7.11861 46.7241
7.12435 48.1045
7.13008 46.7903
7.13582 48.9239
7.14156 46.4067
7.14729 46.7384
7.15303 47.9286
7.15877 47.8327
7.1645 49.6948
7.17024 53.1624
7.17597 50.1521
7.18171 50.7142
7.18745 49.1967
7.19318 53.4047
7.19892 48.257
7.20466 51.1613
7.21039 50.281
7.21613 49.7897
7.22186 50.1143
7.2276 51.2893
7.23334 52.2324
7.23907 53.944
7.24481 52.9259
7.25054 53.8689
7.25628 55.085
7.26202 52.8005
7.26775 51.4448
7.27349 54.9197
7.27923 54.4092
7.28496 54.3162
7.2907 55.9551
7.29643 55.4826
7.30217 54.8162
7.30791 55.2407
7.31364 58.2633
7.31938 61.8483
7.32512 58.4045
7.33085 61.2513
7.33659 62.6203
7.34232 63.5969
7.34806 62.3238
7.3538 66.7694
7.35953 70.1346
7.36527 67.5753
7.371 73.1805
7.37674 75.0076
7.38248 83.1656
7.38821 106.811
7.39395 146.81
7.39969 225.989
7.40542 408.824
7.41116 504.642
7.41689 438.806
7.42263 207.235
7.42837 121.598
7.4341 103.902
7.43984 103.238
7.44558 97.0746
7.45131 92.5635
7.45705 99.3447
7.46278 103.122
7.46852 102.063
7.47426 104.249
7.47999 101.557
7.48573 102.299
7.49146 101.854
7.4972 100.628
7.50294 99.0148
7.50867 95.0168
7.51441 92.4453
7.52015 95.051
7.52588 87.2159
7.53162 82.4744
7.53735 78.936
7.54309 73.5395
7.54883 72.9441
7.55456 73.3001
7.5603 70.5874
7.56604 66.447
7.57177 65.9619
7.57751 65.9193
7.58324 66.2409
7.58898 62.5816
7.59472 59.4446
7.60045 60.7607
7.60619 59.238
7.61192 58.446
7.61766 57.0139
7.6234 59.0491
7.62913 58.8163
7.63487 56.8005
7.64061 59.3142
7.64634 57.7162
7.65208 58.5313
7.65781 57.3285
7.66355 58.3746
7.66929 60.8905
7.67502 60.1165
7.68076 58.1902
7.6865 57.3262
7.69223 60.2969
7.69797 61.6972
7.7037 62.5972
7.70944 61.7258
7.71518 65.2847
7.72091 67.1034
7.72665 73.5436
7.73238 93.2715
7.73812 129.728
7.74386 224.389
7.74959 136.288
7.75533 79.9839
7.76107 68.6847
7.7668 68.686
7.77254 64.064
7.77827 63.5799
7.78401 62.6181
7.78975 64.9019
7.79548 60.0287
7.80122 62.7265
7.80696 69.574
7.81269 62.2426
7.81843 63.951
7.82416 64.0219
7.8299 65.3367
7.83564 60.864
7.84137 59.7148
7.84711 58.7253
7.85284 58.4019
7.85858 57.2056
7.86432 52.8466
7.87005 53.6219
7.87579 49.8936
7.88153 49.0162
7.88726 50.892
7.893 48.2037
7.89873 47.5397
7.90447 48.3522
7.91021 45.2031
7.91594 48.5905
7.92168 46.1461
7.92742 46.3225
7.93315 43.8613
7.93889 45.5217
7.94462 46.766
7.95036 43.9784
7.9561 42.5273
7.96183 42.5663
7.96757 42.6235
7.9733 41.6621
7.97904 43.0276
7.98478 41.6845
7.99051 40.1521
7.99625 40.469
8.00199 40.6454
8.00772 41.4473
8.01346 40.256
8.01919 39.1603
8.02493 39.6752
8.03067 39.8117
8.0364 39.1273
8.04214 39.6881
8.04788 38.4948
8.05361 40.4721
8.05935 37.5669
8.06508 39.6158
8.07082 37.8327
8.07656 36.7009
8.08229 37.6783
8.08803 37.4414
8.09376 40.376
8.0995 37.3252
8.10524 39.3672
8.11097 42.3078
8.11671 36.3356
8.12245 35.7411
8.12818 35.8215
8.13392 34.2312
8.13965 34.9407
8.14539 34.5426
8.15113 33.0961
8.15686 33.5298
8.1626 27.5578
8.16834 27.01
8.17407 26.9237
8.17981 24.3452
8.18554 22.5764
8.19128 22.0968
8.19702 21.6115
8.20275 19.4523
8.20849 19.4686
8.21422 17.7193
8.21996 15.0875
8.2257 14.2251
8.23143 15.2957
8.23717 10.003
8.24291 11.9008
8.24864 10.192
8.25438 8.21874
8.26011 5.79526
8.26585 12.5681
8.27159 0
8.27732 0
8.28306 0
8.2888 0
8.29453 0
8.30027 0
8.306 0
8.31174 0
8.31748 0
8.32321 0
8.32895 0
8.33468 0
8.34042 0
8.34616 0
8.35189 0
8.35763 0
8.36337 0
8.3691 0
8.37484 0
8.38057 0
8.38631 0
8.39205 0
8.39778 0
8.40352 0
8.40926 0
8.41499 0
8.42073 0
8.42646 0
8.4322 0
8.43794 0
8.44367 0
8.44941 0
8.45514 0
8.46088 0
8.46662 0
8.47235 0
8.47809 0
8.48383 0
8.48956 0
8.4953 0
8.50103 0
8.50677 0
8.51251 0
8.51824 0
8.52398 0
8.52972 0
8.53545 0
8.54119 0
8.54692 0
8.55266 0
8.5584 0
8.56413 0
8.56987 0
8.5756 0
8.58134 0
8.58708 0
8.59281 0
8.59855 0
8.60429 0
8.61002 0
8.61576 0
8.62149 0
8.62723 0
8.63297 0
8.6387 0
8.64444 0
8.65018 0
8.65591 0
8.66165 0
8.66738 0
8.67312 0
8.67886 0
8.68459 0
8.69033 0
8.69606 0
8.7018 0
8.70754 0
8.71327 0
8.71901 0
8.72475 0
8.73048 0
8.73622 0
8.74195 0
8.74769 0
8.75343 0
8.75916 0
8.7649 0
8.77064 0
8.77637 0
8.78211 0
8.78784 0
8.79358 0
8.79932 0
8.80505 0
8.81079 0
8.81652 0
8.82226 0
8.828 0
8.83373 0
8.83947 0
8.84521 0
8.85094 0
8.85668 0
8.86241 0
8.86815 0
8.87389 0
8.87962 0
8.88536 0
8.8911 0
8.89683 0
8.90257 0
8.9083 0
8.91404 0
8.91978 0
8.92551 0
8.93125 0
8.93698 0
8.94272 0
8.94846 0
8.95419 0
8.95993 0
8.96567 0
8.9714 0
8.97714 0
8.98287 0
8.98861 0
8.99435 0
9.00008 0
9.00582 0
9.01156 0
9.01729 0
9.02303 0
9.02876 0
9.0345 0
9.04024 0
9.04597 0
9.05171 0
9.05744 0
9.06318 0
9.06892 0
9.07465 0
9.08039 0
9.08613 0
9.09186 0
9.0976 0
9.10333 0
9.10907 0
9.11481 0
9.12054 0
9.12628 0
9.13202 0
9.13775 0
9.14349 0
9.14922 0
9.15496 0
9.1607 0
9.16643 0
9.17217 0
9.1779 0
9.18364 0
9.18938 0
9.19511 0
9.20085 0
9.20659 0
9.21232 0
9.21806 0
9.22379 0
9.22953 0
9.23527 0
9.241 0
9.24674 0
9.25248 0
9.25821 0
9.26395 0
9.26968 0
9.27542 0
9.28116 0
9.28689 0
9.29263 0
9.29836 0
9.3041 0
9.30984 0
9.31557 0
9.32131 0
9.32705 0
9.33278 0
9.33852 0
9.34425 0
9.34999 0
9.35573 0
9.36146 0
9.3672 0
9.37294 0
9.37867 0
9.38441 0
9.39014 0
9.39588 0
9.40162 0
9.40735 0
9.41309 0
9.41882 0
9.42456 0
9.4303 0
9.43603 0
9.44177 0
9.44751 0
9.45324 0
9.45898 0
9.46471 0
9.47045 0
9.47619 0
9.48192 0
9.48766 0
9.4934 0
9.49913 0
9.50487 0
9.5106 0
9.51634 0
9.52208 0
9.52781 0
9.53355 0
9.53928 0
9.54502 0
9.55076 0
9.55649 0
9.56223 0
9.56797 0
9.5737 0
9.57944 0
9.58517 0
9.59091 0
9.59665 0
9.60238 0
9.60812 0
9.61386 0
9.61959 0
9.62533 0
9.63106 0
9.6368 0
9.64254 0
9.64827 0
9.65401 0
9.65974 0
9.66548 0
9.67122 0
9.67695 0
9.68269 0
9.68843 0
9.69416 0
9.6999 0
9.70563 0
9.71137 0
9.71711 0
9.72284 0
9.72858 0
9.73432 0
9.74005 0
9.74579 0
9.75152 0
9.75726 0
9.763 0
9.76873 0
9.77447 0
9.7802 0
9.78594 0
9.79168 0
9.79741 0
9.80315 0
9.80889 0
9.81462 0
9.82036 0
9.82609 0
9.83183 0
9.83757 0
9.8433 0
9.84904 0
9.85478 0
9.86051 0
9.86625 0
9.87198 0
9.87772 0
9.88346 0
9.88919 0
9.89493 0
9.90066 0
9.9064 0
9.91214 0
9.91787 0
9.92361 0
9.92935 0
9.93508 0
9.94082 0
9.94655 0
9.95229 0
9.95803 0
9.96376 0
9.9695 0
9.97524 0
9.98097 0
9.98671 0
9.99244 0
9.99818 0
10.0039 0
10.0097 0
10.0154 0
10.0211 0
10.0269 0
10.0326 0
10.0383 0
10.0441 0
10.0498 0
10.0555 0
10.0613 0
10.067 0
10.0728 0
10.0785 0
10.0842 0
10.09 0
10.0957 0
10.1014 0
10.1072 0
10.1129 0
10.1186 0
10.1244 0
10.1301 0
10.1358 0
10.1416 0
10.1473 0
10.1531 0
10.1588 0
10.1645 0
10.1703 0
10.176 0
10.1817 0
10.1875 0
10.1932 0
10.1989 0
10.2047 0
10.2104 0
10.2162 0
10.2219 0
10.2276 0
10.2334 0
10.2391 0
10.2448 0
10.2506 0
10.2563 0
10.262 0
10.2678 0
10.2735 0
10.2793 0
10.285 0
10.2907 0
10.2965 0
10.3022 0
10.3079 0
10.3137 0
10.3194 0
10.3251 0
10.3309 0
10.3366 0
10.3424 0
10.3481 0
10.3538 0
10.3596 0
10.3653 0
10.371 0
10.3768 0
10.3825 0
10.3882 0
10.394 0
10.3997 0
10.4054 0
10.4112 0
10.4169 0
10.4227 0
10.4284 0
10.4341 0
10.4399 0
10.4456 0
10.4513 0
10.4571 0
10.4628 0
10.4685 0
10.4743 0
10.48 0
10.4858 0
10.4915 0
10.4972 0
10.503 0
10.5087 0
10.5144 0
10.5202 0
10.5259 0
10.5316 0
10.5374 0
10.5431 0
10.5489 0
10.5546 0
10.5603 0
10.5661 0
10.5718 0
10.5775 0
10.5833 0
10.589 0
10.5947 0
10.6005 0
10.6062 0
10.612 0
10.6177 0
10.6234 0
10.6292 0
10.6349 0
10.6406 0
10.6464 0
10.6521 0
10.6578 0
10.6636 0
10.6693 0
10.6751 0
10.6808 0
10.6865 0
10.6923 0
10.698 0
10.7037 0
10.7095 0
10.7152 0
10.7209 0
10.7267 0
10.7324 0
10.7381 0
10.7439 0
10.7496 0
10.7554 0
10.7611 0
10.7668 0
10.7726 0
10.7783 0
10.784 0
10.7898 0
10.7955 0
10.8012 0
10.807 0
10.8127 0
10.8185 0
10.8242 0
10.8299 0
10.8357 0
10.8414 0
10.8471 0
10.8529 0
10.8586 0
10.8643 0
10.8701 0
10.8758 0
10.8816 0
10.8873 0
10.893 0
10.8988 0
10.9045 0
10.9102 0
10.916 0
10.9217 0
10.9274 0
10.9332 0
10.9389 0
10.9447 0
10.9504 0
10.9561 0
10.9619 0
10.9676 0
10.9733 0
10.9791 0
10.9848 0
10.9905 0
10.9963 0
11.002 0
11.0077 0
11.0135 0
11.0192 0
11.025 0
11.0307 0
11.0364 0
11.0422 0
11.0479 0
11.0536 0
11.0594 0
11.0651 0
11.0708 0
11.0766 0
11.0823 0
11.0881 0
11.0938 0
11.0995 0
11.1053 0
11.111 0
11.1167 0
11.1225 0
11.1282 0
11.1339 0
11.1397 0
11.1454 0
11.1512 0
11.1569 0
11.1626 0
11.1684 0
11.1741 0
11.1798 0
11.1856 0
11.1913 0
11.197 0
11.2028 0
11.2085 0
11.2143 0
11.22 0
11.2257 0
11.2315 0
11.2372 0
11.2429 0
11.2487 0
11.2544 0
11.2601 0
11.2659 0
11.2716 0
11.2774 0
11.2831 0
11.2888 0
11.2946 0
11.3003 0
11.306 0
11.3118 0
11.3175 0
11.3232 0
11.329 0
11.3347 0
11.3404 0
11.3462 0
11.3519 0
11.3577 0
11.3634 0
11.3691 0
11.3749 0
11.3806 0
11.3863 0
11.3921 0
11.3978 0
11.4035 0
11.4093 0
11.415 0
11.4208 0
11.4265 0
11.4322 0
11.438 0
11.4437 0
11.4494 0
11.4552 0
11.4609 0
11.4666 0
11.4724 0
11.4781 0
11.4839 0
11.4896 0
11.4953 0
11.5011 0
11.5068 0
11.5125 0
11.5183 0
11.524 0
11.5297 0
11.5355 0
11.5412 0
11.547 0
11.5527 0
11.5584 0
11.5642 0
11.5699 0
11.5756 0
11.5814 0
11.5871 0
11.5928 0
11.5986 0
11.6043 0
11.61 0
11.6158 0
11.6215 0
11.6273 0
11.633 0
11.6387 0
11.6445 0
11.6502 0
11.6559 0
11.6617 0
11.6674 0
11.6731 0
11.6789 0
11.6846 0
11.6904 0
11.6961 0
11.7018 0
11.7076 0
11.7133 0
11.719 0
11.7248 0
11.7305 0
11.7362 0
11.742 0
