0 -7
0.00573619 -20
0.0114724 -6
0.0172086 0
0.0229448 26
0.028681 25
0.0344171 0
0.0401533 27
0.0458895 -3
0.0516257 -19
0.0573619 0
0.0630981 -5
0.0688343 0
0.0745705 0
0.0803067 4
0.0860429 -11
0.091779 0
0.0975152 8.33333
0.103251 -7
0.108988 18
0.114724 0
0.12046 8.66667
0.126196 -8.66667
0.131932 0
0.137669 12
0.143405 -6.33333
0.149141 4
0.154877 -5
0.160613 8.33333
0.16635 -8.66667
0.172086 0
0.177822 -4
0.183558 3
0.189294 0
0.19503 2.8
0.200767 3.4
0.206503 4.33333
0.212239 -1
0.217975 -7.2
0.223711 3.8
0.229448 0
0.235184 10.4
0.24092 -5.8
0.246656 0
0.252392 10.2
0.258129 9.4
0.263865 11.2
0.269601 0
0.275337 1
0.281073 14.7143
0.28681 0
0.292546 13.1429
0.298282 9
0.304018 10.3333
0.309754 12.5
0.31549 -2.42857
0.321227 11.5714
0.326963 0
0.332699 11.7143
0.338435 12.1429
0.344171 0
0.349908 16.1429
0.355644 15.4286
0.36138 18
0.367116 -3.5
0.372852 19.6667
0.378589 11.8571
0.384325 27.5
0.390061 17.7778
0.395797 15.2222
0.401533 0
0.40727 9
0.413006 9.11111
0.418742 9.14286
0.424478 38
0.430214 9.55556
0.43595 9.33333
0.441687 0
0.447423 15.8889
0.453159 23.5556
0.458895 22.6667
0.464631 12.2857
0.470368 12.3636
0.476104 18.8889
0.48184 14.5
0.487576 19.6364
0.493312 11.9091
0.499049 0
0.504785 17.6364
0.510521 15.2727
0.516257 15
0.521993 16.8333
0.52773 19.2727
0.533466 19.7778
0.539202 21.5
0.544938 11.6364
0.550674 20.8182
0.55641 0
0.562147 25.5385
0.567883 17
0.573619 28.8571
0.579355 28.1667
0.585091 28.3846
0.590828 66.4545
0.596564 19.5
0.6023 301.154
0.608036 149.154
0.613772 37
0.619509 32.625
0.625245 18.2308
0.630981 18.6667
0.636717 15
0.642453 17.2308
0.64819 15.7692
0.653926 13
0.659662 17.8
0.665398 21.6667
0.671134 20.1429
0.67687 21
0.682607 11.4
0.688343 20.8182
0.694079 23.75
0.699815 20.7333
0.705551 15.1333
0.711288 2
0.717024 13.8571
0.72276 16.3333
0.728496 9
0.734232 17.3333
0.739969 28.5625
0.745705 20.0769
0.751441 18.75
0.757177 17.1765
0.762913 21.6471
0.76865 27
0.774386 19.0833
0.780122 16.7647
0.785858 12.3636
0.791594 23.5
0.79733 13.9412
0.803067 22.3333
0.808803 8.5
0.814539 17.3529
0.820275 15.9412
0.826011 26.5556
0.831748 23.875
0.837484 19.4444
0.84322 10.4615
0.848956 23.1667
0.854692 21.6842
0.860429 21.7059
0.866165 19
0.871901 11.5
0.877637 17.1053
0.883373 22.5455
0.88911 11
0.894846 11.4737
0.900582 21.6
0.906318 21.25
0.912054 11.6842
0.91779 18.9412
0.923527 16.7778
0.929263 16.7692
0.934999 18.9524
0.940735 14
0.946471 19
0.952208 15
0.957944 17.3529
0.96368 11
0.969416 17.619
0.975152 12.2632
0.980889 24.9091
0.986625 15.25
0.992361 22.9524
0.998097 18.8
1.00383 27.3333
1.00957 12.5714
1.01531 18.1176
1.02104 18.4
1.02678 18.2353
1.03251 16.6667
1.03825 24.3846
1.04399 15.3333
1.04972 21.2174
1.05546 14.3529
1.0612 11.8333
1.06693 16.087
1.07267 19.0526
1.0784 18
1.08414 15.8571
1.08988 17.087
1.09561 17.3333
1.10135 11.625
1.10708 15.2174
1.11282 21.4706
1.11856 18.4286
1.12429 16.04
1.13003 11.9524
1.13577 24.0667
1.1415 15.4286
1.14724 14.92
1.15297 13.8
1.15871 9.4
1.16445 13.2
1.17018 16.5263
1.17592 17.3077
1.18166 11.2778
1.18739 13.4348
1.19313 9.86667
1.19886 19.5833
1.2046 16.32
1.21034 16.6111
1.21607 8.44444
1.22181 19.5926
1.22754 15.0476
1.23328 17.5882
1.23902 15.1875
1.24475 15.08
1.25049 17.6471
1.25623 14.5
1.26196 15.8148
1.2677 16.4737
1.27343 22.9231
1.27917 18.5909
1.28491 16
1.29064 7.47059
1.29638 13.6429
1.30212 15.0741
1.30785 18.5
1.31359 26.6667
1.31932 19.7586
1.32506 20.7143
1.3308 19.4706
1.33653 11.25
1.34227 15.88
1.348 15.8947
1.35374 11
1.35948 14.4444
1.36521 19.381
1.37095 16.2
1.37669 17.6552
1.38242 11.6087
1.38816 14.3529
1.39389 15.1053
1.39963 12.9259
1.40537 18.7
1.4111 13.0714
1.41684 15.2069
1.42258 12.3913
1.42831 16.1765
1.43405 14.4583
1.43978 19.6
1.44552 20.1429
1.45126 11.5625
1.45699 13.4138
1.46273 11.2857
1.46846 8.5
1.4742 14.2903
1.47994 13.6957
1.48567 13.25
1.49141 19.2381
1.49715 18.4444
1.50288 15.8261
1.50862 10.6875
1.51435 12.8621
1.52009 11.4
1.52583 13.4
1.53156 10.3
1.5373 13.2
1.54304 18.4762
1.54877 17.2
1.55451 18.7241
1.56024 16.9565
1.56598 18
1.57172 19.6774
1.57745 10.24
1.58319 16.3
1.58892 24.76
1.59466 17.1111
1.6004 18
1.60613 10.3889
1.61187 14.9032
1.61761 18.76
1.62334 22.2857
1.62908 17.5758
1.63481 18.7778
1.64055 9.13043
1.64629 18.4545
1.65202 16.069
1.65776 14.84
1.6635 10.8125
1.66923 15.871
1.67497 17.5714
1.6807 14.75
1.68644 21.8571
1.69218 18.5862
1.69791 9.88
1.70365 23.3182
1.70938 14.5484
1.71512 19.1852
1.72086 16.5
1.72659 12.6667
1.73233 17.3793
1.73807 11.3043
1.7438 14.9615
1.74954 19.3448
1.75527 14.2963
1.76101 8.68421
1.76675 16.9394
1.77248 19.2143
1.77822 23.95
1.78396 23.3333
1.78969 15.4516
1.79543 18.963
1.80116 20.9167
1.8069 18.8387
1.81264 19.6552
1.81837 21.3889
1.82411 16.5714
1.82984 19.5172
1.83558 19.12
1.84132 19.4615
1.84705 15.5161
1.85279 16.8889
1.85853 18.8696
1.86426 15.2727
1.87 21.8
1.87573 20.4444
1.88147 15.4571
1.88721 15.9091
1.89294 16.1852
1.89868 14.7308
1.90442 19.8788
1.91015 22.6452
1.91589 21.35
1.92162 25.8571
1.92736 29
1.9331 28.88
1.93883 47.0357
1.94457 29.4242
1.9503 27.5333
1.95604 20.375
1.96178 18.1176
1.96751 20.8125
1.97325 22.4
1.97899 16.6216
1.98472 21.2424
1.99046 21.8276
1.99619 20.6538
2.00193 19.2
2.00767 15
2.0134 25.2917
2.01914 21.4571
2.02488 22.2424
2.03061 22.64
2.03635 26.5312
2.04208 14.3529
2.04782 17.0938
2.05356 14.5
2.05929 21.4167
2.06503 13.9429
2.07076 24
2.0765 18.8108
2.08224 14.8857
2.08797 23.3448
2.09371 22.2143
2.09945 16.4865
2.10518 23.1212
2.11092 20.9167
2.11665 24.3514
2.12239 17.6571
2.12813 20.3913
2.13386 15.6667
2.1396 19.5
2.14534 17.6562
2.15107 18.3846
2.15681 16.2895
2.16254 20.3243
2.16828 14.2273
2.17402 21.2051
2.17975 14.7838
2.18549 23.2581
2.19122 17.6333
2.19696 24.6757
2.2027 20.3429
2.20843 23.7083
2.21417 30.4359
2.21991 61.2703
2.22564 48.5
2.23138 91.225
2.23711 55.0263
2.24285 29.4706
2.24859 20.7143
2.25432 22.2308
2.26006 20
2.2658 23.2273
2.27153 18.9756
2.27727 20.1795
2.283 24.5484
2.28874 24.2812
2.29448 22.6923
2.30021 22.3243
2.30595 23.4615
2.31168 20.7179
2.31742 18.8718
2.32316 24
2.32889 20.6667
2.33463 20.75
2.34037 21.6111
2.3461 21.1071
2.35184 21.9535
2.35757 21.4054
2.36331 21.2308
2.36905 23.7805
2.37478 23.3415
2.38052 20.7419
2.38626 20.9412
2.39199 21.814
2.39773 21.8108
2.40346 18.4615
2.4092 13.5814
2.41494 22.7
2.42067 17.3182
2.42641 21.8182
2.43214 17.2143
2.43788 19.4
2.44362 17.3125
2.44935 22.0444
2.45509 18.7949
2.46083 18.8462
2.46656 19.7556
2.4723 20.0976
2.47803 18.0345
2.48377 20.725
2.48951 20.3256
2.49524 18.9744
2.50098 17.4231
2.50672 20.9565
2.51245 24.119
2.51819 22.5417
2.52392 19.8261
2.52966 25.75
2.5354 20.6061
2.54113 21.0556
2.54687 24.3111
2.5526 16.2195
2.55834 23.7692
2.56408 18.5957
2.56981 25.0233
2.57555 19.5172
2.58129 23.4524
2.58702 19.2667
2.59276 18.0541
2.59849 21.5
2.60423 24.0435
2.60997 22.6364
2.6157 20.1667
2.62144 27.2083
2.62718 21.9362
2.63291 23.5429
2.63865 22.25
2.64438 22.1915
2.65012 18.3659
2.65586 23.3667
2.66159 20.9574
2.66733 19.6667
2.67306 24.24
2.6788 21.25
2.68454 20.5745
2.69027 20.1795
2.69601 20.697
2.70175 27.0833
2.70748 22.1556
2.71322 22.8148
2.71895 22.8958
2.72469 19.4082
2.73043 19.6857
2.73616 24.7368
2.7419 25.0816
2.74764 23.907
2.75337 23.6333
2.75911 23.449
2.76484 24.7755
2.77058 23
2.77632 23.3878
2.78205 22.68
2.78779 23.8462
2.79352 20.8857
2.79926 21.5962
2.805 24.1111
2.81073 19.4815
2.81647 19.4151
2.82221 24.2653
2.82794 23.8378
2.83368 22.5789
2.83941 22.4717
2.84515 17.2439
2.85089 22
2.85662 21.3019
2.86236 25.0816
2.8681 21
2.87383 24.6604
2.87957 21.72
2.8853 20.7317
2.89104 30
2.89678 26.3654
2.90251 21.1111
2.90825 21.4138
2.91398 23.3455
2.91972 23.7059
2.92546 23.973
2.93119 24.5
2.93693 24.3208
2.94267 29.6889
2.9484 19.9688
2.95414 24.6981
2.95987 24.7347
2.96561 25.1923
2.97135 27.1964
2.97708 24.9444
2.98282 21.3846
2.98856 21.6154
2.99429 26.3148
3.00003 22.5957
3.00576 24.5938
3.0115 27.7455
3.01724 26.0566
3.02297 26.6486
3.02871 23.4091
3.03444 27.3636
3.04018 25.5111
3.04592 27.2941
3.05165 24.7636
3.05739 26.7059
3.06313 21.9655
3.06886 22.5179
3.0746 24.0727
3.08033 27.9091
3.08607 33.1622
3.09181 32.2143
3.09754 33.0612
3.10328 30.75
3.10902 27.6271
3.11475 30.7547
3.12049 27.2564
3.12622 29.0435
3.13196 30.9818
3.1377 27.4255
3.14343 32.7778
3.14917 37.4561
3.1549 34.5294
3.16064 41.5517
3.16638 35.2667
3.17211 34.6909
3.17785 35.3409
3.18359 32.878
3.18932 34.5593
3.19506 29.7755
3.20079 33.9118
3.20653 31.9831
3.21227 31.7925
3.218 32.5366
3.22374 28.375
3.22948 33.8644
3.23521 30.8
3.24095 35.6842
3.24668 35.1667
3.25242 36.2264
3.25816 37.7647
3.26389 36.1404
3.26963 36.5088
3.27536 36.4783
3.2811 35.0732
3.28684 33.082
3.29257 36.2449
3.29831 40.1944
3.30405 33.5079
3.30978 37.9455
3.31552 36.7907
3.32125 38.75
3.32699 41.1579
3.33273 36.8235
3.33846 40.9737
3.3442 39.129
3.34994 39.2157
3.35567 35.2368
3.36141 36.2034
3.36714 36.0175
3.37288 41.5208
3.37862 39.4545
3.38435 36.9344
3.39009 40.3585
3.39582 33.7778
3.40156 38.0635
3.4073 43.5273
3.41303 41.1064
3.41877 40.1042
3.42451 47.0656
3.43024 43.7959
3.43598 40.7561
3.44171 43.0476
3.44745 44.9821
3.45319 41.4286
3.45892 42.8545
3.46466 40.3559
3.4704 44.6
3.47613 40.75
3.48187 43.873
3.4876 40.8302
3.49334 44.7368
3.49908 43.806
3.50481 41.1579
3.51055 48.6809
3.51628 47.74
3.52202 47.377
3.52776 48.1296
3.53349 46.6098
3.53923 48.5385
3.54497 49.9444
3.5507 54.2083
3.55644 53.4182
3.56217 51.1017
3.56791 53.8302
3.57365 47.587
3.57938 51.1846
3.58512 52.4909
3.59086 53.6579
3.59659 48.9851
3.60233 51.2373
3.60806 52.1373
3.6138 51.5625
3.61954 53.1587
3.62527 56.8393
3.63101 50.7073
3.63674 58.4776
3.64248 56.8448
3.64822 56.2708
3.65395 59.6491
3.65969 59.5738
3.66543 64.2909
3.67116 60.5652
3.6769 61.3016
3.68263 61.4098
3.68837 58.0789
3.69411 65.5652
3.69984 66.0847
3.70558 71.3396
3.71132 68.098
3.71705 69.7385
3.72279 68.5714
3.72852 68.5814
3.73426 68.6269
3.74 68.8548
3.74573 70.34
3.75147 78.4286
3.7572 73.2698
3.76294 68.661
3.76868 78.5682
3.77441 74.209
3.78015 82.9322
3.78589 79.9149
3.79162 85.4375
3.79736 85.8571
3.80309 89.5179
3.80883 90.6471
3.81457 91.8
3.8203 91.0333
3.82604 102.209
3.83178 102.855
3.83751 111.774
3.84325 142.143
3.84898 154.407
3.85472 307.413
3.86046 872.967
3.86619 296.283
3.87193 1392.22
3.87766 463.951
3.8834 197.118
3.88914 219
3.89487 208.6
3.90061 224.65
3.90635 238.204
3.91208 242.328
3.91782 237.984
3.92355 214.341
3.92929 189.056
3.93503 165.984
3.94076 144.831
3.9465 135.685
3.95224 124.478
3.95797 111.063
3.96371 106.587
3.96944 99.8028
3.97518 90.5556
3.98092 87.8909
3.98665 88.8793
3.99239 89.9559
3.99812 90.2581
4.00386 88.7347
4.0096 82.2464
4.01533 79.125
4.02107 85.42
4.02681 83.5455
4.03254 76.3485
4.03828 79.7377
4.04401 77.6538
4.04975 76.3099
4.05549 74.9077
4.06122 76.4348
4.06696 72.6377
4.0727 70.4493
4.07843 73.95
4.08417 72.5893
4.0899 73.25
4.09564 72.875
4.10138 75.74
4.10711 69.8611
4.11285 71.4242
4.11858 69.7321
4.12432 67.5645
4.13006 70.2899
4.13579 68.5079
4.14153 68.9038
4.14727 65.7397
4.153 65.7463
4.15874 64.5909
4.16447 64.5616
4.17021 69.6338
4.17595 68.129
4.18168 65.8929
4.18742 71.1286
4.19316 69.9697
4.19889 69.44
4.20463 66.3919
4.21036 69.0294
4.2161 72.45
4.22184 67.5862
4.22757 69.4521
4.23331 70.0896
4.23904 68.6
4.24478 75.5867
4.25052 71.8696
4.25625 68.8545
4.26199 69.9844
4.26773 72.1528
4.27346 70.9394
4.2792 72.9643
4.28493 73.3611
4.29067 73.5429
4.29641 71.3542
4.30214 73.6711
4.30788 81.0857
4.31362 92.2154
4.31935 82.5
4.32509 113.453
4.33082 87.3623
4.33656 84.92
4.3423 89.32
4.34803 91.3288
4.35377 95.8226
4.3595 91.85
4.36524 93.4459
4.37098 102.571
4.37671 108.204
4.38245 101.527
4.38819 109.042
4.39392 119.649
4.39966 123.957
4.40539 125.556
4.41113 139.739
4.41687 168.556
4.4226 176.273
4.42834 233.671
4.43408 587.521
4.43981 873.792
4.44555 2201.91
4.45128 7883.57
4.45702 8326.22
4.46276 3110.29
4.46849 3103.78
4.47423 934.815
4.47996 430.579
4.4857 247.595
4.49144 221.831
4.49717 180.476
4.50291 163.805
4.50865 161.69
4.51438 157.885
4.52012 151.544
4.52585 143.947
4.53159 140.842
4.53733 128.843
4.54306 115.3
4.5488 109.418
4.55454 102.053
4.56027 95.125
4.56601 90.3243
4.57174 86.3269
4.57748 81.1282
4.58322 78.2821
4.58895 70.6119
4.59469 69.6885
4.60042 69.4937
4.60616 63.9467
4.6119 61.06
4.61763 63.8072
4.62337 62.9091
4.62911 62.3016
4.63484 59.0156
4.64058 56.7927
4.64631 57.2222
4.65205 52.2143
4.65779 54.55
4.66352 56.7821
4.66926 52.9016
4.675 56.2254
4.68073 52.8462
4.68647 54.3151
4.6922 50.6897
4.69794 49.1111
4.70368 49.8961
4.70941 48.32
4.71515 48.6471
4.72088 49.4051
4.72662 47.4493
4.73236 48.1746
4.73809 49.6707
4.74383 45.3846
4.74957 44.0577
4.7553 43.75
4.76104 46.175
4.76677 45.7015
4.77251 43.5846
4.77825 43.3171
4.78398 43.5733
4.78972 39.125
4.79546 41.7059
4.80119 40.8608
4.80693 43.5077
4.81266 38.8429
4.8184 42.2143
4.82414 43.9315
4.82987 39.3279
4.83561 39.5
4.84134 40.8625
4.84708 35.3585
4.85282 36.8235
4.85855 45.2805
4.86429 50.8028
4.87003 35.541
4.87576 39.8046
4.8815 41.9873
4.88723 41.037
4.89297 36.7412
4.89871 39.0241
4.90444 37.4507
4.91018 41.7424
4.91592 35.9643
4.92165 38.6203
4.92739 38.2281
4.93312 35.3256
4.93886 34.9643
4.9446 36.9104
4.95033 34.831
4.95607 37.1395
4.9618 39.6493
4.96754 36.8983
4.97328 35.3103
4.97901 39.8434
4.98475 37.4262
4.99049 38.4359
4.99622 42.4943
5.00196 34.6301
5.00769 38.2698
5.01343 35.8409
5.01917 38.1807
5.0249 32.4151
5.03064 37.0556
5.03638 33.8023
5.04211 36.6
5.04785 35.1385
5.05358 32.6047
5.05932 34.5556
5.06506 31.7586
5.07079 35.0225
5.07653 33.069
5.08226 42.2817
5.088 34.6143
5.09374 35.2333
5.09947 36.2857
5.10521 31.873
5.11095 36.2667
5.11668 33.5647
5.12242 33.4848
5.12815 33.4545
5.13389 32.7333
5.13963 34.6623
5.14536 32.1803
5.1511 31.2609
5.15684 33.1446
5.16257 31.6349
5.16831 34.619
5.17404 34.7753
5.17978 32.3377
5.18552 33.5606
5.19125 33.8111
5.19699 31.4699
5.20272 29.5593
5.20846 35.8152
5.2142 32.8876
5.21993 28.4211
5.22567 32.3333
5.23141 32.8804
5.23714 34.3086
5.24288 32.0492
5.24861 35.129
5.25435 32.9551
5.26009 32.3662
5.26582 28.9737
5.27156 33.6154
5.2773 34.4937
5.28303 33.8923
5.28877 33.7872
5.2945 33.9195
5.30024 31.9306
5.30598 32.8481
5.31171 32.6742
5.31745 29.6098
5.32318 32.4154
5.32892 32.0213
5.33466 35.8851
5.34039 32.3636
5.34613 35.2674
5.35187 31.978
5.3576 31.0247
5.36334 30.9848
5.36907 33.7292
5.37481 31.3059
5.38055 34
5.38628 33.3958
5.39202 33.3517
5.39776 32.9625
5.40349 33.0704
5.40923 35.5625
5.41496 31.6543
5.4207 33.5238
5.42644 30.051
5.43217 32.8427
5.43791 31.2785
5.44364 31.9595
5.44938 33.4124
5.45512 29.5309
5.46085 32.1061
5.46659 34.9592
5.47233 32.5843
5.47806 33.5526
5.4838 29.1852
5.48953 35.4086
5.49527 28.2262
5.50101 28.6418
5.50674 30.2143
5.51248 31.2135
5.51822 32.9324
5.52395 32.2771
5.52969 28.8065
5.53542 28.7765
5.54116 35.1324
5.5469 34.0606
5.55263 31.0112
5.55837 32.7778
5.5641 29.5056
5.56984 28.2043
5.57558 31.7381
5.58131 33.3014
5.58705 32.4141
5.59279 31.4659
5.59852 31.9683
5.60426 17.11
5.60999 27.4516
5.61573 27.9146
5.62147 29.0921
5.6272 33.8144
5.63294 32.7931
5.63868 30.4848
5.64441 32.4455
5.65015 32.3441
5.65588 36.0476
5.66162 34.5195
5.66736 34.5152
5.67309 36.8372
5.67883 30.8841
5.68456 32.5149
5.6903 33.5111
5.69604 34.3293
5.70177 32.5542
5.70751 33.0316
5.71325 33.7955
5.71898 29.9583
5.72472 32.0202
5.73045 32.8172
5.73619 30.8228
5.74193 34.1124
5.74766 31.7158
5.7534 35.75
5.75914 32.9718
5.76487 32.703
5.77061 37.4362
5.77634 34.7308
5.78208 36.5506
5.78782 35.3918
5.79355 33.9767
5.79929 30.36
5.80502 34.604
5.81076 32.0968
5.8165 35.32
5.82223 34.1667
5.82797 33.6289
5.83371 36.9884
5.83944 33.6962
5.84518 37.2525
5.85091 34.5417
5.85665 31.3231
5.86239 38.381
5.86812 35.2143
5.87386 34.2907
5.8796 34.8101
5.88533 35.9406
5.89107 38.5217
5.8968 32.8551
5.90254 37.3429
5.90828 35.5657
5.91401 35.2941
5.91975 37.3659
5.92548 36.1515
5.93122 37.5532
5.93696 37.2603
5.94269 35.6667
5.94843 41.4167
5.95417 38.0568
5.9599 39.2706
5.96564 36.8485
5.97137 40.266
5.97711 42.4795
5.98285 41.3495
5.98858 38.898
5.99432 36.0941
6.00006 39.7111
6.00579 39.4444
6.01153 37.6882
6.01726 43.52
6.023 40.5048
6.02874 39.2083
6.03447 38.1932
6.04021 39.4556
6.04594 39.7143
6.05168 39.3021
6.05742 43.0909
6.06315 39.9714
6.06889 43.2708
6.07463 41.6429
6.08036 38.5532
6.0861 40.898
6.09183 43.0412
6.09757 44.4872
6.10331 42.0857
6.10904 44.3542
6.11478 42.0698
6.12052 47.5417
6.12625 42.3
6.13199 45.7872
6.13772 46.4756
6.14346 44.5588
6.1492 45.88
6.15493 44.05
6.16067 47.0686
6.1664 48.8061
6.17214 50.1915
6.17788 52.3571
6.18361 48.699
6.18935 52.2626
6.19509 44.473
6.20082 48.211
6.20656 52.049
6.21229 53.2917
6.21803 52.6463
6.22377 54.3868
6.2295 54.01
6.23524 53.5867
6.24098 54.4679
6.24671 55.5882
6.25245 57.5638
6.25818 54.6047
6.26392 61.1471
6.26966 60.7255
6.27539 59.8026
6.28113 63.7339
6.28686 66.8911
6.2926 67.2604
6.29834 79.2273
6.30407 108.788
6.30981 150.961
6.31555 519.615
6.32128 1131.12
6.32702 478.029
6.33275 292.688
6.33849 141.557
6.34423 91.7212
6.34996 88.1471
6.3557 82.2564
6.36144 83.9444
6.36717 84.5238
6.37291 84.3474
6.37864 83.9
6.38438 92.9057
6.39012 89.2255
6.39585 90.8625
6.40159 88.25
6.40732 79.2315
6.41306 76.4255
6.4188 71.3043
6.42453 69.5566
6.43027 62.5294
6.43601 64.6219
6.44174 61.8113
6.44748 60.8704
6.45321 56.6702
6.45895 55.75
6.46469 57.7429
6.47042 54.5243
6.47616 51.7976
6.4819 52.1636
6.48763 50.7593
6.49337 51.7742
6.4991 51.5368
6.50484 49.463
6.51058 50.5686
6.51631 48.9405
6.52205 47.5364
6.52778 50.0833
6.53352 47.9022
6.53926 47.8438
6.54499 48.2778
6.55073 49.1748
6.55647 47.4762
6.5622 48.3009
6.56794 47.0556
6.57367 48.9785
6.57941 46.2947
6.58515 47.7054
6.59088 48.375
6.59662 44
6.60236 46.614
6.60809 47.7264
6.61383 46.1183
6.61956 46.9175
6.6253 44.9375
6.63104 42.6471
6.63677 43.407
6.64251 47.0175
6.64824 45.9626
6.65398 43.967
6.65972 46.1667
6.66545 46.2946
6.67119 46.6346
6.67693 40.9419
6.68266 44.4224
6.6884 46.7593
6.69413 45.3297
6.69987 41.3981
6.70561 44.1518
6.71134 43.9135
6.71708 44.3523
6.72282 46.2807
6.72855 43.5556
6.73429 45.8989
6.74002 42.5849
6.74576 41.6
6.7515 41
6.75723 41.8427
6.76297 44.0776
6.7687 43.7679
6.77444 44.236
6.78018 45.219
6.78591 46.3017
6.79165 46.0374
6.79739 44.6207
6.80312 43.0263
6.80886 43.6964
6.81459 43.3297
6.82033 44.0381
6.82607 42.9052
6.8318 41.1905
6.83754 43.5
6.84328 43.1186
6.84901 46.1786
6.85475 43.9451
6.86048 41.2661
6.86622 40.0517
6.87196 45.6075
6.87769 38.7816
6.88343 43.3729
6.88916 40.6754
6.8949 44.7931
6.90064 44.1504
6.90637 42.5351
6.91211 41.6355
6.91785 43.4483
6.92358 44.1653
6.92932 45.8142
6.93505 45.4944
6.94079 45.0796
6.94653 43.819
6.95226 43.6262
6.958 44.0769
6.96374 45.075
6.96947 42.2105
6.97521 45.9231
6.98094 45.1171
6.98668 44.4052
6.99242 44.1193
6.99815 43.8989
7.00389 44.6417
7.00962 44.7931
7.01536 45.011
7.0211 43.7364
7.02683 45.2951
7.03257 43.729
7.03831 44.3763
7.04404 44.6721
7.04978 43.7913
7.05551 45.5638
7.06125 43.1009
7.06699 42.6393
7.07272 47.0459
7.07846 45.5506
7.0842 45.5246
7.08993 44.8017
7.09567 42.8602
7.1014 48.3894
7.10714 45.7395
7.11288 47.1468
7.11861 46.7849
7.12435 46.4919
7.13008 46.2906
7.13582 45.1146
7.14156 47.5045
7.14729 48.25
7.15303 46.5413
7.15877 45.6774
7.1645 50.2419
7.17024 46.395
7.17597 49.9898
7.18171 47.6636
7.18745 47.5492
7.19318 46.027
7.19892 48.1429
7.20466 46.5197
7.21039 49.1026
7.21613 48.35
7.22186 47.3578
7.2276 48.6746
7.23334 51.8378
7.23907 49.3626
7.24481 51.8175
7.25054 50.3697
7.25628 50.79
7.26202 50.9459
7.26775 50.959
7.27349 51.4414
7.27923 54.9355
7.28496 52.754
7.2907 49.1176
7.29643 52.1456
7.30217 54.8257
7.30791 51.0242
7.31364 51.6667
7.31938 52.1124
7.32512 54.0846
7.33085 56.4959
7.33659 53.7212
7.34232 58.0381
7.34806 54.6077
7.3538 54.982
7.35953 59.9677
7.36527 57.9062
7.371 60.4876
7.37674 58.7885
7.38248 64.633
7.38821 68.032
7.39395 74.6466
7.39969 106.538
7.40542 162.715
7.41116 185.309
7.41689 206.123
7.42263 105.093
7.42837 82.3175
7.4341 72.1933
7.43984 69
7.44558 67.2239
7.45131 69.5868
7.45705 68.9364
7.46278 71.7864
7.46852 75.3
7.47426 74.2308
7.47999 76.4333
7.48573 78.5303
7.49146 79.28
7.4972 83.1455
7.50294 79.1028
7.50867 78.1016
7.51441 70.5462
7.52015 69.2308
7.52588 67.75
7.53162 65.928
7.53735 61.2232
7.54309 59.8641
7.54883 59.8636
7.55456 57.8571
7.5603 60.8315
7.56604 56.3731
7.57177 57.496
7.57751 55.9569
7.58324 54.3107
7.58898 54.458
7.59472 55.5738
7.60045 54.39
7.60619 52.8943
7.61192 51.4031
7.61766 56.0172
7.6234 56.5545
7.62913 53.3864
7.63487 50.6777
7.64061 54.5
7.64634 52.2033
7.65208 55.5659
7.65781 54.0169
7.66355 54.7959
7.66929 54.6593
7.67502 54.0564
7.68076 52.3962
7.6865 52.2689
7.69223 53.3664
7.69797 55.3729
7.7037 54.1386
7.70944 55.2015
7.71518 56.4878
7.72091 55.8727
7.72665 59.188
7.73238 69.3411
7.73812 85.4426
7.74386 118.33
7.74959 85.8623
7.75533 64.664
7.76107 61.6161
7.7668 58.913
7.77254 56.8244
7.77827 56.7131
7.78401 58.9596
7.78975 55.7259
7.79548 56.8984
7.80122 56.2155
7.80696 56.3604
7.81269 56.3083
7.81843 56.5726
7.82416 55.4
7.8299 58.1286
7.83564 54.7323
7.84137 58.1121
7.84711 59.2432
7.85284 50.8092
7.85858 49.8828
7.86432 48.8763
7.87005 48.4748
7.87579 48.4375
7.88153 43.5738
7.88726 46.0561
7.893 48.4222
7.89873 45.3984
7.90447 45.6471
7.91021 46.0977
7.91594 43.4275
7.92168 46.3333
7.92742 44.7429
7.93315 45.3504
7.93889 43.2698
7.94462 45.4298
7.95036 42.1066
7.9561 45.2045
7.96183 42.4921
7.96757 44.7905
7.9733 43.7518
7.97904 44.9154
7.98478 42.6964
7.99051 42.928
7.99625 41.9173
8.00199 40.2903
8.00772 38.7723
8.01346 40.2662
8.01919 41.7348
8.02493 39.3136
8.03067 42.1316
8.0364 41.7574
8.04214 40.0703
8.04788 37.699
8.05361 40.0863
8.05935 39.5882
8.06508 39
8.07082 41.1111
8.07656 41.2482
8.08229 39.6328
8.08803 40.2424
8.09376 38.7483
8.0995 38.1742
8.10524 39.6803
8.11097 38.2566
8.11671 40.9416
8.12245 38.1395
8.12818 38.3125
8.13392 35.9242
8.13965 34.9928
8.14539 35.2984
8.15113 33.3784
8.15686 31.3212
8.1626 27.6288
8.16834 29.1949
8.17407 29.1032
8.17981 24.2537
8.18554 22.6615
8.19128 22.9065
8.19702 23.6259
8.20275 18.597
8.20849 18.3559
8.21422 20.0645
8.21996 18.0072
8.2257 15.0234
8.23143 12.7009
8.23717 8.47552
8.24291 9.44444
8.24864 12.9091
8.25438 7.31579
8.26011 8
8.26585 6
8.27159 0
8.27732 0
8.28306 0
8.2888 0
8.29453 0
8.30027 0
8.306 0
8.31174 0
8.31748 0
8.32321 0
8.32895 0
8.33468 0
8.34042 0
8.34616 0
8.35189 0
8.35763 0
8.36337 0
8.3691 0
8.37484 0
8.38057 0
8.38631 0
8.39205 0
8.39778 0
8.40352 0
8.40926 0
8.41499 0
8.42073 0
8.42646 0
8.4322 0
8.43794 0
8.44367 0
8.44941 0
8.45514 0
8.46088 0
8.46662 0
8.47235 0
8.47809 0
8.48383 0
8.48956 0
8.4953 0
8.50103 0
8.50677 0
8.51251 0
8.51824 0
8.52398 0
8.52972 0
8.53545 0
8.54119 0
8.54692 0
8.55266 0
8.5584 0
8.56413 0
8.56987 0
8.5756 0
8.58134 0
8.58708 0
8.59281 0
8.59855 0
8.60429 0
8.61002 0
8.61576 0
8.62149 0
8.62723 0
8.63297 0
8.6387 0
8.64444 0
8.65018 0
8.65591 0
8.66165 0
8.66738 0
8.67312 0
8.67886 0
8.68459 0
8.69033 0
8.69606 0
8.7018 0
8.70754 0
8.71327 0
8.71901 0
8.72475 0
8.73048 0
8.73622 0
8.74195 0
8.74769 0
8.75343 0
8.75916 0
8.7649 0
8.77064 0
8.77637 0
8.78211 0
8.78784 0
8.79358 0
8.79932 0
8.80505 0
8.81079 0
8.81652 0
8.82226 0
8.828 0
8.83373 0
8.83947 0
8.84521 0
8.85094 0
8.85668 0
8.86241 0
8.86815 0
8.87389 0
8.87962 0
8.88536 0
8.8911 0
8.89683 0
8.90257 0
8.9083 0
8.91404 0
8.91978 0
8.92551 0
8.93125 0
8.93698 0
8.94272 0
8.94846 0
8.95419 0
8.95993 0
8.96567 0
8.9714 0
8.97714 0
8.98287 0
8.98861 0
8.99435 0
9.00008 0
9.00582 0
9.01156 0
9.01729 0
9.02303 0
9.02876 0
9.0345 0
9.04024 0
9.04597 0
9.05171 0
9.05744 0
9.06318 0
9.06892 0
9.07465 0
9.08039 0
9.08613 0
9.09186 0
9.0976 0
9.10333 0
9.10907 0
9.11481 0
9.12054 0
9.12628 0
9.13202 0
9.13775 0
9.14349 0
9.14922 0
9.15496 0
9.1607 0
9.16643 0
9.17217 0
9.1779 0
9.18364 0
9.18938 0
9.19511 0
9.20085 0
9.20659 0
9.21232 0
9.21806 0
9.22379 0
9.22953 0
9.23527 0
9.241 0
9.24674 0
9.25248 0
9.25821 0
9.26395 0
9.26968 0
9.27542 0
9.28116 0
9.28689 0
9.29263 0
9.29836 0
9.3041 0
9.30984 0
9.31557 0
9.32131 0
9.32705 0
9.33278 0
9.33852 0
9.34425 0
9.34999 0
9.35573 0
9.36146 0
9.3672 0
9.37294 0
9.37867 0
9.38441 0
9.39014 0
9.39588 0
9.40162 0
9.40735 0
9.41309 0
9.41882 0
9.42456 0
9.4303 0
9.43603 0
9.44177 0
9.44751 0
9.45324 0
9.45898 0
9.46471 0
9.47045 0
9.47619 0
9.48192 0
9.48766 0
9.4934 0
9.49913 0
9.50487 0
9.5106 0
9.51634 0
9.52208 0
9.52781 0
9.53355 0
9.53928 0
9.54502 0
9.55076 0
9.55649 0
9.56223 0
9.56797 0
9.5737 0
9.57944 0
9.58517 0
9.59091 0
9.59665 0
9.60238 0
9.60812 0
9.61386 0
9.61959 0
9.62533 0
9.63106 0
9.6368 0
9.64254 0
9.64827 0
9.65401 0
9.65974 0
9.66548 0
9.67122 0
9.67695 0
9.68269 0
9.68843 0
9.69416 0
9.6999 0
9.70563 0
9.71137 0
9.71711 0
9.72284 0
9.72858 0
9.73432 0
9.74005 0
9.74579 0
9.75152 0
9.75726 0
9.763 0
9.76873 0
9.77447 0
9.7802 0
9.78594 0
9.79168 0
9.79741 0
9.80315 0
9.80889 0
9.81462 0
9.82036 0
9.82609 0
9.83183 0
9.83757 0
9.8433 0
9.84904 0
9.85478 0
9.86051 0
9.86625 0
9.87198 0
9.87772 0
9.88346 0
9.88919 0
9.89493 0
9.90066 0
9.9064 0
9.91214 0
9.91787 0
9.92361 0
9.92935 0
9.93508 0
9.94082 0
9.94655 0
9.95229 0
9.95803 0
9.96376 0
9.9695 0
9.97524 0
9.98097 0
9.98671 0
9.99244 0
9.99818 0
10.0039 0
10.0097 0
10.0154 0
10.0211 0
10.0269 0
10.0326 0
10.0383 0
10.0441 0
10.0498 0
10.0555 0
10.0613 0
10.067 0
10.0728 0
10.0785 0
10.0842 0
10.09 0
10.0957 0
10.1014 0
10.1072 0
10.1129 0
10.1186 0
10.1244 0
10.1301 0
10.1358 0
10.1416 0
10.1473 0
10.1531 0
10.1588 0
10.1645 0
10.1703 0
10.176 0
10.1817 0
10.1875 0
10.1932 0
10.1989 0
10.2047 0
10.2104 0
10.2162 0
10.2219 0
10.2276 0
10.2334 0
10.2391 0
10.2448 0
10.2506 0
10.2563 0
10.262 0
10.2678 0
10.2735 0
10.2793 0
10.285 0
10.2907 0
10.2965 0
10.3022 0
10.3079 0
10.3137 0
10.3194 0
10.3251 0
10.3309 0
10.3366 0
10.3424 0
10.3481 0
10.3538 0
10.3596 0
10.3653 0
10.371 0
10.3768 0
10.3825 0
10.3882 0
10.394 0
10.3997 0
10.4054 0
10.4112 0
10.4169 0
10.4227 0
10.4284 0
10.4341 0
10.4399 0
10.4456 0
10.4513 0
10.4571 0
10.4628 0
10.4685 0
10.4743 0
10.48 0
10.4858 0
10.4915 0
10.4972 0
10.503 0
10.5087 0
10.5144 0
10.5202 0
10.5259 0
10.5316 0
10.5374 0
10.5431 0
10.5489 0
10.5546 0
10.5603 0
10.5661 0
10.5718 0
10.5775 0
10.5833 0
10.589 0
10.5947 0
10.6005 0
10.6062 0
10.612 0
10.6177 0
10.6234 0
10.6292 0
10.6349 0
10.6406 0
10.6464 0
10.6521 0
10.6578 0
10.6636 0
10.6693 0
10.6751 0
10.6808 0
10.6865 0
10.6923 0
10.698 0
10.7037 0
10.7095 0
10.7152 0
10.7209 0
10.7267 0
10.7324 0
10.7381 0
10.7439 0
10.7496 0
10.7554 0
10.7611 0
10.7668 0
10.7726 0
10.7783 0
10.784 0
10.7898 0
10.7955 0
10.8012 0
10.807 0
10.8127 0
10.8185 0
10.8242 0
10.8299 0
10.8357 0
10.8414 0
10.8471 0
10.8529 0
10.8586 0
10.8643 0
10.8701 0
10.8758 0
10.8816 0
10.8873 0
10.893 0
10.8988 0
10.9045 0
10.9102 0
10.916 0
10.9217 0
10.9274 0
10.9332 0
10.9389 0
10.9447 0
10.9504 0
10.9561 0
10.9619 0
10.9676 0
10.9733 0
10.9791 0
10.9848 0
10.9905 0
10.9963 0
11.002 0
11.0077 0
11.0135 0
11.0192 0
11.025 0
11.0307 0
11.0364 0
11.0422 0
11.0479 0
11.0536 0
11.0594 0
11.0651 0
11.0708 0
11.0766 0
11.0823 0
11.0881 0
11.0938 0
11.0995 0
11.1053 0
11.111 0
11.1167 0
11.1225 0
11.1282 0
11.1339 0
11.1397 0
11.1454 0
11.1512 0
11.1569 0
11.1626 0
11.1684 0
11.1741 0
11.1798 0
11.1856 0
11.1913 0
11.197 0
11.2028 0
11.2085 0
11.2143 0
11.22 0
11.2257 0
11.2315 0
11.2372 0
11.2429 0
11.2487 0
11.2544 0
11.2601 0
11.2659 0
11.2716 0
11.2774 0
11.2831 0
11.2888 0
11.2946 0
11.3003 0
11.306 0
11.3118 0
11.3175 0
11.3232 0
11.329 0
11.3347 0
11.3404 0
11.3462 0
11.3519 0
11.3577 0
11.3634 0
11.3691 0
11.3749 0
11.3806 0
11.3863 0
11.3921 0
11.3978 0
11.4035 0
11.4093 0
11.415 0
11.4208 0
11.4265 0
11.4322 0
11.438 0
11.4437 0
11.4494 0
11.4552 0
11.4609 0
11.4666 0
11.4724 0
11.4781 0
11.4839 0
11.4896 0
11.4953 0
11.5011 0
11.5068 0
11.5125 0
11.5183 0
11.524 0
11.5297 0
11.5355 0
11.5412 0
11.547 0
11.5527 0
11.5584 0
11.5642 0
11.5699 0
11.5756 0
11.5814 0
11.5871 0
11.5928 0
11.5986 0
11.6043 0
11.61 0
11.6158 0
11.6215 0
11.6273 0
11.633 0
11.6387 0
11.6445 0
11.6502 0
11.6559 0
11.6617 0
11.6674 0
11.6731 0
11.6789 0
11.6846 0
11.6904 0
11.6961 0
11.7018 0
11.7076 0
11.7133 0
11.719 0
11.7248 0
11.7305 0
11.7362 0
11.742 0
