0 -24
0.00573619 7
0.0114724 6
0.0172086 0
0.0229448 -10
0.028681 13
0.0344171 0
0.0401533 16
0.0458895 -17
0.0516257 10
0.0573619 0
0.0630981 -1
0.0688343 -37
0.0745705 0
0.0803067 -22
0.0860429 22
0.091779 0
0.0975152 0
0.103251 13.3333
0.108988 -5.33333
0.114724 0
0.12046 -11.3333
0.126196 -3
0.131932 0
0.137669 0.666667
0.143405 3.66667
0.149141 14
0.154877 -7.5
0.160613 5
0.16635 -25
0.172086 0
0.177822 6.66667
0.183558 0.2
0.189294 0
0.19503 6.4
0.200767 -2
0.206503 -8
0.212239 18.5
0.217975 0.2
0.223711 12.4
0.229448 0
0.235184 -7
0.24092 -9.2
0.246656 0
0.252392 6.2
0.258129 19.4
0.263865 5.8
0.269601 0
0.275337 17.6
0.281073 2.85714
0.28681 0
0.292546 16.2857
0.298282 6.14286
0.304018 13.3333
0.309754 16.25
0.31549 9.85714
0.321227 13.4286
0.326963 0
0.332699 4.71429
0.338435 10.5714
0.344171 0
0.349908 1.71429
0.355644 5.28571
0.36138 3.8
0.367116 19.5
0.372852 12.2222
0.378589 10.4286
0.384325 19.5
0.390061 14.7778
0.395797 6.22222
0.401533 0
0.40727 13.7778
0.413006 9.22222
0.418742 19.2857
0.424478 -6.5
0.430214 16.2222
0.43595 7.22222
0.441687 0
0.447423 22.5556
0.453159 15.8889
0.458895 1
0.464631 6.14286
0.470368 8.09091
0.476104 1.66667
0.48184 8.5
0.487576 14.3636
0.493312 7.36364
0.499049 0
0.504785 12
0.510521 8.09091
0.516257 15.4
0.521993 11.6667
0.52773 11.9091
0.533466 11.2222
0.539202 0
0.544938 11.8182
0.550674 18.6364
0.55641 0
0.562147 23.6154
0.567883 23
0.573619 6.57143
0.579355 25
0.585091 12.4615
0.590828 18.5455
0.596564 21.5
0.6023 37.5385
0.608036 28.3846
0.613772 20.2
0.619509 14.375
0.625245 22.1538
0.630981 12.6667
0.636717 16.25
0.642453 10.2308
0.64819 16.2308
0.653926 19
0.659662 16.6667
0.665398 15
0.671134 8.85714
0.67687 22.375
0.682607 5.26667
0.688343 10.6364
0.694079 26.5
0.699815 18.5333
0.705551 4.4
0.711288 39
0.717024 16.8571
0.72276 9.06667
0.728496 9
0.734232 20.8333
0.739969 3.625
0.745705 8.23077
0.751441 7.75
0.757177 14.7647
0.762913 7.23529
0.76865 13.4
0.774386 17.3333
0.780122 14.2353
0.785858 9.72727
0.791594 30
0.79733 18.8235
0.803067 9.73333
0.808803 10
0.814539 7.94118
0.820275 12.3529
0.826011 13.2222
0.831748 5.75
0.837484 11.1111
0.84322 16
0.848956 18.8333
0.854692 11.2632
0.860429 11.1765
0.866165 3.4
0.871901 14.0625
0.877637 11.8947
0.883373 16.1818
0.88911 12.75
0.894846 10.7368
0.900582 9.26667
0.906318 26.75
0.912054 9.57895
0.91779 18.0588
0.923527 7.88889
0.929263 16.9231
0.934999 17.2381
0.940735 14.4615
0.946471 10.375
0.952208 15.1905
0.957944 9.23529
0.96368 7.25
0.969416 14.8095
0.975152 18.1579
0.980889 14.0909
0.986625 17.6667
0.992361 12.2381
0.998097 15.0667
1.00383 23.3333
1.00957 17.0952
1.01531 11.8824
1.02104 11
1.02678 22.9412
1.03251 14.7619
1.03825 12.6154
1.04399 14.6667
1.04972 16.8261
1.05546 23.8824
1.0612 17.3333
1.06693 11.4348
1.07267 17
1.0784 16.7692
1.08414 19.1429
1.08988 14.3043
1.09561 16
1.10135 13.625
1.10708 14.1739
1.11282 10.4118
1.11856 12.7143
1.12429 13.44
1.13003 12.4762
1.13577 10
1.1415 9.14286
1.14724 20.64
1.15297 14.6667
1.15871 18
1.16445 14.64
1.17018 15.8421
1.17592 11.5385
1.18166 14.6111
1.18739 18.2609
1.19313 16.2667
1.19886 22.3333
1.2046 19
1.21034 17.6667
1.21607 12.6667
1.22181 19.7037
1.22754 16.0952
1.23328 9.41177
1.23902 21.75
1.24475 21.16
1.25049 15.6471
1.25623 15.3333
1.26196 10.2963
1.2677 15.1053
1.27343 21.6154
1.27917 11.3636
1.28491 20.6087
1.29064 14.7647
1.29638 10.7857
1.30212 12.5185
1.30785 12.1667
1.31359 9.91667
1.31932 15.0345
1.32506 12.7619
1.3308 17.6471
1.33653 10.3
1.34227 12.68
1.348 10.3158
1.35374 16.0714
1.35948 10.8148
1.36521 16.0952
1.37095 17.4
1.37669 10.2414
1.38242 14.3043
1.38816 9.64706
1.39389 21.1579
1.39963 18.963
1.40537 14.3
1.4111 9.14286
1.41684 16.3448
1.42258 20.3478
1.42831 11.2941
1.43405 13.3333
1.43978 11.88
1.44552 11.1429
1.45126 14.625
1.45699 17.7586
1.46273 8.95238
1.46846 15.8333
1.4742 12.0645
1.47994 13.2609
1.48567 10.1
1.49141 15.7143
1.49715 12.5556
1.50288 15
1.50862 12.5
1.51435 12.069
1.52009 21.2
1.52583 13.8
1.53156 16.1667
1.5373 14.64
1.54304 14.9524
1.54877 13
1.55451 16.8621
1.56024 15.6087
1.56598 15.5714
1.57172 17.3226
1.57745 12.92
1.58319 14.2
1.58892 24.72
1.59466 16.8519
1.6004 23.4
1.60613 20.5556
1.61187 9.06452
1.61761 16.24
1.62334 20.9286
1.62908 13.8182
1.63481 10.1481
1.64055 16.8261
1.64629 14.6364
1.65202 15.8966
1.65776 11.32
1.6635 14.6875
1.66923 16.5484
1.67497 14.25
1.6807 20.4
1.68644 17.1429
1.69218 19.5862
1.69791 10.12
1.70365 10.5909
1.70938 16.3548
1.71512 15.2593
1.72086 14.25
1.72659 17.2727
1.73233 10.8966
1.73807 13.087
1.7438 17.2692
1.74954 14.6207
1.75527 19.6667
1.76101 9.05263
1.76675 13.3333
1.77248 10.9286
1.77822 16.45
1.78396 16.4
1.78969 13.9032
1.79543 11.5926
1.80116 18.25
1.8069 16.9677
1.81264 13.9655
1.81837 19.2778
1.82411 18.5429
1.82984 21.2069
1.83558 19.6
1.84132 24.8462
1.84705 15.5806
1.85279 13.2963
1.85853 19.0435
1.86426 15.6364
1.87 18.4
1.87573 14.9444
1.88147 14.3429
1.88721 22.0909
1.89294 15.1852
1.89868 14.5
1.90442 16.1818
1.91015 20.9355
1.91589 25.85
1.92162 24.2857
1.92736 24.7419
1.9331 24.6
1.93883 29.8929
1.94457 25.5152
1.9503 25.6333
1.95604 30.7083
1.96178 22.3235
1.96751 22.4688
1.97325 15.1
1.97899 22.6757
1.98472 14.7576
1.99046 18.3793
1.99619 13.9615
2.00193 16.9714
2.00767 22.4516
2.0134 17.875
2.01914 19.1714
2.02488 15.2424
2.03061 20.28
2.03635 20.7188
2.04208 23.8529
2.04782 16.125
2.05356 22.5
2.05929 14.9722
2.06503 18.8857
2.07076 22
2.0765 15.3243
2.08224 15.6571
2.08797 19.2759
2.09371 15.9643
2.09945 22.4865
2.10518 15.9091
2.11092 21.5417
2.11665 18.0541
2.12239 21.2
2.12813 13.6957
2.13386 19.4444
2.1396 22.1667
2.14534 17.5938
2.15107 26.3462
2.15681 18.6053
2.16254 20.7297
2.16828 22.0455
2.17402 19.3333
2.17975 15.4595
2.18549 17.7742
2.19122 18.2333
2.19696 14.4054
2.2027 23.4571
2.20843 28.8333
2.21417 36.7436
2.21991 114.189
2.22564 54.3636
2.23138 90.525
2.23711 41.4211
2.24285 28.7353
2.24859 24.6071
2.25432 23.9231
2.26006 26.8718
2.2658 27.7273
2.27153 26.6098
2.27727 23.1795
2.283 21.7097
2.28874 22.625
2.29448 20.0256
2.30021 21.1351
2.30595 23.5
2.31168 17.4103
2.31742 17.9744
2.32316 19.3182
2.32889 19.4048
2.33463 16.9
2.34037 17.5
2.3461 23.25
2.35184 24.907
2.35757 23.4865
2.36331 23.5769
2.36905 27.4634
2.37478 25.5122
2.38052 28.0968
2.38626 26.9706
2.39199 20.2791
2.39773 25.5405
2.40346 21.6538
2.4092 23.4419
2.41494 14.6
2.42067 18.7727
2.42641 17.5909
2.43214 26.0476
2.43788 21.2571
2.44362 23.25
2.44935 23.2444
2.45509 19.4359
2.46083 23.8462
2.46656 24.3556
2.4723 22.7317
2.47803 25.3448
2.48377 20.9
2.48951 18.5349
2.49524 15.8974
2.50098 23.3462
2.50672 21.3913
2.51245 20
2.51819 25.2917
2.52392 19.2609
2.52966 18.25
2.5354 17.8485
2.54113 17.1667
2.54687 17.8
2.5526 21.6829
2.55834 14.3077
2.56408 22.2128
2.56981 22.2558
2.57555 23.3448
2.58129 21.3571
2.58702 21.2222
2.59276 24.5405
2.59849 15.5625
2.60423 23.4348
2.60997 18.7045
2.6157 18.9167
2.62144 24.3542
2.62718 19.5957
2.63291 20.8857
2.63865 15.0556
2.64438 19.8511
2.65012 24.9756
2.65586 21.4333
2.66159 23.2766
2.66733 24.2
2.67306 23.08
2.6788 18.2292
2.68454 19.7447
2.69027 18.2821
2.69601 20.3939
2.70175 21.8958
2.70748 16.8222
2.71322 24.9259
2.71895 21.9375
2.72469 21.4286
2.73043 23.6857
2.73616 18.2368
2.7419 23.3878
2.74764 18.3488
2.75337 18.8333
2.75911 21.3061
2.76484 21.1429
2.77058 18.9583
2.77632 20.1429
2.78205 19.1
2.78779 21.5385
2.79352 19.0286
2.79926 24.7308
2.805 20.8222
2.81073 16.8519
2.81647 18.6415
2.82221 15.7551
2.82794 19.0811
2.83368 20.3421
2.83941 19.7736
2.84515 21.4634
2.85089 18.3125
2.85662 22.6981
2.86236 18.6735
2.8681 20.3333
2.87383 19.3019
2.87957 22.7
2.8853 21.8049
2.89104 21.8108
2.89678 18.75
2.90251 15.3556
2.90825 19.2069
2.91398 24.2
2.91972 27.3529
2.92546 18.9189
2.93119 23.9048
2.93693 22.0943
2.94267 21.9111
2.9484 22.875
2.95414 18.9245
2.95987 21.449
2.96561 20.5769
2.97135 25.0357
2.97708 20.6852
2.98282 21.6923
2.98856 20.9487
2.99429 25.8704
3.00003 19.617
3.00576 22.25
3.0115 22.6727
3.01724 25.8491
3.02297 19.8108
3.02871 20.5909
3.03444 22.3636
3.04018 22.4667
3.04592 23.5588
3.05165 24.5091
3.05739 26
3.06313 23.3103
3.06886 23.4643
3.0746 21.8182
3.08033 24.9091
3.08607 27.0541
3.09181 20.625
3.09754 24.9592
3.10328 21.5938
3.10902 21.339
3.11475 27.5849
3.12049 25.0513
3.12622 23.6739
3.13196 23.6364
3.1377 22.0426
3.14343 24.25
3.14917 23.9649
3.1549 27.6078
3.16064 26.5172
3.16638 28.85
3.17211 29.4364
3.17785 25.2045
3.18359 26.4634
3.18932 21.0847
3.19506 29.102
3.20079 29.2059
3.20653 27.5932
3.21227 24.7736
3.218 24.6585
3.22374 22.4167
3.22948 22.3051
3.23521 28.2
3.24095 25.2105
3.24668 24.5667
3.25242 26.6415
3.25816 28.6176
3.26389 26.3333
3.26963 25.5263
3.27536 24.8478
3.2811 27.5122
3.28684 26.9344
3.29257 28.6735
3.29831 25.0278
3.30405 28.2222
3.30978 29.9818
3.31552 30.8605
3.32125 24.6875
3.32699 27.386
3.33273 31.6863
3.33846 32.5
3.3442 33.0161
3.34994 29.549
3.35567 28.2632
3.36141 29.9153
3.36714 29.7193
3.37288 31.0208
3.37862 30.3182
3.38435 31
3.39009 31.0377
3.39582 30.3056
3.40156 31.3175
3.4073 29.1091
3.41303 33.2128
3.41877 32.5625
3.42451 34.7541
3.43024 32.4286
3.43598 35.6098
3.44171 38.1429
3.44745 36.0357
3.45319 30.7381
3.45892 32.1091
3.46466 30.322
3.4704 34.92
3.47613 33.1591
3.48187 33.7778
3.4876 33.3208
3.49334 32.6316
3.49908 33.194
3.50481 30.1579
3.51055 32.2553
3.51628 32.48
3.52202 36.6393
3.52776 32.7222
3.53349 39.3171
3.53923 35.6462
3.54497 38.0556
3.5507 44
3.55644 44.8182
3.56217 46.7119
3.56791 46.3774
3.57365 44.9565
3.57938 40.1385
3.58512 38.7636
3.59086 41.2368
3.59659 41.5373
3.60233 43.8644
3.60806 39.1569
3.6138 39.3958
3.61954 40.8571
3.62527 42.5714
3.63101 45.3659
3.63674 51.1791
3.64248 47.0345
3.64822 50.75
3.65395 47.5614
3.65969 52.1639
3.66543 52.3818
3.67116 50.3913
3.6769 55.8254
3.68263 52.9836
3.68837 60.2105
3.69411 62.1159
3.69984 53.5763
3.70558 56.1509
3.71132 60.2745
3.71705 60.8
3.72279 56.7679
3.72852 53.1628
3.73426 57.8358
3.74 55.3064
3.74573 61.22
3.75147 60.8214
3.7572 60.0476
3.76294 62.2203
3.76868 57.5455
3.77441 68.5672
3.78015 63.5932
3.78589 71.4894
3.79162 71.2344
3.79736 70.9524
3.80309 79.3929
3.80883 82.6667
3.81457 83.6769
3.8203 86.6167
3.82604 98.0465
3.83178 95.4783
3.83751 106.565
3.84325 129.054
3.84898 170.944
3.85472 334.905
3.86046 392.885
3.86619 482.913
3.87193 423.928
3.87766 348.262
3.8834 285.863
3.88914 335.467
3.89487 366.062
3.90061 429.9
3.90635 456.898
3.91208 446.97
3.91782 375.906
3.92355 316.805
3.92929 250.352
3.93503 191.188
3.94076 159.712
3.9465 133.907
3.95224 119.716
3.95797 106.397
3.96371 100.435
3.96944 93.2394
3.97518 86.1111
3.98092 84.9091
3.98665 78.8793
3.99239 75.7353
3.99812 74.9032
4.00386 76.9184
4.0096 72.7246
4.01533 68.7656
4.02107 70.98
4.02681 68.197
4.03254 65.5909
4.03828 66.4918
4.04401 68.0385
4.04975 64.1127
4.05549 64.7538
4.06122 60.5
4.06696 61.913
4.0727 61.8986
4.07843 58.75
4.08417 60.1786
4.0899 60.5441
4.09564 61.125
4.10138 58.88
4.10711 58.2083
4.11285 60.9697
4.11858 48.2679
4.12432 62.7742
4.13006 56.3478
4.13579 58.8095
4.14153 59.6154
4.14727 58.3562
4.153 56.0746
4.15874 48.1136
4.16447 58.0822
4.17021 56.1408
4.17595 59.0806
4.18168 56.6964
4.18742 53.9
4.19316 55.8485
4.19889 55.1
4.20463 57.027
4.21036 55.8235
4.2161 50.2667
4.22184 53.8966
4.22757 52.0822
4.23331 55.1194
4.23904 57.62
4.24478 57.52
4.25052 56.0725
4.25625 55.5091
4.26199 58.125
4.26773 59.6111
4.27346 58.5303
4.2792 60.0357
4.28493 59.1806
4.29067 52.7
4.29641 59.6458
4.30214 59.3158
4.30788 76.2857
4.31362 163.015
4.31935 73.7143
4.32509 361.44
4.33082 140.667
4.33656 78.98
4.3423 72.92
4.34803 72.3425
4.35377 72.3548
4.3595 81.1
4.36524 83.4324
4.37098 83.5143
4.37671 84.9444
4.38245 93.5
4.38819 97.6806
4.39392 100.368
4.39966 108.362
4.40539 114.125
4.41113 130.522
4.41687 129.722
4.4226 174.039
4.42834 250.438
4.43408 350.25
4.43981 708
4.44555 2710.25
4.45128 10301.2
4.45702 6393.69
4.46276 7715.91
4.46849 3322.94
4.47423 897.518
4.47996 771.382
4.4857 457.149
4.49144 291.908
4.49717 249.254
4.50291 234.636
4.50865 205.085
4.51438 194.25
4.52012 190.823
4.52585 173.92
4.53159 147.877
4.53733 139.071
4.54306 124.1
4.5488 105.836
4.55454 97.807
4.56027 92.8125
4.56601 81.4054
4.57174 70.8462
4.57748 72.2564
4.58322 65.3846
4.58895 60.806
4.59469 54.5738
4.60042 57.8987
4.60616 57.2933
4.6119 51.16
4.61763 51.5422
4.62337 50.7922
4.62911 53.9841
4.63484 47.3594
4.64058 44.2683
4.64631 48.4306
4.65205 39.9821
4.65779 40.275
4.66352 44.4744
4.66926 42
4.675 43.8592
4.68073 39
4.68647 35.1644
4.6922 36.0345
4.69794 40.3827
4.70368 37.1169
4.70941 36.86
4.71515 38.9647
4.72088 36.8608
4.72662 39.3913
4.73236 33.746
4.73809 40.4512
4.74383 39.3462
4.74957 38.3077
4.7553 38.631
4.76104 36.2875
4.76677 39.8806
4.77251 38.3077
4.77825 37.5854
4.78398 37.6933
4.78972 37.2143
4.79546 35.3529
4.80119 33.2911
4.80693 31.6154
4.81266 31.0714
4.8184 32.1905
4.82414 36.2055
4.82987 31.8525
4.83561 30.1429
4.84134 33.4875
4.84708 31.434
4.85282 31.8824
4.85855 31.622
4.86429 39.9437
4.87003 33.7049
4.87576 31.9885
4.8815 30.5316
4.88723 33.9259
4.89297 25.8353
4.89871 26.3855
4.90444 29.0845
4.91018 25.9545
4.91592 29.9881
4.92165 31.6076
4.92739 30.7895
4.93312 27.5698
4.93886 27.2976
4.9446 27.5075
4.95033 23.5775
4.95607 26.1744
4.9618 27.5844
4.96754 28.4576
4.97328 31.4713
4.97901 27.9639
4.98475 28.4426
4.99049 30.9744
4.99622 28.5172
5.00196 30.1644
5.00769 27.0159
5.01343 28.25
5.01917 28.0843
5.0249 29.2642
5.03064 25.0111
5.03638 27.1279
5.04211 27.3067
5.04785 28.2308
5.05358 28.7209
5.05932 27.1111
5.06506 26.431
5.07079 25.4382
5.07653 30.3218
5.08226 25.7887
5.088 27.2429
5.09374 28.3222
5.09947 24.3896
5.10521 24.127
5.11095 24.0778
5.11668 25.3647
5.12242 26.3182
5.12815 27.4935
5.13389 21.2
5.13963 24.7532
5.14536 24.2623
5.1511 24.2391
5.15684 22.9639
5.16257 27.4921
5.16831 25.119
5.17404 29.0562
5.17978 25.5195
5.18552 26.1818
5.19125 25.4222
5.19699 25.6627
5.20272 21.3559
5.20846 22.6522
5.2142 26.1348
5.21993 23.8158
5.22567 23.4493
5.23141 24.837
5.23714 24.5556
5.24288 24.8197
5.24861 25.9677
5.25435 25.4382
5.26009 23.4789
5.26582 30.2632
5.27156 24.0659
5.2773 26.6329
5.28303 26.3077
5.28877 29.234
5.2945 27.3218
5.30024 22.6389
5.30598 27.6835
5.31171 23.764
5.31745 25.3171
5.32318 24.2769
5.32892 26.1489
5.33466 24.7701
5.34039 28.1515
5.34613 24.3488
5.35187 24.8791
5.3576 26.3086
5.36334 24.303
5.36907 25.6146
5.37481 21.9176
5.38055 25.7869
5.38628 22.7917
5.39202 25.9341
5.39776 28.75
5.40349 22.8732
5.40923 27.1354
5.41496 29.5432
5.4207 25.5714
5.42644 30.1327
5.43217 25.2809
5.43791 25.0886
5.44364 22.5811
5.44938 24.3299
5.45512 24.8889
5.46085 24.8182
5.46659 28.3367
5.47233 23.9551
5.47806 26.0395
5.4838 23.1235
5.48953 24.0753
5.49527 25.0119
5.50101 21.1343
5.50674 25.9388
5.51248 23.7416
5.51822 20.6757
5.52395 23.6145
5.52969 23.5161
5.53542 26.0588
5.54116 24.0441
5.5469 21.9899
5.55263 25.9888
5.55837 23.6528
5.5641 24.4831
5.56984 22.4194
5.57558 25.6667
5.58131 26.1507
5.58705 23.5354
5.59279 25.6705
5.59852 23.9048
5.60426 13.27
5.60999 22.0645
5.61573 21.0488
5.62147 18.4605
5.6272 27.3402
5.63294 24.9425
5.63868 27.803
5.64441 26.1485
5.65015 22.1398
5.65588 25.7857
5.66162 25.5714
5.66736 24.8889
5.67309 25.1512
5.67883 26.4783
5.68456 24.6535
5.6903 27.9889
5.69604 26.9756
5.70177 24.6386
5.70751 24.4
5.71325 29.5682
5.71898 27.8889
5.72472 22.6162
5.73045 27.7849
5.73619 24.7848
5.74193 25.2584
5.74766 25.5263
5.7534 25.125
5.75914 22.8873
5.76487 26.802
5.77061 28.1064
5.77634 26.4615
5.78208 26.6966
5.78782 26.2784
5.79355 26.7907
5.79929 29.52
5.80502 29.4257
5.81076 28.2903
5.8165 26.3467
5.82223 23.6875
5.82797 27.7629
5.83371 25.2326
5.83944 29.2532
5.84518 26.9798
5.85091 22.2083
5.85665 27.4769
5.86239 26.8952
5.86812 30.1327
5.87386 23.6977
5.8796 26.5443
5.88533 24.7822
5.89107 26.2609
5.8968 25.6377
5.90254 27.9714
5.90828 28.7576
5.91401 27.9059
5.91975 25.9024
5.92548 28.8889
5.93122 30.0745
5.93696 28.3699
5.94269 27.9905
5.94843 27.2917
5.95417 30.7159
5.9599 31.1765
5.96564 25.798
5.97137 26.4468
5.97711 30.274
5.98285 29.0874
5.98858 31.4184
5.99432 31.4471
6.00006 31.1
6.00579 29.7374
6.01153 32.0645
6.01726 33.4267
6.023 34.1524
6.02874 34.5
6.03447 34.3523
6.04021 31.3778
6.04594 32.0714
6.05168 32.0729
6.05742 31.7013
6.06315 34.3905
6.06889 30.2917
6.07463 31.7024
6.08036 29.9574
6.0861 36.898
6.09183 34.6186
6.09757 35.1923
6.10331 34.6286
6.10904 36.3438
6.11478 34.8953
6.12052 35.7292
6.12625 37.56
6.13199 36.6809
6.13772 35.5366
6.14346 33.7451
6.1492 36.56
6.15493 36.5625
6.16067 36.7745
6.1664 38.1122
6.17214 40.0426
6.17788 37.5119
6.18361 39.1068
6.18935 42.4343
6.19509 39.2703
6.20082 38.1284
6.20656 40.7941
6.21229 41.9792
6.21803 41.7927
6.22377 45.8962
6.2295 42.03
6.23524 43.28
6.24098 49.9908
6.24671 51.1373
6.25245 49.5213
6.25818 51
6.26392 49.7647
6.26966 49.4314
6.27539 50.5
6.28113 55.4862
6.28686 54.7822
6.2926 65.9896
6.29834 72.3523
6.30407 106.519
6.30981 147.235
6.31555 388.013
6.32128 1002.53
6.32702 599.654
6.33275 283.354
6.33849 158.807
6.34423 109.298
6.34996 93.7059
6.3557 100.538
6.36144 107.704
6.36717 117.695
6.37291 122.947
6.37864 139.144
6.38438 137.623
6.39012 131.48
6.39585 124.675
6.40159 112.972
6.40732 92.537
6.41306 81.8936
6.4188 72.7065
6.42453 62.5377
6.43027 60.1176
6.43601 56.3537
6.44174 56.283
6.44748 52.5741
6.45321 48.1915
6.45895 51.1848
6.46469 48.9905
6.47042 47.3786
6.47616 45.7857
6.4819 47.1909
6.48763 44.6667
6.49337 43.6452
6.4991 42.0632
6.50484 44.6389
6.51058 41.3725
6.51631 43.7738
6.52205 39.4727
6.52778 39.6481
6.53352 38.0761
6.53926 38.9792
6.54499 39.1111
6.55073 38.0194
6.55647 43.3095
6.5622 40.5044
6.56794 41.25
6.57367 42.7097
6.57941 41.2
6.58515 40.7946
6.59088 41.4712
6.59662 43.4405
6.60236 35.7544
6.60809 34.6226
6.61383 39.3441
6.61956 39.0825
6.6253 34.9375
6.63104 38.8627
6.63677 38.4186
6.64251 38.2105
6.64824 36.729
6.65398 35.2527
6.65972 37.9118
6.66545 38.9911
6.67119 37.2981
6.67693 40.3023
6.68266 37.6034
6.6884 38.7407
6.69413 35.6154
6.69987 36.7379
6.70561 37.9107
6.71134 35.2115
6.71708 39.25
6.72282 38.3421
6.72855 37.1759
6.73429 38.2247
6.74002 35.1321
6.74576 33.1565
6.7515 33.5631
6.75723 31.3596
6.76297 33.8103
6.7687 36.1696
6.77444 36.7079
6.78018 39.2952
6.78591 36.2155
6.79165 35.486
6.79739 31.5287
6.80312 34.693
6.80886 37.5536
6.81459 35.6264
6.82033 35.5048
6.82607 33.2931
6.8318 36.5238
6.83754 38.0568
6.84328 36.4492
6.84901 37.9911
6.85475 32.3626
6.86048 35.9174
6.86622 36.3534
6.87196 36.6355
6.87769 36.6437
6.88343 38.8051
6.88916 34.9561
6.8949 35.2644
6.90064 35.0089
6.90637 33.9912
6.91211 34.2336
6.91785 36.5977
6.92358 31.8099
6.92932 37.1239
6.93505 34.5618
6.94079 33.5487
6.94653 32.9224
6.95226 35.9533
6.958 34.044
6.96374 36.625
6.96947 37.4035
6.97521 34.4725
6.98094 34.5045
6.98668 32.7931
6.99242 35.2385
6.99815 33.7303
7.00389 35.875
7.00962 34.9741
7.01536 34.9341
7.0211 34.1455
7.02683 35.5656
7.03257 33.8037
7.03831 37.0108
7.04404 37.2623
7.04978 32.8957
7.05551 37.766
7.06125 33.9541
7.06699 37.2049
7.07272 35.5963
7.07846 35.5169
7.0842 32.6639
7.08993 37.2328
7.09567 36.8602
7.1014 38.8407
7.10714 38.0084
7.11288 34.945
7.11861 34.4409
7.12435 34.8064
7.13008 36.094
7.13582 37.8125
7.14156 38.036
7.14729 37.7
7.15303 36.578
7.15877 35.7742
7.1645 36.0484
7.17024 39.1345
7.17597 39.6531
7.18171 37.8692
7.18745 39.7377
7.19318 38.0901
7.19892 39.8571
7.20466 38.4803
7.21039 38.7607
7.21613 41.9
7.22186 42.2569
7.2276 40.7222
7.23334 40.6577
7.23907 36.4615
7.24481 41.373
7.25054 38.8655
7.25628 39.35
7.26202 39.2613
7.26775 38.9098
7.27349 40.7027
7.27923 41.0538
7.28496 43.5159
7.2907 41.1849
7.29643 41.7282
7.30217 41.9358
7.30791 40.6371
7.31364 41.4957
7.31938 41.8876
7.32512 42.7538
7.33085 43.1901
7.33659 43.9135
7.34232 44.5333
7.34806 46.0538
7.3538 44.3874
7.35953 44.4516
7.36527 47.1953
7.371 51.9917
7.37674 47.7115
7.38248 57.367
7.38821 73.184
7.39395 78.25
7.39969 112.011
7.40542 214.4
7.41116 240.398
7.41689 262.387
7.42263 139.084
7.42837 90.3016
7.4341 85.5966
7.43984 80.6292
7.44558 79.3284
7.45131 81.7025
7.45705 88.8455
7.46278 89.2136
7.46852 100.362
7.47426 107.59
7.47999 114.378
7.48573 116.432
7.49146 115.016
7.4972 112.227
7.50294 99.2336
7.50867 89.7969
7.51441 79.8403
7.52015 74.033
7.52588 65.553
7.53162 58.448
7.53735 59.3214
7.54309 53.1553
7.54883 50.3636
7.55456 50.3277
7.5603 48.8989
7.56604 45.694
7.57177 43.336
7.57751 45.8793
7.58324 43.3786
7.58898 42.9542
7.59472 42.1393
7.60045 42.69
7.60619 42.8049
7.61192 45.6434
7.61766 43.2328
7.6234 42.4356
7.62913 42.6894
7.63487 42.4463
7.64061 43.8922
7.64634 40.0244
7.65208 42.2558
7.65781 42.6864
7.66355 42.6735
7.66929 42.037
7.67502 39.6613
7.68076 43.4151
7.6865 43.3613
7.69223 42.7405
7.69797 43.3983
7.7037 42.7723
7.70944 46.1866
7.71518 48.7073
7.72091 47.6364
7.72665 54.8632
7.73238 67.5581
7.73812 80.8443
7.74386 176.969
7.74959 139.841
7.75533 66.432
7.76107 61.2143
7.7668 54.9478
7.77254 47.1221
7.77827 51.6803
7.78401 53.7778
7.78975 51.9111
7.79548 52.3516
7.80122 54.0862
7.80696 55.7838
7.81269 56.6241
7.81843 57.3226
7.82416 55.8211
7.8299 55.7929
7.83564 52.5748
7.84137 48.1293
7.84711 45.9009
7.85284 46.916
7.85858 42.7578
7.86432 40
7.87005 38.6835
7.87579 37.7266
7.88153 37.4508
7.88726 36.8879
7.893 36.9778
7.89873 36.1406
7.90447 37.6961
7.91021 32.8195
7.91594 32.8092
7.92168 34.5083
7.92742 32.9524
7.93315 34.4818
7.93889 34.3095
7.94462 33.386
7.95036 30.5246
7.9561 33.3333
7.96183 30.8571
7.96757 32.8571
7.9733 30.292
7.97904 31.9538
7.98478 30.6339
7.99051 30.784
7.99625 29.6241
8.00199 34.1613
8.00772 29.5743
8.01346 29.6906
8.01919 31.0909
8.02493 31.3051
8.03067 31.2807
8.0364 31.7941
8.04214 29.7969
8.04788 31
8.05361 28.8273
8.05935 31.5074
8.06508 29.8475
8.07082 29.5812
8.07656 32.146
8.08229 28.0547
8.08803 32.7374
8.09376 30.2727
8.0995 30.5985
8.10524 29.0082
8.11097 28.823
8.11671 29.4234
8.12245 27.3101
8.12818 30.4018
8.13392 27.5227
8.13965 27.9638
8.14539 26.2097
8.15113 24.6126
8.15686 22.0876
8.1626 20.197
8.16834 23.4492
8.17407 21.0952
8.17981 18.8731
8.18554 15.1308
8.19128 18.7477
8.19702 14.7194
8.20275 15.2388
8.20849 13.0593
8.21422 15.2661
8.21996 12.442
8.2257 8.95312
8.23143 8.02804
8.23717 5.91608
8.24291 4.53086
8.24864 8.81818
8.25438 1.10526
8.26011 2.36842
8.26585 1.44444
8.27159 0
8.27732 0
8.28306 0
8.2888 0
8.29453 0
8.30027 0
8.306 0
8.31174 0
8.31748 0
8.32321 0
8.32895 0
8.33468 0
8.34042 0
8.34616 0
8.35189 0
8.35763 0
8.36337 0
8.3691 0
8.37484 0
8.38057 0
8.38631 0
8.39205 0
8.39778 0
8.40352 0
8.40926 0
8.41499 0
8.42073 0
8.42646 0
8.4322 0
8.43794 0
8.44367 0
8.44941 0
8.45514 0
8.46088 0
8.46662 0
8.47235 0
8.47809 0
8.48383 0
8.48956 0
8.4953 0
8.50103 0
8.50677 0
8.51251 0
8.51824 0
8.52398 0
8.52972 0
8.53545 0
8.54119 0
8.54692 0
8.55266 0
8.5584 0
8.56413 0
8.56987 0
8.5756 0
8.58134 0
8.58708 0
8.59281 0
8.59855 0
8.60429 0
8.61002 0
8.61576 0
8.62149 0
8.62723 0
8.63297 0
8.6387 0
8.64444 0
8.65018 0
8.65591 0
8.66165 0
8.66738 0
8.67312 0
8.67886 0
8.68459 0
8.69033 0
8.69606 0
8.7018 0
8.70754 0
8.71327 0
8.71901 0
8.72475 0
8.73048 0
8.73622 0
8.74195 0
8.74769 0
8.75343 0
8.75916 0
8.7649 0
8.77064 0
8.77637 0
8.78211 0
8.78784 0
8.79358 0
8.79932 0
8.80505 0
8.81079 0
8.81652 0
8.82226 0
8.828 0
8.83373 0
8.83947 0
8.84521 0
8.85094 0
8.85668 0
8.86241 0
8.86815 0
8.87389 0
8.87962 0
8.88536 0
8.8911 0
8.89683 0
8.90257 0
8.9083 0
8.91404 0
8.91978 0
8.92551 0
8.93125 0
8.93698 0
8.94272 0
8.94846 0
8.95419 0
8.95993 0
8.96567 0
8.9714 0
8.97714 0
8.98287 0
8.98861 0
8.99435 0
9.00008 0
9.00582 0
9.01156 0
9.01729 0
9.02303 0
9.02876 0
9.0345 0
9.04024 0
9.04597 0
9.05171 0
9.05744 0
9.06318 0
9.06892 0
9.07465 0
9.08039 0
9.08613 0
9.09186 0
9.0976 0
9.10333 0
9.10907 0
9.11481 0
9.12054 0
9.12628 0
9.13202 0
9.13775 0
9.14349 0
9.14922 0
9.15496 0
9.1607 0
9.16643 0
9.17217 0
9.1779 0
9.18364 0
9.18938 0
9.19511 0
9.20085 0
9.20659 0
9.21232 0
9.21806 0
9.22379 0
9.22953 0
9.23527 0
9.241 0
9.24674 0
9.25248 0
9.25821 0
9.26395 0
9.26968 0
9.27542 0
9.28116 0
9.28689 0
9.29263 0
9.29836 0
9.3041 0
9.30984 0
9.31557 0
9.32131 0
9.32705 0
9.33278 0
9.33852 0
9.34425 0
9.34999 0
9.35573 0
9.36146 0
9.3672 0
9.37294 0
9.37867 0
9.38441 0
9.39014 0
9.39588 0
9.40162 0
9.40735 0
9.41309 0
9.41882 0
9.42456 0
9.4303 0
9.43603 0
9.44177 0
9.44751 0
9.45324 0
9.45898 0
9.46471 0
9.47045 0
9.47619 0
9.48192 0
9.48766 0
9.4934 0
9.49913 0
9.50487 0
9.5106 0
9.51634 0
9.52208 0
9.52781 0
9.53355 0
9.53928 0
9.54502 0
9.55076 0
9.55649 0
9.56223 0
9.56797 0
9.5737 0
9.57944 0
9.58517 0
9.59091 0
9.59665 0
9.60238 0
9.60812 0
9.61386 0
9.61959 0
9.62533 0
9.63106 0
9.6368 0
9.64254 0
9.64827 0
9.65401 0
9.65974 0
9.66548 0
9.67122 0
9.67695 0
9.68269 0
9.68843 0
9.69416 0
9.6999 0
9.70563 0
9.71137 0
9.71711 0
9.72284 0
9.72858 0
9.73432 0
9.74005 0
9.74579 0
9.75152 0
9.75726 0
9.763 0
9.76873 0
9.77447 0
9.7802 0
9.78594 0
9.79168 0
9.79741 0
9.80315 0
9.80889 0
9.81462 0
9.82036 0
9.82609 0
9.83183 0
9.83757 0
9.8433 0
9.84904 0
9.85478 0
9.86051 0
9.86625 0
9.87198 0
9.87772 0
9.88346 0
9.88919 0
9.89493 0
9.90066 0
9.9064 0
9.91214 0
9.91787 0
9.92361 0
9.92935 0
9.93508 0
9.94082 0
9.94655 0
9.95229 0
9.95803 0
9.96376 0
9.9695 0
9.97524 0
9.98097 0
9.98671 0
9.99244 0
9.99818 0
10.0039 0
10.0097 0
10.0154 0
10.0211 0
10.0269 0
10.0326 0
10.0383 0
10.0441 0
10.0498 0
10.0555 0
10.0613 0
10.067 0
10.0728 0
10.0785 0
10.0842 0
10.09 0
10.0957 0
10.1014 0
10.1072 0
10.1129 0
10.1186 0
10.1244 0
10.1301 0
10.1358 0
10.1416 0
10.1473 0
10.1531 0
10.1588 0
10.1645 0
10.1703 0
10.176 0
10.1817 0
10.1875 0
10.1932 0
10.1989 0
10.2047 0
10.2104 0
10.2162 0
10.2219 0
10.2276 0
10.2334 0
10.2391 0
10.2448 0
10.2506 0
10.2563 0
10.262 0
10.2678 0
10.2735 0
10.2793 0
10.285 0
10.2907 0
10.2965 0
10.3022 0
10.3079 0
10.3137 0
10.3194 0
10.3251 0
10.3309 0
10.3366 0
10.3424 0
10.3481 0
10.3538 0
10.3596 0
10.3653 0
10.371 0
10.3768 0
10.3825 0
10.3882 0
10.394 0
10.3997 0
10.4054 0
10.4112 0
10.4169 0
10.4227 0
10.4284 0
10.4341 0
10.4399 0
10.4456 0
10.4513 0
10.4571 0
10.4628 0
10.4685 0
10.4743 0
10.48 0
10.4858 0
10.4915 0
10.4972 0
10.503 0
10.5087 0
10.5144 0
10.5202 0
10.5259 0
10.5316 0
10.5374 0
10.5431 0
10.5489 0
10.5546 0
10.5603 0
10.5661 0
10.5718 0
10.5775 0
10.5833 0
10.589 0
10.5947 0
10.6005 0
10.6062 0
10.612 0
10.6177 0
10.6234 0
10.6292 0
10.6349 0
10.6406 0
10.6464 0
10.6521 0
10.6578 0
10.6636 0
10.6693 0
10.6751 0
10.6808 0
10.6865 0
10.6923 0
10.698 0
10.7037 0
10.7095 0
10.7152 0
10.7209 0
10.7267 0
10.7324 0
10.7381 0
10.7439 0
10.7496 0
10.7554 0
10.7611 0
10.7668 0
10.7726 0
10.7783 0
10.784 0
10.7898 0
10.7955 0
10.8012 0
10.807 0
10.8127 0
10.8185 0
10.8242 0
10.8299 0
10.8357 0
10.8414 0
10.8471 0
10.8529 0
10.8586 0
10.8643 0
10.8701 0
10.8758 0
10.8816 0
10.8873 0
10.893 0
10.8988 0
10.9045 0
10.9102 0
10.916 0
10.9217 0
10.9274 0
10.9332 0
10.9389 0
10.9447 0
10.9504 0
10.9561 0
10.9619 0
10.9676 0
10.9733 0
10.9791 0
10.9848 0
10.9905 0
10.9963 0
11.002 0
11.0077 0
11.0135 0
11.0192 0
11.025 0
11.0307 0
11.0364 0
11.0422 0
11.0479 0
11.0536 0
11.0594 0
11.0651 0
11.0708 0
11.0766 0
11.0823 0
11.0881 0
11.0938 0
11.0995 0
11.1053 0
11.111 0
11.1167 0
11.1225 0
11.1282 0
11.1339 0
11.1397 0
11.1454 0
11.1512 0
11.1569 0
11.1626 0
11.1684 0
11.1741 0
11.1798 0
11.1856 0
11.1913 0
11.197 0
11.2028 0
11.2085 0
11.2143 0
11.22 0
11.2257 0
11.2315 0
11.2372 0
11.2429 0
11.2487 0
11.2544 0
11.2601 0
11.2659 0
11.2716 0
11.2774 0
11.2831 0
11.2888 0
11.2946 0
11.3003 0
11.306 0
11.3118 0
11.3175 0
11.3232 0
11.329 0
11.3347 0
11.3404 0
11.3462 0
11.3519 0
11.3577 0
11.3634 0
11.3691 0
11.3749 0
11.3806 0
11.3863 0
11.3921 0
11.3978 0
11.4035 0
11.4093 0
11.415 0
11.4208 0
11.4265 0
11.4322 0
11.438 0
11.4437 0
11.4494 0
11.4552 0
11.4609 0
11.4666 0
11.4724 0
11.4781 0
11.4839 0
11.4896 0
11.4953 0
11.5011 0
11.5068 0
11.5125 0
11.5183 0
11.524 0
11.5297 0
11.5355 0
11.5412 0
11.547 0
11.5527 0
11.5584 0
11.5642 0
11.5699 0
11.5756 0
11.5814 0
11.5871 0
11.5928 0
11.5986 0
11.6043 0
11.61 0
11.6158 0
11.6215 0
11.6273 0
11.633 0
11.6387 0
11.6445 0
11.6502 0
11.6559 0
11.6617 0
11.6674 0
11.6731 0
11.6789 0
11.6846 0
11.6904 0
11.6961 0
11.7018 0
11.7076 0
11.7133 0
11.719 0
11.7248 0
11.7305 0
11.7362 0
11.742 0
