0 29
0.00573619 -19
0.0114724 4
0.0172086 0
0.0229448 0
0.028681 1
0.0344171 0
0.0401533 -19
0.0458895 32
0.0516257 -19
0.0573619 0
0.0630981 5
0.0688343 15
0.0745705 0
0.0803067 30
0.0860429 -6
0.091779 0
0.0975152 -5.66667
0.103251 7.33333
0.108988 13.3333
0.114724 0
0.12046 12.6667
0.126196 -1
0.131932 0
0.137669 7.66667
0.143405 -1.66667
0.149141 12
0.154877 25.5
0.160613 0
0.16635 5.33333
0.172086 0
0.177822 11
0.183558 -2.6
0.189294 0
0.19503 13.6
0.200767 1.2
0.206503 -7
0.212239 13
0.217975 -2.6
0.223711 -3.6
0.229448 0
0.235184 -1.6
0.24092 11.8
0.246656 0
0.252392 14.8
0.258129 0.6
0.263865 21.2
0.269601 0
0.275337 13.4
0.281073 -2.71429
0.28681 0
0.292546 11
0.298282 -1.85714
0.304018 14
0.309754 4
0.31549 15.8571
0.321227 12.1429
0.326963 0
0.332699 11.2857
0.338435 4.14286
0.344171 0
0.349908 10.8571
0.355644 6.42857
0.36138 17.8
0.367116 5
0.372852 2.11111
0.378589 -1.28571
0.384325 8.5
0.390061 4.44444
0.395797 0.666667
0.401533 0
0.40727 5.33333
0.413006 17.2222
0.418742 9.42857
0.424478 3.5
0.430214 9.33333
0.43595 -3.44444
0.441687 0
0.447423 12.2222
0.453159 14.4444
0.458895 -5
0.464631 8.71429
0.470368 6.63636
0.476104 14.5556
0.48184 28.5
0.487576 3.72727
0.493312 0.727273
0.499049 0
0.504785 7.18182
0.510521 8.81818
0.516257 9.8
0.521993 13.5
0.52773 16.7273
0.533466 15.8889
0.539202 36.5
0.544938 11.4545
0.550674 15.5455
0.55641 0
0.562147 16.6923
0.567883 12.6923
0.573619 10.4286
0.579355 35.5
0.585091 20.1538
0.590828 45.0909
0.596564 8.5
0.6023 228.231
0.608036 157.923
0.613772 33.8
0.619509 31.375
0.625245 23.3077
0.630981 23.1111
0.636717 32.25
0.642453 5.69231
0.64819 12.6923
0.653926 5
0.659662 22.2667
0.665398 10.4667
0.671134 7.28571
0.67687 7.75
0.682607 14.1333
0.688343 4.63636
0.694079 20
0.699815 12.8
0.705551 11.6667
0.711288 -1
0.717024 14.0714
0.72276 18.6667
0.728496 14.7778
0.734232 15
0.739969 24.6875
0.745705 11.9231
0.751441 15
0.757177 17.4706
0.762913 15.4118
0.76865 10.8
0.774386 15.9167
0.780122 11.6471
0.785858 6.90909
0.791594 17.3333
0.79733 14.2941
0.803067 9.93333
0.808803 17
0.814539 6.58824
0.820275 15.2353
0.826011 5.22222
0.831748 8.5
0.837484 12.9444
0.84322 6.92308
0.848956 12.8333
0.854692 12.4211
0.860429 14.4706
0.866165 5.2
0.871901 6.75
0.877637 10.7895
0.883373 10.9091
0.88911 16.125
0.894846 10.6316
0.900582 14.2667
0.906318 15
0.912054 12.3684
0.91779 11
0.923527 19.5556
0.929263 13.0769
0.934999 11.381
0.940735 10.3077
0.946471 5.75
0.952208 18.4762
0.957944 12.4118
0.96368 14.5
0.969416 15.4286
0.975152 3.89474
0.980889 7.45455
0.986625 13.3333
0.992361 8.14286
0.998097 5.26667
1.00383 23.5
1.00957 13.6667
1.01531 15.0588
1.02104 8.7
1.02678 8.58823
1.03251 18.3333
1.03825 9.07692
1.04399 12.5833
1.04972 9.26087
1.05546 9.82353
1.0612 25.3333
1.06693 10.7391
1.07267 9.68421
1.0784 8.23077
1.08414 19.2143
1.08988 15.5217
1.09561 -1.86667
1.10135 12.875
1.10708 8.26087
1.11282 14.4706
1.11856 14.2857
1.12429 12.64
1.13003 3.28571
1.13577 13.5333
1.1415 15.5
1.14724 11.32
1.15297 5.26667
1.15871 25.5
1.16445 15.76
1.17018 12
1.17592 6.84615
1.18166 14.4444
1.18739 9.3913
1.19313 6.73333
1.19886 14.8333
1.2046 14.72
1.21034 6.38889
1.21607 7.11111
1.22181 11.5556
1.22754 5.90476
1.23328 10.1765
1.23902 17.8125
1.24475 8.08
1.25049 11
1.25623 13.8333
1.26196 17.1111
1.2677 12
1.27343 10.0769
1.27917 13.2727
1.28491 10.1739
1.29064 12.9412
1.29638 16.7143
1.30212 14.2593
1.30785 8.44444
1.31359 5.33333
1.31932 9.82759
1.32506 12.8571
1.3308 16
1.33653 11.15
1.34227 13
1.348 6.36842
1.35374 6.35714
1.35948 13.4815
1.36521 10.2857
1.37095 8.1
1.37669 11.6897
1.38242 13.087
1.38816 6.17647
1.39389 9.1579
1.39963 10.4444
1.40537 11.75
1.4111 8.35714
1.41684 13.4138
1.42258 8.43478
1.42831 9.23529
1.43405 9.75
1.43978 4.48
1.44552 9.28571
1.45126 5.0625
1.45699 10.6207
1.46273 15.8571
1.46846 7.83333
1.4742 8.67742
1.47994 14.3478
1.48567 5.9
1.49141 13.9524
1.49715 9.59259
1.50288 13.8261
1.50862 10.625
1.51435 11.2069
1.52009 8.4
1.52583 12.6667
1.53156 10.4667
1.5373 7.32
1.54304 10.8571
1.54877 17.65
1.55451 10.3793
1.56024 20.087
1.56598 9
1.57172 11.5161
1.57745 13.56
1.58319 7.05
1.58892 9.08
1.59466 11.0741
1.6004 12.12
1.60613 9.83333
1.61187 11.2258
1.61761 16.32
1.62334 11.2857
1.62908 13.5455
1.63481 12.8148
1.64055 14.8696
1.64629 11.5455
1.65202 10.3103
1.65776 13.24
1.6635 12.8125
1.66923 11.5484
1.67497 14.5714
1.6807 4.15
1.68644 10
1.69218 12.5517
1.69791 10.96
1.70365 13.4545
1.70938 10.6129
1.71512 9.55556
1.72086 9.5625
1.72659 10.5152
1.73233 10.3103
1.73807 6.95652
1.7438 12.7692
1.74954 12.7241
1.75527 12.1852
1.76101 15.2105
1.76675 12.4242
1.77248 10.8214
1.77822 16.55
1.78396 12.2
1.78969 8.45161
1.79543 6.66667
1.80116 8.08333
1.8069 13.5484
1.81264 13.8966
1.81837 12.8889
1.82411 10.5714
1.82984 10.0345
1.83558 12.68
1.84132 16.5
1.84705 16.871
1.85279 17
1.85853 15.087
1.86426 14.6667
1.87 9.4
1.87573 7.88889
1.88147 18.2857
1.88721 10.6061
1.89294 16.3333
1.89868 14.2692
1.90442 9.78788
1.91015 14.0323
1.91589 17.35
1.92162 10.5714
1.92736 15.7097
1.9331 19.76
1.93883 20.5357
1.94457 21.5758
1.9503 19.2333
1.95604 18.5417
1.96178 16.8235
1.96751 18.4062
1.97325 13.35
1.97899 15.4324
1.98472 14.7576
1.99046 14.6897
1.99619 17.1538
2.00193 16.3714
2.00767 15.9677
2.0134 13.9167
2.01914 17.9714
2.02488 10.4545
2.03061 10.08
2.03635 12.4688
2.04208 13.3235
2.04782 14.5312
2.05356 13.7083
2.05929 12.1111
2.06503 15.8857
2.07076 10.2273
2.0765 13
2.08224 12.6
2.08797 10.5862
2.09371 18.5
2.09945 20.3784
2.10518 13.697
2.11092 17.6667
2.11665 11.8649
2.12239 14.0571
2.12813 8.08696
2.13386 10.3611
2.1396 13.0278
2.14534 15.0625
2.15107 9.07692
2.15681 15.2895
2.16254 16.0811
2.16828 17.2727
2.17402 11.1795
2.17975 18.6216
2.18549 16.4839
2.19122 14.4333
2.19696 13.4595
2.2027 19.3429
2.20843 20.0417
2.21417 25
2.21991 69.2432
2.22564 34.9091
2.23138 59.175
2.23711 32.9474
2.24285 15.2941
2.24859 19.5714
2.25432 10.1026
2.26006 19.1538
2.2658 21.9545
2.27153 22.878
2.27727 12.8718
2.283 10.0323
2.28874 15.3438
2.29448 10.8205
2.30021 11.1892
2.30595 9.42308
2.31168 15.5641
2.31742 17.4103
2.32316 11.3182
2.32889 9.7381
2.33463 13.275
2.34037 18.3889
2.3461 20.1429
2.35184 16.9535
2.35757 17.8649
2.36331 15
2.36905 14.5854
2.37478 18.2683
2.38052 16.9355
2.38626 17.7647
2.39199 14.0233
2.39773 17.2973
2.40346 15.4231
2.4092 13.1628
2.41494 14.15
2.42067 20.5
2.42641 13.9545
2.43214 12.4524
2.43788 18.3714
2.44362 14.8438
2.44935 14.3111
2.45509 15.4359
2.46083 16.9231
2.46656 13.6889
2.4723 12.0976
2.47803 17.8276
2.48377 14.35
2.48951 13.0465
2.49524 16.2308
2.50098 18.3846
2.50672 16.5435
2.51245 13.2619
2.51819 10.3333
2.52392 13.8043
2.52966 11.3636
2.5354 10.1818
2.54113 17.2778
2.54687 11.6889
2.5526 11.9268
2.55834 16.5
2.56408 13.617
2.56981 20.3256
2.57555 16.4483
2.58129 16.2857
2.58702 12.8444
2.59276 17.4595
2.59849 5.40625
2.60423 17.6304
2.60997 8.34091
2.6157 16.0833
2.62144 13.25
2.62718 18.1915
2.63291 10.1714
2.63865 13.0833
2.64438 15.6809
2.65012 19.2927
2.65586 14.3667
2.66159 16.7021
2.66733 13.2222
2.67306 5.8
2.6788 16.9375
2.68454 14.0213
2.69027 15.7949
2.69601 23.5455
2.70175 18.3125
2.70748 18.9778
2.71322 14.9259
2.71895 19.2708
2.72469 13.6531
2.73043 12.7429
2.73616 15.8684
2.7419 15.6327
2.74764 19.2326
2.75337 13.0667
2.75911 16.1837
2.76484 16.2245
2.77058 10.625
2.77632 16.6531
2.78205 14.96
2.78779 19.2564
2.79352 16.6286
2.79926 12.7885
2.805 16.2667
2.81073 14.4074
2.81647 15.8302
2.82221 14.9592
2.82794 13.4324
2.83368 17.8684
2.83941 13.8868
2.84515 16.5854
2.85089 17.0312
2.85662 17.1887
2.86236 14.551
2.8681 16.625
2.87383 13.6226
2.87957 14.9
2.8853 15.6585
2.89104 12.8378
2.89678 22.0577
2.90251 16.0889
2.90825 17.2759
2.91398 17.1455
2.91972 17.6863
2.92546 15.2432
2.93119 18.3571
2.93693 18.5849
2.94267 14.6444
2.9484 17.6562
2.95414 15.9434
2.95987 18.0612
2.96561 16.0385
2.97135 14.3393
2.97708 18.5741
2.98282 22.9231
2.98856 17.1795
2.99429 22.4074
3.00003 19.5319
3.00576 14.3438
3.0115 17.8
3.01724 15.9434
3.02297 20.9459
3.02871 12.9091
3.03444 17.7455
3.04018 16.4
3.04592 14.4118
3.05165 15.9273
3.05739 18.098
3.06313 12.6897
3.06886 17.0179
3.0746 17.9636
3.08033 20.5909
3.08607 22.0541
3.09181 17.0179
3.09754 19.0816
3.10328 16.7812
3.10902 20.1864
3.11475 18.6226
3.12049 18.1282
3.12622 19.2174
3.13196 20.7636
3.1377 20.4255
3.14343 16.8056
3.14917 22.8947
3.1549 21.4118
3.16064 24.3103
3.16638 22.8
3.17211 20.0364
3.17785 19.25
3.18359 16.2683
3.18932 21.0339
3.19506 18.4694
3.20079 25.4706
3.20653 23.2203
3.21227 21.1509
3.218 21.0244
3.22374 21.9792
3.22948 20.9153
3.23521 20.4889
3.24095 25.8684
3.24668 24.5
3.25242 22.1509
3.25816 20
3.26389 24.1053
3.26963 22.6491
3.27536 22.4348
3.2811 20
3.28684 19.5246
3.29257 22.102
3.29831 23.0556
3.30405 21.6667
3.30978 20.6727
3.31552 24.2093
3.32125 25.9583
3.32699 25.807
3.33273 22.7647
3.33846 22.6316
3.3442 26
3.34994 22.1961
3.35567 22.1842
3.36141 28.6949
3.36714 27.8421
3.37288 27.7708
3.37862 25.3409
3.38435 24.8525
3.39009 26.3585
3.39582 23.9722
3.40156 27.1429
3.4073 27.9273
3.41303 26.4894
3.41877 26.375
3.42451 29.8852
3.43024 24.898
3.43598 28.1707
3.44171 30.746
3.44745 29.5893
3.45319 29.7857
3.45892 25.9636
3.46466 25.7288
3.4704 25.34
3.47613 26.5909
3.48187 24.7302
3.4876 26.9434
3.49334 26.0526
3.49908 27.4776
3.50481 27.5614
3.51055 29.0213
3.51628 28.7
3.52202 29.0164
3.52776 32.0741
3.53349 33.6829
3.53923 29.5231
3.54497 35.3704
3.5507 30.9167
3.55644 39.2182
3.56217 35.0847
3.56791 35.5472
3.57365 36.2174
3.57938 31.4769
3.58512 29.4364
3.59086 33.6053
3.59659 31.0299
3.60233 33.4407
3.60806 34.451
3.6138 34.1042
3.61954 32.873
3.62527 33.375
3.63101 35.561
3.63674 37
3.64248 35.7069
3.64822 44.25
3.65395 40.6667
3.65969 39.8197
3.66543 44.6545
3.67116 42.7174
3.6769 43.6984
3.68263 41.459
3.68837 45
3.69411 39.6812
3.69984 45.0508
3.70558 39.9623
3.71132 47.0588
3.71705 43.1538
3.72279 44.5357
3.72852 49.2093
3.73426 39.7313
3.74 43.7097
3.74573 46.24
3.75147 41.6071
3.7572 45.1746
3.76294 49.3559
3.76868 52.4318
3.77441 49.9254
3.78015 51.3559
3.78589 50.234
3.79162 54.3906
3.79736 52.6349
3.80309 60.2321
3.80883 59.2353
3.81457 59
3.8203 64.2
3.82604 65.6977
3.83178 68.6087
3.83751 73.5323
3.84325 78.3571
3.84898 93.5
3.85472 146.762
3.86046 230.77
3.86619 210.022
3.87193 368.464
3.87766 239.033
3.8834 159.843
3.88914 187.983
3.89487 191.077
3.90061 221.017
3.90635 231.061
3.91208 232.209
3.91782 197.859
3.92355 172.634
3.92929 145.676
3.93503 116.125
3.94076 103.966
3.9465 91.0185
3.95224 81.9851
3.95797 71.7778
3.96371 69.6739
3.96944 63.6338
3.97518 62.746
3.98092 59.9636
3.98665 57.9483
3.99239 56.2059
3.99812 59.2581
4.00386 54.898
4.0096 51.5217
4.01533 52.3438
4.02107 51.92
4.02681 51.2273
4.03254 50.8182
4.03828 50.0164
4.04401 50.3654
4.04975 52.2394
4.05549 49.7077
4.06122 51.3043
4.06696 48.6377
4.0727 45.8551
4.07843 46.2667
4.08417 45.3571
4.0899 42.2353
4.09564 47.3906
4.10138 45.16
4.10711 48.8333
4.11285 48.5455
4.11858 46.3214
4.12432 46.5968
4.13006 45
4.13579 47.4444
4.14153 40.3654
4.14727 43.6027
4.153 46.9701
4.15874 42.7727
4.16447 42.8493
4.17021 46.5915
4.17595 47.5161
4.18168 44.7143
4.18742 46.5
4.19316 46.5455
4.19889 48.84
4.20463 47.1486
4.21036 46.75
4.2161 47.7833
4.22184 49.1724
4.22757 45.0411
4.23331 45.9104
4.23904 44.62
4.24478 50.5067
4.25052 48.087
4.25625 46.5636
4.26199 48.75
4.26773 48.6111
4.27346 49.6061
4.2792 50.8036
4.28493 48.5139
4.29067 52.6571
4.29641 54.2708
4.30214 57.8684
4.30788 71.9286
4.31362 214.677
4.31935 76.0714
4.32509 461.68
4.33082 155.101
4.33656 79.62
4.3423 62.0933
4.34803 64.1644
4.35377 66.9839
4.3595 61.7167
4.36524 68.5811
4.37098 69.7286
4.37671 70.0926
4.38245 75.9054
4.38819 83.5139
4.39392 85.9474
4.39966 85.058
4.40539 90.5556
4.41113 108.362
4.41687 119.852
4.4226 133.519
4.42834 179.274
4.43408 362.854
4.43981 529.896
4.44555 1784.67
4.45128 7450.31
4.45702 5380.44
4.46276 4136.97
4.46849 2321.72
4.47423 710.13
4.47996 390.25
4.4857 248.757
4.49144 189.415
4.49717 169.857
4.50291 146.429
4.50865 143.366
4.51438 137.038
4.52012 122.975
4.52585 116.547
4.53159 106.439
4.53733 96.4857
4.54306 88.15
4.5488 79.806
4.55454 81.0175
4.56027 71.5625
4.56601 67.5676
4.57174 69.7115
4.57748 56.6795
4.58322 50.8205
4.58895 53.1194
4.59469 46.5902
4.60042 44.8354
4.60616 46.4133
4.6119 41.96
4.61763 42.253
4.62337 43.7273
4.62911 44.9048
4.63484 41.4531
4.64058 40.0366
4.64631 37.1667
4.65205 33.2679
4.65779 39.2875
4.66352 42.9231
4.66926 34.5902
4.675 38.7606
4.68073 34.6667
4.68647 34.2603
4.6922 33
4.69794 36.3086
4.70368 35.5714
4.70941 32.18
4.71515 33.2941
4.72088 31.8861
4.72662 34.6087
4.73236 29.3175
4.73809 31.939
4.74383 35.5
4.74957 35.9038
4.7553 33.381
4.76104 33.1375
4.76677 31.3582
4.77251 30.3077
4.77825 28.0976
4.78398 34.72
4.78972 31.3929
4.79546 29.3059
4.80119 30.7089
4.80693 31.5846
4.81266 27.9571
4.8184 27.6071
4.82414 32.137
4.82987 30.5902
4.83561 28.9405
4.84134 28.1
4.84708 29.0755
4.85282 28.0353
4.85855 29.0122
4.86429 33.4366
4.87003 29.2787
4.87576 29.1264
4.8815 24.8354
4.88723 28.0556
4.89297 29.0471
4.89871 26.6265
4.90444 25.9718
4.91018 24.7879
4.91592 29.119
4.92165 26.6962
4.92739 23.0702
4.93312 25.4651
4.93886 24.7738
4.9446 25.0896
4.95033 25.1549
4.95607 23.4884
4.9618 24.1558
4.96754 28.8475
4.97328 26.7126
4.97901 24.7952
4.98475 18.0328
4.99049 24.1282
4.99622 23.7931
5.00196 24.7808
5.00769 27.746
5.01343 24.7159
5.01917 24
5.0249 22.1698
5.03064 27.2889
5.03638 25.686
5.04211 23.3867
5.04785 22.3692
5.05358 23.6977
5.05932 22.2346
5.06506 21.431
5.07079 26.9326
5.07653 21.2069
5.08226 26.6056
5.088 23.6143
5.09374 22.7889
5.09947 22
5.10521 22.1905
5.11095 21.9444
5.11668 18.3412
5.12242 23.2273
5.12815 23.8961
5.13389 24.7889
5.13963 24.2208
5.14536 22.1148
5.1511 22.5217
5.15684 21.8434
5.16257 20.6349
5.16831 18.3095
5.17404 17.8202
5.17978 21.1169
5.18552 20.4697
5.19125 18.4444
5.19699 17.7349
5.20272 20.6949
5.20846 18.1196
5.2142 17.3146
5.21993 19.1711
5.22567 18.6522
5.23141 18.1739
5.23714 17.4815
5.24288 18.5902
5.24861 18.5269
5.25435 20.5618
5.26009 21.3803
5.26582 22.7895
5.27156 20.6703
5.2773 21.2532
5.28303 21.7846
5.28877 19.8936
5.2945 23.2184
5.30024 21.1111
5.30598 17.2532
5.31171 18.7303
5.31745 21.1341
5.32318 21.7077
5.32892 20.4787
5.33466 19.5517
5.34039 18.7879
5.34613 20.314
5.35187 17.1099
5.3576 16.4198
5.36334 22.803
5.36907 20.5417
5.37481 20.4824
5.38055 15.4918
5.38628 15.3854
5.39202 21.8132
5.39776 18.4125
5.40349 20.2535
5.40923 19.3229
5.41496 19.3333
5.4207 21.127
5.42644 18.8061
5.43217 16.9775
5.43791 18.6456
5.44364 19.3243
5.44938 18.9897
5.45512 20.9753
5.46085 21.2576
5.46659 19.9898
5.47233 19.9326
5.47806 20.1579
5.4838 19.4444
5.48953 15.4839
5.49527 18.7976
5.50101 17.5373
5.50674 20.0204
5.51248 15.1124
5.51822 15.9324
5.52395 17.2169
5.52969 19.2903
5.53542 17.6353
5.54116 20.1765
5.5469 17.3333
5.55263 17.191
5.55837 18.8194
5.5641 21.2697
5.56984 17.8817
5.57558 19.4286
5.58131 20.5205
5.58705 17.9899
5.59279 16.8068
5.59852 21.5556
5.60426 9.88
5.60999 17.3979
5.61573 16.2927
5.62147 18.2368
5.6272 18.4845
5.63294 18.5172
5.63868 19.5455
5.64441 19.7921
5.65015 20.9247
5.65588 20.3095
5.66162 18.8052
5.66736 18.2121
5.67309 17.3605
5.67883 15.913
5.68456 19.1188
5.6903 18
5.69604 17.9146
5.70177 19.1566
5.70751 20.7053
5.71325 22.0455
5.71898 21.0694
5.72472 18.3838
5.73045 22.6774
5.73619 19.3797
5.74193 20.2247
5.74766 24.6842
5.7534 22.2955
5.75914 21.4085
5.76487 18.1386
5.77061 20.4149
5.77634 22.5769
5.78208 20.7865
5.78782 19.134
5.79355 22.8023
5.79929 19.16
5.80502 19.6436
5.81076 20.3118
5.8165 20.1867
5.82223 20.3333
5.82797 20.6495
5.83371 22.2326
5.83944 23.1139
5.84518 21.2525
5.85091 21.3021
5.85665 19.6615
5.86239 21.6667
5.86812 21.9184
5.87386 23.093
5.8796 19.4684
5.88533 21.396
5.89107 19.3587
5.8968 20.7826
5.90254 21.9143
5.90828 22.2626
5.91401 25.1529
5.91975 25.2927
5.92548 21.899
5.93122 21.0319
5.93696 22
5.94269 21.0286
5.94843 25.7812
5.95417 21.9091
5.9599 25.4353
5.96564 24.5859
5.97137 22.4255
5.97711 23.8904
5.98285 25.9417
5.98858 22.6633
5.99432 21.8353
6.00006 25.8
6.00579 21.6667
6.01153 26.4839
6.01726 21.04
6.023 24.8952
6.02874 26.9896
6.03447 22.5114
6.04021 26.6
6.04594 23
6.05168 22.4479
6.05742 25.3636
6.06315 22.181
6.06889 27.9688
6.07463 28.2143
6.08036 25.4681
6.0861 27.3776
6.09183 26.2165
6.09757 27.9487
6.10331 28.7048
6.10904 28.9375
6.11478 28.8605
6.12052 28.0938
6.12625 26.22
6.13199 27.2447
6.13772 31.8659
6.14346 30.1373
6.1492 28.96
6.15493 26.2
6.16067 31.2843
6.1664 27.6429
6.17214 28.8298
6.17788 31.0476
6.18361 32.6699
6.18935 32.9596
6.19509 30.9054
6.20082 34.6055
6.20656 38.2157
6.21229 37.1458
6.21803 34.378
6.22377 36.8868
6.2295 35.56
6.23524 39.6933
6.24098 36.7615
6.24671 39.0882
6.25245 39.0106
6.25818 39.0349
6.26392 40.8627
6.26966 44.951
6.27539 43
6.28113 42.6422
6.28686 51.0693
6.2926 51.3021
6.29834 62.0455
6.30407 84.4904
6.30981 116.941
6.31555 426.91
6.32128 1222.12
6.32702 555.5
6.33275 355.792
6.33849 159.852
6.34423 87.3173
6.34996 75.6667
6.3557 79.2436
6.36144 78.8981
6.36717 75.5524
6.37291 79.3053
6.37864 80.6444
6.38438 81.6415
6.39012 81.2353
6.39585 75.3875
6.40159 69.7963
6.40732 62.0463
6.41306 58.883
6.4188 54.2826
6.42453 52.3113
6.43027 48.4608
6.43601 46.2439
6.44174 42.066
6.44748 43.3704
6.45321 41.2128
6.45895 41.3913
6.46469 40.781
6.47042 37.699
6.47616 37.8929
6.4819 36.5545
6.48763 35.2407
6.49337 35.8387
6.4991 35.3158
6.50484 33.0926
6.51058 32.9804
6.51631 30.7619
6.52205 36.2364
6.52778 35.2222
6.53352 36.663
6.53926 31.4167
6.54499 33.1019
6.55073 33.7476
6.55647 33.9524
6.5622 33.3805
6.56794 32.5926
6.57367 32.5054
6.57941 34.4632
6.58515 35.625
6.59088 32.5865
6.59662 36.6786
6.60236 32.9211
6.60809 28.8396
6.61383 31.8602
6.61956 29.7526
6.6253 33.4732
6.63104 34.2843
6.63677 31.7093
6.64251 30.4211
6.64824 31.6449
6.65398 28.7473
6.65972 30.8137
6.66545 32.4643
6.67119 29.6923
6.67693 28.7791
6.68266 31.6724
6.6884 30.7407
6.69413 26.8242
6.69987 33.1165
6.70561 28.9464
6.71134 31.4904
6.71708 30.3182
6.72282 29.2632
6.72855 29.7685
6.73429 30.5843
6.74002 27.5755
6.74576 28.9913
6.7515 31.1165
6.75723 31.1461
6.76297 30.8621
6.7687 30.5446
6.77444 26.618
6.78018 33.1429
6.78591 29.1983
6.79165 33.1215
6.79739 30.931
6.80312 29.0965
6.80886 33.5179
6.81459 27.3846
6.82033 30.4571
6.82607 29.8793
6.8318 30.7524
6.83754 31.3977
6.84328 30.8814
6.84901 30.1071
6.85475 30.2198
6.86048 28.0459
6.86622 28.7586
6.87196 33.3645
6.87769 29.7931
6.88343 29.4407
6.88916 30.3509
6.8949 32.4943
6.90064 28.7522
6.90637 30.9123
6.91211 28.2897
6.91785 31.3793
6.92358 30.2479
6.92932 29.8761
6.93505 30.2809
6.94079 29.2212
6.94653 28.8362
6.95226 30.215
6.958 30.6154
6.96374 28.0917
6.96947 27.3596
6.97521 28.6593
6.98094 26.964
6.98668 28.5603
6.99242 28.4587
6.99815 31.7978
7.00389 29.5
7.00962 32.7586
7.01536 30
7.0211 28.8
7.02683 33.6475
7.03257 31.4953
7.03831 27.9785
7.04404 31.3934
7.04978 31.2696
7.05551 34.0851
7.06125 31.2661
7.06699 31.2541
7.07272 30.0734
7.07846 31.3483
7.0842 30.0984
7.08993 31.1034
7.09567 31.4194
7.1014 32.2035
7.10714 29.9244
7.11288 33.9358
7.11861 30.2043
7.12435 32.5
7.13008 30.0684
7.13582 27.4062
7.14156 31.6126
7.14729 31.3833
7.15303 33.156
7.15877 30.0645
7.1645 34.9355
7.17024 36.2941
7.17597 33.4796
7.18171 34.3458
7.18745 33.2377
7.19318 32.3243
7.19892 29.8242
7.20466 34.874
7.21039 35.5812
7.21613 32.52
7.22186 35.7431
7.2276 32.6587
7.23334 32.6937
7.23907 35.8352
7.24481 33.9127
7.25054 35.0756
7.25628 32.41
7.26202 31.3243
7.26775 33.0574
7.27349 34.5766
7.27923 33.0645
7.28496 37.4683
7.2907 37.395
7.29643 35.7864
7.30217 34.2752
7.30791 36.0564
7.31364 35.3162
7.31938 36.1573
7.32512 34.9231
7.33085 37.1653
7.33659 38.7981
7.34232 35.3429
7.34806 38.9538
7.3538 40
7.35953 41.7957
7.36527 41.0781
7.371 42.0992
7.37674 40.25
7.38248 44.633
7.38821 48.576
7.39395 55.0086
7.39969 67.4624
7.40542 106.169
7.41116 141.252
7.41689 179.425
7.42263 90.3925
7.42837 68.6825
7.4341 62.0672
7.43984 56.9551
7.44558 57.7836
7.45131 61.4628
7.45705 59.3545
7.46278 61.1359
7.46852 65.3308
7.47426 67.7009
7.47999 63.1
7.48573 65.7273
7.49146 68.872
7.4972 63.9455
7.50294 63.1869
7.50867 59.2812
7.51441 53.1008
7.52015 50.956
7.52588 45.2197
7.53162 44.864
7.53735 43.7321
7.54309 42.0097
7.54883 40.6061
7.55456 40.0756
7.5603 37.3146
7.56604 36.291
7.57177 36.152
7.57751 38.4741
7.58324 36.2816
7.58898 34.9542
7.59472 36.3934
7.60045 37.35
7.60619 37.2846
7.61192 35.0078
7.61766 35.1034
7.6234 35.6832
7.62913 36.8864
7.63487 37.0661
7.64061 35.2059
7.64634 34.2276
7.65208 36.8915
7.65781 33.339
7.66355 38.7551
7.66929 37.2148
7.67502 36.3468
7.68076 37.6038
7.6865 37.0756
7.69223 36.8702
7.69797 37.2034
7.7037 37.3168
7.70944 38.3955
7.71518 36.0976
7.72091 34.6818
7.72665 40.7863
7.73238 46.124
7.73812 60.8361
7.74386 78.5361
7.74959 76.1957
7.75533 50.728
7.76107 42.2321
7.7668 43.4609
7.77254 39.7328
7.77827 40.3033
7.78401 39.6061
7.78975 37.2593
7.79548 39.3125
7.80122 42.069
7.80696 43.1802
7.81269 41.1504
7.81843 44
7.82416 42.5474
7.8299 40.3857
7.83564 38.5039
7.84137 40.4397
7.84711 38.6036
7.85284 33.6031
7.85858 36.0938
7.86432 34.8351
7.87005 33.9065
7.87579 34.5781
7.88153 32.0902
7.88726 30.7944
7.893 34.8
7.89873 29.4375
7.90447 32.1667
7.91021 30.2331
7.91594 29.3588
7.92168 28.4333
7.92742 28.3905
7.93315 26.2409
7.93889 29.4127
7.94462 27.0614
7.95036 30
7.9561 26.7197
7.96183 24.5794
7.96757 28.181
7.9733 28.6861
7.97904 29.0846
7.98478 28.9554
7.99051 27.376
7.99625 27.4286
8.00199 29.7339
8.00772 24.4356
8.01346 27.9353
8.01919 24.0758
8.02493 25.3475
8.03067 27.8684
8.0364 26.4779
8.04214 27.7422
8.04788 23.7767
8.05361 27.036
8.05935 28.6103
8.06508 27.0932
8.07082 25.359
8.07656 24.7445
8.08229 23.3281
8.08803 28.697
8.09376 24.0839
8.0995 26.2348
8.10524 26.1803
8.11097 23.8407
8.11671 25.1241
8.12245 25.1395
8.12818 24.2589
8.13392 26.5909
8.13965 23.6449
8.14539 21.9839
8.15113 19.6486
8.15686 19.292
8.1626 21.1364
8.16834 18.6186
8.17407 21.3333
8.17981 17.5149
8.18554 16.3154
8.19128 15.3271
8.19702 14.4388
8.20275 13.7537
8.20849 13.8898
8.21422 12.1855
8.21996 13.5507
8.2257 10.4219
8.23143 9.56075
8.23717 6.09091
8.24291 7.11111
8.24864 6.07273
8.25438 5.18421
8.26011 7.78947
8.26585 4.77778
8.27159 0
8.27732 0
8.28306 0
8.2888 0
8.29453 0
8.30027 0
8.306 0
8.31174 0
8.31748 0
8.32321 0
8.32895 0
8.33468 0
8.34042 0
8.34616 0
8.35189 0
8.35763 0
8.36337 0
8.3691 0
8.37484 0
8.38057 0
8.38631 0
8.39205 0
8.39778 0
8.40352 0
8.40926 0
8.41499 0
8.42073 0
8.42646 0
8.4322 0
8.43794 0
8.44367 0
8.44941 0
8.45514 0
8.46088 0
8.46662 0
8.47235 0
8.47809 0
8.48383 0
8.48956 0
8.4953 0
8.50103 0
8.50677 0
8.51251 0
8.51824 0
8.52398 0
8.52972 0
8.53545 0
8.54119 0
8.54692 0
8.55266 0
8.5584 0
8.56413 0
8.56987 0
8.5756 0
8.58134 0
8.58708 0
8.59281 0
8.59855 0
8.60429 0
8.61002 0
8.61576 0
8.62149 0
8.62723 0
8.63297 0
8.6387 0
8.64444 0
8.65018 0
8.65591 0
8.66165 0
8.66738 0
8.67312 0
8.67886 0
8.68459 0
8.69033 0
8.69606 0
8.7018 0
8.70754 0
8.71327 0
8.71901 0
8.72475 0
8.73048 0
8.73622 0
8.74195 0
8.74769 0
8.75343 0
8.75916 0
8.7649 0
8.77064 0
8.77637 0
8.78211 0
8.78784 0
8.79358 0
8.79932 0
8.80505 0
8.81079 0
8.81652 0
8.82226 0
8.828 0
8.83373 0
8.83947 0
8.84521 0
8.85094 0
8.85668 0
8.86241 0
8.86815 0
8.87389 0
8.87962 0
8.88536 0
8.8911 0
8.89683 0
8.90257 0
8.9083 0
8.91404 0
8.91978 0
8.92551 0
8.93125 0
8.93698 0
8.94272 0
8.94846 0
8.95419 0
8.95993 0
8.96567 0
8.9714 0
8.97714 0
8.98287 0
8.98861 0
8.99435 0
9.00008 0
9.00582 0
9.01156 0
9.01729 0
9.02303 0
9.02876 0
9.0345 0
9.04024 0
9.04597 0
9.05171 0
9.05744 0
9.06318 0
9.06892 0
9.07465 0
9.08039 0
9.08613 0
9.09186 0
9.0976 0
9.10333 0
9.10907 0
9.11481 0
9.12054 0
9.12628 0
9.13202 0
9.13775 0
9.14349 0
9.14922 0
9.15496 0
9.1607 0
9.16643 0
9.17217 0
9.1779 0
9.18364 0
9.18938 0
9.19511 0
9.20085 0
9.20659 0
9.21232 0
9.21806 0
9.22379 0
9.22953 0
9.23527 0
9.241 0
9.24674 0
9.25248 0
9.25821 0
9.26395 0
9.26968 0
9.27542 0
9.28116 0
9.28689 0
9.29263 0
9.29836 0
9.3041 0
9.30984 0
9.31557 0
9.32131 0
9.32705 0
9.33278 0
9.33852 0
9.34425 0
9.34999 0
9.35573 0
9.36146 0
9.3672 0
9.37294 0
9.37867 0
9.38441 0
9.39014 0
9.39588 0
9.40162 0
9.40735 0
9.41309 0
9.41882 0
9.42456 0
9.4303 0
9.43603 0
9.44177 0
9.44751 0
9.45324 0
9.45898 0
9.46471 0
9.47045 0
9.47619 0
9.48192 0
9.48766 0
9.4934 0
9.49913 0
9.50487 0
9.5106 0
9.51634 0
9.52208 0
9.52781 0
9.53355 0
9.53928 0
9.54502 0
9.55076 0
9.55649 0
9.56223 0
9.56797 0
9.5737 0
9.57944 0
9.58517 0
9.59091 0
9.59665 0
9.60238 0
9.60812 0
9.61386 0
9.61959 0
9.62533 0
9.63106 0
9.6368 0
9.64254 0
9.64827 0
9.65401 0
9.65974 0
9.66548 0
9.67122 0
9.67695 0
9.68269 0
9.68843 0
9.69416 0
9.6999 0
9.70563 0
9.71137 0
9.71711 0
9.72284 0
9.72858 0
9.73432 0
9.74005 0
9.74579 0
9.75152 0
9.75726 0
9.763 0
9.76873 0
9.77447 0
9.7802 0
9.78594 0
9.79168 0
9.79741 0
9.80315 0
9.80889 0
9.81462 0
9.82036 0
9.82609 0
9.83183 0
9.83757 0
9.8433 0
9.84904 0
9.85478 0
9.86051 0
9.86625 0
9.87198 0
9.87772 0
9.88346 0
9.88919 0
9.89493 0
9.90066 0
9.9064 0
9.91214 0
9.91787 0
9.92361 0
9.92935 0
9.93508 0
9.94082 0
9.94655 0
9.95229 0
9.95803 0
9.96376 0
9.9695 0
9.97524 0
9.98097 0
9.98671 0
9.99244 0
9.99818 0
10.0039 0
10.0097 0
10.0154 0
10.0211 0
10.0269 0
10.0326 0
10.0383 0
10.0441 0
10.0498 0
10.0555 0
10.0613 0
10.067 0
10.0728 0
10.0785 0
10.0842 0
10.09 0
10.0957 0
10.1014 0
10.1072 0
10.1129 0
10.1186 0
10.1244 0
10.1301 0
10.1358 0
10.1416 0
10.1473 0
10.1531 0
10.1588 0
10.1645 0
10.1703 0
10.176 0
10.1817 0
10.1875 0
10.1932 0
10.1989 0
10.2047 0
10.2104 0
10.2162 0
10.2219 0
10.2276 0
10.2334 0
10.2391 0
10.2448 0
10.2506 0
10.2563 0
10.262 0
10.2678 0
10.2735 0
10.2793 0
10.285 0
10.2907 0
10.2965 0
10.3022 0
10.3079 0
10.3137 0
10.3194 0
10.3251 0
10.3309 0
10.3366 0
10.3424 0
10.3481 0
10.3538 0
10.3596 0
10.3653 0
10.371 0
10.3768 0
10.3825 0
10.3882 0
10.394 0
10.3997 0
10.4054 0
10.4112 0
10.4169 0
10.4227 0
10.4284 0
10.4341 0
10.4399 0
10.4456 0
10.4513 0
10.4571 0
10.4628 0
10.4685 0
10.4743 0
10.48 0
10.4858 0
10.4915 0
10.4972 0
10.503 0
10.5087 0
10.5144 0
10.5202 0
10.5259 0
10.5316 0
10.5374 0
10.5431 0
10.5489 0
10.5546 0
10.5603 0
10.5661 0
10.5718 0
10.5775 0
10.5833 0
10.589 0
10.5947 0
10.6005 0
10.6062 0
10.612 0
10.6177 0
10.6234 0
10.6292 0
10.6349 0
10.6406 0
10.6464 0
10.6521 0
10.6578 0
10.6636 0
10.6693 0
10.6751 0
10.6808 0
10.6865 0
10.6923 0
10.698 0
10.7037 0
10.7095 0
10.7152 0
10.7209 0
10.7267 0
10.7324 0
10.7381 0
10.7439 0
10.7496 0
10.7554 0
10.7611 0
10.7668 0
10.7726 0
10.7783 0
10.784 0
10.7898 0
10.7955 0
10.8012 0
10.807 0
10.8127 0
10.8185 0
10.8242 0
10.8299 0
10.8357 0
10.8414 0
10.8471 0
10.8529 0
10.8586 0
10.8643 0
10.8701 0
10.8758 0
10.8816 0
10.8873 0
10.893 0
10.8988 0
10.9045 0
10.9102 0
10.916 0
10.9217 0
10.9274 0
10.9332 0
10.9389 0
10.9447 0
10.9504 0
10.9561 0
10.9619 0
10.9676 0
10.9733 0
10.9791 0
10.9848 0
10.9905 0
10.9963 0
11.002 0
11.0077 0
11.0135 0
11.0192 0
11.025 0
11.0307 0
11.0364 0
11.0422 0
11.0479 0
11.0536 0
11.0594 0
11.0651 0
11.0708 0
11.0766 0
11.0823 0
11.0881 0
11.0938 0
11.0995 0
11.1053 0
11.111 0
11.1167 0
11.1225 0
11.1282 0
11.1339 0
11.1397 0
11.1454 0
11.1512 0
11.1569 0
11.1626 0
11.1684 0
11.1741 0
11.1798 0
11.1856 0
11.1913 0
11.197 0
11.2028 0
11.2085 0
11.2143 0
11.22 0
11.2257 0
11.2315 0
11.2372 0
11.2429 0
11.2487 0
11.2544 0
11.2601 0
11.2659 0
11.2716 0
11.2774 0
11.2831 0
11.2888 0
11.2946 0
11.3003 0
11.306 0
11.3118 0
11.3175 0
11.3232 0
11.329 0
11.3347 0
11.3404 0
11.3462 0
11.3519 0
11.3577 0
11.3634 0
11.3691 0
11.3749 0
11.3806 0
11.3863 0
11.3921 0
11.3978 0
11.4035 0
11.4093 0
11.415 0
11.4208 0
11.4265 0
11.4322 0
11.438 0
11.4437 0
11.4494 0
11.4552 0
11.4609 0
11.4666 0
11.4724 0
11.4781 0
11.4839 0
11.4896 0
11.4953 0
11.5011 0
11.5068 0
11.5125 0
11.5183 0
11.524 0
11.5297 0
11.5355 0
11.5412 0
11.547 0
11.5527 0
11.5584 0
11.5642 0
11.5699 0
11.5756 0
11.5814 0
11.5871 0
11.5928 0
11.5986 0
11.6043 0
11.61 0
11.6158 0
11.6215 0
11.6273 0
11.633 0
11.6387 0
11.6445 0
11.6502 0
11.6559 0
11.6617 0
11.6674 0
11.6731 0
11.6789 0
11.6846 0
11.6904 0
11.6961 0
11.7018 0
11.7076 0
11.7133 0
11.719 0
11.7248 0
11.7305 0
11.7362 0
11.742 0
