0 -4
0.00573619 -6
0.0114724 -10
0.0172086 0
0.0229448 9
0.028681 18
0.0344171 0
0.0401533 -3
0.0458895 -18
0.0516257 -3
0.0573619 0
0.0630981 11
0.0688343 2
0.0745705 0
0.0803067 23
0.0860429 13
0.091779 0
0.0975152 -0.666667
0.103251 -13
0.108988 0.666667
0.114724 0
0.12046 4.66667
0.126196 -6.33333
0.131932 0
0.137669 -3
0.143405 2.33333
0.149141 18
0.154877 14.5
0.160613 22
0.16635 -2.66667
0.172086 0
0.177822 -8.66667
0.183558 1.6
0.189294 0
0.19503 6.8
0.200767 0.4
0.206503 1.66667
0.212239 -21.5
0.217975 7.6
0.223711 -15.4
0.229448 0
0.235184 7.4
0.24092 4.6
0.246656 0
0.252392 -5.4
0.258129 0
0.263865 3.8
0.269601 0
0.275337 4.6
0.281073 4.14286
0.28681 0
0.292546 6.42857
0.298282 9.42857
0.304018 15.6667
0.309754 13
0.31549 2.14286
0.321227 14.8571
0.326963 0
0.332699 1.28571
0.338435 3.42857
0.344171 0
0.349908 6.71429
0.355644 15.2857
0.36138 -1.4
0.367116 11
0.372852 -2.33333
0.378589 -0.857143
0.384325 1
0.390061 3
0.395797 12.2222
0.401533 0
0.40727 6.55556
0.413006 12.6667
0.418742 16
0.424478 18.5
0.430214 11.2222
0.43595 12.4444
0.441687 0
0.447423 17.2222
0.453159 6.44444
0.458895 18.3333
0.464631 5
0.470368 10.2727
0.476104 9.11111
0.48184 4.5
0.487576 10.7273
0.493312 6.18182
0.499049 0
0.504785 10.5455
0.510521 17.8182
0.516257 10.2
0.521993 11.1667
0.52773 16.3636
0.533466 13.8889
0.539202 19.5
0.544938 7.18182
0.550674 10.4545
0.55641 0
0.562147 9.30769
0.567883 19.0769
0.573619 9
0.579355 14.3333
0.585091 20.9231
0.590828 47.1818
0.596564 47.5
0.6023 212.231
0.608036 138.769
0.613772 36.2
0.619509 29.25
0.625245 18.1538
0.630981 18.3333
0.636717 10.25
0.642453 8.23077
0.64819 13.3846
0.653926 -7
0.659662 10
0.665398 7.2
0.671134 13.8571
0.67687 14
0.682607 12.3333
0.688343 18.0909
0.694079 20.25
0.699815 13.1333
0.705551 15.3333
0.711288 -20
0.717024 12.2857
0.72276 15.2
0.728496 9.44444
0.734232 21.6667
0.739969 14.625
0.745705 11.1538
0.751441 16.75
0.757177 6.05882
0.762913 14.5294
0.76865 17.6
0.774386 15.1667
0.780122 17.6471
0.785858 2.72727
0.791594 13.1667
0.79733 12.7059
0.803067 6.13333
0.808803 12
0.814539 9.41177
0.820275 13.2941
0.826011 8.66667
0.831748 1.75
0.837484 9.22222
0.84322 16
0.848956 22.1667
0.854692 11.1053
0.860429 13
0.866165 11.4
0.871901 6
0.877637 9.8421
0.883373 11.0909
0.88911 1.625
0.894846 20.2632
0.900582 6.6
0.906318 10
0.912054 19.8947
0.91779 6.70588
0.923527 3.55556
0.929263 7.38462
0.934999 12
0.940735 6.61538
0.946471 13.5
0.952208 12.1905
0.957944 13.0588
0.96368 -2
0.969416 12.9048
0.975152 9.89474
0.980889 6.72727
0.986625 7.41667
0.992361 14.8571
0.998097 9.13333
1.00383 -1.33333
1.00957 9.80952
1.01531 12.5294
1.02104 11.8
1.02678 16.0588
1.03251 16.381
1.03825 8.46154
1.04399 11.8333
1.04972 5.47826
1.05546 8.70588
1.0612 9.66667
1.06693 11.1304
1.07267 17.7895
1.0784 12.1538
1.08414 3.57143
1.08988 9.56522
1.09561 12.8
1.10135 11.25
1.10708 18.3478
1.11282 9
1.11856 4.57143
1.12429 9.92
1.13003 13.9048
1.13577 10
1.1415 16.5714
1.14724 13.96
1.15297 10.8
1.15871 8
1.16445 18.96
1.17018 11.3158
1.17592 14.3846
1.18166 7.72222
1.18739 8.91304
1.19313 13.2667
1.19886 10.5833
1.2046 10.4
1.21034 9.5
1.21607 9
1.22181 12.5556
1.22754 7.14286
1.23328 6.82353
1.23902 17.5
1.24475 12.8
1.25049 14.3529
1.25623 17.5833
1.26196 8.62963
1.2677 8
1.27343 5.15385
1.27917 9.86364
1.28491 14.9565
1.29064 17.1765
1.29638 14.4286
1.30212 9.92593
1.30785 13.8333
1.31359 17.3333
1.31932 7
1.32506 9.09524
1.3308 14.3529
1.33653 13.25
1.34227 10
1.348 12.0526
1.35374 9.92857
1.35948 9.92593
1.36521 7
1.37095 11.1
1.37669 11.5172
1.38242 7.52174
1.38816 6.76471
1.39389 13.3158
1.39963 9.25926
1.40537 12.95
1.4111 19
1.41684 10.3793
1.42258 5.69565
1.42831 16.0588
1.43405 12.9167
1.43978 9.84
1.44552 16.2381
1.45126 4.75
1.45699 19.7241
1.46273 7.09524
1.46846 10.4167
1.4742 7.32258
1.47994 6.30435
1.48567 13.65
1.49141 15.8095
1.49715 11.6667
1.50288 12.6522
1.50862 7.8125
1.51435 10.7931
1.52009 15
1.52583 14.6667
1.53156 9.3
1.5373 12.04
1.54304 9.85714
1.54877 11.5
1.55451 9.03448
1.56024 15.3913
1.56598 9.64286
1.57172 9.77419
1.57745 10.92
1.58319 8.95
1.58892 11.6
1.59466 13.5926
1.6004 10.28
1.60613 19.3333
1.61187 14.9677
1.61761 8.92
1.62334 9.85714
1.62908 15.8485
1.63481 12.0741
1.64055 16.087
1.64629 14.4091
1.65202 10.069
1.65776 7.84
1.6635 10.875
1.66923 14.7097
1.67497 15.5
1.6807 11.7
1.68644 13.3929
1.69218 11.2759
1.69791 11.36
1.70365 13.5
1.70938 11.6452
1.71512 14.1111
1.72086 11.4375
1.72659 14.3636
1.73233 9.7931
1.73807 15.7826
1.7438 7.65385
1.74954 11.7241
1.75527 12.1852
1.76101 19
1.76675 17.6364
1.77248 14.4643
1.77822 11.55
1.78396 12.9333
1.78969 12.8065
1.79543 12.7037
1.80116 10.6667
1.8069 11.2258
1.81264 15.3793
1.81837 15.5
1.82411 6.74286
1.82984 18.6897
1.83558 12.76
1.84132 17.1538
1.84705 17.5806
1.85279 14.1852
1.85853 18.087
1.86426 14.3333
1.87 11.2
1.87573 18.4444
1.88147 15.4286
1.88721 11.4848
1.89294 14.2593
1.89868 8.38461
1.90442 16.4848
1.91015 15.9355
1.91589 16.45
1.92162 11.8857
1.92736 15.5161
1.9331 14.64
1.93883 18.3571
1.94457 22.2424
1.9503 19.2667
1.95604 11.5417
1.96178 14.7059
1.96751 16.25
1.97325 22.95
1.97899 15.5676
1.98472 16.0303
1.99046 17.6897
1.99619 18.6923
2.00193 17.6286
2.00767 13.2581
2.0134 17.8333
2.01914 15.1429
2.02488 12.9091
2.03061 9.6
2.03635 14.5625
2.04208 12.8824
2.04782 17.5312
2.05356 16.5833
2.05929 19.1667
2.06503 12.2571
2.07076 16.6364
2.0765 14.5676
2.08224 17.0286
2.08797 14.3103
2.09371 18.8929
2.09945 14.7297
2.10518 14.6364
2.11092 13.2083
2.11665 16.1892
2.12239 15.0857
2.12813 15.8261
2.13386 14.9722
2.1396 15.0833
2.14534 18.6875
2.15107 16.5
2.15681 16.4474
2.16254 13.1081
2.16828 12.8182
2.17402 16.8462
2.17975 17.1892
2.18549 18.871
2.19122 17.2
2.19696 18.6216
2.2027 18.5429
2.20843 17
2.21417 24.9487
2.21991 77.1351
2.22564 38.1818
2.23138 62.2
2.23711 37.0789
2.24285 20.9412
2.24859 20.0714
2.25432 20.4359
2.26006 23.3077
2.2658 14.1818
2.27153 19.2195
2.27727 16.2821
2.283 15.2581
2.28874 18.0938
2.29448 19
2.30021 13.6216
2.30595 12.0385
2.31168 19.3846
2.31742 14.5897
2.32316 18.1818
2.32889 13.7143
2.33463 16.975
2.34037 16.1667
2.3461 21
2.35184 18.4884
2.35757 18.4324
2.36331 19.2308
2.36905 18.0976
2.37478 18.6585
2.38052 16.0968
2.38626 13.5882
2.39199 19.907
2.39773 16.5135
2.40346 16.1923
2.4092 18.7442
2.41494 19.5
2.42067 18.8182
2.42641 15.7727
2.43214 17.3095
2.43788 14.1143
2.44362 20.9062
2.44935 20.0889
2.45509 15.6667
2.46083 18.8462
2.46656 19.0889
2.4723 13.9024
2.47803 18.931
2.48377 16.75
2.48951 15.7442
2.49524 16.4872
2.50098 17.8077
2.50672 13.9565
2.51245 12.4762
2.51819 14.9167
2.52392 19.1739
2.52966 16.4091
2.5354 22.3333
2.54113 14.8056
2.54687 18.5333
2.5526 19.3902
2.55834 14.8846
2.56408 14.7872
2.56981 14.8837
2.57555 17.3448
2.58129 17.3571
2.58702 17.2444
2.59276 18.5135
2.59849 15.5
2.60423 15.8913
2.60997 19.1818
2.6157 22.875
2.62144 13.6042
2.62718 13.4255
2.63291 17.0571
2.63865 13.2778
2.64438 18.5319
2.65012 17.9268
2.65586 14.8
2.66159 12.9362
2.66733 15.1556
2.67306 11.76
2.6788 15
2.68454 17.4043
2.69027 15.9744
2.69601 16.1818
2.70175 15.25
2.70748 15.7111
2.71322 16.6667
2.71895 14.3958
2.72469 18.2653
2.73043 21.8571
2.73616 18.6842
2.7419 20.2245
2.74764 15.1628
2.75337 19.1
2.75911 17.7347
2.76484 17.9388
2.77058 20.25
2.77632 18.7551
2.78205 20
2.78779 18.359
2.79352 14.5429
2.79926 14.1154
2.805 15.7778
2.81073 14.1111
2.81647 14.1321
2.82221 19.0612
2.82794 17.8108
2.83368 15.3421
2.83941 15.2453
2.84515 12.5122
2.85089 17.6875
2.85662 15.9434
2.86236 18.3469
2.8681 14.0833
2.87383 18.5849
2.87957 14.36
2.8853 18.3659
2.89104 20.6216
2.89678 21.2115
2.90251 17.9333
2.90825 21.4828
2.91398 17.7455
2.91972 17.8431
2.92546 16.5405
2.93119 17.5238
2.93693 18.9623
2.94267 26.8667
2.9484 16.9688
2.95414 21.717
2.95987 18.2857
2.96561 21.5
2.97135 17.2679
2.97708 19.8519
2.98282 15.3846
2.98856 19.2564
2.99429 17.7963
3.00003 19.0213
3.00576 16.5
3.0115 17.8727
3.01724 17.9057
3.02297 19.4324
3.02871 18.5455
3.03444 17.4
3.04018 22.2
3.04592 18.7353
3.05165 21.6909
3.05739 17.7451
3.06313 20
3.06886 19.3036
3.0746 21.9818
3.08033 19.75
3.08607 18.7027
3.09181 22.5714
3.09754 19.6122
3.10328 19.125
3.10902 22.1186
3.11475 21.7547
3.12049 20.0256
3.12622 22.3043
3.13196 22.0909
3.1377 23.0213
3.14343 30.7778
3.14917 28.8772
3.1549 27.3922
3.16064 26.7931
3.16638 22.0333
3.17211 23.2909
3.17785 24.6591
3.18359 23.4146
3.18932 21
3.19506 23.2857
3.20079 23.4412
3.20653 21.4237
3.21227 27.9434
3.218 23.122
3.22374 21.4792
3.22948 24.2034
3.23521 23.1556
3.24095 23.7895
3.24668 29.85
3.25242 20.9434
3.25816 22.5882
3.26389 27.5965
3.26963 23.6491
3.27536 22.5217
3.2811 26.122
3.28684 25.8689
3.29257 26.2857
3.29831 24.9167
3.30405 29.7778
3.30978 21.5818
3.31552 24.2791
3.32125 24.5208
3.32699 24.7018
3.33273 25.9804
3.33846 25.1316
3.3442 27.5645
3.34994 26.7059
3.35567 24.3158
3.36141 24.5085
3.36714 27.5088
3.37288 27.8333
3.37862 28.8182
3.38435 25.5246
3.39009 27.4906
3.39582 26.7222
3.40156 28.127
3.4073 24.9818
3.41303 27.1064
3.41877 26.0625
3.42451 25.7869
3.43024 30.7143
3.43598 24.7073
3.44171 32.3968
3.44745 31.2143
3.45319 31.6905
3.45892 30.8909
3.46466 28.2373
3.4704 26.9
3.47613 31.4773
3.48187 33.6032
3.4876 29.5283
3.49334 28.8421
3.49908 26.194
3.50481 30.2105
3.51055 28.5745
3.51628 30.4
3.52202 31.2295
3.52776 31.0556
3.53349 30.0976
3.53923 29.9385
3.54497 38.1481
3.5507 33.5833
3.55644 37.0909
3.56217 37.9322
3.56791 38.6981
3.57365 36.8913
3.57938 37.2154
3.58512 31.9273
3.59086 37.9211
3.59659 39.194
3.60233 34.2203
3.60806 39.3529
3.6138 36.75
3.61954 37.127
3.62527 39.0179
3.63101 40.6829
3.63674 39.7463
3.64248 38.6724
3.64822 41.5
3.65395 44.2456
3.65969 47.1639
3.66543 48.9273
3.67116 43.4783
3.6769 46.1905
3.68263 44.2623
3.68837 42.1842
3.69411 47.6957
3.69984 47.1017
3.70558 43.5094
3.71132 46.902
3.71705 50.5538
3.72279 45.5536
3.72852 46.0698
3.73426 43.4627
3.74 48.7581
3.74573 51.52
3.75147 52.6071
3.7572 51.6667
3.76294 52.0847
3.76868 49.2727
3.77441 52.4925
3.78015 56.4068
3.78589 57.8298
3.79162 54.5
3.79736 57.0476
3.80309 63.25
3.80883 64.8431
3.81457 61.9077
3.8203 69.8833
3.82604 71.9767
3.83178 74.8406
3.83751 78.0484
3.84325 89.1964
3.84898 106.537
3.85472 163.73
3.86046 236.557
3.86619 239.065
3.87193 337.029
3.87766 283.623
3.8834 172.588
3.88914 216.833
3.89487 222.492
3.90061 250.1
3.90635 261.469
3.91208 260.119
3.91782 221.109
3.92355 196.073
3.92929 155.676
3.93503 127.781
3.94076 117.932
3.9465 95.3519
3.95224 93.1343
3.95797 80.6825
3.96371 74.6304
3.96944 70.7324
3.97518 66.2222
3.98092 69.6364
3.98665 64.3966
3.99239 62.5441
3.99812 60.9032
4.00386 56.3061
4.0096 54.1594
4.01533 56.3281
4.02107 55.44
4.02681 54.0455
4.03254 53.7424
4.03828 56.6721
4.04401 51.7115
4.04975 55.9155
4.05549 51.8462
4.06122 55.6739
4.06696 52.7681
4.0727 50.6232
4.07843 52.4833
4.08417 47.9643
4.0899 50.2059
4.09564 54.9062
4.10138 53.32
4.10711 50.6806
4.11285 47.3939
4.11858 49.0714
4.12432 52.0806
4.13006 52.1304
4.13579 44.1587
4.14153 52.5192
4.14727 51.1781
4.153 45.0299
4.15874 49.1818
4.16447 45.6301
4.17021 47.5915
4.17595 48.5968
4.18168 51.3393
4.18742 50.6571
4.19316 47.5606
4.19889 45.18
4.20463 51.5946
4.21036 50.0735
4.2161 48.2
4.22184 49.5517
4.22757 48.2466
4.23331 50.1791
4.23904 55.94
4.24478 47.9733
4.25052 47.8551
4.25625 50.6909
4.26199 45.8125
4.26773 51.7222
4.27346 53.7727
4.2792 54.4643
4.28493 55.3889
4.29067 53.7
4.29641 58.2292
4.30214 54
4.30788 80.2286
4.31362 217.862
4.31935 79.5
4.32509 474.907
4.33082 156.826
4.33656 76.76
4.3423 65.7733
4.34803 66.863
4.35377 69.0161
4.3595 66.4167
4.36524 73.0135
4.37098 75.7
4.37671 78.2593
4.38245 76.8649
4.38819 76.1944
4.39392 88.9123
4.39966 97.2029
4.40539 102.347
4.41113 110.087
4.41687 122.389
4.4226 137.468
4.42834 192.575
4.43408 366.583
4.43981 554.403
4.44555 2030.24
4.45128 8313.14
4.45702 5115.54
4.46276 4735.21
4.46849 2330.29
4.47423 713.889
4.47996 451.553
4.4857 259.959
4.49144 211.508
4.49717 178.317
4.50291 164.519
4.50865 155.521
4.51438 142.462
4.52012 131.785
4.52585 122.64
4.53159 113.912
4.53733 102.543
4.54306 93.425
4.5488 84.3731
4.55454 80.1404
4.56027 67.425
4.56601 69.1892
4.57174 65.3462
4.57748 60.5513
4.58322 53.3205
4.58895 52.8358
4.59469 55.4098
4.60042 52.0886
4.60616 50.4267
4.6119 47.68
4.61763 45.3012
4.62337 43.7403
4.62911 45.4603
4.63484 40.4688
4.64058 43.4634
4.64631 40.375
4.65205 42.6071
4.65779 40.4125
4.66352 42.1667
4.66926 40.1967
4.675 37.2817
4.68073 39.859
4.68647 37.8493
4.6922 35.7414
4.69794 35.8765
4.70368 35.8052
4.70941 38.04
4.71515 36.5765
4.72088 37.0886
4.72662 38.8116
4.73236 34.3651
4.73809 35.1951
4.74383 36.6282
4.74957 35.3462
4.7553 32.619
4.76104 32.875
4.76677 30.7164
4.77251 33.2615
4.77825 33.2439
4.78398 32.4533
4.78972 32
4.79546 28.6471
4.80119 33.5949
4.80693 29.9538
4.81266 25.1571
4.8184 29.2857
4.82414 30.2466
4.82987 29.1803
4.83561 30.5595
4.84134 27.975
4.84708 30.2264
4.85282 27.6235
4.85855 29.6341
4.86429 33.0845
4.87003 29.8689
4.87576 29.1149
4.8815 28.0886
4.88723 31.6852
4.89297 26.9647
4.89871 30.5181
4.90444 28.4789
4.91018 23.2879
4.91592 25.5119
4.92165 28.7595
4.92739 26.8772
4.93312 27.1628
4.93886 25.0119
4.9446 27.4925
4.95033 22.4225
4.95607 23.814
4.9618 27.7273
4.96754 24.3729
4.97328 26.7471
4.97901 24.4458
4.98475 26.541
4.99049 26.0897
4.99622 28.1264
5.00196 28.3425
5.00769 27.1587
5.01343 26.5455
5.01917 26.6867
5.0249 26.2642
5.03064 26.9
5.03638 27.5814
5.04211 25.6933
5.04785 23.3385
5.05358 24.2791
5.05932 22.8889
5.06506 22.3793
5.07079 22.1461
5.07653 24.3563
5.08226 25.4366
5.088 23.2429
5.09374 27.8889
5.09947 24.5455
5.10521 23.3968
5.11095 20.4889
5.11668 25.7294
5.12242 25.5152
5.12815 25.6753
5.13389 23.6
5.13963 21.9351
5.14536 21.9508
5.1511 22.7935
5.15684 23.5542
5.16257 24.619
5.16831 19.5595
5.17404 21.5955
5.17978 23.9221
5.18552 22.2121
5.19125 25.6889
5.19699 23.6386
5.20272 20.1017
5.20846 25.1957
5.2142 21.5843
5.21993 25.8553
5.22567 24.3333
5.23141 25.3478
5.23714 24.4938
5.24288 21.2623
5.24861 22.9892
5.25435 25.3708
5.26009 23.7324
5.26582 22.8816
5.27156 20.3407
5.2773 20.6076
5.28303 24.6923
5.28877 20.9043
5.2945 20.977
5.30024 22.8889
5.30598 24.7468
5.31171 22.1011
5.31745 21.9634
5.32318 22.4923
5.32892 20.1277
5.33466 23.3333
5.34039 25.5909
5.34613 24.6279
5.35187 23.1758
5.3576 23.5432
5.36334 20.7727
5.36907 23.0104
5.37481 25.8706
5.38055 23.6557
5.38628 23.6458
5.39202 22.5604
5.39776 24.2375
5.40349 18.7324
5.40923 21.6562
5.41496 21.5802
5.4207 20.5397
5.42644 22.0918
5.43217 20.1124
5.43791 22.9241
5.44364 23.0946
5.44938 22.0515
5.45512 23.037
5.46085 21.2727
5.46659 23.2347
5.47233 23.7416
5.47806 23.1711
5.4838 24.8519
5.48953 22.8925
5.49527 23.2738
5.50101 24.7612
5.50674 20.2857
5.51248 20.9213
5.51822 19.5
5.52395 23.3614
5.52969 22.2796
5.53542 20.9765
5.54116 20.9118
5.5469 20.8788
5.55263 23.7079
5.55837 25.7222
5.5641 23.0562
5.56984 20.4409
5.57558 22.6071
5.58131 24.4932
5.58705 23.3636
5.59279 22.0227
5.59852 21.4127
5.60426 12.37
5.60999 18.3656
5.61573 20.0732
5.62147 20.6842
5.6272 21.8144
5.63294 23.4368
5.63868 22.9545
5.64441 21.8119
5.65015 23.5806
5.65588 22.119
5.66162 23.2987
5.66736 22.9091
5.67309 21.4767
5.67883 22.2609
5.68456 24.2772
5.6903 22.4889
5.69604 23.6098
5.70177 21.759
5.70751 20.1579
5.71325 26.1364
5.71898 23.7083
5.72472 23.9596
5.73045 24.4946
5.73619 24.7595
5.74193 24.1348
5.74766 23.0526
5.7534 21.5795
5.75914 22.662
5.76487 24.4455
5.77061 24.0851
5.77634 26.6538
5.78208 24.5955
5.78782 25.701
5.79355 26.8256
5.79929 23.8267
5.80502 22.2178
5.81076 26.1935
5.8165 25.5333
5.82223 24.3542
5.82797 27.4227
5.83371 24.6047
5.83944 24.3544
5.84518 24.0202
5.85091 24.7604
5.85665 21.9692
5.86239 25.9714
5.86812 26.6939
5.87386 24.8605
5.8796 22.7468
5.88533 25.7624
5.89107 26.6196
5.8968 23.5217
5.90254 25.2381
5.90828 26.4949
5.91401 24.8706
5.91975 26.0122
5.92548 29.2323
5.93122 25.7021
5.93696 25.7534
5.94269 26.5429
5.94843 25.9792
5.95417 27.9432
5.9599 26.7176
5.96564 25.0505
5.97137 25.7128
5.97711 26.7808
5.98285 28.4175
5.98858 26.9898
5.99432 27.3412
6.00006 28
6.00579 28.4141
6.01153 26.9677
6.01726 29.4133
6.023 28.5143
6.02874 31.9688
6.03447 29.2727
6.04021 28.6222
6.04594 29.9592
6.05168 30.4896
6.05742 30.4805
6.06315 26.9333
6.06889 28.7396
6.07463 30.0119
6.08036 27.6489
6.0861 29.3061
6.09183 30.2474
6.09757 31.5513
6.10331 31.0286
6.10904 32.9688
6.11478 30.9302
6.12052 30.125
6.12625 31.73
6.13199 33.6277
6.13772 30.7073
6.14346 29.8725
6.1492 34.7
6.15493 37.0625
6.16067 33.4118
6.1664 35.0306
6.17214 34.6915
6.17788 33.881
6.18361 36.3689
6.18935 35.6667
6.19509 33.8108
6.20082 35.8807
6.20656 36.0196
6.21229 37.7083
6.21803 38.6585
6.22377 39.6415
6.2295 39.93
6.23524 38.36
6.24098 40.844
6.24671 43.8235
6.25245 40.7872
6.25818 41.7209
6.26392 44.451
6.26966 43.9804
6.27539 46.6316
6.28113 48.4862
6.28686 49.5743
6.2926 52.625
6.29834 68.5795
6.30407 86.7212
6.30981 123.108
6.31555 424.795
6.32128 1207.82
6.32702 601.192
6.33275 362.812
6.33849 170.955
6.34423 102.019
6.34996 89.9902
6.3557 80.8974
6.36144 83.9074
6.36717 80.6667
6.37291 83.4526
6.37864 87.3556
6.38438 86.5943
6.39012 83.7745
6.39585 83.6625
6.40159 76.9259
6.40732 65.6389
6.41306 62.117
6.4188 58.2826
6.42453 52.8774
6.43027 48.1765
6.43601 44.3171
6.44174 43.8868
6.44748 40.4907
6.45321 39.3191
6.45895 40.5761
6.46469 38.4571
6.47042 41.233
6.47616 40.381
6.4819 35.5364
6.48763 36.2778
6.49337 36.2043
6.4991 37.5474
6.50484 35.5648
6.51058 37.5098
6.51631 37.6786
6.52205 34.0727
6.52778 33.8148
6.53352 32.4565
6.53926 32.8125
6.54499 33.1852
6.55073 33.1262
6.55647 33.2262
6.5622 34.4602
6.56794 34.4815
6.57367 31.086
6.57941 32.9053
6.58515 34.6339
6.59088 34.5288
6.59662 34.3452
6.60236 32.6316
6.60809 33.7547
6.61383 34.1398
6.61956 31.5773
6.6253 32.2054
6.63104 33.451
6.63677 33.0581
6.64251 31.5526
6.64824 32.9065
6.65398 35.1978
6.65972 31.4804
6.66545 32.2589
6.67119 31.1058
6.67693 30.7558
6.68266 34.3707
6.6884 32.8981
6.69413 34.0769
6.69987 28.9709
6.70561 32.3304
6.71134 32.1442
6.71708 31.6364
6.72282 33.1404
6.72855 31.8333
6.73429 28.191
6.74002 33.1226
6.74576 29.3565
6.7515 31.6505
6.75723 30.4157
6.76297 28.569
6.7687 32.5268
6.77444 30.8202
6.78018 30.9619
6.78591 34.1466
6.79165 30.1122
6.79739 31.2989
6.80312 32.4912
6.80886 31.8571
6.81459 30.1538
6.82033 34.6667
6.82607 29.6034
6.8318 33.2
6.83754 31.1591
6.84328 33.2797
6.84901 33.4286
6.85475 31.1319
6.86048 30.7982
6.86622 30.181
6.87196 32.4673
6.87769 29.4943
6.88343 32.1949
6.88916 28.7456
6.8949 31.9885
6.90064 30.823
6.90637 32.4298
6.91211 31.6449
6.91785 33.2414
6.92358 33.1983
6.92932 31.0619
6.93505 34.4382
6.94079 31.6991
6.94653 32.319
6.95226 34.5794
6.958 34.2967
6.96374 30.3417
6.96947 31.2544
6.97521 32.3846
6.98094 33.9459
6.98668 33.6034
6.99242 32.0275
6.99815 32.7865
7.00389 31.9333
7.00962 34.75
7.01536 31.7692
7.0211 31.7727
7.02683 34.4754
7.03257 34.6636
7.03831 34.5484
7.04404 30.541
7.04978 30.1565
7.05551 33.0532
7.06125 32.2844
7.06699 32.0246
7.07272 31.2661
7.07846 33.5169
7.0842 31.918
7.08993 31.9914
7.09567 31.8925
7.1014 31.7345
7.10714 33.563
7.11288 32.3486
7.11861 31.3656
7.12435 33.4758
7.13008 33.359
7.13582 31.1354
7.14156 33.8829
7.14729 35.375
7.15303 32.945
7.15877 34.172
7.1645 32.9919
7.17024 36.4118
7.17597 31.5
7.18171 31.6075
7.18745 30.2049
7.19318 31.1892
7.19892 33.4615
7.20466 31.8346
7.21039 33.8889
7.21613 34.41
7.22186 34.8257
7.2276 36.5794
7.23334 36.3964
7.23907 33.4506
7.24481 35.0952
7.25054 34.1513
7.25628 37.72
7.26202 36.955
7.26775 38.0246
7.27349 36.6036
7.27923 35.9785
7.28496 35.3095
7.2907 34.8824
7.29643 39.3689
7.30217 38.422
7.30791 37.1371
7.31364 40.7778
7.31938 37.6854
7.32512 37.8923
7.33085 38.2397
7.33659 39.4135
7.34232 39.5714
7.34806 41.5615
7.3538 40.7928
7.35953 41.129
7.36527 41.9766
7.371 45.6198
7.37674 47.375
7.38248 46.211
7.38821 51.704
7.39395 58.7241
7.39969 74.7527
7.40542 126.423
7.41116 168.577
7.41689 213.255
7.42263 103.178
7.42837 79.3571
7.4341 67.8403
7.43984 64.1685
7.44558 59.8209
7.45131 63.6364
7.45705 64.0273
7.46278 70.2233
7.46852 68.9538
7.47426 69.7009
7.47999 71.8778
7.48573 75.553
7.49146 76.528
7.4972 72.4364
7.50294 69.1495
7.50867 65.2188
7.51441 57.3193
7.52015 55.4286
7.52588 50.7727
7.53162 47.32
7.53735 45.7857
7.54309 42.9515
7.54883 43.0227
7.55456 41.0672
7.5603 42.2022
7.56604 38.0672
7.57177 40.024
7.57751 39.3534
7.58324 36.3107
7.58898 39.5802
7.59472 38.8607
7.60045 39.49
7.60619 38.0569
7.61192 39.4186
7.61766 34.9397
7.6234 39.4554
7.62913 35.5985
7.63487 36.9917
7.64061 37.5392
7.64634 38
7.65208 37.3566
7.65781 34.6441
7.66355 38.449
7.66929 40.0222
7.67502 36.2823
7.68076 37.2358
7.6865 37.3613
7.69223 39.7939
7.69797 39.2881
7.7037 36.8713
7.70944 37.6418
7.71518 39.6992
7.72091 39.0455
7.72665 41.2735
7.73238 48.3643
7.73812 66.7377
7.74386 91.268
7.74959 78.5725
7.75533 56.24
7.76107 48.3661
7.7668 46.3913
7.77254 42.313
7.77827 42.6066
7.78401 40.3131
7.78975 42.7556
7.79548 43.0391
7.80122 41.4397
7.80696 44.6937
7.81269 46.4436
7.81843 44.9113
7.82416 45.9368
7.8299 43.3857
7.83564 45.3937
7.84137 40.3793
7.84711 38.3333
7.85284 40.8244
7.85858 36.4453
7.86432 33.268
7.87005 36.1079
7.87579 32.3984
7.88153 31.9016
7.88726 32.9626
7.893 32.4889
7.89873 30.3828
7.90447 35.8137
7.91021 30.5789
7.91594 30.5573
7.92168 31.1167
7.92742 31.3333
7.93315 30.4088
7.93889 30.4286
7.94462 30.6316
7.95036 32.1639
7.9561 31.7045
7.96183 27.9444
7.96757 28.8286
7.9733 29.5255
7.97904 27.6692
7.98478 29.4732
7.99051 30.8
7.99625 29.1128
8.00199 28.7339
8.00772 28.6436
8.01346 27.2518
8.01919 26.8636
8.02493 26.1695
8.03067 27.8596
8.0364 27.9412
8.04214 26.7812
8.04788 29.7184
8.05361 26.0791
8.05935 29.2353
8.06508 27.6695
8.07082 27.4274
8.07656 30.9562
8.08229 26.3359
8.08803 26.4848
8.09376 26.035
8.0995 27.3258
8.10524 26.2295
8.11097 26.3982
8.11671 29.3942
8.12245 26.5039
8.12818 26.4107
8.13392 25.4848
8.13965 26.8406
8.14539 25.1452
8.15113 23.0901
8.15686 23.0219
8.1626 23.25
8.16834 22.7458
8.17407 19.2619
8.17981 17.0149
8.18554 17.1615
8.19128 15.2897
8.19702 15.6691
8.20275 13.5373
8.20849 12.8136
8.21422 12.6129
8.21996 10.8696
8.2257 9.78906
8.23143 10.6636
8.23717 7.00699
8.24291 4.38272
8.24864 7.50909
8.25438 5.60526
8.26011 8.47368
8.26585 8.55556
8.27159 0
8.27732 0
8.28306 0
8.2888 0
8.29453 0
8.30027 0
8.306 0
8.31174 0
8.31748 0
8.32321 0
8.32895 0
8.33468 0
8.34042 0
8.34616 0
8.35189 0
8.35763 0
8.36337 0
8.3691 0
8.37484 0
8.38057 0
8.38631 0
8.39205 0
8.39778 0
8.40352 0
8.40926 0
8.41499 0
8.42073 0
8.42646 0
8.4322 0
8.43794 0
8.44367 0
8.44941 0
8.45514 0
8.46088 0
8.46662 0
8.47235 0
8.47809 0
8.48383 0
8.48956 0
8.4953 0
8.50103 0
8.50677 0
8.51251 0
8.51824 0
8.52398 0
8.52972 0
8.53545 0
8.54119 0
8.54692 0
8.55266 0
8.5584 0
8.56413 0
8.56987 0
8.5756 0
8.58134 0
8.58708 0
8.59281 0
8.59855 0
8.60429 0
8.61002 0
8.61576 0
8.62149 0
8.62723 0
8.63297 0
8.6387 0
8.64444 0
8.65018 0
8.65591 0
8.66165 0
8.66738 0
8.67312 0
8.67886 0
8.68459 0
8.69033 0
8.69606 0
8.7018 0
8.70754 0
8.71327 0
8.71901 0
8.72475 0
8.73048 0
8.73622 0
8.74195 0
8.74769 0
8.75343 0
8.75916 0
8.7649 0
8.77064 0
8.77637 0
8.78211 0
8.78784 0
8.79358 0
8.79932 0
8.80505 0
8.81079 0
8.81652 0
8.82226 0
8.828 0
8.83373 0
8.83947 0
8.84521 0
8.85094 0
8.85668 0
8.86241 0
8.86815 0
8.87389 0
8.87962 0
8.88536 0
8.8911 0
8.89683 0
8.90257 0
8.9083 0
8.91404 0
8.91978 0
8.92551 0
8.93125 0
8.93698 0
8.94272 0
8.94846 0
8.95419 0
8.95993 0
8.96567 0
8.9714 0
8.97714 0
8.98287 0
8.98861 0
8.99435 0
9.00008 0
9.00582 0
9.01156 0
9.01729 0
9.02303 0
9.02876 0
9.0345 0
9.04024 0
9.04597 0
9.05171 0
9.05744 0
9.06318 0
9.06892 0
9.07465 0
9.08039 0
9.08613 0
9.09186 0
9.0976 0
9.10333 0
9.10907 0
9.11481 0
9.12054 0
9.12628 0
9.13202 0
9.13775 0
9.14349 0
9.14922 0
9.15496 0
9.1607 0
9.16643 0
9.17217 0
9.1779 0
9.18364 0
9.18938 0
9.19511 0
9.20085 0
9.20659 0
9.21232 0
9.21806 0
9.22379 0
9.22953 0
9.23527 0
9.241 0
9.24674 0
9.25248 0
9.25821 0
9.26395 0
9.26968 0
9.27542 0
9.28116 0
9.28689 0
9.29263 0
9.29836 0
9.3041 0
9.30984 0
9.31557 0
9.32131 0
9.32705 0
9.33278 0
9.33852 0
9.34425 0
9.34999 0
9.35573 0
9.36146 0
9.3672 0
9.37294 0
9.37867 0
9.38441 0
9.39014 0
9.39588 0
9.40162 0
9.40735 0
9.41309 0
9.41882 0
9.42456 0
9.4303 0
9.43603 0
9.44177 0
9.44751 0
9.45324 0
9.45898 0
9.46471 0
9.47045 0
9.47619 0
9.48192 0
9.48766 0
9.4934 0
9.49913 0
9.50487 0
9.5106 0
9.51634 0
9.52208 0
9.52781 0
9.53355 0
9.53928 0
9.54502 0
9.55076 0
9.55649 0
9.56223 0
9.56797 0
9.5737 0
9.57944 0
9.58517 0
9.59091 0
9.59665 0
9.60238 0
9.60812 0
9.61386 0
9.61959 0
9.62533 0
9.63106 0
9.6368 0
9.64254 0
9.64827 0
9.65401 0
9.65974 0
9.66548 0
9.67122 0
9.67695 0
9.68269 0
9.68843 0
9.69416 0
9.6999 0
9.70563 0
9.71137 0
9.71711 0
9.72284 0
9.72858 0
9.73432 0
9.74005 0
9.74579 0
9.75152 0
9.75726 0
9.763 0
9.76873 0
9.77447 0
9.7802 0
9.78594 0
9.79168 0
9.79741 0
9.80315 0
9.80889 0
9.81462 0
9.82036 0
9.82609 0
9.83183 0
9.83757 0
9.8433 0
9.84904 0
9.85478 0
9.86051 0
9.86625 0
9.87198 0
9.87772 0
9.88346 0
9.88919 0
9.89493 0
9.90066 0
9.9064 0
9.91214 0
9.91787 0
9.92361 0
9.92935 0
9.93508 0
9.94082 0
9.94655 0
9.95229 0
9.95803 0
9.96376 0
9.9695 0
9.97524 0
9.98097 0
9.98671 0
9.99244 0
9.99818 0
10.0039 0
10.0097 0
10.0154 0
10.0211 0
10.0269 0
10.0326 0
10.0383 0
10.0441 0
10.0498 0
10.0555 0
10.0613 0
10.067 0
10.0728 0
10.0785 0
10.0842 0
10.09 0
10.0957 0
10.1014 0
10.1072 0
10.1129 0
10.1186 0
10.1244 0
10.1301 0
10.1358 0
10.1416 0
10.1473 0
10.1531 0
10.1588 0
10.1645 0
10.1703 0
10.176 0
10.1817 0
10.1875 0
10.1932 0
10.1989 0
10.2047 0
10.2104 0
10.2162 0
10.2219 0
10.2276 0
10.2334 0
10.2391 0
10.2448 0
10.2506 0
10.2563 0
10.262 0
10.2678 0
10.2735 0
10.2793 0
10.285 0
10.2907 0
10.2965 0
10.3022 0
10.3079 0
10.3137 0
10.3194 0
10.3251 0
10.3309 0
10.3366 0
10.3424 0
10.3481 0
10.3538 0
10.3596 0
10.3653 0
10.371 0
10.3768 0
10.3825 0
10.3882 0
10.394 0
10.3997 0
10.4054 0
10.4112 0
10.4169 0
10.4227 0
10.4284 0
10.4341 0
10.4399 0
10.4456 0
10.4513 0
10.4571 0
10.4628 0
10.4685 0
10.4743 0
10.48 0
10.4858 0
10.4915 0
10.4972 0
10.503 0
10.5087 0
10.5144 0
10.5202 0
10.5259 0
10.5316 0
10.5374 0
10.5431 0
10.5489 0
10.5546 0
10.5603 0
10.5661 0
10.5718 0
10.5775 0
10.5833 0
10.589 0
10.5947 0
10.6005 0
10.6062 0
10.612 0
10.6177 0
10.6234 0
10.6292 0
10.6349 0
10.6406 0
10.6464 0
10.6521 0
10.6578 0
10.6636 0
10.6693 0
10.6751 0
10.6808 0
10.6865 0
10.6923 0
10.698 0
10.7037 0
10.7095 0
10.7152 0
10.7209 0
10.7267 0
10.7324 0
10.7381 0
10.7439 0
10.7496 0
10.7554 0
10.7611 0
10.7668 0
10.7726 0
10.7783 0
10.784 0
10.7898 0
10.7955 0
10.8012 0
10.807 0
10.8127 0
10.8185 0
10.8242 0
10.8299 0
10.8357 0
10.8414 0
10.8471 0
10.8529 0
10.8586 0
10.8643 0
10.8701 0
10.8758 0
10.8816 0
10.8873 0
10.893 0
10.8988 0
10.9045 0
10.9102 0
10.916 0
10.9217 0
10.9274 0
10.9332 0
10.9389 0
10.9447 0
10.9504 0
10.9561 0
10.9619 0
10.9676 0
10.9733 0
10.9791 0
10.9848 0
10.9905 0
10.9963 0
11.002 0
11.0077 0
11.0135 0
11.0192 0
11.025 0
11.0307 0
11.0364 0
11.0422 0
11.0479 0
11.0536 0
11.0594 0
11.0651 0
11.0708 0
11.0766 0
11.0823 0
11.0881 0
11.0938 0
11.0995 0
11.1053 0
11.111 0
11.1167 0
11.1225 0
11.1282 0
11.1339 0
11.1397 0
11.1454 0
11.1512 0
11.1569 0
11.1626 0
11.1684 0
11.1741 0
11.1798 0
11.1856 0
11.1913 0
11.197 0
11.2028 0
11.2085 0
11.2143 0
11.22 0
11.2257 0
11.2315 0
11.2372 0
11.2429 0
11.2487 0
11.2544 0
11.2601 0
11.2659 0
11.2716 0
11.2774 0
11.2831 0
11.2888 0
11.2946 0
11.3003 0
11.306 0
11.3118 0
11.3175 0
11.3232 0
11.329 0
11.3347 0
11.3404 0
11.3462 0
11.3519 0
11.3577 0
11.3634 0
11.3691 0
11.3749 0
11.3806 0
11.3863 0
11.3921 0
11.3978 0
11.4035 0
11.4093 0
11.415 0
11.4208 0
11.4265 0
11.4322 0
11.438 0
11.4437 0
11.4494 0
11.4552 0
11.4609 0
11.4666 0
11.4724 0
11.4781 0
11.4839 0
11.4896 0
11.4953 0
11.5011 0
11.5068 0
11.5125 0
11.5183 0
11.524 0
11.5297 0
11.5355 0
11.5412 0
11.547 0
11.5527 0
11.5584 0
11.5642 0
11.5699 0
11.5756 0
11.5814 0
11.5871 0
11.5928 0
11.5986 0
11.6043 0
11.61 0
11.6158 0
11.6215 0
11.6273 0
11.633 0
11.6387 0
11.6445 0
11.6502 0
11.6559 0
11.6617 0
11.6674 0
11.6731 0
11.6789 0
11.6846 0
11.6904 0
11.6961 0
11.7018 0
11.7076 0
11.7133 0
11.719 0
11.7248 0
11.7305 0
11.7362 0
11.742 0
