0 23.023
0.00573619 20.02
0.0114724 23.023
0.0172086 0
0.0229448 -2.002
0.028681 -11.011
0.0344171 0
0.0401533 1.001
0.0458895 6.006
0.0516257 18.018
0.0573619 0
0.0630981 0
0.0688343 24.024
0.0745705 0
0.0803067 5.005
0.0860429 1.001
0.091779 0
0.0975152 -7.67433
0.103251 -0.667333
0.108988 11.011
0.114724 0
0.12046 4.004
0.126196 -0.333667
0.131932 0
0.137669 18.018
0.143405 0.333667
0.149141 19.019
0.154877 17.5175
0.160613 -8.67533
0.16635 3.67033
0.172086 0
0.177822 -14.014
0.183558 5.4054
0.189294 0
0.19503 8.4084
0.200767 -10.2102
0.206503 -6.006
0.212239 0
0.217975 -11.011
0.223711 11.2112
0.229448 0
0.235184 1.2012
0.24092 1.8018
0.246656 0
0.252392 13.4134
0.258129 2.002
0.263865 16.6166
0.269601 0
0.275337 13.2132
0.281073 12.727
0.28681 0
0.292546 14.586
0.298282 17.446
0.304018 5.005
0.309754 13.5135
0.31549 20.306
0.321227 11.44
0.326963 0
0.332699 7.722
0.338435 -0.286
0.344171 0
0.349908 10.725
0.355644 12.298
0.36138 13.4134
0.367116 9.5095
0.372852 7.34067
0.378589 5.72
0.384325 26.5265
0.390061 5.67233
0.395797 8.34167
0.401533 0
0.40727 6.33967
0.413006 6.67333
0.418742 1.859
0.424478 17.5175
0.430214 6.67333
0.43595 11.3447
0.441687 0
0.447423 8.78656
0.453159 13.3467
0.458895 9.009
0.464631 16.731
0.470368 8.463
0.476104 8.56411
0.48184 16.016
0.487576 6.006
0.493312 16.38
0.499049 0
0.504785 13.741
0.510521 17.927
0.516257 4.8048
0.521993 14.6813
0.52773 22.204
0.533466 16.6833
0.539202 23.5235
0.544938 16.926
0.550674 10.01
0.55641 0
0.562147 14.553
0.567883 13.937
0.573619 9.581
0.579355 22.3557
0.585091 29.029
0.590828 80.353
0.596564 21.021
0.6023 383.152
0.608036 180.565
0.613772 49.6496
0.619509 39.2892
0.625245 27.027
0.630981 20.2424
0.636717 6.25625
0.642453 17.633
0.64819 15.169
0.653926 13.013
0.659662 17.9513
0.665398 14.8148
0.671134 13.156
0.67687 20.8959
0.682607 11.2779
0.688343 17.29
0.694079 19.5195
0.699815 15.9493
0.705551 13.8138
0.711288 -3.003
0.717024 23.452
0.72276 10.6773
0.728496 14.9038
0.734232 14.1808
0.739969 13.7012
0.745705 16.016
0.751441 32.032
0.757177 17.4881
0.762913 17.9002
0.76865 19.6196
0.774386 17.2673
0.780122 16.9581
0.785858 16.744
0.791594 13.6803
0.79733 22.9052
0.803067 17.017
0.808803 7.5075
0.814539 24.9661
0.820275 22.6697
0.826011 20.5761
0.831748 6.88188
0.837484 24.9138
0.84322 12.474
0.848956 20.5205
0.854692 15.7526
0.860429 16.4871
0.866165 8.8088
0.871901 18.8313
0.877637 18.1234
0.883373 13.559
0.88911 23.5235
0.894846 22.1801
0.900582 21.6883
0.906318 13.013
0.912054 14.6462
0.91779 15.0739
0.923527 16.4609
0.929263 12.551
0.934999 20.7827
0.940735 19.404
0.946471 19.2693
0.952208 14.7767
0.957944 17.7236
0.96368 11.2612
0.969416 15.6347
0.975152 15.6472
0.980889 4.823
0.986625 12.5125
0.992361 13.013
0.998097 19.3527
1.00383 21.021
1.00957 15.444
1.01531 18.8424
1.02104 17.2172
1.02678 16.5459
1.03251 18.6853
1.03825 16.093
1.04399 23.6903
1.04972 16.93
1.05546 20.0789
1.0612 14.1808
1.06693 19.8894
1.07267 22.4435
1.0784 25.102
1.08414 18.8045
1.08988 22.2396
1.09561 15.3487
1.10135 20.1451
1.10708 12.7954
1.11282 18.3124
1.11856 24.024
1.12429 16.6166
1.13003 10.439
1.13577 18.7521
1.1415 14.729
1.14724 16.3764
1.15297 15.3487
1.15871 19.8198
1.16445 18.8588
1.17018 16.4902
1.17592 21.329
1.18166 21.8552
1.18739 23.023
1.19313 14.8148
1.19886 22.6893
1.2046 13.7337
1.21034 16.5165
1.21607 15.3487
1.22181 16.7946
1.22754 20.163
1.23328 18.1946
1.23902 17.7052
1.24475 20.1401
1.25049 17.4292
1.25623 21.6049
1.26196 17.7956
1.2677 11.6432
1.27343 19.019
1.27917 19.7015
1.28491 21.3692
1.29064 14.9561
1.29638 20.163
1.30212 19.501
1.30785 16.2941
1.31359 13.6803
1.31932 17.1206
1.32506 15.7777
1.3308 16.8404
1.33653 11.5115
1.34227 13.5335
1.348 14.9623
1.35374 19.448
1.35948 12.3457
1.36521 14.872
1.37095 12.3123
1.37669 13.5998
1.38242 20.02
1.38816 15.1328
1.39389 11.3271
1.39963 17.9068
1.40537 13.7638
1.4111 16.2305
1.41684 17.7764
1.42258 16.7994
1.42831 10.9521
1.43405 12.3874
1.43978 15.6556
1.44552 11.011
1.45126 19.9574
1.45699 11.8739
1.46273 20.02
1.46846 15.6823
1.4742 16.4358
1.47994 13.7093
1.48567 13.4635
1.49141 14.872
1.49715 12.8647
1.50288 16.4077
1.50862 10.0726
1.51435 20.5723
1.52009 20.4604
1.52583 22.7561
1.53156 17.7177
1.5373 10.6907
1.54304 21.879
1.54877 19.7197
1.55451 12.6333
1.56024 18.1486
1.56598 7.6505
1.57172 14.5629
1.57745 14.3744
1.58319 18.969
1.58892 15.2152
1.59466 18.9078
1.6004 15.4154
1.60613 22.8562
1.61187 19.2127
1.61761 16.0961
1.62334 18.0895
1.62908 15.1363
1.63481 16.3867
1.64055 15.015
1.64629 19.656
1.65202 16.2921
1.65776 19.8999
1.6635 21.6466
1.66923 12.6578
1.67497 20.5205
1.6807 17.5676
1.68644 15.73
1.69218 12.2536
1.69791 11.011
1.70365 21.8855
1.70938 20.6981
1.71512 18.2404
1.72086 23.0856
1.72659 18.0483
1.73233 18.1561
1.73807 21.1516
1.7438 18.9035
1.74954 21.953
1.75527 15.7565
1.76101 16.4375
1.76675 20.8693
1.77248 17.0527
1.77822 18.8188
1.78396 23.7571
1.78969 16.2743
1.79543 19.0561
1.80116 23.4818
1.8069 20.4721
1.81264 20.2616
1.81837 16.4609
1.82411 17.9322
1.82984 21.1591
1.83558 19.6596
1.84132 18.1335
1.84705 16.5649
1.85279 17.0541
1.85853 22.7183
1.86426 20.8087
1.87 22.0554
1.87573 15.4043
1.88147 17.5032
1.88721 23.114
1.89294 16.8687
1.89868 19.2885
1.90442 22.9017
1.91015 19.1482
1.91589 24.1742
1.92162 19.1906
1.92736 27.6082
1.9331 27.5475
1.93883 49.0132
1.94457 32.0927
1.9503 27.3607
1.95604 19.7698
1.96178 23.9651
1.96751 12.4499
1.97325 20.8708
1.97899 23.6452
1.98472 21.9613
1.99046 25.1286
1.99619 14.5915
2.00193 16.3306
2.00767 18.9867
2.0134 22.022
2.01914 25.2252
2.02488 19.2313
2.03061 22.2222
2.03635 25.3378
2.04208 23.3763
2.04782 17.6739
2.05356 21.7717
2.05929 18.9912
2.06503 23.3948
2.07076 19.292
2.0765 20.6964
2.08224 19.9342
2.08797 23.1956
2.09371 22.2365
2.09945 21.3456
2.10518 20.2627
2.11092 28.6119
2.11665 22.0761
2.12239 18.6472
2.12813 18.8449
2.13386 24.3855
2.1396 22.5503
2.14534 23.1481
2.15107 28.9905
2.15681 24.2611
2.16254 25.3767
2.16828 24.752
2.17402 25.0507
2.17975 24.6462
2.18549 18.4055
2.19122 18.5852
2.19696 26.6482
2.2027 21.4786
2.20843 25.6923
2.21417 31.4417
2.21991 74.7504
2.22564 65.065
2.23138 100.35
2.23711 58.7692
2.24285 37.0076
2.24859 25.9902
2.25432 26.7447
2.26006 23.1257
2.2658 23.0685
2.27153 22.9253
2.27727 20.0457
2.283 25.7354
2.28874 21.3025
2.29448 26.8987
2.30021 22.2114
2.30595 15.1305
2.31168 21.483
2.31742 23.2797
2.32316 29.2565
2.32889 21.164
2.33463 22.5475
2.34037 24.4689
2.3461 21.4858
2.35184 22.6738
2.35757 20.7234
2.36331 23.639
2.36905 24.2681
2.37478 26.4655
2.38052 25.9937
2.38626 22.6403
2.39199 21.6728
2.39773 26.4048
2.40346 23.4465
2.4092 22.022
2.41494 23.7487
2.42067 29.4385
2.42641 21.567
2.43214 21.8313
2.43788 26.884
2.44362 22.022
2.44935 22.2444
2.45509 20.6873
2.46083 24.1395
2.46656 21.3992
2.4723 23.4625
2.47803 21.8494
2.48377 23.8738
2.48951 20.1131
2.49524 21.8937
2.50098 19.635
2.50672 25.7431
2.51245 21.2355
2.51819 18.1014
2.52392 16.4077
2.52966 24.5018
2.5354 25.48
2.54113 17.3785
2.54687 22.3112
2.5526 22.8521
2.55834 19.6735
2.56408 16.0799
2.56981 20.7184
2.57555 17.7419
2.58129 19.3765
2.58702 22.3334
2.59276 24.1052
2.59849 15.3591
2.60423 23.3059
2.60997 26.0033
2.6157 22.8562
2.62144 19.165
2.62718 24.4926
2.63291 23.6236
2.63865 26.1372
2.64438 22.0646
2.65012 22.2173
2.65586 25.025
2.66159 23.6193
2.66733 23.023
2.67306 24.6246
2.6788 24.6288
2.68454 21.6173
2.69027 22.5097
2.69601 18.7763
2.70175 24.8165
2.70748 23.4679
2.71322 18.3887
2.71895 20.6039
2.72469 22.3489
2.73043 21.1354
2.73616 19.3614
2.7419 20.7554
2.74764 22.6273
2.75337 25.8258
2.75911 22.1241
2.76484 25.1476
2.77058 32.7827
2.77632 23.1864
2.78205 23.5635
2.78779 22.561
2.79352 24.4816
2.79926 26.2763
2.805 24.7136
2.81073 20.8727
2.81647 24.2129
2.82221 20.2243
2.82794 24.1863
2.83368 24.2347
2.83941 25.8371
2.84515 25.9528
2.85089 28.4972
2.85662 22.9852
2.86236 26.3324
2.8681 23.315
2.87383 23.363
2.87957 25.4254
2.8853 23.9996
2.89104 18.9378
2.89678 22.022
2.90251 29.0735
2.90825 28.8564
2.91398 29.2474
2.91972 26.7522
2.92546 18.8296
2.93119 23.9287
2.93693 26.0638
2.94267 25.2252
2.9484 28.2157
2.95414 23.2874
2.95987 26.9861
2.96561 28.7595
2.97135 24.5245
2.97708 25.2289
2.98282 23.6903
2.98856 25.3843
2.99429 28.3061
3.00003 26.452
3.00576 29.6859
3.0115 23.7874
3.01724 27.1781
3.02297 22.9959
3.02871 27.755
3.03444 23.751
3.04018 25.6923
3.04592 27.3509
3.05165 28.0098
3.05739 27.2036
3.06313 27.3031
3.06886 29.2614
3.0746 31.213
3.08033 22.3633
3.08607 28.4068
3.09181 29.9764
3.09754 25.0863
3.10328 22.9604
3.10902 27.5021
3.11475 26.8004
3.12049 26.0773
3.12622 26.8529
3.13196 28.7378
3.1377 30.2217
3.14343 30.4193
3.14917 35.4565
3.1549 33.0919
3.16064 37.0715
3.16638 31.6483
3.17211 29.6842
3.17785 34.2615
3.18359 28.4919
3.18932 28.045
3.19506 31.8481
3.20079 37.8908
3.20653 31.8623
3.21227 32.6364
3.218 30.5427
3.22374 30.3428
3.22948 29.7925
3.23521 30.6306
3.24095 30.2407
3.24668 33.1331
3.25242 30.4266
3.25816 30.1183
3.26389 32.1725
3.26963 32.6993
3.27536 33.7293
3.2811 31.0554
3.28684 35.5601
3.29257 31.7256
3.29831 31.9486
3.30405 34.3041
3.30978 35.3444
3.31552 34.1038
3.32125 37.329
3.32699 37.4058
3.33273 32.5619
3.33846 37.116
3.3442 38.6192
3.34994 35.5649
3.35567 39.0653
3.36141 32.6597
3.36714 36.1062
3.37288 31.9277
3.37862 35.4217
3.38435 37.7426
3.39009 39.1523
3.39582 36.9814
3.40156 37.2594
3.4073 40.04
3.41303 38.6982
3.41877 39.5186
3.42451 37.6934
3.43024 38.5691
3.43598 41.3096
3.44171 40.326
3.44745 44.4194
3.45319 40.5643
3.45892 39.0572
3.46466 39.3105
3.4704 40.06
3.47613 42.3833
3.48187 40.2624
3.4876 41.2676
3.49334 39.1971
3.49908 44.9105
3.50481 44.764
3.51055 42.4893
3.51628 42.042
3.52202 42.4687
3.52776 41.0595
3.53349 49.8547
3.53923 44.198
3.54497 49.7163
3.5507 49.1533
3.55644 47.6658
3.56217 50.8474
3.56791 51.5609
3.57365 52.2043
3.57938 47.5706
3.58512 48.0298
3.59086 49.3651
3.59659 46.9125
3.60233 50.7117
3.60806 51.5809
3.6138 48.4234
3.61954 48.7471
3.62527 52.9636
3.63101 53.053
3.63674 52.052
3.64248 50.3261
3.64822 57.9329
3.65395 59.3049
3.65969 59.8303
3.66543 62.8446
3.67116 59.6901
3.6769 61.2834
3.68263 61.2907
3.68837 65.5655
3.69411 65.065
3.69984 64.6578
3.70558 70.0133
3.71132 64.8491
3.71705 65.1112
3.72279 68.2825
3.72852 70.233
3.73426 65.9764
3.74 70.7965
3.74573 73.1331
3.75147 74.3958
3.7572 78.1257
3.76294 72.8864
3.76868 80.8535
3.77441 75.0152
3.78015 78.1459
3.78589 84.4887
3.79162 85.1788
3.79736 83.8139
3.80309 85.6927
3.80883 96.6456
3.81457 95.8034
3.8203 96.5298
3.82604 106.641
3.83178 102.972
3.83751 117.036
3.84325 155.745
3.84898 161.995
3.85472 377.631
3.86046 1110.93
3.86619 357.335
3.87193 1737.92
3.87766 524.967
3.8834 218.591
3.88914 236.119
3.89487 227.412
3.90061 244.428
3.90635 268.513
3.91208 266.55
3.91782 250.938
3.92355 234.283
3.92929 200.369
3.93503 174.252
3.94076 155.834
3.9465 144.107
3.95224 128.337
3.95797 118.039
3.96371 111.35
3.96944 101.129
3.97518 98.098
3.98092 91.4368
3.98665 92.2473
3.99239 90.2814
3.99812 89.1859
4.00386 90.5394
4.0096 83.2136
4.01533 77.906
4.02107 81.0209
4.02681 81.172
4.03254 77.3803
4.03828 78.0944
4.04401 78.848
4.04975 74.4547
4.05549 73.843
4.06122 74.1175
4.06696 70.7954
4.0727 70.4762
4.07843 71.2212
4.08417 72.215
4.0899 72.8522
4.09564 73.5266
4.10138 69.9499
4.10711 69.9032
4.11285 69.1752
4.11858 69.2477
4.12432 66.3082
4.13006 66.3852
4.13579 66.5268
4.14153 68.0488
4.14727 64.4891
4.153 66.2154
4.15874 67.4765
4.16447 64.6948
4.17021 67.067
4.17595 68.8753
4.18168 63.5099
4.18742 64.5645
4.19316 65.2167
4.19889 65.7257
4.20463 67.4999
4.21036 66.8462
4.2161 60.694
4.22184 71.1055
4.22757 65.5724
4.23331 69.5322
4.23904 68.8888
4.24478 67.2539
4.25052 63.6578
4.25625 61.425
4.26199 72.4005
4.26773 70.8207
4.27346 67.522
4.2792 68.0859
4.28493 69.1246
4.29067 70.3703
4.29641 76.0551
4.30214 74.2584
4.30788 76.219
4.31362 95.0488
4.31935 81.4385
4.32509 123.603
4.33082 87.6673
4.33656 87.9278
4.3423 84.0973
4.34803 89.0204
4.35377 92.7378
4.3595 98.0146
4.36524 95.3655
4.37098 100.2
4.37671 106.977
4.38245 104.753
4.38819 114.031
4.39392 117.907
4.39966 123.573
4.40539 133.494
4.41113 148.366
4.41687 175.175
4.4226 183.43
4.42834 256.174
4.43408 586.482
4.43981 959.387
4.44555 2507.67
4.45128 8746.21
4.45702 8623.89
4.46276 3667.1
4.46849 3310.4
4.47423 969.802
4.47996 480.585
4.4857 267.267
4.49144 226.211
4.49717 193.892
4.50291 177.632
4.50865 168.295
4.51438 168.206
4.52012 156.042
4.52585 145.345
4.53159 142.177
4.53733 135.078
4.54306 117.705
4.5488 113.561
4.55454 104.174
4.56027 96.9218
4.56601 87.8445
4.57174 90.167
4.57748 84.007
4.58322 76.384
4.58895 71.1457
4.59469 68.1008
4.60042 68.1187
4.60616 63.5568
4.6119 62.9629
4.61763 63.4369
4.62337 61.022
4.62911 60.6479
4.63484 57.5888
4.64058 60.7192
4.64631 56.2784
4.65205 51.0689
4.65779 53.9039
4.66352 57.0185
4.66926 51.1659
4.675 53.5042
4.68073 48.8693
4.68647 51.2567
4.6922 52.7251
4.69794 49.358
4.70368 48.503
4.70941 46.6666
4.71515 49.4258
4.72088 46.8189
4.72662 46.9019
4.73236 43.8374
4.73809 49.2077
4.74383 47.3422
4.74957 47.971
4.7553 44.0559
4.76104 41.6166
4.76677 45.9265
4.77251 49.0798
4.77825 41.2974
4.78398 46.4597
4.78972 41.3449
4.79546 38.5091
4.80119 40.5088
4.80693 40.117
4.81266 42.1707
4.8184 40.8861
4.82414 41.0821
4.82987 36.9385
4.83561 40.1592
4.84134 39.2767
4.84708 41.1165
4.85282 37.6376
4.85855 46.8517
4.86429 49.768
4.87003 41.5005
4.87576 39.3497
4.8815 38.8869
4.88723 37.6487
4.89297 36.2009
4.89871 39.0269
4.90444 37.4177
4.91018 35.5203
4.91592 35.5474
4.92165 31.7152
4.92739 38.8107
4.93312 34.0922
4.93886 35.3091
4.9446 37.6197
4.95033 34.5979
4.95607 37.6655
4.9618 35.126
4.96754 33.3893
4.97328 34.3677
4.97901 35.0591
4.98475 35.4452
4.99049 34.0083
4.99622 40.5347
5.00196 36.4337
5.00769 40.5167
5.01343 34.0454
5.01917 36.0119
5.0249 30.0111
5.03064 33.3889
5.03638 30.3559
5.04211 34.7814
5.04785 34.9272
5.05358 35.6868
5.05932 31.0434
5.06506 37.0025
5.07079 32.9093
5.07653 35.8059
5.08226 44.6925
5.088 30.6878
5.09374 32.2211
5.09947 31.642
5.10521 36.1154
5.11095 34.7236
5.11668 30.9368
5.12242 30.9248
5.12815 34.671
5.13389 31.7206
5.13963 33.072
5.14536 34.4114
5.1511 32.0646
5.15684 33.1898
5.16257 33.2396
5.16831 31.8533
5.17404 35.7661
5.17978 33.579
5.18552 32.2292
5.19125 34.0229
5.19699 30.9345
5.20272 34.1358
5.20846 32.848
5.2142 33.7753
5.21993 28.568
5.22567 32.09
5.23141 31.2051
5.23714 34.862
5.24288 31.3428
5.24861 31.2032
5.25435 32.3244
5.26009 32.4973
5.26582 32.5852
5.27156 35.035
5.2773 32.3234
5.28303 30.6152
5.28877 33.9382
5.2945 30.5938
5.30024 33.0608
5.30598 33.5018
5.31171 32.5719
5.31745 31.0432
5.32318 29.3524
5.32892 31.3505
5.33466 28.96
5.34039 32.5325
5.34613 31.4849
5.35187 31.13
5.3576 31.5253
5.36334 30.9552
5.36907 29.1958
5.37481 31.7965
5.38055 32.1305
5.38628 29.5816
5.39202 32.098
5.39776 33.1456
5.40349 31.9897
5.40923 30.9789
5.41496 33.6262
5.4207 29.5216
5.42644 32.032
5.43217 32.0882
5.43791 28.8896
5.44364 32.5866
5.44938 31.8359
5.45512 33.3172
5.46085 29.8632
5.46659 32.6959
5.47233 33.1342
5.47806 33.4281
5.4838 30.4872
5.48953 32.8715
5.49527 33.8553
5.50101 30.269
5.50674 33.1658
5.51248 27.9605
5.51822 31.4368
5.52395 30.9707
5.52969 28.6523
5.53542 35.6827
5.54116 34.4167
5.5469 30.3131
5.55263 30.8061
5.55837 31.8652
5.5641 30.5024
5.56984 35.4117
5.57558 36.322
5.58131 34.4179
5.58705 31.2433
5.59279 30.303
5.59852 32.9377
5.60426 16.6166
5.60999 29.0721
5.61573 27.088
5.62147 31.2154
5.6272 33.3735
5.63294 30.939
5.63868 28.6347
5.64441 34.5692
5.65015 35.1211
5.65588 31.7103
5.66162 32.695
5.66736 37.1684
5.67309 37.3978
5.67883 34.3532
5.68456 35.9864
5.6903 31.8985
5.69604 30.1399
5.70177 31.6702
5.70751 32.2743
5.71325 32.9079
5.71898 34.0896
5.72472 32.578
5.73045 32.2257
5.73619 33.5272
5.74193 33.3929
5.74766 34.2131
5.7534 36.2635
5.75914 30.749
5.76487 33.5484
5.77061 33.5548
5.77634 35.651
5.78208 33.8653
5.78782 36.4797
5.79355 33.452
5.79929 31.6049
5.80502 33.3501
5.81076 33.2052
5.8165 33.2332
5.82223 39.0181
5.82797 33.1052
5.83371 37.1301
5.83944 33.4638
5.84518 33.0128
5.85091 36.7242
5.85665 35.497
5.86239 36.3983
5.86812 36.894
5.87386 36.164
5.8796 35.0984
5.88533 35.8774
5.89107 37.4722
5.8968 38.2411
5.90254 37.4279
5.90828 38.4526
5.91401 37.1077
5.91975 39.1367
5.92548 36.4506
5.93122 37.0476
5.93696 37.7089
5.94269 38.0475
5.94843 35.5876
5.95417 35.1488
5.9599 35.824
5.96564 37.8762
5.97137 36.6323
5.97711 41.041
5.98285 38.4073
5.98858 38.0074
5.99432 40.9232
6.00006 40.4849
6.00579 38.4627
6.01153 40.5782
6.01726 38.3183
6.023 43.6341
6.02874 39.0077
6.03447 42.5084
6.04021 41.586
6.04594 42.3586
6.05168 40.0504
6.05742 42.627
6.06315 44.0726
6.06889 43.825
6.07463 43.043
6.08036 43.4583
6.0861 39.7642
6.09183 44.6529
6.09757 40.2325
6.10331 43.3385
6.10904 41.8335
6.11478 45.336
6.12052 44.6801
6.12625 41.5315
6.13199 46.653
6.13772 42.8477
6.14346 48.4307
6.1492 45.4854
6.15493 51.4013
6.16067 47.7241
6.1664 51.4289
6.17214 49.4643
6.17788 47.6905
6.18361 50.3804
6.18935 51.9509
6.19509 48.8867
6.20082 52.7867
6.20656 51.8655
6.21229 54.2521
6.21803 52.3084
6.22377 55.7821
6.2295 54.6746
6.23524 57.1638
6.24098 58.9029
6.24671 60.325
6.25245 60.88
6.25818 56.5099
6.26392 62.5429
6.26966 66.1151
6.27539 62.8786
6.28113 67.3609
6.28686 73.1226
6.2926 79.3501
6.29834 88.179
6.30407 117.338
6.30981 172.27
6.31555 582.903
6.32128 1266.33
6.32702 531.781
6.33275 331.268
6.33849 154.95
6.34423 95.1143
6.34996 92.8182
6.3557 86.2143
6.36144 92.2681
6.36717 88.9746
6.37291 89.6053
6.37864 96.552
6.38438 97.2386
6.39012 98.52
6.39585 96.9093
6.40159 92.2496
6.40732 86.2899
6.41306 81.3579
6.4188 77.164
6.42453 73.9796
6.43027 71.8659
6.43601 62.6235
6.44174 65.4239
6.44748 59.6058
6.45321 58.271
6.45895 56.2518
6.46469 57.7911
6.47042 58.4662
6.47616 55.9487
6.4819 57.6576
6.48763 58.6234
6.49337 50.2007
6.4991 51.3671
6.50484 50.569
6.51058 49.4906
6.51631 55.5078
6.52205 54.1359
6.52778 49.8924
6.53352 53.3685
6.53926 52.6463
6.54499 50.7359
6.55073 48.359
6.55647 47.9527
6.5622 47.3482
6.56794 50.912
6.57367 49.9424
6.57941 48.5011
6.58515 46.3052
6.59088 46.7871
6.59662 47.3568
6.60236 48.4431
6.60809 50.3805
6.61383 47.9511
6.61956 48.2957
6.6253 47.2704
6.63104 46.7722
6.63677 47.5824
6.64251 47.7231
6.64824 48.4596
6.65398 48.345
6.65972 47.7438
6.66545 47.8693
6.67119 48.3464
6.67693 52.2848
6.68266 47.6511
6.6884 41.9864
6.69413 47.927
6.69987 49.1073
6.70561 43.4988
6.71134 46.5561
6.71708 45.5341
6.72282 49.0227
6.72855 47.6216
6.73429 46.9795
6.74002 47.6892
6.74576 46.0895
6.7515 47.1733
6.75723 45.18
6.76297 48.1688
6.7687 44.473
6.77444 45.1575
6.78018 48.3912
6.78591 46.6759
6.79165 46.916
6.79739 50.5447
6.80312 44.6762
6.80886 45.6349
6.81459 40.304
6.82033 46.8182
6.82607 44.3374
6.8318 45.8172
6.83754 45.6138
6.84328 46.9791
6.84901 45.8672
6.85475 48.785
6.86048 48.8378
6.86622 44.6912
6.87196 45.8495
6.87769 45.3787
6.88343 44.8753
6.88916 45.124
6.8949 45.6778
6.90064 42.5646
6.90637 46.3884
6.91211 47.917
6.91785 46.7709
6.92358 42.315
6.92932 47.357
6.93505 49.2065
6.94079 45.5234
6.94653 43.1897
6.95226 45.7934
6.958 47.685
6.96374 47.2389
6.96947 47.7231
6.97521 44.693
6.98094 47.8676
6.98668 48.9023
6.99242 47.4878
6.99815 44.1565
7.00389 47.4724
7.00962 44.4409
7.01536 47.685
7.0211 46.6011
7.02683 45.5291
7.03257 47.3838
7.03831 45.5186
7.04404 49.369
7.04978 45.3584
7.05551 46.9938
7.06125 46.0736
7.06699 49.5167
7.07272 45.4583
7.07846 46.0685
7.0842 47.4655
7.08993 49.1612
7.09567 47.0362
7.1014 48.7035
7.10714 48.0816
7.11288 47.9102
7.11861 45.7339
7.12435 48.8633
7.13008 47.5518
7.13582 47.6622
7.14156 50.05
7.14729 49.683
7.15303 48.9388
7.15877 52.2457
7.1645 49.9289
7.17024 53.8437
7.17597 48.1093
7.18171 50.1903
7.18745 48.2039
7.19318 50.5189
7.19892 46.915
7.20466 50.5308
7.21039 53.361
7.21613 47.5675
7.22186 50.0408
7.2276 51.4323
7.23334 52.9538
7.23907 50.666
7.24481 51.7978
7.25054 51.8754
7.25628 50.8508
7.26202 54.532
7.26775 52.5607
7.27349 55.0279
7.27923 53.4728
7.28496 53.7601
7.2907 53.9699
7.29643 53.2571
7.30217 54.2101
7.30791 55.5313
7.31364 55.6881
7.31938 52.9855
7.32512 55.8327
7.33085 56.9991
7.33659 54.0348
7.34232 55.6747
7.34806 54.9472
7.3538 57.5891
7.35953 58.693
7.36527 56.838
7.371 60.8045
7.37674 65.3249
7.38248 65.166
7.38821 75.091
7.39395 83.4541
7.39969 120.443
7.40542 191.206
7.41116 223.207
7.41689 235.244
7.42263 112.907
7.42837 86.0781
7.4341 77.7668
7.43984 71.3409
7.44558 72.0347
7.45131 71.8486
7.45705 71.5988
7.46278 74.074
7.46852 76.3147
7.47426 80.6789
7.47999 80.3358
7.48573 83.0982
7.49146 86.3022
7.4972 83.6927
7.50294 82.8117
7.50867 79.3449
7.51441 77.3294
7.52015 73.898
7.52588 68.8794
7.53162 66.7627
7.53735 67.2189
7.54309 62.3341
7.54883 60.4695
7.55456 58.8066
7.5603 59.9025
7.56604 57.5351
7.57177 58.1221
7.57751 56.9103
7.58324 55.0356
7.58898 56.4151
7.59472 55.3176
7.60045 55.3453
7.60619 54.0133
7.61192 54.6437
7.61766 54.8824
7.6234 51.6556
7.62913 51.597
7.63487 51.9031
7.64061 52.4544
7.64634 53.289
7.65208 55.9474
7.65781 54.9023
7.66355 51.9192
7.66929 57.3758
7.67502 58.7603
7.68076 52.4203
7.6865 54.7017
7.69223 55.3912
7.69797 58.5246
7.7037 56.8588
7.70944 58.4091
7.71518 60.8738
7.72091 64.0185
7.72665 65.0992
7.73238 75.0672
7.73812 96.9821
7.74386 131.193
7.74959 91.2216
7.75533 68.3403
7.76107 63.1256
7.7668 62.4102
7.77254 58.845
7.77827 57.3031
7.78401 57.8254
7.78975 52.9566
7.79548 59.6064
7.80122 56.5479
7.80696 57.535
7.81269 55.3636
7.81843 57.3234
7.82416 56.92
7.8299 56.8497
7.83564 59.0511
7.84137 57.0052
7.84711 57.9227
7.85284 55.2002
7.85858 49.7372
7.86432 49.3173
7.87005 51.2598
7.87579 47.133
7.88153 49.41
7.88726 50.3587
7.893 46.5205
7.89873 46.3354
7.90447 42.8075
7.91021 46.0535
7.91594 46.1377
7.92168 43.5268
7.92742 42.3089
7.93315 42.0493
7.93889 43.3369
7.94462 43.5874
7.95036 41.8369
7.9561 42.6183
7.96183 42.9874
7.96757 42.7761
7.9733 42.3343
7.97904 43.7822
7.98478 41.4789
7.99051 42.5865
7.99625 42.3355
8.00199 42.1469
8.00772 42.3591
8.01346 42.899
8.01919 41.5036
8.02493 44.1797
8.03067 38.8722
8.0364 40.7024
8.04214 40.3528
8.04788 38.5142
8.05361 38.218
8.05935 38.0601
8.06508 36.053
8.07082 38.8593
8.07656 40.2007
8.08229 40.8142
8.08803 41.5668
8.09376 40.047
8.0995 40.4571
8.10524 41.64
8.11097 40.5981
8.11671 40.8656
8.12245 38.1622
8.12818 38.8692
8.13392 36.8853
8.13965 35.6371
8.14539 34.252
8.15113 35.1793
8.15686 32.7627
8.1626 29.3551
8.16834 26.7386
8.17407 28.9416
8.17981 22.2162
8.18554 24.5091
8.19128 23.2569
8.19702 21.1722
8.20275 21.2675
8.20849 19.265
8.21422 15.0957
8.21996 14.928
8.2257 14.4832
8.23143 17.8964
8.23717 10.479
8.24291 11.2705
8.24864 11.3568
8.25438 1.97566
8.26011 7.53384
8.26585 11.5671
8.27159 0
8.27732 0
8.28306 0
8.2888 0
8.29453 0
8.30027 0
8.306 0
8.31174 0
8.31748 0
8.32321 0
8.32895 0
8.33468 0
8.34042 0
8.34616 0
8.35189 0
8.35763 0
8.36337 0
8.3691 0
8.37484 0
8.38057 0
8.38631 0
8.39205 0
8.39778 0
8.40352 0
8.40926 0
8.41499 0
8.42073 0
8.42646 0
8.4322 0
8.43794 0
8.44367 0
8.44941 0
8.45514 0
8.46088 0
8.46662 0
8.47235 0
8.47809 0
8.48383 0
8.48956 0
8.4953 0
8.50103 0
8.50677 0
8.51251 0
8.51824 0
8.52398 0
8.52972 0
8.53545 0
8.54119 0
8.54692 0
8.55266 0
8.5584 0
8.56413 0
8.56987 0
8.5756 0
8.58134 0
8.58708 0
8.59281 0
8.59855 0
8.60429 0
8.61002 0
8.61576 0
8.62149 0
8.62723 0
8.63297 0
8.6387 0
8.64444 0
8.65018 0
8.65591 0
8.66165 0
8.66738 0
8.67312 0
8.67886 0
8.68459 0
8.69033 0
8.69606 0
8.7018 0
8.70754 0
8.71327 0
8.71901 0
8.72475 0
8.73048 0
8.73622 0
8.74195 0
8.74769 0
8.75343 0
8.75916 0
8.7649 0
8.77064 0
8.77637 0
8.78211 0
8.78784 0
8.79358 0
8.79932 0
8.80505 0
8.81079 0
8.81652 0
8.82226 0
8.828 0
8.83373 0
8.83947 0
8.84521 0
8.85094 0
8.85668 0
8.86241 0
8.86815 0
8.87389 0
8.87962 0
8.88536 0
8.8911 0
8.89683 0
8.90257 0
8.9083 0
8.91404 0
8.91978 0
8.92551 0
8.93125 0
8.93698 0
8.94272 0
8.94846 0
8.95419 0
8.95993 0
8.96567 0
8.9714 0
8.97714 0
8.98287 0
8.98861 0
8.99435 0
9.00008 0
9.00582 0
9.01156 0
9.01729 0
9.02303 0
9.02876 0
9.0345 0
9.04024 0
9.04597 0
9.05171 0
9.05744 0
9.06318 0
9.06892 0
9.07465 0
9.08039 0
9.08613 0
9.09186 0
9.0976 0
9.10333 0
9.10907 0
9.11481 0
9.12054 0
9.12628 0
9.13202 0
9.13775 0
9.14349 0
9.14922 0
9.15496 0
9.1607 0
9.16643 0
9.17217 0
9.1779 0
9.18364 0
9.18938 0
9.19511 0
9.20085 0
9.20659 0
9.21232 0
9.21806 0
9.22379 0
9.22953 0
9.23527 0
9.241 0
9.24674 0
9.25248 0
9.25821 0
9.26395 0
9.26968 0
9.27542 0
9.28116 0
9.28689 0
9.29263 0
9.29836 0
9.3041 0
9.30984 0
9.31557 0
9.32131 0
9.32705 0
9.33278 0
9.33852 0
9.34425 0
9.34999 0
9.35573 0
9.36146 0
9.3672 0
9.37294 0
9.37867 0
9.38441 0
9.39014 0
9.39588 0
9.40162 0
9.40735 0
9.41309 0
9.41882 0
9.42456 0
9.4303 0
9.43603 0
9.44177 0
9.44751 0
9.45324 0
9.45898 0
9.46471 0
9.47045 0
9.47619 0
9.48192 0
9.48766 0
9.4934 0
9.49913 0
9.50487 0
9.5106 0
9.51634 0
9.52208 0
9.52781 0
9.53355 0
9.53928 0
9.54502 0
9.55076 0
9.55649 0
9.56223 0
9.56797 0
9.5737 0
9.57944 0
9.58517 0
9.59091 0
9.59665 0
9.60238 0
9.60812 0
9.61386 0
9.61959 0
9.62533 0
9.63106 0
9.6368 0
9.64254 0
9.64827 0
9.65401 0
9.65974 0
9.66548 0
9.67122 0
9.67695 0
9.68269 0
9.68843 0
9.69416 0
9.6999 0
9.70563 0
9.71137 0
9.71711 0
9.72284 0
9.72858 0
9.73432 0
9.74005 0
9.74579 0
9.75152 0
9.75726 0
9.763 0
9.76873 0
9.77447 0
9.7802 0
9.78594 0
9.79168 0
9.79741 0
9.80315 0
9.80889 0
9.81462 0
9.82036 0
9.82609 0
9.83183 0
9.83757 0
9.8433 0
9.84904 0
9.85478 0
9.86051 0
9.86625 0
9.87198 0
9.87772 0
9.88346 0
9.88919 0
9.89493 0
9.90066 0
9.9064 0
9.91214 0
9.91787 0
9.92361 0
9.92935 0
9.93508 0
9.94082 0
9.94655 0
9.95229 0
9.95803 0
9.96376 0
9.9695 0
9.97524 0
9.98097 0
9.98671 0
9.99244 0
9.99818 0
10.0039 0
10.0097 0
10.0154 0
10.0211 0
10.0269 0
10.0326 0
10.0383 0
10.0441 0
10.0498 0
10.0555 0
10.0613 0
10.067 0
10.0728 0
10.0785 0
10.0842 0
10.09 0
10.0957 0
10.1014 0
10.1072 0
10.1129 0
10.1186 0
10.1244 0
10.1301 0
10.1358 0
10.1416 0
10.1473 0
10.1531 0
10.1588 0
10.1645 0
10.1703 0
10.176 0
10.1817 0
10.1875 0
10.1932 0
10.1989 0
10.2047 0
10.2104 0
10.2162 0
10.2219 0
10.2276 0
10.2334 0
10.2391 0
10.2448 0
10.2506 0
10.2563 0
10.262 0
10.2678 0
10.2735 0
10.2793 0
10.285 0
10.2907 0
10.2965 0
10.3022 0
10.3079 0
10.3137 0
10.3194 0
10.3251 0
10.3309 0
10.3366 0
10.3424 0
10.3481 0
10.3538 0
10.3596 0
10.3653 0
10.371 0
10.3768 0
10.3825 0
10.3882 0
10.394 0
10.3997 0
10.4054 0
10.4112 0
10.4169 0
10.4227 0
10.4284 0
10.4341 0
10.4399 0
10.4456 0
10.4513 0
10.4571 0
10.4628 0
10.4685 0
10.4743 0
10.48 0
10.4858 0
10.4915 0
10.4972 0
10.503 0
10.5087 0
10.5144 0
10.5202 0
10.5259 0
10.5316 0
10.5374 0
10.5431 0
10.5489 0
10.5546 0
10.5603 0
10.5661 0
10.5718 0
10.5775 0
10.5833 0
10.589 0
10.5947 0
10.6005 0
10.6062 0
10.612 0
10.6177 0
10.6234 0
10.6292 0
10.6349 0
10.6406 0
10.6464 0
10.6521 0
10.6578 0
10.6636 0
10.6693 0
10.6751 0
10.6808 0
10.6865 0
10.6923 0
10.698 0
10.7037 0
10.7095 0
10.7152 0
10.7209 0
10.7267 0
10.7324 0
10.7381 0
10.7439 0
10.7496 0
10.7554 0
10.7611 0
10.7668 0
10.7726 0
10.7783 0
10.784 0
10.7898 0
10.7955 0
10.8012 0
10.807 0
10.8127 0
10.8185 0
10.8242 0
10.8299 0
10.8357 0
10.8414 0
10.8471 0
10.8529 0
10.8586 0
10.8643 0
10.8701 0
10.8758 0
10.8816 0
10.8873 0
10.893 0
10.8988 0
10.9045 0
10.9102 0
10.916 0
10.9217 0
10.9274 0
10.9332 0
10.9389 0
10.9447 0
10.9504 0
10.9561 0
10.9619 0
10.9676 0
10.9733 0
10.9791 0
10.9848 0
10.9905 0
10.9963 0
11.002 0
11.0077 0
11.0135 0
11.0192 0
11.025 0
11.0307 0
11.0364 0
11.0422 0
11.0479 0
11.0536 0
11.0594 0
11.0651 0
11.0708 0
11.0766 0
11.0823 0
11.0881 0
11.0938 0
11.0995 0
11.1053 0
11.111 0
11.1167 0
11.1225 0
11.1282 0
11.1339 0
11.1397 0
11.1454 0
11.1512 0
11.1569 0
11.1626 0
11.1684 0
11.1741 0
11.1798 0
11.1856 0
11.1913 0
11.197 0
11.2028 0
11.2085 0
11.2143 0
11.22 0
11.2257 0
11.2315 0
11.2372 0
11.2429 0
11.2487 0
11.2544 0
11.2601 0
11.2659 0
11.2716 0
11.2774 0
11.2831 0
11.2888 0
11.2946 0
11.3003 0
11.306 0
11.3118 0
11.3175 0
11.3232 0
11.329 0
11.3347 0
11.3404 0
11.3462 0
11.3519 0
11.3577 0
11.3634 0
11.3691 0
11.3749 0
11.3806 0
11.3863 0
11.3921 0
11.3978 0
11.4035 0
11.4093 0
11.415 0
11.4208 0
11.4265 0
11.4322 0
11.438 0
11.4437 0
11.4494 0
11.4552 0
11.4609 0
11.4666 0
11.4724 0
11.4781 0
11.4839 0
11.4896 0
11.4953 0
11.5011 0
11.5068 0
11.5125 0
11.5183 0
11.524 0
11.5297 0
11.5355 0
11.5412 0
11.547 0
11.5527 0
11.5584 0
11.5642 0
11.5699 0
11.5756 0
11.5814 0
11.5871 0
11.5928 0
11.5986 0
11.6043 0
11.61 0
11.6158 0
11.6215 0
11.6273 0
11.633 0
11.6387 0
11.6445 0
11.6502 0
11.6559 0
11.6617 0
11.6674 0
11.6731 0
11.6789 0
11.6846 0
11.6904 0
11.6961 0
11.7018 0
11.7076 0
11.7133 0
11.719 0
11.7248 0
11.7305 0
11.7362 0
11.742 0
