0 -18
0.00573619 7
0.0114724 5
0.0172086 0
0.0229448 -9
0.028681 8
0.0344171 0
0.0401533 17
0.0458895 18
0.0516257 -5
0.0573619 0
0.0630981 -3
0.0688343 -9
0.0745705 0
0.0803067 8
0.0860429 6
0.091779 0
0.0975152 -18.6667
0.103251 2.33333
0.108988 -1.66667
0.114724 0
0.12046 12
0.126196 8.66667
0.131932 0
0.137669 4
0.143405 -8.33333
0.149141 -2
0.154877 -22.5
0.160613 3
0.16635 26.3333
0.172086 0
0.177822 12.6667
0.183558 -1.6
0.189294 0
0.19503 7.4
0.200767 13
0.206503 8
0.212239 1.5
0.217975 -3.8
0.223711 -2.6
0.229448 0
0.235184 0.8
0.24092 22.6
0.246656 0
0.252392 18.2
0.258129 5.6
0.263865 17.8
0.269601 0
0.275337 23.6
0.281073 10
0.28681 0
0.292546 15.8571
0.298282 17.1429
0.304018 29
0.309754 7.5
0.31549 8.42857
0.321227 15.1429
0.326963 0
0.332699 16.8571
0.338435 23.2857
0.344171 0
0.349908 9.57143
0.355644 1.57143
0.36138 6.2
0.367116 30.5
0.372852 14.3333
0.378589 14.1429
0.384325 4.5
0.390061 16.5556
0.395797 10.6667
0.401533 0
0.40727 15
0.413006 16.5556
0.418742 12.8571
0.424478 17
0.430214 13.6667
0.43595 8.88889
0.441687 0
0.447423 13.5556
0.453159 15.3333
0.458895 24.3333
0.464631 21.2857
0.470368 8.81818
0.476104 11.5556
0.48184 0.5
0.487576 12.7273
0.493312 8.27273
0.499049 0
0.504785 8.18182
0.510521 10.1818
0.516257 10.2
0.521993 14.8333
0.52773 18.9091
0.533466 6.88889
0.539202 24
0.544938 14.5455
0.550674 15.7273
0.55641 0
0.562147 12.6923
0.567883 12.5385
0.573619 14.2857
0.579355 24.1667
0.585091 22.6923
0.590828 18.8182
0.596564 10
0.6023 34.6154
0.608036 23.2308
0.613772 5.6
0.619509 15.625
0.625245 16.3077
0.630981 15.2222
0.636717 4.75
0.642453 11.3077
0.64819 15.8462
0.653926 10
0.659662 17.6667
0.665398 15.9333
0.671134 10
0.67687 21.125
0.682607 11.8
0.688343 18
0.694079 27.25
0.699815 18.4
0.705551 18.5333
0.711288 9
0.717024 9.35714
0.72276 15.9333
0.728496 22
0.734232 25.3333
0.739969 13.5
0.745705 18.2308
0.751441 29.25
0.757177 19.7647
0.762913 17.0588
0.76865 18.8
0.774386 10.75
0.780122 20.2941
0.785858 13.8182
0.791594 12.3333
0.79733 11.3529
0.803067 16.4667
0.808803 20
0.814539 5.88235
0.820275 11.0588
0.826011 27.2222
0.831748 14.25
0.837484 16.3889
0.84322 16.6154
0.848956 18.1667
0.854692 14.1053
0.860429 18.1765
0.866165 19.2
0.871901 24.625
0.877637 21.8421
0.883373 17.5455
0.88911 17
0.894846 10.1579
0.900582 13.8667
0.906318 20.75
0.912054 16.1053
0.91779 16.2941
0.923527 27.4444
0.929263 24.0769
0.934999 13.2381
0.940735 13.8462
0.946471 12.375
0.952208 15.8095
0.957944 16.4706
0.96368 14.25
0.969416 16.1905
0.975152 12.5789
0.980889 10.1818
0.986625 26.6667
0.992361 10.381
0.998097 20.1333
1.00383 13
1.00957 14.4286
1.01531 9.64706
1.02104 12.7
1.02678 11.8235
1.03251 13.381
1.03825 16.6923
1.04399 13.9167
1.04972 14.9565
1.05546 7.41176
1.0612 15.5
1.06693 15.0435
1.07267 14.4737
1.0784 15.1538
1.08414 21.1429
1.08988 16.4348
1.09561 18.0667
1.10135 10.375
1.10708 12.4783
1.11282 11.7059
1.11856 11
1.12429 8.8
1.13003 13
1.13577 15.7333
1.1415 10.5714
1.14724 12.32
1.15297 15.8667
1.15871 11.5
1.16445 5.92
1.17018 10.5263
1.17592 4.15385
1.18166 11.6667
1.18739 12.5652
1.19313 6.93333
1.19886 15.1667
1.2046 12.64
1.21034 16.3333
1.21607 9.88889
1.22181 15.963
1.22754 15.7619
1.23328 12.6471
1.23902 10.5
1.24475 9.36
1.25049 12.3529
1.25623 7.58333
1.26196 11.0741
1.2677 13.3684
1.27343 10.1538
1.27917 11.0455
1.28491 11.5652
1.29064 11.3529
1.29638 10.3571
1.30212 10.4815
1.30785 16.2222
1.31359 3.75
1.31932 13.5862
1.32506 14.7143
1.3308 7.58824
1.33653 8.65
1.34227 12.2
1.348 11.2105
1.35374 11.8571
1.35948 11
1.36521 13.2857
1.37095 10
1.37669 12.7241
1.38242 15.8261
1.38816 12.2941
1.39389 14.7368
1.39963 8.37037
1.40537 7
1.4111 16.2857
1.41684 12.4483
1.42258 7.82609
1.42831 12.0588
1.43405 9.66667
1.43978 14.36
1.44552 14.4762
1.45126 17.0625
1.45699 12.1724
1.46273 8.61905
1.46846 17.5833
1.4742 15.0323
1.47994 16
1.48567 11.65
1.49141 13.9524
1.49715 12.6667
1.50288 17.2174
1.50862 13.25
1.51435 9.17241
1.52009 14.48
1.52583 17.6
1.53156 11.1667
1.5373 13.8
1.54304 10.9048
1.54877 13.35
1.55451 13.8621
1.56024 12.6087
1.56598 5.92857
1.57172 11.1935
1.57745 9.16
1.58319 9.75
1.58892 12.44
1.59466 8.18519
1.6004 7.48
1.60613 12.1667
1.61187 8.35484
1.61761 12.56
1.62334 8.78571
1.62908 9.69697
1.63481 17
1.64055 14.3043
1.64629 15.2273
1.65202 10.0345
1.65776 13
1.6635 16.3125
1.66923 13.5484
1.67497 11.3929
1.6807 12.85
1.68644 15.3929
1.69218 9.51724
1.69791 8.4
1.70365 9.90909
1.70938 15.7742
1.71512 12.1852
1.72086 12.3125
1.72659 12.0909
1.73233 12.7586
1.73807 9
1.7438 18.5385
1.74954 11.4138
1.75527 17.8889
1.76101 11.4211
1.76675 13.4242
1.77248 11.4643
1.77822 11
1.78396 11.2
1.78969 16.6129
1.79543 18.8148
1.80116 19.4167
1.8069 13.871
1.81264 13.4138
1.81837 6.44444
1.82411 15.3143
1.82984 18.7586
1.83558 14.2
1.84132 18.1923
1.84705 13.7097
1.85279 19.963
1.85853 21.913
1.86426 13.2727
1.87 16.9667
1.87573 19.5
1.88147 12.8571
1.88721 14.9697
1.89294 17.3704
1.89868 16.1538
1.90442 15.3939
1.91015 15.2258
1.91589 20.35
1.92162 24.3143
1.92736 33.0323
1.9331 24.04
1.93883 30.2143
1.94457 28.6061
1.9503 30.4667
1.95604 21.1667
1.96178 19.7353
1.96751 19.8438
1.97325 23.5
1.97899 17.4595
1.98472 14.0606
1.99046 16.069
1.99619 19.6538
2.00193 18.3429
2.00767 18.3871
2.0134 14.8333
2.01914 16.9714
2.02488 19.1212
2.03061 18.12
2.03635 18.2812
2.04208 15.2647
2.04782 12.9375
2.05356 18.375
2.05929 16.8611
2.06503 9.4
2.07076 21.5455
2.0765 17.973
2.08224 14.5143
2.08797 15.5862
2.09371 22.8571
2.09945 17.6757
2.10518 19.9697
2.11092 15.2083
2.11665 19.7297
2.12239 16.4
2.12813 16.087
2.13386 21.7222
2.1396 17.3056
2.14534 11.625
2.15107 15.8846
2.15681 18.3421
2.16254 20.2432
2.16828 20.5909
2.17402 16.3333
2.17975 15.8919
2.18549 24.5161
2.19122 26.1667
2.19696 22.9459
2.2027 23.5429
2.20843 13.8333
2.21417 33.7436
2.21991 122.973
2.22564 53.0455
2.23138 88.1
2.23711 34.2368
2.24285 22.5
2.24859 26.1786
2.25432 24.1282
2.26006 21.6923
2.2658 21.3636
2.27153 21.7805
2.27727 22.359
2.283 20.6129
2.28874 27.4688
2.29448 19.4103
2.30021 22.9189
2.30595 21.4231
2.31168 23.1538
2.31742 19.7179
2.32316 19.7727
2.32889 21.1667
2.33463 17.7
2.34037 21.3056
2.3461 21.3571
2.35184 18.3721
2.35757 23.4865
2.36331 20.8077
2.36905 23.122
2.37478 18.8537
2.38052 19.9677
2.38626 19.2059
2.39199 25.907
2.39773 24.5405
2.40346 19.5
2.4092 18.6279
2.41494 15.65
2.42067 21.4545
2.42641 20.6591
2.43214 20
2.43788 19.5429
2.44362 16.5312
2.44935 15.5333
2.45509 20.1795
2.46083 19.4615
2.46656 17
2.4723 20.3171
2.47803 17.3448
2.48377 17.275
2.48951 20.1395
2.49524 20.9487
2.50098 24.6538
2.50672 20.5217
2.51245 21.1905
2.51819 15.4167
2.52392 22.0652
2.52966 20.2045
2.5354 20.1515
2.54113 19.6111
2.54687 19.9111
2.5526 15.8049
2.55834 16.7308
2.56408 18.4043
2.56981 17.6744
2.57555 17.5172
2.58129 18.5714
2.58702 21
2.59276 18.4865
2.59849 16.9688
2.60423 17.2391
2.60997 15.5455
2.6157 12.25
2.62144 18.9375
2.62718 17.5319
2.63291 25.6
2.63865 16.7778
2.64438 16.234
2.65012 15.8537
2.65586 21.0667
2.66159 22.0213
2.66733 19.8222
2.67306 18.08
2.6788 17.6667
2.68454 19.8511
2.69027 13.3333
2.69601 17.8788
2.70175 18.1667
2.70748 16.6
2.71322 15.4444
2.71895 20.5417
2.72469 22.0408
2.73043 18.4857
2.73616 16.2105
2.7419 18.3878
2.74764 20.5814
2.75337 18.3333
2.75911 18.9184
2.76484 21.8571
2.77058 18.9583
2.77632 17.0204
2.78205 13.44
2.78779 20.1282
2.79352 21.3429
2.79926 18.3654
2.805 23.6667
2.81073 25.6296
2.81647 17.0566
2.82221 15.5918
2.82794 16.6486
2.83368 20.3947
2.83941 17.8679
2.84515 20.8537
2.85089 20.7812
2.85662 21.8302
2.86236 16.5102
2.8681 16.375
2.87383 21.6604
2.87957 21.7
2.8853 22
2.89104 20.2703
2.89678 14.75
2.90251 17.4889
2.90825 24.3103
2.91398 20.5091
2.91972 21.3922
2.92546 21.3784
2.93119 22.2143
2.93693 20.9623
2.94267 22.3111
2.9484 21.2812
2.95414 23.717
2.95987 19.7143
2.96561 17.4231
2.97135 21.5893
2.97708 19.7963
2.98282 25.3846
2.98856 19.7692
2.99429 21.0926
3.00003 21.766
3.00576 25.1875
3.0115 26.6
3.01724 18.9057
3.02297 20.4054
3.02871 22.5682
3.03444 20.8727
3.04018 19.7778
3.04592 21.4118
3.05165 24.5636
3.05739 23.1961
3.06313 19.5862
3.06886 20.6429
3.0746 22.4364
3.08033 20.5455
3.08607 20.4865
3.09181 26.375
3.09754 22.6735
3.10328 27.75
3.10902 23.4915
3.11475 22.6226
3.12049 25.0769
3.12622 25.8043
3.13196 26.6
3.1377 22.6383
3.14343 24.8889
3.14917 27.8947
3.1549 29.9412
3.16064 30.5862
3.16638 30.6167
3.17211 26.4909
3.17785 25.4545
3.18359 28.9024
3.18932 26.9153
3.19506 23.102
3.20079 28.1471
3.20653 22.5254
3.21227 23.8491
3.218 27.6829
3.22374 20.5625
3.22948 24.5932
3.23521 24.3556
3.24095 24.9474
3.24668 28.2667
3.25242 25.7358
3.25816 23.3235
3.26389 27.7193
3.26963 25.5965
3.27536 29.4783
3.2811 24.5122
3.28684 26.3115
3.29257 28.8367
3.29831 29.2778
3.30405 26.3651
3.30978 32.8909
3.31552 28.093
3.32125 27.0208
3.32699 31.8246
3.33273 32.0784
3.33846 33.8158
3.3442 32.5484
3.34994 33.5882
3.35567 32.7632
3.36141 30.0847
3.36714 28.8772
3.37288 31.0208
3.37862 30.1818
3.38435 31.6393
3.39009 29.9434
3.39582 27.0833
3.40156 32.2222
3.4073 33.0727
3.41303 33.0851
3.41877 30.4375
3.42451 33.082
3.43024 32.2245
3.43598 33.8537
3.44171 34.3968
3.44745 33.9107
3.45319 34.2381
3.45892 35.8182
3.46466 35.2712
3.4704 34.86
3.47613 38.2045
3.48187 33.4444
3.4876 36.2642
3.49334 34.3421
3.49908 35.8806
3.50481 35.1404
3.51055 33.3404
3.51628 36.06
3.52202 37.5738
3.52776 35.0741
3.53349 31.0732
3.53923 38.9692
3.54497 42.7407
3.5507 45.8542
3.55644 44.7273
3.56217 55.6271
3.56791 49.5849
3.57365 44.5217
3.57938 43.7385
3.58512 39.2727
3.59086 41.8947
3.59659 41.597
3.60233 38.0339
3.60806 43.9412
3.6138 38.4583
3.61954 41
3.62527 42.5893
3.63101 43.8293
3.63674 45.8955
3.64248 51.5517
3.64822 49.8958
3.65395 52.4561
3.65969 54.3443
3.66543 53.2
3.67116 52.3043
3.6769 54.873
3.68263 52.7213
3.68837 53.8947
3.69411 60.6957
3.69984 57.5085
3.70558 62.6226
3.71132 55.6275
3.71705 54.4769
3.72279 55.75
3.72852 57.7907
3.73426 58.2239
3.74 61.7903
3.74573 62.44
3.75147 62.0536
3.7572 60.9206
3.76294 61.7458
3.76868 67.5455
3.77441 66.7612
3.78015 68.6271
3.78589 70.6809
3.79162 73.3906
3.79736 78.7143
3.80309 79.8571
3.80883 84.3922
3.81457 81.3692
3.8203 84.75
3.82604 95.4186
3.83178 96.7971
3.83751 112.097
3.84325 127.571
3.84898 178.407
3.85472 357.587
3.86046 424.131
3.86619 526.522
3.87193 433.174
3.87766 335.18
3.8834 291.765
3.88914 331.467
3.89487 386.431
3.90061 449.45
3.90635 480.837
3.91208 464.851
3.91782 390.047
3.92355 323.732
3.92929 256.986
3.93503 198.281
3.94076 161.949
3.9465 141.481
3.95224 125.403
3.95797 107.825
3.96371 105.37
3.96944 100.099
3.97518 92.4444
3.98092 89.0909
3.98665 87.8448
3.99239 79.6176
3.99812 79.8226
4.00386 77.551
4.0096 70.6957
4.01533 71.0469
4.02107 69.74
4.02681 67.2576
4.03254 66.0303
4.03828 69.3279
4.04401 67.5577
4.04975 65.1972
4.05549 66.4462
4.06122 62.2391
4.06696 65.3333
4.0727 60.2754
4.07843 59.1667
4.08417 58.9286
4.0899 62.8088
4.09564 65.7812
4.10138 56.38
4.10711 55.6944
4.11285 60.4394
4.11858 57.5
4.12432 56.7258
4.13006 55.9855
4.13579 56.3175
4.14153 55.9038
4.14727 53.4658
4.153 54.7761
4.15874 50.0455
4.16447 56.3699
4.17021 49.0282
4.17595 53.5
4.18168 54.5179
4.18742 54.7
4.19316 51.8333
4.19889 55.4
4.20463 52.9459
4.21036 55.2647
4.2161 54.9667
4.22184 54.431
4.22757 55.7534
4.23331 53.0149
4.23904 55.38
4.24478 51.2533
4.25052 53.3478
4.25625 56.5455
4.26199 53.6875
4.26773 54.8333
4.27346 54.9697
4.2792 54.6071
4.28493 53.1667
4.29067 59.9
4.29641 63.7917
4.30214 61.1447
4.30788 76.5143
4.31362 161.831
4.31935 76.8571
4.32509 359.44
4.33082 146.638
4.33656 82.46
4.3423 69.6667
4.34803 73.4931
4.35377 73.871
4.3595 80.0833
4.36524 80.2973
4.37098 87.3571
4.37671 85.1852
4.38245 94.4459
4.38819 98.6806
4.39392 96.1228
4.39966 109.594
4.40539 124.528
4.41113 133.348
4.41687 133.241
4.4226 171.468
4.42834 251.479
4.43408 349.104
4.43981 726.831
4.44555 2740.91
4.45128 10476.6
4.45702 6760.83
4.46276 8293.84
4.46849 3477.24
4.47423 926.482
4.47996 806.592
4.4857 484.338
4.49144 299.908
4.49717 251.857
4.50291 242
4.50865 217.592
4.51438 206.673
4.52012 200.519
4.52585 178.067
4.53159 153
4.53733 141.1
4.54306 123.838
4.5488 107.597
4.55454 97.1228
4.56027 90.1
4.56601 81.5135
4.57174 74.1731
4.57748 73.4103
4.58322 65.0897
4.58895 61.3881
4.59469 63.6557
4.60042 56.3924
4.60616 56
4.6119 55.68
4.61763 51.4578
4.62337 55.961
4.62911 50.9206
4.63484 48.7656
4.64058 46.8049
4.64631 46.5139
4.65205 43.25
4.65779 44.2625
4.66352 42.141
4.66926 45.4098
4.675 40.4648
4.68073 41.3718
4.68647 43.0548
4.6922 38.7759
4.69794 40.1605
4.70368 36.987
4.70941 34.18
4.71515 36.9059
4.72088 39.5949
4.72662 37.5072
4.73236 40.9048
4.73809 42.1341
4.74383 39.2051
4.74957 38.0769
4.7553 36.7262
4.76104 38.45
4.76677 37.7612
4.77251 37.7385
4.77825 34.7439
4.78398 36.08
4.78972 37.4464
4.79546 33.6118
4.80119 31.0127
4.80693 30.9231
4.81266 35.3571
4.8184 32.6071
4.82414 30.2192
4.82987 32.9836
4.83561 25.8571
4.84134 27.6375
4.84708 31.9811
4.85282 32.4824
4.85855 34.3049
4.86429 34.7465
4.87003 27.7049
4.87576 30.2529
4.8815 30.9114
4.88723 29.1111
4.89297 29.3059
4.89871 27.3614
4.90444 29.8592
4.91018 26.3636
4.91592 27.0833
4.92165 28.4051
4.92739 28.1754
4.93312 27.9302
4.93886 29.6429
4.9446 28.5522
4.95033 27.7887
4.95607 28.1744
4.9618 27.1688
4.96754 30.8814
4.97328 28.5632
4.97901 27.6867
4.98475 31.3115
4.99049 28.8333
4.99622 25.2874
5.00196 26.0685
5.00769 25.0794
5.01343 29.4659
5.01917 30.1807
5.0249 24.5094
5.03064 24.8111
5.03638 26.1628
5.04211 24.9867
5.04785 25.6154
5.05358 23.2907
5.05932 25.2346
5.06506 26.0345
5.07079 27.5169
5.07653 25.2529
5.08226 23.7465
5.088 23.5
5.09374 23.8667
5.09947 27.4286
5.10521 23.8889
5.11095 23.1
5.11668 27.8471
5.12242 26.9394
5.12815 28.4416
5.13389 27.2667
5.13963 25.6753
5.14536 26.623
5.1511 23.9022
5.15684 25.4578
5.16257 27.4921
5.16831 25.8452
5.17404 27.9888
5.17978 29.2857
5.18552 26.0152
5.19125 25.6778
5.19699 24.6265
5.20272 24.5254
5.20846 24.0326
5.2142 24.3371
5.21993 25.8684
5.22567 25.1884
5.23141 23.1848
5.23714 23.5679
5.24288 27.7869
5.24861 24.5484
5.25435 25.7753
5.26009 23.9296
5.26582 24.9342
5.27156 23
5.2773 25.4684
5.28303 27.9538
5.28877 25.1277
5.2945 24.6437
5.30024 28.3889
5.30598 28.1772
5.31171 26.3258
5.31745 24.8171
5.32318 26.9385
5.32892 29.0957
5.33466 23.3563
5.34039 29.0758
5.34613 22.3721
5.35187 27.1978
5.3576 26.7037
5.36334 22.8485
5.36907 22.4167
5.37481 26.8235
5.38055 25.2787
5.38628 25.7708
5.39202 22.3846
5.39776 28.7125
5.40349 27.8592
5.40923 27.5833
5.41496 26.0617
5.4207 26.1429
5.42644 24.949
5.43217 28.1573
5.43791 24.3418
5.44364 24.2568
5.44938 22.7113
5.45512 27.6543
5.46085 24.7727
5.46659 26.8163
5.47233 24.4382
5.47806 23.9737
5.4838 23.8272
5.48953 22.0538
5.49527 24.9286
5.50101 21.8209
5.50674 24.0306
5.51248 25
5.51822 25.8784
5.52395 22.3494
5.52969 26.5269
5.53542 25.1647
5.54116 26.2059
5.5469 27.5354
5.55263 24.9551
5.55837 23.3611
5.5641 24.9551
5.56984 22.3441
5.57558 23.1429
5.58131 23.8767
5.58705 24.8485
5.59279 27.3182
5.59852 28.7143
5.60426 14.97
5.60999 24.8065
5.61573 25.1951
5.62147 21.0921
5.6272 27.7113
5.63294 22.977
5.63868 25.5606
5.64441 24.5446
5.65015 24.9032
5.65588 25.25
5.66162 26.7662
5.66736 25.5556
5.67309 28.4767
5.67883 23.8841
5.68456 24.6139
5.6903 26.6333
5.69604 28.939
5.70177 26.0602
5.70751 23.9263
5.71325 27.2386
5.71898 25.0417
5.72472 25.5253
5.73045 24.0323
5.73619 28.2152
5.74193 24.6517
5.74766 27.1789
5.7534 28.9318
5.75914 24.662
5.76487 27.9406
5.77061 29.3298
5.77634 25.2821
5.78208 25.7753
5.78782 25.0515
5.79355 28.3605
5.79929 29.3467
5.80502 25.3069
5.81076 24.8925
5.8165 25.9333
5.82223 26.4375
5.82797 29.5052
5.83371 25.6744
5.83944 26.0253
5.84518 28.1919
5.85091 26.375
5.85665 28.3385
5.86239 29.6571
5.86812 30.4184
5.87386 27.2674
5.8796 31.5316
5.88533 26.4554
5.89107 30.1739
5.8968 30.2464
5.90254 25.6286
5.90828 29.202
5.91401 32.0471
5.91975 29.8537
5.92548 27.0404
5.93122 28.0426
5.93696 28.0411
5.94269 27.8857
5.94843 27.4896
5.95417 29.6477
5.9599 29.6588
5.96564 30.7273
5.97137 31.5426
5.97711 30.3151
5.98285 31.9903
5.98858 32.2143
5.99432 29.7176
6.00006 33.6
6.00579 32.6364
6.01153 32.7957
6.01726 31.2933
6.023 34.4095
6.02874 32.8438
6.03447 30.7273
6.04021 33.2
6.04594 29.8367
6.05168 30.3958
6.05742 34.6753
6.06315 34.0571
6.06889 33.4271
6.07463 35.5238
6.08036 31.2447
6.0861 31.7347
6.09183 36.1856
6.09757 37.3718
6.10331 32.5714
6.10904 34.7604
6.11478 33.7442
6.12052 34.0521
6.12625 36.04
6.13199 38.5106
6.13772 36.4268
6.14346 36.4902
6.1492 38.26
6.15493 39.625
6.16067 35.098
6.1664 39.2653
6.17214 35.1489
6.17788 36.4881
6.18361 37.2524
6.18935 39.6263
6.19509 40.6757
6.20082 43.2936
6.20656 41.5196
6.21229 41.6562
6.21803 41.0732
6.22377 40.0566
6.2295 43.87
6.23524 45.4533
6.24098 46.5229
6.24671 47.3922
6.25245 48.7872
6.25818 49.1047
6.26392 49.8137
6.26966 53.4412
6.27539 52.0395
6.28113 53.8624
6.28686 55.9406
6.2926 66.8646
6.29834 68.0455
6.30407 102.394
6.30981 144.078
6.31555 365.679
6.32128 944.75
6.32702 568.846
6.33275 281.833
6.33849 156.545
6.34423 105.471
6.34996 99.5882
6.3557 104.526
6.36144 109.093
6.36717 117.105
6.37291 125.863
6.37864 137.711
6.38438 144.453
6.39012 138.725
6.39585 128.188
6.40159 114.787
6.40732 97.3704
6.41306 82.8191
6.4188 71.4891
6.42453 68.8774
6.43027 59.7353
6.43601 55.8293
6.44174 57.4811
6.44748 53.6667
6.45321 52.9574
6.45895 50.3261
6.46469 50.2286
6.47042 48.8447
6.47616 45.0357
6.4819 45.6455
6.48763 44.287
6.49337 43.2043
6.4991 44.4947
6.50484 43.5278
6.51058 40.2745
6.51631 42.6429
6.52205 40.7909
6.52778 39.2778
6.53352 38.8261
6.53926 39.5833
6.54499 39.2222
6.55073 41
6.55647 40.2976
6.5622 39.5929
6.56794 36.6574
6.57367 42.0645
6.57941 37.3158
6.58515 39.6875
6.59088 38.7788
6.59662 36.6071
6.60236 37.2368
6.60809 37.8585
6.61383 36.8925
6.61956 36.0928
6.6253 37.3482
6.63104 37.098
6.63677 34.7326
6.64251 37.9298
6.64824 33.8411
6.65398 35.8791
6.65972 35.9118
6.66545 36.6875
6.67119 36.5192
6.67693 36.7093
6.68266 35.7931
6.6884 38.5
6.69413 33.989
6.69987 39.2233
6.70561 34.2054
6.71134 35.7212
6.71708 37.0682
6.72282 35.6228
6.72855 37.4259
6.73429 38.3933
6.74002 36.9434
6.74576 36.7652
6.7515 32.4563
6.75723 32.4382
6.76297 35.1121
6.7687 29.5714
6.77444 32.6404
6.78018 34.7714
6.78591 33.4483
6.79165 34.4206
6.79739 32.7471
6.80312 34.4474
6.80886 35.2143
6.81459 35.3077
6.82033 34.3143
6.82607 34.7155
6.8318 36
6.83754 35.9318
6.84328 37.7966
6.84901 37.0357
6.85475 36.0659
6.86048 34.1651
6.86622 35.6121
6.87196 34.271
6.87769 34.5977
6.88343 36.7797
6.88916 34.2632
6.8949 36.0115
6.90064 37.2832
6.90637 34.7982
6.91211 30.4673
6.91785 31.8161
6.92358 36.843
6.92932 36.1062
6.93505 33.8652
6.94079 35.4248
6.94653 35.8793
6.95226 35.5794
6.958 32.9451
6.96374 36.0583
6.96947 37.2719
6.97521 33.9341
6.98094 35.3514
6.98668 35.5
6.99242 36.1009
6.99815 33.5169
7.00389 34.9333
7.00962 37.3621
7.01536 31.6703
7.0211 31.5455
7.02683 37.8197
7.03257 37.1776
7.03831 35.4301
7.04404 34.9754
7.04978 38.0435
7.05551 36.6383
7.06125 32.156
7.06699 34.1803
7.07272 36.6972
7.07846 36.5281
7.0842 37.4754
7.08993 39.4224
7.09567 38.2473
7.1014 36.4336
7.10714 38.4538
7.11288 35.4771
7.11861 35.1398
7.12435 36.3952
7.13008 33.265
7.13582 37.8333
7.14156 35.6396
7.14729 36.425
7.15303 37.211
7.15877 36.2258
7.1645 38.7419
7.17024 38.8403
7.17597 39.1531
7.18171 36.3645
7.18745 38.8607
7.19318 35.3153
7.19892 40.1538
7.20466 38.2362
7.21039 41.1282
7.21613 36.24
7.22186 41.0826
7.2276 38.873
7.23334 41.1802
7.23907 39.7802
7.24481 41.3016
7.25054 38.4286
7.25628 39.09
7.26202 39.3333
7.26775 39.8852
7.27349 43.4955
7.27923 45.0215
7.28496 43.0476
7.2907 42.084
7.29643 43.932
7.30217 40.4495
7.30791 42.8226
7.31364 43.9316
7.31938 42.0112
7.32512 44.4154
7.33085 42.6694
7.33659 46.4135
7.34232 47.7429
7.34806 47.2308
7.3538 47.3243
7.35953 46.8817
7.36527 51.3203
7.371 54.9835
7.37674 55.5673
7.38248 60.2202
7.38821 74.216
7.39395 85.3966
7.39969 116.806
7.40542 221.969
7.41116 244.878
7.41689 257.943
7.42263 142.374
7.42837 95.5317
7.4341 86.4538
7.43984 84.1798
7.44558 81.6194
7.45131 83.7603
7.45705 89.7
7.46278 94.0388
7.46852 101.554
7.47426 107.855
7.47999 115.222
7.48573 122.629
7.49146 122.16
7.4972 116.855
7.50294 104.944
7.50867 91.6562
7.51441 83.5126
7.52015 76.4396
7.52588 63.8106
7.53162 60.456
7.53735 56.3839
7.54309 54.7767
7.54883 54.6061
7.55456 52.5378
7.5603 49.5169
7.56604 49.4403
7.57177 47.4
7.57751 48.2155
7.58324 47.4951
7.58898 43.6794
7.59472 42.4344
7.60045 47.19
7.60619 42.9268
7.61192 42.6822
7.61766 43.75
7.6234 42.8812
7.62913 43.2652
7.63487 42.3554
7.64061 43.3824
7.64634 45.878
7.65208 42.8605
7.65781 43.5254
7.66355 45.3571
7.66929 43.4074
7.67502 42.621
7.68076 43.3491
7.6865 42.874
7.69223 44.9084
7.69797 46.2966
7.7037 45.9703
7.70944 49.2761
7.71518 45.374
7.72091 46.5
7.72665 53
7.73238 65.876
7.73812 78.959
7.74386 165.66
7.74959 130.804
7.75533 70.072
7.76107 58.9554
7.7668 55.8957
7.77254 52.5191
7.77827 49.5082
7.78401 51.3232
7.78975 48.7259
7.79548 54.8281
7.80122 53.0345
7.80696 53.1081
7.81269 59.5789
7.81843 59.5806
7.82416 60.6105
7.8299 58.1429
7.83564 56.2047
7.84137 48.1552
7.84711 50.036
7.85284 44.5344
7.85858 42.2734
7.86432 40.3402
7.87005 41.3885
7.87579 39.3906
7.88153 38.5328
7.88726 37.3271
7.893 35.8815
7.89873 35.1016
7.90447 36.8039
7.91021 33.7519
7.91594 35.0916
7.92168 34.325
7.92742 33.781
7.93315 33.6423
7.93889 33.2698
7.94462 35.6404
7.95036 32.7869
7.9561 34.3182
7.96183 35.6349
7.96757 34.6
7.9733 32.7299
7.97904 31.8231
7.98478 29.9464
7.99051 32.616
7.99625 33.1128
8.00199 29.9355
8.00772 32.6733
8.01346 29.8993
8.01919 30.7045
8.02493 31.4915
8.03067 30.3684
8.0364 31.4118
8.04214 30.6641
8.04788 30.0583
8.05361 30.0216
8.05935 29.6471
8.06508 30.7203
8.07082 28.1026
8.07656 31.1606
8.08229 29.9062
8.08803 30.1212
8.09376 29.979
8.0995 28.5909
8.10524 30.082
8.11097 27.9204
8.11671 28.1241
8.12245 30.3798
8.12818 28.875
8.13392 32.0227
8.13965 29.3913
8.14539 27.5161
8.15113 25.5766
8.15686 23.4161
8.1626 23.75
8.16834 21.4915
8.17407 20.127
8.17981 18.5
8.18554 17.7308
8.19128 16.486
8.19702 12.7482
8.20275 16.0896
8.20849 15
8.21422 15.4839
8.21996 12.7464
8.2257 11.1172
8.23143 10.7757
8.23717 6.70629
8.24291 8.48148
8.24864 10.0545
8.25438 7.21053
8.26011 10.0526
8.26585 8.66667
8.27159 0
8.27732 0
8.28306 0
8.2888 0
8.29453 0
8.30027 0
8.306 0
8.31174 0
8.31748 0
8.32321 0
8.32895 0
8.33468 0
8.34042 0
8.34616 0
8.35189 0
8.35763 0
8.36337 0
8.3691 0
8.37484 0
8.38057 0
8.38631 0
8.39205 0
8.39778 0
8.40352 0
8.40926 0
8.41499 0
8.42073 0
8.42646 0
8.4322 0
8.43794 0
8.44367 0
8.44941 0
8.45514 0
8.46088 0
8.46662 0
8.47235 0
8.47809 0
8.48383 0
8.48956 0
8.4953 0
8.50103 0
8.50677 0
8.51251 0
8.51824 0
8.52398 0
8.52972 0
8.53545 0
8.54119 0
8.54692 0
8.55266 0
8.5584 0
8.56413 0
8.56987 0
8.5756 0
8.58134 0
8.58708 0
8.59281 0
8.59855 0
8.60429 0
8.61002 0
8.61576 0
8.62149 0
8.62723 0
8.63297 0
8.6387 0
8.64444 0
8.65018 0
8.65591 0
8.66165 0
8.66738 0
8.67312 0
8.67886 0
8.68459 0
8.69033 0
8.69606 0
8.7018 0
8.70754 0
8.71327 0
8.71901 0
8.72475 0
8.73048 0
8.73622 0
8.74195 0
8.74769 0
8.75343 0
8.75916 0
8.7649 0
8.77064 0
8.77637 0
8.78211 0
8.78784 0
8.79358 0
8.79932 0
8.80505 0
8.81079 0
8.81652 0
8.82226 0
8.828 0
8.83373 0
8.83947 0
8.84521 0
8.85094 0
8.85668 0
8.86241 0
8.86815 0
8.87389 0
8.87962 0
8.88536 0
8.8911 0
8.89683 0
8.90257 0
8.9083 0
8.91404 0
8.91978 0
8.92551 0
8.93125 0
8.93698 0
8.94272 0
8.94846 0
8.95419 0
8.95993 0
8.96567 0
8.9714 0
8.97714 0
8.98287 0
8.98861 0
8.99435 0
9.00008 0
9.00582 0
9.01156 0
9.01729 0
9.02303 0
9.02876 0
9.0345 0
9.04024 0
9.04597 0
9.05171 0
9.05744 0
9.06318 0
9.06892 0
9.07465 0
9.08039 0
9.08613 0
9.09186 0
9.0976 0
9.10333 0
9.10907 0
9.11481 0
9.12054 0
9.12628 0
9.13202 0
9.13775 0
9.14349 0
9.14922 0
9.15496 0
9.1607 0
9.16643 0
9.17217 0
9.1779 0
9.18364 0
9.18938 0
9.19511 0
9.20085 0
9.20659 0
9.21232 0
9.21806 0
9.22379 0
9.22953 0
9.23527 0
9.241 0
9.24674 0
9.25248 0
9.25821 0
9.26395 0
9.26968 0
9.27542 0
9.28116 0
9.28689 0
9.29263 0
9.29836 0
9.3041 0
9.30984 0
9.31557 0
9.32131 0
9.32705 0
9.33278 0
9.33852 0
9.34425 0
9.34999 0
9.35573 0
9.36146 0
9.3672 0
9.37294 0
9.37867 0
9.38441 0
9.39014 0
9.39588 0
9.40162 0
9.40735 0
9.41309 0
9.41882 0
9.42456 0
9.4303 0
9.43603 0
9.44177 0
9.44751 0
9.45324 0
9.45898 0
9.46471 0
9.47045 0
9.47619 0
9.48192 0
9.48766 0
9.4934 0
9.49913 0
9.50487 0
9.5106 0
9.51634 0
9.52208 0
9.52781 0
9.53355 0
9.53928 0
9.54502 0
9.55076 0
9.55649 0
9.56223 0
9.56797 0
9.5737 0
9.57944 0
9.58517 0
9.59091 0
9.59665 0
9.60238 0
9.60812 0
9.61386 0
9.61959 0
9.62533 0
9.63106 0
9.6368 0
9.64254 0
9.64827 0
9.65401 0
9.65974 0
9.66548 0
9.67122 0
9.67695 0
9.68269 0
9.68843 0
9.69416 0
9.6999 0
9.70563 0
9.71137 0
9.71711 0
9.72284 0
9.72858 0
9.73432 0
9.74005 0
9.74579 0
9.75152 0
9.75726 0
9.763 0
9.76873 0
9.77447 0
9.7802 0
9.78594 0
9.79168 0
9.79741 0
9.80315 0
9.80889 0
9.81462 0
9.82036 0
9.82609 0
9.83183 0
9.83757 0
9.8433 0
9.84904 0
9.85478 0
9.86051 0
9.86625 0
9.87198 0
9.87772 0
9.88346 0
9.88919 0
9.89493 0
9.90066 0
9.9064 0
9.91214 0
9.91787 0
9.92361 0
9.92935 0
9.93508 0
9.94082 0
9.94655 0
9.95229 0
9.95803 0
9.96376 0
9.9695 0
9.97524 0
9.98097 0
9.98671 0
9.99244 0
9.99818 0
10.0039 0
10.0097 0
10.0154 0
10.0211 0
10.0269 0
10.0326 0
10.0383 0
10.0441 0
10.0498 0
10.0555 0
10.0613 0
10.067 0
10.0728 0
10.0785 0
10.0842 0
10.09 0
10.0957 0
10.1014 0
10.1072 0
10.1129 0
10.1186 0
10.1244 0
10.1301 0
10.1358 0
10.1416 0
10.1473 0
10.1531 0
10.1588 0
10.1645 0
10.1703 0
10.176 0
10.1817 0
10.1875 0
10.1932 0
10.1989 0
10.2047 0
10.2104 0
10.2162 0
10.2219 0
10.2276 0
10.2334 0
10.2391 0
10.2448 0
10.2506 0
10.2563 0
10.262 0
10.2678 0
10.2735 0
10.2793 0
10.285 0
10.2907 0
10.2965 0
10.3022 0
10.3079 0
10.3137 0
10.3194 0
10.3251 0
10.3309 0
10.3366 0
10.3424 0
10.3481 0
10.3538 0
10.3596 0
10.3653 0
10.371 0
10.3768 0
10.3825 0
10.3882 0
10.394 0
10.3997 0
10.4054 0
10.4112 0
10.4169 0
10.4227 0
10.4284 0
10.4341 0
10.4399 0
10.4456 0
10.4513 0
10.4571 0
10.4628 0
10.4685 0
10.4743 0
10.48 0
10.4858 0
10.4915 0
10.4972 0
10.503 0
10.5087 0
10.5144 0
10.5202 0
10.5259 0
10.5316 0
10.5374 0
10.5431 0
10.5489 0
10.5546 0
10.5603 0
10.5661 0
10.5718 0
10.5775 0
10.5833 0
10.589 0
10.5947 0
10.6005 0
10.6062 0
10.612 0
10.6177 0
10.6234 0
10.6292 0
10.6349 0
10.6406 0
10.6464 0
10.6521 0
10.6578 0
10.6636 0
10.6693 0
10.6751 0
10.6808 0
10.6865 0
10.6923 0
10.698 0
10.7037 0
10.7095 0
10.7152 0
10.7209 0
10.7267 0
10.7324 0
10.7381 0
10.7439 0
10.7496 0
10.7554 0
10.7611 0
10.7668 0
10.7726 0
10.7783 0
10.784 0
10.7898 0
10.7955 0
10.8012 0
10.807 0
10.8127 0
10.8185 0
10.8242 0
10.8299 0
10.8357 0
10.8414 0
10.8471 0
10.8529 0
10.8586 0
10.8643 0
10.8701 0
10.8758 0
10.8816 0
10.8873 0
10.893 0
10.8988 0
10.9045 0
10.9102 0
10.916 0
10.9217 0
10.9274 0
10.9332 0
10.9389 0
10.9447 0
10.9504 0
10.9561 0
10.9619 0
10.9676 0
10.9733 0
10.9791 0
10.9848 0
10.9905 0
10.9963 0
11.002 0
11.0077 0
11.0135 0
11.0192 0
11.025 0
11.0307 0
11.0364 0
11.0422 0
11.0479 0
11.0536 0
11.0594 0
11.0651 0
11.0708 0
11.0766 0
11.0823 0
11.0881 0
11.0938 0
11.0995 0
11.1053 0
11.111 0
11.1167 0
11.1225 0
11.1282 0
11.1339 0
11.1397 0
11.1454 0
11.1512 0
11.1569 0
11.1626 0
11.1684 0
11.1741 0
11.1798 0
11.1856 0
11.1913 0
11.197 0
11.2028 0
11.2085 0
11.2143 0
11.22 0
11.2257 0
11.2315 0
11.2372 0
11.2429 0
11.2487 0
11.2544 0
11.2601 0
11.2659 0
11.2716 0
11.2774 0
11.2831 0
11.2888 0
11.2946 0
11.3003 0
11.306 0
11.3118 0
11.3175 0
11.3232 0
11.329 0
11.3347 0
11.3404 0
11.3462 0
11.3519 0
11.3577 0
11.3634 0
11.3691 0
11.3749 0
11.3806 0
11.3863 0
11.3921 0
11.3978 0
11.4035 0
11.4093 0
11.415 0
11.4208 0
11.4265 0
11.4322 0
11.438 0
11.4437 0
11.4494 0
11.4552 0
11.4609 0
11.4666 0
11.4724 0
11.4781 0
11.4839 0
11.4896 0
11.4953 0
11.5011 0
11.5068 0
11.5125 0
11.5183 0
11.524 0
11.5297 0
11.5355 0
11.5412 0
11.547 0
11.5527 0
11.5584 0
11.5642 0
11.5699 0
11.5756 0
11.5814 0
11.5871 0
11.5928 0
11.5986 0
11.6043 0
11.61 0
11.6158 0
11.6215 0
11.6273 0
11.633 0
11.6387 0
11.6445 0
11.6502 0
11.6559 0
11.6617 0
11.6674 0
11.6731 0
11.6789 0
11.6846 0
11.6904 0
11.6961 0
11.7018 0
11.7076 0
11.7133 0
11.719 0
11.7248 0
11.7305 0
11.7362 0
11.742 0
