0 12
0.00573619 4
0.0114724 9
0.0172086 0
0.0229448 34
0.028681 -9
0.0344171 0
0.0401533 17
0.0458895 8
0.0516257 11
0.0573619 0
0.0630981 -8
0.0688343 18
0.0745705 0
0.0803067 16
0.0860429 5
0.091779 0
0.0975152 4.66667
0.103251 4.33333
0.108988 -2.33333
0.114724 0
0.12046 9.66667
0.126196 7.66667
0.131932 0
0.137669 -5
0.143405 10.3333
0.149141 -13
0.154877 -7
0.160613 -1.33333
0.16635 11
0.172086 0
0.177822 -5.66667
0.183558 5.6
0.189294 0
0.19503 -5.4
0.200767 13.4
0.206503 -1
0.212239 -6
0.217975 6.8
0.223711 -1
0.229448 0
0.235184 -7
0.24092 7.4
0.246656 0
0.252392 9.8
0.258129 12.8
0.263865 14.2
0.269601 0
0.275337 11.2
0.281073 18.2857
0.28681 0
0.292546 -4.57143
0.298282 17.2857
0.304018 5.33333
0.309754 4
0.31549 25.7143
0.321227 32.4286
0.326963 0
0.332699 12.8571
0.338435 15.8571
0.344171 0
0.349908 5.14286
0.355644 8.28571
0.36138 17.6
0.367116 9
0.372852 4.33333
0.378589 1.57143
0.384325 2.5
0.390061 6.11111
0.395797 7.11111
0.401533 0
0.40727 17.7778
0.413006 22.6667
0.418742 13.7143
0.424478 38.5
0.430214 2.22222
0.43595 15.5556
0.441687 0
0.447423 8.77778
0.453159 4.66667
0.458895 10
0.464631 11.1429
0.470368 3.90909
0.476104 6.88889
0.48184 3
0.487576 15.3636
0.493312 18.5455
0.499049 0
0.504785 18.6364
0.510521 16.3636
0.516257 11
0.521993 17.8333
0.52773 24.5455
0.533466 18.4444
0.539202 30.5
0.544938 17.3636
0.550674 31.3636
0.55641 0
0.562147 18.6154
0.567883 24.2308
0.573619 12.8571
0.579355 24.5
0.585091 27.5385
0.590828 14.9091
0.596564 29
0.6023 20
0.608036 19.6923
0.613772 24
0.619509 16
0.625245 17.1538
0.630981 21.4444
0.636717 21.25
0.642453 26.8462
0.64819 7.92308
0.653926 18
0.659662 20.2667
0.665398 21.0667
0.671134 9.57143
0.67687 15
0.682607 11.2
0.688343 14
0.694079 23.5
0.699815 18
0.705551 15.7333
0.711288 6
0.717024 21.5714
0.72276 24.6667
0.728496 17
0.734232 20.6667
0.739969 20.875
0.745705 11.3077
0.751441 17.25
0.757177 18.2353
0.762913 13.7059
0.76865 15
0.774386 12.25
0.780122 18.7059
0.785858 23.7273
0.791594 23.5
0.79733 16.4706
0.803067 20.0667
0.808803 17
0.814539 5.70588
0.820275 16.4706
0.826011 21
0.831748 25.375
0.837484 18.5556
0.84322 19.2308
0.848956 17.6667
0.854692 20.4737
0.860429 14.3529
0.866165 17.2
0.871901 15.8125
0.877637 16.9474
0.883373 5
0.88911 17
0.894846 16.5263
0.900582 13.2667
0.906318 15.25
0.912054 21.2105
0.91779 23.4118
0.923527 29.5556
0.929263 14
0.934999 12.2857
0.940735 14.2308
0.946471 12
0.952208 18
0.957944 15.2353
0.96368 16
0.969416 14.5714
0.975152 12.5263
0.980889 13.0909
0.986625 14.4167
0.992361 18.8571
0.998097 21.4667
1.00383 29.3333
1.00957 11.8571
1.01531 6.41176
1.02104 26.7
1.02678 13.6471
1.03251 16.3333
1.03825 20.6154
1.04399 17.5
1.04972 19.5652
1.05546 13.1765
1.0612 17.5
1.06693 16.087
1.07267 13.7368
1.0784 28.1538
1.08414 15.6429
1.08988 14.8261
1.09561 21
1.10135 3.5
1.10708 18.3913
1.11282 15.7647
1.11856 17.8571
1.12429 18.24
1.13003 15.381
1.13577 20.1333
1.1415 19.0714
1.14724 20.32
1.15297 20.7333
1.15871 12.8
1.16445 13.16
1.17018 17.7895
1.17592 20.9231
1.18166 18.5556
1.18739 17
1.19313 14.4667
1.19886 21.3333
1.2046 20.6
1.21034 18.6111
1.21607 19
1.22181 16.2222
1.22754 12.4762
1.23328 11.6471
1.23902 15.875
1.24475 13.24
1.25049 20.2941
1.25623 19.3333
1.26196 17.5556
1.2677 17.3684
1.27343 13.4615
1.27917 14.1364
1.28491 13.7826
1.29064 12.3529
1.29638 19.7857
1.30212 18.1481
1.30785 7
1.31359 10.8333
1.31932 16.5862
1.32506 17.619
1.3308 11.8235
1.33653 15.75
1.34227 18.2
1.348 10.8947
1.35374 13.1429
1.35948 10.4444
1.36521 17.5238
1.37095 15.9
1.37669 16.7241
1.38242 19.8261
1.38816 21.7059
1.39389 18.3158
1.39963 12.7407
1.40537 14.45
1.4111 14.5714
1.41684 11.7241
1.42258 17.7391
1.42831 18
1.43405 17.5417
1.43978 10.4
1.44552 6.42857
1.45126 16.6875
1.45699 15.3448
1.46273 18.2857
1.46846 25.5833
1.4742 16.7742
1.47994 15.3043
1.48567 19.05
1.49141 17.3333
1.49715 16.6296
1.50288 17.4348
1.50862 17.3125
1.51435 18.8621
1.52009 14.24
1.52583 12.4
1.53156 20.9
1.5373 12.6
1.54304 23.9048
1.54877 10.5
1.55451 16.7241
1.56024 15.6087
1.56598 18.7143
1.57172 16.6774
1.57745 16.12
1.58319 13.5
1.58892 19.12
1.59466 18.4444
1.6004 16.8
1.60613 16.4444
1.61187 17.3548
1.61761 13.8
1.62334 18.9286
1.62908 19.4848
1.63481 15.3704
1.64055 18.8261
1.64629 13.5909
1.65202 16.8621
1.65776 15.88
1.6635 14.125
1.66923 16.2581
1.67497 19.2857
1.6807 11.8
1.68644 12.6429
1.69218 15.2414
1.69791 23.44
1.70365 17.9091
1.70938 18.3548
1.71512 14.6667
1.72086 10.625
1.72659 12.2121
1.73233 19.6207
1.73807 11.4348
1.7438 16.4231
1.74954 19.931
1.75527 18.7778
1.76101 14.4211
1.76675 19.1818
1.77248 18.3214
1.77822 23.9
1.78396 19.7333
1.78969 19.6129
1.79543 14.3333
1.80116 17.6667
1.8069 20.7097
1.81264 13.2759
1.81837 15.5
1.82411 20.9143
1.82984 22
1.83558 23.72
1.84132 19.5
1.84705 15.0645
1.85279 19.2222
1.85853 21.3478
1.86426 15.0606
1.87 21.4667
1.87573 17.0556
1.88147 19.6857
1.88721 18.7273
1.89294 19.4074
1.89868 21.7308
1.90442 22.9394
1.91015 26.3548
1.91589 16.55
1.92162 21.6857
1.92736 34.6452
1.9331 26.88
1.93883 38.2857
1.94457 30.6667
1.9503 35.2667
1.95604 32.2917
1.96178 24.3235
1.96751 26.75
1.97325 22
1.97899 14.2703
1.98472 20.1818
1.99046 18.2414
1.99619 14.5
2.00193 23.5429
2.00767 20.9677
2.0134 22.8333
2.01914 24.1143
2.02488 20.1515
2.03061 18.48
2.03635 19.25
2.04208 18.9412
2.04782 17.0312
2.05356 17.3333
2.05929 15.0833
2.06503 17.3714
2.07076 20.8636
2.0765 19.3243
2.08224 21.0857
2.08797 18.931
2.09371 20.6786
2.09945 21.3243
2.10518 17.4848
2.11092 21.4167
2.11665 19.8919
2.12239 18.3429
2.12813 17.1304
2.13386 21.3889
2.1396 13.7222
2.14534 19.1562
2.15107 14.8846
2.15681 18.1842
2.16254 22.973
2.16828 20.6364
2.17402 22.1282
2.17975 23.8108
2.18549 20.9032
2.19122 19.4333
2.19696 27.0541
2.2027 22.4857
2.20843 22.5417
2.21417 43.1026
2.21991 142.054
2.22564 57.2273
2.23138 84.125
2.23711 43.6579
2.24285 33.9118
2.24859 27.6786
2.25432 22.1026
2.26006 25.0769
2.2658 18.9091
2.27153 23.878
2.27727 18.0256
2.283 23.6774
2.28874 19.1875
2.29448 23.5897
2.30021 23.4595
2.30595 23.4231
2.31168 21.4103
2.31742 19.1282
2.32316 22.9545
2.32889 20
2.33463 19.25
2.34037 21.2778
2.3461 20.4286
2.35184 22.7442
2.35757 22.9459
2.36331 22.9231
2.36905 21.4878
2.37478 23.561
2.38052 23.3871
2.38626 23.8529
2.39199 21.814
2.39773 25.7297
2.40346 27
2.4092 22.6744
2.41494 19.575
2.42067 16.5
2.42641 21.2273
2.43214 16.5714
2.43788 20.7714
2.44362 15.7812
2.44935 22.7556
2.45509 24.3846
2.46083 18.1923
2.46656 20.3333
2.4723 13.9512
2.47803 18.6207
2.48377 17.15
2.48951 21.7674
2.49524 19.4615
2.50098 24.6154
2.50672 21.3478
2.51245 20.9762
2.51819 14.875
2.52392 19.6739
2.52966 17.0227
2.5354 20.1515
2.54113 21.9722
2.54687 21.1556
2.5526 18.1463
2.55834 17.3462
2.56408 18.7447
2.56981 22.2093
2.57555 21.6207
2.58129 20.0476
2.58702 21.5778
2.59276 18.3243
2.59849 21.125
2.60423 17.5435
2.60997 21.3864
2.6157 19.9583
2.62144 14.75
2.62718 19.9149
2.63291 16.7143
2.63865 16.6667
2.64438 19.8936
2.65012 20.9268
2.65586 19.2333
2.66159 19.1702
2.66733 20.1111
2.67306 21.36
2.6788 21.2708
2.68454 22.1915
2.69027 20.4103
2.69601 16.2121
2.70175 19.8333
2.70748 18.4889
2.71322 17.5556
2.71895 21.2708
2.72469 14.551
2.73043 22.4286
2.73616 21.2368
2.7419 21.4082
2.74764 24.0698
2.75337 20.1667
2.75911 21.6531
2.76484 15.9796
2.77058 19.2083
2.77632 22.9796
2.78205 14.88
2.78779 19.5385
2.79352 20.4571
2.79926 20.0769
2.805 15.7333
2.81073 25.6296
2.81647 18.6415
2.82221 20.3061
2.82794 16.5676
2.83368 15.8421
2.83941 20.1887
2.84515 15.8049
2.85089 19.0312
2.85662 16.3019
2.86236 21.6327
2.8681 24.0833
2.87383 19.0566
2.87957 19.9
2.8853 20.6585
2.89104 18.973
2.89678 22.0769
2.90251 21.6667
2.90825 18.6207
2.91398 22.8
2.91972 19.4902
2.92546 20.4595
2.93119 23.7143
2.93693 23.4906
2.94267 21.0667
2.9484 19.4375
2.95414 20.0755
2.95987 22.3061
2.96561 23.0385
2.97135 19.0179
2.97708 22.7037
2.98282 25.6667
2.98856 19.8462
2.99429 21.2593
3.00003 24.0851
3.00576 24.9688
3.0115 20.2727
3.01724 24.8491
3.02297 22.6757
3.02871 22.5227
3.03444 16.8727
3.04018 21.5333
3.04592 19.7059
3.05165 21.0182
3.05739 21.3922
3.06313 19.8966
3.06886 23.4643
3.0746 21.2364
3.08033 18.7727
3.08607 25.6486
3.09181 24.3929
3.09754 24.449
3.10328 24.4375
3.10902 24.3559
3.11475 29.1509
3.12049 25.8462
3.12622 27
3.13196 20.5818
3.1377 20.9574
3.14343 23.5278
3.14917 29.2807
3.1549 28.2353
3.16064 30.4483
3.16638 29.5833
3.17211 23.4545
3.17785 31.5455
3.18359 28.3415
3.18932 29.4407
3.19506 28.7755
3.20079 26.7059
3.20653 26.6949
3.21227 21.3774
3.218 23.8293
3.22374 23.7292
3.22948 31.7119
3.23521 23.2444
3.24095 23.8421
3.24668 26.4333
3.25242 29.9811
3.25816 30.0294
3.26389 27.2456
3.26963 27.614
3.27536 27.5435
3.2811 31.0976
3.28684 30.4426
3.29257 31.5714
3.29831 31.6944
3.30405 29
3.30978 27.2364
3.31552 36.3256
3.32125 28.5833
3.32699 29.4737
3.33273 32.0196
3.33846 34.9211
3.3442 29.871
3.34994 37.9804
3.35567 34.8421
3.36141 32.9661
3.36714 35.2632
3.37288 34.1667
3.37862 27.4545
3.38435 30.3115
3.39009 27.4528
3.39582 32.6667
3.40156 33.2222
3.4073 34.6
3.41303 34.4255
3.41877 40.4792
3.42451 37.459
3.43024 37.6735
3.43598 36.1951
3.44171 39.7778
3.44745 36.7321
3.45319 34.7857
3.45892 37.3818
3.46466 33.6271
3.4704 31.4
3.47613 33.5227
3.48187 34.7619
3.4876 31.5094
3.49334 34.4211
3.49908 37.5522
3.50481 29.2982
3.51055 37.4043
3.51628 34.6
3.52202 35.082
3.52776 37.6852
3.53349 38.6585
3.53923 40.5846
3.54497 44.037
3.5507 45.9375
3.55644 53.3455
3.56217 52.5254
3.56791 48.7925
3.57365 46.1304
3.57938 43.7385
3.58512 41.5818
3.59086 44.7632
3.59659 41.4776
3.60233 47.4576
3.60806 39.6275
3.6138 43.125
3.61954 42.6825
3.62527 43.9643
3.63101 44.878
3.63674 46.4179
3.64248 47.9828
3.64822 57.4375
3.65395 56.7368
3.65969 59.1311
3.66543 61.7091
3.67116 57.0217
3.6769 57.4444
3.68263 55.623
3.68837 63.0263
3.69411 60.2319
3.69984 60.4746
3.70558 61.3208
3.71132 61.9608
3.71705 61.0769
3.72279 58.8393
3.72852 64.5814
3.73426 62.209
3.74 59.1774
3.74573 58.82
3.75147 65.3036
3.7572 64.3492
3.76294 71.7119
3.76868 69.0455
3.77441 67.9254
3.78015 69.6102
3.78589 75.383
3.79162 72.6562
3.79736 76.7302
3.80309 85.6071
3.80883 86.4706
3.81457 91.6615
3.8203 100.317
3.82604 103.86
3.83178 109.232
3.83751 126.597
3.84325 154.196
3.84898 215.815
3.85472 471.19
3.86046 544.967
3.86619 656.761
3.87193 509.696
3.87766 369.541
3.8834 331.588
3.88914 380.333
3.89487 457.769
3.90061 538.983
3.90635 577.122
3.91208 558.701
3.91782 461.016
3.92355 384.073
3.92929 302.704
3.93503 229.203
3.94076 197.847
3.9465 168.074
3.95224 147.313
3.95797 127.571
3.96371 117
3.96944 106.93
3.97518 96.9683
3.98092 97.2364
3.98665 95.3448
3.99239 82.7353
3.99812 83.8871
4.00386 85.2041
4.0096 79.8551
4.01533 77.4531
4.02107 78.58
4.02681 72.9242
4.03254 71.0303
4.03828 73.1475
4.04401 72.7692
4.04975 70.0986
4.05549 65.8
4.06122 67.8913
4.06696 65.6087
4.0727 63.8841
4.07843 60.2
4.08417 59.2679
4.0899 65.4412
4.09564 66.3281
4.10138 59.64
4.10711 61.6667
4.11285 64.1364
4.11858 59.5
4.12432 60.4516
4.13006 57.0725
4.13579 58.1746
4.14153 56.6346
4.14727 55.8767
4.153 59.9851
4.15874 54
4.16447 52.2877
4.17021 54.6056
4.17595 55.5645
4.18168 56.3393
4.18742 56
4.19316 57.1212
4.19889 57.56
4.20463 56.7432
4.21036 55.1618
4.2161 59.2833
4.22184 57.2241
4.22757 60.0822
4.23331 57.6716
4.23904 58.14
4.24478 56.12
4.25052 57.5942
4.25625 60.3636
4.26199 58.7969
4.26773 57.8056
4.27346 55.7576
4.2792 55.875
4.28493 57.5694
4.29067 57.2143
4.29641 63.3125
4.30214 63.2632
4.30788 66.3286
4.31362 98.3846
4.31935 71.3214
4.32509 176.413
4.33082 103.928
4.33656 79.04
4.3423 71.5467
4.34803 79
4.35377 75.5323
4.3595 74.4833
4.36524 82.2838
4.37098 84.6714
4.37671 85.9444
4.38245 96.5541
4.38819 101.625
4.39392 102.737
4.39966 107.87
4.40539 128.431
4.41113 136.42
4.41687 141.889
4.4226 182.143
4.42834 256.493
4.43408 340.792
4.43981 752.091
4.44555 2790.57
4.45128 10386.1
4.45702 7883.68
4.46276 8704.66
4.46849 3966.31
4.47423 1036.41
4.47996 971.487
4.4857 525.189
4.49144 317.554
4.49717 275.222
4.50291 269.896
4.50865 246.845
4.51438 225.154
4.52012 222.734
4.52585 196.747
4.53159 169.737
4.53733 153.771
4.54306 131.988
4.5488 116.418
4.55454 100.719
4.56027 94.75
4.56601 87.3784
4.57174 77.5
4.57748 73.8205
4.58322 70.9487
4.58895 64.4776
4.59469 64.0984
4.60042 58.6835
4.60616 60.2267
4.6119 54.52
4.61763 55.0964
4.62337 53.8312
4.62911 53.9683
4.63484 51.6719
4.64058 51.1585
4.64631 47.1528
4.65205 44.4821
4.65779 45.7375
4.66352 41.0256
4.66926 41.5246
4.675 42.1127
4.68073 42.5641
4.68647 36.863
4.6922 37.8276
4.69794 40.3827
4.70368 35.3507
4.70941 41.46
4.71515 38.4353
4.72088 36.0506
4.72662 39.2464
4.73236 35.4762
4.73809 36.2317
4.74383 36.6923
4.74957 32.4423
4.7553 37.5476
4.76104 35.925
4.76677 33.6866
4.77251 36.7077
4.77825 36.0732
4.78398 40.52
4.78972 31.2321
4.79546 32.9294
4.80119 31.9241
4.80693 32.2462
4.81266 32.9286
4.8184 32.9167
4.82414 32.5753
4.82987 32.1148
4.83561 30.3452
4.84134 30.7875
4.84708 29.1132
4.85282 27.0824
4.85855 31.8049
4.86429 33.4225
4.87003 29.4262
4.87576 29.5402
4.8815 24.2532
4.88723 28.963
4.89297 27.0941
4.89871 29.5904
4.90444 27.7746
4.91018 25.9545
4.91592 26.2381
4.92165 31.0253
4.92739 29.3509
4.93312 30.3953
4.93886 29.4881
4.9446 26.6269
4.95033 27.1972
4.95607 26.7907
4.9618 27.026
4.96754 28.6441
4.97328 25.3218
4.97901 27.3614
4.98475 27.2295
4.99049 25.0897
4.99622 27.6552
5.00196 25.274
5.00769 25.7937
5.01343 22.7614
5.01917 25.4699
5.0249 22.717
5.03064 25.6444
5.03638 24.1977
5.04211 29.96
5.04785 25.5231
5.05358 26.3256
5.05932 25.0123
5.06506 25.1034
5.07079 25.4045
5.07653 27.3448
5.08226 25.6901
5.088 23.9714
5.09374 23.1556
5.09947 24.0519
5.10521 23.3175
5.11095 24.0667
5.11668 21.4235
5.12242 25.3788
5.12815 22.7532
5.13389 24.7667
5.13963 21.1818
5.14536 22.5574
5.1511 24.4891
5.15684 24.9157
5.16257 28.0159
5.16831 23.1548
5.17404 24.6966
5.17978 29.3766
5.18552 23.303
5.19125 24.3667
5.19699 25.9639
5.20272 24.1864
5.20846 25.663
5.2142 23.0449
5.21993 22.5
5.22567 23.1739
5.23141 28.1522
5.23714 28.1235
5.24288 23.7869
5.24861 25.4086
5.25435 25.2022
5.26009 24.831
5.26582 23.6974
5.27156 25.6593
5.2773 27.1013
5.28303 27.2615
5.28877 24.3298
5.2945 26.7931
5.30024 31.0139
5.30598 26.2911
5.31171 27.3371
5.31745 25.3537
5.32318 25.6769
5.32892 28.2766
5.33466 27.4483
5.34039 21.197
5.34613 24.0349
5.35187 23.956
5.3576 23.9753
5.36334 24.3636
5.36907 25.5729
5.37481 22.5294
5.38055 26.2951
5.38628 25
5.39202 27.1099
5.39776 27.4
5.40349 27.3662
5.40923 26.2812
5.41496 26.1111
5.4207 24.127
5.42644 25.3469
5.43217 23.8764
5.43791 22.3924
5.44364 22.7838
5.44938 25.8454
5.45512 23.2346
5.46085 22.5
5.46659 23.9286
5.47233 25.5618
5.47806 24.7368
5.4838 22.8519
5.48953 20.828
5.49527 25.6667
5.50101 24.5672
5.50674 23.8571
5.51248 22.0899
5.51822 27.2838
5.52395 23.0964
5.52969 23.7742
5.53542 23.1647
5.54116 23.7794
5.5469 24.7778
5.55263 22.8427
5.55837 24.875
5.5641 24.764
5.56984 22.6667
5.57558 24.2857
5.58131 24.9315
5.58705 21.7071
5.59279 23.0568
5.59852 24.381
5.60426 13.97
5.60999 18.1075
5.61573 20.6707
5.62147 24.0526
5.6272 25.4639
5.63294 25.7471
5.63868 24.1061
5.64441 23.4356
5.65015 26.7097
5.65588 25.8333
5.66162 26.2338
5.66736 23.4343
5.67309 23.6163
5.67883 23.9275
5.68456 26.3168
5.6903 27.6556
5.69604 26.0244
5.70177 24.8313
5.70751 24.4526
5.71325 25.8295
5.71898 27.2917
5.72472 25
5.73045 28.2151
5.73619 26.1899
5.74193 30.9551
5.74766 23.1368
5.7534 26.4318
5.75914 23.9577
5.76487 23.8317
5.77061 26.1277
5.77634 26.8718
5.78208 27.4494
5.78782 24.8454
5.79355 28.593
5.79929 25.9733
5.80502 27.4455
5.81076 25.0645
5.8165 28.44
5.82223 25.9583
5.82797 26.6804
5.83371 26.593
5.83944 26.5696
5.84518 27.1818
5.85091 26.0417
5.85665 29.8462
5.86239 26.7905
5.86812 27.7449
5.87386 26.5349
5.8796 26.8101
5.88533 29.2079
5.89107 25.9783
5.8968 26.7971
5.90254 29.5143
5.90828 28.0707
5.91401 26.9882
5.91975 31.2073
5.92548 29.5051
5.93122 29.766
5.93696 27.0274
5.94269 31.0095
5.94843 27.2396
5.95417 29.3864
5.9599 26.2471
5.96564 25.8283
5.97137 26.9149
5.97711 28.589
5.98285 29.7767
5.98858 33.8367
5.99432 31.5294
6.00006 32.4111
6.00579 34.3535
6.01153 30.5484
6.01726 35.36
6.023 33.4
6.02874 31.3646
6.03447 34.0227
6.04021 32.8333
6.04594 33.4286
6.05168 37.0729
6.05742 31.6234
6.06315 32.4286
6.06889 34.9375
6.07463 33.1667
6.08036 32.4362
6.0861 34.2347
6.09183 34.8247
6.09757 32.6026
6.10331 35.6571
6.10904 35.7396
6.11478 34.7907
6.12052 35.375
6.12625 36.7
6.13199 37.0957
6.13772 37.0366
6.14346 34.2549
6.1492 34.99
6.15493 37.4875
6.16067 38.6275
6.1664 37.398
6.17214 38.9787
6.17788 37.5476
6.18361 38.7379
6.18935 36.4646
6.19509 41.1622
6.20082 42.1101
6.20656 42.7255
6.21229 42.9167
6.21803 44.378
6.22377 44.4434
6.2295 45.97
6.23524 46.5067
6.24098 46.5321
6.24671 45.4804
6.25245 52.4362
6.25818 52.4767
6.26392 49.549
6.26966 52.5588
6.27539 55.3289
6.28113 57.367
6.28686 61.8218
6.2926 73.5104
6.29834 71.5795
6.30407 110.375
6.30981 151.833
6.31555 308.333
6.32128 767.306
6.32702 507.019
6.33275 243.167
6.33849 146.227
6.34423 107.25
6.34996 108.402
6.3557 112.615
6.36144 121.25
6.36717 135.429
6.37291 144.579
6.37864 160.489
6.38438 165.415
6.39012 158.078
6.39585 145.575
6.40159 129.602
6.40732 110.667
6.41306 93.3936
6.4188 84.3804
6.42453 76.8302
6.43027 67.4118
6.43601 65.9512
6.44174 59.8302
6.44748 58.2593
6.45321 57
6.45895 50.8043
6.46469 48.619
6.47042 50.7184
6.47616 51.6548
6.4819 47.5818
6.48763 49
6.49337 47.2581
6.4991 43.6421
6.50484 45.0741
6.51058 43.2941
6.51631 45.7738
6.52205 43.2727
6.52778 41.4537
6.53352 42.0435
6.53926 41.8646
6.54499 42.9444
6.55073 40.7961
6.55647 38.9643
6.5622 44.9823
6.56794 41
6.57367 43.3763
6.57941 42.1053
6.58515 42.9554
6.59088 41.2308
6.59662 42.881
6.60236 39.8947
6.60809 39.5472
6.61383 36.5591
6.61956 38.3918
6.6253 37.9286
6.63104 38.7451
6.63677 35.7674
6.64251 38.5
6.64824 40.0561
6.65398 36.956
6.65972 37.598
6.66545 36.1161
6.67119 35.6923
6.67693 39.1744
6.68266 39.319
6.6884 40.6944
6.69413 38.967
6.69987 37.4854
6.70561 36.0179
6.71134 36.3269
6.71708 41.0455
6.72282 37.3684
6.72855 39.213
6.73429 39.4157
6.74002 36.217
6.74576 37.6261
6.7515 36.9709
6.75723 41.4831
6.76297 38.6293
6.7687 36.6429
6.77444 36.5506
6.78018 34.5238
6.78591 35.8362
6.79165 36.3458
6.79739 35.9655
6.80312 37.2719
6.80886 39.3929
6.81459 35.2527
6.82033 35.4762
6.82607 36.5862
6.8318 35.3048
6.83754 38.4318
6.84328 33.6695
6.84901 35.1429
6.85475 36.1868
6.86048 37.3028
6.86622 35.4052
6.87196 36.9533
6.87769 35.6092
6.88343 37.8898
6.88916 35.0789
6.8949 37.7471
6.90064 36.2035
6.90637 36.5789
6.91211 34.5047
6.91785 36.7816
6.92358 34.3636
6.92932 38.0531
6.93505 37.5618
6.94079 38.4425
6.94653 35.7328
6.95226 37.4393
6.958 36.2967
6.96374 35.9167
6.96947 39.9825
6.97521 37.7143
6.98094 37.036
6.98668 34.8707
6.99242 36.7248
6.99815 35.1798
7.00389 35.6083
7.00962 39.569
7.01536 36.2418
7.0211 35.4182
7.02683 38.6066
7.03257 35.6075
7.03831 38.828
7.04404 35.8279
7.04978 38.3739
7.05551 37.3723
7.06125 38.6972
7.06699 35.7869
7.07272 35.789
7.07846 35.2584
7.0842 35.8852
7.08993 38.6293
7.09567 36.7742
7.1014 38.8319
7.10714 42.7563
7.11288 41.2385
7.11861 41.3226
7.12435 40.121
7.13008 36.3675
7.13582 37.2917
7.14156 39.2162
7.14729 38.2417
7.15303 38.5596
7.15877 38.6774
7.1645 38.8548
7.17024 36.6471
7.17597 41.0306
7.18171 38.8505
7.18745 37.9754
7.19318 39.6216
7.19892 37.4835
7.20466 38.5197
7.21039 40.5385
7.21613 39.93
7.22186 41.5046
7.2276 39.1429
7.23334 39.1171
7.23907 39.6264
7.24481 37.6032
7.25054 39.7227
7.25628 41.78
7.26202 43.5676
7.26775 43.1967
7.27349 42.955
7.27923 42.6774
7.28496 42.5556
7.2907 43.6807
7.29643 45.2427
7.30217 42.6055
7.30791 44.6694
7.31364 44.5299
7.31938 45.6067
7.32512 46.7231
7.33085 47.3058
7.33659 49.2692
7.34232 50.2095
7.34806 47.7692
7.3538 49.0811
7.35953 50.3656
7.36527 50.8125
7.371 55.3967
7.37674 54.3558
7.38248 56.8349
7.38821 82.792
7.39395 93.8621
7.39969 127.032
7.40542 241.246
7.41116 239.87
7.41689 266.925
7.42263 147.85
7.42837 99.754
7.4341 93.0336
7.43984 93.9888
7.44558 93.7985
7.45131 96.562
7.45705 100.109
7.46278 105.864
7.46852 114.346
7.47426 124.863
7.47999 138.144
7.48573 140.121
7.49146 137
7.4972 132.509
7.50294 119.131
7.50867 101.453
7.51441 87.3109
7.52015 84.1429
7.52588 73.4924
7.53162 66.608
7.53735 65.6786
7.54309 58.5534
7.54883 57.7803
7.55456 55.3361
7.5603 51.6629
7.56604 49.6418
7.57177 50.76
7.57751 46.5948
7.58324 47.8447
7.58898 44.5191
7.59472 45.8852
7.60045 49.03
7.60619 45.6504
7.61192 43.2481
7.61766 45.0431
7.6234 46.2772
7.62913 44.0303
7.63487 45.7025
7.64061 45
7.64634 41.813
7.65208 44.9767
7.65781 42.1949
7.66355 44.2959
7.66929 44.0593
7.67502 43.4516
7.68076 45.6604
7.6865 43.6807
7.69223 44.2748
7.69797 45.4407
7.7037 49.6337
7.70944 47.306
7.71518 48.9268
7.72091 55.0455
7.72665 52.9231
7.73238 69.8372
7.73812 82.2213
7.74386 164.021
7.74959 136.804
7.75533 72.648
7.76107 61.7768
7.7668 56.4696
7.77254 52.7786
7.77827 52.6721
7.78401 55.8081
7.78975 51.8667
7.79548 55.6797
7.80122 56.1466
7.80696 59.973
7.81269 61.7519
7.81843 63.9758
7.82416 66.5263
7.8299 62.85
7.83564 56.1496
7.84137 57.3448
7.84711 52.2703
7.85284 46.2824
7.85858 43.8984
7.86432 42.8866
7.87005 40.8849
7.87579 39.75
7.88153 40.1803
7.88726 36.7477
7.893 37.2
7.89873 37.7188
7.90447 35.0098
7.91021 36.3308
7.91594 34.7099
7.92168 36.8333
7.92742 33.9143
7.93315 31.4015
7.93889 34.627
7.94462 34.5526
7.95036 32.9754
7.9561 33.4394
7.96183 34.381
7.96757 35.4095
7.9733 31.5547
7.97904 33.8538
7.98478 33.6964
7.99051 31.624
7.99625 32.0977
8.00199 30.3226
8.00772 29.4455
8.01346 31.0216
8.01919 27.9924
8.02493 30.2373
8.03067 30.4912
8.0364 29.5662
8.04214 30.1094
8.04788 30.0097
8.05361 29.036
8.05935 31.1176
8.06508 31.0424
8.07082 31.547
8.07656 30.7883
8.08229 32.5781
8.08803 31.9697
8.09376 31.3427
8.0995 31.7803
8.10524 31.8197
8.11097 28.3363
8.11671 30.3869
8.12245 30.0078
8.12818 31.5625
8.13392 26.8258
8.13965 26.3913
8.14539 26.5887
8.15113 25.4234
8.15686 25.8029
8.1626 21.8106
8.16834 22
8.17407 21.7381
8.17981 20.6866
8.18554 19.9462
8.19128 17.7944
8.19702 17.1655
8.20275 12.3284
8.20849 14.2203
8.21422 14.5161
8.21996 11.8478
8.2257 10.6406
8.23143 9.81308
8.23717 8.34965
8.24291 9.51852
8.24864 6.25455
8.25438 6.02632
8.26011 5.05263
8.26585 12.5556
8.27159 0
8.27732 0
8.28306 0
8.2888 0
8.29453 0
8.30027 0
8.306 0
8.31174 0
8.31748 0
8.32321 0
8.32895 0
8.33468 0
8.34042 0
8.34616 0
8.35189 0
8.35763 0
8.36337 0
8.3691 0
8.37484 0
8.38057 0
8.38631 0
8.39205 0
8.39778 0
8.40352 0
8.40926 0
8.41499 0
8.42073 0
8.42646 0
8.4322 0
8.43794 0
8.44367 0
8.44941 0
8.45514 0
8.46088 0
8.46662 0
8.47235 0
8.47809 0
8.48383 0
8.48956 0
8.4953 0
8.50103 0
8.50677 0
8.51251 0
8.51824 0
8.52398 0
8.52972 0
8.53545 0
8.54119 0
8.54692 0
8.55266 0
8.5584 0
8.56413 0
8.56987 0
8.5756 0
8.58134 0
8.58708 0
8.59281 0
8.59855 0
8.60429 0
8.61002 0
8.61576 0
8.62149 0
8.62723 0
8.63297 0
8.6387 0
8.64444 0
8.65018 0
8.65591 0
8.66165 0
8.66738 0
8.67312 0
8.67886 0
8.68459 0
8.69033 0
8.69606 0
8.7018 0
8.70754 0
8.71327 0
8.71901 0
8.72475 0
8.73048 0
8.73622 0
8.74195 0
8.74769 0
8.75343 0
8.75916 0
8.7649 0
8.77064 0
8.77637 0
8.78211 0
8.78784 0
8.79358 0
8.79932 0
8.80505 0
8.81079 0
8.81652 0
8.82226 0
8.828 0
8.83373 0
8.83947 0
8.84521 0
8.85094 0
8.85668 0
8.86241 0
8.86815 0
8.87389 0
8.87962 0
8.88536 0
8.8911 0
8.89683 0
8.90257 0
8.9083 0
8.91404 0
8.91978 0
8.92551 0
8.93125 0
8.93698 0
8.94272 0
8.94846 0
8.95419 0
8.95993 0
8.96567 0
8.9714 0
8.97714 0
8.98287 0
8.98861 0
8.99435 0
9.00008 0
9.00582 0
9.01156 0
9.01729 0
9.02303 0
9.02876 0
9.0345 0
9.04024 0
9.04597 0
9.05171 0
9.05744 0
9.06318 0
9.06892 0
9.07465 0
9.08039 0
9.08613 0
9.09186 0
9.0976 0
9.10333 0
9.10907 0
9.11481 0
9.12054 0
9.12628 0
9.13202 0
9.13775 0
9.14349 0
9.14922 0
9.15496 0
9.1607 0
9.16643 0
9.17217 0
9.1779 0
9.18364 0
9.18938 0
9.19511 0
9.20085 0
9.20659 0
9.21232 0
9.21806 0
9.22379 0
9.22953 0
9.23527 0
9.241 0
9.24674 0
9.25248 0
9.25821 0
9.26395 0
9.26968 0
9.27542 0
9.28116 0
9.28689 0
9.29263 0
9.29836 0
9.3041 0
9.30984 0
9.31557 0
9.32131 0
9.32705 0
9.33278 0
9.33852 0
9.34425 0
9.34999 0
9.35573 0
9.36146 0
9.3672 0
9.37294 0
9.37867 0
9.38441 0
9.39014 0
9.39588 0
9.40162 0
9.40735 0
9.41309 0
9.41882 0
9.42456 0
9.4303 0
9.43603 0
9.44177 0
9.44751 0
9.45324 0
9.45898 0
9.46471 0
9.47045 0
9.47619 0
9.48192 0
9.48766 0
9.4934 0
9.49913 0
9.50487 0
9.5106 0
9.51634 0
9.52208 0
9.52781 0
9.53355 0
9.53928 0
9.54502 0
9.55076 0
9.55649 0
9.56223 0
9.56797 0
9.5737 0
9.57944 0
9.58517 0
9.59091 0
9.59665 0
9.60238 0
9.60812 0
9.61386 0
9.61959 0
9.62533 0
9.63106 0
9.6368 0
9.64254 0
9.64827 0
9.65401 0
9.65974 0
9.66548 0
9.67122 0
9.67695 0
9.68269 0
9.68843 0
9.69416 0
9.6999 0
9.70563 0
9.71137 0
9.71711 0
9.72284 0
9.72858 0
9.73432 0
9.74005 0
9.74579 0
9.75152 0
9.75726 0
9.763 0
9.76873 0
9.77447 0
9.7802 0
9.78594 0
9.79168 0
9.79741 0
9.80315 0
9.80889 0
9.81462 0
9.82036 0
9.82609 0
9.83183 0
9.83757 0
9.8433 0
9.84904 0
9.85478 0
9.86051 0
9.86625 0
9.87198 0
9.87772 0
9.88346 0
9.88919 0
9.89493 0
9.90066 0
9.9064 0
9.91214 0
9.91787 0
9.92361 0
9.92935 0
9.93508 0
9.94082 0
9.94655 0
9.95229 0
9.95803 0
9.96376 0
9.9695 0
9.97524 0
9.98097 0
9.98671 0
9.99244 0
9.99818 0
10.0039 0
10.0097 0
10.0154 0
10.0211 0
10.0269 0
10.0326 0
10.0383 0
10.0441 0
10.0498 0
10.0555 0
10.0613 0
10.067 0
10.0728 0
10.0785 0
10.0842 0
10.09 0
10.0957 0
10.1014 0
10.1072 0
10.1129 0
10.1186 0
10.1244 0
10.1301 0
10.1358 0
10.1416 0
10.1473 0
10.1531 0
10.1588 0
10.1645 0
10.1703 0
10.176 0
10.1817 0
10.1875 0
10.1932 0
10.1989 0
10.2047 0
10.2104 0
10.2162 0
10.2219 0
10.2276 0
10.2334 0
10.2391 0
10.2448 0
10.2506 0
10.2563 0
10.262 0
10.2678 0
10.2735 0
10.2793 0
10.285 0
10.2907 0
10.2965 0
10.3022 0
10.3079 0
10.3137 0
10.3194 0
10.3251 0
10.3309 0
10.3366 0
10.3424 0
10.3481 0
10.3538 0
10.3596 0
10.3653 0
10.371 0
10.3768 0
10.3825 0
10.3882 0
10.394 0
10.3997 0
10.4054 0
10.4112 0
10.4169 0
10.4227 0
10.4284 0
10.4341 0
10.4399 0
10.4456 0
10.4513 0
10.4571 0
10.4628 0
10.4685 0
10.4743 0
10.48 0
10.4858 0
10.4915 0
10.4972 0
10.503 0
10.5087 0
10.5144 0
10.5202 0
10.5259 0
10.5316 0
10.5374 0
10.5431 0
10.5489 0
10.5546 0
10.5603 0
10.5661 0
10.5718 0
10.5775 0
10.5833 0
10.589 0
10.5947 0
10.6005 0
10.6062 0
10.612 0
10.6177 0
10.6234 0
10.6292 0
10.6349 0
10.6406 0
10.6464 0
10.6521 0
10.6578 0
10.6636 0
10.6693 0
10.6751 0
10.6808 0
10.6865 0
10.6923 0
10.698 0
10.7037 0
10.7095 0
10.7152 0
10.7209 0
10.7267 0
10.7324 0
10.7381 0
10.7439 0
10.7496 0
10.7554 0
10.7611 0
10.7668 0
10.7726 0
10.7783 0
10.784 0
10.7898 0
10.7955 0
10.8012 0
10.807 0
10.8127 0
10.8185 0
10.8242 0
10.8299 0
10.8357 0
10.8414 0
10.8471 0
10.8529 0
10.8586 0
10.8643 0
10.8701 0
10.8758 0
10.8816 0
10.8873 0
10.893 0
10.8988 0
10.9045 0
10.9102 0
10.916 0
10.9217 0
10.9274 0
10.9332 0
10.9389 0
10.9447 0
10.9504 0
10.9561 0
10.9619 0
10.9676 0
10.9733 0
10.9791 0
10.9848 0
10.9905 0
10.9963 0
11.002 0
11.0077 0
11.0135 0
11.0192 0
11.025 0
11.0307 0
11.0364 0
11.0422 0
11.0479 0
11.0536 0
11.0594 0
11.0651 0
11.0708 0
11.0766 0
11.0823 0
11.0881 0
11.0938 0
11.0995 0
11.1053 0
11.111 0
11.1167 0
11.1225 0
11.1282 0
11.1339 0
11.1397 0
11.1454 0
11.1512 0
11.1569 0
11.1626 0
11.1684 0
11.1741 0
11.1798 0
11.1856 0
11.1913 0
11.197 0
11.2028 0
11.2085 0
11.2143 0
11.22 0
11.2257 0
11.2315 0
11.2372 0
11.2429 0
11.2487 0
11.2544 0
11.2601 0
11.2659 0
11.2716 0
11.2774 0
11.2831 0
11.2888 0
11.2946 0
11.3003 0
11.306 0
11.3118 0
11.3175 0
11.3232 0
11.329 0
11.3347 0
11.3404 0
11.3462 0
11.3519 0
11.3577 0
11.3634 0
11.3691 0
11.3749 0
11.3806 0
11.3863 0
11.3921 0
11.3978 0
11.4035 0
11.4093 0
11.415 0
11.4208 0
11.4265 0
11.4322 0
11.438 0
11.4437 0
11.4494 0
11.4552 0
11.4609 0
11.4666 0
11.4724 0
11.4781 0
11.4839 0
11.4896 0
11.4953 0
11.5011 0
11.5068 0
11.5125 0
11.5183 0
11.524 0
11.5297 0
11.5355 0
11.5412 0
11.547 0
11.5527 0
11.5584 0
11.5642 0
11.5699 0
11.5756 0
11.5814 0
11.5871 0
11.5928 0
11.5986 0
11.6043 0
11.61 0
11.6158 0
11.6215 0
11.6273 0
11.633 0
11.6387 0
11.6445 0
11.6502 0
11.6559 0
11.6617 0
11.6674 0
11.6731 0
11.6789 0
11.6846 0
11.6904 0
11.6961 0
11.7018 0
11.7076 0
11.7133 0
11.719 0
11.7248 0
11.7305 0
11.7362 0
11.742 0
