0 -1.001
0.00573619 -6.006
0.0114724 3.003
0.0172086 0
0.0229448 -5.005
0.028681 -12.012
0.0344171 0
0.0401533 -18.018
0.0458895 20.02
0.0516257 21.021
0.0573619 0
0.0630981 -18.018
0.0688343 -13.013
0.0745705 0
0.0803067 0
0.0860429 15.015
0.091779 0
0.0975152 1.66833
0.103251 8.67533
0.108988 -2.002
0.114724 0
0.12046 -0.333667
0.126196 1.33467
0.131932 0
0.137669 1.33467
0.143405 6.006
0.149141 17.017
0.154877 -14.5145
0.160613 -13.013
0.16635 1.001
0.172086 0
0.177822 6.006
0.183558 12.012
0.189294 0
0.19503 3.4034
0.200767 14.6146
0.206503 8.34167
0.212239 -6.5065
0.217975 5.4054
0.223711 2.6026
0.229448 0
0.235184 7.6076
0.24092 -0.2002
0.246656 0
0.252392 7.6076
0.258129 25.6256
0.263865 12.2122
0.269601 0
0.275337 2.8028
0.281073 13.299
0.28681 0
0.292546 20.306
0.298282 16.016
0.304018 19.3527
0.309754 6.75675
0.31549 14.586
0.321227 10.582
0.326963 0
0.332699 24.882
0.338435 5.577
0.344171 0
0.349908 13.156
0.355644 12.012
0.36138 6.006
0.367116 28.5285
0.372852 15.7936
0.378589 25.883
0.384325 31.031
0.390061 4.44889
0.395797 18.5741
0.401533 0
0.40727 13.4579
0.413006 7.67433
0.418742 17.16
0.424478 28.5285
0.430214 13.9028
0.43595 18.6853
0.441687 0
0.447423 5.22744
0.453159 2.44689
0.458895 12.3457
0.464631 21.736
0.470368 7.735
0.476104 11.4559
0.48184 26.026
0.487576 11.921
0.493312 15.197
0.499049 0
0.504785 27.209
0.510521 16.562
0.516257 21.8218
0.521993 24.1908
0.52773 25.662
0.533466 34.3677
0.539202 40.5405
0.544938 11.739
0.550674 26.663
0.55641 0
0.562147 23.1
0.567883 24.948
0.573619 22.737
0.579355 33.033
0.585091 43.736
0.590828 119.756
0.596564 15.5155
0.6023 601.524
0.608036 274.351
0.613772 76.6766
0.619509 49.2993
0.625245 26.95
0.630981 18.5741
0.636717 15.7657
0.642453 20.097
0.64819 23.562
0.653926 22.022
0.659662 26.0927
0.665398 15.2152
0.671134 13.871
0.67687 11.2612
0.682607 19.4861
0.688343 14.56
0.694079 21.2712
0.699815 17.2172
0.705551 21.8218
0.711288 18.018
0.717024 24.3815
0.72276 20.2202
0.728496 29.1402
0.734232 26.1928
0.739969 18.3308
0.745705 14.707
0.751441 22.5225
0.757177 17.8414
0.762913 13.9551
0.76865 23.023
0.774386 29.6963
0.780122 19.8434
0.785858 24.297
0.791594 21.5215
0.79733 19.3134
0.803067 11.1445
0.808803 5.005
0.814539 19.4312
0.820275 20.02
0.826011 16.2384
0.831748 11.8869
0.837484 19.2971
0.84322 14.014
0.848956 26.026
0.854692 11.6959
0.860429 14.7206
0.866165 13.013
0.871901 26.026
0.877637 20.5468
0.883373 23.205
0.88911 27.1521
0.894846 16.0687
0.900582 16.2162
0.906318 24.7747
0.912054 14.0667
0.91779 20.0789
0.923527 21.2434
0.929263 22.484
0.934999 19.591
0.940735 14.861
0.946471 20.1451
0.952208 11.6307
0.957944 22.1398
0.96368 20.2703
0.969416 17.6843
0.975152 19.3351
0.980889 27.937
0.986625 16.9336
0.992361 19.448
0.998097 15.6156
1.00383 23.8572
1.00957 18.7807
1.01531 16.4282
1.02104 14.5145
1.02678 14.2495
1.03251 19.2097
1.03825 19.173
1.04399 20.3537
1.04972 13.4482
1.05546 12.6597
1.0612 15.015
1.06693 21.2821
1.07267 14.8569
1.0784 15.015
1.08414 6.006
1.08988 19.5413
1.09561 17.7511
1.10135 27.1521
1.10708 16.6253
1.11282 19.7256
1.11856 20.02
1.12429 21.5415
1.13003 13.5373
1.13577 12.1455
1.1415 20.163
1.14724 12.2522
1.15297 15.7491
1.15871 17.7177
1.16445 16.8969
1.17018 17.2804
1.17592 18.865
1.18166 18.1292
1.18739 22.8054
1.19313 12.0787
1.19886 12.8462
1.2046 14.1341
1.21034 15.9048
1.21607 30.2524
1.22181 17.5731
1.22754 14.7767
1.23328 25.4961
1.23902 15.9534
1.24475 14.2142
1.25049 15.015
1.25623 11.011
1.26196 14.496
1.2677 17.7546
1.27343 19.096
1.27917 16.2435
1.28491 19.8894
1.29064 13.6607
1.29638 17.6605
1.30212 16.8687
1.30785 13.8472
1.31359 14.2642
1.31932 12.7714
1.32506 19.877
1.3308 11.5998
1.33653 14.6646
1.34227 14.2542
1.348 19.1771
1.35374 14.0855
1.35948 19.7976
1.36521 12.2503
1.37095 19.9199
1.37669 19.088
1.38242 14.6233
1.38816 16.2515
1.39389 13.1711
1.39963 14.6443
1.40537 11.1111
1.4111 23.9525
1.41684 16.1541
1.42258 16.8429
1.42831 19.6667
1.43405 15.0984
1.43978 9.24924
1.44552 25.4063
1.45126 18.5185
1.45699 13.6343
1.46273 17.2553
1.46846 22.022
1.4742 13.3036
1.47994 13.6658
1.48567 17.0671
1.49141 18.59
1.49715 11.3817
1.50288 11.5333
1.50862 21.0836
1.51435 14.4972
1.52009 16.056
1.52583 21.6883
1.53156 22.9229
1.5373 21.7417
1.54304 22.6417
1.54877 12.5125
1.55451 12.2536
1.56024 15.7984
1.56598 23.595
1.57172 12.4964
1.57745 18.7387
1.58319 12.012
1.58892 16.5365
1.59466 16.3867
1.6004 20.2602
1.60613 18.3517
1.61187 20.9241
1.61761 18.018
1.62334 12.441
1.62908 17.745
1.63481 21.4659
1.64055 19.4542
1.64629 15.561
1.65202 14.6353
1.65776 14.4144
1.6635 18.8313
1.66923 12.9484
1.67497 19.2335
1.6807 10.4104
1.68644 25.2038
1.69218 14.1866
1.69791 19.6196
1.70365 17.5175
1.70938 14.3046
1.71512 21.7996
1.72086 26.7768
1.72659 13.1647
1.73233 19.6748
1.73807 17.017
1.7438 17.4405
1.74954 18.2941
1.75527 13.3467
1.76101 17.9126
1.76675 19.5347
1.77248 20.0915
1.77822 19.3694
1.78396 21.0877
1.78969 19.794
1.79543 18.3517
1.80116 18.3934
1.8069 20.4721
1.81264 19.5368
1.81837 18.8522
1.82411 18.447
1.82984 23.7824
1.83558 14.8949
1.84132 19.3655
1.84705 17.6628
1.85279 18.018
1.85853 16.2336
1.86426 21.931
1.87 25.8258
1.87573 28.5285
1.88147 22.8514
1.88721 23.0533
1.89294 21.2805
1.89868 16.247
1.90442 23.8723
1.91015 25.251
1.91589 23.023
1.92162 25.9402
1.92736 29.4165
1.9331 28.2682
1.93883 52.338
1.94457 34.4283
1.9503 25.5255
1.95604 22.5642
1.96178 23.7296
1.96751 24.024
1.97325 25.3253
1.97899 19.1543
1.98472 20.02
1.99046 22.7469
1.99619 35.497
2.00193 16.9312
2.00767 20.6012
2.0134 27.4024
2.01914 21.5644
2.02488 19.747
2.03061 17.4574
2.03635 17.9554
2.04208 19.0484
2.04782 22.1158
2.05356 26.2345
2.05929 24.4133
2.06503 22.8514
2.07076 18.1545
2.0765 21.3456
2.08224 16.9312
2.08797 18.4667
2.09371 24.9893
2.09945 20.8587
2.10518 19.6863
2.11092 29.5295
2.11665 25.1062
2.12239 21.9934
2.12813 27.8974
2.13386 20.9098
2.1396 19.7976
2.14534 23.9302
2.15107 24.8325
2.15681 21.0473
2.16254 19.2084
2.16828 19.656
2.17402 21.8937
2.17975 26.2424
2.18549 25.2833
2.19122 27.9613
2.19696 24.4569
2.2027 30.03
2.20843 21.1878
2.21417 38.346
2.21991 74.5339
2.22564 70.616
2.23138 108.859
2.23711 56.1087
2.24285 41.2471
2.24859 23.9525
2.25432 25.718
2.26006 26.3597
2.2658 26.7085
2.27153 21.7779
2.27727 16.8117
2.283 22.8293
2.28874 19.9262
2.29448 26.18
2.30021 17.2064
2.30595 22.5995
2.31168 21.8937
2.31742 19.635
2.32316 22.3405
2.32889 22.2365
2.33463 24.0991
2.34037 23.3845
2.3461 25.6685
2.35184 25.7234
2.35757 24.024
2.36331 23.177
2.36905 27.4909
2.37478 26.6852
2.38052 20.0846
2.38626 23.5529
2.39199 27.4926
2.39773 18.7214
2.40346 16.401
2.4092 22.5109
2.41494 18.4184
2.42067 24.3425
2.42641 22.7955
2.43214 21.3547
2.43788 27.3416
2.44362 20.239
2.44935 23.4679
2.45509 26.3083
2.46083 22.638
2.46656 26.3819
2.4723 21.7046
2.47803 24.0585
2.48377 25.6256
2.48951 25.1647
2.49524 17.0427
2.50098 25.5255
2.50672 25.5255
2.51245 24.3338
2.51819 22.314
2.52392 22.7836
2.52966 21.749
2.5354 29.7873
2.54113 24.1352
2.54687 28.7843
2.5526 15.723
2.55834 16.2085
2.56408 23.598
2.56981 22.8135
2.57555 28.5112
2.58129 19.5195
2.58702 27.8945
2.59276 21.4809
2.59849 25.5881
2.60423 21.1733
2.60997 23.66
2.6157 21.5632
2.62144 23.5652
2.62718 27.8363
2.63291 27.5418
2.63865 24.6357
2.64438 23.3425
2.65012 25.44
2.65586 20.5205
2.66159 20.6589
2.66733 22.7783
2.67306 23.3033
2.6788 24.7539
2.68454 21.5747
2.69027 23.8443
2.69601 26.572
2.70175 22.6685
2.70748 18.2627
2.71322 24.9138
2.71895 23.3358
2.72469 27.0474
2.73043 25.7114
2.73616 22.6279
2.7419 24.2283
2.74764 23.442
2.75337 27.6943
2.75911 24.9433
2.76484 25.4744
2.77058 20.02
2.77632 21.6543
2.78205 25.2252
2.78779 27.0013
2.79352 19.1906
2.79926 26.6612
2.805 24.5134
2.81073 27.027
2.81647 23.7407
2.82221 22.022
2.82794 20.5611
2.83368 25.7889
2.83941 24.6662
2.84515 22.2417
2.85089 24.2117
2.85662 22.5319
2.86236 25.3519
2.8681 30.8225
2.87383 21.5121
2.87957 21.1211
2.8853 23.5357
2.89104 26.6753
2.89678 28.028
2.90251 25.4699
2.90825 24.2656
2.91398 24.843
2.91972 23.5137
2.92546 30.5981
2.93119 25.5493
2.93693 28.0469
2.94267 26.3597
2.9484 19.3944
2.95414 26.5359
2.95987 21.3274
2.96561 25.5255
2.97135 23.8452
2.97708 29.7149
2.98282 26.026
2.98856 22.0477
2.99429 24.1908
3.00003 28.8586
3.00576 25.2752
3.0115 31.6134
3.01724 27.858
3.02297 28.7855
3.02871 28.1418
3.03444 30.6488
3.04018 26.3819
3.04592 32.7386
3.05165 29.6842
3.05739 27.2429
3.06313 29.7884
3.06886 28.9039
3.0746 31.7954
3.08033 25.5028
3.08607 30.2194
3.09181 24.3458
3.09754 28.1506
3.10328 25.7132
3.10902 30.7595
3.11475 33.7129
3.12049 28.7467
3.12622 35.6008
3.13196 32.0138
3.1377 31.7977
3.14343 33.4223
3.14917 36.6682
3.1549 37.881
3.16064 38.107
3.16638 33.1832
3.17211 29.5022
3.17785 26.1397
3.18359 31.7146
3.18932 33.4741
3.19506 29.1107
3.20079 27.6747
3.20653 31.4891
3.21227 31.1632
3.218 28.6384
3.22374 31.4481
3.22948 29.0629
3.23521 30.9198
3.24095 33.0593
3.24668 38.2716
3.25242 36.6404
3.25816 33.769
3.26389 35.0701
3.26963 33.5247
3.27536 36.5365
3.2811 34.7664
3.28684 35.8227
3.29257 30.0504
3.29831 37.0926
3.30405 34.8126
3.30978 31.8318
3.31552 36.1524
3.32125 33.5544
3.32699 31.5754
3.33273 30.4422
3.33846 37.7482
3.3442 36.3105
3.34994 36.0753
3.35567 37.8799
3.36141 36.9013
3.36714 39.0566
3.37288 40.332
3.37862 36.1043
3.38435 36.4791
3.39009 33.0897
3.39582 33.4779
3.40156 37.6408
3.4073 40.495
3.41303 38.7834
3.41877 44.7948
3.42451 39.8267
3.43024 44.1053
3.43598 37.4032
3.44171 42.2009
3.44745 42.471
3.45319 42.0897
3.45892 39.3666
3.46466 41.8554
3.4704 44.9049
3.47613 42.0192
3.48187 46.2367
3.4876 45.8382
3.49334 41.7259
3.49908 42.9832
3.50481 41.8488
3.51055 41.9994
3.51628 44.9849
3.52202 45.964
3.52776 43.8216
3.53349 50.5139
3.53923 48.048
3.54497 48.8822
3.5507 51.7183
3.55644 49.7042
3.56217 53.4602
3.56791 56.4904
3.57365 51.2251
3.57938 52.4524
3.58512 46.7922
3.59086 51.6569
3.59659 54.1735
3.60233 49.4562
3.60806 52.8371
3.6138 50.6131
3.61954 53.8474
3.62527 57.5575
3.63101 54.0052
3.63674 56.5789
3.64248 52.6388
3.64822 56.0351
3.65395 59.3575
3.65969 61.9143
3.66543 62.3714
3.67116 61.6921
3.6769 69.3232
3.68263 64.1296
3.68837 70.149
3.69411 70.3311
3.69984 71.3255
3.70558 74.3384
3.71132 68.9709
3.71705 71.0402
3.72279 72.0899
3.72852 69.6743
3.73426 71.5043
3.74 69.7632
3.74573 73.7737
3.75147 73.6093
3.7572 71.3252
3.76294 76.8564
3.76868 77.0997
3.77441 81.5143
3.78015 82.2517
3.78589 83.6154
3.79162 86.305
3.79736 92.6004
3.80309 89.9291
3.80883 96.3708
3.81457 101.871
3.8203 106.84
3.82604 117.699
3.83178 118.249
3.83751 131.841
3.84325 180.788
3.84898 201.368
3.85472 507.094
3.86046 1411.15
3.86619 516.168
3.87193 1953.33
3.87766 592.576
3.8834 252.919
3.88914 263.997
3.89487 261.738
3.90061 278.512
3.90635 295.336
3.91208 301.66
3.91782 284.8
3.92355 264.777
3.92929 232.443
3.93503 193.74
3.94076 173.563
3.9465 149.705
3.95224 137.555
3.95797 126.73
3.96371 119.271
3.96944 110.293
3.97518 102.436
3.98092 103.758
3.98665 92.5235
3.99239 97.1264
3.99812 94.5784
4.00386 90.1309
4.0096 92.1645
4.01533 88.9795
4.02107 81.7817
4.02681 83.0678
4.03254 79.3975
4.03828 80.72
4.04401 78.232
4.04975 76.5976
4.05549 72.8882
4.06122 74.2263
4.06696 71.0855
4.0727 71.6513
4.07843 73.4567
4.08417 71.1246
4.0899 71.6451
4.09564 76.2793
4.10138 72.6926
4.10711 70.07
4.11285 70.3582
4.11858 70.2487
4.12432 70.1669
4.13006 70.984
4.13579 71.2776
4.14153 69.916
4.14727 69.2061
4.153 67.3509
4.15874 65.5427
4.16447 68.8633
4.17021 68.1949
4.17595 71.7491
4.18168 72.2865
4.18742 69.3693
4.19316 72.5877
4.19889 72.112
4.20463 69.3395
4.21036 69.3781
4.2161 69.2358
4.22184 68.9827
4.22757 70.3168
4.23331 66.7533
4.23904 67.7076
4.24478 69.6829
4.25052 66.8204
4.25625 70.616
4.26199 74.3868
4.26773 72.5586
4.27346 74.984
4.2792 75.4325
4.28493 74.7413
4.29067 80.0657
4.29641 80.7682
4.30214 79.5795
4.30788 82.7398
4.31362 101.255
4.31935 87.8735
4.32509 130.37
4.33082 94.036
4.33656 89.6095
4.3423 91.4113
4.34803 87.5121
4.35377 89.6702
4.3595 93.5268
4.36524 97.9898
4.37098 100.029
4.37671 105.568
4.38245 112.017
4.38819 121.093
4.39392 125.652
4.39966 127.287
4.40539 134.19
4.41113 154.415
4.41687 172.802
4.4226 198.848
4.42834 271.381
4.43408 561.269
4.43981 1018.09
4.44555 2990.47
4.45128 9769.42
4.45702 8030.55
4.46276 4455.71
4.46849 3182.87
4.47423 919.011
4.47996 514.211
4.4857 299.245
4.49144 234.049
4.49717 195.703
4.50291 190.762
4.50865 180.532
4.51438 169.535
4.52012 172.286
4.52585 160.667
4.53159 149.43
4.53733 139.11
4.54306 126.001
4.5488 113.412
4.55454 108.933
4.56027 102.29
4.56601 94.9868
4.57174 91.3027
4.57748 87.087
4.58322 80.696
4.58895 75.7174
4.59469 73.7294
4.60042 65.6732
4.60616 65.6656
4.6119 63.7837
4.61763 64.9926
4.62337 62.66
4.62911 62.92
4.63484 62.4687
4.64058 58.2777
4.64631 60.7273
4.65205 54.054
4.65779 56.8443
4.66352 57.3008
4.66926 56.9585
4.675 52.5455
4.68073 55.979
4.68647 50.05
4.6922 49.9464
4.69794 48.2828
4.70368 51.558
4.70941 48.1681
4.71515 46.3051
4.72088 47.1864
4.72662 47.6273
4.73236 49.9547
4.73809 45.8141
4.74383 46.2
4.74957 48.7025
4.7553 49.1443
4.76104 47.072
4.76677 45.9713
4.77251 47.6014
4.77825 44.4102
4.78398 42.9095
4.78972 44.0619
4.79546 43.726
4.80119 42.5488
4.80693 43.0276
4.81266 43.4577
4.8184 44.2347
4.82414 40.6159
4.82987 41.0246
4.83561 40.6597
4.84134 40.7407
4.84708 38.9823
4.85282 39.5454
4.85855 45.5455
4.86429 52.4045
4.87003 39.7446
4.87576 43.3652
4.8815 40.889
4.88723 39.521
4.89297 40.6877
4.89871 38.7496
4.90444 38.9967
4.91018 39.0087
4.91592 38.5147
4.92165 38.7856
4.92739 38.038
4.93312 35.8148
4.93886 41.7202
4.9446 35.0499
4.95033 36.5858
4.95607 33.9409
4.9618 35.542
4.96754 35.3065
4.97328 38.8089
4.97901 34.7335
4.98475 34.6412
4.99049 35.9333
4.99622 38.7859
5.00196 39.9166
5.00769 38.9754
5.01343 35.8881
5.01917 30.8501
5.0249 35.0539
5.03064 35.0461
5.03638 34.4065
5.04211 35.4221
5.04785 32.7712
5.05358 34.8371
5.05932 35.7023
5.06506 34.6381
5.07079 34.1015
5.07653 38.1531
5.08226 48.6119
5.088 32.2322
5.09374 34.3121
5.09947 32.864
5.10521 33.7798
5.11095 35.2352
5.11668 32.138
5.12242 31.9562
5.12815 33.852
5.13389 35.5689
5.13963 33.241
5.14536 33.9684
5.1511 32.6631
5.15684 27.7747
5.16257 33.4302
5.16831 30.2326
5.17404 36.8121
5.17978 32.643
5.18552 31.941
5.19125 33.1442
5.19699 33.1898
5.20272 33.9661
5.20846 31.031
5.2142 30.0525
5.21993 32.3086
5.22567 32.3076
5.23141 32.9568
5.23714 27.4719
5.24288 30.112
5.24861 30.439
5.25435 32.2007
5.26009 35.3593
5.26582 33.2174
5.27156 31.196
5.2773 32.7796
5.28303 31.6316
5.28877 30.3388
5.2945 32.8259
5.30024 30.5583
5.30598 30.0807
5.31171 30.5136
5.31745 30.6648
5.32318 31.6008
5.32892 33.1501
5.33466 28.3847
5.34039 29.2262
5.34613 32.6023
5.35187 30.096
5.3576 31.0681
5.36334 30.9855
5.36907 27.6318
5.37481 31.243
5.38055 31.9335
5.38628 33.9089
5.39202 32.351
5.39776 30.4679
5.40349 36.2052
5.40923 32.9392
5.41496 32.8847
5.4207 34.7172
5.42644 29.1005
5.43217 32.1557
5.43791 34.6675
5.44364 29.029
5.44938 31.1858
5.45512 32.8106
5.46085 33.397
5.46659 29.8666
5.47233 28.9615
5.47806 31.8344
5.4838 28.5965
5.48953 31.0848
5.49527 28.4808
5.50101 30.7471
5.50674 30.9799
5.51248 31.3347
5.51822 34.548
5.52395 31.6943
5.52969 31.3647
5.53542 32.2675
5.54116 33.8132
5.5469 33.3667
5.55263 33.8428
5.55837 29.7798
5.5641 29.9738
5.56984 27.4037
5.57558 30.6616
5.58131 32.0731
5.58705 30.3131
5.59279 35.4673
5.59852 28.0757
5.60426 17.5175
5.60999 29.2873
5.61573 28.9191
5.62147 28.568
5.6272 34.034
5.63294 31.2381
5.63868 32.0775
5.64441 32.7159
5.65015 37.8335
5.65588 31.7341
5.66162 32.786
5.66736 33.1139
5.67309 32.1135
5.67883 31.8434
5.68456 29.9309
5.6903 32.7772
5.69604 33.5457
5.70177 34.432
5.70751 34.6873
5.71325 33.6017
5.71898 32.6854
5.72472 32.2241
5.73045 32.1289
5.73619 36.5302
5.74193 31.1322
5.74766 32.759
5.7534 35.8426
5.75914 36.5435
5.76487 36.7
5.77061 36.1638
5.77634 34.8938
5.78208 36.6546
5.78782 33.4767
5.79355 35.5006
5.79929 33.1665
5.80502 35.4711
5.81076 33.6358
5.8165 33.5001
5.82223 32.96
5.82797 33.8792
5.83371 31.7527
5.83944 33.2991
5.84518 38.5436
5.85091 35.4208
5.85665 36.3748
5.86239 37.5041
5.86812 38.2321
5.87386 32.0786
5.8796 33.996
5.88533 35.263
5.89107 34.0775
5.8968 36.036
5.90254 32.3466
5.90828 35.5507
5.91401 37.2136
5.91975 33.3626
5.92548 35.217
5.93122 37.3032
5.93696 32.4434
5.94269 38.5623
5.94843 36.3488
5.95417 36.9801
5.9599 39.8987
5.96564 37.8257
5.97137 37.5162
5.97711 35.3504
5.98285 39.3111
5.98858 37.1698
5.99432 37.0488
6.00006 36.403
6.00579 37.9672
6.01153 39.0067
6.01726 39.6663
6.023 40.8599
6.02874 43.2933
6.03447 39.9035
6.04021 38.8277
6.04594 40.6835
6.05168 41.4164
6.05742 40.456
6.06315 42.8428
6.06889 43.0117
6.07463 42.2446
6.08036 42.4254
6.0861 45.2084
6.09183 44.7767
6.09757 46.7647
6.10331 44.7495
6.10904 45.3057
6.11478 44.9519
6.12052 44.7426
6.12625 45.9459
6.13199 45.7159
6.13772 46.5465
6.14346 46.4287
6.1492 47.5575
6.15493 47.8103
6.16067 47.783
6.1664 48.4464
6.17214 50.4547
6.17788 49.1086
6.18361 48.7186
6.18935 52.9114
6.19509 50.6046
6.20082 51.9418
6.20656 52.6114
6.21229 53.3762
6.21803 54.1761
6.22377 59.2573
6.2295 57.5375
6.23524 58.5118
6.24098 62.3008
6.24671 59.746
6.25245 62.6477
6.25818 62.3064
6.26392 64.8982
6.26966 67.1357
6.27539 68.0153
6.28113 70.8414
6.28686 78.0483
6.2926 87.452
6.29834 97.7909
6.30407 140.794
6.30981 202.349
6.31555 707.784
6.32128 1550.45
6.32702 623.007
6.33275 395.896
6.33849 181.704
6.34423 106.058
6.34996 103.476
6.3557 99.7663
6.36144 102.704
6.36717 99.0609
6.37291 97.371
6.37864 101.479
6.38438 102.99
6.39012 105.969
6.39585 105.368
6.40159 103.186
6.40732 93.1301
6.41306 90.5798
6.4188 86.1078
6.42453 75.6416
6.43027 72.229
6.43601 72.0842
6.44174 68.1813
6.44748 65.1855
6.45321 63.7126
6.45895 62.9977
6.46469 62.0334
6.47042 61.0804
6.47616 62.1812
6.4819 56.6839
6.48763 57.3907
6.49337 57.2723
6.4991 55.8769
6.50484 55.574
6.51058 53.2198
6.51631 52.3976
6.52205 53.1531
6.52778 52.673
6.53352 52.4111
6.53926 54.0123
6.54499 51.9408
6.55073 52.81
6.55647 51.3489
6.5622 52.6544
6.56794 49.8368
6.57367 51.7506
6.57941 47.8583
6.58515 52.6598
6.59088 51.1857
6.59662 51.3608
6.60236 48.1973
6.60809 51.9765
6.61383 50.9434
6.61956 48.4814
6.6253 50.05
6.63104 50.8842
6.63677 49.631
6.64251 48.5397
6.64824 46.8318
6.65398 49.137
6.65972 53.1217
6.66545 49.8266
6.67119 48.3656
6.67693 50.3992
6.68266 48.8937
6.6884 48.5948
6.69413 49.973
6.69987 49.7973
6.70561 46.7967
6.71134 50.0789
6.71708 52.052
6.72282 48.0041
6.72855 48.0202
6.73429 48.0368
6.74002 48.6335
6.74576 46.1766
6.7515 48.8449
6.75723 46.0685
6.76297 48.0049
6.7687 49.4333
6.77444 49.4989
6.78018 48.7058
6.78591 48.4363
6.79165 49.8816
6.79739 49.9925
6.80312 46.9416
6.80886 48.5753
6.81459 47.344
6.82033 48.6677
6.82607 46.4516
6.8318 47.9622
6.83754 48.321
6.84328 47.4542
6.84901 48.7809
6.85475 50.754
6.86048 47.7633
6.86622 48.2982
6.87196 46.6915
6.87769 47.6913
6.88343 46.9367
6.88916 47.8285
6.8949 48.3011
6.90064 49.8728
6.90637 47.2138
6.91211 49.1706
6.91785 48.3471
6.92358 48.3375
6.92932 47.8088
6.93505 49.1277
6.94079 44.8235
6.94653 48.3759
6.95226 49.7226
6.958 47.96
6.96374 48.7654
6.96947 47.7582
6.97521 47.069
6.98094 50.1672
6.98668 48.4795
6.99242 47.8368
6.99815 47.868
7.00389 52.6776
7.00962 46.9348
7.01536 47.861
7.0211 51.3513
7.02683 48.8767
7.03257 46.7944
7.03831 48.7584
7.04404 49.7464
7.04978 48.0045
7.05551 48.8041
7.06125 50.5551
7.06699 47.8511
7.07272 51.253
7.07846 49.1165
7.0842 50.69
7.08993 48.2465
7.09567 51.5354
7.1014 50.6435
7.10714 50.9921
7.11288 50.9775
7.11861 50.0931
7.12435 49.9208
7.13008 51.1537
7.13582 53.9602
7.14156 51.8356
7.14729 51.8852
7.15303 48.1582
7.15877 53.1606
7.1645 52.8593
7.17024 55.5092
7.17597 55.1878
7.18171 49.4887
7.18745 50.8951
7.19318 49.7704
7.19892 52.492
7.20466 51.6973
7.21039 53.284
7.21613 52.8928
7.22186 50.6469
7.2276 54.8087
7.23334 55.0911
7.23907 54.978
7.24481 51.3847
7.25054 53.9446
7.25628 53.1131
7.26202 52.8817
7.26775 53.5535
7.27349 54.2704
7.27923 54.0755
7.28496 54.7134
7.2907 56.3756
7.29643 56.1337
7.30217 55.257
7.30791 56.2336
7.31364 57.519
7.31938 58.7553
7.32512 59.059
7.33085 56.7509
7.33659 59.9637
7.34232 60.3746
7.34806 58.366
7.3538 61.575
7.35953 60.6843
7.36527 61.2018
7.371 66.5375
7.37674 63.6501
7.38248 68.8578
7.38821 84.2602
7.39395 100.247
7.39969 139.419
7.40542 238.284
7.41116 284.276
7.41689 285.578
7.42263 132.104
7.42837 93.2281
7.4341 83.4195
7.43984 80.6986
7.44558 75.5979
7.45131 78.5826
7.45705 82.2458
7.46278 81.9071
7.46852 85.2005
7.47426 85.3417
7.47999 88.8554
7.48573 89.9232
7.49146 93.3332
7.4972 92.9656
7.50294 89.9871
7.50867 86.3754
7.51441 80.6184
7.52015 80.454
7.52588 73.6266
7.53162 73.3533
7.53735 72.1793
7.54309 67.4266
7.54883 67.1049
7.55456 63.8285
7.5603 62.8943
7.56604 61.2702
7.57177 60.4604
7.57751 61.0092
7.58324 59.4769
7.58898 57.4161
7.59472 58.1318
7.60045 57.4574
7.60619 53.3704
7.61192 55.5206
7.61766 57.6611
7.6234 54.6883
7.62913 55.3583
7.63487 55.419
7.64061 55.0354
7.64634 57.4476
7.65208 57.2898
7.65781 55.2586
7.66355 55.9436
7.66929 59.5558
7.67502 56.9682
7.68076 59.4367
7.6865 57.2925
7.69223 56.7361
7.69797 58.6094
7.7037 63.2513
7.70944 59.3354
7.71518 66.4892
7.72091 64.5918
7.72665 64.7313
7.73238 83.4244
7.73812 107.69
7.74386 159.933
7.74959 102.138
7.75533 73.2492
7.76107 66.0392
7.7668 67.1802
7.77254 63.3916
7.77827 62.9481
7.78401 59.969
7.78975 61.2315
7.79548 59.6612
7.80122 58.9296
7.80696 59.5099
7.81269 59.4428
7.81843 62.5302
7.82416 60.2497
7.8299 62.2479
7.83564 55.5279
7.84137 58.5844
7.84711 59.2664
7.85284 57.271
7.85858 55.3365
7.86432 55.9838
7.87005 52.4913
7.87579 51.3013
7.88153 49.3116
7.88726 45.6531
7.893 50.4207
7.89873 48.0949
7.90447 49.2453
7.91021 44.1268
7.91594 47.0699
7.92168 48.7487
7.92742 45.2738
7.93315 44.8623
7.93889 45.9586
7.94462 46.4763
7.95036 45.5455
7.9561 47.1228
7.96183 43.4402
7.96757 42.9953
7.9733 45.235
7.97904 45.7303
7.98478 45.7868
7.99051 44.092
7.99625 44.473
8.00199 44.5364
8.00772 42.9835
8.01346 44.3825
8.01919 42.8382
8.02493 43.06
8.03067 42.7269
8.0364 41.6519
8.04214 41.26
8.04788 41.731
8.05361 41.8116
8.05935 41.4532
8.06508 40.8968
8.07082 41.5886
8.07656 43.8613
8.08229 40.5249
8.08803 41.5162
8.09376 39.599
8.0995 41.8676
8.10524 39.1703
8.11097 36.8067
8.11671 37.9649
8.12245 38.5812
8.12818 36.608
8.13392 34.8454
8.13965 35.5428
8.14539 36.0037
8.15113 35.3867
8.15686 32.8649
8.1626 32.1382
8.16834 28.8084
8.17407 26.0022
8.17981 24.0987
8.18554 23.1462
8.19128 25.7641
8.19702 22.202
8.20275 22.4851
8.20849 19.6552
8.21422 17.9211
8.21996 16.3279
8.2257 15.0619
8.23143 13.8082
8.23717 11.767
8.24291 8.92249
8.24864 9.555
8.25438 8.64021
8.26011 0.895632
8.26585 5.56111
8.27159 0
8.27732 0
8.28306 0
8.2888 0
8.29453 0
8.30027 0
8.306 0
8.31174 0
8.31748 0
8.32321 0
8.32895 0
8.33468 0
8.34042 0
8.34616 0
8.35189 0
8.35763 0
8.36337 0
8.3691 0
8.37484 0
8.38057 0
8.38631 0
8.39205 0
8.39778 0
8.40352 0
8.40926 0
8.41499 0
8.42073 0
8.42646 0
8.4322 0
8.43794 0
8.44367 0
8.44941 0
8.45514 0
8.46088 0
8.46662 0
8.47235 0
8.47809 0
8.48383 0
8.48956 0
8.4953 0
8.50103 0
8.50677 0
8.51251 0
8.51824 0
8.52398 0
8.52972 0
8.53545 0
8.54119 0
8.54692 0
8.55266 0
8.5584 0
8.56413 0
8.56987 0
8.5756 0
8.58134 0
8.58708 0
8.59281 0
8.59855 0
8.60429 0
8.61002 0
8.61576 0
8.62149 0
8.62723 0
8.63297 0
8.6387 0
8.64444 0
8.65018 0
8.65591 0
8.66165 0
8.66738 0
8.67312 0
8.67886 0
8.68459 0
8.69033 0
8.69606 0
8.7018 0
8.70754 0
8.71327 0
8.71901 0
8.72475 0
8.73048 0
8.73622 0
8.74195 0
8.74769 0
8.75343 0
8.75916 0
8.7649 0
8.77064 0
8.77637 0
8.78211 0
8.78784 0
8.79358 0
8.79932 0
8.80505 0
8.81079 0
8.81652 0
8.82226 0
8.828 0
8.83373 0
8.83947 0
8.84521 0
8.85094 0
8.85668 0
8.86241 0
8.86815 0
8.87389 0
8.87962 0
8.88536 0
8.8911 0
8.89683 0
8.90257 0
8.9083 0
8.91404 0
8.91978 0
8.92551 0
8.93125 0
8.93698 0
8.94272 0
8.94846 0
8.95419 0
8.95993 0
8.96567 0
8.9714 0
8.97714 0
8.98287 0
8.98861 0
8.99435 0
9.00008 0
9.00582 0
9.01156 0
9.01729 0
9.02303 0
9.02876 0
9.0345 0
9.04024 0
9.04597 0
9.05171 0
9.05744 0
9.06318 0
9.06892 0
9.07465 0
9.08039 0
9.08613 0
9.09186 0
9.0976 0
9.10333 0
9.10907 0
9.11481 0
9.12054 0
9.12628 0
9.13202 0
9.13775 0
9.14349 0
9.14922 0
9.15496 0
9.1607 0
9.16643 0
9.17217 0
9.1779 0
9.18364 0
9.18938 0
9.19511 0
9.20085 0
9.20659 0
9.21232 0
9.21806 0
9.22379 0
9.22953 0
9.23527 0
9.241 0
9.24674 0
9.25248 0
9.25821 0
9.26395 0
9.26968 0
9.27542 0
9.28116 0
9.28689 0
9.29263 0
9.29836 0
9.3041 0
9.30984 0
9.31557 0
9.32131 0
9.32705 0
9.33278 0
9.33852 0
9.34425 0
9.34999 0
9.35573 0
9.36146 0
9.3672 0
9.37294 0
9.37867 0
9.38441 0
9.39014 0
9.39588 0
9.40162 0
9.40735 0
9.41309 0
9.41882 0
9.42456 0
9.4303 0
9.43603 0
9.44177 0
9.44751 0
9.45324 0
9.45898 0
9.46471 0
9.47045 0
9.47619 0
9.48192 0
9.48766 0
9.4934 0
9.49913 0
9.50487 0
9.5106 0
9.51634 0
9.52208 0
9.52781 0
9.53355 0
9.53928 0
9.54502 0
9.55076 0
9.55649 0
9.56223 0
9.56797 0
9.5737 0
9.57944 0
9.58517 0
9.59091 0
9.59665 0
9.60238 0
9.60812 0
9.61386 0
9.61959 0
9.62533 0
9.63106 0
9.6368 0
9.64254 0
9.64827 0
9.65401 0
9.65974 0
9.66548 0
9.67122 0
9.67695 0
9.68269 0
9.68843 0
9.69416 0
9.6999 0
9.70563 0
9.71137 0
9.71711 0
9.72284 0
9.72858 0
9.73432 0
9.74005 0
9.74579 0
9.75152 0
9.75726 0
9.763 0
9.76873 0
9.77447 0
9.7802 0
9.78594 0
9.79168 0
9.79741 0
9.80315 0
9.80889 0
9.81462 0
9.82036 0
9.82609 0
9.83183 0
9.83757 0
9.8433 0
9.84904 0
9.85478 0
9.86051 0
9.86625 0
9.87198 0
9.87772 0
9.88346 0
9.88919 0
9.89493 0
9.90066 0
9.9064 0
9.91214 0
9.91787 0
9.92361 0
9.92935 0
9.93508 0
9.94082 0
9.94655 0
9.95229 0
9.95803 0
9.96376 0
9.9695 0
9.97524 0
9.98097 0
9.98671 0
9.99244 0
9.99818 0
10.0039 0
10.0097 0
10.0154 0
10.0211 0
10.0269 0
10.0326 0
10.0383 0
10.0441 0
10.0498 0
10.0555 0
10.0613 0
10.067 0
10.0728 0
10.0785 0
10.0842 0
10.09 0
10.0957 0
10.1014 0
10.1072 0
10.1129 0
10.1186 0
10.1244 0
10.1301 0
10.1358 0
10.1416 0
10.1473 0
10.1531 0
10.1588 0
10.1645 0
10.1703 0
10.176 0
10.1817 0
10.1875 0
10.1932 0
10.1989 0
10.2047 0
10.2104 0
10.2162 0
10.2219 0
10.2276 0
10.2334 0
10.2391 0
10.2448 0
10.2506 0
10.2563 0
10.262 0
10.2678 0
10.2735 0
10.2793 0
10.285 0
10.2907 0
10.2965 0
10.3022 0
10.3079 0
10.3137 0
10.3194 0
10.3251 0
10.3309 0
10.3366 0
10.3424 0
10.3481 0
10.3538 0
10.3596 0
10.3653 0
10.371 0
10.3768 0
10.3825 0
10.3882 0
10.394 0
10.3997 0
10.4054 0
10.4112 0
10.4169 0
10.4227 0
10.4284 0
10.4341 0
10.4399 0
10.4456 0
10.4513 0
10.4571 0
10.4628 0
10.4685 0
10.4743 0
10.48 0
10.4858 0
10.4915 0
10.4972 0
10.503 0
10.5087 0
10.5144 0
10.5202 0
10.5259 0
10.5316 0
10.5374 0
10.5431 0
10.5489 0
10.5546 0
10.5603 0
10.5661 0
10.5718 0
10.5775 0
10.5833 0
10.589 0
10.5947 0
10.6005 0
10.6062 0
10.612 0
10.6177 0
10.6234 0
10.6292 0
10.6349 0
10.6406 0
10.6464 0
10.6521 0
10.6578 0
10.6636 0
10.6693 0
10.6751 0
10.6808 0
10.6865 0
10.6923 0
10.698 0
10.7037 0
10.7095 0
10.7152 0
10.7209 0
10.7267 0
10.7324 0
10.7381 0
10.7439 0
10.7496 0
10.7554 0
10.7611 0
10.7668 0
10.7726 0
10.7783 0
10.784 0
10.7898 0
10.7955 0
10.8012 0
10.807 0
10.8127 0
10.8185 0
10.8242 0
10.8299 0
10.8357 0
10.8414 0
10.8471 0
10.8529 0
10.8586 0
10.8643 0
10.8701 0
10.8758 0
10.8816 0
10.8873 0
10.893 0
10.8988 0
10.9045 0
10.9102 0
10.916 0
10.9217 0
10.9274 0
10.9332 0
10.9389 0
10.9447 0
10.9504 0
10.9561 0
10.9619 0
10.9676 0
10.9733 0
10.9791 0
10.9848 0
10.9905 0
10.9963 0
11.002 0
11.0077 0
11.0135 0
11.0192 0
11.025 0
11.0307 0
11.0364 0
11.0422 0
11.0479 0
11.0536 0
11.0594 0
11.0651 0
11.0708 0
11.0766 0
11.0823 0
11.0881 0
11.0938 0
11.0995 0
11.1053 0
11.111 0
11.1167 0
11.1225 0
11.1282 0
11.1339 0
11.1397 0
11.1454 0
11.1512 0
11.1569 0
11.1626 0
11.1684 0
11.1741 0
11.1798 0
11.1856 0
11.1913 0
11.197 0
11.2028 0
11.2085 0
11.2143 0
11.22 0
11.2257 0
11.2315 0
11.2372 0
11.2429 0
11.2487 0
11.2544 0
11.2601 0
11.2659 0
11.2716 0
11.2774 0
11.2831 0
11.2888 0
11.2946 0
11.3003 0
11.306 0
11.3118 0
11.3175 0
11.3232 0
11.329 0
11.3347 0
11.3404 0
11.3462 0
11.3519 0
11.3577 0
11.3634 0
11.3691 0
11.3749 0
11.3806 0
11.3863 0
11.3921 0
11.3978 0
11.4035 0
11.4093 0
11.415 0
11.4208 0
11.4265 0
11.4322 0
11.438 0
11.4437 0
11.4494 0
11.4552 0
11.4609 0
11.4666 0
11.4724 0
11.4781 0
11.4839 0
11.4896 0
11.4953 0
11.5011 0
11.5068 0
11.5125 0
11.5183 0
11.524 0
11.5297 0
11.5355 0
11.5412 0
11.547 0
11.5527 0
11.5584 0
11.5642 0
11.5699 0
11.5756 0
11.5814 0
11.5871 0
11.5928 0
11.5986 0
11.6043 0
11.61 0
11.6158 0
11.6215 0
11.6273 0
11.633 0
11.6387 0
11.6445 0
11.6502 0
11.6559 0
11.6617 0
11.6674 0
11.6731 0
11.6789 0
11.6846 0
11.6904 0
11.6961 0
11.7018 0
11.7076 0
11.7133 0
11.719 0
11.7248 0
11.7305 0
11.7362 0
11.742 0
