0 5
0.00573619 -8
0.0114724 11
0.0172086 0
0.0229448 -7
0.028681 3
0.0344171 0
0.0401533 19
0.0458895 2
0.0516257 -38
0.0573619 0
0.0630981 2
0.0688343 47
0.0745705 0
0.0803067 0
0.0860429 0
0.091779 0
0.0975152 0.333333
0.103251 -8.33333
0.108988 -12.6667
0.114724 0
0.12046 -2.33333
0.126196 3.33333
0.131932 0
0.137669 -7
0.143405 18.6667
0.149141 -38
0.154877 17.5
0.160613 8.33333
0.16635 -4.33333
0.172086 0
0.177822 4.33333
0.183558 4.6
0.189294 0
0.19503 -19.4
0.200767 -0.4
0.206503 14
0.212239 3
0.217975 -0.4
0.223711 -5.6
0.229448 0
0.235184 5.6
0.24092 18
0.246656 0
0.252392 14.6
0.258129 -0.6
0.263865 8.2
0.269601 0
0.275337 5.4
0.281073 14
0.28681 0
0.292546 2.85714
0.298282 1.42857
0.304018 0
0.309754 -5.5
0.31549 3.71429
0.321227 14.1429
0.326963 0
0.332699 2.28571
0.338435 11.5714
0.344171 0
0.349908 11.4286
0.355644 14
0.36138 -13.2
0.367116 23.5
0.372852 6.66667
0.378589 8.85714
0.384325 19
0.390061 -3.55556
0.395797 8
0.401533 0
0.40727 10.5556
0.413006 7.88889
0.418742 3.71429
0.424478 -7
0.430214 8.44444
0.43595 9
0.441687 0
0.447423 8.77778
0.453159 12.1111
0.458895 14
0.464631 2.85714
0.470368 10.0909
0.476104 13.1111
0.48184 15.5
0.487576 9.45455
0.493312 2.09091
0.499049 0
0.504785 3.63636
0.510521 6
0.516257 -1.2
0.521993 4.66667
0.52773 6.81818
0.533466 12.5556
0.539202 28
0.544938 -3.54545
0.550674 10.3636
0.55641 0
0.562147 7.92308
0.567883 7.23077
0.573619 9.57143
0.579355 15
0.585091 10.4615
0.590828 13.1818
0.596564 12.5
0.6023 5.53846
0.608036 7.23077
0.613772 3.4
0.619509 6.75
0.625245 5.23077
0.630981 10.2222
0.636717 12
0.642453 11.7692
0.64819 14.4615
0.653926 -6
0.659662 5.4
0.665398 13.5333
0.671134 5.71429
0.67687 5.375
0.682607 13.9333
0.688343 0.181818
0.694079 10.25
0.699815 8.73333
0.705551 5.8
0.711288 1
0.717024 11.8571
0.72276 8.93333
0.728496 8
0.734232 -0.5
0.739969 13.5
0.745705 7.76923
0.751441 3.5
0.757177 7.41176
0.762913 7.52941
0.76865 -1
0.774386 8
0.780122 1.41176
0.785858 8.45455
0.791594 5.83333
0.79733 5.70588
0.803067 6.53333
0.808803 0.5
0.814539 10.5882
0.820275 13.9412
0.826011 7.11111
0.831748 5
0.837484 10.9444
0.84322 9.69231
0.848956 11.1667
0.854692 9.63158
0.860429 8.35294
0.866165 10.8
0.871901 9.375
0.877637 10.2105
0.883373 4.18182
0.88911 4.5
0.894846 9.05263
0.900582 -0.2
0.906318 -0.25
0.912054 7.05263
0.91779 5.88235
0.923527 10.4444
0.929263 -2.38462
0.934999 4.28571
0.940735 3.30769
0.946471 13.625
0.952208 3.19048
0.957944 9.64706
0.96368 11
0.969416 6.14286
0.975152 5.21053
0.980889 4.72727
0.986625 9.83333
0.992361 13.381
0.998097 11.6
1.00383 2
1.00957 4.42857
1.01531 5.82353
1.02104 0.4
1.02678 7.47059
1.03251 2.04762
1.03825 6.15385
1.04399 9.58333
1.04972 6.78261
1.05546 3.52941
1.0612 5.83333
1.06693 5.3913
1.07267 3.63158
1.0784 11.7692
1.08414 5.07143
1.08988 -2.21739
1.09561 8.73333
1.10135 4.25
1.10708 8.65217
1.11282 8.05882
1.11856 2.85714
1.12429 6.16
1.13003 4.57143
1.13577 11.2
1.1415 0.857143
1.14724 5
1.15297 2.13333
1.15871 3.9
1.16445 6.2
1.17018 4.15789
1.17592 6.46154
1.18166 8.55556
1.18739 0.695652
1.19313 7.2
1.19886 -2.25
1.2046 5.44
1.21034 6.44444
1.21607 5.66667
1.22181 6.55556
1.22754 6.90476
1.23328 12.0588
1.23902 2.9375
1.24475 7.6
1.25049 6.29412
1.25623 1
1.26196 3.14815
1.2677 8.26316
1.27343 5.15385
1.27917 8.5
1.28491 6.52174
1.29064 3.23529
1.29638 5.07143
1.30212 6.25926
1.30785 7.61111
1.31359 2.5
1.31932 9.93103
1.32506 4.95238
1.3308 11.4706
1.33653 3.45
1.34227 5.76
1.348 1.52632
1.35374 14.5714
1.35948 7.03704
1.36521 5.85714
1.37095 5.2
1.37669 -2.96552
1.38242 5.69565
1.38816 7.94118
1.39389 14.0526
1.39963 7.96296
1.40537 6.85
1.4111 8
1.41684 4.41379
1.42258 3.34783
1.42831 7.29412
1.43405 1.29167
1.43978 5.24
1.44552 5.19048
1.45126 4.1875
1.45699 4.7931
1.46273 1.85714
1.46846 8.5
1.4742 2.93548
1.47994 4.73913
1.48567 2
1.49141 3.09524
1.49715 5.37037
1.50288 0.26087
1.50862 11.9375
1.51435 0.344828
1.52009 3.32
1.52583 9.06667
1.53156 1.36667
1.5373 4.08
1.54304 3.33333
1.54877 8.65
1.55451 6.2069
1.56024 9.52174
1.56598 2.21429
1.57172 6.41935
1.57745 3.28
1.58319 9.6
1.58892 5.16
1.59466 -1.07407
1.6004 2.24
1.60613 4.77778
1.61187 8.45161
1.61761 0.4
1.62334 7.07143
1.62908 5.48485
1.63481 0.703704
1.64055 6
1.64629 12.7727
1.65202 4.13793
1.65776 9.36
1.6635 9.0625
1.66923 3.6129
1.67497 6.32143
1.6807 1.25
1.68644 -1.32143
1.69218 9.65517
1.69791 5.84
1.70365 5.95455
1.70938 4.93548
1.71512 6.48148
1.72086 6
1.72659 4.72727
1.73233 2.55172
1.73807 6.3913
1.7438 9.19231
1.74954 -0.0344828
1.75527 9.85185
1.76101 2.84211
1.76675 2.42424
1.77248 3.10714
1.77822 3
1.78396 9.4
1.78969 2.3871
1.79543 9.77778
1.80116 6.41667
1.8069 7.90323
1.81264 4.48276
1.81837 8.83333
1.82411 11.8286
1.82984 5.55172
1.83558 4.84
1.84132 9.53846
1.84705 4.58065
1.85279 4.07407
1.85853 5.56522
1.86426 3.78788
1.87 5.53333
1.87573 6.83333
1.88147 7.17143
1.88721 1.9697
1.89294 10.2222
1.89868 7.19231
1.90442 8.54545
1.91015 9.80645
1.91589 4.9
1.92162 9.6
1.92736 11.1935
1.9331 15.36
1.93883 4.10714
1.94457 17.9697
1.9503 44.1667
1.95604 19
1.96178 22.9706
1.96751 18.4688
1.97325 13.95
1.97899 11.9459
1.98472 13.303
1.99046 11.1724
1.99619 -13.2308
2.00193 3.68571
2.00767 5.22581
2.0134 11.625
2.01914 3.14286
2.02488 6.18182
2.03061 8.4
2.03635 6
2.04208 10.4706
2.04782 12.2188
2.05356 8.875
2.05929 9.47222
2.06503 7.45714
2.07076 5.36364
2.0765 9.97297
2.08224 6.65714
2.08797 7.75862
2.09371 7.25
2.09945 9.45946
2.10518 5.75758
2.11092 8.25
2.11665 7.35135
2.12239 15.2
2.12813 6.34783
2.13386 4.83333
2.1396 3.11111
2.14534 2.4375
2.15107 10.8077
2.15681 4.78947
2.16254 5.05405
2.16828 13.5455
2.17402 7.05128
2.17975 10.4324
2.18549 6.09677
2.19122 8.76667
2.19696 7.7027
2.2027 7.34286
2.20843 7.66667
2.21417 8.5641
2.21991 6.7027
2.22564 4.22727
2.23138 11.85
2.23711 8.8421
2.24285 18.0294
2.24859 68.3929
2.25432 38.5641
2.26006 35.1538
2.2658 18.3636
2.27153 15.6098
2.27727 16.4615
2.283 14.1613
2.28874 14.4688
2.29448 10.2051
2.30021 8.83784
2.30595 5.38462
2.31168 7.69231
2.31742 9.23077
2.32316 5.40909
2.32889 13.5238
2.33463 9.975
2.34037 5.27778
2.3461 6.85714
2.35184 14.0465
2.35757 9.78378
2.36331 12.5385
2.36905 18.4878
2.37478 18.3902
2.38052 13.871
2.38626 12.8529
2.39199 12.7442
2.39773 18.1081
2.40346 17.4231
2.4092 11.1395
2.41494 10.1
2.42067 11.1364
2.42641 6.90909
2.43214 7.2619
2.43788 5.8
2.44362 7.75
2.44935 7.31111
2.45509 10.3846
2.46083 11
2.46656 11.9111
2.4723 6.26829
2.47803 7.51724
2.48377 7.525
2.48951 5.11628
2.49524 7.33333
2.50098 10.9615
2.50672 5.45652
2.51245 5.83333
2.51819 7.54167
2.52392 10.8043
2.52966 6.18182
2.5354 9.93939
2.54113 10.4167
2.54687 6.13333
2.5526 8.09756
2.55834 18.4231
2.56408 12.6809
2.56981 9.06977
2.57555 7.31034
2.58129 7.5
2.58702 9.17778
2.59276 13.1622
2.59849 13.2188
2.60423 8.3913
2.60997 7.72727
2.6157 8.04167
2.62144 13.0833
2.62718 13.0426
2.63291 9.71429
2.63865 13.8611
2.64438 9.53191
2.65012 8.2439
2.65586 7.26667
2.66159 10.7234
2.66733 11.2667
2.67306 11.44
2.6788 10.3542
2.68454 7.04255
2.69027 3.30769
2.69601 9.24242
2.70175 5.3125
2.70748 10.3111
2.71322 4.2963
2.71895 5.54167
2.72469 7.67347
2.73043 5.85714
2.73616 8.60526
2.7419 6.46939
2.74764 6.86047
2.75337 4.73333
2.75911 5.02041
2.76484 10.1429
2.77058 15.0833
2.77632 7.4898
2.78205 6.72
2.78779 4.5641
2.79352 4.8
2.79926 9.34615
2.805 5.33333
2.81073 13.1481
2.81647 8.98113
2.82221 6.81633
2.82794 11.4865
2.83368 6.26316
2.83941 9.84906
2.84515 6.7561
2.85089 7.65625
2.85662 9
2.86236 12.1633
2.8681 4.95833
2.87383 1.41509
2.87957 6.38
2.8853 6.7561
2.89104 8.37838
2.89678 7.65385
2.90251 7.22222
2.90825 5.75862
2.91398 4.65455
2.91972 8.43137
2.92546 8.18919
2.93119 8.2381
2.93693 7.0566
2.94267 9.55556
2.9484 4.25
2.95414 5.54717
2.95987 8.67347
2.96561 5.03846
2.97135 9.69643
2.97708 7.16667
2.98282 3.94872
2.98856 10.5897
2.99429 9.74074
3.00003 7.59574
3.00576 8.625
3.0115 7.30909
3.01724 6.66038
3.02297 7.35135
3.02871 1.34091
3.03444 7.4
3.04018 7.42222
3.04592 5.35294
3.05165 12.7818
3.05739 7.2549
3.06313 8.7931
3.06886 9.83929
3.0746 7.27273
3.08033 3.34091
3.08607 4.13514
3.09181 8.92857
3.09754 6.95918
3.10328 7.5625
3.10902 4.52542
3.11475 8.73585
3.12049 12.9744
3.12622 6.84783
3.13196 7.69091
3.1377 10.8085
3.14343 10.8056
3.14917 7.35088
3.1549 6.41176
3.16064 6.27586
3.16638 9.45
3.17211 8.16364
3.17785 9.27273
3.18359 31.6585
3.18932 17.3729
3.19506 16.6531
3.20079 9.35294
3.20653 9.20339
3.21227 11.0755
3.218 12.9268
3.22374 5.35417
3.22948 3.98305
3.23521 7.4
3.24095 5.81579
3.24668 6.4
3.25242 3.37736
3.25816 8.85294
3.26389 7.77193
3.26963 10.5614
3.27536 5.34783
3.2811 10.4146
3.28684 7.85246
3.29257 7.16327
3.29831 10.8333
3.30405 12.6984
3.30978 8.6
3.31552 6.23256
3.32125 9.35417
3.32699 8.42105
3.33273 3.68627
3.33846 11.8684
3.3442 11.9194
3.34994 9
3.35567 15.4474
3.36141 14.9153
3.36714 8.45614
3.37288 11.8125
3.37862 9.68182
3.38435 13.0492
3.39009 10.9245
3.39582 7.52778
3.40156 6.2381
3.4073 7.18182
3.41303 5.04255
3.41877 6.1875
3.42451 10.0984
3.43024 9.44898
3.43598 5.63415
3.44171 10.6349
3.44745 11.125
3.45319 12.6429
3.45892 10.9455
3.46466 7.9661
3.4704 6.66
3.47613 6.04545
3.48187 5.53968
3.4876 10.2075
3.49334 9.05263
3.49908 4
3.50481 6.7193
3.51055 9.65957
3.51628 5.52
3.52202 9.40984
3.52776 4.59259
3.53349 9.19512
3.53923 6.06154
3.54497 8.92593
3.5507 9.35417
3.55644 8.30909
3.56217 18.1695
3.56791 21.4717
3.57365 25.6522
3.57938 25.0769
3.58512 18.8
3.59086 15.4474
3.59659 12.0149
3.60233 8.54237
3.60806 11.0784
3.6138 9.6875
3.61954 7.87302
3.62527 9.23214
3.63101 10.9024
3.63674 14.4179
3.64248 9.77586
3.64822 10.6042
3.65395 12.0526
3.65969 11.6721
3.66543 15.5091
3.67116 16.1739
3.6769 23.3016
3.68263 23.8689
3.68837 26.2895
3.69411 26.4058
3.69984 23.3729
3.70558 20.3019
3.71132 21.5294
3.71705 21.2154
3.72279 22.2679
3.72852 24.6279
3.73426 25.6716
3.74 29.7742
3.74573 24.32
3.75147 25.5893
3.7572 24.2063
3.76294 28.9831
3.76868 28.1591
3.77441 22.3134
3.78015 22.6102
3.78589 25.1064
3.79162 24.0156
3.79736 27.4762
3.80309 31.4286
3.80883 30.6863
3.81457 31.7231
3.8203 35.85
3.82604 36.3023
3.83178 37.2899
3.83751 43.5161
3.84325 45.4643
3.84898 52.7222
3.85472 57.9841
3.86046 70.1148
3.86619 92.3913
3.87193 85.9565
3.87766 138.754
3.8834 304.235
3.88914 281.583
3.89487 1242.72
3.90061 4434.45
3.90635 830.571
3.91208 1007.31
3.91782 633.578
3.92355 572.098
3.92929 592.577
3.93503 578.75
3.94076 465.339
3.9465 363.259
3.95224 257.134
3.95797 182.476
3.96371 148.304
3.96944 118.38
3.97518 95.2698
3.98092 81.0545
3.98665 73.4138
3.99239 62.5735
3.99812 52.9355
4.00386 49.9592
4.0096 44.3478
4.01533 41.625
4.02107 40.18
4.02681 37.9545
4.03254 34.1364
4.03828 34.3607
4.04401 32.2115
4.04975 29.169
4.05549 31.3231
4.06122 26.9565
4.06696 26.6667
4.0727 26.3478
4.07843 27.2
4.08417 25.0357
4.0899 23.6324
4.09564 20.3594
4.10138 23.3
4.10711 22.8333
4.11285 22.3939
4.11858 20.6071
4.12432 21.4194
4.13006 19.8841
4.13579 20.254
4.14153 19.3654
4.14727 20.6438
4.153 20.6269
4.15874 14.8864
4.16447 15.589
4.17021 14.8028
4.17595 17.0645
4.18168 19.2679
4.18742 23.0429
4.19316 18.8939
4.19889 14.88
4.20463 16.1081
4.21036 20.4706
4.2161 15.5167
4.22184 18.5517
4.22757 24.2466
4.23331 19.3134
4.23904 15.08
4.24478 18.4667
4.25052 18.1449
4.25625 13.6
4.26199 14.1406
4.26773 17.6944
4.27346 14.3182
4.2792 16.375
4.28493 18.4306
4.29067 17.1143
4.29641 17.25
4.30214 13.4211
4.30788 17.6
4.31362 19.2154
4.31935 14.0893
4.32509 19.3333
4.33082 16.3188
4.33656 16.56
4.3423 15.96
4.34803 16.7123
4.35377 18.8226
4.3595 17.2667
4.36524 19.0405
4.37098 18.8429
4.37671 19.2778
4.38245 22.7297
4.38819 22.7778
4.39392 23.0702
4.39966 23.6522
4.40539 22.9028
4.41113 23.6667
4.41687 21.3704
4.4226 24.7143
4.42834 25.6575
4.43408 25.6458
4.43981 28.8052
4.44555 33.2267
4.45128 33.3385
4.45702 36.2203
4.46276 43.9474
4.46849 47.0556
4.47423 52.1852
4.47996 93.3816
4.4857 169.662
4.49144 674.369
4.49717 621.921
4.50291 1015.08
4.50865 885.099
4.51438 352.154
4.52012 415.899
4.52585 255.8
4.53159 182.526
4.53733 190.414
4.54306 167.637
4.5488 146.299
4.55454 122.965
4.56027 108.175
4.56601 87.6757
4.57174 72.6923
4.57748 60.1026
4.58322 52.2308
4.58895 44.2985
4.59469 38.1639
4.60042 33.0633
4.60616 26.9333
4.6119 27.64
4.61763 25.3855
4.62337 23.013
4.62911 24.4127
4.63484 20.2812
4.64058 16.9512
4.64631 17.0417
4.65205 17.3214
4.65779 15.475
4.66352 20.5128
4.66926 17.541
4.675 12.0141
4.68073 15.4615
4.68647 10.863
4.6922 11.2759
4.69794 14.4568
4.70368 16.1299
4.70941 10.46
4.71515 11.0235
4.72088 14.1519
4.72662 14.5652
4.73236 11.4762
4.73809 14.6707
4.74383 13.5897
4.74957 13.0577
4.7553 14.2262
4.76104 14.0125
4.76677 12.0746
4.77251 15.0154
4.77825 11.8902
4.78398 11.64
4.78972 13.0714
4.79546 11.3529
4.80119 10.8861
4.80693 10.3077
4.81266 8.18571
4.8184 6.54762
4.82414 11.0411
4.82987 11.377
4.83561 8.5119
4.84134 9.9625
4.84708 8.39623
4.85282 9.24706
4.85855 6.54878
4.86429 6.90141
4.87003 8.01639
4.87576 8.3908
4.8815 5.12658
4.88723 10.2037
4.89297 8.30588
4.89871 8.36145
4.90444 15.8732
4.91018 11.2424
4.91592 8.54762
4.92165 5.39241
4.92739 4.52632
4.93312 5.74419
4.93886 8.47619
4.9446 4.92537
4.95033 7.11268
4.95607 5.74419
4.9618 7.24675
4.96754 6.01695
4.97328 5.55172
4.97901 4.48193
4.98475 5.93443
4.99049 6.38462
4.99622 8.05747
5.00196 3.43836
5.00769 9.7619
5.01343 4.86364
5.01917 3.74699
5.0249 3.26415
5.03064 6.25556
5.03638 9.12791
5.04211 8.62667
5.04785 10.0308
5.05358 7.43023
5.05932 9.24691
5.06506 8.74138
5.07079 5.89888
5.07653 7.45977
5.08226 9.11268
5.088 4.4
5.09374 4.57778
5.09947 8.07792
5.10521 5.80952
5.11095 6.61111
5.11668 9.24706
5.12242 6.34848
5.12815 3.23377
5.13389 9.05556
5.13963 8.76623
5.14536 6.68852
5.1511 9.13043
5.15684 6.12048
5.16257 10.9365
5.16831 5.88095
5.17404 5.96629
5.17978 10.7922
5.18552 6.42424
5.19125 10.5778
5.19699 8.6988
5.20272 11.661
5.20846 6.46739
5.2142 8.60674
5.21993 6.22368
5.22567 6.71014
5.23141 8.29348
5.23714 4.80247
5.24288 8.91803
5.24861 7.63441
5.25435 6.77528
5.26009 9.30986
5.26582 9.4079
5.27156 6.48352
5.2773 9.86076
5.28303 5.27692
5.28877 8
5.2945 7.8046
5.30024 7.58333
5.30598 7.10127
5.31171 6.06742
5.31745 8.60976
5.32318 6.76923
5.32892 9.68085
5.33466 8.87356
5.34039 9.40909
5.34613 10.0349
5.35187 8.50549
5.3576 6.91358
5.36334 8.39394
5.36907 7.27083
5.37481 6.17647
5.38055 7.78689
5.38628 5.78125
5.39202 7.16483
5.39776 5.825
5.40349 8.56338
5.40923 11.2812
5.41496 10.037
5.4207 11.1587
5.42644 9.60204
5.43217 7.62921
5.43791 10.4937
5.44364 5.85135
5.44938 6.69072
5.45512 6.23457
5.46085 4.93939
5.46659 6.90816
5.47233 6.47191
5.47806 6.75
5.4838 6.51852
5.48953 5.96774
5.49527 8.65476
5.50101 7.16418
5.50674 8.39796
5.51248 6.68539
5.51822 9.14865
5.52395 8.72289
5.52969 7.7957
5.53542 6.84706
5.54116 5.95588
5.5469 6.35354
5.55263 6.11236
5.55837 5.34722
5.5641 9.77528
5.56984 8.19355
5.57558 4.85714
5.58131 10.6849
5.58705 6.9798
5.59279 5.76136
5.59852 7.30159
5.60426 3.8
5.60999 3.54839
5.61573 6.28049
5.62147 5.75
5.6272 7.2268
5.63294 8.35632
5.63868 4.9697
5.64441 4.9505
5.65015 5.62366
5.65588 7.92857
5.66162 6.53247
5.66736 5.9596
5.67309 5.18605
5.67883 2.46377
5.68456 8.31683
5.6903 5.87778
5.69604 3.81707
5.70177 6.9759
5.70751 8.47368
5.71325 3.875
5.71898 7.97222
5.72472 8.51515
5.73045 5.02151
5.73619 4.81013
5.74193 5.59551
5.74766 6.49474
5.7534 8.53409
5.75914 7.6338
5.76487 6.67327
5.77061 7.11702
5.77634 8.58974
5.78208 6.06742
5.78782 9.21649
5.79355 7.81395
5.79929 8.56
5.80502 5
5.81076 7.77419
5.8165 4.36
5.82223 9.26042
5.82797 9.4433
5.83371 8.81395
5.83944 10.1519
5.84518 7.14141
5.85091 8.08333
5.85665 10.3077
5.86239 8.27619
5.86812 7.04082
5.87386 6.44186
5.8796 7.72152
5.88533 6.35644
5.89107 6.67391
5.8968 10.1014
5.90254 4.86667
5.90828 7.35354
5.91401 7.23529
5.91975 4.69512
5.92548 5.58586
5.93122 7.40426
5.93696 6.61644
5.94269 7.70476
5.94843 6.45833
5.95417 8.42045
5.9599 9.72941
5.96564 7.9596
5.97137 7.74468
5.97711 5.9863
5.98285 9.05825
5.98858 5.4898
5.99432 7.68235
6.00006 9.73333
6.00579 6.57576
6.01153 8.02151
6.01726 8.73333
6.023 9.7619
6.02874 9.10417
6.03447 8.01136
6.04021 9.56667
6.04594 8.35714
6.05168 12.2188
6.05742 9.81818
6.06315 12.2857
6.06889 9.57292
6.07463 9.05952
6.08036 9.42553
6.0861 8.58163
6.09183 8.78351
6.09757 6.61538
6.10331 7.61905
6.10904 10.4583
6.11478 9.84884
6.12052 9.88542
6.12625 11.79
6.13199 9.65957
6.13772 9.97561
6.14346 9.36275
6.1492 7.96
6.15493 7.3
6.16067 9.53922
6.1664 10.0408
6.17214 7.75532
6.17788 10.5714
6.18361 7.24272
6.18935 7.84848
6.19509 11.7703
6.20082 10.4954
6.20656 13.3137
6.21229 10.0938
6.21803 12.6951
6.22377 12.3302
6.2295 12.46
6.23524 13.56
6.24098 14.367
6.24671 11.7157
6.25245 10.1809
6.25818 12.7326
6.26392 11.1275
6.26966 14.1569
6.27539 15.0789
6.28113 13.8073
6.28686 14.3366
6.2926 14.7083
6.29834 16.2386
6.30407 13.7308
6.30981 17.0588
6.31555 16.7564
6.32128 17.2037
6.32702 19.6154
6.33275 20.4896
6.33849 21.6591
6.34423 26.6923
6.34996 29.6078
6.3557 33.1154
6.36144 32.5093
6.36717 41.6952
6.37291 65.6947
6.37864 69.3778
6.38438 78.2642
6.39012 81.3333
6.39585 91.6125
6.40159 108.278
6.40732 128.463
6.41306 147.702
6.4188 163.011
6.42453 170.377
6.43027 163.069
6.43601 144.085
6.44174 116.868
6.44748 84.6111
6.45321 63.8511
6.45895 51.9783
6.46469 38.5905
6.47042 34.9417
6.47616 29.6429
6.4819 29.8364
6.48763 25.6019
6.49337 23.3441
6.4991 23.1789
6.50484 23.1204
6.51058 19.4706
6.51631 20.0476
6.52205 16.3636
6.52778 16.8148
6.53352 15.1957
6.53926 15.8958
6.54499 14.1389
6.55073 11.9806
6.55647 12.0357
6.5622 14.3186
6.56794 13.2315
6.57367 11.2903
6.57941 10.9684
6.58515 9.36607
6.59088 12.4423
6.59662 14.5952
6.60236 11.4298
6.60809 12.1132
6.61383 11.5269
6.61956 12.8454
6.6253 11.2054
6.63104 13.451
6.63677 11.9186
6.64251 11.0526
6.64824 8.8785
6.65398 9.79121
6.65972 10.1667
6.66545 9.86607
6.67119 10.8173
6.67693 9.01163
6.68266 11.3966
6.6884 10.5463
6.69413 9.87912
6.69987 8.14563
6.70561 9.89286
6.71134 13.5962
6.71708 13.125
6.72282 12.8684
6.72855 10.75
6.73429 8.98876
6.74002 9.62264
6.74576 12.1913
6.7515 11.3107
6.75723 14.4607
6.76297 15.3793
6.7687 9.625
6.77444 11.9438
6.78018 12.4571
6.78591 11.2672
6.79165 12.2991
6.79739 7.93103
6.80312 12.0175
6.80886 9.9375
6.81459 9.2967
6.82033 10.3714
6.82607 10.0345
6.8318 6.72381
6.83754 8.43182
6.84328 9.02542
6.84901 10.0804
6.85475 9.47253
6.86048 8.24771
6.86622 11.181
6.87196 9.30841
6.87769 9.63218
6.88343 9.23729
6.88916 10.5614
6.8949 8.96552
6.90064 8.46903
6.90637 10.6316
6.91211 10
6.91785 7.42529
6.92358 8.02479
6.92932 10.3274
6.93505 7.47191
6.94079 9.89381
6.94653 10.0517
6.95226 13.0093
6.958 7.69231
6.96374 9.375
6.96947 8.97368
6.97521 6.25275
6.98094 9.04504
6.98668 9.62931
6.99242 8.91743
6.99815 9.94382
7.00389 8.33333
7.00962 9.18966
7.01536 7.21978
7.0211 10.2455
7.02683 9.23771
7.03257 7.31776
7.03831 8.1828
7.04404 7.97541
7.04978 11.6261
7.05551 9.82979
7.06125 7.99083
7.06699 10.418
7.07272 7.87156
7.07846 10.5281
7.0842 11.8607
7.08993 9.32759
7.09567 9.60215
7.1014 9.30973
7.10714 6.52101
7.11288 8.77064
7.11861 7
7.12435 8.50806
7.13008 9.79487
7.13582 9.61458
7.14156 10.3153
7.14729 11.6833
7.15303 11.6514
7.15877 12.9247
7.1645 9.66935
7.17024 9.69748
7.17597 12.8776
7.18171 10.9065
7.18745 10.8443
7.19318 12.1441
7.19892 10.2747
7.20466 10
7.21039 8.61539
7.21613 9.86
7.22186 6.74312
7.2276 9.44444
7.23334 8.7027
7.23907 8.04396
7.24481 8.13492
7.25054 11.7227
7.25628 8.99
7.26202 9.6036
7.26775 11.2541
7.27349 12.1081
7.27923 7.80645
7.28496 12.7937
7.2907 12.7563
7.29643 11.068
7.30217 10.2018
7.30791 10.8145
7.31364 10.3675
7.31938 9.58427
7.32512 11.8462
7.33085 11.4298
7.33659 12.0096
7.34232 11.819
7.34806 13.1231
7.3538 13.2162
7.35953 13.0645
7.36527 16.5781
7.371 11.562
7.37674 10.1731
7.38248 14.9725
7.38821 13.912
7.39395 13.3276
7.39969 15.4301
7.40542 17.1154
7.41116 18.2846
7.41689 19.1887
7.42263 21.9346
7.42837 22.7063
7.4341 21.1849
7.43984 25.764
7.44558 28.6866
7.45131 31.9174
7.45705 32.7273
7.46278 56.7961
7.46852 116.246
7.47426 256.051
7.47999 308.322
7.48573 332.886
7.49146 172.216
7.4972 137.782
7.50294 117.467
7.50867 119.32
7.51441 124.765
7.52015 129.308
7.52588 139.985
7.53162 142.856
7.53735 145.277
7.54309 137.68
7.54883 121.477
7.55456 97.3866
7.5603 76.3596
7.56604 64.5075
7.57177 49.968
7.57751 40.2931
7.58324 36.0874
7.58898 29.7176
7.59472 27.8115
7.60045 22.91
7.60619 24.6748
7.61192 20.6512
7.61766 19.8621
7.6234 17.6139
7.62913 16.1818
7.63487 16.5289
7.64061 12.9608
7.64634 13.0976
7.65208 15.1085
7.65781 15.6356
7.66355 12.5918
7.66929 15.3556
7.67502 12.7016
7.68076 13.2264
7.6865 10.958
7.69223 12.7328
7.69797 12.5424
7.7037 11.6238
7.70944 13.597
7.71518 13.2276
7.72091 12.0364
7.72665 15.3162
7.73238 13.7752
7.73812 15.7787
7.74386 12.0103
7.74959 16.4275
7.75533 12.736
7.76107 15.1429
7.7668 10.887
7.77254 12.9695
7.77827 14.9508
7.78401 13.2323
7.78975 15.3556
7.79548 15.1484
7.80122 16.4569
7.80696 19.2703
7.81269 17.4361
7.81843 28.2177
7.82416 27.8
7.8299 28.0214
7.83564 30.9449
7.84137 30.1897
7.84711 35.7297
7.85284 38.6412
7.85858 44.9453
7.86432 49.7216
7.87005 46.5683
7.87579 46.7031
7.88153 42.1639
7.88726 34.2243
7.893 30.5556
7.89873 19.25
7.90447 18.6373
7.91021 16.7068
7.91594 16.2061
7.92168 13.6833
7.92742 13.6762
7.93315 12.4891
7.93889 10.0159
7.94462 9.13158
7.95036 11.6475
7.9561 12.5227
7.96183 8.88095
7.96757 9.87619
7.9733 10.8832
7.97904 8.03077
7.98478 11.9821
7.99051 7.808
7.99625 7.69173
8.00199 9.70968
8.00772 9.77228
8.01346 7.2446
8.01919 8.19697
8.02493 9.69491
8.03067 10.1053
8.0364 7.22794
8.04214 12.4766
8.04788 11.6408
8.05361 9.93525
8.05935 7.66176
8.06508 6.95763
8.07082 7.82051
8.07656 8.50365
8.08229 8.25781
8.08803 10.7172
8.09376 8.95804
8.0995 7.98485
8.10524 9.32787
8.11097 8.66372
8.11671 6.35766
8.12245 8.79845
8.12818 8.02679
8.13392 7.2197
8.13965 6.71739
8.14539 7.66935
8.15113 7.73874
8.15686 6.73723
8.1626 5.18939
8.16834 6.34746
8.17407 8.42064
8.17981 5.47761
8.18554 7.78462
8.19128 5.42056
8.19702 3.79137
8.20275 2.14179
8.20849 3.41525
8.21422 2.56452
8.21996 2.4058
8.2257 0.6875
8.23143 0.878505
8.23717 -0.867133
8.24291 2.62963
8.24864 -1.72727
8.25438 3.47368
8.26011 3
8.26585 -6.44444
8.27159 0
8.27732 0
8.28306 0
8.2888 0
8.29453 0
8.30027 0
8.306 0
8.31174 0
8.31748 0
8.32321 0
8.32895 0
8.33468 0
8.34042 0
8.34616 0
8.35189 0
8.35763 0
8.36337 0
8.3691 0
8.37484 0
8.38057 0
8.38631 0
8.39205 0
8.39778 0
8.40352 0
8.40926 0
8.41499 0
8.42073 0
8.42646 0
8.4322 0
8.43794 0
8.44367 0
8.44941 0
8.45514 0
8.46088 0
8.46662 0
8.47235 0
8.47809 0
8.48383 0
8.48956 0
8.4953 0
8.50103 0
8.50677 0
8.51251 0
8.51824 0
8.52398 0
8.52972 0
8.53545 0
8.54119 0
8.54692 0
8.55266 0
8.5584 0
8.56413 0
8.56987 0
8.5756 0
8.58134 0
8.58708 0
8.59281 0
8.59855 0
8.60429 0
8.61002 0
8.61576 0
8.62149 0
8.62723 0
8.63297 0
8.6387 0
8.64444 0
8.65018 0
8.65591 0
8.66165 0
8.66738 0
8.67312 0
8.67886 0
8.68459 0
8.69033 0
8.69606 0
8.7018 0
8.70754 0
8.71327 0
8.71901 0
8.72475 0
8.73048 0
8.73622 0
8.74195 0
8.74769 0
8.75343 0
8.75916 0
8.7649 0
8.77064 0
8.77637 0
8.78211 0
8.78784 0
8.79358 0
8.79932 0
8.80505 0
8.81079 0
8.81652 0
8.82226 0
8.828 0
8.83373 0
8.83947 0
8.84521 0
8.85094 0
8.85668 0
8.86241 0
8.86815 0
8.87389 0
8.87962 0
8.88536 0
8.8911 0
8.89683 0
8.90257 0
8.9083 0
8.91404 0
8.91978 0
8.92551 0
8.93125 0
8.93698 0
8.94272 0
8.94846 0
8.95419 0
8.95993 0
8.96567 0
8.9714 0
8.97714 0
8.98287 0
8.98861 0
8.99435 0
9.00008 0
9.00582 0
9.01156 0
9.01729 0
9.02303 0
9.02876 0
9.0345 0
9.04024 0
9.04597 0
9.05171 0
9.05744 0
9.06318 0
9.06892 0
9.07465 0
9.08039 0
9.08613 0
9.09186 0
9.0976 0
9.10333 0
9.10907 0
9.11481 0
9.12054 0
9.12628 0
9.13202 0
9.13775 0
9.14349 0
9.14922 0
9.15496 0
9.1607 0
9.16643 0
9.17217 0
9.1779 0
9.18364 0
9.18938 0
9.19511 0
9.20085 0
9.20659 0
9.21232 0
9.21806 0
9.22379 0
9.22953 0
9.23527 0
9.241 0
9.24674 0
9.25248 0
9.25821 0
9.26395 0
9.26968 0
9.27542 0
9.28116 0
9.28689 0
9.29263 0
9.29836 0
9.3041 0
9.30984 0
9.31557 0
9.32131 0
9.32705 0
9.33278 0
9.33852 0
9.34425 0
9.34999 0
9.35573 0
9.36146 0
9.3672 0
9.37294 0
9.37867 0
9.38441 0
9.39014 0
9.39588 0
9.40162 0
9.40735 0
9.41309 0
9.41882 0
9.42456 0
9.4303 0
9.43603 0
9.44177 0
9.44751 0
9.45324 0
9.45898 0
9.46471 0
9.47045 0
9.47619 0
9.48192 0
9.48766 0
9.4934 0
9.49913 0
9.50487 0
9.5106 0
9.51634 0
9.52208 0
9.52781 0
9.53355 0
9.53928 0
9.54502 0
9.55076 0
9.55649 0
9.56223 0
9.56797 0
9.5737 0
9.57944 0
9.58517 0
9.59091 0
9.59665 0
9.60238 0
9.60812 0
9.61386 0
9.61959 0
9.62533 0
9.63106 0
9.6368 0
9.64254 0
9.64827 0
9.65401 0
9.65974 0
9.66548 0
9.67122 0
9.67695 0
9.68269 0
9.68843 0
9.69416 0
9.6999 0
9.70563 0
9.71137 0
9.71711 0
9.72284 0
9.72858 0
9.73432 0
9.74005 0
9.74579 0
9.75152 0
9.75726 0
9.763 0
9.76873 0
9.77447 0
9.7802 0
9.78594 0
9.79168 0
9.79741 0
9.80315 0
9.80889 0
9.81462 0
9.82036 0
9.82609 0
9.83183 0
9.83757 0
9.8433 0
9.84904 0
9.85478 0
9.86051 0
9.86625 0
9.87198 0
9.87772 0
9.88346 0
9.88919 0
9.89493 0
9.90066 0
9.9064 0
9.91214 0
9.91787 0
9.92361 0
9.92935 0
9.93508 0
9.94082 0
9.94655 0
9.95229 0
9.95803 0
9.96376 0
9.9695 0
9.97524 0
9.98097 0
9.98671 0
9.99244 0
9.99818 0
10.0039 0
10.0097 0
10.0154 0
10.0211 0
10.0269 0
10.0326 0
10.0383 0
10.0441 0
10.0498 0
10.0555 0
10.0613 0
10.067 0
10.0728 0
10.0785 0
10.0842 0
10.09 0
10.0957 0
10.1014 0
10.1072 0
10.1129 0
10.1186 0
10.1244 0
10.1301 0
10.1358 0
10.1416 0
10.1473 0
10.1531 0
10.1588 0
10.1645 0
10.1703 0
10.176 0
10.1817 0
10.1875 0
10.1932 0
10.1989 0
10.2047 0
10.2104 0
10.2162 0
10.2219 0
10.2276 0
10.2334 0
10.2391 0
10.2448 0
10.2506 0
10.2563 0
10.262 0
10.2678 0
10.2735 0
10.2793 0
10.285 0
10.2907 0
10.2965 0
10.3022 0
10.3079 0
10.3137 0
10.3194 0
10.3251 0
10.3309 0
10.3366 0
10.3424 0
10.3481 0
10.3538 0
10.3596 0
10.3653 0
10.371 0
10.3768 0
10.3825 0
10.3882 0
10.394 0
10.3997 0
10.4054 0
10.4112 0
10.4169 0
10.4227 0
10.4284 0
10.4341 0
10.4399 0
10.4456 0
10.4513 0
10.4571 0
10.4628 0
10.4685 0
10.4743 0
10.48 0
10.4858 0
10.4915 0
10.4972 0
10.503 0
10.5087 0
10.5144 0
10.5202 0
10.5259 0
10.5316 0
10.5374 0
10.5431 0
10.5489 0
10.5546 0
10.5603 0
10.5661 0
10.5718 0
10.5775 0
10.5833 0
10.589 0
10.5947 0
10.6005 0
10.6062 0
10.612 0
10.6177 0
10.6234 0
10.6292 0
10.6349 0
10.6406 0
10.6464 0
10.6521 0
10.6578 0
10.6636 0
10.6693 0
10.6751 0
10.6808 0
10.6865 0
10.6923 0
10.698 0
10.7037 0
10.7095 0
10.7152 0
10.7209 0
10.7267 0
10.7324 0
10.7381 0
10.7439 0
10.7496 0
10.7554 0
10.7611 0
10.7668 0
10.7726 0
10.7783 0
10.784 0
10.7898 0
10.7955 0
10.8012 0
10.807 0
10.8127 0
10.8185 0
10.8242 0
10.8299 0
10.8357 0
10.8414 0
10.8471 0
10.8529 0
10.8586 0
10.8643 0
10.8701 0
10.8758 0
10.8816 0
10.8873 0
10.893 0
10.8988 0
10.9045 0
10.9102 0
10.916 0
10.9217 0
10.9274 0
10.9332 0
10.9389 0
10.9447 0
10.9504 0
10.9561 0
10.9619 0
10.9676 0
10.9733 0
10.9791 0
10.9848 0
10.9905 0
10.9963 0
11.002 0
11.0077 0
11.0135 0
11.0192 0
11.025 0
11.0307 0
11.0364 0
11.0422 0
11.0479 0
11.0536 0
11.0594 0
11.0651 0
11.0708 0
11.0766 0
11.0823 0
11.0881 0
11.0938 0
11.0995 0
11.1053 0
11.111 0
11.1167 0
11.1225 0
11.1282 0
11.1339 0
11.1397 0
11.1454 0
11.1512 0
11.1569 0
11.1626 0
11.1684 0
11.1741 0
11.1798 0
11.1856 0
11.1913 0
11.197 0
11.2028 0
11.2085 0
11.2143 0
11.22 0
11.2257 0
11.2315 0
11.2372 0
11.2429 0
11.2487 0
11.2544 0
11.2601 0
11.2659 0
11.2716 0
11.2774 0
11.2831 0
11.2888 0
11.2946 0
11.3003 0
11.306 0
11.3118 0
11.3175 0
11.3232 0
11.329 0
11.3347 0
11.3404 0
11.3462 0
11.3519 0
11.3577 0
11.3634 0
11.3691 0
11.3749 0
11.3806 0
11.3863 0
11.3921 0
11.3978 0
11.4035 0
11.4093 0
11.415 0
11.4208 0
11.4265 0
11.4322 0
11.438 0
11.4437 0
11.4494 0
11.4552 0
11.4609 0
11.4666 0
11.4724 0
11.4781 0
11.4839 0
11.4896 0
11.4953 0
11.5011 0
11.5068 0
11.5125 0
11.5183 0
11.524 0
11.5297 0
11.5355 0
11.5412 0
11.547 0
11.5527 0
11.5584 0
11.5642 0
11.5699 0
11.5756 0
11.5814 0
11.5871 0
11.5928 0
11.5986 0
11.6043 0
11.61 0
11.6158 0
11.6215 0
11.6273 0
11.633 0
11.6387 0
11.6445 0
11.6502 0
11.6559 0
11.6617 0
11.6674 0
11.6731 0
11.6789 0
11.6846 0
11.6904 0
11.6961 0
11.7018 0
11.7076 0
11.7133 0
11.719 0
11.7248 0
11.7305 0
11.7362 0
11.742 0
