0 -15
0.00573619 23
0.0114724 -4
0.0172086 0
0.0229448 30
0.028681 -13
0.0344171 0
0.0401533 14
0.0458895 15
0.0516257 -10
0.0573619 0
0.0630981 -2
0.0688343 7
0.0745705 0
0.0803067 5
0.0860429 -14
0.091779 0
0.0975152 12.6667
0.103251 8
0.108988 -6
0.114724 0
0.12046 17
0.126196 8.66667
0.131932 0
0.137669 -3.33333
0.143405 -3
0.149141 15
0.154877 1.5
0.160613 -4.33333
0.16635 9.66667
0.172086 0
0.177822 -9.66667
0.183558 6.4
0.189294 0
0.19503 -7
0.200767 -1.6
0.206503 -2.66667
0.212239 -1.5
0.217975 12.2
0.223711 -1.2
0.229448 0
0.235184 2
0.24092 7.2
0.246656 0
0.252392 7.2
0.258129 24
0.263865 5.2
0.269601 0
0.275337 18
0.281073 15.8571
0.28681 0
0.292546 9.85714
0.298282 6.14286
0.304018 6
0.309754 -2
0.31549 5
0.321227 9.14286
0.326963 0
0.332699 8.85714
0.338435 3.57143
0.344171 0
0.349908 3.71429
0.355644 11
0.36138 1
0.367116 11.5
0.372852 3.77778
0.378589 4.71429
0.384325 11
0.390061 5.44444
0.395797 12.2222
0.401533 0
0.40727 12.3333
0.413006 6.88889
0.418742 0
0.424478 10
0.430214 10.1111
0.43595 4.55556
0.441687 0
0.447423 15.8889
0.453159 10.2222
0.458895 13.6667
0.464631 8.57143
0.470368 23.2727
0.476104 11.4444
0.48184 12
0.487576 9.63636
0.493312 17.7273
0.499049 0
0.504785 9.72727
0.510521 18.1818
0.516257 15.6
0.521993 8.16667
0.52773 10.1818
0.533466 9.44444
0.539202 31.5
0.544938 13.7273
0.550674 11.0909
0.55641 0
0.562147 11.4615
0.567883 12.3077
0.573619 29
0.579355 24.5
0.585091 10.4615
0.590828 22
0.596564 19
0.6023 115.462
0.608036 75
0.613772 36.8
0.619509 16.625
0.625245 23.6923
0.630981 9.77778
0.636717 13.5
0.642453 9.15385
0.64819 16.1538
0.653926 22
0.659662 17.3333
0.665398 9.53333
0.671134 7.42857
0.67687 17.5
0.682607 11.4
0.688343 14
0.694079 5.75
0.699815 17.9333
0.705551 7.53333
0.711288 29
0.717024 14.1429
0.72276 13.4
0.728496 11.7778
0.734232 16.6667
0.739969 14.3125
0.745705 9.92308
0.751441 7.5
0.757177 21.5294
0.762913 10.6471
0.76865 17
0.774386 20.0833
0.780122 3.35294
0.785858 14.0909
0.791594 10.1667
0.79733 10.5294
0.803067 4.26667
0.808803 3.5
0.814539 23.1765
0.820275 9.94118
0.826011 15.5556
0.831748 16.75
0.837484 11.7778
0.84322 16.6923
0.848956 19.1667
0.854692 10.3158
0.860429 15
0.866165 3.8
0.871901 9.1875
0.877637 16.3158
0.883373 20.8182
0.88911 18.5
0.894846 9.68421
0.900582 9.4
0.906318 15
0.912054 14.3684
0.91779 17.1176
0.923527 14.7778
0.929263 14.2308
0.934999 9.7619
0.940735 7.76923
0.946471 10
0.952208 12.7619
0.957944 12
0.96368 6.5
0.969416 13.3333
0.975152 14.2632
0.980889 19.2727
0.986625 11.5833
0.992361 12.0476
0.998097 18.2
1.00383 8.5
1.00957 12.0952
1.01531 6.35294
1.02104 17.5
1.02678 12.5882
1.03251 13.5238
1.03825 20.1538
1.04399 17.25
1.04972 10.3043
1.05546 15.8824
1.0612 11
1.06693 6.6087
1.07267 11.4737
1.0784 14.5385
1.08414 9.21429
1.08988 9.04348
1.09561 5.2
1.10135 13.625
1.10708 6.56522
1.11282 9.88235
1.11856 22.2857
1.12429 11.32
1.13003 8.04762
1.13577 16.5333
1.1415 19.3571
1.14724 5.92
1.15297 13.8667
1.15871 10.5
1.16445 10.48
1.17018 10.1579
1.17592 11.6923
1.18166 7.83333
1.18739 11.1304
1.19313 15.8667
1.19886 11.8333
1.2046 11.96
1.21034 9.22222
1.21607 1.66667
1.22181 6.44444
1.22754 13.2857
1.23328 11.5294
1.23902 9.4375
1.24475 4.4
1.25049 9.41177
1.25623 9.25
1.26196 11.1852
1.2677 12
1.27343 7.92308
1.27917 8
1.28491 15.1739
1.29064 2.82353
1.29638 9.5
1.30212 12.2222
1.30785 10
1.31359 9.33333
1.31932 9.27586
1.32506 16.5238
1.3308 16.3529
1.33653 12.1
1.34227 15
1.348 13.7368
1.35374 15.7857
1.35948 10.8148
1.36521 9.66667
1.37095 22.8
1.37669 13.4138
1.38242 9.3913
1.38816 13.8824
1.39389 14.7895
1.39963 11.9259
1.40537 7.8
1.4111 19.7857
1.41684 11.6207
1.42258 3.04348
1.42831 20.1176
1.43405 10.3333
1.43978 3.4
1.44552 12.5714
1.45126 6.75
1.45699 10.4828
1.46273 11.0952
1.46846 14.25
1.4742 8.93548
1.47994 14.2609
1.48567 12.55
1.49141 12.8095
1.49715 14.8148
1.50288 7.95652
1.50862 15.3125
1.51435 10.931
1.52009 11.16
1.52583 11.1333
1.53156 13.1333
1.5373 15.4
1.54304 7.04762
1.54877 9.75
1.55451 19.4483
1.56024 14.7391
1.56598 14.2143
1.57172 6.6129
1.57745 8.84
1.58319 6.35
1.58892 10.52
1.59466 17.963
1.6004 9.44
1.60613 19.6667
1.61187 8
1.61761 9.16
1.62334 13.5714
1.62908 17.7273
1.63481 10.7778
1.64055 13.087
1.64629 6.5
1.65202 14.2759
1.65776 9.96
1.6635 18.875
1.66923 10.9677
1.67497 11.3929
1.6807 13.05
1.68644 11.4643
1.69218 13.931
1.69791 20.84
1.70365 12.0909
1.70938 12.5161
1.71512 13.4815
1.72086 9.1875
1.72659 16.2727
1.73233 16.6207
1.73807 15.5217
1.7438 9.73077
1.74954 14.7586
1.75527 9.07407
1.76101 13.2105
1.76675 17.1515
1.77248 14.1429
1.77822 7.1
1.78396 14.4333
1.78969 14.9355
1.79543 9.07407
1.80116 17.375
1.8069 17.0968
1.81264 15.6552
1.81837 9.61111
1.82411 12.3143
1.82984 9.68966
1.83558 18.48
1.84132 11.7308
1.84705 9.48387
1.85279 13.7037
1.85853 16
1.86426 15.4242
1.87 13.8667
1.87573 12.5
1.88147 18.6286
1.88721 12.6667
1.89294 14.5185
1.89868 7.46154
1.90442 16.6061
1.91015 21.129
1.91589 18.4
1.92162 19.8571
1.92736 22.3226
1.9331 25.36
1.93883 24.1786
1.94457 18
1.9503 21.3
1.95604 17.0417
1.96178 18.7059
1.96751 15.3438
1.97325 15.75
1.97899 14.4865
1.98472 15.5758
1.99046 14.1034
1.99619 12.3462
2.00193 15.3143
2.00767 13.3226
2.0134 18.6667
2.01914 18.3429
2.02488 13.4545
2.03061 16.08
2.03635 14.625
2.04208 15.7353
2.04782 13.9375
2.05356 15.4583
2.05929 18.4722
2.06503 16.6
2.07076 18.9545
2.0765 15.5135
2.08224 17.3429
2.08797 17.2759
2.09371 17.2143
2.09945 17
2.10518 17.0909
2.11092 15.125
2.11665 17.8649
2.12239 18.0286
2.12813 23.5652
2.13386 18.1389
2.1396 13.8889
2.14534 23.125
2.15107 16.5385
2.15681 16.5
2.16254 25.2973
2.16828 14.5909
2.17402 15.5641
2.17975 23.0811
2.18549 14.129
2.19122 22.1667
2.19696 21.3784
2.2027 21.6
2.20843 15.875
2.21417 31.8205
2.21991 99.6487
2.22564 50.1818
2.23138 77.675
2.23711 38.9211
2.24285 24.5588
2.24859 26.5714
2.25432 22.9231
2.26006 20.8974
2.2658 15.7727
2.27153 20.5854
2.27727 18.7692
2.283 13.6452
2.28874 21.7812
2.29448 21.2308
2.30021 22.3243
2.30595 14.3077
2.31168 17.8718
2.31742 20.0513
2.32316 15.3182
2.32889 17.8333
2.33463 17.125
2.34037 20.6111
2.3461 19.3214
2.35184 19.186
2.35757 21.4865
2.36331 18.2308
2.36905 19.8537
2.37478 23.5366
2.38052 25.3871
2.38626 24.2059
2.39199 21.3721
2.39773 21.4324
2.40346 25.1154
2.4092 23.9535
2.41494 16.5
2.42067 19.3182
2.42641 16.3636
2.43214 14.5952
2.43788 20.8286
2.44362 22.125
2.44935 13.5111
2.45509 16.3846
2.46083 15.9231
2.46656 18.9111
2.4723 13.9024
2.47803 16.3448
2.48377 15.225
2.48951 16.1163
2.49524 21.1538
2.50098 14.1154
2.50672 20.1304
2.51245 21.6905
2.51819 18.125
2.52392 15.9565
2.52966 16.3182
2.5354 16.6667
2.54113 17.4444
2.54687 19.8
2.5526 15.2683
2.55834 18.1538
2.56408 18.3191
2.56981 15.8837
2.57555 20.9655
2.58129 18.6429
2.58702 21.3333
2.59276 20.3243
2.59849 18.625
2.60423 19.9783
2.60997 19.5227
2.6157 17.4167
2.62144 19.7292
2.62718 12.8511
2.63291 15.8286
2.63865 19.1111
2.64438 16.4894
2.65012 15.3171
2.65586 19.1
2.66159 17.8298
2.66733 15.4444
2.67306 15.24
2.6788 18.5625
2.68454 16.6596
2.69027 18.0513
2.69601 23.0606
2.70175 10.7708
2.70748 14.2667
2.71322 22.037
2.71895 21.5417
2.72469 20.4286
2.73043 15.2286
2.73616 20.0526
2.7419 13.4694
2.74764 18.0465
2.75337 17.6333
2.75911 19.1633
2.76484 17.8571
2.77058 21.2917
2.77632 23.0204
2.78205 21.16
2.78779 17.5897
2.79352 18.4857
2.79926 18.9423
2.805 19.4444
2.81073 22.3704
2.81647 19.9623
2.82221 15.7143
2.82794 21.6486
2.83368 18.8421
2.83941 17.8302
2.84515 24.2439
2.85089 18.0938
2.85662 21.0377
2.86236 19.102
2.8681 17.5
2.87383 18.3585
2.87957 16.2
2.8853 23.2195
2.89104 15.1622
2.89678 20.5577
2.90251 21.5556
2.90825 18.6897
2.91398 21.2364
2.91972 16.3529
2.92546 24.2703
2.93119 24.0238
2.93693 19.3396
2.94267 19.1778
2.9484 18.0938
2.95414 22.0566
2.95987 21.8163
2.96561 22.9231
2.97135 21.25
2.97708 25.6296
2.98282 18
2.98856 21.5641
2.99429 23.2037
3.00003 23.3404
3.00576 17.5625
3.0115 20.9273
3.01724 20.717
3.02297 18.7838
3.02871 19.6364
3.03444 20.1636
3.04018 20.3333
3.04592 17.5588
3.05165 24.4727
3.05739 21.6863
3.06313 20.7241
3.06886 21.9107
3.0746 22.1091
3.08033 22.0227
3.08607 27.8919
3.09181 24.875
3.09754 23.9184
3.10328 23.25
3.10902 25.4068
3.11475 22.9434
3.12049 24.5897
3.12622 21.9348
3.13196 22.1091
3.1377 21.4681
3.14343 21.6667
3.14917 25.386
3.1549 29.8235
3.16064 25.6207
3.16638 27.0167
3.17211 22.5636
3.17785 26.8182
3.18359 27.7073
3.18932 23.7458
3.19506 23.7959
3.20079 24
3.20653 21.3559
3.21227 27.9245
3.218 23.2195
3.22374 26.3958
3.22948 25.6949
3.23521 28.6667
3.24095 23.5789
3.24668 26.7
3.25242 26.3962
3.25816 30.2647
3.26389 27.8246
3.26963 26.5439
3.27536 27.4348
3.2811 23.561
3.28684 25.3279
3.29257 27.7347
3.29831 21.8611
3.30405 30.5556
3.30978 26.3091
3.31552 27.0698
3.32125 27.8542
3.32699 30.3684
3.33273 28.6078
3.33846 25.0263
3.3442 29.7903
3.34994 28.7843
3.35567 31.5263
3.36141 31.8644
3.36714 28.4211
3.37288 31.1458
3.37862 31.7727
3.38435 29.8197
3.39009 28
3.39582 31
3.40156 28.5238
3.4073 31.5091
3.41303 29.7447
3.41877 32.25
3.42451 30.3279
3.43024 35.0408
3.43598 33.9024
3.44171 34.7143
3.44745 35.9107
3.45319 30.5714
3.45892 32.4545
3.46466 29.7458
3.4704 29.28
3.47613 27.9091
3.48187 29.2698
3.4876 34
3.49334 34.6053
3.49908 31.9552
3.50481 32.8947
3.51055 32.8298
3.51628 33.88
3.52202 33.623
3.52776 36.7778
3.53349 33.0976
3.53923 35.6154
3.54497 39.3519
3.5507 39.8542
3.55644 46
3.56217 47.2712
3.56791 41.6604
3.57365 40.7826
3.57938 37.9385
3.58512 40.7273
3.59086 37.1316
3.59659 40.4776
3.60233 36.2542
3.60806 39.2549
3.6138 38.7083
3.61954 41.1746
3.62527 42.4643
3.63101 40.5122
3.63674 40.3284
3.64248 40.3966
3.64822 44.625
3.65395 47.6667
3.65969 45.9672
3.66543 49.6364
3.67116 50.2174
3.6769 49.3492
3.68263 50.3115
3.68837 48.0789
3.69411 52.6087
3.69984 48.3051
3.70558 54.2642
3.71132 51.8627
3.71705 55.7538
3.72279 53.625
3.72852 51.7907
3.73426 54.5821
3.74 54.371
3.74573 52.14
3.75147 53.6071
3.7572 53.5714
3.76294 56.678
3.76868 62
3.77441 58.8507
3.78015 61.3729
3.78589 57.3191
3.79162 66.6719
3.79736 66.7619
3.80309 71.3393
3.80883 73.7255
3.81457 73.4308
3.8203 74.7833
3.82604 83.6512
3.83178 84.4493
3.83751 91.7097
3.84325 107.018
3.84898 133.611
3.85472 228.254
3.86046 284.213
3.86619 342.87
3.87193 333.623
3.87766 295.885
3.8834 214.118
3.88914 262.017
3.89487 287.585
3.90061 335.217
3.90635 352.837
3.91208 345.567
3.91782 292.328
3.92355 241.512
3.92929 198.127
3.93503 157.812
3.94076 134.61
3.9465 119.463
3.95224 104.284
3.95797 92.873
3.96371 88.3478
3.96944 81.7465
3.97518 75.0317
3.98092 73.3455
3.98665 70.7414
3.99239 73.7353
3.99812 67.7581
4.00386 67.1837
4.0096 62.4058
4.01533 64.2188
4.02107 63.76
4.02681 59.8788
4.03254 59.3182
4.03828 57.082
4.04401 57.5962
4.04975 59.1831
4.05549 57.8308
4.06122 55.9783
4.06696 59.0435
4.0727 56.1304
4.07843 52.9
4.08417 55.8214
4.0899 53.1029
4.09564 59.9531
4.10138 53.14
4.10711 58.1806
4.11285 53.803
4.11858 55.7321
4.12432 53.6613
4.13006 51.7391
4.13579 48.7302
4.14153 52.0385
4.14727 49
4.153 54.2239
4.15874 51.8636
4.16447 51.4384
4.17021 49.9014
4.17595 51.0161
4.18168 54.4464
4.18742 54.8429
4.19316 54.5152
4.19889 53.18
4.20463 58.4189
4.21036 53.6324
4.2161 53.8
4.22184 54.6379
4.22757 53.3562
4.23331 55.5373
4.23904 55.18
4.24478 51.4133
4.25052 53.9855
4.25625 50.3636
4.26199 53.8438
4.26773 48.5556
4.27346 52.7576
4.2792 52.875
4.28493 55.7361
4.29067 57.9857
4.29641 55.875
4.30214 61.9342
4.30788 81.5714
4.31362 201.385
4.31935 80.375
4.32509 438.333
4.33082 152.406
4.33656 80.5
4.3423 71.6267
4.34803 71.2192
4.35377 73.8064
4.3595 73.7
4.36524 79.7973
4.37098 77.5
4.37671 81.0926
4.38245 86.3919
4.38819 87.625
4.39392 92.2281
4.39966 99.1594
4.40539 108.181
4.41113 127.13
4.41687 134.648
4.4226 160.507
4.42834 223.521
4.43408 379.021
4.43981 635.883
4.44555 2517.63
4.45128 9864.42
4.45702 5204.03
4.46276 6400.7
4.46849 2653.76
4.47423 726.056
4.47996 622.382
4.4857 357.743
4.49144 251.6
4.49717 223.27
4.50291 206.935
4.50865 183.028
4.51438 177.404
4.52012 168.316
4.52585 146.107
4.53159 130.807
4.53733 121.643
4.54306 105.713
4.5488 93.2388
4.55454 83.4561
4.56027 82.7
4.56601 74.3649
4.57174 70.3654
4.57748 70.4872
4.58322 62.3077
4.58895 59.6418
4.59469 57.5246
4.60042 53.557
4.60616 51.52
4.6119 53.12
4.61763 54.4217
4.62337 49.7013
4.62911 54.0317
4.63484 46.4688
4.64058 42.9024
4.64631 43.5139
4.65205 40.9643
4.65779 45.675
4.66352 42.0513
4.66926 39.3934
4.675 40.8451
4.68073 40.7179
4.68647 38.6849
4.6922 40.1897
4.69794 36.4074
4.70368 34.8961
4.70941 35.72
4.71515 40.9059
4.72088 37.6329
4.72662 41.4203
4.73236 39.5556
4.73809 36.6341
4.74383 39.5256
4.74957 38.9615
4.7553 36.2143
4.76104 33.6875
4.76677 36.8209
4.77251 35.2308
4.77825 33.8171
4.78398 37.12
4.78972 33.2143
4.79546 33.5412
4.80119 29.6709
4.80693 31.7385
4.81266 31.8286
4.8184 29.8571
4.82414 31.2466
4.82987 30.377
4.83561 28.2262
4.84134 29.25
4.84708 37
4.85282 28.2824
4.85855 34.5854
4.86429 33.8169
4.87003 33.1148
4.87576 32.3793
4.8815 28.9114
4.88723 27.4074
4.89297 30.9529
4.89871 31.9036
4.90444 30.7887
4.91018 25.7424
4.91592 28.2381
4.92165 28.519
4.92739 27.4561
4.93312 26.814
4.93886 30.9524
4.9446 31.4776
4.95033 27.4648
4.95607 26.4535
4.9618 27.4675
4.96754 28.1186
4.97328 32.4138
4.97901 28.8916
4.98475 29.2951
4.99049 27.9487
4.99622 29.7471
5.00196 30.0137
5.00769 28.381
5.01343 25.0455
5.01917 27.2289
5.0249 26.0566
5.03064 26.1222
5.03638 25.7674
5.04211 25.1333
5.04785 29.7692
5.05358 31.2907
5.05932 23.4444
5.06506 30.6897
5.07079 22.9101
5.07653 26.4598
5.08226 29.1268
5.088 25.8
5.09374 25.8444
5.09947 25.7662
5.10521 27.2857
5.11095 25.0667
5.11668 27.8588
5.12242 23.8333
5.12815 29.1818
5.13389 27.4111
5.13963 22.2597
5.14536 26.0164
5.1511 25.2717
5.15684 26.3133
5.16257 25.5556
5.16831 28.25
5.17404 24.4494
5.17978 26.6883
5.18552 25.9848
5.19125 25.1444
5.19699 28.0241
5.20272 21.8305
5.20846 24.7935
5.2142 22.9101
5.21993 24.5263
5.22567 25.6812
5.23141 24.9348
5.23714 22.6173
5.24288 23.8197
5.24861 25.828
5.25435 24.4831
5.26009 19.1268
5.26582 22.3816
5.27156 25.011
5.2773 22.2405
5.28303 26.6308
5.28877 23.2766
5.2945 25.908
5.30024 23.4861
5.30598 24.2532
5.31171 24.6404
5.31745 24.7927
5.32318 23.7077
5.32892 27.9681
5.33466 23.7126
5.34039 23.4242
5.34613 22.686
5.35187 24.4835
5.3576 22.9259
5.36334 24.2424
5.36907 21.3125
5.37481 25.7882
5.38055 20.9016
5.38628 24.9792
5.39202 25.4066
5.39776 22.8625
5.40349 25.7183
5.40923 25.4479
5.41496 23.0617
5.4207 23.3492
5.42644 22.3163
5.43217 22.5393
5.43791 23.4684
5.44364 24.4324
5.44938 24.2165
5.45512 25.9259
5.46085 26.3788
5.46659 25.5408
5.47233 27.2697
5.47806 24.6184
5.4838 25.3333
5.48953 23.9247
5.49527 25.6071
5.50101 22.9701
5.50674 25.0612
5.51248 23.1685
5.51822 24.0676
5.52395 24.988
5.52969 25.2473
5.53542 22.9059
5.54116 24.8088
5.5469 22.1919
5.55263 24.2584
5.55837 22.4028
5.5641 23.573
5.56984 25.2903
5.57558 24.3452
5.58131 21.9452
5.58705 22.6465
5.59279 25.6932
5.59852 18.8889
5.60426 12.29
5.60999 19
5.61573 21.8171
5.62147 26.2105
5.6272 24.4536
5.63294 24.6322
5.63868 24.7424
5.64441 23.8416
5.65015 27.6237
5.65588 24.5
5.66162 26.3377
5.66736 25.5152
5.67309 27.0116
5.67883 24.3913
5.68456 25
5.6903 23.5778
5.69604 27.5976
5.70177 26.1325
5.70751 25.7053
5.71325 24.0682
5.71898 26.4444
5.72472 27.6061
5.73045 24.2473
5.73619 26.6962
5.74193 27.2472
5.74766 24.4947
5.7534 24.1932
5.75914 23.6901
5.76487 22.2178
5.77061 26.1383
5.77634 23.6282
5.78208 25.6854
5.78782 24.2165
5.79355 23.5698
5.79929 23.5067
5.80502 25.5842
5.81076 26.3226
5.8165 27.3333
5.82223 26.6146
5.82797 28.8557
5.83371 26.5349
5.83944 24.4684
5.84518 26.8081
5.85091 25.2708
5.85665 28.6769
5.86239 25.3619
5.86812 28
5.87386 24.9419
5.8796 23.519
5.88533 26.7426
5.89107 26.5761
5.8968 24.7391
5.90254 27.981
5.90828 27.4242
5.91401 27.1882
5.91975 24.0244
5.92548 26.4141
5.93122 26.3723
5.93696 27.1096
5.94269 27.9905
5.94843 28.8958
5.95417 29.9886
5.9599 29.2824
5.96564 27.0505
5.97137 29.0957
5.97711 25.9863
5.98285 25.301
5.98858 28.5408
5.99432 27.7412
6.00006 27.5667
6.00579 32.1616
6.01153 27.2796
6.01726 26.7067
6.023 32.181
6.02874 30.6771
6.03447 28.9545
6.04021 34.8556
6.04594 27.2143
6.05168 32.0521
6.05742 29.5584
6.06315 28.5905
6.06889 31.9688
6.07463 30.5476
6.08036 30.9468
6.0861 30.4694
6.09183 30.8866
6.09757 32.9872
6.10331 33.1524
6.10904 33.0938
6.11478 36.0698
6.12052 32.5104
6.12625 34.44
6.13199 37.0532
6.13772 34.6585
6.14346 36.5196
6.1492 38.08
6.15493 34.375
6.16067 37.1765
6.1664 37.0612
6.17214 33.7553
6.17788 37.7857
6.18361 38.1359
6.18935 39.4242
6.19509 35.6081
6.20082 36.8899
6.20656 38.5098
6.21229 38.625
6.21803 42.3902
6.22377 41.9528
6.2295 43.48
6.23524 40.08
6.24098 43.1743
6.24671 46.1471
6.25245 46.0426
6.25818 44.9884
6.26392 48.1863
6.26966 47.951
6.27539 49.4474
6.28113 51.4587
6.28686 56.9307
6.2926 64.9688
6.29834 69.1705
6.30407 100.635
6.30981 143
6.31555 433.051
6.32128 1165.5
6.32702 674.538
6.33275 324.927
6.33849 167.091
6.34423 106.779
6.34996 91.8824
6.3557 91.2821
6.36144 88.7778
6.36717 98.8095
6.37291 107.211
6.37864 108.522
6.38438 114.113
6.39012 107.588
6.39585 100.488
6.40159 96.2315
6.40732 80.4907
6.41306 69.6383
6.4188 62.0326
6.42453 59.5566
6.43027 55.1765
6.43601 51.9268
6.44174 48.7547
6.44748 47.1574
6.45321 43.6809
6.45895 45.1087
6.46469 44.1048
6.47042 39.2621
6.47616 40.8095
6.4819 42.0182
6.48763 42.213
6.49337 39.7527
6.4991 40.0421
6.50484 39.9907
6.51058 41.1471
6.51631 35.0238
6.52205 38.2091
6.52778 37.8148
6.53352 38.25
6.53926 36.9792
6.54499 37.2685
6.55073 41.0097
6.55647 39.1429
6.5622 36.9115
6.56794 38.0093
6.57367 33.2903
6.57941 36.7158
6.58515 35.3839
6.59088 36.75
6.59662 39.2857
6.60236 33.2018
6.60809 34.6698
6.61383 33.0323
6.61956 36.7113
6.6253 37.0268
6.63104 33.3431
6.63677 34.0698
6.64251 34.9737
6.64824 34.8972
6.65398 33.1978
6.65972 35.3235
6.66545 36.8393
6.67119 35.9519
6.67693 35.9419
6.68266 37.0172
6.6884 34.7407
6.69413 33.5824
6.69987 33.3495
6.70561 35.7946
6.71134 33.7212
6.71708 32.4205
6.72282 33.6316
6.72855 36.2685
6.73429 32.7528
6.74002 34.6981
6.74576 35.0522
6.7515 32.2621
6.75723 32.3596
6.76297 35.0259
6.7687 35.3571
6.77444 31.8652
6.78018 31.3524
6.78591 32.6638
6.79165 33.8411
6.79739 33.9885
6.80312 32.9737
6.80886 35.0714
6.81459 30.7253
6.82033 32.1143
6.82607 31.181
6.8318 30.6667
6.83754 32.5227
6.84328 32.0254
6.84901 34.1875
6.85475 35.3736
6.86048 35.4771
6.86622 35.5431
6.87196 32.215
6.87769 34
6.88343 37.1949
6.88916 34.1491
6.8949 31.3793
6.90064 36.3186
6.90637 34.4474
6.91211 34.0561
6.91785 34.2989
6.92358 35.5702
6.92932 31.6283
6.93505 33.4045
6.94079 33.4159
6.94653 32.5172
6.95226 33.1495
6.958 32.2088
6.96374 32.2417
6.96947 34.9825
6.97521 34.044
6.98094 35.973
6.98668 34.0431
6.99242 33.0275
6.99815 33.2809
7.00389 33.8583
7.00962 34.4741
7.01536 32.1319
7.0211 32.6
7.02683 33.1475
7.03257 34.6075
7.03831 32.957
7.04404 33.1803
7.04978 34.4
7.05551 35.4574
7.06125 34.5688
7.06699 34.3115
7.07272 34.0917
7.07846 36.5843
7.0842 34.1066
7.08993 32.0172
7.09567 33.6989
7.1014 34.0708
7.10714 35.3277
7.11288 34.3119
7.11861 36.828
7.12435 34.5968
7.13008 33.6068
7.13582 36.9167
7.14156 36.4234
7.14729 32.5333
7.15303 37.1927
7.15877 36.3333
7.1645 39.3548
7.17024 40.7395
7.17597 35.6429
7.18171 37.2056
7.18745 34.8689
7.19318 37.6847
7.19892 36.2088
7.20466 38.0315
7.21039 38.1453
7.21613 38.81
7.22186 39.3303
7.2276 36.6984
7.23334 38.9369
7.23907 43.7143
7.24481 38.3889
7.25054 39.8319
7.25628 38.69
7.26202 39.0541
7.26775 42.5082
7.27349 39.7838
7.27923 40.4409
7.28496 39.1032
7.2907 39.0588
7.29643 44
7.30217 41.9083
7.30791 39.3226
7.31364 40.188
7.31938 43.7753
7.32512 42.4692
7.33085 42.5455
7.33659 45.3365
7.34232 45.9429
7.34806 44.5231
7.3538 43.8649
7.35953 44.3011
7.36527 46.8281
7.371 48.5289
7.37674 47.9327
7.38248 52.9358
7.38821 61.296
7.39395 65.9052
7.39969 97.5914
7.40542 171.062
7.41116 221.78
7.41689 258.198
7.42263 129.159
7.42837 92.5
7.4341 84.1092
7.43984 77.3146
7.44558 72.209
7.45131 77.0331
7.45705 73.9091
7.46278 75.3786
7.46852 83.0769
7.47426 86.8633
7.47999 92.5
7.48573 95.7197
7.49146 94.944
7.4972 91.4091
7.50294 80.1215
7.50867 75.2344
7.51441 66.3193
7.52015 66.2747
7.52588 59.5909
7.53162 56.808
7.53735 53.7857
7.54309 49.2039
7.54883 50.6818
7.55456 47.2353
7.5603 47.2584
7.56604 48.9627
7.57177 44.288
7.57751 44.4397
7.58324 41.699
7.58898 41.0305
7.59472 39.5738
7.60045 39.15
7.60619 39.6911
7.61192 40.7132
7.61766 42
7.6234 40.0594
7.62913 41.7576
7.63487 41.7603
7.64061 39.8137
7.64634 38.0813
7.65208 38
7.65781 42.5339
7.66355 40.2653
7.66929 38.6593
7.67502 40.4839
7.68076 41.5377
7.6865 42.605
7.69223 41.2137
7.69797 43.7797
7.7037 43.0198
7.70944 43.6866
7.71518 43.6016
7.72091 47.5727
7.72665 52.4444
7.73238 61.5736
7.73812 81.6066
7.74386 131.124
7.74959 104.848
7.75533 60.336
7.76107 53.4107
7.7668 52.2696
7.77254 47.0687
7.77827 43.9508
7.78401 49.2828
7.78975 48.6
7.79548 48.8203
7.80122 51.9483
7.80696 49.8559
7.81269 53.0677
7.81843 53.3387
7.82416 53.3368
7.8299 50.6143
7.83564 48.189
7.84137 45.7672
7.84711 42.009
7.85284 42.2595
7.85858 40.0547
7.86432 39.299
7.87005 39.3165
7.87579 38.3438
7.88153 36.8197
7.88726 34.7383
7.893 33.4667
7.89873 34.8125
7.90447 36.4804
7.91021 33.2782
7.91594 36.0076
7.92168 35
7.92742 32
7.93315 32.6058
7.93889 34.4286
7.94462 34.386
7.95036 31.8689
7.9561 31.2121
7.96183 31.9524
7.96757 32.0667
7.9733 31.2117
7.97904 31.1385
7.98478 28.6696
7.99051 32.952
7.99625 31.0451
8.00199 29.7258
8.00772 29.6436
8.01346 32.0504
8.01919 29.2576
8.02493 29.2881
8.03067 33.6842
8.0364 31.3824
8.04214 31.9844
8.04788 29.9126
8.05361 30.4604
8.05935 31.1471
8.06508 29.6271
8.07082 31.188
8.07656 29.0876
8.08229 29.1953
8.08803 29.2121
8.09376 28.5455
8.0995 28.4545
8.10524 28.8852
8.11097 30.9027
8.11671 28.6788
8.12245 30.0388
8.12818 28.5625
8.13392 29.5909
8.13965 26.2826
8.14539 28.0726
8.15113 23.0541
8.15686 25.1241
8.1626 22.8864
8.16834 21.3051
8.17407 20.6667
8.17981 17.8582
8.18554 18.6077
8.19128 15.3178
8.19702 16.5971
8.20275 13.8881
8.20849 13.1017
8.21422 12.8629
8.21996 13.0145
8.2257 10.0703
8.23143 8.83178
8.23717 7.1049
8.24291 5.82716
8.24864 7.83636
8.25438 5.21053
8.26011 7.78947
8.26585 0.111111
8.27159 0
8.27732 0
8.28306 0
8.2888 0
8.29453 0
8.30027 0
8.306 0
8.31174 0
8.31748 0
8.32321 0
8.32895 0
8.33468 0
8.34042 0
8.34616 0
8.35189 0
8.35763 0
8.36337 0
8.3691 0
8.37484 0
8.38057 0
8.38631 0
8.39205 0
8.39778 0
8.40352 0
8.40926 0
8.41499 0
8.42073 0
8.42646 0
8.4322 0
8.43794 0
8.44367 0
8.44941 0
8.45514 0
8.46088 0
8.46662 0
8.47235 0
8.47809 0
8.48383 0
8.48956 0
8.4953 0
8.50103 0
8.50677 0
8.51251 0
8.51824 0
8.52398 0
8.52972 0
8.53545 0
8.54119 0
8.54692 0
8.55266 0
8.5584 0
8.56413 0
8.56987 0
8.5756 0
8.58134 0
8.58708 0
8.59281 0
8.59855 0
8.60429 0
8.61002 0
8.61576 0
8.62149 0
8.62723 0
8.63297 0
8.6387 0
8.64444 0
8.65018 0
8.65591 0
8.66165 0
8.66738 0
8.67312 0
8.67886 0
8.68459 0
8.69033 0
8.69606 0
8.7018 0
8.70754 0
8.71327 0
8.71901 0
8.72475 0
8.73048 0
8.73622 0
8.74195 0
8.74769 0
8.75343 0
8.75916 0
8.7649 0
8.77064 0
8.77637 0
8.78211 0
8.78784 0
8.79358 0
8.79932 0
8.80505 0
8.81079 0
8.81652 0
8.82226 0
8.828 0
8.83373 0
8.83947 0
8.84521 0
8.85094 0
8.85668 0
8.86241 0
8.86815 0
8.87389 0
8.87962 0
8.88536 0
8.8911 0
8.89683 0
8.90257 0
8.9083 0
8.91404 0
8.91978 0
8.92551 0
8.93125 0
8.93698 0
8.94272 0
8.94846 0
8.95419 0
8.95993 0
8.96567 0
8.9714 0
8.97714 0
8.98287 0
8.98861 0
8.99435 0
9.00008 0
9.00582 0
9.01156 0
9.01729 0
9.02303 0
9.02876 0
9.0345 0
9.04024 0
9.04597 0
9.05171 0
9.05744 0
9.06318 0
9.06892 0
9.07465 0
9.08039 0
9.08613 0
9.09186 0
9.0976 0
9.10333 0
9.10907 0
9.11481 0
9.12054 0
9.12628 0
9.13202 0
9.13775 0
9.14349 0
9.14922 0
9.15496 0
9.1607 0
9.16643 0
9.17217 0
9.1779 0
9.18364 0
9.18938 0
9.19511 0
9.20085 0
9.20659 0
9.21232 0
9.21806 0
9.22379 0
9.22953 0
9.23527 0
9.241 0
9.24674 0
9.25248 0
9.25821 0
9.26395 0
9.26968 0
9.27542 0
9.28116 0
9.28689 0
9.29263 0
9.29836 0
9.3041 0
9.30984 0
9.31557 0
9.32131 0
9.32705 0
9.33278 0
9.33852 0
9.34425 0
9.34999 0
9.35573 0
9.36146 0
9.3672 0
9.37294 0
9.37867 0
9.38441 0
9.39014 0
9.39588 0
9.40162 0
9.40735 0
9.41309 0
9.41882 0
9.42456 0
9.4303 0
9.43603 0
9.44177 0
9.44751 0
9.45324 0
9.45898 0
9.46471 0
9.47045 0
9.47619 0
9.48192 0
9.48766 0
9.4934 0
9.49913 0
9.50487 0
9.5106 0
9.51634 0
9.52208 0
9.52781 0
9.53355 0
9.53928 0
9.54502 0
9.55076 0
9.55649 0
9.56223 0
9.56797 0
9.5737 0
9.57944 0
9.58517 0
9.59091 0
9.59665 0
9.60238 0
9.60812 0
9.61386 0
9.61959 0
9.62533 0
9.63106 0
9.6368 0
9.64254 0
9.64827 0
9.65401 0
9.65974 0
9.66548 0
9.67122 0
9.67695 0
9.68269 0
9.68843 0
9.69416 0
9.6999 0
9.70563 0
9.71137 0
9.71711 0
9.72284 0
9.72858 0
9.73432 0
9.74005 0
9.74579 0
9.75152 0
9.75726 0
9.763 0
9.76873 0
9.77447 0
9.7802 0
9.78594 0
9.79168 0
9.79741 0
9.80315 0
9.80889 0
9.81462 0
9.82036 0
9.82609 0
9.83183 0
9.83757 0
9.8433 0
9.84904 0
9.85478 0
9.86051 0
9.86625 0
9.87198 0
9.87772 0
9.88346 0
9.88919 0
9.89493 0
9.90066 0
9.9064 0
9.91214 0
9.91787 0
9.92361 0
9.92935 0
9.93508 0
9.94082 0
9.94655 0
9.95229 0
9.95803 0
9.96376 0
9.9695 0
9.97524 0
9.98097 0
9.98671 0
9.99244 0
9.99818 0
10.0039 0
10.0097 0
10.0154 0
10.0211 0
10.0269 0
10.0326 0
10.0383 0
10.0441 0
10.0498 0
10.0555 0
10.0613 0
10.067 0
10.0728 0
10.0785 0
10.0842 0
10.09 0
10.0957 0
10.1014 0
10.1072 0
10.1129 0
10.1186 0
10.1244 0
10.1301 0
10.1358 0
10.1416 0
10.1473 0
10.1531 0
10.1588 0
10.1645 0
10.1703 0
10.176 0
10.1817 0
10.1875 0
10.1932 0
10.1989 0
10.2047 0
10.2104 0
10.2162 0
10.2219 0
10.2276 0
10.2334 0
10.2391 0
10.2448 0
10.2506 0
10.2563 0
10.262 0
10.2678 0
10.2735 0
10.2793 0
10.285 0
10.2907 0
10.2965 0
10.3022 0
10.3079 0
10.3137 0
10.3194 0
10.3251 0
10.3309 0
10.3366 0
10.3424 0
10.3481 0
10.3538 0
10.3596 0
10.3653 0
10.371 0
10.3768 0
10.3825 0
10.3882 0
10.394 0
10.3997 0
10.4054 0
10.4112 0
10.4169 0
10.4227 0
10.4284 0
10.4341 0
10.4399 0
10.4456 0
10.4513 0
10.4571 0
10.4628 0
10.4685 0
10.4743 0
10.48 0
10.4858 0
10.4915 0
10.4972 0
10.503 0
10.5087 0
10.5144 0
10.5202 0
10.5259 0
10.5316 0
10.5374 0
10.5431 0
10.5489 0
10.5546 0
10.5603 0
10.5661 0
10.5718 0
10.5775 0
10.5833 0
10.589 0
10.5947 0
10.6005 0
10.6062 0
10.612 0
10.6177 0
10.6234 0
10.6292 0
10.6349 0
10.6406 0
10.6464 0
10.6521 0
10.6578 0
10.6636 0
10.6693 0
10.6751 0
10.6808 0
10.6865 0
10.6923 0
10.698 0
10.7037 0
10.7095 0
10.7152 0
10.7209 0
10.7267 0
10.7324 0
10.7381 0
10.7439 0
10.7496 0
10.7554 0
10.7611 0
10.7668 0
10.7726 0
10.7783 0
10.784 0
10.7898 0
10.7955 0
10.8012 0
10.807 0
10.8127 0
10.8185 0
10.8242 0
10.8299 0
10.8357 0
10.8414 0
10.8471 0
10.8529 0
10.8586 0
10.8643 0
10.8701 0
10.8758 0
10.8816 0
10.8873 0
10.893 0
10.8988 0
10.9045 0
10.9102 0
10.916 0
10.9217 0
10.9274 0
10.9332 0
10.9389 0
10.9447 0
10.9504 0
10.9561 0
10.9619 0
10.9676 0
10.9733 0
10.9791 0
10.9848 0
10.9905 0
10.9963 0
11.002 0
11.0077 0
11.0135 0
11.0192 0
11.025 0
11.0307 0
11.0364 0
11.0422 0
11.0479 0
11.0536 0
11.0594 0
11.0651 0
11.0708 0
11.0766 0
11.0823 0
11.0881 0
11.0938 0
11.0995 0
11.1053 0
11.111 0
11.1167 0
11.1225 0
11.1282 0
11.1339 0
11.1397 0
11.1454 0
11.1512 0
11.1569 0
11.1626 0
11.1684 0
11.1741 0
11.1798 0
11.1856 0
11.1913 0
11.197 0
11.2028 0
11.2085 0
11.2143 0
11.22 0
11.2257 0
11.2315 0
11.2372 0
11.2429 0
11.2487 0
11.2544 0
11.2601 0
11.2659 0
11.2716 0
11.2774 0
11.2831 0
11.2888 0
11.2946 0
11.3003 0
11.306 0
11.3118 0
11.3175 0
11.3232 0
11.329 0
11.3347 0
11.3404 0
11.3462 0
11.3519 0
11.3577 0
11.3634 0
11.3691 0
11.3749 0
11.3806 0
11.3863 0
11.3921 0
11.3978 0
11.4035 0
11.4093 0
11.415 0
11.4208 0
11.4265 0
11.4322 0
11.438 0
11.4437 0
11.4494 0
11.4552 0
11.4609 0
11.4666 0
11.4724 0
11.4781 0
11.4839 0
11.4896 0
11.4953 0
11.5011 0
11.5068 0
11.5125 0
11.5183 0
11.524 0
11.5297 0
11.5355 0
11.5412 0
11.547 0
11.5527 0
11.5584 0
11.5642 0
11.5699 0
11.5756 0
11.5814 0
11.5871 0
11.5928 0
11.5986 0
11.6043 0
11.61 0
11.6158 0
11.6215 0
11.6273 0
11.633 0
11.6387 0
11.6445 0
11.6502 0
11.6559 0
11.6617 0
11.6674 0
11.6731 0
11.6789 0
11.6846 0
11.6904 0
11.6961 0
11.7018 0
11.7076 0
11.7133 0
11.719 0
11.7248 0
11.7305 0
11.7362 0
11.742 0
