0 26
0.00573619 -27
0.0114724 -1
0.0172086 0
0.0229448 -20
0.028681 -2
0.0344171 0
0.0401533 -7
0.0458895 -5
0.0516257 35
0.0573619 0
0.0630981 14
0.0688343 -9
0.0745705 0
0.0803067 -13
0.0860429 -5
0.091779 0
0.0975152 -12
0.103251 5.66667
0.108988 -2.33333
0.114724 0
0.12046 4
0.126196 -1
0.131932 0
0.137669 2
0.143405 12.6667
0.149141 9
0.154877 -14
0.160613 -3.66667
0.16635 -1.33333
0.172086 0
0.177822 -3
0.183558 11.6
0.189294 0
0.19503 0.6
0.200767 -11.6
0.206503 -15.6667
0.212239 2
0.217975 -15
0.223711 13
0.229448 0
0.235184 4
0.24092 -1
0.246656 0
0.252392 5.8
0.258129 -2.6
0.263865 10.6
0.269601 0
0.275337 -2.6
0.281073 0.428571
0.28681 0
0.292546 0.285714
0.298282 -1.85714
0.304018 0.333333
0.309754 3.5
0.31549 0.714286
0.321227 -8.57143
0.326963 0
0.332699 5.14286
0.338435 9.85714
0.344171 0
0.349908 10.8571
0.355644 2.14286
0.36138 6
0.367116 7.5
0.372852 0.333333
0.378589 6.28571
0.384325 4
0.390061 5.66667
0.395797 7.88889
0.401533 0
0.40727 10.5556
0.413006 -0.555556
0.418742 11.1429
0.424478 13
0.430214 11.4444
0.43595 7.33333
0.441687 0
0.447423 6.44444
0.453159 6.44444
0.458895 -15.6667
0.464631 -1.85714
0.470368 4.09091
0.476104 11.1111
0.48184 5.5
0.487576 -1.18182
0.493312 9.54545
0.499049 0
0.504785 1.45455
0.510521 7.36364
0.516257 -4.6
0.521993 -3.33333
0.52773 4.09091
0.533466 7.22222
0.539202 17
0.544938 9.63636
0.550674 16
0.55641 0
0.562147 9.46154
0.567883 10.7692
0.573619 12.2857
0.579355 12.3333
0.585091 9
0.590828 35.4545
0.596564 16.5
0.6023 116.308
0.608036 63.3846
0.613772 29.6
0.619509 6.875
0.625245 12
0.630981 10.4444
0.636717 0.5
0.642453 5.15385
0.64819 12.0769
0.653926 28
0.659662 12.0667
0.665398 2.93333
0.671134 15.7143
0.67687 10.875
0.682607 10.6
0.688343 9.81818
0.694079 -6.75
0.699815 5.33333
0.705551 4.2
0.711288 7
0.717024 11.0714
0.72276 11.4
0.728496 2.33333
0.734232 26
0.739969 11.25
0.745705 14
0.751441 16.25
0.757177 11.1765
0.762913 9
0.76865 -0.4
0.774386 5.08333
0.780122 5.23529
0.785858 10.7273
0.791594 5.16667
0.79733 8.58823
0.803067 6.06667
0.808803 21
0.814539 10.7059
0.820275 6.47059
0.826011 -1.55556
0.831748 11.5
0.837484 11.2778
0.84322 8.61539
0.848956 18
0.854692 13.6842
0.860429 11
0.866165 -4.4
0.871901 16.125
0.877637 13.9474
0.883373 1.72727
0.88911 6.125
0.894846 6.10526
0.900582 9.2
0.906318 6.25
0.912054 5.57895
0.91779 7
0.923527 16
0.929263 9.84615
0.934999 6.66667
0.940735 9.38461
0.946471 9.25
0.952208 8.33333
0.957944 -0.823529
0.96368 7.75
0.969416 3.80952
0.975152 9.63158
0.980889 14.9091
0.986625 9
0.992361 7.2381
0.998097 -0.933333
1.00383 6.83333
1.00957 15.4762
1.01531 9
1.02104 10.8
1.02678 6.64706
1.03251 4.7619
1.03825 10.0769
1.04399 3.58333
1.04972 10.3913
1.05546 3.05882
1.0612 2.16667
1.06693 12.8261
1.07267 2.21053
1.0784 13.1538
1.08414 15.9286
1.08988 13.4348
1.09561 5.8
1.10135 2.625
1.10708 12.3478
1.11282 7.23529
1.11856 5
1.12429 8.6
1.13003 6.80952
1.13577 14.6
1.1415 10.3571
1.14724 11.24
1.15297 5.06667
1.15871 11.1
1.16445 8.88
1.17018 5.63158
1.17592 2.53846
1.18166 7.38889
1.18739 6.13043
1.19313 10.5333
1.19886 2
1.2046 6.32
1.21034 12.0556
1.21607 -2.66667
1.22181 7.51852
1.22754 5.57143
1.23328 4.76471
1.23902 4.625
1.24475 5.64
1.25049 4.23529
1.25623 4.5
1.26196 13.5556
1.2677 5.15789
1.27343 2.38462
1.27917 3.90909
1.28491 8.52174
1.29064 14.2941
1.29638 11.5
1.30212 4.2963
1.30785 7.38889
1.31359 4.41667
1.31932 1.96552
1.32506 10
1.3308 9.29412
1.33653 3.4
1.34227 2.32
1.348 12.3684
1.35374 6.21429
1.35948 9.74074
1.36521 3.47619
1.37095 2.5
1.37669 0.310345
1.38242 9.04348
1.38816 4.94118
1.39389 7.52632
1.39963 2.48148
1.40537 3.4
1.4111 6.21429
1.41684 2.24138
1.42258 8.34783
1.42831 6.88235
1.43405 6.66667
1.43978 4.24
1.44552 3.19048
1.45126 5.3125
1.45699 4
1.46273 -1.33333
1.46846 11.3333
1.4742 9.67742
1.47994 9.21739
1.48567 10.05
1.49141 7.61905
1.49715 3.07407
1.50288 4.30435
1.50862 8.1875
1.51435 8.24138
1.52009 5.12
1.52583 14.6
1.53156 11.9333
1.5373 10.12
1.54304 7.57143
1.54877 5.5
1.55451 3.65517
1.56024 3.82609
1.56598 2.92857
1.57172 12.7742
1.57745 4.92
1.58319 7.45
1.58892 8.6
1.59466 7
1.6004 6
1.60613 2.38889
1.61187 8.45161
1.61761 13.24
1.62334 -3.42857
1.62908 3.9697
1.63481 6.85185
1.64055 6
1.64629 10.2727
1.65202 10.7586
1.65776 3.76
1.6635 7.0625
1.66923 2.54839
1.67497 2
1.6807 7.05
1.68644 11.1786
1.69218 7.72414
1.69791 6.76
1.70365 5.22727
1.70938 3.70968
1.71512 10.7407
1.72086 4.875
1.72659 6.09091
1.73233 4.10345
1.73807 4.56522
1.7438 12.3077
1.74954 7.86207
1.75527 10.7037
1.76101 11.1579
1.76675 6.84848
1.77248 5.82143
1.77822 10.65
1.78396 11.4667
1.78969 4.6129
1.79543 8.51852
1.80116 12.5833
1.8069 7.09677
1.81264 8.89655
1.81837 7.44444
1.82411 7.31429
1.82984 8.86207
1.83558 12.2
1.84132 5.42308
1.84705 10.9355
1.85279 14.2222
1.85853 11.7391
1.86426 13.1818
1.87 11.4333
1.87573 17.2778
1.88147 9.4
1.88721 10.4242
1.89294 14.8519
1.89868 2.07692
1.90442 8.21212
1.91015 10.6774
1.91589 6.75
1.92162 3.57143
1.92736 17.8065
1.9331 7.32
1.93883 16.2143
1.94457 13.7879
1.9503 14.1333
1.95604 7.5
1.96178 12.3529
1.96751 12.9062
1.97325 9.35
1.97899 9.08108
1.98472 6.48485
1.99046 7.13793
1.99619 4.26923
2.00193 6.22857
2.00767 15.0968
2.0134 9.04167
2.01914 10.3143
2.02488 8.0303
2.03061 13.48
2.03635 8.6875
2.04208 7.67647
2.04782 12.6562
2.05356 4.91667
2.05929 10.0833
2.06503 14.5714
2.07076 10.6818
2.0765 11.3784
2.08224 9.42857
2.08797 8.17241
2.09371 10.75
2.09945 15.8378
2.10518 14.3333
2.11092 14.5
2.11665 7
2.12239 9.05714
2.12813 11.913
2.13386 10.3889
2.1396 10.9722
2.14534 12.2812
2.15107 5.65385
2.15681 12.7895
2.16254 11.7568
2.16828 12.1364
2.17402 11.0256
2.17975 11.1622
2.18549 13.5806
2.19122 10.7667
2.19696 9.91892
2.2027 8.17143
2.20843 13.1667
2.21417 14.2564
2.21991 31.3514
2.22564 21.2273
2.23138 42.25
2.23711 28.6579
2.24285 9.52941
2.24859 13.5357
2.25432 13.359
2.26006 8.28205
2.2658 9.31818
2.27153 7.43902
2.27727 3.46154
2.283 16
2.28874 9.40625
2.29448 9.33333
2.30021 12.3514
2.30595 11
2.31168 11.3077
2.31742 13.359
2.32316 9.31818
2.32889 8.02381
2.33463 10.5
2.34037 8.27778
2.3461 10.0714
2.35184 12.3953
2.35757 10.2162
2.36331 14.6923
2.36905 12.5366
2.37478 13.3659
2.38052 8.87097
2.38626 10.2353
2.39199 10.1628
2.39773 8.56757
2.40346 15.2308
2.4092 10.8372
2.41494 9.15
2.42067 13.4091
2.42641 9.65909
2.43214 9.5
2.43788 16.2857
2.44362 12.4688
2.44935 12.1778
2.45509 6.76923
2.46083 9.92308
2.46656 9.93333
2.4723 6.85366
2.47803 13.4828
2.48377 11.8
2.48951 10.8605
2.49524 8.48718
2.50098 11.9231
2.50672 6.28261
2.51245 10.8571
2.51819 6.375
2.52392 11.3696
2.52966 7.75
2.5354 12.2424
2.54113 8.69444
2.54687 9.8
2.5526 9.90244
2.55834 9.88461
2.56408 9.19149
2.56981 12.8372
2.57555 14.6897
2.58129 7.80952
2.58702 8.97778
2.59276 8.81081
2.59849 5.46875
2.60423 12.9565
2.60997 7.52273
2.6157 13.0417
2.62144 7.66667
2.62718 11.7021
2.63291 7.31429
2.63865 11.0556
2.64438 16.5319
2.65012 8.65854
2.65586 11.0333
2.66159 7.08511
2.66733 8.11111
2.67306 9.12
2.6788 10.6667
2.68454 10.2766
2.69027 11.8462
2.69601 6.33333
2.70175 9.08333
2.70748 11.6889
2.71322 18
2.71895 8.10417
2.72469 8.63265
2.73043 12.0286
2.73616 12.2895
2.7419 12.4694
2.74764 17.8837
2.75337 12.8667
2.75911 9.08163
2.76484 11.4898
2.77058 6.125
2.77632 11.3469
2.78205 8.46
2.78779 10.3846
2.79352 13.8857
2.79926 13.8846
2.805 12.3778
2.81073 13.1481
2.81647 9.75472
2.82221 14.1837
2.82794 8.35135
2.83368 13
2.83941 11.0189
2.84515 13.561
2.85089 11.1875
2.85662 15.2075
2.86236 8.26531
2.8681 12
2.87383 11.6415
2.87957 9.14
2.8853 17.9756
2.89104 12.2973
2.89678 10.9423
2.90251 10.6889
2.90825 15.0345
2.91398 10.5455
2.91972 10
2.92546 6.89189
2.93119 10.2381
2.93693 9.50943
2.94267 11.7333
2.9484 10.8438
2.95414 11.0943
2.95987 11.551
2.96561 17.0385
2.97135 12.8393
2.97708 13.9815
2.98282 11.8462
2.98856 7
2.99429 11.9259
3.00003 14.0851
3.00576 11.125
3.0115 10.3455
3.01724 9.96226
3.02297 12.5135
3.02871 15.3636
3.03444 13.9091
3.04018 12.9333
3.04592 12
3.05165 15.4364
3.05739 14.5294
3.06313 6.89655
3.06886 18.25
3.0746 14.4
3.08033 13.4091
3.08607 16.1081
3.09181 12.6429
3.09754 14.6939
3.10328 17.7812
3.10902 12.6441
3.11475 13.6038
3.12049 15.8974
3.12622 14.1957
3.13196 14.5455
3.1377 14.9574
3.14343 14.3611
3.14917 18.5088
3.1549 16.3137
3.16064 17.2414
3.16638 12.7667
3.17211 15.4364
3.17785 16.8409
3.18359 11.2927
3.18932 18.8136
3.19506 12.6327
3.20079 13.0882
3.20653 10
3.21227 12.9811
3.218 16.3902
3.22374 15.6458
3.22948 19.3051
3.23521 13.5556
3.24095 17.2368
3.24668 16.2
3.25242 13.3585
3.25816 14.7647
3.26389 14.1579
3.26963 16.1579
3.27536 19.1522
3.2811 10.122
3.28684 16.8197
3.29257 14.5918
3.29831 12.1667
3.30405 15.4921
3.30978 12.6
3.31552 17.5814
3.32125 16
3.32699 18.1754
3.33273 17.451
3.33846 18.7895
3.3442 16.5
3.34994 17.8235
3.35567 20.9474
3.36141 18.9492
3.36714 19.5789
3.37288 22.6458
3.37862 22.8864
3.38435 18.7213
3.39009 17.8302
3.39582 22.2222
3.40156 18.2698
3.4073 19.8727
3.41303 19.8085
3.41877 19.7083
3.42451 15.7869
3.43024 16.5714
3.43598 18.3415
3.44171 20.5714
3.44745 18.3571
3.45319 21.6905
3.45892 22.4545
3.46466 20.678
3.4704 24.28
3.47613 19.2273
3.48187 19.0794
3.4876 20.0943
3.49334 22.6053
3.49908 17.7463
3.50481 17.9123
3.51055 17.3617
3.51628 17.58
3.52202 19.8525
3.52776 21.1111
3.53349 18.561
3.53923 19.4615
3.54497 25.5926
3.5507 20.8125
3.55644 22.2364
3.56217 22.1525
3.56791 20.6226
3.57365 21.2609
3.57938 24.1077
3.58512 23.1636
3.59086 23.1316
3.59659 25.4925
3.60233 21.9661
3.60806 23.0392
3.6138 18.4583
3.61954 23.5714
3.62527 26.7143
3.63101 24.7317
3.63674 23.0746
3.64248 22.6379
3.64822 26.3958
3.65395 26.4035
3.65969 25.1148
3.66543 30.5091
3.67116 31.6304
3.6769 28.6825
3.68263 31.0492
3.68837 28.5263
3.69411 31.6087
3.69984 30.8305
3.70558 39.2453
3.71132 30.902
3.71705 34.4615
3.72279 30.9821
3.72852 36.7907
3.73426 32.8507
3.74 31.7097
3.74573 31.9
3.75147 40.0357
3.7572 37.4127
3.76294 35
3.76868 38.9091
3.77441 36.0896
3.78015 33.6102
3.78589 39.6809
3.79162 40.4688
3.79736 37.5079
3.80309 44.375
3.80883 45.6471
3.81457 43.0615
3.8203 41.6833
3.82604 47.6977
3.83178 47.9565
3.83751 53.8871
3.84325 73.3036
3.84898 70.8704
3.85472 167.302
3.86046 648.869
3.86619 155.522
3.87193 1614.57
3.87766 392.098
3.8834 128.647
3.88914 143.767
3.89487 129.615
3.90061 128.517
3.90635 137.735
3.91208 125.985
3.91782 115.703
3.92355 105.366
3.92929 84.3099
3.93503 72.3906
3.94076 65.322
3.9465 61.537
3.95224 52.194
3.95797 53.4921
3.96371 48.9565
3.96944 47.3803
3.97518 45.381
3.98092 42.8182
3.98665 44.8103
3.99239 40.2941
3.99812 39.3871
4.00386 40.7959
4.0096 38.5072
4.01533 39.9531
4.02107 38.12
4.02681 34.0303
4.03254 33.8939
4.03828 38.2295
4.04401 42.1923
4.04975 35.9718
4.05549 38.0308
4.06122 34.7174
4.06696 38.5797
4.0727 36.1304
4.07843 37.65
4.08417 38.9107
4.0899 35.5147
4.09564 37.375
4.10138 38.68
4.10711 35.75
4.11285 34.6212
4.11858 34.3571
4.12432 33.3871
4.13006 36.3188
4.13579 35.381
4.14153 36.7308
4.14727 36.411
4.153 37.4478
4.15874 38.2273
4.16447 35.7534
4.17021 35.7746
4.17595 36.2742
4.18168 36.5536
4.18742 36.2571
4.19316 38.5606
4.19889 37.78
4.20463 36.5405
4.21036 35.7206
4.2161 33.9667
4.22184 34.7069
4.22757 35.8219
4.23331 32.3433
4.23904 33.88
4.24478 33.0933
4.25052 38.913
4.25625 34.1273
4.26199 38.3438
4.26773 34.6111
4.27346 35.697
4.2792 38.2857
4.28493 34.2917
4.29067 37.5286
4.29641 45.1875
4.30214 41.0789
4.30788 49.6429
4.31362 98.2923
4.31935 51.1786
4.32509 174.507
4.33082 71.3623
4.33656 48.96
4.3423 44.9067
4.34803 48.5069
4.35377 53.2742
4.3595 51.9333
4.36524 57.6216
4.37098 55.2857
4.37671 57.4444
4.38245 55.2973
4.38819 55.4028
4.39392 64.3158
4.39966 70.058
4.40539 68.7639
4.41113 80.8986
4.41687 99.0185
4.4226 93.1299
4.42834 124.699
4.43408 307.083
4.43981 397.403
4.44555 944.573
4.45128 4327.46
4.45702 5587.08
4.46276 2246.08
4.46849 2573.01
4.47423 693.426
4.47996 289.382
4.4857 160.243
4.49144 136.569
4.49717 124.968
4.50291 96.7922
4.50865 90.9718
4.51438 93.75
4.52012 82.5443
4.52585 79.1733
4.53159 74.1228
4.53733 71.4857
4.54306 61.6125
4.5488 57.7164
4.55454 57.7368
4.56027 49.325
4.56601 48.1351
4.57174 51.6346
4.57748 44.1026
4.58322 40.1795
4.58895 39.6567
4.59469 35.5246
4.60042 34.481
4.60616 36.1467
4.6119 33.6
4.61763 31.9759
4.62337 32.6753
4.62911 30.7619
4.63484 29.875
4.64058 29.8902
4.64631 29.25
4.65205 31.8393
4.65779 32.8875
4.66352 30.2308
4.66926 31.0328
4.675 29.1268
4.68073 30.3846
4.68647 27.8904
4.6922 26.2241
4.69794 27.2099
4.70368 27.5325
4.70941 25.84
4.71515 23.3412
4.72088 25.6456
4.72662 24.4638
4.73236 25.3175
4.73809 24.6341
4.74383 25.8333
4.74957 27.1346
4.7553 22.9643
4.76104 27.075
4.76677 23.6567
4.77251 22.4615
4.77825 23.6829
4.78398 21.3333
4.78972 20.5536
4.79546 23.9294
4.80119 22.6329
4.80693 23.4769
4.81266 20.0286
4.8184 23.381
4.82414 21.5068
4.82987 23.5738
4.83561 22.4881
4.84134 21.1875
4.84708 18.7736
4.85282 21.3412
4.85855 20.2073
4.86429 21.9296
4.87003 20.377
4.87576 17.4713
4.8815 19.2658
4.88723 16.5556
4.89297 17.6
4.89871 20.3976
4.90444 16.9718
4.91018 17.2727
4.91592 22.9167
4.92165 19.3291
4.92739 17.8596
4.93312 18.9767
4.93886 16.5
4.9446 17.9104
4.95033 12.7746
4.95607 18.686
4.9618 17.026
4.96754 15.7966
4.97328 18.6207
4.97901 19.3133
4.98475 17.6066
4.99049 19.5
4.99622 19.1954
5.00196 19.726
5.00769 19.7143
5.01343 15.4091
5.01917 16.5422
5.0249 15.6038
5.03064 14.3
5.03638 17.186
5.04211 17.4533
5.04785 16.0462
5.05358 16.6047
5.05932 16.642
5.06506 19.5517
5.07079 16.8427
5.07653 16.4828
5.08226 17.831
5.088 13.3
5.09374 18.7222
5.09947 18.2987
5.10521 14.2857
5.11095 18.1222
5.11668 17.9059
5.12242 16.5152
5.12815 16.2727
5.13389 16.1333
5.13963 14.8052
5.14536 17.3607
5.1511 16.6848
5.15684 15.2169
5.16257 15.5238
5.16831 15.1667
5.17404 17.2697
5.17978 15.4545
5.18552 17.9848
5.19125 17.6111
5.19699 14.759
5.20272 15.0169
5.20846 14.9674
5.2142 16.573
5.21993 13.4605
5.22567 16.7826
5.23141 16.1848
5.23714 10.2469
5.24288 11.918
5.24861 16.914
5.25435 15.0787
5.26009 13.169
5.26582 15.4342
5.27156 16.2967
5.2773 14
5.28303 14.1385
5.28877 14.4043
5.2945 14.7701
5.30024 15.6806
5.30598 16.5443
5.31171 15.8876
5.31745 15.8171
5.32318 11.4154
5.32892 12.0851
5.33466 14.3678
5.34039 18.7879
5.34613 12.5233
5.35187 14.8132
5.3576 14.1728
5.36334 13.5455
5.36907 13.4167
5.37481 15.6
5.38055 14.2951
5.38628 13.1458
5.39202 15.0879
5.39776 16.5875
5.40349 15.3662
5.40923 14.2292
5.41496 15.6914
5.4207 17.3333
5.42644 13.1735
5.43217 13.4382
5.43791 11.3165
5.44364 15.9865
5.44938 14.6289
5.45512 12.8395
5.46085 16.2273
5.46659 13.5
5.47233 15.5393
5.47806 13.8026
5.4838 16.3827
5.48953 14.0753
5.49527 14.2857
5.50101 12.5224
5.50674 15.8673
5.51248 14.3258
5.51822 14.0811
5.52395 15.0482
5.52969 14.3441
5.53542 13.0941
5.54116 12.8382
5.5469 16.0303
5.55263 15.1573
5.55837 15.0556
5.5641 14.5843
5.56984 14.9462
5.57558 14.9762
5.58131 17.726
5.58705 12.9192
5.59279 15.6364
5.59852 14.3651
5.60426 9.13
5.60999 13.5269
5.61573 14.0488
5.62147 11.4079
5.6272 13.8144
5.63294 15.8966
5.63868 15.1515
5.64441 17.1584
5.65015 12.5161
5.65588 13.2262
5.66162 13.8052
5.66736 16.6162
5.67309 12.407
5.67883 12.2464
5.68456 15.6535
5.6903 14.9889
5.69604 14.8415
5.70177 11.4337
5.70751 15.5053
5.71325 14.625
5.71898 16.3056
5.72472 17.5556
5.73045 16.2151
5.73619 15.7342
5.74193 14.8764
5.74766 15.0737
5.7534 15.1932
5.75914 15.507
5.76487 16.6238
5.77061 18.2872
5.77634 14.859
5.78208 14.7191
5.78782 17.6804
5.79355 17.0233
5.79929 13.32
5.80502 14.4653
5.81076 14.6667
5.8165 17.2133
5.82223 14.6667
5.82797 15.2887
5.83371 15.3023
5.83944 15.4937
5.84518 17.1212
5.85091 13.2188
5.85665 15.4769
5.86239 16.2381
5.86812 18.0816
5.87386 16.9767
5.8796 17.962
5.88533 17.5347
5.89107 16.2609
5.8968 15.6232
5.90254 15.3238
5.90828 18.9596
5.91401 13.7647
5.91975 14.7073
5.92548 15.5354
5.93122 17.8298
5.93696 16.3973
5.94269 13.9238
5.94843 17.3125
5.95417 16.9205
5.9599 10.8824
5.96564 15.7576
5.97137 17.6915
5.97711 16.5068
5.98285 19.9612
5.98858 17.5204
5.99432 17.9765
6.00006 16.8333
6.00579 17.8283
6.01153 17.4624
6.01726 17.32
6.023 18.5714
6.02874 17.9583
6.03447 20.2955
6.04021 15.2778
6.04594 17.9898
6.05168 18.7396
6.05742 16.7532
6.06315 21.3333
6.06889 18.7292
6.07463 18.3929
6.08036 18.4468
6.0861 18.5408
6.09183 19
6.09757 18.2564
6.10331 22.4667
6.10904 22.0417
6.11478 20.4302
6.12052 18.9688
6.12625 21.3
6.13199 20.2128
6.13772 20.4634
6.14346 20.1863
6.1492 23.09
6.15493 21.425
6.16067 20.7745
6.1664 20.7755
6.17214 21.0532
6.17788 17.5
6.18361 24.2136
6.18935 23.1616
6.19509 22.6081
6.20082 23.3761
6.20656 22.8922
6.21229 24.3125
6.21803 22.561
6.22377 23.3679
6.2295 24.01
6.23524 19.8533
6.24098 23.2661
6.24671 20.5882
6.25245 23.7553
6.25818 23.1395
6.26392 25.2059
6.26966 26.3039
6.27539 25.8421
6.28113 25.9725
6.28686 27.1683
6.2926 25.4062
6.29834 28.8409
6.30407 29.0481
6.30981 30.4412
6.31555 26.6795
6.32128 32.9352
6.32702 33.0288
6.33275 36.5938
6.33849 33.9886
6.34423 35.2596
6.34996 38.9412
6.3557 39.5385
6.36144 42.5
6.36717 45.1143
6.37291 43.1368
6.37864 47.1556
6.38438 45.1226
6.39012 45.0098
6.39585 41
6.40159 37.6111
6.40732 36.0833
6.41306 30.9894
6.4188 34.6087
6.42453 28.7736
6.43027 27.3333
6.43601 29.4268
6.44174 27.7358
6.44748 24.4167
6.45321 24.0745
6.45895 25.8043
6.46469 23.4571
6.47042 24.068
6.47616 25.4048
6.4819 22.9182
6.48763 25.6204
6.49337 22.7849
6.4991 24.9474
6.50484 23.2778
6.51058 20.5784
6.51631 23.4524
6.52205 24.4545
6.52778 21.6296
6.53352 23.6087
6.53926 19.875
6.54499 19.75
6.55073 20.4175
6.55647 23.7976
6.5622 20.1239
6.56794 21.8519
6.57367 24.9892
6.57941 23.0842
6.58515 25.4554
6.59088 23.6731
6.59662 24.9286
6.60236 21.5351
6.60809 23.7547
6.61383 24.8387
6.61956 22.4536
6.6253 25.5625
6.63104 22.2647
6.63677 17.8256
6.64251 20.3158
6.64824 21.5047
6.65398 22.1978
6.65972 18.9216
6.66545 20.8304
6.67119 20.9423
6.67693 21.686
6.68266 19.5345
6.6884 19.3981
6.69413 21.4506
6.69987 24.9709
6.70561 23.125
6.71134 22.125
6.71708 22.2955
6.72282 24.9474
6.72855 21.9167
6.73429 22.618
6.74002 21.1321
6.74576 21.1217
6.7515 20.4757
6.75723 20.8764
6.76297 21.319
6.7687 18.125
6.77444 20.5843
6.78018 23.5238
6.78591 18.75
6.79165 22.1589
6.79739 20.0345
6.80312 23.6579
6.80886 19.8036
6.81459 20.5494
6.82033 21.1238
6.82607 19.9138
6.8318 20.6476
6.83754 21
6.84328 18.6525
6.84901 19.7857
6.85475 18.6593
6.86048 21.4587
6.86622 18.7069
6.87196 21.5047
6.87769 18.2874
6.88343 21.3983
6.88916 23.2982
6.8949 20.9885
6.90064 23.2035
6.90637 19.3596
6.91211 22.6075
6.91785 20.4713
6.92358 20.8595
6.92932 21
6.93505 18.9326
6.94079 21.6283
6.94653 18.9397
6.95226 22.5327
6.958 23.4506
6.96374 18.8417
6.96947 21.9561
6.97521 20.0549
6.98094 21.1261
6.98668 22.319
6.99242 17.0642
6.99815 20.4382
7.00389 20.5667
7.00962 18.7759
7.01536 24.2418
7.0211 22.3909
7.02683 22.7951
7.03257 21.4112
7.03831 21.5914
7.04404 23.2869
7.04978 20.6957
7.05551 19.1809
7.06125 21.5229
7.06699 22.4508
7.07272 21.9633
7.07846 21.4607
7.0842 24.418
7.08993 18.7586
7.09567 18.3548
7.1014 19.2124
7.10714 21.7563
7.11288 21.7523
7.11861 24.5269
7.12435 23.7419
7.13008 21.4701
7.13582 23.4167
7.14156 21.5766
7.14729 21.0083
7.15303 23
7.15877 21.8602
7.1645 23.5081
7.17024 22.7311
7.17597 21.7551
7.18171 23.5421
7.18745 21.3361
7.19318 21.3423
7.19892 21.3297
7.20466 25.3858
7.21039 25.3504
7.21613 24.24
7.22186 23.5321
7.2276 25.1032
7.23334 22.6486
7.23907 23.2747
7.24481 22.5079
7.25054 22.9076
7.25628 24.14
7.26202 22.2162
7.26775 25
7.27349 28.5586
7.27923 27.0215
7.28496 26.2619
7.2907 24.2269
7.29643 25.8544
7.30217 24.8349
7.30791 24.1855
7.31364 27.8205
7.31938 25.6067
7.32512 25.2692
7.33085 25.6364
7.33659 28.0673
7.34232 24.819
7.34806 27.2077
7.3538 27.4234
7.35953 27.5269
7.36527 27.3594
7.371 26.6198
7.37674 28.2019
7.38248 28.6606
7.38821 28.032
7.39395 32.7241
7.39969 34.7419
7.40542 41
7.41116 56.3984
7.41689 68.8585
7.42263 42.028
7.42837 41.6111
7.4341 36.3193
7.43984 37.4944
7.44558 33.8582
7.45131 35.4711
7.45705 37.3182
7.46278 37.5922
7.46852 37.2769
7.47426 42.8376
7.47999 39.5333
7.48573 44.8864
7.49146 41.08
7.4972 40.9
7.50294 37.972
7.50867 38.7109
7.51441 34.2773
7.52015 34.8791
7.52588 30.2045
7.53162 29.92
7.53735 27.7589
7.54309 28.9612
7.54883 27.8939
7.55456 26.6723
7.5603 30.3596
7.56604 28.9403
7.57177 28.44
7.57751 27.8707
7.58324 26.6311
7.58898 25.1985
7.59472 28.6311
7.60045 24.95
7.60619 24.439
7.61192 26.093
7.61766 26.7155
7.6234 24.3465
7.62913 26.0152
7.63487 26.1074
7.64061 24.902
7.64634 24.7805
7.65208 25.1473
7.65781 26.1441
7.66355 25.8469
7.66929 28.1556
7.67502 28.3871
7.68076 26.2547
7.6865 25.6891
7.69223 28.1756
7.69797 27.339
7.7037 28.9406
7.70944 25.9552
7.71518 29.3577
7.72091 26.9727
7.72665 28.3333
7.73238 30.4496
7.73812 38.4016
7.74386 39.299
7.74959 38.9928
7.75533 33.328
7.76107 30.8661
7.7668 30.1217
7.77254 25.9771
7.77827 27.1311
7.78401 28.6364
7.78975 27.1926
7.79548 26.625
7.80122 26.1293
7.80696 30.0631
7.81269 26.6692
7.81843 27.6371
7.82416 30.9474
7.8299 25.9
7.83564 27.126
7.84137 27.0517
7.84711 27.6306
7.85284 26.4733
7.85858 23.8906
7.86432 24.3711
7.87005 23.1439
7.87579 23.4141
7.88153 26.2049
7.88726 23.2336
7.893 23.5185
7.89873 22.7656
7.90447 23.8039
7.91021 22.4286
7.91594 21.8855
7.92168 22.4583
7.92742 23.1714
7.93315 24.3066
7.93889 22.8333
7.94462 21.5526
7.95036 18.8689
7.9561 22.3258
7.96183 22.2063
7.96757 22.1524
7.9733 22.7956
7.97904 19.5692
7.98478 21.5446
7.99051 20.28
7.99625 19.8947
8.00199 21.6694
8.00772 20.0594
8.01346 20.0072
8.01919 19.0076
8.02493 19.0593
8.03067 16.9386
8.0364 20.6838
8.04214 22.2812
8.04788 17.9806
8.05361 18.3309
8.05935 17.9559
8.06508 18.9746
8.07082 22.547
8.07656 19.8613
8.08229 20.6953
8.08803 19.1414
8.09376 20.5455
8.0995 20.053
8.10524 20.418
8.11097 19.8496
8.11671 18.1241
8.12245 19.2481
8.12818 17.1696
8.13392 18.3409
8.13965 17.9203
8.14539 17.6935
8.15113 15.973
8.15686 15.2774
8.1626 15.803
8.16834 16.2542
8.17407 14.2619
8.17981 10.8134
8.18554 13.9615
8.19128 11.3738
8.19702 11.3165
8.20275 13.6119
8.20849 9.95763
8.21422 13.0242
8.21996 8.73188
8.2257 5.875
8.23143 7.57944
8.23717 5.46853
8.24291 5.24691
8.24864 4.69091
8.25438 6.57895
8.26011 6.73684
8.26585 4.33333
8.27159 0
8.27732 0
8.28306 0
8.2888 0
8.29453 0
8.30027 0
8.306 0
8.31174 0
8.31748 0
8.32321 0
8.32895 0
8.33468 0
8.34042 0
8.34616 0
8.35189 0
8.35763 0
8.36337 0
8.3691 0
8.37484 0
8.38057 0
8.38631 0
8.39205 0
8.39778 0
8.40352 0
8.40926 0
8.41499 0
8.42073 0
8.42646 0
8.4322 0
8.43794 0
8.44367 0
8.44941 0
8.45514 0
8.46088 0
8.46662 0
8.47235 0
8.47809 0
8.48383 0
8.48956 0
8.4953 0
8.50103 0
8.50677 0
8.51251 0
8.51824 0
8.52398 0
8.52972 0
8.53545 0
8.54119 0
8.54692 0
8.55266 0
8.5584 0
8.56413 0
8.56987 0
8.5756 0
8.58134 0
8.58708 0
8.59281 0
8.59855 0
8.60429 0
8.61002 0
8.61576 0
8.62149 0
8.62723 0
8.63297 0
8.6387 0
8.64444 0
8.65018 0
8.65591 0
8.66165 0
8.66738 0
8.67312 0
8.67886 0
8.68459 0
8.69033 0
8.69606 0
8.7018 0
8.70754 0
8.71327 0
8.71901 0
8.72475 0
8.73048 0
8.73622 0
8.74195 0
8.74769 0
8.75343 0
8.75916 0
8.7649 0
8.77064 0
8.77637 0
8.78211 0
8.78784 0
8.79358 0
8.79932 0
8.80505 0
8.81079 0
8.81652 0
8.82226 0
8.828 0
8.83373 0
8.83947 0
8.84521 0
8.85094 0
8.85668 0
8.86241 0
8.86815 0
8.87389 0
8.87962 0
8.88536 0
8.8911 0
8.89683 0
8.90257 0
8.9083 0
8.91404 0
8.91978 0
8.92551 0
8.93125 0
8.93698 0
8.94272 0
8.94846 0
8.95419 0
8.95993 0
8.96567 0
8.9714 0
8.97714 0
8.98287 0
8.98861 0
8.99435 0
9.00008 0
9.00582 0
9.01156 0
9.01729 0
9.02303 0
9.02876 0
9.0345 0
9.04024 0
9.04597 0
9.05171 0
9.05744 0
9.06318 0
9.06892 0
9.07465 0
9.08039 0
9.08613 0
9.09186 0
9.0976 0
9.10333 0
9.10907 0
9.11481 0
9.12054 0
9.12628 0
9.13202 0
9.13775 0
9.14349 0
9.14922 0
9.15496 0
9.1607 0
9.16643 0
9.17217 0
9.1779 0
9.18364 0
9.18938 0
9.19511 0
9.20085 0
9.20659 0
9.21232 0
9.21806 0
9.22379 0
9.22953 0
9.23527 0
9.241 0
9.24674 0
9.25248 0
9.25821 0
9.26395 0
9.26968 0
9.27542 0
9.28116 0
9.28689 0
9.29263 0
9.29836 0
9.3041 0
9.30984 0
9.31557 0
9.32131 0
9.32705 0
9.33278 0
9.33852 0
9.34425 0
9.34999 0
9.35573 0
9.36146 0
9.3672 0
9.37294 0
9.37867 0
9.38441 0
9.39014 0
9.39588 0
9.40162 0
9.40735 0
9.41309 0
9.41882 0
9.42456 0
9.4303 0
9.43603 0
9.44177 0
9.44751 0
9.45324 0
9.45898 0
9.46471 0
9.47045 0
9.47619 0
9.48192 0
9.48766 0
9.4934 0
9.49913 0
9.50487 0
9.5106 0
9.51634 0
9.52208 0
9.52781 0
9.53355 0
9.53928 0
9.54502 0
9.55076 0
9.55649 0
9.56223 0
9.56797 0
9.5737 0
9.57944 0
9.58517 0
9.59091 0
9.59665 0
9.60238 0
9.60812 0
9.61386 0
9.61959 0
9.62533 0
9.63106 0
9.6368 0
9.64254 0
9.64827 0
9.65401 0
9.65974 0
9.66548 0
9.67122 0
9.67695 0
9.68269 0
9.68843 0
9.69416 0
9.6999 0
9.70563 0
9.71137 0
9.71711 0
9.72284 0
9.72858 0
9.73432 0
9.74005 0
9.74579 0
9.75152 0
9.75726 0
9.763 0
9.76873 0
9.77447 0
9.7802 0
9.78594 0
9.79168 0
9.79741 0
9.80315 0
9.80889 0
9.81462 0
9.82036 0
9.82609 0
9.83183 0
9.83757 0
9.8433 0
9.84904 0
9.85478 0
9.86051 0
9.86625 0
9.87198 0
9.87772 0
9.88346 0
9.88919 0
9.89493 0
9.90066 0
9.9064 0
9.91214 0
9.91787 0
9.92361 0
9.92935 0
9.93508 0
9.94082 0
9.94655 0
9.95229 0
9.95803 0
9.96376 0
9.9695 0
9.97524 0
9.98097 0
9.98671 0
9.99244 0
9.99818 0
10.0039 0
10.0097 0
10.0154 0
10.0211 0
10.0269 0
10.0326 0
10.0383 0
10.0441 0
10.0498 0
10.0555 0
10.0613 0
10.067 0
10.0728 0
10.0785 0
10.0842 0
10.09 0
10.0957 0
10.1014 0
10.1072 0
10.1129 0
10.1186 0
10.1244 0
10.1301 0
10.1358 0
10.1416 0
10.1473 0
10.1531 0
10.1588 0
10.1645 0
10.1703 0
10.176 0
10.1817 0
10.1875 0
10.1932 0
10.1989 0
10.2047 0
10.2104 0
10.2162 0
10.2219 0
10.2276 0
10.2334 0
10.2391 0
10.2448 0
10.2506 0
10.2563 0
10.262 0
10.2678 0
10.2735 0
10.2793 0
10.285 0
10.2907 0
10.2965 0
10.3022 0
10.3079 0
10.3137 0
10.3194 0
10.3251 0
10.3309 0
10.3366 0
10.3424 0
10.3481 0
10.3538 0
10.3596 0
10.3653 0
10.371 0
10.3768 0
10.3825 0
10.3882 0
10.394 0
10.3997 0
10.4054 0
10.4112 0
10.4169 0
10.4227 0
10.4284 0
10.4341 0
10.4399 0
10.4456 0
10.4513 0
10.4571 0
10.4628 0
10.4685 0
10.4743 0
10.48 0
10.4858 0
10.4915 0
10.4972 0
10.503 0
10.5087 0
10.5144 0
10.5202 0
10.5259 0
10.5316 0
10.5374 0
10.5431 0
10.5489 0
10.5546 0
10.5603 0
10.5661 0
10.5718 0
10.5775 0
10.5833 0
10.589 0
10.5947 0
10.6005 0
10.6062 0
10.612 0
10.6177 0
10.6234 0
10.6292 0
10.6349 0
10.6406 0
10.6464 0
10.6521 0
10.6578 0
10.6636 0
10.6693 0
10.6751 0
10.6808 0
10.6865 0
10.6923 0
10.698 0
10.7037 0
10.7095 0
10.7152 0
10.7209 0
10.7267 0
10.7324 0
10.7381 0
10.7439 0
10.7496 0
10.7554 0
10.7611 0
10.7668 0
10.7726 0
10.7783 0
10.784 0
10.7898 0
10.7955 0
10.8012 0
10.807 0
10.8127 0
10.8185 0
10.8242 0
10.8299 0
10.8357 0
10.8414 0
10.8471 0
10.8529 0
10.8586 0
10.8643 0
10.8701 0
10.8758 0
10.8816 0
10.8873 0
10.893 0
10.8988 0
10.9045 0
10.9102 0
10.916 0
10.9217 0
10.9274 0
10.9332 0
10.9389 0
10.9447 0
10.9504 0
10.9561 0
10.9619 0
10.9676 0
10.9733 0
10.9791 0
10.9848 0
10.9905 0
10.9963 0
11.002 0
11.0077 0
11.0135 0
11.0192 0
11.025 0
11.0307 0
11.0364 0
11.0422 0
11.0479 0
11.0536 0
11.0594 0
11.0651 0
11.0708 0
11.0766 0
11.0823 0
11.0881 0
11.0938 0
11.0995 0
11.1053 0
11.111 0
11.1167 0
11.1225 0
11.1282 0
11.1339 0
11.1397 0
11.1454 0
11.1512 0
11.1569 0
11.1626 0
11.1684 0
11.1741 0
11.1798 0
11.1856 0
11.1913 0
11.197 0
11.2028 0
11.2085 0
11.2143 0
11.22 0
11.2257 0
11.2315 0
11.2372 0
11.2429 0
11.2487 0
11.2544 0
11.2601 0
11.2659 0
11.2716 0
11.2774 0
11.2831 0
11.2888 0
11.2946 0
11.3003 0
11.306 0
11.3118 0
11.3175 0
11.3232 0
11.329 0
11.3347 0
11.3404 0
11.3462 0
11.3519 0
11.3577 0
11.3634 0
11.3691 0
11.3749 0
11.3806 0
11.3863 0
11.3921 0
11.3978 0
11.4035 0
11.4093 0
11.415 0
11.4208 0
11.4265 0
11.4322 0
11.438 0
11.4437 0
11.4494 0
11.4552 0
11.4609 0
11.4666 0
11.4724 0
11.4781 0
11.4839 0
11.4896 0
11.4953 0
11.5011 0
11.5068 0
11.5125 0
11.5183 0
11.524 0
11.5297 0
11.5355 0
11.5412 0
11.547 0
11.5527 0
11.5584 0
11.5642 0
11.5699 0
11.5756 0
11.5814 0
11.5871 0
11.5928 0
11.5986 0
11.6043 0
11.61 0
11.6158 0
11.6215 0
11.6273 0
11.633 0
11.6387 0
11.6445 0
11.6502 0
11.6559 0
11.6617 0
11.6674 0
11.6731 0
11.6789 0
11.6846 0
11.6904 0
11.6961 0
11.7018 0
11.7076 0
11.7133 0
11.719 0
11.7248 0
11.7305 0
11.7362 0
11.742 0
