0 -9
0.00573619 -11
0.0114724 -17
0.0172086 0
0.0229448 0
0.028681 0
0.0344171 0
0.0401533 -7
0.0458895 -4
0.0516257 15
0.0573619 0
0.0630981 30
0.0688343 9
0.0745705 0
0.0803067 -27
0.0860429 4
0.091779 0
0.0975152 0
0.103251 -5.33333
0.108988 1
0.114724 0
0.12046 -3
0.126196 -3.66667
0.131932 0
0.137669 -11.6667
0.143405 5.33333
0.149141 36
0.154877 7.5
0.160613 -6
0.16635 -6
0.172086 0
0.177822 4.33333
0.183558 -1.4
0.189294 0
0.19503 -12.2
0.200767 3
0.206503 6.66667
0.212239 -0.5
0.217975 0.2
0.223711 -13.8
0.229448 0
0.235184 19.4
0.24092 15.8
0.246656 0
0.252392 7
0.258129 4.4
0.263865 14.2
0.269601 0
0.275337 6
0.281073 10.7143
0.28681 0
0.292546 16.8571
0.298282 0
0.304018 0.666667
0.309754 14.25
0.31549 11
0.321227 7.14286
0.326963 0
0.332699 10.2857
0.338435 5.28571
0.344171 0
0.349908 4.85714
0.355644 2.57143
0.36138 2
0.367116 12
0.372852 0.111111
0.378589 11.2857
0.384325 -6.5
0.390061 3.22222
0.395797 9.77778
0.401533 0
0.40727 6
0.413006 5.33333
0.418742 12.4286
0.424478 11
0.430214 2.88889
0.43595 9.33333
0.441687 0
0.447423 15.3333
0.453159 8.77778
0.458895 7.66667
0.464631 19.7143
0.470368 8.18182
0.476104 3.22222
0.48184 -8
0.487576 19.6364
0.493312 8.09091
0.499049 0
0.504785 -8.18182
0.510521 7.09091
0.516257 11.2
0.521993 4.16667
0.52773 12.1818
0.533466 -1.66667
0.539202 24
0.544938 21.1818
0.550674 8.54545
0.55641 0
0.562147 6.38462
0.567883 8.53846
0.573619 -2.42857
0.579355 18.8333
0.585091 13.6154
0.590828 14.7273
0.596564 6.5
0.6023 13.1538
0.608036 15.6923
0.613772 2.4
0.619509 9.25
0.625245 9.76923
0.630981 21.4444
0.636717 3.25
0.642453 3.76923
0.64819 9.15385
0.653926 5
0.659662 8.26667
0.665398 5.06667
0.671134 4
0.67687 5.125
0.682607 6.06667
0.688343 10.3636
0.694079 21.75
0.699815 12.7333
0.705551 5.53333
0.711288 -3
0.717024 14.7857
0.72276 4.93333
0.728496 2
0.734232 17
0.739969 3.9375
0.745705 5.61538
0.751441 28.75
0.757177 8.29412
0.762913 12.7059
0.76865 18.8
0.774386 12.4167
0.780122 0.529412
0.785858 6.27273
0.791594 13.3333
0.79733 3.41176
0.803067 0.866667
0.808803 -7.5
0.814539 3.05882
0.820275 6.47059
0.826011 7.55556
0.831748 4.75
0.837484 6.66667
0.84322 10
0.848956 0.666667
0.854692 5.42105
0.860429 21.4118
0.866165 10.6
0.871901 6
0.877637 6.31579
0.883373 0.909091
0.88911 9
0.894846 5.52632
0.900582 4.26667
0.906318 16.5
0.912054 8.68421
0.91779 8.23529
0.923527 5.66667
0.929263 4.61538
0.934999 4.04762
0.940735 8.61539
0.946471 18.125
0.952208 3.85714
0.957944 16.2353
0.96368 15.25
0.969416 7.57143
0.975152 7
0.980889 7.45455
0.986625 5
0.992361 9
0.998097 7.26667
1.00383 7.83333
1.00957 2.71429
1.01531 9
1.02104 8.4
1.02678 10.8824
1.03251 8.19048
1.03825 6.15385
1.04399 7.08333
1.04972 10
1.05546 13.3529
1.0612 10.1667
1.06693 8.26087
1.07267 2.84211
1.0784 12
1.08414 10.2857
1.08988 6.69565
1.09561 8.46667
1.10135 -3.875
1.10708 7.3913
1.11282 2.88235
1.11856 9.42857
1.12429 9.32
1.13003 14.7143
1.13577 12.8
1.1415 9.42857
1.14724 12.84
1.15297 8.33333
1.15871 9.1
1.16445 9.12
1.17018 9.52632
1.17592 4.76923
1.18166 10.7778
1.18739 11.8696
1.19313 8.06667
1.19886 8.91667
1.2046 9.36
1.21034 7.38889
1.21607 -4.44444
1.22181 10.5926
1.22754 9.95238
1.23328 9.11765
1.23902 5.8125
1.24475 7.76
1.25049 16.9412
1.25623 6.91667
1.26196 9.88889
1.2677 10.3158
1.27343 -2
1.27917 7.31818
1.28491 11.5217
1.29064 12
1.29638 10.5714
1.30212 9.92593
1.30785 8.88889
1.31359 4.16667
1.31932 7.44828
1.32506 4.09524
1.3308 5.64706
1.33653 9.6
1.34227 1.84
1.348 16
1.35374 7.71429
1.35948 1.03704
1.36521 10.2381
1.37095 3.6
1.37669 11.0345
1.38242 7
1.38816 14.7059
1.39389 4.42105
1.39963 10.5185
1.40537 11.15
1.4111 8.35714
1.41684 13.4138
1.42258 1.21739
1.42831 9.88235
1.43405 8.75
1.43978 8.96
1.44552 7.19048
1.45126 2.875
1.45699 12.1379
1.46273 5.04762
1.46846 8.33333
1.4742 6.03226
1.47994 2.6087
1.48567 7.4
1.49141 3.2381
1.49715 7.85185
1.50288 3.21739
1.50862 9.0625
1.51435 7.62069
1.52009 6.76
1.52583 9.93333
1.53156 11.8
1.5373 11.84
1.54304 7.19048
1.54877 11
1.55451 10.8966
1.56024 5.13043
1.56598 6.14286
1.57172 10.7742
1.57745 7.48
1.58319 10.2
1.58892 13.08
1.59466 5.03704
1.6004 8.24
1.60613 4.5
1.61187 13.7419
1.61761 9.2
1.62334 4.14286
1.62908 10.697
1.63481 6.77778
1.64055 11.3478
1.64629 11.0909
1.65202 9.51724
1.65776 6.32
1.6635 3.9375
1.66923 8.41935
1.67497 7.53571
1.6807 6.8
1.68644 5.92857
1.69218 1.17241
1.69791 6.2
1.70365 10.5909
1.70938 6.64516
1.71512 7.51852
1.72086 9
1.72659 11.5455
1.73233 10.4483
1.73807 6.21739
1.7438 12
1.74954 10.7241
1.75527 12
1.76101 12.2632
1.76675 9.30303
1.77248 9.28571
1.77822 6.45
1.78396 5.26667
1.78969 8.74194
1.79543 3.92593
1.80116 5.58333
1.8069 8.54839
1.81264 12.0345
1.81837 12.8333
1.82411 9.25714
1.82984 7.13793
1.83558 8.52
1.84132 11.6154
1.84705 12.4194
1.85279 4.33333
1.85853 7.95652
1.86426 12.1515
1.87 11.3
1.87573 9.55556
1.88147 12.0286
1.88721 12.5758
1.89294 7.88889
1.89868 5.73077
1.90442 7.84848
1.91015 7.35484
1.91589 10
1.92162 9.08571
1.92736 13.6452
1.9331 16.84
1.93883 10.6429
1.94457 25.3636
1.9503 45.9667
1.95604 21.125
1.96178 27.4118
1.96751 18.0312
1.97325 19.2
1.97899 15.2973
1.98472 19.697
1.99046 16.5862
1.99619 1
2.00193 12.6857
2.00767 15.7097
2.0134 7.54167
2.01914 9.17143
2.02488 12.7273
2.03061 7.76
2.03635 7.53125
2.04208 7.64706
2.04782 6.875
2.05356 9.375
2.05929 5.58333
2.06503 13.3143
2.07076 11.5455
2.0765 11.0811
2.08224 11.7143
2.08797 6.13793
2.09371 8.75
2.09945 4.89189
2.10518 8.66667
2.11092 10.875
2.11665 14.2162
2.12239 7.85714
2.12813 3.91304
2.13386 10
2.1396 9.5
2.14534 7.625
2.15107 8.30769
2.15681 11.4474
2.16254 10.8108
2.16828 10.6364
2.17402 3.51282
2.17975 11.2973
2.18549 9.41935
2.19122 6.03333
2.19696 7.7027
2.2027 12.2857
2.20843 8.04167
2.21417 12.7692
2.21991 7.40541
2.22564 16
2.23138 10.025
2.23711 14.3421
2.24285 15.6765
2.24859 59.6429
2.25432 34
2.26006 23.5128
2.2658 22.8636
2.27153 16.0976
2.27727 10.6154
2.283 10.8387
2.28874 10.8125
2.29448 6.71795
2.30021 10.2162
2.30595 12.8846
2.31168 8.4359
2.31742 11.6923
2.32316 5.86364
2.32889 11.8571
2.33463 15.05
2.34037 15
2.3461 13.1429
2.35184 9.7907
2.35757 8.48649
2.36331 16.5769
2.36905 16.0488
2.37478 12.8293
2.38052 17.3226
2.38626 14.5882
2.39199 18.4651
2.39773 14.1081
2.40346 10.4615
2.4092 8.86047
2.41494 10.325
2.42067 6.95455
2.42641 11.3409
2.43214 15.2857
2.43788 4.57143
2.44362 9.59375
2.44935 8.17778
2.45509 13.5641
2.46083 10.0385
2.46656 9.84444
2.4723 7.43902
2.47803 9.65517
2.48377 6.875
2.48951 8.34884
2.49524 10.0256
2.50098 4.26923
2.50672 8.13043
2.51245 10.2143
2.51819 12.2083
2.52392 8.56522
2.52966 13.0682
2.5354 7.66667
2.54113 3.22222
2.54687 9.82222
2.5526 10
2.55834 15.7692
2.56408 13.0638
2.56981 10.6047
2.57555 14.4828
2.58129 11.1667
2.58702 10.8667
2.59276 9.16216
2.59849 11.9375
2.60423 11.4565
2.60997 6.18182
2.6157 13.4167
2.62144 8.58333
2.62718 9.78723
2.63291 11.6857
2.63865 9.16667
2.64438 11.6809
2.65012 14.8537
2.65586 10.4333
2.66159 9.12766
2.66733 12.0222
2.67306 7.44
2.6788 12.8333
2.68454 10.8298
2.69027 11.3077
2.69601 13.2727
2.70175 7.25
2.70748 7.53333
2.71322 11.2593
2.71895 10.5625
2.72469 10.8367
2.73043 3.71429
2.73616 15
2.7419 8.5102
2.74764 13.0698
2.75337 3.26667
2.75911 14.0408
2.76484 12.0408
2.77058 9.04167
2.77632 7.87755
2.78205 5.1
2.78779 7.12821
2.79352 6.6
2.79926 7.53846
2.805 7.62222
2.81073 10.3333
2.81647 7.79245
2.82221 4.7551
2.82794 12.6486
2.83368 15.1579
2.83941 8.15094
2.84515 5.78049
2.85089 8.84375
2.85662 9.58491
2.86236 8.91837
2.8681 6
2.87383 6.22642
2.87957 9.28
2.8853 8.80488
2.89104 10.7027
2.89678 7.84615
2.90251 10.8889
2.90825 7.55172
2.91398 11.2545
2.91972 9
2.92546 2.67568
2.93119 3.97619
2.93693 4.22642
2.94267 11.6222
2.9484 9.21875
2.95414 8.88679
2.95987 8.2449
2.96561 11.4231
2.97135 8.94643
2.97708 8.85185
2.98282 12.3077
2.98856 11.0513
2.99429 8.61111
3.00003 9.82979
3.00576 9.34375
3.0115 9
3.01724 8.20755
3.02297 8.7027
3.02871 7.68182
3.03444 6.14545
3.04018 12.9778
3.04592 7.79412
3.05165 5.47273
3.05739 11.6078
3.06313 2.06897
3.06886 7.875
3.0746 8.65455
3.08033 7.36364
3.08607 7.2973
3.09181 7.85714
3.09754 8.81633
3.10328 7.75
3.10902 7.50847
3.11475 9.20755
3.12049 5.84615
3.12622 11.7391
3.13196 8.03636
3.1377 9.93617
3.14343 10.7778
3.14917 8.42105
3.1549 7
3.16064 8.72414
3.16638 9.48333
3.17211 14.1273
3.17785 10.4091
3.18359 39.878
3.18932 21.6271
3.19506 16.2449
3.20079 12.2353
3.20653 9.11864
3.21227 10.3962
3.218 7.80488
3.22374 6.5
3.22948 8.16949
3.23521 4.82222
3.24095 10
3.24668 10.7667
3.25242 10.4717
3.25816 13.2353
3.26389 7.33333
3.26963 11.8947
3.27536 7.82609
3.2811 10.0732
3.28684 11.3934
3.29257 9.85714
3.29831 9.41667
3.30405 4.20635
3.30978 9.70909
3.31552 9.93023
3.32125 10.4167
3.32699 15.8246
3.33273 9.86275
3.33846 13.2632
3.3442 11.0806
3.34994 13.4314
3.35567 10.8947
3.36141 21.5085
3.36714 14.1228
3.37288 18.3958
3.37862 8.38636
3.38435 14.0984
3.39009 8.22641
3.39582 12.6111
3.40156 12.9683
3.4073 11.3636
3.41303 9.6383
3.41877 9.66667
3.42451 13.7705
3.43024 11.9388
3.43598 10.7561
3.44171 10.8413
3.44745 12.8393
3.45319 12.3095
3.45892 14.5818
3.46466 12
3.4704 7.18
3.47613 7.70455
3.48187 12.619
3.4876 10.1887
3.49334 8.05263
3.49908 11.2985
3.50481 8.68421
3.51055 13.4894
3.51628 11.46
3.52202 12.1803
3.52776 11.2778
3.53349 7.56098
3.53923 12.7846
3.54497 10.037
3.5507 14.5208
3.55644 15.4182
3.56217 15.5085
3.56791 22.2075
3.57365 25.4348
3.57938 27.5077
3.58512 20.9636
3.59086 17.8947
3.59659 11.8507
3.60233 12.5254
3.60806 15.8824
3.6138 14.4167
3.61954 11
3.62527 12.6964
3.63101 12.1463
3.63674 8.92537
3.64248 14.7586
3.64822 13.6875
3.65395 14.0175
3.65969 17.7705
3.66543 22.9455
3.67116 22.4348
3.6769 22.6667
3.68263 21.4262
3.68837 17.3947
3.69411 22.5797
3.69984 23.8305
3.70558 23.0377
3.71132 19.1176
3.71705 21.8
3.72279 23.4107
3.72852 22.4884
3.73426 23.6119
3.74 33.4355
3.74573 26.62
3.75147 23.75
3.7572 24.7302
3.76294 26.6102
3.76868 21.1818
3.77441 25.806
3.78015 24.6102
3.78589 25.3404
3.79162 28.2031
3.79736 31.2857
3.80309 33.3214
3.80883 33.1765
3.81457 34.7846
3.8203 36.1333
3.82604 42.6744
3.83178 43.029
3.83751 48.871
3.84325 55.4286
3.84898 59.3704
3.85472 61.9048
3.86046 71.1803
3.86619 96.7174
3.87193 97.2754
3.87766 173.197
3.8834 495.294
3.88914 351.75
3.89487 2367.62
3.90061 5121.45
3.90635 756.918
3.91208 865.791
3.91782 602.516
3.92355 552.829
3.92929 571.915
3.93503 552.516
3.94076 443.22
3.9465 338.981
3.95224 239.716
3.95797 174.508
3.96371 141.652
3.96944 113.38
3.97518 89.7302
3.98092 75.5091
3.98665 66.1379
3.99239 62.1618
3.99812 56.1774
4.00386 46.4694
4.0096 43.6812
4.01533 39.9531
4.02107 42.18
4.02681 39.5758
4.03254 36.2121
4.03828 36.1803
4.04401 28.25
4.04975 30.7183
4.05549 36.2308
4.06122 29.0217
4.06696 33.1884
4.0727 33.4493
4.07843 28.9167
4.08417 27.8036
4.0899 27.5294
4.09564 26.3906
4.10138 18.54
4.10711 27.0972
4.11285 25.3939
4.11858 22.8393
4.12432 22.4516
4.13006 23.3913
4.13579 19.8889
4.14153 14.6538
4.14727 23.4932
4.153 17.0448
4.15874 20.4318
4.16447 20.411
4.17021 18.9718
4.17595 15.5645
4.18168 20.625
4.18742 17.1286
4.19316 17.8333
4.19889 15.38
4.20463 19.9324
4.21036 17.6471
4.2161 17.9
4.22184 16.0517
4.22757 21.1918
4.23331 22.7313
4.23904 16
4.24478 17.7867
4.25052 18.3333
4.25625 17.6364
4.26199 14.9844
4.26773 18.6528
4.27346 17.4697
4.2792 16.625
4.28493 18.2917
4.29067 16.3714
4.29641 17.5208
4.30214 17.4868
4.30788 16.5714
4.31362 20.5077
4.31935 16.7857
4.32509 18.1067
4.33082 15.3043
4.33656 18.66
4.3423 20.1867
4.34803 16.6164
4.35377 20.1129
4.3595 20.3833
4.36524 20.3243
4.37098 19.2857
4.37671 20.0185
4.38245 24.1351
4.38819 24.4722
4.39392 22.5789
4.39966 25.7971
4.40539 28.0972
4.41113 28.1304
4.41687 24.8333
4.4226 31.026
4.42834 34.137
4.43408 31.5625
4.43981 35.4416
4.44555 38.7067
4.45128 44.3846
4.45702 45.7119
4.46276 56.0526
4.46849 67.7639
4.47423 83.3333
4.47996 228.789
4.4857 391.27
4.49144 2201.15
4.49717 1820.7
4.50291 1484.36
4.50865 722.831
4.51438 416.75
4.52012 378.633
4.52585 290.12
4.53159 218.842
4.53733 222.257
4.54306 184.438
4.5488 152.791
4.55454 128.667
4.56027 107.213
4.56601 84.2027
4.57174 73.7692
4.57748 65.2949
4.58322 49.5641
4.58895 42.4627
4.59469 33.541
4.60042 33.8987
4.60616 28.7733
4.6119 20.92
4.61763 27.4337
4.62337 23.3506
4.62911 19.3968
4.63484 17.7188
4.64058 20.4268
4.64631 19.7222
4.65205 16.1786
4.65779 16.1875
4.66352 19.4103
4.66926 17.7213
4.675 14.0423
4.68073 13.0769
4.68647 15.3699
4.6922 12.8966
4.69794 12.9259
4.70368 12.8831
4.70941 10.92
4.71515 16.5529
4.72088 14.557
4.72662 12.3333
4.73236 12.4603
4.73809 15.0854
4.74383 13.1923
4.74957 14.8077
4.7553 15.0952
4.76104 13.6
4.76677 15.3433
4.77251 13.2
4.77825 11.5122
4.78398 12.4267
4.78972 10.5536
4.79546 13.5176
4.80119 13.8481
4.80693 13.7538
4.81266 9.51429
4.8184 12.6667
4.82414 9.72603
4.82987 8.54098
4.83561 11.75
4.84134 7.2875
4.84708 8.86792
4.85282 11.9059
4.85855 6.9878
4.86429 7.83099
4.87003 7.88525
4.87576 9.85057
4.8815 5.88608
4.88723 9.88889
4.89297 6.18824
4.89871 12.506
4.90444 17.0986
4.91018 5.78788
4.91592 7.92857
4.92165 9.63291
4.92739 7
4.93312 9.51163
4.93886 9.32143
4.9446 10.6119
4.95033 6.04225
4.95607 7.59302
4.9618 6.71429
4.96754 7.01695
4.97328 6.14943
4.97901 4.95181
4.98475 5.42623
4.99049 8.37179
4.99622 6.29885
5.00196 3.31507
5.00769 7
5.01343 7.10227
5.01917 7.77108
5.0249 6.30189
5.03064 10.2
5.03638 7.55814
5.04211 11.04
5.04785 9.98462
5.05358 4.16279
5.05932 9
5.06506 7.51724
5.07079 6.30337
5.07653 7.26437
5.08226 8.83099
5.088 7.24286
5.09374 5.91111
5.09947 7.27273
5.10521 8.25397
5.11095 6.55556
5.11668 7.07059
5.12242 7.09091
5.12815 5.63636
5.13389 7.18889
5.13963 6.64935
5.14536 7.19672
5.1511 7.8587
5.15684 5.10843
5.16257 11.4286
5.16831 6.83333
5.17404 6.52809
5.17978 9.38961
5.18552 9.72727
5.19125 7.52222
5.19699 8.81928
5.20272 7.98305
5.20846 10.6957
5.2142 7.44944
5.21993 9.69737
5.22567 6.82609
5.23141 6.06522
5.23714 5.28395
5.24288 8.44262
5.24861 6.78495
5.25435 9.22472
5.26009 7.84507
5.26582 7.57895
5.27156 6.58242
5.2773 10.962
5.28303 10.2462
5.28877 7.95745
5.2945 10.6552
5.30024 8.26389
5.30598 8.11392
5.31171 7.38202
5.31745 11.2439
5.32318 8.53846
5.32892 8.39362
5.33466 7.91954
5.34039 8.93939
5.34613 9.32558
5.35187 9.30769
5.3576 9.5679
5.36334 6.81818
5.36907 6.98958
5.37481 8.48235
5.38055 9.13115
5.38628 9.82292
5.39202 9.75824
5.39776 6.225
5.40349 10.507
5.40923 13.4271
5.41496 12.4815
5.4207 11.1746
5.42644 12.2449
5.43217 10.4494
5.43791 9.34177
5.44364 8.44595
5.44938 10.3814
5.45512 8.75309
5.46085 7.83333
5.46659 9.0102
5.47233 6.40449
5.47806 8.76316
5.4838 5.55556
5.48953 9.44086
5.49527 5.83333
5.50101 5.35821
5.50674 8.36735
5.51248 8.23596
5.51822 4.64865
5.52395 15.8795
5.52969 11.4086
5.53542 8.61176
5.54116 6.98529
5.5469 10.3131
5.55263 6.38202
5.55837 7.31944
5.5641 8.05618
5.56984 8.23656
5.57558 10.1429
5.58131 9.75342
5.58705 6.9596
5.59279 4.5
5.59852 10.873
5.60426 3.8
5.60999 6.26882
5.61573 9.9878
5.62147 7.02632
5.6272 6.3299
5.63294 4.55172
5.63868 5.4697
5.64441 9.20792
5.65015 8.87097
5.65588 9.16667
5.66162 9
5.66736 9.25253
5.67309 7.61628
5.67883 9.57971
5.68456 6.15842
5.6903 6.6
5.69604 5.34146
5.70177 6.3012
5.70751 8.87368
5.71325 5.875
5.71898 8.77778
5.72472 9.42424
5.73045 7.6129
5.73619 11.038
5.74193 6.47191
5.74766 9.46316
5.7534 4.34091
5.75914 9.39437
5.76487 10.0495
5.77061 6.19149
5.77634 10.8718
5.78208 7.20225
5.78782 6.51546
5.79355 11.7674
5.79929 10.3467
5.80502 7.53465
5.81076 12.172
5.8165 9.42667
5.82223 7.33333
5.82797 9.47423
5.83371 10.5581
5.83944 9.55696
5.84518 8.41414
5.85091 7.4375
5.85665 9.93846
5.86239 8.50476
5.86812 8.65306
5.87386 10.3721
5.8796 6.01266
5.88533 9.68317
5.89107 9.51087
5.8968 11.2899
5.90254 7.78095
5.90828 9.67677
5.91401 10.2706
5.91975 8.69512
5.92548 4.63636
5.93122 9.29787
5.93696 11.8356
5.94269 10.181
5.94843 9.71875
5.95417 8.48864
5.9599 4.56471
5.96564 7.9697
5.97137 9.45745
5.97711 7.20548
5.98285 11.6117
5.98858 11.6122
5.99432 10.1059
6.00006 6.2
6.00579 7.59596
6.01153 10.3226
6.01726 8.66667
6.023 11.1524
6.02874 6.75
6.03447 10.7159
6.04021 8.56667
6.04594 11.4796
6.05168 14.9062
6.05742 11.013
6.06315 9.98095
6.06889 13.7917
6.07463 7.79762
6.08036 7.51064
6.0861 12.7755
6.09183 15.2784
6.09757 11.0769
6.10331 9.15238
6.10904 11.5
6.11478 8.52326
6.12052 11.3542
6.12625 10.73
6.13199 13.3404
6.13772 8.47561
6.14346 9.86275
6.1492 6.72
6.15493 11.325
6.16067 8.34314
6.1664 13.7755
6.17214 11.0532
6.17788 10.0238
6.18361 8.29126
6.18935 12.2525
6.19509 11.0676
6.20082 10.7982
6.20656 11.9804
6.21229 12.3021
6.21803 11.2805
6.22377 13.217
6.2295 11.43
6.23524 7.64
6.24098 15.1193
6.24671 14.6569
6.25245 15.6809
6.25818 17.7209
6.26392 17.0196
6.26966 18.1275
6.27539 17.3158
6.28113 15.2018
6.28686 17.5049
6.2926 17.1979
6.29834 17.8182
6.30407 17.5192
6.30981 15.902
6.31555 18.5641
6.32128 17.3611
6.32702 19.4712
6.33275 20.1042
6.33849 21.8523
6.34423 26.375
6.34996 35.2255
6.3557 30.5769
6.36144 38.0185
6.36717 47.1143
6.37291 60.3684
6.37864 73.5444
6.38438 95.5943
6.39012 94.2255
6.39585 106.262
6.40159 118.917
6.40732 138.019
6.41306 143.585
6.4188 156.315
6.42453 159.311
6.43027 147.206
6.43601 123.622
6.44174 99.9623
6.44748 74.9722
6.45321 61.7766
6.45895 47.9457
6.46469 40.8571
6.47042 38.6699
6.47616 32.9762
6.4819 28.2727
6.48763 30.1389
6.49337 22.8387
6.4991 22.7158
6.50484 23.6759
6.51058 18.4216
6.51631 21.8571
6.52205 19.0273
6.52778 19.3056
6.53352 17.7283
6.53926 14.5521
6.54499 16.6019
6.55073 15.3398
6.55647 13.4167
6.5622 12.4248
6.56794 13.6759
6.57367 14.8602
6.57941 12.1053
6.58515 14.5446
6.59088 14.8173
6.59662 14.369
6.60236 15.5526
6.60809 11.4151
6.61383 13.4731
6.61956 15.2062
6.6253 13.6429
6.63104 12.3039
6.63677 13.1628
6.64251 14.0526
6.64824 11.8972
6.65398 13.4835
6.65972 14.3922
6.66545 11.6429
6.67119 12.6731
6.67693 12.8372
6.68266 12.9052
6.6884 7.74074
6.69413 11.978
6.69987 13.2233
6.70561 13.2411
6.71134 13.7596
6.71708 11.2727
6.72282 12.7193
6.72855 13.5648
6.73429 12.2247
6.74002 16.0377
6.74576 15.1565
6.7515 11.8641
6.75723 11.6292
6.76297 12
6.7687 12.6786
6.77444 14.5618
6.78018 12.0476
6.78591 12.8707
6.79165 10.1308
6.79739 11.9655
6.80312 10.8947
6.80886 10.4464
6.81459 13.6923
6.82033 11.4762
6.82607 11.5948
6.8318 10.7619
6.83754 16.125
6.84328 12.1525
6.84901 14.7857
6.85475 11.2637
6.86048 13.4037
6.86622 9.80172
6.87196 9.59813
6.87769 10.1034
6.88343 9.00847
6.88916 8.6579
6.8949 12.2069
6.90064 11.469
6.90637 11.7719
6.91211 10.9159
6.91785 9.35632
6.92358 8.41322
6.92932 10.4159
6.93505 11.6517
6.94079 10.3894
6.94653 10.569
6.95226 11.0187
6.958 11.5824
6.96374 10.6
6.96947 9.99123
6.97521 9.25275
6.98094 11.5676
6.98668 12.3276
6.99242 10.2018
6.99815 9.31461
7.00389 11.0833
7.00962 11.8621
7.01536 5.10989
7.0211 9.07273
7.02683 12.3115
7.03257 8.43925
7.03831 8.84946
7.04404 12.5902
7.04978 10.5913
7.05551 9.95745
7.06125 9.04587
7.06699 10.1639
7.07272 11.8899
7.07846 13.2697
7.0842 11.1393
7.08993 10.3793
7.09567 12.4409
7.1014 10.7699
7.10714 10.2185
7.11288 11.6606
7.11861 10.9677
7.12435 9.24194
7.13008 9.31624
7.13582 11.1875
7.14156 12.4955
7.14729 11.9917
7.15303 14.5872
7.15877 10.9785
7.1645 13.6613
7.17024 9.33613
7.17597 10.2143
7.18171 12.0093
7.18745 10.4836
7.19318 9.73874
7.19892 9.69231
7.20466 11.2677
7.21039 9.62393
7.21613 12.46
7.22186 10.578
7.2276 10.4444
7.23334 11.3153
7.23907 14.2308
7.24481 9.74603
7.25054 11.8571
7.25628 8.79
7.26202 10.8829
7.26775 10.8443
7.27349 9.71171
7.27923 11.2258
7.28496 12.0556
7.2907 12.2941
7.29643 9.47573
7.30217 14.6147
7.30791 10.3065
7.31364 9.99145
7.31938 11.7191
7.32512 11.1538
7.33085 12.0909
7.33659 12.2596
7.34232 14.5238
7.34806 16.1923
7.3538 13.1441
7.35953 12.8387
7.36527 13.6562
7.371 14.6364
7.37674 16.375
7.38248 19.9358
7.38821 17.856
7.39395 18.6293
7.39969 17.9462
7.40542 16.3385
7.41116 16.5122
7.41689 20
7.42263 17.3738
7.42837 20.6667
7.4341 22.7983
7.43984 22.573
7.44558 27.8134
7.45131 36.3636
7.45705 38.7909
7.46278 98.8252
7.46852 221.015
7.47426 372.838
7.47999 388.867
7.48573 251.561
7.49146 148.728
7.4972 129.309
7.50294 131.336
7.50867 127.023
7.51441 128.059
7.52015 139.088
7.52588 139.477
7.53162 141.328
7.53735 136.688
7.54309 125.097
7.54883 107.561
7.55456 85.7395
7.5603 69.2135
7.56604 59.2239
7.57177 44.28
7.57751 37.1983
7.58324 34.5146
7.58898 30.6641
7.59472 25.7049
7.60045 22.54
7.60619 24.2439
7.61192 18.3101
7.61766 19.8534
7.6234 19.7129
7.62913 17.9167
7.63487 16.2231
7.64061 16.3333
7.64634 18.374
7.65208 16.3876
7.65781 15.0678
7.66355 14.9898
7.66929 13.437
7.67502 13.1048
7.68076 14.1509
7.6865 11.958
7.69223 15.313
7.69797 14.4576
7.7037 14.6931
7.70944 14.2612
7.71518 13.1382
7.72091 11.3818
7.72665 16.0427
7.73238 13.2481
7.73812 12.7213
7.74386 11.433
7.74959 14.7464
7.75533 11.968
7.76107 14.8482
7.7668 15.1043
7.77254 13.9695
7.77827 14.9262
7.78401 15.5859
7.78975 13.8963
7.79548 16.4531
7.80122 17.7672
7.80696 26.0631
7.81269 26
7.81843 31.4113
7.82416 34.9263
7.8299 32.45
7.83564 34.8032
7.84137 33.7931
7.84711 38.4144
7.85284 40.7634
7.85858 41.3984
7.86432 44.866
7.87005 42.5108
7.87579 42.8125
7.88153 36.0738
7.88726 30.4019
7.893 26.4667
7.89873 24.4922
7.90447 20.2745
7.91021 19.0677
7.91594 15.9237
7.92168 13.9
7.92742 10.9143
7.93315 12.2044
7.93889 12.8016
7.94462 12.5351
7.95036 11.2459
7.9561 13.0076
7.96183 6.87302
7.96757 8.41905
7.9733 8.19708
7.97904 8.74615
7.98478 7.98214
7.99051 9.528
7.99625 8.05263
8.00199 10.0887
8.00772 9.50495
8.01346 7.83453
8.01919 8.9697
8.02493 8.66102
8.03067 9.02632
8.0364 11.4779
8.04214 9.92969
8.04788 14.5146
8.05361 10.9856
8.05935 7.45588
8.06508 9.18644
8.07082 6.97436
8.07656 7.30657
8.08229 10.4062
8.08803 8.0303
8.09376 7.34266
8.0995 7.52273
8.10524 6.40164
8.11097 9.69911
8.11671 11.1606
8.12245 8.34884
8.12818 8.16071
8.13392 8.44697
8.13965 7.65217
8.14539 10.2339
8.15113 8.96396
8.15686 7.14599
8.1626 7.06818
8.16834 6.44068
8.17407 4.34127
8.17981 4.49254
8.18554 4.01538
8.19128 4.08411
8.19702 3.74101
8.20275 5.63433
8.20849 3.81356
8.21422 2.73387
8.21996 2.36232
8.2257 3.67188
8.23143 0.971963
8.23717 0.104895
8.24291 -0.320988
8.24864 -0.581818
8.25438 5.86842
8.26011 2.26316
8.26585 -4
8.27159 0
8.27732 0
8.28306 0
8.2888 0
8.29453 0
8.30027 0
8.306 0
8.31174 0
8.31748 0
8.32321 0
8.32895 0
8.33468 0
8.34042 0
8.34616 0
8.35189 0
8.35763 0
8.36337 0
8.3691 0
8.37484 0
8.38057 0
8.38631 0
8.39205 0
8.39778 0
8.40352 0
8.40926 0
8.41499 0
8.42073 0
8.42646 0
8.4322 0
8.43794 0
8.44367 0
8.44941 0
8.45514 0
8.46088 0
8.46662 0
8.47235 0
8.47809 0
8.48383 0
8.48956 0
8.4953 0
8.50103 0
8.50677 0
8.51251 0
8.51824 0
8.52398 0
8.52972 0
8.53545 0
8.54119 0
8.54692 0
8.55266 0
8.5584 0
8.56413 0
8.56987 0
8.5756 0
8.58134 0
8.58708 0
8.59281 0
8.59855 0
8.60429 0
8.61002 0
8.61576 0
8.62149 0
8.62723 0
8.63297 0
8.6387 0
8.64444 0
8.65018 0
8.65591 0
8.66165 0
8.66738 0
8.67312 0
8.67886 0
8.68459 0
8.69033 0
8.69606 0
8.7018 0
8.70754 0
8.71327 0
8.71901 0
8.72475 0
8.73048 0
8.73622 0
8.74195 0
8.74769 0
8.75343 0
8.75916 0
8.7649 0
8.77064 0
8.77637 0
8.78211 0
8.78784 0
8.79358 0
8.79932 0
8.80505 0
8.81079 0
8.81652 0
8.82226 0
8.828 0
8.83373 0
8.83947 0
8.84521 0
8.85094 0
8.85668 0
8.86241 0
8.86815 0
8.87389 0
8.87962 0
8.88536 0
8.8911 0
8.89683 0
8.90257 0
8.9083 0
8.91404 0
8.91978 0
8.92551 0
8.93125 0
8.93698 0
8.94272 0
8.94846 0
8.95419 0
8.95993 0
8.96567 0
8.9714 0
8.97714 0
8.98287 0
8.98861 0
8.99435 0
9.00008 0
9.00582 0
9.01156 0
9.01729 0
9.02303 0
9.02876 0
9.0345 0
9.04024 0
9.04597 0
9.05171 0
9.05744 0
9.06318 0
9.06892 0
9.07465 0
9.08039 0
9.08613 0
9.09186 0
9.0976 0
9.10333 0
9.10907 0
9.11481 0
9.12054 0
9.12628 0
9.13202 0
9.13775 0
9.14349 0
9.14922 0
9.15496 0
9.1607 0
9.16643 0
9.17217 0
9.1779 0
9.18364 0
9.18938 0
9.19511 0
9.20085 0
9.20659 0
9.21232 0
9.21806 0
9.22379 0
9.22953 0
9.23527 0
9.241 0
9.24674 0
9.25248 0
9.25821 0
9.26395 0
9.26968 0
9.27542 0
9.28116 0
9.28689 0
9.29263 0
9.29836 0
9.3041 0
9.30984 0
9.31557 0
9.32131 0
9.32705 0
9.33278 0
9.33852 0
9.34425 0
9.34999 0
9.35573 0
9.36146 0
9.3672 0
9.37294 0
9.37867 0
9.38441 0
9.39014 0
9.39588 0
9.40162 0
9.40735 0
9.41309 0
9.41882 0
9.42456 0
9.4303 0
9.43603 0
9.44177 0
9.44751 0
9.45324 0
9.45898 0
9.46471 0
9.47045 0
9.47619 0
9.48192 0
9.48766 0
9.4934 0
9.49913 0
9.50487 0
9.5106 0
9.51634 0
9.52208 0
9.52781 0
9.53355 0
9.53928 0
9.54502 0
9.55076 0
9.55649 0
9.56223 0
9.56797 0
9.5737 0
9.57944 0
9.58517 0
9.59091 0
9.59665 0
9.60238 0
9.60812 0
9.61386 0
9.61959 0
9.62533 0
9.63106 0
9.6368 0
9.64254 0
9.64827 0
9.65401 0
9.65974 0
9.66548 0
9.67122 0
9.67695 0
9.68269 0
9.68843 0
9.69416 0
9.6999 0
9.70563 0
9.71137 0
9.71711 0
9.72284 0
9.72858 0
9.73432 0
9.74005 0
9.74579 0
9.75152 0
9.75726 0
9.763 0
9.76873 0
9.77447 0
9.7802 0
9.78594 0
9.79168 0
9.79741 0
9.80315 0
9.80889 0
9.81462 0
9.82036 0
9.82609 0
9.83183 0
9.83757 0
9.8433 0
9.84904 0
9.85478 0
9.86051 0
9.86625 0
9.87198 0
9.87772 0
9.88346 0
9.88919 0
9.89493 0
9.90066 0
9.9064 0
9.91214 0
9.91787 0
9.92361 0
9.92935 0
9.93508 0
9.94082 0
9.94655 0
9.95229 0
9.95803 0
9.96376 0
9.9695 0
9.97524 0
9.98097 0
9.98671 0
9.99244 0
9.99818 0
10.0039 0
10.0097 0
10.0154 0
10.0211 0
10.0269 0
10.0326 0
10.0383 0
10.0441 0
10.0498 0
10.0555 0
10.0613 0
10.067 0
10.0728 0
10.0785 0
10.0842 0
10.09 0
10.0957 0
10.1014 0
10.1072 0
10.1129 0
10.1186 0
10.1244 0
10.1301 0
10.1358 0
10.1416 0
10.1473 0
10.1531 0
10.1588 0
10.1645 0
10.1703 0
10.176 0
10.1817 0
10.1875 0
10.1932 0
10.1989 0
10.2047 0
10.2104 0
10.2162 0
10.2219 0
10.2276 0
10.2334 0
10.2391 0
10.2448 0
10.2506 0
10.2563 0
10.262 0
10.2678 0
10.2735 0
10.2793 0
10.285 0
10.2907 0
10.2965 0
10.3022 0
10.3079 0
10.3137 0
10.3194 0
10.3251 0
10.3309 0
10.3366 0
10.3424 0
10.3481 0
10.3538 0
10.3596 0
10.3653 0
10.371 0
10.3768 0
10.3825 0
10.3882 0
10.394 0
10.3997 0
10.4054 0
10.4112 0
10.4169 0
10.4227 0
10.4284 0
10.4341 0
10.4399 0
10.4456 0
10.4513 0
10.4571 0
10.4628 0
10.4685 0
10.4743 0
10.48 0
10.4858 0
10.4915 0
10.4972 0
10.503 0
10.5087 0
10.5144 0
10.5202 0
10.5259 0
10.5316 0
10.5374 0
10.5431 0
10.5489 0
10.5546 0
10.5603 0
10.5661 0
10.5718 0
10.5775 0
10.5833 0
10.589 0
10.5947 0
10.6005 0
10.6062 0
10.612 0
10.6177 0
10.6234 0
10.6292 0
10.6349 0
10.6406 0
10.6464 0
10.6521 0
10.6578 0
10.6636 0
10.6693 0
10.6751 0
10.6808 0
10.6865 0
10.6923 0
10.698 0
10.7037 0
10.7095 0
10.7152 0
10.7209 0
10.7267 0
10.7324 0
10.7381 0
10.7439 0
10.7496 0
10.7554 0
10.7611 0
10.7668 0
10.7726 0
10.7783 0
10.784 0
10.7898 0
10.7955 0
10.8012 0
10.807 0
10.8127 0
10.8185 0
10.8242 0
10.8299 0
10.8357 0
10.8414 0
10.8471 0
10.8529 0
10.8586 0
10.8643 0
10.8701 0
10.8758 0
10.8816 0
10.8873 0
10.893 0
10.8988 0
10.9045 0
10.9102 0
10.916 0
10.9217 0
10.9274 0
10.9332 0
10.9389 0
10.9447 0
10.9504 0
10.9561 0
10.9619 0
10.9676 0
10.9733 0
10.9791 0
10.9848 0
10.9905 0
10.9963 0
11.002 0
11.0077 0
11.0135 0
11.0192 0
11.025 0
11.0307 0
11.0364 0
11.0422 0
11.0479 0
11.0536 0
11.0594 0
11.0651 0
11.0708 0
11.0766 0
11.0823 0
11.0881 0
11.0938 0
11.0995 0
11.1053 0
11.111 0
11.1167 0
11.1225 0
11.1282 0
11.1339 0
11.1397 0
11.1454 0
11.1512 0
11.1569 0
11.1626 0
11.1684 0
11.1741 0
11.1798 0
11.1856 0
11.1913 0
11.197 0
11.2028 0
11.2085 0
11.2143 0
11.22 0
11.2257 0
11.2315 0
11.2372 0
11.2429 0
11.2487 0
11.2544 0
11.2601 0
11.2659 0
11.2716 0
11.2774 0
11.2831 0
11.2888 0
11.2946 0
11.3003 0
11.306 0
11.3118 0
11.3175 0
11.3232 0
11.329 0
11.3347 0
11.3404 0
11.3462 0
11.3519 0
11.3577 0
11.3634 0
11.3691 0
11.3749 0
11.3806 0
11.3863 0
11.3921 0
11.3978 0
11.4035 0
11.4093 0
11.415 0
11.4208 0
11.4265 0
11.4322 0
11.438 0
11.4437 0
11.4494 0
11.4552 0
11.4609 0
11.4666 0
11.4724 0
11.4781 0
11.4839 0
11.4896 0
11.4953 0
11.5011 0
11.5068 0
11.5125 0
11.5183 0
11.524 0
11.5297 0
11.5355 0
11.5412 0
11.547 0
11.5527 0
11.5584 0
11.5642 0
11.5699 0
11.5756 0
11.5814 0
11.5871 0
11.5928 0
11.5986 0
11.6043 0
11.61 0
11.6158 0
11.6215 0
11.6273 0
11.633 0
11.6387 0
11.6445 0
11.6502 0
11.6559 0
11.6617 0
11.6674 0
11.6731 0
11.6789 0
11.6846 0
11.6904 0
11.6961 0
11.7018 0
11.7076 0
11.7133 0
11.719 0
11.7248 0
11.7305 0
11.7362 0
11.742 0
