0 -6
0.00573619 -25
0.0114724 17
0.0172086 0
0.0229448 -10
0.028681 -20
0.0344171 0
0.0401533 -3
0.0458895 12
0.0516257 16
0.0573619 0
0.0630981 -11
0.0688343 3
0.0745705 0
0.0803067 19
0.0860429 3
0.091779 0
0.0975152 8.33333
0.103251 29.6667
0.108988 -20.6667
0.114724 0
0.12046 -3.33333
0.126196 -2.33333
0.131932 0
0.137669 -7.66667
0.143405 -4
0.149141 49
0.154877 8.5
0.160613 -8.66667
0.16635 7.33333
0.172086 0
0.177822 -3
0.183558 8.4
0.189294 0
0.19503 -6.8
0.200767 0.2
0.206503 -6
0.212239 7
0.217975 -2.6
0.223711 -5
0.229448 0
0.235184 2.4
0.24092 6.8
0.246656 0
0.252392 21.8
0.258129 6
0.263865 11
0.269601 0
0.275337 -1.2
0.281073 1.28571
0.28681 0
0.292546 5.14286
0.298282 16.5714
0.304018 -1.33333
0.309754 -3
0.31549 6.57143
0.321227 14.5714
0.326963 0
0.332699 9
0.338435 7.85714
0.344171 0
0.349908 -3
0.355644 6.42857
0.36138 9.2
0.367116 20
0.372852 17.4444
0.378589 11.2857
0.384325 -2.5
0.390061 12
0.395797 5.44444
0.401533 0
0.40727 5.55556
0.413006 11
0.418742 5.42857
0.424478 -4
0.430214 7.66667
0.43595 14.1111
0.441687 0
0.447423 11
0.453159 11.3333
0.458895 13.6667
0.464631 11.1429
0.470368 21.4545
0.476104 8
0.48184 -0.5
0.487576 5.63636
0.493312 9.54545
0.499049 0
0.504785 13.9091
0.510521 9.09091
0.516257 12.6
0.521993 20.3333
0.52773 20.2727
0.533466 11.1111
0.539202 19.5
0.544938 10.1818
0.550674 12.4545
0.55641 0
0.562147 19.5385
0.567883 16.3846
0.573619 16.5714
0.579355 33
0.585091 18.7692
0.590828 17.0909
0.596564 18.5
0.6023 81.5385
0.608036 42.3846
0.613772 14.8
0.619509 20.625
0.625245 16.3077
0.630981 16.6667
0.636717 22.25
0.642453 14.6154
0.64819 6
0.653926 18
0.659662 8.66667
0.665398 10.6667
0.671134 6.28571
0.67687 13.625
0.682607 10.2667
0.688343 14.3636
0.694079 27.5
0.699815 11.4667
0.705551 24.2667
0.711288 39
0.717024 15.5
0.72276 11.6
0.728496 15.2222
0.734232 9.16667
0.739969 14.8125
0.745705 10
0.751441 18.25
0.757177 9.29412
0.762913 11.8824
0.76865 9.8
0.774386 15.5
0.780122 14.4706
0.785858 10.2727
0.791594 -4.16667
0.79733 13.7059
0.803067 13.8667
0.808803 26
0.814539 16
0.820275 11.3529
0.826011 1.44444
0.831748 13.375
0.837484 14.5556
0.84322 2.07692
0.848956 5.16667
0.854692 13.8947
0.860429 12.7059
0.866165 18
0.871901 11.3125
0.877637 13.6316
0.883373 9.45455
0.88911 5.75
0.894846 15.4211
0.900582 12.4667
0.906318 -2.5
0.912054 5.10526
0.91779 3.23529
0.923527 26.6667
0.929263 9.46154
0.934999 16.9524
0.940735 9.38461
0.946471 19.75
0.952208 13.4762
0.957944 4.23529
0.96368 12
0.969416 14.7143
0.975152 18.9474
0.980889 15.9091
0.986625 12.75
0.992361 7.80952
0.998097 15.1333
1.00383 15.6667
1.00957 18.6667
1.01531 12.2941
1.02104 14.4
1.02678 22.4706
1.03251 15.8571
1.03825 21.1538
1.04399 9.33333
1.04972 14.087
1.05546 13.4706
1.0612 11.1667
1.06693 15.2174
1.07267 15.2105
1.0784 14.3846
1.08414 10.7143
1.08988 22.4783
1.09561 21
1.10135 10.75
1.10708 12.913
1.11282 15.2353
1.11856 17.2857
1.12429 16.24
1.13003 10.6667
1.13577 11.4
1.1415 7
1.14724 10.92
1.15297 17.2667
1.15871 16.5
1.16445 14.32
1.17018 13.6842
1.17592 6.15385
1.18166 14.3889
1.18739 13.3913
1.19313 8.26667
1.19886 15.5
1.2046 13.08
1.21034 17.5
1.21607 6.11111
1.22181 15.5926
1.22754 16.7619
1.23328 13.6471
1.23902 21.1875
1.24475 16.2
1.25049 14
1.25623 23.5833
1.26196 16
1.2677 13.9474
1.27343 16.7692
1.27917 15.4545
1.28491 12
1.29064 14.8235
1.29638 13.3571
1.30212 14.8889
1.30785 10.5556
1.31359 18.4167
1.31932 15.9655
1.32506 19.0476
1.3308 10.2941
1.33653 11.4
1.34227 16.12
1.348 20.4737
1.35374 14.6429
1.35948 15.5556
1.36521 13.0952
1.37095 11.9
1.37669 15.7586
1.38242 18.3043
1.38816 14.1176
1.39389 12.6842
1.39963 13.1111
1.40537 9.4
1.4111 10.3571
1.41684 15.8621
1.42258 10.1739
1.42831 18.1765
1.43405 23.9583
1.43978 10.8
1.44552 17.3333
1.45126 10.125
1.45699 16.2759
1.46273 12.9524
1.46846 22.0833
1.4742 10.9032
1.47994 16.7391
1.48567 12.9
1.49141 12.1905
1.49715 14.5926
1.50288 15.7826
1.50862 11.3125
1.51435 16.7241
1.52009 13.76
1.52583 11.4
1.53156 13.0667
1.5373 13
1.54304 16.7143
1.54877 9.7
1.55451 13.5517
1.56024 9.43478
1.56598 18.2143
1.57172 14.129
1.57745 15.32
1.58319 15.5
1.58892 5.08
1.59466 14.5926
1.6004 13
1.60613 12.6667
1.61187 12.5161
1.61761 10.68
1.62334 20.6429
1.62908 16.1818
1.63481 8.74074
1.64055 11.3043
1.64629 10.0455
1.65202 19.9655
1.65776 12.6
1.6635 15.125
1.66923 14
1.67497 14.8214
1.6807 19.05
1.68644 17.6071
1.69218 13.3793
1.69791 15.32
1.70365 15.5
1.70938 11.1935
1.71512 9.81481
1.72086 16.3125
1.72659 14.5758
1.73233 19.5517
1.73807 14.087
1.7438 17.8077
1.74954 21
1.75527 19.2593
1.76101 7.26316
1.76675 16.9697
1.77248 16.6429
1.77822 13.85
1.78396 15.8667
1.78969 11.8065
1.79543 14.7037
1.80116 18.0833
1.8069 19.3548
1.81264 13.069
1.81837 16.0556
1.82411 16.5143
1.82984 17.4828
1.83558 14.36
1.84132 16.1154
1.84705 12.9355
1.85279 15.0741
1.85853 20.5217
1.86426 15.6667
1.87 19.8667
1.87573 17.0556
1.88147 17.3714
1.88721 15.5758
1.89294 16.8519
1.89868 18.6538
1.90442 20
1.91015 16.6774
1.91589 22.9
1.92162 30.3429
1.92736 25.6774
1.9331 20.12
1.93883 29.0357
1.94457 28.6364
1.9503 25.6333
1.95604 24.75
1.96178 17.5882
1.96751 24.9062
1.97325 18.7
1.97899 16.1351
1.98472 21.4848
1.99046 19.5172
1.99619 16.1154
2.00193 19.4571
2.00767 17.3548
2.0134 12.7917
2.01914 18.4
2.02488 15.0606
2.03061 15
2.03635 16.4375
2.04208 21.6471
2.04782 17.1875
2.05356 21.0417
2.05929 19.8056
2.06503 16.1429
2.07076 16.1364
2.0765 15.0811
2.08224 13.8857
2.08797 21.4483
2.09371 18.0714
2.09945 15.9459
2.10518 24.3333
2.11092 14.9583
2.11665 14.3243
2.12239 16.5429
2.12813 18.1739
2.13386 17.3611
2.1396 20.8056
2.14534 17.25
2.15107 16.9231
2.15681 17.9474
2.16254 17.1351
2.16828 15.8182
2.17402 15.5641
2.17975 19.7838
2.18549 21.4516
2.19122 19.1333
2.19696 16.9459
2.2027 23.8286
2.20843 25.7917
2.21417 37.2051
2.21991 100.649
2.22564 58.2273
2.23138 82.025
2.23711 38.1316
2.24285 24.4412
2.24859 24
2.25432 26.8974
2.26006 15.4872
2.2658 19.9545
2.27153 19.8537
2.27727 18.7179
2.283 22.5161
2.28874 21.6562
2.29448 20.8718
2.30021 18.3784
2.30595 18.3846
2.31168 17.8718
2.31742 18.2821
2.32316 18.5455
2.32889 16.2857
2.33463 17.65
2.34037 23.6111
2.3461 19
2.35184 20.2326
2.35757 22.4324
2.36331 18.8077
2.36905 25.8293
2.37478 27.1463
2.38052 22.3226
2.38626 22.7059
2.39199 27.4651
2.39773 19.7838
2.40346 22.2692
2.4092 19.2558
2.41494 19.65
2.42067 18.0909
2.42641 19.1136
2.43214 17.7143
2.43788 19.3429
2.44362 14.9375
2.44935 16.3111
2.45509 17.8462
2.46083 21.5
2.46656 20.7333
2.4723 17.878
2.47803 15.2414
2.48377 18.75
2.48951 18.4651
2.49524 19.2308
2.50098 19.3462
2.50672 20.7609
2.51245 20.8333
2.51819 21.7083
2.52392 20.3478
2.52966 18.7727
2.5354 22.0303
2.54113 22.2222
2.54687 20.2222
2.5526 18.9268
2.55834 20.0385
2.56408 19.8298
2.56981 18.4884
2.57555 17.7586
2.58129 19.9524
2.58702 17.7778
2.59276 12.4324
2.59849 19.2188
2.60423 16.6304
2.60997 15.2273
2.6157 19.2083
2.62144 15.4167
2.62718 15.9787
2.63291 14.7714
2.63865 18.0278
2.64438 17.0213
2.65012 19.0244
2.65586 18.2667
2.66159 14.5106
2.66733 19.8667
2.67306 12.76
2.6788 17.375
2.68454 22.5106
2.69027 19.0256
2.69601 18.9091
2.70175 23.875
2.70748 22.5333
2.71322 16.1111
2.71895 19.9167
2.72469 18.1633
2.73043 17.1429
2.73616 13.3947
2.7419 19.0408
2.74764 17.2791
2.75337 17.7
2.75911 23.0408
2.76484 23.102
2.77058 19.2917
2.77632 19.449
2.78205 17.84
2.78779 24.7436
2.79352 20.1143
2.79926 18.2308
2.805 18.1111
2.81073 15.4444
2.81647 16.6981
2.82221 20.4082
2.82794 20.0541
2.83368 20.7632
2.83941 20.9245
2.84515 19.3171
2.85089 28.2188
2.85662 25.0943
2.86236 22.2449
2.8681 24.0417
2.87383 23.4717
2.87957 19.52
2.8853 19.3171
2.89104 20.4054
2.89678 20.6923
2.90251 19.6444
2.90825 24.7241
2.91398 23.2
2.91972 18.3529
2.92546 23.7568
2.93119 15.119
2.93693 21.1698
2.94267 20.5333
2.9484 18.4062
2.95414 16.8302
2.95987 20.6735
2.96561 17.8462
2.97135 21.0893
2.97708 18.2778
2.98282 21.1538
2.98856 21.5128
2.99429 20.2407
3.00003 20.7872
3.00576 12.0312
3.0115 19.0727
3.01724 21.5283
3.02297 17.8649
3.02871 23.0909
3.03444 18.5818
3.04018 22.8222
3.04592 20.7647
3.05165 19.6364
3.05739 20.3137
3.06313 16.931
3.06886 23.9464
3.0746 20.7818
3.08033 17.2273
3.08607 23.5135
3.09181 22.6964
3.09754 23.5714
3.10328 26.0938
3.10902 23.3559
3.11475 24.434
3.12049 22.1026
3.12622 26.2174
3.13196 22.1818
3.1377 21.9362
3.14343 26.9167
3.14917 25.5439
3.1549 27.6863
3.16064 27.931
3.16638 29.4833
3.17211 21.9455
3.17785 23.25
3.18359 24.8537
3.18932 24.5593
3.19506 21.7347
3.20079 27.8824
3.20653 20.9153
3.21227 23.6792
3.218 20.6829
3.22374 25.5417
3.22948 26
3.23521 24.6444
3.24095 24
3.24668 24.6
3.25242 24.6038
3.25816 25
3.26389 27.5789
3.26963 28.7544
3.27536 30.8261
3.2811 19.3171
3.28684 26
3.29257 28
3.29831 22.5
3.30405 28.2381
3.30978 29.4727
3.31552 27.5349
3.32125 27.8333
3.32699 28.5789
3.33273 31.2941
3.33846 31.9211
3.3442 31.4355
3.34994 31.4902
3.35567 25.7105
3.36141 28.2373
3.36714 31.2281
3.37288 30.125
3.37862 34.2273
3.38435 31.082
3.39009 29.6226
3.39582 29.1944
3.40156 30.9524
3.4073 30
3.41303 33.766
3.41877 29.8125
3.42451 36.6557
3.43024 36.7143
3.43598 33.6341
3.44171 30.4603
3.44745 29.9464
3.45319 34.9524
3.45892 32.2
3.46466 34.2542
3.4704 33.98
3.47613 32.3409
3.48187 33.3016
3.4876 32.6604
3.49334 33.2632
3.49908 31.3881
3.50481 35.5263
3.51055 30.8085
3.51628 33.78
3.52202 31.8361
3.52776 34.4444
3.53349 32.8537
3.53923 36.7846
3.54497 41.3519
3.5507 41.875
3.55644 41.1818
3.56217 46.3051
3.56791 40.8113
3.57365 44.9348
3.57938 41.6769
3.58512 35.2909
3.59086 40.1579
3.59659 37.3881
3.60233 39.8814
3.60806 40.4118
3.6138 38.7292
3.61954 40.4444
3.62527 44.875
3.63101 44.8537
3.63674 44.5522
3.64248 45.9138
3.64822 46.3542
3.65395 47.8596
3.65969 50.9016
3.66543 53.3273
3.67116 53.6087
3.6769 55.8889
3.68263 50.1311
3.68837 56.5789
3.69411 55.2754
3.69984 52.4407
3.70558 50.8302
3.71132 54.5294
3.71705 52.1385
3.72279 51.8036
3.72852 62.0233
3.73426 58.1343
3.74 60.6774
3.74573 58.06
3.75147 59.5357
3.7572 57.6667
3.76294 58.1695
3.76868 59.7045
3.77441 63.9254
3.78015 62.2373
3.78589 63.8511
3.79162 66.8906
3.79736 71.4921
3.80309 70.9821
3.80883 79.9412
3.81457 78.1385
3.8203 85.55
3.82604 90.8372
3.83178 92.3913
3.83751 102.129
3.84325 116.161
3.84898 151.63
3.85472 278.936
3.86046 336.738
3.86619 413.326
3.87193 376.899
3.87766 324
3.8834 277
3.88914 297.85
3.89487 333.538
3.90061 383.417
3.90635 413.49
3.91208 398.269
3.91782 335.375
3.92355 286.78
3.92929 221.676
3.93503 181.625
3.94076 142.508
3.9465 126.944
3.95224 109.403
3.95797 97.4921
3.96371 93.2174
3.96944 87.4225
3.97518 84.2857
3.98092 82.2182
3.98665 78.5
3.99239 75.4412
3.99812 71.8387
4.00386 73.6735
4.0096 67.5797
4.01533 63.2969
4.02107 64.78
4.02681 65.8333
4.03254 64.4697
4.03828 62.082
4.04401 63.2692
4.04975 62.7606
4.05549 63.7692
4.06122 63.7391
4.06696 62.4348
4.0727 55.2609
4.07843 57.7833
4.08417 56.5
4.0899 64.6324
4.09564 59.4375
4.10138 54.76
4.10711 56.9444
4.11285 53.803
4.11858 54.1071
4.12432 56.1452
4.13006 52.1449
4.13579 54.6508
4.14153 52.7115
4.14727 50.6712
4.153 52.1791
4.15874 54.3636
4.16447 52.3151
4.17021 49.7042
4.17595 54.4032
4.18168 55.7679
4.18742 47.5
4.19316 57.5
4.19889 56.42
4.20463 53.9189
4.21036 55.25
4.2161 52.45
4.22184 49.8966
4.22757 50.9315
4.23331 53.0746
4.23904 50.3
4.24478 55.04
4.25052 53.942
4.25625 54.5455
4.26199 55.9844
4.26773 58.5139
4.27346 52.1667
4.2792 60.4464
4.28493 60.9722
4.29067 58.9143
4.29641 63.1458
4.30214 60.3816
4.30788 77.9714
4.31362 184.615
4.31935 78.0536
4.32509 400.787
4.33082 142.942
4.33656 81.62
4.3423 75.28
4.34803 71.863
4.35377 73.8871
4.3595 75.1333
4.36524 73.473
4.37098 79.1714
4.37671 82.8704
4.38245 88.7703
4.38819 96.2083
4.39392 95.7719
4.39966 104.667
4.40539 109.361
4.41113 126.652
4.41687 133
4.4226 168.519
4.42834 240.082
4.43408 360.333
4.43981 685.545
4.44555 2675.72
4.45128 10334.3
4.45702 5869.78
4.46276 7416.53
4.46849 3014.06
4.47423 836.444
4.47996 715.053
4.4857 412.014
4.49144 273.462
4.49717 240.159
4.50291 225.455
4.50865 202.986
4.51438 180.308
4.52012 178.722
4.52585 158.987
4.53159 138.719
4.53733 131.8
4.54306 115.287
4.5488 102.836
4.55454 93.5789
4.56027 80.9
4.56601 75.3378
4.57174 69.1731
4.57748 70.6026
4.58322 66.1667
4.58895 61.209
4.59469 53.6557
4.60042 58.1139
4.60616 54.6133
4.6119 49.36
4.61763 51.0964
4.62337 47.961
4.62911 48.4286
4.63484 47.1094
4.64058 45.8049
4.64631 43.9444
4.65205 46.5357
4.65779 42.85
4.66352 40.9872
4.66926 43.8361
4.675 39.0282
4.68073 42.2949
4.68647 36.4384
4.6922 38.3103
4.69794 36.0123
4.70368 36.2078
4.70941 39.62
4.71515 37.4235
4.72088 36.3544
4.72662 38.4203
4.73236 33.7143
4.73809 36.8171
4.74383 34.859
4.74957 37.25
4.7553 37.0357
4.76104 38.1
4.76677 36.1045
4.77251 38.1846
4.77825 34.5
4.78398 33.8
4.78972 31.3036
4.79546 30.4353
4.80119 30.3924
4.80693 27.5231
4.81266 27.4286
4.8184 29.0714
4.82414 30.0411
4.82987 30.4918
4.83561 28.5
4.84134 29.8125
4.84708 31.7358
4.85282 29.1529
4.85855 32.439
4.86429 35.338
4.87003 27.4262
4.87576 31.1379
4.8815 31
4.88723 29.9259
4.89297 29.3529
4.89871 31.6145
4.90444 27.5915
4.91018 28.5455
4.91592 27.5833
4.92165 24.9494
4.92739 26.3333
4.93312 29.5
4.93886 28.4048
4.9446 26.1791
4.95033 24.9296
4.95607 27.5581
4.9618 27.3766
4.96754 29.322
4.97328 26.7701
4.97901 28.8193
4.98475 29.7869
4.99049 27.8846
4.99622 25.8966
5.00196 27.0685
5.00769 29.6349
5.01343 23.2841
5.01917 23.6506
5.0249 25.1509
5.03064 25.4444
5.03638 24.5
5.04211 26.4133
5.04785 23.0462
5.05358 25.3023
5.05932 24.3333
5.06506 25.2759
5.07079 26.5056
5.07653 25.1724
5.08226 23.0704
5.088 23.7714
5.09374 22.3333
5.09947 26.3636
5.10521 24.7302
5.11095 27.3556
5.11668 24.6824
5.12242 24.9848
5.12815 27.1558
5.13389 25.3889
5.13963 24.5065
5.14536 24.5738
5.1511 24.2935
5.15684 24.5301
5.16257 25.6032
5.16831 25.7857
5.17404 23.764
5.17978 23.1299
5.18552 25.1364
5.19125 22
5.19699 24.012
5.20272 21.1525
5.20846 22.0652
5.2142 26.8315
5.21993 25.2632
5.22567 23.8841
5.23141 21.7717
5.23714 25.0864
5.24288 25.7705
5.24861 27.5806
5.25435 27.1461
5.26009 21.6197
5.26582 24.5526
5.27156 27.1538
5.2773 25.7089
5.28303 28.5385
5.28877 22.7128
5.2945 25.5402
5.30024 26.0417
5.30598 29.3671
5.31171 25.3258
5.31745 25.6585
5.32318 20.2308
5.32892 24.7553
5.33466 23.3448
5.34039 29.0303
5.34613 26.8605
5.35187 23.1209
5.3576 24.8025
5.36334 20.4697
5.36907 22.1458
5.37481 25.1647
5.38055 26.2951
5.38628 24.4375
5.39202 25.1429
5.39776 24.7375
5.40349 24.0986
5.40923 23.8438
5.41496 26.5679
5.4207 21.6032
5.42644 24.4388
5.43217 24.6742
5.43791 23.2911
5.44364 25.9865
5.44938 25.2371
5.45512 24.8765
5.46085 28.0455
5.46659 25.2041
5.47233 25.6854
5.47806 22.6447
5.4838 24.8889
5.48953 26.2258
5.49527 25.619
5.50101 23.7164
5.50674 25.7653
5.51248 24.3258
5.51822 22.8649
5.52395 23.253
5.52969 24.828
5.53542 21.2706
5.54116 26.3971
5.5469 26.9293
5.55263 26.3371
5.55837 21.0833
5.5641 23.573
5.56984 23.9032
5.57558 27.0238
5.58131 25.2603
5.58705 27.8283
5.59279 21.75
5.59852 22.6349
5.60426 14.2
5.60999 24.6129
5.61573 19.3293
5.62147 20.7368
5.6272 22.6392
5.63294 23.5977
5.63868 22.3333
5.64441 28.9901
5.65015 27.3979
5.65588 30.0714
5.66162 22.0909
5.66736 25.6061
5.67309 27.314
5.67883 28.1594
5.68456 25.9307
5.6903 25.6
5.69604 26.2439
5.70177 23.2048
5.70751 27.6632
5.71325 28.4545
5.71898 26.1111
5.72472 23.1717
5.73045 24.0645
5.73619 29.0633
5.74193 26.8764
5.74766 27.8421
5.7534 26.7386
5.75914 23.1408
5.76487 25.9604
5.77061 25.2447
5.77634 25.2692
5.78208 22.6742
5.78782 24.9691
5.79355 27.1628
5.79929 28.7333
5.80502 25.9406
5.81076 28.7957
5.8165 28.1867
5.82223 24.5312
5.82797 24.8351
5.83371 28.2442
5.83944 25.7215
5.84518 24.8788
5.85091 25.3542
5.85665 29.1846
5.86239 26.7333
5.86812 26.8367
5.87386 26.1163
5.8796 27.9114
5.88533 28.9802
5.89107 25.2609
5.8968 27.2899
5.90254 27.581
5.90828 28.6263
5.91401 28.3882
5.91975 26.9756
5.92548 32.4545
5.93122 26.9468
5.93696 27.1781
5.94269 27.4857
5.94843 26.5833
5.95417 28.8636
5.9599 27.1059
5.96564 26.9798
5.97137 28.2021
5.97711 29.1918
5.98285 29.3592
5.98858 26.0408
5.99432 30.3882
6.00006 29.3889
6.00579 33.3535
6.01153 31.172
6.01726 28.04
6.023 35.4095
6.02874 34.6146
6.03447 34.5
6.04021 31.5333
6.04594 30.898
6.05168 31.3229
6.05742 32.3636
6.06315 32.0667
6.06889 32.8021
6.07463 33.2024
6.08036 31.6277
6.0861 33.102
6.09183 30.0103
6.09757 31.9103
6.10331 31.7714
6.10904 34.6667
6.11478 31.5349
6.12052 37.4167
6.12625 37.1
6.13199 35.0213
6.13772 33.122
6.14346 37.4608
6.1492 35.3
6.15493 35.575
6.16067 35.4804
6.1664 34.5918
6.17214 38.3085
6.17788 37.2976
6.18361 37.9223
6.18935 41.6869
6.19509 40.8514
6.20082 40.4679
6.20656 38.9314
6.21229 39.6042
6.21803 43.7439
6.22377 43.8868
6.2295 44.41
6.23524 46.28
6.24098 46.055
6.24671 45.2647
6.25245 47.5957
6.25818 45.7442
6.26392 50.5784
6.26966 53.6275
6.27539 55.0263
6.28113 53.1101
6.28686 57.0891
6.2926 64.6771
6.29834 70.4773
6.30407 101.394
6.30981 141.471
6.31555 418.09
6.32128 1101.95
6.32702 660.837
6.33275 300.417
6.33849 165.909
6.34423 99.0385
6.34996 92.7941
6.3557 98.9615
6.36144 98.213
6.36717 107.324
6.37291 115.653
6.37864 121.756
6.38438 127.179
6.39012 123.108
6.39585 114.6
6.40159 105.926
6.40732 89.6296
6.41306 79.0213
6.4188 71.337
6.42453 65.6415
6.43027 60.5392
6.43601 55.939
6.44174 52.3774
6.44748 49.1574
6.45321 47.5426
6.45895 48.8152
6.46469 46.381
6.47042 45.5631
6.47616 46.2857
6.4819 44.3091
6.48763 42
6.49337 42.7742
6.4991 43.2316
6.50484 40.6481
6.51058 38.4608
6.51631 40.1667
6.52205 40.3636
6.52778 38.75
6.53352 39.4674
6.53926 41.9479
6.54499 38.2963
6.55073 36.6893
6.55647 37.9643
6.5622 38.5929
6.56794 38.6019
6.57367 37.6559
6.57941 37.9474
6.58515 34.9464
6.59088 36.9231
6.59662 37.1667
6.60236 37.5614
6.60809 35.2453
6.61383 37.8172
6.61956 36.8351
6.6253 39.4286
6.63104 34.5
6.63677 35.7442
6.64251 38.4386
6.64824 34.5888
6.65398 36.8242
6.65972 34.2059
6.66545 37.3929
6.67119 36.375
6.67693 40.3488
6.68266 36.5776
6.6884 34.3611
6.69413 37.7363
6.69987 34.534
6.70561 35.375
6.71134 36.0577
6.71708 35.4886
6.72282 35.4825
6.72855 37.1759
6.73429 34.7528
6.74002 35.3113
6.74576 36.7652
6.7515 33.1068
6.75723 36.8539
6.76297 34.5259
6.7687 33.8929
6.77444 32.6517
6.78018 33.9048
6.78591 35.5086
6.79165 36.4766
6.79739 33.1264
6.80312 38.5439
6.80886 34.8839
6.81459 38.011
6.82033 34.9905
6.82607 36.6466
6.8318 34.1619
6.83754 35.4432
6.84328 35.1271
6.84901 33
6.85475 32.0769
6.86048 32.156
6.86622 32.6293
6.87196 33.5421
6.87769 35.7931
6.88343 33.8983
6.88916 32.5789
6.8949 32.9655
6.90064 33.8407
6.90637 34.6316
6.91211 34.2897
6.91785 35.1494
6.92358 39.0413
6.92932 34.8142
6.93505 34.7978
6.94079 38.3628
6.94653 36.5259
6.95226 31.4953
6.958 35.3626
6.96374 36.05
6.96947 33.8947
6.97521 34.8681
6.98094 34.7658
6.98668 32.4483
6.99242 32.7339
6.99815 35.5843
7.00389 34.1917
7.00962 38.6983
7.01536 35.5055
7.0211 34.7818
7.02683 36.3525
7.03257 37.1682
7.03831 34.2903
7.04404 35.0984
7.04978 32.8087
7.05551 34.2447
7.06125 33.6422
7.06699 36.1148
7.07272 34.578
7.07846 34.3034
7.0842 35.1721
7.08993 34.3966
7.09567 39.2043
7.1014 37.8319
7.10714 36.3697
7.11288 34.6055
7.11861 37.7634
7.12435 35.7177
7.13008 41.0684
7.13582 37.3646
7.14156 38.6577
7.14729 38.9417
7.15303 36.6789
7.15877 36.1613
7.1645 40.2258
7.17024 37.2941
7.17597 38.2449
7.18171 37.4486
7.18745 35.5574
7.19318 36.3063
7.19892 39.9231
7.20466 36.9291
7.21039 40.5812
7.21613 40.6
7.22186 36.7064
7.2276 41.119
7.23334 39.6937
7.23907 39.1758
7.24481 39.9444
7.25054 40.9664
7.25628 40.83
7.26202 39.982
7.26775 41.1967
7.27349 40.982
7.27923 42.0968
7.28496 40.5159
7.2907 41.6218
7.29643 44.4078
7.30217 44.0917
7.30791 40.5
7.31364 40.4615
7.31938 39.6966
7.32512 42.5538
7.33085 44.8926
7.33659 45.2788
7.34232 43.4
7.34806 47.3692
7.3538 48.8649
7.35953 44.7849
7.36527 48.3203
7.371 50.2645
7.37674 48.9423
7.38248 56.4954
7.38821 68.704
7.39395 73.5776
7.39969 106.925
7.40542 195.092
7.41116 232.309
7.41689 271.179
7.42263 135.766
7.42837 90.5794
7.4341 82.8403
7.43984 79.2809
7.44558 74.9104
7.45131 78.405
7.45705 82.9727
7.46278 81.6408
7.46852 90.4923
7.47426 98.0171
7.47999 100.578
7.48573 105.106
7.49146 106.688
7.4972 102.536
7.50294 92.4953
7.50867 82.9453
7.51441 72.2101
7.52015 69.033
7.52588 61.6667
7.53162 55.32
7.53735 55.5179
7.54309 53.233
7.54883 51.5455
7.55456 48.2017
7.5603 45.4157
7.56604 42.6194
7.57177 44.392
7.57751 45.7328
7.58324 43.0583
7.58898 41.7557
7.59472 41.4754
7.60045 43.68
7.60619 44.2764
7.61192 41.907
7.61766 43.3534
7.6234 40.9802
7.62913 40.9091
7.63487 41.9752
7.64061 41.7549
7.64634 42.4797
7.65208 38.5659
7.65781 42.7458
7.66355 40.5816
7.66929 43.4963
7.67502 41.2419
7.68076 39.8208
7.6865 40.4706
7.69223 42.0992
7.69797 42.7034
7.7037 45.7921
7.70944 44
7.71518 45.8049
7.72091 48.3182
7.72665 48.7265
7.73238 60.2015
7.73812 80.3115
7.74386 140.557
7.74959 112.949
7.75533 58.496
7.76107 53.1875
7.7668 52.1043
7.77254 45.9237
7.77827 47.1393
7.78401 49.5758
7.78975 52.2074
7.79548 48.4453
7.80122 50.7328
7.80696 54.2072
7.81269 58.0677
7.81843 51.0726
7.82416 55.6526
7.8299 54.4357
7.83564 52.1732
7.84137 50.0259
7.84711 46.8288
7.85284 42.3969
7.85858 40.1094
7.86432 37.0928
7.87005 34.813
7.87579 36.3438
7.88153 35.8689
7.88726 36.9346
7.893 36.0296
7.89873 35.7422
7.90447 34.2941
7.91021 34.4511
7.91594 37.229
7.92168 34.925
7.92742 33.6762
7.93315 32.3285
7.93889 33.7302
7.94462 32.3246
7.95036 32.4754
7.9561 31.8712
7.96183 31.2381
7.96757 32.619
7.9733 33.4745
7.97904 33.2538
7.98478 34.2857
7.99051 27.312
7.99625 31.9248
8.00199 30.4355
8.00772 33.5248
8.01346 30.4964
8.01919 32.75
8.02493 29.4407
8.03067 30.3509
8.0364 29.3897
8.04214 29.0625
8.04788 28.7476
8.05361 30.8921
8.05935 28.7647
8.06508 28.8983
8.07082 30.6239
8.07656 31.3431
8.08229 30.1641
8.08803 30.7071
8.09376 30.1678
8.0995 28.5606
8.10524 29.082
8.11097 30.1504
8.11671 28.5474
8.12245 26.5426
8.12818 28.6875
8.13392 26.7652
8.13965 24.3406
8.14539 26.5806
8.15113 23.5495
8.15686 24.9416
8.1626 21.7576
8.16834 22.1695
8.17407 22.1032
8.17981 21.1045
8.18554 16.2538
8.19128 16.7383
8.19702 17.0288
8.20275 18.2313
8.20849 14.7797
8.21422 13.8387
8.21996 11.2319
8.2257 10.5156
8.23143 9.83178
8.23717 8.83217
8.24291 5.8642
8.24864 7.01818
8.25438 8.63158
8.26011 5
8.26585 5.22222
8.27159 0
8.27732 0
8.28306 0
8.2888 0
8.29453 0
8.30027 0
8.306 0
8.31174 0
8.31748 0
8.32321 0
8.32895 0
8.33468 0
8.34042 0
8.34616 0
8.35189 0
8.35763 0
8.36337 0
8.3691 0
8.37484 0
8.38057 0
8.38631 0
8.39205 0
8.39778 0
8.40352 0
8.40926 0
8.41499 0
8.42073 0
8.42646 0
8.4322 0
8.43794 0
8.44367 0
8.44941 0
8.45514 0
8.46088 0
8.46662 0
8.47235 0
8.47809 0
8.48383 0
8.48956 0
8.4953 0
8.50103 0
8.50677 0
8.51251 0
8.51824 0
8.52398 0
8.52972 0
8.53545 0
8.54119 0
8.54692 0
8.55266 0
8.5584 0
8.56413 0
8.56987 0
8.5756 0
8.58134 0
8.58708 0
8.59281 0
8.59855 0
8.60429 0
8.61002 0
8.61576 0
8.62149 0
8.62723 0
8.63297 0
8.6387 0
8.64444 0
8.65018 0
8.65591 0
8.66165 0
8.66738 0
8.67312 0
8.67886 0
8.68459 0
8.69033 0
8.69606 0
8.7018 0
8.70754 0
8.71327 0
8.71901 0
8.72475 0
8.73048 0
8.73622 0
8.74195 0
8.74769 0
8.75343 0
8.75916 0
8.7649 0
8.77064 0
8.77637 0
8.78211 0
8.78784 0
8.79358 0
8.79932 0
8.80505 0
8.81079 0
8.81652 0
8.82226 0
8.828 0
8.83373 0
8.83947 0
8.84521 0
8.85094 0
8.85668 0
8.86241 0
8.86815 0
8.87389 0
8.87962 0
8.88536 0
8.8911 0
8.89683 0
8.90257 0
8.9083 0
8.91404 0
8.91978 0
8.92551 0
8.93125 0
8.93698 0
8.94272 0
8.94846 0
8.95419 0
8.95993 0
8.96567 0
8.9714 0
8.97714 0
8.98287 0
8.98861 0
8.99435 0
9.00008 0
9.00582 0
9.01156 0
9.01729 0
9.02303 0
9.02876 0
9.0345 0
9.04024 0
9.04597 0
9.05171 0
9.05744 0
9.06318 0
9.06892 0
9.07465 0
9.08039 0
9.08613 0
9.09186 0
9.0976 0
9.10333 0
9.10907 0
9.11481 0
9.12054 0
9.12628 0
9.13202 0
9.13775 0
9.14349 0
9.14922 0
9.15496 0
9.1607 0
9.16643 0
9.17217 0
9.1779 0
9.18364 0
9.18938 0
9.19511 0
9.20085 0
9.20659 0
9.21232 0
9.21806 0
9.22379 0
9.22953 0
9.23527 0
9.241 0
9.24674 0
9.25248 0
9.25821 0
9.26395 0
9.26968 0
9.27542 0
9.28116 0
9.28689 0
9.29263 0
9.29836 0
9.3041 0
9.30984 0
9.31557 0
9.32131 0
9.32705 0
9.33278 0
9.33852 0
9.34425 0
9.34999 0
9.35573 0
9.36146 0
9.3672 0
9.37294 0
9.37867 0
9.38441 0
9.39014 0
9.39588 0
9.40162 0
9.40735 0
9.41309 0
9.41882 0
9.42456 0
9.4303 0
9.43603 0
9.44177 0
9.44751 0
9.45324 0
9.45898 0
9.46471 0
9.47045 0
9.47619 0
9.48192 0
9.48766 0
9.4934 0
9.49913 0
9.50487 0
9.5106 0
9.51634 0
9.52208 0
9.52781 0
9.53355 0
9.53928 0
9.54502 0
9.55076 0
9.55649 0
9.56223 0
9.56797 0
9.5737 0
9.57944 0
9.58517 0
9.59091 0
9.59665 0
9.60238 0
9.60812 0
9.61386 0
9.61959 0
9.62533 0
9.63106 0
9.6368 0
9.64254 0
9.64827 0
9.65401 0
9.65974 0
9.66548 0
9.67122 0
9.67695 0
9.68269 0
9.68843 0
9.69416 0
9.6999 0
9.70563 0
9.71137 0
9.71711 0
9.72284 0
9.72858 0
9.73432 0
9.74005 0
9.74579 0
9.75152 0
9.75726 0
9.763 0
9.76873 0
9.77447 0
9.7802 0
9.78594 0
9.79168 0
9.79741 0
9.80315 0
9.80889 0
9.81462 0
9.82036 0
9.82609 0
9.83183 0
9.83757 0
9.8433 0
9.84904 0
9.85478 0
9.86051 0
9.86625 0
9.87198 0
9.87772 0
9.88346 0
9.88919 0
9.89493 0
9.90066 0
9.9064 0
9.91214 0
9.91787 0
9.92361 0
9.92935 0
9.93508 0
9.94082 0
9.94655 0
9.95229 0
9.95803 0
9.96376 0
9.9695 0
9.97524 0
9.98097 0
9.98671 0
9.99244 0
9.99818 0
10.0039 0
10.0097 0
10.0154 0
10.0211 0
10.0269 0
10.0326 0
10.0383 0
10.0441 0
10.0498 0
10.0555 0
10.0613 0
10.067 0
10.0728 0
10.0785 0
10.0842 0
10.09 0
10.0957 0
10.1014 0
10.1072 0
10.1129 0
10.1186 0
10.1244 0
10.1301 0
10.1358 0
10.1416 0
10.1473 0
10.1531 0
10.1588 0
10.1645 0
10.1703 0
10.176 0
10.1817 0
10.1875 0
10.1932 0
10.1989 0
10.2047 0
10.2104 0
10.2162 0
10.2219 0
10.2276 0
10.2334 0
10.2391 0
10.2448 0
10.2506 0
10.2563 0
10.262 0
10.2678 0
10.2735 0
10.2793 0
10.285 0
10.2907 0
10.2965 0
10.3022 0
10.3079 0
10.3137 0
10.3194 0
10.3251 0
10.3309 0
10.3366 0
10.3424 0
10.3481 0
10.3538 0
10.3596 0
10.3653 0
10.371 0
10.3768 0
10.3825 0
10.3882 0
10.394 0
10.3997 0
10.4054 0
10.4112 0
10.4169 0
10.4227 0
10.4284 0
10.4341 0
10.4399 0
10.4456 0
10.4513 0
10.4571 0
10.4628 0
10.4685 0
10.4743 0
10.48 0
10.4858 0
10.4915 0
10.4972 0
10.503 0
10.5087 0
10.5144 0
10.5202 0
10.5259 0
10.5316 0
10.5374 0
10.5431 0
10.5489 0
10.5546 0
10.5603 0
10.5661 0
10.5718 0
10.5775 0
10.5833 0
10.589 0
10.5947 0
10.6005 0
10.6062 0
10.612 0
10.6177 0
10.6234 0
10.6292 0
10.6349 0
10.6406 0
10.6464 0
10.6521 0
10.6578 0
10.6636 0
10.6693 0
10.6751 0
10.6808 0
10.6865 0
10.6923 0
10.698 0
10.7037 0
10.7095 0
10.7152 0
10.7209 0
10.7267 0
10.7324 0
10.7381 0
10.7439 0
10.7496 0
10.7554 0
10.7611 0
10.7668 0
10.7726 0
10.7783 0
10.784 0
10.7898 0
10.7955 0
10.8012 0
10.807 0
10.8127 0
10.8185 0
10.8242 0
10.8299 0
10.8357 0
10.8414 0
10.8471 0
10.8529 0
10.8586 0
10.8643 0
10.8701 0
10.8758 0
10.8816 0
10.8873 0
10.893 0
10.8988 0
10.9045 0
10.9102 0
10.916 0
10.9217 0
10.9274 0
10.9332 0
10.9389 0
10.9447 0
10.9504 0
10.9561 0
10.9619 0
10.9676 0
10.9733 0
10.9791 0
10.9848 0
10.9905 0
10.9963 0
11.002 0
11.0077 0
11.0135 0
11.0192 0
11.025 0
11.0307 0
11.0364 0
11.0422 0
11.0479 0
11.0536 0
11.0594 0
11.0651 0
11.0708 0
11.0766 0
11.0823 0
11.0881 0
11.0938 0
11.0995 0
11.1053 0
11.111 0
11.1167 0
11.1225 0
11.1282 0
11.1339 0
11.1397 0
11.1454 0
11.1512 0
11.1569 0
11.1626 0
11.1684 0
11.1741 0
11.1798 0
11.1856 0
11.1913 0
11.197 0
11.2028 0
11.2085 0
11.2143 0
11.22 0
11.2257 0
11.2315 0
11.2372 0
11.2429 0
11.2487 0
11.2544 0
11.2601 0
11.2659 0
11.2716 0
11.2774 0
11.2831 0
11.2888 0
11.2946 0
11.3003 0
11.306 0
11.3118 0
11.3175 0
11.3232 0
11.329 0
11.3347 0
11.3404 0
11.3462 0
11.3519 0
11.3577 0
11.3634 0
11.3691 0
11.3749 0
11.3806 0
11.3863 0
11.3921 0
11.3978 0
11.4035 0
11.4093 0
11.415 0
11.4208 0
11.4265 0
11.4322 0
11.438 0
11.4437 0
11.4494 0
11.4552 0
11.4609 0
11.4666 0
11.4724 0
11.4781 0
11.4839 0
11.4896 0
11.4953 0
11.5011 0
11.5068 0
11.5125 0
11.5183 0
11.524 0
11.5297 0
11.5355 0
11.5412 0
11.547 0
11.5527 0
11.5584 0
11.5642 0
11.5699 0
11.5756 0
11.5814 0
11.5871 0
11.5928 0
11.5986 0
11.6043 0
11.61 0
11.6158 0
11.6215 0
11.6273 0
11.633 0
11.6387 0
11.6445 0
11.6502 0
11.6559 0
11.6617 0
11.6674 0
11.6731 0
11.6789 0
11.6846 0
11.6904 0
11.6961 0
11.7018 0
11.7076 0
11.7133 0
11.719 0
11.7248 0
11.7305 0
11.7362 0
11.742 0
