0 16
0.00573619 -7
0.0114724 0
0.0172086 0
0.0229448 10
0.028681 -22
0.0344171 0
0.0401533 2
0.0458895 -6
0.0516257 -7
0.0573619 0
0.0630981 -9
0.0688343 21
0.0745705 0
0.0803067 -9
0.0860429 10
0.091779 0
0.0975152 -2.66667
0.103251 -6.33333
0.108988 17
0.114724 0
0.12046 6
0.126196 -4.66667
0.131932 0
0.137669 4.66667
0.143405 -25.3333
0.149141 18
0.154877 -4
0.160613 -1
0.16635 10.3333
0.172086 0
0.177822 -8.33333
0.183558 -2.8
0.189294 0
0.19503 -5.4
0.200767 -0.4
0.206503 5.66667
0.212239 -3
0.217975 -12
0.223711 -1.6
0.229448 0
0.235184 5
0.24092 1.2
0.246656 0
0.252392 2
0.258129 16.8
0.263865 15
0.269601 0
0.275337 5.8
0.281073 5.85714
0.28681 0
0.292546 11.4286
0.298282 19.1429
0.304018 0.666667
0.309754 14.75
0.31549 13
0.321227 3.28571
0.326963 0
0.332699 5.28571
0.338435 5.71429
0.344171 0
0.349908 2.42857
0.355644 5.42857
0.36138 -6.4
0.367116 17.5
0.372852 11.5556
0.378589 0.714286
0.384325 5
0.390061 13.2222
0.395797 11.5556
0.401533 0
0.40727 1.88889
0.413006 -2.33333
0.418742 9.71429
0.424478 5
0.430214 11
0.43595 10.2222
0.441687 0
0.447423 14
0.453159 9.55556
0.458895 5.66667
0.464631 11
0.470368 -3.27273
0.476104 7.11111
0.48184 -9.5
0.487576 9.09091
0.493312 9.81818
0.499049 0
0.504785 9.63636
0.510521 9.54545
0.516257 10.4
0.521993 7.5
0.52773 14.8182
0.533466 11.3333
0.539202 9
0.544938 13.1818
0.550674 13.9091
0.55641 0
0.562147 4
0.567883 5.53846
0.573619 7.71429
0.579355 12
0.585091 5.15385
0.590828 3.63636
0.596564 21.5
0.6023 14.6154
0.608036 5.46154
0.613772 3.4
0.619509 8.75
0.625245 3.15385
0.630981 4.88889
0.636717 30.75
0.642453 11.1538
0.64819 13.9231
0.653926 -3
0.659662 6.26667
0.665398 3.66667
0.671134 14
0.67687 11.75
0.682607 6
0.688343 8.18182
0.694079 2.75
0.699815 6.73333
0.705551 4.46667
0.711288 -10
0.717024 7.28571
0.72276 5.73333
0.728496 13.5556
0.734232 10.5
0.739969 6.1875
0.745705 -0.923077
0.751441 14.5
0.757177 9.70588
0.762913 7.88235
0.76865 0
0.774386 1.91667
0.780122 10.7059
0.785858 9.63636
0.791594 11.1667
0.79733 7.64706
0.803067 8.26667
0.808803 12.5
0.814539 8.76471
0.820275 12.7059
0.826011 6.33333
0.831748 3.75
0.837484 11.6111
0.84322 10.3846
0.848956 6.33333
0.854692 8
0.860429 11.1765
0.866165 11
0.871901 8.9375
0.877637 13.7368
0.883373 5.54545
0.88911 9.375
0.894846 8.42105
0.900582 11.1333
0.906318 7
0.912054 8.21053
0.91779 2.52941
0.923527 9.44444
0.929263 12
0.934999 11.4286
0.940735 3.69231
0.946471 5.75
0.952208 6.38095
0.957944 4
0.96368 3.5
0.969416 2
0.975152 7.57895
0.980889 1.27273
0.986625 8.75
0.992361 8.38095
0.998097 7.8
1.00383 14.3333
1.00957 4.80952
1.01531 1.76471
1.02104 7.7
1.02678 1.76471
1.03251 4.19048
1.03825 7.84615
1.04399 8.58333
1.04972 9.6087
1.05546 2
1.0612 7.5
1.06693 1.43478
1.07267 6.52632
1.0784 5
1.08414 3.57143
1.08988 2.69565
1.09561 8
1.10135 14.125
1.10708 2.86957
1.11282 10.7647
1.11856 9.28571
1.12429 9.08
1.13003 2.2381
1.13577 10.9333
1.1415 14.1429
1.14724 8.48
1.15297 4.33333
1.15871 3.3
1.16445 7.04
1.17018 9.26316
1.17592 9.69231
1.18166 11.2778
1.18739 5.13043
1.19313 4.86667
1.19886 -5.58333
1.2046 2.48
1.21034 6
1.21607 3.11111
1.22181 1
1.22754 3.7619
1.23328 1.82353
1.23902 0.6875
1.24475 6.36
1.25049 3.11765
1.25623 4.25
1.26196 7.7037
1.2677 2.89474
1.27343 7.84615
1.27917 12.9545
1.28491 2.3913
1.29064 9.29412
1.29638 4.78571
1.30212 5
1.30785 8.44444
1.31359 6.91667
1.31932 6.44828
1.32506 4.04762
1.3308 7.47059
1.33653 3.9
1.34227 2.08
1.348 8
1.35374 2.21429
1.35948 5.81482
1.36521 15.1905
1.37095 14.9
1.37669 8.7931
1.38242 7.3913
1.38816 5.11765
1.39389 8.42105
1.39963 4.62963
1.40537 9.6
1.4111 0.785714
1.41684 8.55172
1.42258 3.86957
1.42831 4.41176
1.43405 6.5
1.43978 -3.72
1.44552 8.95238
1.45126 8.3125
1.45699 5.51724
1.46273 9.38095
1.46846 1.25
1.4742 6.96774
1.47994 1.43478
1.48567 5.1
1.49141 -0.238095
1.49715 4.2963
1.50288 8
1.50862 13
1.51435 5.51724
1.52009 1.48
1.52583 2.86667
1.53156 0.433333
1.5373 3.68
1.54304 7.38095
1.54877 11.25
1.55451 6.17241
1.56024 1.21739
1.56598 7.57143
1.57172 7.35484
1.57745 7.04
1.58319 9.7
1.58892 0.96
1.59466 3.88889
1.6004 3.04
1.60613 8.27778
1.61187 4.74194
1.61761 2.12
1.62334 3.42857
1.62908 6.66667
1.63481 8.40741
1.64055 0.565217
1.64629 8.5
1.65202 5.44828
1.65776 3.12
1.6635 7.125
1.66923 0.677419
1.67497 8.35714
1.6807 4.35
1.68644 8.21429
1.69218 3.93103
1.69791 12.08
1.70365 1
1.70938 4.6129
1.71512 1.48148
1.72086 5.625
1.72659 7.15152
1.73233 3.62069
1.73807 2.78261
1.7438 7.69231
1.74954 6.86207
1.75527 9.88889
1.76101 7.21053
1.76675 6.87879
1.77248 9.35714
1.77822 8.2
1.78396 7.6
1.78969 12.2903
1.79543 9.07407
1.80116 8.95833
1.8069 9.25806
1.81264 6.93103
1.81837 7.44444
1.82411 3.31429
1.82984 6.10345
1.83558 8.6
1.84132 2.69231
1.84705 3.45161
1.85279 7.07407
1.85853 6.21739
1.86426 6.36364
1.87 9.36667
1.87573 8.27778
1.88147 11.2
1.88721 6.33333
1.89294 9.92593
1.89868 11.8846
1.90442 11.6667
1.91015 11.0968
1.91589 11.5
1.92162 7.25714
1.92736 9.29032
1.9331 5.64
1.93883 13.7143
1.94457 18.3333
1.9503 49.3333
1.95604 22.9167
1.96178 24.7059
1.96751 20.1875
1.97325 22.45
1.97899 16.5946
1.98472 10.3636
1.99046 8.58621
1.99619 4.76923
2.00193 8.54286
2.00767 6.41935
2.0134 6.75
2.01914 7.51429
2.02488 12.0909
2.03061 6.48
2.03635 8.625
2.04208 7.29412
2.04782 10.875
2.05356 6.20833
2.05929 9.44444
2.06503 4.51429
2.07076 12.0909
2.0765 6.83784
2.08224 5.37143
2.08797 10.7241
2.09371 7
2.09945 7.54054
2.10518 5.87879
2.11092 10.875
2.11665 8.59459
2.12239 8.25714
2.12813 7.26087
2.13386 10.8056
2.1396 4.47222
2.14534 10.0938
2.15107 6.53846
2.15681 8.02632
2.16254 5.51351
2.16828 8.81818
2.17402 3.33333
2.17975 7.54054
2.18549 9.77419
2.19122 9.36667
2.19696 7.89189
2.2027 9.31429
2.20843 12.5833
2.21417 12.8974
2.21991 4.83784
2.22564 8.72727
2.23138 10.175
2.23711 5.63158
2.24285 25
2.24859 76.3214
2.25432 33.5128
2.26006 29.7436
2.2658 16.2727
2.27153 10.5122
2.27727 15.5641
2.283 15.3871
2.28874 8.75
2.29448 8.25641
2.30021 11.0811
2.30595 12.2308
2.31168 5.76923
2.31742 6.87179
2.32316 6.90909
2.32889 9.54762
2.33463 9.75
2.34037 6.88889
2.3461 10.6429
2.35184 12.5349
2.35757 8.2973
2.36331 12.4615
2.36905 13.5122
2.37478 13.0976
2.38052 15.0323
2.38626 22.1471
2.39199 15.3256
2.39773 10.973
2.40346 8.53846
2.4092 12.0233
2.41494 10.95
2.42067 13
2.42641 6.84091
2.43214 11.2381
2.43788 8.02857
2.44362 10.0312
2.44935 7.24444
2.45509 7.02564
2.46083 8.15385
2.46656 9.37778
2.4723 9
2.47803 9.10345
2.48377 8.85
2.48951 12.3721
2.49524 10.1538
2.50098 5.84615
2.50672 8.69565
2.51245 5.38095
2.51819 10.875
2.52392 5.54348
2.52966 7.29545
2.5354 10.1515
2.54113 9.66667
2.54687 8.75556
2.5526 13.0488
2.55834 11.1538
2.56408 11.6809
2.56981 7.44186
2.57555 5
2.58129 6.2619
2.58702 8.22222
2.59276 8.7027
2.59849 10.1875
2.60423 9.58696
2.60997 8.04545
2.6157 6.83333
2.62144 6.60417
2.62718 7.14894
2.63291 2.71429
2.63865 4.22222
2.64438 10.8936
2.65012 7.80488
2.65586 8.8
2.66159 8.68085
2.66733 5.02222
2.67306 13.52
2.6788 8.1875
2.68454 6.31915
2.69027 10.6923
2.69601 7.75758
2.70175 10.9792
2.70748 7.93333
2.71322 8.03704
2.71895 10.3958
2.72469 7.22449
2.73043 10.4286
2.73616 5.39474
2.7419 7.85714
2.74764 11.6047
2.75337 12.2667
2.75911 7.87755
2.76484 9.20408
2.77058 7.5
2.77632 9.53061
2.78205 10.08
2.78779 4.4359
2.79352 4.91429
2.79926 2.46154
2.805 8.37778
2.81073 4.48148
2.81647 4.81132
2.82221 8.18367
2.82794 5.37838
2.83368 7.23684
2.83941 8.18868
2.84515 8.02439
2.85089 8.8125
2.85662 9.67924
2.86236 6.5102
2.8681 6.20833
2.87383 6.86792
2.87957 6.32
2.8853 7.82927
2.89104 5.64865
2.89678 9.42308
2.90251 6.26667
2.90825 8.06897
2.91398 11.8909
2.91972 6.23529
2.92546 5.62162
2.93119 8.61905
2.93693 10
2.94267 7.11111
2.9484 9.8125
2.95414 5.88679
2.95987 4.79592
2.96561 11.4231
2.97135 6.39286
2.97708 10.2037
2.98282 7.38462
2.98856 11.9744
2.99429 10
3.00003 8.48936
3.00576 8.28125
3.0115 4.63636
3.01724 8.24528
3.02297 5.64865
3.02871 7.93182
3.03444 10.7455
3.04018 7.08889
3.04592 6.88235
3.05165 5.92727
3.05739 8.56863
3.06313 5.68966
3.06886 10.6786
3.0746 11.1818
3.08033 11
3.08607 13.1081
3.09181 8.32143
3.09754 7.77551
3.10328 6.625
3.10902 9.8983
3.11475 9.66038
3.12049 7.92308
3.12622 14.1957
3.13196 15.1273
3.1377 13.7234
3.14343 6.61111
3.14917 11.8947
3.1549 5.98039
3.16064 4.75862
3.16638 9.31667
3.17211 16.6
3.17785 8.63636
3.18359 31.3415
3.18932 16.8983
3.19506 17.3265
3.20079 13.5588
3.20653 12.3051
3.21227 15.9434
3.218 10.0488
3.22374 10.125
3.22948 11.0678
3.23521 10.6222
3.24095 11.3947
3.24668 10.7667
3.25242 11.4717
3.25816 14.9412
3.26389 10.5789
3.26963 7.12281
3.27536 8.23913
3.2811 12.4146
3.28684 12.0656
3.29257 13.4286
3.29831 10.1667
3.30405 12.5079
3.30978 9.87273
3.31552 11.9302
3.32125 9.64583
3.32699 12.8246
3.33273 10.2353
3.33846 14.4211
3.3442 15.6129
3.34994 15.2941
3.35567 12.7368
3.36141 14.6441
3.36714 13.0526
3.37288 18.2917
3.37862 6.36364
3.38435 14.4918
3.39009 13.3208
3.39582 5.61111
3.40156 10
3.4073 12
3.41303 6.91489
3.41877 15.7083
3.42451 12.8033
3.43024 14.7143
3.43598 12.7073
3.44171 12.3175
3.44745 17.2143
3.45319 11.8571
3.45892 14.7455
3.46466 11.2034
3.4704 11.46
3.47613 12.2727
3.48187 8.07936
3.4876 10.6792
3.49334 6.34211
3.49908 9.68657
3.50481 9.77193
3.51055 8.89362
3.51628 11.4
3.52202 7.2623
3.52776 9.92593
3.53349 10.4634
3.53923 15.7385
3.54497 14.3519
3.5507 11.2292
3.55644 11.7091
3.56217 20.4915
3.56791 27.2075
3.57365 28
3.57938 27.1692
3.58512 23.2
3.59086 17.4211
3.59659 15.4627
3.60233 13.8644
3.60806 14.6078
3.6138 12.1875
3.61954 13
3.62527 11.8214
3.63101 15.2195
3.63674 10.2537
3.64248 15.3448
3.64822 13.7917
3.65395 15.2281
3.65969 21.7869
3.66543 21.5636
3.67116 26.2391
3.6769 22.7778
3.68263 25.1148
3.68837 29.2368
3.69411 24.6667
3.69984 24.4237
3.70558 22.0566
3.71132 24.1765
3.71705 26.9077
3.72279 23.2321
3.72852 23.5349
3.73426 25.3134
3.74 32.3548
3.74573 27.2
3.75147 22.8571
3.7572 26.9365
3.76294 25.322
3.76868 26.2273
3.77441 27
3.78015 30.7458
3.78589 28.6809
3.79162 29.5312
3.79736 28.5079
3.80309 28.6429
3.80883 37.902
3.81457 36.7538
3.8203 38.05
3.82604 39.3256
3.83178 40.971
3.83751 47.8871
3.84325 57.1786
3.84898 62.2778
3.85472 60.5397
3.86046 73.4754
3.86619 94.3913
3.87193 97.1594
3.87766 155.492
3.8834 382.843
3.88914 317.233
3.89487 1685.86
3.90061 5110.45
3.90635 829.98
3.91208 980.94
3.91782 629.25
3.92355 568
3.92929 585.324
3.93503 574.109
3.94076 463.305
3.9465 360.463
3.95224 253.06
3.95797 183.079
3.96371 152.239
3.96944 120.789
3.97518 93.1429
3.98092 79.9455
3.98665 75.3621
3.99239 61.1471
3.99812 59.629
4.00386 52.4898
4.0096 51.8986
4.01533 44.2969
4.02107 39.06
4.02681 40.0909
4.03254 34.0152
4.03828 32.0984
4.04401 32.6154
4.04975 30.9859
4.05549 32.9385
4.06122 34.2174
4.06696 28.1884
4.0727 33.7826
4.07843 33.1167
4.08417 27.0357
4.0899 28.3235
4.09564 24.5469
4.10138 24.72
4.10711 22.5417
4.11285 23.5303
4.11858 26.8214
4.12432 24.5645
4.13006 22.1304
4.13579 21.2857
4.14153 17.5577
4.14727 22.7123
4.153 21.0896
4.15874 21.6136
4.16447 20.7808
4.17021 20.8451
4.17595 18.8387
4.18168 15.25
4.18742 21.2
4.19316 19.1212
4.19889 18.46
4.20463 16.1892
4.21036 19.9265
4.2161 18.6167
4.22184 21.9828
4.22757 22.2877
4.23331 21.7612
4.23904 20.16
4.24478 21.2
4.25052 23.2174
4.25625 14.4182
4.26199 18.2656
4.26773 17.375
4.27346 20.8636
4.2792 15.5179
4.28493 14.3056
4.29067 19.6143
4.29641 15.9583
4.30214 16.5132
4.30788 14.8714
4.31362 18.0615
4.31935 19.7679
4.32509 15.16
4.33082 16.913
4.33656 18.02
4.3423 19.3467
4.34803 19.6164
4.35377 18.7258
4.3595 18.1667
4.36524 20.7297
4.37098 22.9429
4.37671 19.7963
4.38245 22.2432
4.38819 22.9167
4.39392 21.5614
4.39966 23.4203
4.40539 19.1667
4.41113 22.3768
4.41687 26.3519
4.4226 32.6623
4.42834 30.0137
4.43408 33.1875
4.43981 33.2078
4.44555 37.3467
4.45128 38.1692
4.45702 39.5593
4.46276 52.4211
4.46849 58.2083
4.47423 62.6852
4.47996 124.461
4.4857 232.986
4.49144 1087.06
4.49717 1015.38
4.50291 1207.71
4.50865 792.592
4.51438 361.365
4.52012 374.987
4.52585 250.56
4.53159 189.491
4.53733 197.571
4.54306 169.975
4.5488 146.239
4.55454 132
4.56027 106.137
4.56601 88.7432
4.57174 68.9615
4.57748 63.1923
4.58322 50.7308
4.58895 44.7313
4.59469 37.6066
4.60042 37.8101
4.60616 29.64
4.6119 27.94
4.61763 24.7349
4.62337 24.4416
4.62911 18.0794
4.63484 21.7812
4.64058 22.5244
4.64631 22.2778
4.65205 18.5893
4.65779 19.2625
4.66352 21.9359
4.66926 18.2951
4.675 19.1549
4.68073 18.9103
4.68647 13.137
4.6922 17.0172
4.69794 13.5556
4.70368 12.4545
4.70941 13.7
4.71515 14.8941
4.72088 13.9367
4.72662 13.8116
4.73236 16.4921
4.73809 16.8049
4.74383 12.4231
4.74957 15.4808
4.7553 15.3452
4.76104 15.425
4.76677 16.2985
4.77251 17
4.77825 13.4634
4.78398 14.56
4.78972 16.2857
4.79546 9.77647
4.80119 10.9494
4.80693 9.58462
4.81266 13.1286
4.8184 8.33333
4.82414 10.3014
4.82987 14.1311
4.83561 9.91667
4.84134 5.9875
4.84708 5.58491
4.85282 8.94118
4.85855 9.71951
4.86429 9.78873
4.87003 12.082
4.87576 11.4368
4.8815 10.5316
4.88723 6.92593
4.89297 10.0471
4.89871 10.8554
4.90444 17.2676
4.91018 12.2424
4.91592 7.54762
4.92165 8.1519
4.92739 7.54386
4.93312 12.2093
4.93886 7.61905
4.9446 11.1493
4.95033 8.76056
4.95607 6.18605
4.9618 9.75325
4.96754 9.57627
4.97328 6.64368
4.97901 8.19277
4.98475 8.86885
4.99049 7.83333
4.99622 9.73563
5.00196 9.06849
5.00769 8.31746
5.01343 9.125
5.01917 10.0482
5.0249 7.24528
5.03064 9.24444
5.03638 11.1977
5.04211 10.6667
5.04785 13.8
5.05358 12.2326
5.05932 8.95062
5.06506 9
5.07079 7.91011
5.07653 9.54023
5.08226 7.02817
5.088 9.48571
5.09374 12.6
5.09947 5.50649
5.10521 7.47619
5.11095 9.4
5.11668 7.23529
5.12242 6.56061
5.12815 7.81818
5.13389 9.04444
5.13963 10.1299
5.14536 7.52459
5.1511 9.47826
5.15684 8.89157
5.16257 5.79365
5.16831 6.17857
5.17404 9.59551
5.17978 11.6623
5.18552 9.74242
5.19125 9.18889
5.19699 10.5542
5.20272 8.61017
5.20846 7.45652
5.2142 6.77528
5.21993 6.65789
5.22567 7.42029
5.23141 8.97826
5.23714 7.37037
5.24288 8.11475
5.24861 8.4086
5.25435 7.86517
5.26009 6.23944
5.26582 9.02632
5.27156 8.52747
5.2773 7.87342
5.28303 6.64615
5.28877 8.07447
5.2945 10.5977
5.30024 9.80556
5.30598 8.25316
5.31171 9.2809
5.31745 12.4634
5.32318 7.63077
5.32892 8.64894
5.33466 6.68966
5.34039 11.6515
5.34613 9.2093
5.35187 9.2967
5.3576 8.2963
5.36334 9.21212
5.36907 6.9375
5.37481 9.04706
5.38055 5.39344
5.38628 8.07292
5.39202 8.56044
5.39776 8.975
5.40349 10.5493
5.40923 10.1667
5.41496 11.3457
5.4207 11.2063
5.42644 10.5306
5.43217 10.236
5.43791 9.6962
5.44364 8.72973
5.44938 8.37113
5.45512 9.02469
5.46085 10.3939
5.46659 9.44898
5.47233 6.82022
5.47806 8.26316
5.4838 10.1111
5.48953 7.77419
5.49527 8.63095
5.50101 9.92537
5.50674 6.13265
5.51248 7.65169
5.51822 10.2838
5.52395 13.5904
5.52969 9.54839
5.53542 7.49412
5.54116 5.75
5.5469 8.39394
5.55263 9.82022
5.55837 8.16667
5.5641 10.9663
5.56984 11.8925
5.57558 9.5119
5.58131 9.75342
5.58705 8.59596
5.59279 10.2045
5.59852 9.63492
5.60426 5.55
5.60999 5.11828
5.61573 4.92683
5.62147 7.18421
5.6272 7.62887
5.63294 10.1149
5.63868 4.22727
5.64441 7.08911
5.65015 4.93548
5.65588 6.2381
5.66162 4.25974
5.66736 6.68687
5.67309 9.22093
5.67883 7.36232
5.68456 9.22772
5.6903 8.84444
5.69604 9.76829
5.70177 8.09639
5.70751 7.69474
5.71325 8.09091
5.71898 9.15278
5.72472 8.26263
5.73045 8.03226
5.73619 7.17722
5.74193 8.78652
5.74766 8
5.7534 9.82955
5.75914 6.5493
5.76487 7.12871
5.77061 4.53191
5.77634 6.26923
5.78208 7.95506
5.78782 9.47423
5.79355 9.01163
5.79929 10.08
5.80502 11.7921
5.81076 8.72043
5.8165 9.77333
5.82223 10.8542
5.82797 8.43299
5.83371 10.4302
5.83944 7.21519
5.84518 7.11111
5.85091 9.67708
5.85665 5.47692
5.86239 8.13333
5.86812 8.71429
5.87386 9.60465
5.8796 6.08861
5.88533 5.77228
5.89107 6.20652
5.8968 7.56522
5.90254 5.67619
5.90828 7.18182
5.91401 9.05882
5.91975 5.17073
5.92548 9
5.93122 8.75532
5.93696 7.50685
5.94269 6.8
5.94843 6.30208
5.95417 5.34091
5.9599 9.56471
5.96564 7.39394
5.97137 7.79787
5.97711 6.34247
5.98285 6.7767
5.98858 10.4184
5.99432 7.01176
6.00006 6.16667
6.00579 9.16162
6.01153 9.08602
6.01726 9.72
6.023 8.57143
6.02874 10.125
6.03447 6.68182
6.04021 11.8333
6.04594 13.3673
6.05168 11.4375
6.05742 10.1429
6.06315 13.5714
6.06889 10.1146
6.07463 10.2143
6.08036 10.6277
6.0861 8.11224
6.09183 8.60825
6.09757 8.82051
6.10331 12.9143
6.10904 10.9167
6.11478 9.2907
6.12052 9.27083
6.12625 8.04
6.13199 10.4043
6.13772 9.06098
6.14346 10.2549
6.1492 11.79
6.15493 14.25
6.16067 10.0392
6.1664 10.051
6.17214 10.9468
6.17788 8.42857
6.18361 11.7379
6.18935 7.44444
6.19509 11.4595
6.20082 7.72477
6.20656 11.8725
6.21229 10.2812
6.21803 9.84146
6.22377 11.1509
6.2295 12.49
6.23524 11.56
6.24098 11.4495
6.24671 12.9902
6.25245 12.0851
6.25818 13.4186
6.26392 14.3824
6.26966 11.5
6.27539 12.25
6.28113 15.5229
6.28686 16.2574
6.2926 12.8958
6.29834 13.4545
6.30407 15.125
6.30981 14.3725
6.31555 13.9487
6.32128 17.8981
6.32702 19.7692
6.33275 20.5104
6.33849 23.0455
6.34423 23.125
6.34996 27.7549
6.3557 30.141
6.36144 35.6389
6.36717 45.4571
6.37291 53.9579
6.37864 62.0889
6.38438 77.2264
6.39012 83.0588
6.39585 99.525
6.40159 111.343
6.40732 127.028
6.41306 142.181
6.4188 157.717
6.42453 161.821
6.43027 159.627
6.43601 132.561
6.44174 110.802
6.44748 84.9815
6.45321 64.734
6.45895 50.9348
6.46469 40.4857
6.47042 34.2718
6.47616 30.3929
6.4819 28.5636
6.48763 25.6667
6.49337 21.4409
6.4991 22.2632
6.50484 22.6481
6.51058 22.3725
6.51631 19.369
6.52205 17.1636
6.52778 15.1296
6.53352 17.163
6.53926 15.3021
6.54499 10.9167
6.55073 14.1262
6.55647 11.8571
6.5622 13.4071
6.56794 11.5185
6.57367 16.2366
6.57941 13.9579
6.58515 11.4554
6.59088 12.5192
6.59662 13.7976
6.60236 13.9386
6.60809 11.3208
6.61383 12.8065
6.61956 12.0103
6.6253 13
6.63104 11.2157
6.63677 12.3605
6.64251 8.32456
6.64824 11.028
6.65398 9.23077
6.65972 10.598
6.66545 8.41071
6.67119 7.5
6.67693 10.814
6.68266 10.0517
6.6884 10.8796
6.69413 9.67033
6.69987 10.1456
6.70561 11.8661
6.71134 8.88461
6.71708 11.9773
6.72282 12.9737
6.72855 10.5185
6.73429 12.9213
6.74002 10.6132
6.74576 11.0435
6.7515 12.8932
6.75723 11.5056
6.76297 11.1034
6.7687 9.99107
6.77444 14.0787
6.78018 7.34286
6.78591 10.4741
6.79165 10.5514
6.79739 9.8046
6.80312 8.57018
6.80886 10.3214
6.81459 8.42857
6.82033 9.8
6.82607 9.0431
6.8318 12.9905
6.83754 8.82955
6.84328 10.7373
6.84901 8.47321
6.85475 10.044
6.86048 10.8716
6.86622 8.71552
6.87196 10.9159
6.87769 12.023
6.88343 12.2627
6.88916 9.58772
6.8949 10.8621
6.90064 9.46903
6.90637 10.0877
6.91211 7.15888
6.91785 10.0345
6.92358 12.281
6.92932 8.32743
6.93505 9.14607
6.94079 9.18584
6.94653 7.02586
6.95226 8.2243
6.958 8.89011
6.96374 7.75
6.96947 11.6579
6.97521 11.1429
6.98094 6.71171
6.98668 7.77586
6.99242 10.2752
6.99815 8.53933
7.00389 7.81667
7.00962 12.7328
7.01536 9.79121
7.0211 4.78182
7.02683 7.96721
7.03257 6.7757
7.03831 7.31183
7.04404 11.2869
7.04978 10.5739
7.05551 13.0851
7.06125 8.66055
7.06699 9.26229
7.07272 8.09174
7.07846 8.83146
7.0842 5.16393
7.08993 7.43966
7.09567 9.54839
7.1014 10.5044
7.10714 9.96639
7.11288 8.01835
7.11861 9.26882
7.12435 8.23387
7.13008 7.52991
7.13582 8.9375
7.14156 8.68468
7.14729 11.7083
7.15303 10.5872
7.15877 9.55914
7.1645 11.7581
7.17024 8.67227
7.17597 10.1531
7.18171 7.66355
7.18745 6.65574
7.19318 5.53153
7.19892 9.59341
7.20466 8.41732
7.21039 10.7607
7.21613 10.96
7.22186 9.16514
7.2276 9.42857
7.23334 11.0541
7.23907 9.76923
7.24481 11.746
7.25054 12.2773
7.25628 13.15
7.26202 12.3423
7.26775 14.2623
7.27349 11.5315
7.27923 9.84946
7.28496 12.3968
7.2907 11.2101
7.29643 11.4951
7.30217 10.9817
7.30791 11.5081
7.31364 12.0427
7.31938 9.07865
7.32512 10.1077
7.33085 11.9917
7.33659 12.9712
7.34232 11.4476
7.34806 14.8846
7.3538 15.7477
7.35953 15.4946
7.36527 15.5469
7.371 13.0661
7.37674 14.8942
7.38248 13.9541
7.38821 13.312
7.39395 17.8448
7.39969 15.0323
7.40542 18.5385
7.41116 16.7561
7.41689 20.6226
7.42263 17.6168
7.42837 21.373
7.4341 21.5126
7.43984 23.4831
7.44558 28.6493
7.45131 30.9587
7.45705 35.3364
7.46278 72.5825
7.46852 150.377
7.47426 314.709
7.47999 351.667
7.48573 298.311
7.49146 160.304
7.4972 133.2
7.50294 122.673
7.50867 122.414
7.51441 128.613
7.52015 137.165
7.52588 143.674
7.53162 145.824
7.53735 144.134
7.54309 137.359
7.54883 119.977
7.55456 96.6218
7.5603 76.9213
7.56604 61.9627
7.57177 49.184
7.57751 41.1293
7.58324 34.3592
7.58898 33.1527
7.59472 28.3689
7.60045 27.01
7.60619 23.5203
7.61192 22.5426
7.61766 22.5
7.6234 17.6931
7.62913 18.2045
7.63487 18.9752
7.64061 19.2059
7.64634 20.7398
7.65208 16.9845
7.65781 17.1356
7.66355 15.6633
7.66929 15.6889
7.67502 15.1129
7.68076 14
7.6865 16.3529
7.69223 12.4122
7.69797 14.2288
7.7037 14.6931
7.70944 16.1493
7.71518 12.3984
7.72091 15.7727
7.72665 14.2906
7.73238 14.3178
7.73812 13.9344
7.74386 11.6186
7.74959 14.2246
7.75533 16.92
7.76107 16.0268
7.7668 13.8696
7.77254 14.2519
7.77827 17.3361
7.78401 16.5657
7.78975 17.0074
7.79548 16.4375
7.80122 21.7069
7.80696 22.8378
7.81269 22.9248
7.81843 27.2903
7.82416 29.4526
7.8299 28.2714
7.83564 31.1654
7.84137 36.1121
7.84711 34.0631
7.85284 40.2214
7.85858 49.9844
7.86432 46.3093
7.87005 46.3309
7.87579 46.125
7.88153 42.582
7.88726 36.3271
7.893 29.7778
7.89873 25.4375
7.90447 19.3824
7.91021 19.2556
7.91594 16.9466
7.92168 15.3917
7.92742 12.3143
7.93315 13.4672
7.93889 11.373
7.94462 10.0877
7.95036 11.1148
7.9561 12.9773
7.96183 10.5794
7.96757 9.0381
7.9733 11.8102
7.97904 12.5538
7.98478 12.2054
7.99051 10.672
7.99625 11.2481
8.00199 11.5
8.00772 12.0693
8.01346 12.1511
8.01919 9.25758
8.02493 8.95763
8.03067 9.96491
8.0364 10
8.04214 11.0391
8.04788 13.7961
8.05361 12.3094
8.05935 8.63235
8.06508 10.2797
8.07082 10.2906
8.07656 9.62044
8.08229 10.8281
8.08803 7.16162
8.09376 10.4825
8.0995 10.6894
8.10524 9.9918
8.11097 7.76106
8.11671 9.76642
8.12245 9.86822
8.12818 7.58929
8.13392 9.03788
8.13965 9.86957
8.14539 7.94355
8.15113 9.22523
8.15686 5.61314
8.1626 7.15909
8.16834 4.9661
8.17407 5.88889
8.17981 7.53731
8.18554 7.24615
8.19128 5.28972
8.19702 5.35971
8.20275 2.3806
8.20849 6.83898
8.21422 2.79032
8.21996 5.30435
8.2257 4.22656
8.23143 1
8.23717 4.16783
8.24291 3.44444
8.24864 -2.6
8.25438 -3.39474
8.26011 1.31579
8.26585 1.77778
8.27159 0
8.27732 0
8.28306 0
8.2888 0
8.29453 0
8.30027 0
8.306 0
8.31174 0
8.31748 0
8.32321 0
8.32895 0
8.33468 0
8.34042 0
8.34616 0
8.35189 0
8.35763 0
8.36337 0
8.3691 0
8.37484 0
8.38057 0
8.38631 0
8.39205 0
8.39778 0
8.40352 0
8.40926 0
8.41499 0
8.42073 0
8.42646 0
8.4322 0
8.43794 0
8.44367 0
8.44941 0
8.45514 0
8.46088 0
8.46662 0
8.47235 0
8.47809 0
8.48383 0
8.48956 0
8.4953 0
8.50103 0
8.50677 0
8.51251 0
8.51824 0
8.52398 0
8.52972 0
8.53545 0
8.54119 0
8.54692 0
8.55266 0
8.5584 0
8.56413 0
8.56987 0
8.5756 0
8.58134 0
8.58708 0
8.59281 0
8.59855 0
8.60429 0
8.61002 0
8.61576 0
8.62149 0
8.62723 0
8.63297 0
8.6387 0
8.64444 0
8.65018 0
8.65591 0
8.66165 0
8.66738 0
8.67312 0
8.67886 0
8.68459 0
8.69033 0
8.69606 0
8.7018 0
8.70754 0
8.71327 0
8.71901 0
8.72475 0
8.73048 0
8.73622 0
8.74195 0
8.74769 0
8.75343 0
8.75916 0
8.7649 0
8.77064 0
8.77637 0
8.78211 0
8.78784 0
8.79358 0
8.79932 0
8.80505 0
8.81079 0
8.81652 0
8.82226 0
8.828 0
8.83373 0
8.83947 0
8.84521 0
8.85094 0
8.85668 0
8.86241 0
8.86815 0
8.87389 0
8.87962 0
8.88536 0
8.8911 0
8.89683 0
8.90257 0
8.9083 0
8.91404 0
8.91978 0
8.92551 0
8.93125 0
8.93698 0
8.94272 0
8.94846 0
8.95419 0
8.95993 0
8.96567 0
8.9714 0
8.97714 0
8.98287 0
8.98861 0
8.99435 0
9.00008 0
9.00582 0
9.01156 0
9.01729 0
9.02303 0
9.02876 0
9.0345 0
9.04024 0
9.04597 0
9.05171 0
9.05744 0
9.06318 0
9.06892 0
9.07465 0
9.08039 0
9.08613 0
9.09186 0
9.0976 0
9.10333 0
9.10907 0
9.11481 0
9.12054 0
9.12628 0
9.13202 0
9.13775 0
9.14349 0
9.14922 0
9.15496 0
9.1607 0
9.16643 0
9.17217 0
9.1779 0
9.18364 0
9.18938 0
9.19511 0
9.20085 0
9.20659 0
9.21232 0
9.21806 0
9.22379 0
9.22953 0
9.23527 0
9.241 0
9.24674 0
9.25248 0
9.25821 0
9.26395 0
9.26968 0
9.27542 0
9.28116 0
9.28689 0
9.29263 0
9.29836 0
9.3041 0
9.30984 0
9.31557 0
9.32131 0
9.32705 0
9.33278 0
9.33852 0
9.34425 0
9.34999 0
9.35573 0
9.36146 0
9.3672 0
9.37294 0
9.37867 0
9.38441 0
9.39014 0
9.39588 0
9.40162 0
9.40735 0
9.41309 0
9.41882 0
9.42456 0
9.4303 0
9.43603 0
9.44177 0
9.44751 0
9.45324 0
9.45898 0
9.46471 0
9.47045 0
9.47619 0
9.48192 0
9.48766 0
9.4934 0
9.49913 0
9.50487 0
9.5106 0
9.51634 0
9.52208 0
9.52781 0
9.53355 0
9.53928 0
9.54502 0
9.55076 0
9.55649 0
9.56223 0
9.56797 0
9.5737 0
9.57944 0
9.58517 0
9.59091 0
9.59665 0
9.60238 0
9.60812 0
9.61386 0
9.61959 0
9.62533 0
9.63106 0
9.6368 0
9.64254 0
9.64827 0
9.65401 0
9.65974 0
9.66548 0
9.67122 0
9.67695 0
9.68269 0
9.68843 0
9.69416 0
9.6999 0
9.70563 0
9.71137 0
9.71711 0
9.72284 0
9.72858 0
9.73432 0
9.74005 0
9.74579 0
9.75152 0
9.75726 0
9.763 0
9.76873 0
9.77447 0
9.7802 0
9.78594 0
9.79168 0
9.79741 0
9.80315 0
9.80889 0
9.81462 0
9.82036 0
9.82609 0
9.83183 0
9.83757 0
9.8433 0
9.84904 0
9.85478 0
9.86051 0
9.86625 0
9.87198 0
9.87772 0
9.88346 0
9.88919 0
9.89493 0
9.90066 0
9.9064 0
9.91214 0
9.91787 0
9.92361 0
9.92935 0
9.93508 0
9.94082 0
9.94655 0
9.95229 0
9.95803 0
9.96376 0
9.9695 0
9.97524 0
9.98097 0
9.98671 0
9.99244 0
9.99818 0
10.0039 0
10.0097 0
10.0154 0
10.0211 0
10.0269 0
10.0326 0
10.0383 0
10.0441 0
10.0498 0
10.0555 0
10.0613 0
10.067 0
10.0728 0
10.0785 0
10.0842 0
10.09 0
10.0957 0
10.1014 0
10.1072 0
10.1129 0
10.1186 0
10.1244 0
10.1301 0
10.1358 0
10.1416 0
10.1473 0
10.1531 0
10.1588 0
10.1645 0
10.1703 0
10.176 0
10.1817 0
10.1875 0
10.1932 0
10.1989 0
10.2047 0
10.2104 0
10.2162 0
10.2219 0
10.2276 0
10.2334 0
10.2391 0
10.2448 0
10.2506 0
10.2563 0
10.262 0
10.2678 0
10.2735 0
10.2793 0
10.285 0
10.2907 0
10.2965 0
10.3022 0
10.3079 0
10.3137 0
10.3194 0
10.3251 0
10.3309 0
10.3366 0
10.3424 0
10.3481 0
10.3538 0
10.3596 0
10.3653 0
10.371 0
10.3768 0
10.3825 0
10.3882 0
10.394 0
10.3997 0
10.4054 0
10.4112 0
10.4169 0
10.4227 0
10.4284 0
10.4341 0
10.4399 0
10.4456 0
10.4513 0
10.4571 0
10.4628 0
10.4685 0
10.4743 0
10.48 0
10.4858 0
10.4915 0
10.4972 0
10.503 0
10.5087 0
10.5144 0
10.5202 0
10.5259 0
10.5316 0
10.5374 0
10.5431 0
10.5489 0
10.5546 0
10.5603 0
10.5661 0
10.5718 0
10.5775 0
10.5833 0
10.589 0
10.5947 0
10.6005 0
10.6062 0
10.612 0
10.6177 0
10.6234 0
10.6292 0
10.6349 0
10.6406 0
10.6464 0
10.6521 0
10.6578 0
10.6636 0
10.6693 0
10.6751 0
10.6808 0
10.6865 0
10.6923 0
10.698 0
10.7037 0
10.7095 0
10.7152 0
10.7209 0
10.7267 0
10.7324 0
10.7381 0
10.7439 0
10.7496 0
10.7554 0
10.7611 0
10.7668 0
10.7726 0
10.7783 0
10.784 0
10.7898 0
10.7955 0
10.8012 0
10.807 0
10.8127 0
10.8185 0
10.8242 0
10.8299 0
10.8357 0
10.8414 0
10.8471 0
10.8529 0
10.8586 0
10.8643 0
10.8701 0
10.8758 0
10.8816 0
10.8873 0
10.893 0
10.8988 0
10.9045 0
10.9102 0
10.916 0
10.9217 0
10.9274 0
10.9332 0
10.9389 0
10.9447 0
10.9504 0
10.9561 0
10.9619 0
10.9676 0
10.9733 0
10.9791 0
10.9848 0
10.9905 0
10.9963 0
11.002 0
11.0077 0
11.0135 0
11.0192 0
11.025 0
11.0307 0
11.0364 0
11.0422 0
11.0479 0
11.0536 0
11.0594 0
11.0651 0
11.0708 0
11.0766 0
11.0823 0
11.0881 0
11.0938 0
11.0995 0
11.1053 0
11.111 0
11.1167 0
11.1225 0
11.1282 0
11.1339 0
11.1397 0
11.1454 0
11.1512 0
11.1569 0
11.1626 0
11.1684 0
11.1741 0
11.1798 0
11.1856 0
11.1913 0
11.197 0
11.2028 0
11.2085 0
11.2143 0
11.22 0
11.2257 0
11.2315 0
11.2372 0
11.2429 0
11.2487 0
11.2544 0
11.2601 0
11.2659 0
11.2716 0
11.2774 0
11.2831 0
11.2888 0
11.2946 0
11.3003 0
11.306 0
11.3118 0
11.3175 0
11.3232 0
11.329 0
11.3347 0
11.3404 0
11.3462 0
11.3519 0
11.3577 0
11.3634 0
11.3691 0
11.3749 0
11.3806 0
11.3863 0
11.3921 0
11.3978 0
11.4035 0
11.4093 0
11.415 0
11.4208 0
11.4265 0
11.4322 0
11.438 0
11.4437 0
11.4494 0
11.4552 0
11.4609 0
11.4666 0
11.4724 0
11.4781 0
11.4839 0
11.4896 0
11.4953 0
11.5011 0
11.5068 0
11.5125 0
11.5183 0
11.524 0
11.5297 0
11.5355 0
11.5412 0
11.547 0
11.5527 0
11.5584 0
11.5642 0
11.5699 0
11.5756 0
11.5814 0
11.5871 0
11.5928 0
11.5986 0
11.6043 0
11.61 0
11.6158 0
11.6215 0
11.6273 0
11.633 0
11.6387 0
11.6445 0
11.6502 0
11.6559 0
11.6617 0
11.6674 0
11.6731 0
11.6789 0
11.6846 0
11.6904 0
11.6961 0
11.7018 0
11.7076 0
11.7133 0
11.719 0
11.7248 0
11.7305 0
11.7362 0
11.742 0
