0 -25
0.00573619 5
0.0114724 -20
0.0172086 0
0.0229448 -26
0.028681 15
0.0344171 0
0.0401533 18
0.0458895 1
0.0516257 -8
0.0573619 0
0.0630981 -6
0.0688343 -1
0.0745705 0
0.0803067 4
0.0860429 -8
0.091779 0
0.0975152 -2.66667
0.103251 4.66667
0.108988 -9.66667
0.114724 0
0.12046 -6.66667
0.126196 3.33333
0.131932 0
0.137669 -1
0.143405 1.66667
0.149141 28
0.154877 11.5
0.160613 3.66667
0.16635 -12.3333
0.172086 0
0.177822 -10.3333
0.183558 2
0.189294 0
0.19503 4.2
0.200767 3.8
0.206503 -1.66667
0.212239 -7
0.217975 -2
0.223711 14.2
0.229448 0
0.235184 8.4
0.24092 -1.4
0.246656 0
0.252392 -4.6
0.258129 14.4
0.263865 3.2
0.269601 0
0.275337 8.6
0.281073 -5.71429
0.28681 0
0.292546 5
0.298282 9.71429
0.304018 23.6667
0.309754 9.25
0.31549 -5.85714
0.321227 7
0.326963 0
0.332699 9.71429
0.338435 3
0.344171 0
0.349908 -2.57143
0.355644 3.85714
0.36138 2
0.367116 -14.5
0.372852 9.22222
0.378589 7.42857
0.384325 24
0.390061 9.22222
0.395797 6.55556
0.401533 0
0.40727 14.2222
0.413006 7.22222
0.418742 1.28571
0.424478 21.5
0.430214 6.88889
0.43595 6.77778
0.441687 0
0.447423 13.5556
0.453159 7.55556
0.458895 9.33333
0.464631 13.4286
0.470368 5.72727
0.476104 1
0.48184 17.5
0.487576 1.81818
0.493312 2.36364
0.499049 0
0.504785 12.7273
0.510521 5.81818
0.516257 13
0.521993 1.66667
0.52773 15.6364
0.533466 13.1111
0.539202 31
0.544938 15.1818
0.550674 12.9091
0.55641 0
0.562147 18
0.567883 12.3846
0.573619 21.2857
0.579355 20.1667
0.585091 20.3077
0.590828 52.4545
0.596564 34
0.6023 184.923
0.608036 120.923
0.613772 30.4
0.619509 33.375
0.625245 21.2308
0.630981 14.1111
0.636717 5.5
0.642453 8.53846
0.64819 10.3077
0.653926 -4
0.659662 22.0667
0.665398 15.8
0.671134 14.7143
0.67687 7.875
0.682607 6.26667
0.688343 7.54545
0.694079 23
0.699815 10.2
0.705551 20.4
0.711288 29
0.717024 4.42857
0.72276 9.53333
0.728496 6.77778
0.734232 14.1667
0.739969 11.1875
0.745705 6.84615
0.751441 13.75
0.757177 2.64706
0.762913 8.29412
0.76865 7.6
0.774386 9.41667
0.780122 12.8235
0.785858 12.4545
0.791594 7.83333
0.79733 6.64706
0.803067 14.9333
0.808803 5
0.814539 19.4118
0.820275 12.3529
0.826011 7.77778
0.831748 10.25
0.837484 9.66667
0.84322 13.1538
0.848956 22.3333
0.854692 13.1579
0.860429 15.6471
0.866165 10.6
0.871901 11.0625
0.877637 5
0.883373 12.0909
0.88911 12.25
0.894846 13.8947
0.900582 14.3333
0.906318 21.25
0.912054 15.4737
0.91779 7.58824
0.923527 7.66667
0.929263 5.61538
0.934999 14.0952
0.940735 15.2308
0.946471 14.5
0.952208 11.3333
0.957944 7.52941
0.96368 12.25
0.969416 17
0.975152 4.42105
0.980889 13.3636
0.986625 6.91667
0.992361 8.71429
0.998097 11.4667
1.00383 14.5
1.00957 13.4286
1.01531 14.5294
1.02104 6.6
1.02678 20.7647
1.03251 16.0476
1.03825 14.4615
1.04399 13.5833
1.04972 7.3913
1.05546 12.3529
1.0612 12.5
1.06693 7.17391
1.07267 12.4211
1.0784 11
1.08414 9
1.08988 16.1739
1.09561 8.6
1.10135 9
1.10708 7.47826
1.11282 13.9412
1.11856 22.4286
1.12429 12.08
1.13003 16.1429
1.13577 5.46667
1.1415 4.5
1.14724 11.92
1.15297 9.66667
1.15871 2.7
1.16445 14.96
1.17018 20.4737
1.17592 15.4615
1.18166 11.9444
1.18739 12.2609
1.19313 13
1.19886 12.25
1.2046 8.16
1.21034 4.44444
1.21607 14.5556
1.22181 4.55556
1.22754 14.6667
1.23328 15
1.23902 11.625
1.24475 12.64
1.25049 7.41176
1.25623 14.1667
1.26196 11.7037
1.2677 15.5789
1.27343 13.8462
1.27917 8.22727
1.28491 11.1304
1.29064 14.2353
1.29638 14.2857
1.30212 7.7037
1.30785 16.2778
1.31359 9.91667
1.31932 6.7931
1.32506 12.5238
1.3308 12.1176
1.33653 14.95
1.34227 10.56
1.348 10.8421
1.35374 9.71429
1.35948 12.963
1.36521 10.2381
1.37095 19.5
1.37669 12.4483
1.38242 13.3043
1.38816 4.88235
1.39389 10.5263
1.39963 15.4444
1.40537 8.3
1.4111 7.85714
1.41684 11.7931
1.42258 9.91304
1.42831 5.52941
1.43405 10.4167
1.43978 7.64
1.44552 16.0476
1.45126 11.0625
1.45699 16.2414
1.46273 14
1.46846 11.1667
1.4742 9.32258
1.47994 8.73913
1.48567 15
1.49141 9.52381
1.49715 11.4074
1.50288 13.4783
1.50862 2.5
1.51435 7.68966
1.52009 12.92
1.52583 8.2
1.53156 6.16667
1.5373 10.64
1.54304 8.57143
1.54877 12.1
1.55451 11.0345
1.56024 14.087
1.56598 16.7143
1.57172 11.7419
1.57745 15
1.58319 7.95
1.58892 9.16
1.59466 8.96296
1.6004 10.44
1.60613 12.8333
1.61187 14.0323
1.61761 15.72
1.62334 16.2857
1.62908 11.5758
1.63481 11.5556
1.64055 10.1739
1.64629 14.0909
1.65202 10.8966
1.65776 16.2
1.6635 6.25
1.66923 7.64516
1.67497 11
1.6807 19.45
1.68644 12.7143
1.69218 8.48276
1.69791 17.04
1.70365 13.3182
1.70938 4.67742
1.71512 12.0741
1.72086 7.5
1.72659 11.4242
1.73233 11.8621
1.73807 10.6957
1.7438 11.0769
1.74954 15.3103
1.75527 9.14815
1.76101 15.3158
1.76675 12.3333
1.77248 11.9643
1.77822 16.2
1.78396 15.8667
1.78969 10.7419
1.79543 16.7407
1.80116 15.5833
1.8069 15.9032
1.81264 11.6897
1.81837 7.11111
1.82411 16.6571
1.82984 9.93103
1.83558 11.76
1.84132 11.5769
1.84705 8.90323
1.85279 14.1481
1.85853 11.5652
1.86426 12.6364
1.87 12.1
1.87573 12.4444
1.88147 13.6286
1.88721 16.7576
1.89294 12.6667
1.89868 9.73077
1.90442 14
1.91015 13.3548
1.91589 11.95
1.92162 23.8286
1.92736 26.1613
1.9331 20.56
1.93883 24.8571
1.94457 17.0303
1.9503 17.4
1.95604 19.125
1.96178 19.2059
1.96751 15.75
1.97325 13.85
1.97899 12.8649
1.98472 17.8788
1.99046 13.6897
1.99619 13.1538
2.00193 12.7429
2.00767 11.6129
2.0134 11.5417
2.01914 15.6857
2.02488 13.9091
2.03061 20.8
2.03635 15.4688
2.04208 12.5588
2.04782 11.5938
2.05356 13.7083
2.05929 14.5
2.06503 14.0571
2.07076 8.81818
2.0765 18.3784
2.08224 15.9429
2.08797 18.8276
2.09371 13.1071
2.09945 13.3243
2.10518 13
2.11092 15.7917
2.11665 16.5405
2.12239 17.0571
2.12813 18.0435
2.13386 13.2222
2.1396 11.25
2.14534 16.125
2.15107 21.9615
2.15681 20.4474
2.16254 20.2162
2.16828 16.3182
2.17402 14.0513
2.17975 12.973
2.18549 17.0645
2.19122 23.7333
2.19696 15.6486
2.2027 16.7143
2.20843 19.7083
2.21417 27.1538
2.21991 78.9459
2.22564 41.6818
2.23138 65.675
2.23711 37.5
2.24285 18.2647
2.24859 21.6429
2.25432 19.3077
2.26006 15
2.2658 11
2.27153 17.1707
2.27727 14.1282
2.283 15.4839
2.28874 17.9688
2.29448 15.1026
2.30021 13.5135
2.30595 14.2692
2.31168 16.7949
2.31742 12.7949
2.32316 14.6364
2.32889 13.7381
2.33463 18.2
2.34037 17.5833
2.3461 17.6071
2.35184 14.6512
2.35757 17.3243
2.36331 21
2.36905 14.9756
2.37478 18.0732
2.38052 22.9677
2.38626 17.5882
2.39199 20.2093
2.39773 19.8378
2.40346 10.9231
2.4092 16.6512
2.41494 20.025
2.42067 20.0455
2.42641 17.5455
2.43214 20.3333
2.43788 13.6571
2.44362 10.0312
2.44935 14.7556
2.45509 13
2.46083 13.8077
2.46656 17.2667
2.4723 17.5366
2.47803 18.5172
2.48377 16.9
2.48951 11.907
2.49524 17.1538
2.50098 16.5
2.50672 18.413
2.51245 15.7857
2.51819 21.5417
2.52392 17.7391
2.52966 16.5
2.5354 18.9091
2.54113 14.9722
2.54687 16.4667
2.5526 19.3659
2.55834 27.6923
2.56408 16.617
2.56981 20.7907
2.57555 14.4138
2.58129 15.6667
2.58702 16.1556
2.59276 14.4054
2.59849 14.8438
2.60423 18.7826
2.60997 14.9318
2.6157 19.4167
2.62144 17.3958
2.62718 19.4681
2.63291 14.3429
2.63865 17.4167
2.64438 15.4894
2.65012 18.5854
2.65586 17.1667
2.66159 15.1702
2.66733 20.6667
2.67306 13.32
2.6788 16.0208
2.68454 12.7234
2.69027 13.7692
2.69601 20.303
2.70175 13.0833
2.70748 16.5556
2.71322 13.4444
2.71895 19.8125
2.72469 13.4898
2.73043 21.3714
2.73616 11.1053
2.7419 15.9184
2.74764 15.1628
2.75337 16.5
2.75911 19.9184
2.76484 12.2041
2.77058 15.6667
2.77632 14.8367
2.78205 16.3
2.78779 15.3333
2.79352 16.9714
2.79926 18.9808
2.805 16.3778
2.81073 17.037
2.81647 16.6792
2.82221 15.551
2.82794 18.3243
2.83368 20.9211
2.83941 21.2642
2.84515 17.7561
2.85089 17
2.85662 17.7358
2.86236 15.1429
2.8681 21.7083
2.87383 13.2453
2.87957 23.56
2.8853 16.878
2.89104 21.027
2.89678 17.9423
2.90251 14.6444
2.90825 18.7586
2.91398 18.8545
2.91972 19.0784
2.92546 21.8378
2.93119 15.6667
2.93693 21.3019
2.94267 14.7778
2.9484 16.5938
2.95414 18.9245
2.95987 15.9184
2.96561 18
2.97135 17.0536
2.97708 20.1667
2.98282 18.8205
2.98856 22.0513
2.99429 19.9074
3.00003 16.7872
3.00576 20
3.0115 18.3091
3.01724 19.1698
3.02297 20.2973
3.02871 17.3636
3.03444 18.2
3.04018 20.4444
3.04592 15.2647
3.05165 21.8909
3.05739 20.4314
3.06313 17.7586
3.06886 22.4821
3.0746 18.6
3.08033 21.3636
3.08607 20.1892
3.09181 22.625
3.09754 21.0816
3.10328 17.5625
3.10902 21.2712
3.11475 19.8302
3.12049 22.4872
3.12622 19.6739
3.13196 22.2727
3.1377 24.0638
3.14343 20.5833
3.14917 24.0526
3.1549 17.7059
3.16064 24.4138
3.16638 22.15
3.17211 19.6
3.17785 22.3182
3.18359 24.4634
3.18932 23.4407
3.19506 17.5714
3.20079 17.7941
3.20653 17.9153
3.21227 24.0943
3.218 22.1951
3.22374 19.6875
3.22948 23.0169
3.23521 16
3.24095 21.0263
3.24668 21.6333
3.25242 18.1509
3.25816 21.5294
3.26389 24.7544
3.26963 23.193
3.27536 23.587
3.2811 22.4146
3.28684 24.5574
3.29257 24.3061
3.29831 22.1667
3.30405 22.7302
3.30978 23.4727
3.31552 28.2558
3.32125 27.3542
3.32699 29
3.33273 25.1569
3.33846 26.5526
3.3442 26.2742
3.34994 25.5294
3.35567 24.5263
3.36141 22.7288
3.36714 29.5789
3.37288 25.25
3.37862 22.5909
3.38435 23.541
3.39009 28.1887
3.39582 27.1667
3.40156 27.1746
3.4073 20.7091
3.41303 26.5532
3.41877 29.4375
3.42451 27.8852
3.43024 27.5102
3.43598 29.6829
3.44171 27.9206
3.44745 28.75
3.45319 25.3333
3.45892 28.6182
3.46466 28.9831
3.4704 28.98
3.47613 27.0682
3.48187 28.2222
3.4876 26.9434
3.49334 33.6842
3.49908 28.9701
3.50481 28.6491
3.51055 33.2128
3.51628 27.1
3.52202 29.8197
3.52776 28.6667
3.53349 31.3659
3.53923 34.7846
3.54497 30.0926
3.5507 39.9583
3.55644 39.4727
3.56217 38.8983
3.56791 32.5849
3.57365 37.413
3.57938 32.7692
3.58512 35.8182
3.59086 33.1579
3.59659 33.403
3.60233 34.7797
3.60806 37.0588
3.6138 37.625
3.61954 37.3492
3.62527 36.5179
3.63101 35.1951
3.63674 37.7164
3.64248 39.1207
3.64822 34.8542
3.65395 40.5614
3.65969 40.9672
3.66543 46.1091
3.67116 44.4783
3.6769 44.4762
3.68263 43.9344
3.68837 41.8947
3.69411 47.2319
3.69984 50.6949
3.70558 44.3962
3.71132 45.1176
3.71705 47.1077
3.72279 48.6071
3.72852 46.4186
3.73426 44.8657
3.74 46.5968
3.74573 47.48
3.75147 53.6607
3.7572 52.381
3.76294 50.3559
3.76868 55.4773
3.77441 49.2537
3.78015 54.9661
3.78589 56.4468
3.79162 57.9688
3.79736 58.9524
3.80309 59.2679
3.80883 64.4314
3.81457 64.6154
3.8203 67.7667
3.82604 74.2093
3.83178 69.5797
3.83751 79.9677
3.84325 89.0893
3.84898 110.481
3.85472 166.556
3.86046 232.049
3.86619 249.478
3.87193 348.522
3.87766 318.148
3.8834 171.98
3.88914 226.317
3.89487 228.4
3.90061 258.033
3.90635 277.939
3.91208 264.702
3.91782 230.078
3.92355 195.366
3.92929 161.338
3.93503 128.844
3.94076 114.831
3.9465 97.4444
3.95224 85.4328
3.95797 78.0476
3.96371 80.0652
3.96944 73.2676
3.97518 66.0476
3.98092 66.9455
3.98665 64.3448
3.99239 60.6765
3.99812 59.0323
4.00386 64.8163
4.0096 54.3478
4.01533 55.2656
4.02107 54.94
4.02681 52.4697
4.03254 54.4848
4.03828 57.4426
4.04401 56.3846
4.04975 54.6197
4.05549 49.7846
4.06122 49.4783
4.06696 51.8841
4.0727 48.1449
4.07843 53.5667
4.08417 47.8393
4.0899 52.6912
4.09564 48.4688
4.10138 51.16
4.10711 49.1389
4.11285 48.7121
4.11858 48.625
4.12432 46.9839
4.13006 48.0725
4.13579 45.0476
4.14153 44.3846
4.14727 47.9452
4.153 47.0597
4.15874 45.9318
4.16447 43.6575
4.17021 45.6761
4.17595 46.4194
4.18168 45.6786
4.18742 47.0429
4.19316 48.8333
4.19889 42.7
4.20463 47.9324
4.21036 51.0294
4.2161 45.2
4.22184 45.9655
4.22757 49.1096
4.23331 50.7761
4.23904 52.04
4.24478 50.0133
4.25052 49.4638
4.25625 46.4
4.26199 46.9688
4.26773 50.4583
4.27346 49.8182
4.2792 50.0536
4.28493 51.6528
4.29067 54.0286
4.29641 55.2708
4.30214 54.3553
4.30788 73.0143
4.31362 210.831
4.31935 77.6607
4.32509 456.187
4.33082 153.957
4.33656 78.68
4.3423 60.7467
4.34803 65.2603
4.35377 66.871
4.3595 69.8
4.36524 69.5541
4.37098 72.7571
4.37671 71.7778
4.38245 77.6622
4.38819 83.4583
4.39392 85.7193
4.39966 94.1014
4.40539 98.0972
4.41113 110.667
4.41687 124.685
4.4226 142.221
4.42834 202.836
4.43408 368.417
4.43981 563.805
4.44555 2109.17
4.45128 8549
4.45702 4938.02
4.46276 4979.01
4.46849 2394.44
4.47423 694.815
4.47996 479.408
4.4857 272.757
4.49144 211.062
4.49717 178.651
4.50291 164.39
4.50865 151.958
4.51438 146.173
4.52012 138.873
4.52585 124.187
4.53159 115.561
4.53733 102.557
4.54306 92.875
4.5488 83.2388
4.55454 78.1754
4.56027 71.2125
4.56601 66.9189
4.57174 66.2885
4.57748 62.7564
4.58322 57.4103
4.58895 49.7313
4.59469 52.1148
4.60042 45.7089
4.60616 43.4133
4.6119 45.34
4.61763 44.0241
4.62337 45.013
4.62911 40.8571
4.63484 37.6719
4.64058 38.3415
4.64631 38.5278
4.65205 38.9821
4.65779 40.825
4.66352 44.0256
4.66926 38.8361
4.675 39.6761
4.68073 34.7949
4.68647 35.2603
4.6922 33.1724
4.69794 36.0617
4.70368 32.5455
4.70941 32.92
4.71515 32.3882
4.72088 35.2278
4.72662 31.4493
4.73236 29.9365
4.73809 34.2439
4.74383 30.9744
4.74957 29.7692
4.7553 30.9643
4.76104 32.7125
4.76677 28.5522
4.77251 34
4.77825 30.5122
4.78398 30.5333
4.78972 30.4107
4.79546 30.2941
4.80119 29.6835
4.80693 29.0154
4.81266 32.2429
4.8184 29.7976
4.82414 26.4932
4.82987 30.9508
4.83561 27.7738
4.84134 27.1375
4.84708 27.8113
4.85282 25.0353
4.85855 25.2805
4.86429 31.0141
4.87003 24.2295
4.87576 30.4483
4.8815 31.0127
4.88723 22.8333
4.89297 26.7882
4.89871 25.9157
4.90444 25.1268
4.91018 25.5909
4.91592 26.7619
4.92165 25.6329
4.92739 25.8246
4.93312 25.407
4.93886 27.2381
4.9446 24.0597
4.95033 22.3521
4.95607 22.407
4.9618 26.5844
4.96754 24.5085
4.97328 25.4828
4.97901 23.9398
4.98475 23.8525
4.99049 23.8974
4.99622 28.3908
5.00196 21.6712
5.00769 26.2222
5.01343 20.6932
5.01917 27.4819
5.0249 26.0189
5.03064 22.5111
5.03638 22.8721
5.04211 25.0933
5.04785 19.8923
5.05358 23.3605
5.05932 22.4198
5.06506 21.069
5.07079 24.5955
5.07653 26.2069
5.08226 24.9718
5.088 22.9571
5.09374 24.9667
5.09947 26.4286
5.10521 21.3333
5.11095 21.1444
5.11668 22.6353
5.12242 26.5303
5.12815 23.9091
5.13389 23.0444
5.13963 23.5714
5.14536 20.3607
5.1511 18.8913
5.15684 25.0241
5.16257 21.4603
5.16831 19.0952
5.17404 25.0899
5.17978 21.1818
5.18552 23.697
5.19125 18.1333
5.19699 20.2892
5.20272 20.2542
5.20846 19.9891
5.2142 20.1685
5.21993 24.1447
5.22567 21.2754
5.23141 20.5217
5.23714 24.0988
5.24288 18.918
5.24861 22.043
5.25435 20.8427
5.26009 21.9014
5.26582 24.8158
5.27156 21.0549
5.2773 23.481
5.28303 24.3385
5.28877 19.5319
5.2945 21.6552
5.30024 22.125
5.30598 20.6076
5.31171 20.4382
5.31745 23.3537
5.32318 22.0462
5.32892 21.8723
5.33466 24.1264
5.34039 23.9394
5.34613 20.3372
5.35187 22.7912
5.3576 20.2593
5.36334 18.303
5.36907 19.3229
5.37481 19.5294
5.38055 21.0328
5.38628 19.7292
5.39202 19.7033
5.39776 21.525
5.40349 19.0845
5.40923 21.0938
5.41496 22.5185
5.4207 20.0317
5.42644 20.5204
5.43217 20.5281
5.43791 23.1646
5.44364 22.527
5.44938 21.6701
5.45512 19.8025
5.46085 21.803
5.46659 24.5714
5.47233 20.6742
5.47806 23.9079
5.4838 20.1111
5.48953 20.828
5.49527 22.3214
5.50101 17.3582
5.50674 21.3673
5.51248 20.7303
5.51822 22.4595
5.52395 22.3735
5.52969 22.5591
5.53542 21.1882
5.54116 21.2206
5.5469 18.5253
5.55263 20.191
5.55837 21.5278
5.5641 19.9775
5.56984 20.7957
5.57558 22.8571
5.58131 22.2329
5.58705 23.3737
5.59279 22.5568
5.59852 24.3175
5.60426 9.21
5.60999 19.6774
5.61573 18
5.62147 19.1053
5.6272 18.4639
5.63294 20.5057
5.63868 25.0152
5.64441 21.1782
5.65015 20.172
5.65588 21.9048
5.66162 20.2078
5.66736 19.899
5.67309 22.1279
5.67883 23.942
5.68456 25.0594
5.6903 21.3778
5.69604 22.1585
5.70177 17.3373
5.70751 20.3263
5.71325 24.2386
5.71898 23.9722
5.72472 23.6869
5.73045 21.9355
5.73619 22.6203
5.74193 22.5618
5.74766 24.3053
5.7534 22.7955
5.75914 23.3239
5.76487 24.2376
5.77061 21.5638
5.77634 22.9231
5.78208 22.5843
5.78782 22.2784
5.79355 25.1279
5.79929 20.04
5.80502 21.7822
5.81076 23.3871
5.8165 22.4267
5.82223 25.4896
5.82797 23.4124
5.83371 23.407
5.83944 25.3291
5.84518 24.6869
5.85091 26.4479
5.85665 28.5692
5.86239 26.1048
5.86812 25.6939
5.87386 24.0465
5.8796 28.2152
5.88533 25.0099
5.89107 23.3913
5.8968 26.2464
5.90254 23.7143
5.90828 21.5758
5.91401 22.6471
5.91975 21.8902
5.92548 24.0909
5.93122 26.0319
5.93696 24.0959
5.94269 23.9429
5.94843 26.8333
5.95417 26.3409
5.9599 26.6824
5.96564 25.697
5.97137 25.9043
5.97711 27.9589
5.98285 28.4466
5.98858 28.551
5.99432 27.0235
6.00006 25.7667
6.00579 29.1414
6.01153 28.0968
6.01726 26.5733
6.023 29.9048
6.02874 31.5521
6.03447 28.9432
6.04021 27.7222
6.04594 28.0612
6.05168 29.1875
6.05742 28.7532
6.06315 28.0857
6.06889 27.6979
6.07463 24.6071
6.08036 30.9362
6.0861 28.0714
6.09183 31.0206
6.09757 30.8974
6.10331 29.781
6.10904 30.9479
6.11478 32.2674
6.12052 27.5104
6.12625 29.68
6.13199 32.1064
6.13772 32.0488
6.14346 33.4902
6.1492 35.21
6.15493 34.3375
6.16067 32.8529
6.1664 31.0714
6.17214 31.1702
6.17788 34.4405
6.18361 34.0097
6.18935 32.0303
6.19509 33.7027
6.20082 35.789
6.20656 35.4804
6.21229 38.4167
6.21803 37.3659
6.22377 40.1981
6.2295 41.7
6.23524 37.44
6.24098 39.1284
6.24671 42.0294
6.25245 40.3936
6.25818 41.4767
6.26392 42.3922
6.26966 44.9902
6.27539 46.5263
6.28113 46.7248
6.28686 49.5644
6.2926 52.8646
6.29834 62.4659
6.30407 85.6538
6.30981 121.049
6.31555 424.936
6.32128 1189.84
6.32702 604.144
6.33275 349.135
6.33849 157.216
6.34423 98.0577
6.34996 86.2647
6.3557 81.3077
6.36144 83.0833
6.36717 85.2857
6.37291 89.8211
6.37864 88.5333
6.38438 89.8868
6.39012 91.0392
6.39585 84.1375
6.40159 76.5
6.40732 67.5278
6.41306 62.3511
6.4188 57.1848
6.42453 48.5472
6.43027 46.7745
6.43601 45.8902
6.44174 43.8019
6.44748 40.1574
6.45321 44.5319
6.45895 41.3261
6.46469 40.5143
6.47042 38.7476
6.47616 43.3214
6.4819 39.6818
6.48763 38.4444
6.49337 39.0323
6.4991 38.9158
6.50484 39.9259
6.51058 36.0686
6.51631 37.6429
6.52205 37.9818
6.52778 35.2685
6.53352 34.587
6.53926 36.4167
6.54499 35.7778
6.55073 36.9903
6.55647 32.381
6.5622 34.4248
6.56794 34.8981
6.57367 32.5269
6.57941 35.8737
6.58515 34.1875
6.59088 35.1154
6.59662 31.0238
6.60236 35.1404
6.60809 36.8113
6.61383 35.043
6.61956 31.1753
6.6253 35.2946
6.63104 30.6275
6.63677 34.4302
6.64251 29.8772
6.64824 31.2056
6.65398 32.044
6.65972 32.6078
6.66545 33.0982
6.67119 34.8654
6.67693 31.8372
6.68266 33.9224
6.6884 30.8704
6.69413 34.6593
6.69987 31.9806
6.70561 34.0714
6.71134 32.9423
6.71708 33
6.72282 34.1491
6.72855 31.3889
6.73429 32.3371
6.74002 31.7358
6.74576 30.4174
6.7515 31.9612
6.75723 30.1685
6.76297 34.4224
6.7687 30.875
6.77444 32.3258
6.78018 31.2762
6.78591 29.3879
6.79165 32.2336
6.79739 30.8506
6.80312 31.6754
6.80886 30.7857
6.81459 31.5714
6.82033 31.6095
6.82607 31.6552
6.8318 29.219
6.83754 26.8977
6.84328 29.6017
6.84901 31.25
6.85475 29.0879
6.86048 32.945
6.86622 33.1034
6.87196 31.5421
6.87769 31.4253
6.88343 32.1102
6.88916 30.4035
6.8949 28.7356
6.90064 31.2389
6.90637 30.7895
6.91211 30.8037
6.91785 28.9195
6.92358 31.1983
6.92932 29.177
6.93505 27.6404
6.94079 27.9646
6.94653 33
6.95226 34.1869
6.958 33.0659
6.96374 30.5417
6.96947 33.2719
6.97521 32.7802
6.98094 33.2883
6.98668 30.8707
6.99242 30.6147
6.99815 33.4157
7.00389 32.1667
7.00962 30.569
7.01536 34.1978
7.0211 32.7818
7.02683 33.8115
7.03257 31.3551
7.03831 32.7742
7.04404 30.8279
7.04978 32.0522
7.05551 32.5851
7.06125 31.8899
7.06699 30.1639
7.07272 32.7982
7.07846 29.7865
7.0842 31.623
7.08993 32.3707
7.09567 36.6989
7.1014 31.8761
7.10714 33.521
7.11288 32.789
7.11861 28.7419
7.12435 32.6694
7.13008 31.9915
7.13582 30.8854
7.14156 36.1351
7.14729 31.475
7.15303 33.7706
7.15877 34.6667
7.1645 34.6613
7.17024 37.8655
7.17597 33.9388
7.18171 31.215
7.18745 35.2705
7.19318 35.3694
7.19892 33.6703
7.20466 34.2913
7.21039 34.9316
7.21613 34.69
7.22186 36.156
7.2276 36.9683
7.23334 33.2342
7.23907 35.3956
7.24481 33.2302
7.25054 36.2605
7.25628 35.11
7.26202 35.5225
7.26775 36.9836
7.27349 36.5495
7.27923 34.9355
7.28496 37.0794
7.2907 37.6891
7.29643 40.1359
7.30217 38.422
7.30791 34.5081
7.31364 37.7436
7.31938 38.1573
7.32512 39.6846
7.33085 36.5868
7.33659 38.3654
7.34232 41.9905
7.34806 38.5462
7.3538 38.5315
7.35953 44.3979
7.36527 42.7031
7.371 46.0165
7.37674 44.3365
7.38248 47.5688
7.38821 51.952
7.39395 60.7155
7.39969 75.2366
7.40542 124.354
7.41116 168.431
7.41689 218.613
7.42263 105.673
7.42837 80.6746
7.4341 70.9412
7.43984 65.6629
7.44558 60.5224
7.45131 64.6198
7.45705 66.2182
7.46278 65.1359
7.46852 70.4385
7.47426 76.8034
7.47999 75.6444
7.48573 77.0076
7.49146 76
7.4972 75.7818
7.50294 70.5234
7.50867 67.2031
7.51441 57.8151
7.52015 55.033
7.52588 51.7955
7.53162 51.6
7.53735 46.0268
7.54309 41.4466
7.54883 42.5152
7.55456 40.521
7.5603 43.2135
7.56604 40.597
7.57177 39.424
7.57751 39.0603
7.58324 38.6311
7.58898 38.4122
7.59472 36.8934
7.60045 36.95
7.60619 38.6748
7.61192 35.5969
7.61766 39.4052
7.6234 38.8515
7.62913 33.6136
7.63487 38.5868
7.64061 39.1275
7.64634 37.8049
7.65208 35.4729
7.65781 37.3051
7.66355 37.1122
7.66929 39.2667
7.67502 40.0323
7.68076 37.0094
7.6865 39.3445
7.69223 38.5878
7.69797 39.1356
7.7037 38.8911
7.70944 39.5
7.71518 43.9919
7.72091 44.1818
7.72665 44.4359
7.73238 49.9612
7.73812 69.1803
7.74386 101.784
7.74959 86.7681
7.75533 56.8
7.76107 44.8571
7.7668 48.2261
7.77254 42.7023
7.77827 40.1148
7.78401 41.1515
7.78975 43.0074
7.79548 43.1641
7.80122 45.5603
7.80696 45.9009
7.81269 47.8421
7.81843 49.5645
7.82416 46.5474
7.8299 43.7857
7.83564 42.189
7.84137 41.1293
7.84711 38.3153
7.85284 38.1679
7.85858 34
7.86432 35.866
7.87005 35.2014
7.87579 37.2734
7.88153 31.8197
7.88726 30.729
7.893 32.6296
7.89873 31.2188
7.90447 32.3333
7.91021 31.9549
7.91594 32.916
7.92168 31.775
7.92742 30.4095
7.93315 30.3139
7.93889 29.9762
7.94462 30.6754
7.95036 31.5492
7.9561 30.7727
7.96183 30.373
7.96757 27.3429
7.9733 31.854
7.97904 29.9615
7.98478 26.1875
7.99051 28.552
7.99625 27.0226
8.00199 27.4274
8.00772 31.1485
8.01346 27.9496
8.01919 30.5152
8.02493 28.161
8.03067 30.1404
8.0364 26.7059
8.04214 29.6328
8.04788 29.6699
8.05361 25.518
8.05935 28.1029
8.06508 27.3814
8.07082 27.6068
8.07656 25.1825
8.08229 27.1797
8.08803 27.4444
8.09376 27.7063
8.0995 31.0227
8.10524 28.5246
8.11097 27.6814
8.11671 28.2336
8.12245 29.4729
8.12818 26.5982
8.13392 27.5303
8.13965 26.5797
8.14539 22.371
8.15113 23.7027
8.15686 22.854
8.1626 19.7576
8.16834 25.0085
8.17407 19.3413
8.17981 19.1716
8.18554 16.9308
8.19128 13.5514
8.19702 15.518
8.20275 13.6045
8.20849 13.5085
8.21422 13.0565
8.21996 10.9348
8.2257 11.1797
8.23143 10.6729
8.23717 7.08392
8.24291 8.11111
8.24864 6.61818
8.25438 4.94737
8.26011 0.894737
8.26585 10.3333
8.27159 0
8.27732 0
8.28306 0
8.2888 0
8.29453 0
8.30027 0
8.306 0
8.31174 0
8.31748 0
8.32321 0
8.32895 0
8.33468 0
8.34042 0
8.34616 0
8.35189 0
8.35763 0
8.36337 0
8.3691 0
8.37484 0
8.38057 0
8.38631 0
8.39205 0
8.39778 0
8.40352 0
8.40926 0
8.41499 0
8.42073 0
8.42646 0
8.4322 0
8.43794 0
8.44367 0
8.44941 0
8.45514 0
8.46088 0
8.46662 0
8.47235 0
8.47809 0
8.48383 0
8.48956 0
8.4953 0
8.50103 0
8.50677 0
8.51251 0
8.51824 0
8.52398 0
8.52972 0
8.53545 0
8.54119 0
8.54692 0
8.55266 0
8.5584 0
8.56413 0
8.56987 0
8.5756 0
8.58134 0
8.58708 0
8.59281 0
8.59855 0
8.60429 0
8.61002 0
8.61576 0
8.62149 0
8.62723 0
8.63297 0
8.6387 0
8.64444 0
8.65018 0
8.65591 0
8.66165 0
8.66738 0
8.67312 0
8.67886 0
8.68459 0
8.69033 0
8.69606 0
8.7018 0
8.70754 0
8.71327 0
8.71901 0
8.72475 0
8.73048 0
8.73622 0
8.74195 0
8.74769 0
8.75343 0
8.75916 0
8.7649 0
8.77064 0
8.77637 0
8.78211 0
8.78784 0
8.79358 0
8.79932 0
8.80505 0
8.81079 0
8.81652 0
8.82226 0
8.828 0
8.83373 0
8.83947 0
8.84521 0
8.85094 0
8.85668 0
8.86241 0
8.86815 0
8.87389 0
8.87962 0
8.88536 0
8.8911 0
8.89683 0
8.90257 0
8.9083 0
8.91404 0
8.91978 0
8.92551 0
8.93125 0
8.93698 0
8.94272 0
8.94846 0
8.95419 0
8.95993 0
8.96567 0
8.9714 0
8.97714 0
8.98287 0
8.98861 0
8.99435 0
9.00008 0
9.00582 0
9.01156 0
9.01729 0
9.02303 0
9.02876 0
9.0345 0
9.04024 0
9.04597 0
9.05171 0
9.05744 0
9.06318 0
9.06892 0
9.07465 0
9.08039 0
9.08613 0
9.09186 0
9.0976 0
9.10333 0
9.10907 0
9.11481 0
9.12054 0
9.12628 0
9.13202 0
9.13775 0
9.14349 0
9.14922 0
9.15496 0
9.1607 0
9.16643 0
9.17217 0
9.1779 0
9.18364 0
9.18938 0
9.19511 0
9.20085 0
9.20659 0
9.21232 0
9.21806 0
9.22379 0
9.22953 0
9.23527 0
9.241 0
9.24674 0
9.25248 0
9.25821 0
9.26395 0
9.26968 0
9.27542 0
9.28116 0
9.28689 0
9.29263 0
9.29836 0
9.3041 0
9.30984 0
9.31557 0
9.32131 0
9.32705 0
9.33278 0
9.33852 0
9.34425 0
9.34999 0
9.35573 0
9.36146 0
9.3672 0
9.37294 0
9.37867 0
9.38441 0
9.39014 0
9.39588 0
9.40162 0
9.40735 0
9.41309 0
9.41882 0
9.42456 0
9.4303 0
9.43603 0
9.44177 0
9.44751 0
9.45324 0
9.45898 0
9.46471 0
9.47045 0
9.47619 0
9.48192 0
9.48766 0
9.4934 0
9.49913 0
9.50487 0
9.5106 0
9.51634 0
9.52208 0
9.52781 0
9.53355 0
9.53928 0
9.54502 0
9.55076 0
9.55649 0
9.56223 0
9.56797 0
9.5737 0
9.57944 0
9.58517 0
9.59091 0
9.59665 0
9.60238 0
9.60812 0
9.61386 0
9.61959 0
9.62533 0
9.63106 0
9.6368 0
9.64254 0
9.64827 0
9.65401 0
9.65974 0
9.66548 0
9.67122 0
9.67695 0
9.68269 0
9.68843 0
9.69416 0
9.6999 0
9.70563 0
9.71137 0
9.71711 0
9.72284 0
9.72858 0
9.73432 0
9.74005 0
9.74579 0
9.75152 0
9.75726 0
9.763 0
9.76873 0
9.77447 0
9.7802 0
9.78594 0
9.79168 0
9.79741 0
9.80315 0
9.80889 0
9.81462 0
9.82036 0
9.82609 0
9.83183 0
9.83757 0
9.8433 0
9.84904 0
9.85478 0
9.86051 0
9.86625 0
9.87198 0
9.87772 0
9.88346 0
9.88919 0
9.89493 0
9.90066 0
9.9064 0
9.91214 0
9.91787 0
9.92361 0
9.92935 0
9.93508 0
9.94082 0
9.94655 0
9.95229 0
9.95803 0
9.96376 0
9.9695 0
9.97524 0
9.98097 0
9.98671 0
9.99244 0
9.99818 0
10.0039 0
10.0097 0
10.0154 0
10.0211 0
10.0269 0
10.0326 0
10.0383 0
10.0441 0
10.0498 0
10.0555 0
10.0613 0
10.067 0
10.0728 0
10.0785 0
10.0842 0
10.09 0
10.0957 0
10.1014 0
10.1072 0
10.1129 0
10.1186 0
10.1244 0
10.1301 0
10.1358 0
10.1416 0
10.1473 0
10.1531 0
10.1588 0
10.1645 0
10.1703 0
10.176 0
10.1817 0
10.1875 0
10.1932 0
10.1989 0
10.2047 0
10.2104 0
10.2162 0
10.2219 0
10.2276 0
10.2334 0
10.2391 0
10.2448 0
10.2506 0
10.2563 0
10.262 0
10.2678 0
10.2735 0
10.2793 0
10.285 0
10.2907 0
10.2965 0
10.3022 0
10.3079 0
10.3137 0
10.3194 0
10.3251 0
10.3309 0
10.3366 0
10.3424 0
10.3481 0
10.3538 0
10.3596 0
10.3653 0
10.371 0
10.3768 0
10.3825 0
10.3882 0
10.394 0
10.3997 0
10.4054 0
10.4112 0
10.4169 0
10.4227 0
10.4284 0
10.4341 0
10.4399 0
10.4456 0
10.4513 0
10.4571 0
10.4628 0
10.4685 0
10.4743 0
10.48 0
10.4858 0
10.4915 0
10.4972 0
10.503 0
10.5087 0
10.5144 0
10.5202 0
10.5259 0
10.5316 0
10.5374 0
10.5431 0
10.5489 0
10.5546 0
10.5603 0
10.5661 0
10.5718 0
10.5775 0
10.5833 0
10.589 0
10.5947 0
10.6005 0
10.6062 0
10.612 0
10.6177 0
10.6234 0
10.6292 0
10.6349 0
10.6406 0
10.6464 0
10.6521 0
10.6578 0
10.6636 0
10.6693 0
10.6751 0
10.6808 0
10.6865 0
10.6923 0
10.698 0
10.7037 0
10.7095 0
10.7152 0
10.7209 0
10.7267 0
10.7324 0
10.7381 0
10.7439 0
10.7496 0
10.7554 0
10.7611 0
10.7668 0
10.7726 0
10.7783 0
10.784 0
10.7898 0
10.7955 0
10.8012 0
10.807 0
10.8127 0
10.8185 0
10.8242 0
10.8299 0
10.8357 0
10.8414 0
10.8471 0
10.8529 0
10.8586 0
10.8643 0
10.8701 0
10.8758 0
10.8816 0
10.8873 0
10.893 0
10.8988 0
10.9045 0
10.9102 0
10.916 0
10.9217 0
10.9274 0
10.9332 0
10.9389 0
10.9447 0
10.9504 0
10.9561 0
10.9619 0
10.9676 0
10.9733 0
10.9791 0
10.9848 0
10.9905 0
10.9963 0
11.002 0
11.0077 0
11.0135 0
11.0192 0
11.025 0
11.0307 0
11.0364 0
11.0422 0
11.0479 0
11.0536 0
11.0594 0
11.0651 0
11.0708 0
11.0766 0
11.0823 0
11.0881 0
11.0938 0
11.0995 0
11.1053 0
11.111 0
11.1167 0
11.1225 0
11.1282 0
11.1339 0
11.1397 0
11.1454 0
11.1512 0
11.1569 0
11.1626 0
11.1684 0
11.1741 0
11.1798 0
11.1856 0
11.1913 0
11.197 0
11.2028 0
11.2085 0
11.2143 0
11.22 0
11.2257 0
11.2315 0
11.2372 0
11.2429 0
11.2487 0
11.2544 0
11.2601 0
11.2659 0
11.2716 0
11.2774 0
11.2831 0
11.2888 0
11.2946 0
11.3003 0
11.306 0
11.3118 0
11.3175 0
11.3232 0
11.329 0
11.3347 0
11.3404 0
11.3462 0
11.3519 0
11.3577 0
11.3634 0
11.3691 0
11.3749 0
11.3806 0
11.3863 0
11.3921 0
11.3978 0
11.4035 0
11.4093 0
11.415 0
11.4208 0
11.4265 0
11.4322 0
11.438 0
11.4437 0
11.4494 0
11.4552 0
11.4609 0
11.4666 0
11.4724 0
11.4781 0
11.4839 0
11.4896 0
11.4953 0
11.5011 0
11.5068 0
11.5125 0
11.5183 0
11.524 0
11.5297 0
11.5355 0
11.5412 0
11.547 0
11.5527 0
11.5584 0
11.5642 0
11.5699 0
11.5756 0
11.5814 0
11.5871 0
11.5928 0
11.5986 0
11.6043 0
11.61 0
11.6158 0
11.6215 0
11.6273 0
11.633 0
11.6387 0
11.6445 0
11.6502 0
11.6559 0
11.6617 0
11.6674 0
11.6731 0
11.6789 0
11.6846 0
11.6904 0
11.6961 0
11.7018 0
11.7076 0
11.7133 0
11.719 0
11.7248 0
11.7305 0
11.7362 0
11.742 0
