0 3
0.00573619 7
0.0114724 -10
0.0172086 0
0.0229448 4
0.028681 15
0.0344171 0
0.0401533 -26
0.0458895 10
0.0516257 -22
0.0573619 0
0.0630981 3
0.0688343 0
0.0745705 0
0.0803067 22
0.0860429 10
0.091779 0
0.0975152 -9
0.103251 -4
0.108988 4.66667
0.114724 0
0.12046 0.666667
0.126196 3
0.131932 0
0.137669 12
0.143405 16.6667
0.149141 -1
0.154877 -4.5
0.160613 8.33333
0.16635 8
0.172086 0
0.177822 5.33333
0.183558 -1.2
0.189294 0
0.19503 3.2
0.200767 -11
0.206503 -0.333333
0.212239 4.5
0.217975 -0.6
0.223711 0.6
0.229448 0
0.235184 -1.2
0.24092 5.2
0.246656 0
0.252392 5.8
0.258129 9.2
0.263865 12.2
0.269601 0
0.275337 6.2
0.281073 4.28571
0.28681 0
0.292546 16.7143
0.298282 -4
0.304018 2.33333
0.309754 -5.5
0.31549 15.4286
0.321227 -6.28571
0.326963 0
0.332699 7.42857
0.338435 14.1429
0.344171 0
0.349908 7.57143
0.355644 4.28571
0.36138 -2.4
0.367116 1.5
0.372852 7.33333
0.378589 9.71429
0.384325 3.5
0.390061 7.77778
0.395797 6.44444
0.401533 0
0.40727 6.88889
0.413006 7.11111
0.418742 22.2857
0.424478 15.5
0.430214 13.8889
0.43595 4
0.441687 0
0.447423 12.3333
0.453159 2.22222
0.458895 5.66667
0.464631 13.5714
0.470368 12.6364
0.476104 8.33333
0.48184 36
0.487576 7.81818
0.493312 12.9091
0.499049 0
0.504785 7.81818
0.510521 8.09091
0.516257 21.6
0.521993 25
0.52773 6.27273
0.533466 12.6667
0.539202 15.5
0.544938 13.5455
0.550674 22.1818
0.55641 0
0.562147 11.2308
0.567883 19.7692
0.573619 5.57143
0.579355 19.1667
0.585091 14.9231
0.590828 31.0909
0.596564 6
0.6023 138.615
0.608036 81.9231
0.613772 21.6
0.619509 23.75
0.625245 19.6154
0.630981 7
0.636717 20.75
0.642453 26.6923
0.64819 16.6154
0.653926 -7
0.659662 20.4
0.665398 15.0667
0.671134 10.5714
0.67687 19.375
0.682607 17.7333
0.688343 7.18182
0.694079 16
0.699815 14.3333
0.705551 15.6667
0.711288 6
0.717024 11.2857
0.72276 9.73333
0.728496 10.1111
0.734232 16.1667
0.739969 20.5625
0.745705 15.7692
0.751441 21.5
0.757177 25.3529
0.762913 15.2941
0.76865 10.6
0.774386 18.6667
0.780122 13.1176
0.785858 15.0909
0.791594 17.8333
0.79733 10.1765
0.803067 12.1333
0.808803 19
0.814539 9.11765
0.820275 17.8235
0.826011 15
0.831748 16.625
0.837484 15.5556
0.84322 21.0769
0.848956 25.5
0.854692 13.7895
0.860429 16.7647
0.866165 14.8
0.871901 11.9375
0.877637 9.73684
0.883373 13.0909
0.88911 8
0.894846 11.7368
0.900582 11.1333
0.906318 13.5
0.912054 10.6842
0.91779 11
0.923527 17.4444
0.929263 22.3077
0.934999 18.2381
0.940735 4.23077
0.946471 11.75
0.952208 8.7619
0.957944 11.4118
0.96368 14.5
0.969416 13.8095
0.975152 10.4211
0.980889 12.0909
0.986625 9.25
0.992361 7.7619
0.998097 14.5333
1.00383 19.3333
1.00957 24.5238
1.01531 12.8824
1.02104 17.1
1.02678 14.2941
1.03251 18.0476
1.03825 23.8462
1.04399 23.1667
1.04972 17.8696
1.05546 16.7059
1.0612 16.1667
1.06693 12.8261
1.07267 21.7368
1.0784 13.3077
1.08414 23.9286
1.08988 20.5217
1.09561 15.3333
1.10135 16.75
1.10708 15.9565
1.11282 17.4706
1.11856 16.8571
1.12429 16.64
1.13003 11.7143
1.13577 13.8
1.1415 26.5
1.14724 19.32
1.15297 12.9333
1.15871 15.3
1.16445 15.6
1.17018 15.6316
1.17592 20.3846
1.18166 13.0556
1.18739 11.1739
1.19313 14.8
1.19886 15.4167
1.2046 14.6
1.21034 17.2778
1.21607 17.2222
1.22181 10.5556
1.22754 15.4286
1.23328 17.1765
1.23902 19.5
1.24475 21.08
1.25049 23.2353
1.25623 20.3333
1.26196 14.3704
1.2677 16.2105
1.27343 12.8462
1.27917 13.8182
1.28491 16.3043
1.29064 12.1176
1.29638 10.2857
1.30212 20.7778
1.30785 17.3889
1.31359 21.6667
1.31932 11.8621
1.32506 15.9048
1.3308 19.7647
1.33653 14.05
1.34227 17.28
1.348 19.2105
1.35374 20
1.35948 17.0741
1.36521 21.6667
1.37095 26.3
1.37669 14.5862
1.38242 16.4348
1.38816 20.8824
1.39389 13.0526
1.39963 11.7778
1.40537 16.05
1.4111 12.1429
1.41684 15.6207
1.42258 14.3478
1.42831 18.6471
1.43405 20.4167
1.43978 15.04
1.44552 17.4286
1.45126 11.375
1.45699 11.3103
1.46273 13.9524
1.46846 19.5
1.4742 16.9355
1.47994 11.3478
1.48567 22.6
1.49141 17.4762
1.49715 16.1111
1.50288 16.6522
1.50862 15.5625
1.51435 16.7586
1.52009 14.8
1.52583 29.1333
1.53156 19.6333
1.5373 15.56
1.54304 22.0952
1.54877 15.35
1.55451 17.8966
1.56024 18.8261
1.56598 15.1429
1.57172 17.6774
1.57745 16.92
1.58319 13.25
1.58892 13.8
1.59466 12.4444
1.6004 19.92
1.60613 15.7222
1.61187 13.6129
1.61761 14.88
1.62334 12.3571
1.62908 17.2121
1.63481 20.8889
1.64055 14.5652
1.64629 14.1818
1.65202 18.4138
1.65776 22.56
1.6635 14.0625
1.66923 23.9677
1.67497 17.5357
1.6807 9.95
1.68644 12.1071
1.69218 21.6552
1.69791 10.76
1.70365 19.4091
1.70938 12.9355
1.71512 16.1481
1.72086 24.6875
1.72659 18.2424
1.73233 18.6897
1.73807 17.8696
1.7438 19.2308
1.74954 14.2759
1.75527 16.0741
1.76101 13.6316
1.76675 14.8788
1.77248 23.4643
1.77822 18.25
1.78396 18.1333
1.78969 16.2903
1.79543 13.8519
1.80116 13.4583
1.8069 15.7742
1.81264 15.8966
1.81837 19.8333
1.82411 19.0857
1.82984 16.9655
1.83558 19.84
1.84132 17.2692
1.84705 22.3548
1.85279 20.5556
1.85853 18.8261
1.86426 19.8788
1.87 18.3
1.87573 18.8333
1.88147 16.3143
1.88721 18.7576
1.89294 16.8519
1.89868 20.0385
1.90442 20.0909
1.91015 20.0968
1.91589 17.6
1.92162 26.8286
1.92736 27.1613
1.9331 24.96
1.93883 28.75
1.94457 25.2727
1.9503 26.8
1.95604 24.875
1.96178 22.2059
1.96751 21.25
1.97325 21.75
1.97899 17.8378
1.98472 20.8485
1.99046 18.2759
1.99619 36.0385
2.00193 18.7714
2.00767 19.2581
2.0134 17.4583
2.01914 17.9429
2.02488 16.7576
2.03061 19.04
2.03635 20.3438
2.04208 18.6176
2.04782 17.9688
2.05356 22.25
2.05929 16.5
2.06503 18.1714
2.07076 19.3636
2.0765 18.8649
2.08224 17.1143
2.08797 20.2069
2.09371 16.4286
2.09945 21.6216
2.10518 21.8182
2.11092 19.6667
2.11665 19.1351
2.12239 23.4286
2.12813 19.8261
2.13386 22.4444
2.1396 22.0833
2.14534 20.1562
2.15107 17.5
2.15681 20.2368
2.16254 19.7568
2.16828 16.8636
2.17402 18.8462
2.17975 24.8108
2.18549 15.871
2.19122 23.9333
2.19696 21.1081
2.2027 25.8
2.20843 18.7083
2.21417 43.8462
2.21991 115.243
2.22564 67.2727
2.23138 100.4
2.23711 47.5
2.24285 33.5882
2.24859 27.6071
2.25432 20.9487
2.26006 21.9744
2.2658 21.5909
2.27153 22.9268
2.27727 19.8718
2.283 16.9355
2.28874 25.9062
2.29448 21.9487
2.30021 24.2432
2.30595 28.5
2.31168 21.7949
2.31742 23.7949
2.32316 17.4545
2.32889 18.4048
2.33463 21.1
2.34037 24.3889
2.3461 21.5
2.35184 20.6279
2.35757 23
2.36331 24
2.36905 24.6341
2.37478 20.3171
2.38052 19.6129
2.38626 21.3235
2.39199 18.2326
2.39773 17
2.40346 23.6538
2.4092 24.2558
2.41494 22.1
2.42067 24.1818
2.42641 21.5909
2.43214 23.7381
2.43788 24.7429
2.44362 22.25
2.44935 19.8667
2.45509 21.4872
2.46083 27.8846
2.46656 19
2.4723 18.4878
2.47803 23.1034
2.48377 22.025
2.48951 19.1395
2.49524 18.8718
2.50098 23.3077
2.50672 18.3043
2.51245 19.8571
2.51819 24.7083
2.52392 22.1957
2.52966 17.5227
2.5354 19.7879
2.54113 19.8056
2.54687 23.2667
2.5526 25.3659
2.55834 22.2308
2.56408 16.383
2.56981 21.4419
2.57555 19.1724
2.58129 16.381
2.58702 21.8889
2.59276 20.5946
2.59849 15.9062
2.60423 20.3478
2.60997 20.8636
2.6157 19.0417
2.62144 18.625
2.62718 19.6809
2.63291 19.4
2.63865 21.8889
2.64438 17.1489
2.65012 16.878
2.65586 20.5667
2.66159 23.7447
2.66733 18.4889
2.67306 19.84
2.6788 16.3333
2.68454 18.8085
2.69027 23.7692
2.69601 16.9394
2.70175 22.6042
2.70748 19.0444
2.71322 17.9259
2.71895 21.125
2.72469 23.0816
2.73043 17.2286
2.73616 18.5
2.7419 18.1633
2.74764 20.4884
2.75337 19.4667
2.75911 20.8776
2.76484 23.2041
2.77058 21.75
2.77632 25.3469
2.78205 22.18
2.78779 18.6667
2.79352 23.7143
2.79926 22.2692
2.805 24.1778
2.81073 13.1111
2.81647 20.8113
2.82221 22.1429
2.82794 21.1622
2.83368 22.4211
2.83941 29.3585
2.84515 18.6098
2.85089 22.3125
2.85662 23.4528
2.86236 25.0612
2.8681 24.8333
2.87383 21.9245
2.87957 18.44
2.8853 23.561
2.89104 22.3514
2.89678 18
2.90251 20.8222
2.90825 18.4138
2.91398 22.8909
2.91972 30.2549
2.92546 24.4865
2.93119 21.6429
2.93693 21.2453
2.94267 24.0667
2.9484 21.6562
2.95414 25.717
2.95987 24.7755
2.96561 20.3462
2.97135 25.7857
2.97708 22.5185
2.98282 24.2821
2.98856 23.2821
2.99429 21
3.00003 27.6383
3.00576 27.1875
3.0115 25.8
3.01724 23.6604
3.02297 20.5135
3.02871 23.4091
3.03444 26.3636
3.04018 23.5333
3.04592 26.0588
3.05165 19.2364
3.05739 26.6471
3.06313 24.6207
3.06886 25.6786
3.0746 30.4
3.08033 26.6364
3.08607 22.2162
3.09181 24.6429
3.09754 26.1633
3.10328 21.6875
3.10902 25.2712
3.11475 25.4906
3.12049 28.5385
3.12622 28.8696
3.13196 29.4
3.1377 26.8298
3.14343 29.1389
3.14917 32.8246
3.1549 33.7059
3.16064 34.5172
3.16638 33.75
3.17211 33.2909
3.17785 24.0682
3.18359 31.9024
3.18932 29.4407
3.19506 30.6122
3.20079 28.3235
3.20653 26.678
3.21227 30.8868
3.218 26.561
3.22374 26.0833
3.22948 30.7119
3.23521 25.2889
3.24095 28.2632
3.24668 30.6833
3.25242 29.2075
3.25816 25.4118
3.26389 28.2982
3.26963 33.6316
3.27536 28.087
3.2811 31.7317
3.28684 28.459
3.29257 29.4898
3.29831 33.5278
3.30405 34.5714
3.30978 30.7636
3.31552 29.6977
3.32125 30.6667
3.32699 30.5614
3.33273 32.4706
3.33846 32.7632
3.3442 30.1935
3.34994 35.6863
3.35567 38.3947
3.36141 33.4068
3.36714 36.6667
3.37288 35.5
3.37862 35.6136
3.38435 30.082
3.39009 31
3.39582 30.4444
3.40156 36.6508
3.4073 35.3818
3.41303 35.4468
3.41877 37.2917
3.42451 40.2131
3.43024 35.8367
3.43598 38.8049
3.44171 39.1429
3.44745 34.625
3.45319 37.9286
3.45892 34.3818
3.46466 35.4746
3.4704 38.6
3.47613 33.3864
3.48187 36.254
3.4876 36.434
3.49334 36.1579
3.49908 40.0896
3.50481 37.5614
3.51055 43.5532
3.51628 35.28
3.52202 39.8689
3.52776 39.0741
3.53349 41.6585
3.53923 43.4308
3.54497 39.4815
3.5507 45.5625
3.55644 45.4727
3.56217 47.6949
3.56791 44.4528
3.57365 48.0652
3.57938 45.8923
3.58512 40.8182
3.59086 48.4737
3.59659 46.3731
3.60233 44.0678
3.60806 45.0196
3.6138 47.5208
3.61954 48.1429
3.62527 51.5357
3.63101 45.4878
3.63674 51.209
3.64248 53.6207
3.64822 51.7083
3.65395 55.3684
3.65969 59.7377
3.66543 58.6364
3.67116 57.2826
3.6769 57.9683
3.68263 57.4754
3.68837 62.1053
3.69411 64.1884
3.69984 63.0169
3.70558 61.4151
3.71132 65.3726
3.71705 59.1385
3.72279 59.6786
3.72852 62.8372
3.73426 64.6866
3.74 58.2581
3.74573 69.92
3.75147 65.3393
3.7572 64.6667
3.76294 69.4068
3.76868 73.7045
3.77441 74.3582
3.78015 74.2034
3.78589 76.8085
3.79162 76.75
3.79736 79.6349
3.80309 83.8929
3.80883 87.4902
3.81457 86.2308
3.8203 94.0833
3.82604 101.512
3.83178 105.638
3.83751 117.532
3.84325 134.446
3.84898 176.833
3.85472 332.27
3.86046 402.098
3.86619 441
3.87193 420.536
3.87766 379.459
3.8834 260.353
3.88914 309.583
3.89487 333.477
3.90061 383.95
3.90635 412.51
3.91208 409.627
3.91782 354.344
3.92355 301.293
3.92929 243
3.93503 195.328
3.94076 163.831
3.9465 147.074
3.95224 125.537
3.95797 113.81
3.96371 109.196
3.96944 103.803
3.97518 93.7778
3.98092 96.5818
3.98665 86.2069
3.99239 84.2794
3.99812 83.5323
4.00386 85.2653
4.0096 75.0145
4.01533 79.0625
4.02107 75.28
4.02681 71.9394
4.03254 72.803
4.03828 75.2459
4.04401 70.6346
4.04975 70.1268
4.05549 68.4923
4.06122 67.1957
4.06696 64.087
4.0727 63.087
4.07843 62.85
4.08417 65.5536
4.0899 66.2206
4.09564 70.0469
4.10138 59.18
4.10711 64.1944
4.11285 65.303
4.11858 58.7321
4.12432 61.0968
4.13006 66.0725
4.13579 61.4286
4.14153 61.9423
4.14727 58.8082
4.153 58
4.15874 62.6818
4.16447 60.9726
4.17021 57
4.17595 58.5323
4.18168 56.3571
4.18742 58.9
4.19316 58.0909
4.19889 55.68
4.20463 61.473
4.21036 58.4559
4.2161 61.7333
4.22184 62.1724
4.22757 60.3836
4.23331 56.4627
4.23904 55.56
4.24478 60.7333
4.25052 61.4203
4.25625 67.0182
4.26199 60.8125
4.26773 61.0694
4.27346 60.9545
4.2792 63.7857
4.28493 63.0694
4.29067 63.5
4.29641 64.9167
4.30214 64.8026
4.30788 68.1143
4.31362 86.1692
4.31935 73.1429
4.32509 128.547
4.33082 91.3188
4.33656 79.96
4.3423 77.0667
4.34803 83.0137
4.35377 82.5645
4.3595 81.4167
4.36524 84.0676
4.37098 88.2286
4.37671 87.9444
4.38245 95.6487
4.38819 99.1667
4.39392 106.526
4.39966 115.043
4.40539 124.236
4.41113 138.217
4.41687 149.222
4.4226 180.234
4.42834 253.658
4.43408 423.062
4.43981 756.455
4.44555 2930.63
4.45128 11054.8
4.45702 6324.9
4.46276 6180.04
4.46849 3115.99
4.47423 905.759
4.47996 738.763
4.4857 410.77
4.49144 276.215
4.49717 230.857
4.50291 220.532
4.50865 205.239
4.51438 189.404
4.52012 185.203
4.52585 170.467
4.53159 150.684
4.53733 137.943
4.54306 125.375
4.5488 109.194
4.55454 101.526
4.56027 93.4625
4.56601 85.2297
4.57174 75.4038
4.57748 77.359
4.58322 70.7692
4.58895 65.5522
4.59469 66.2623
4.60042 62.038
4.60616 59.36
4.6119 53.94
4.61763 60.3373
4.62337 56.1169
4.62911 56.2222
4.63484 53.25
4.64058 54.1463
4.64631 50.7778
4.65205 50.625
4.65779 49.9125
4.66352 46.7436
4.66926 45.3443
4.675 48.8169
4.68073 47.2949
4.68647 43.7397
4.6922 43.3621
4.69794 47.358
4.70368 42.1429
4.70941 42
4.71515 41.5294
4.72088 43.3544
4.72662 41.6522
4.73236 42.6667
4.73809 38.6951
4.74383 39.9487
4.74957 40.2308
4.7553 41.631
4.76104 42.425
4.76677 40.7612
4.77251 43.0308
4.77825 39.3049
4.78398 43.6267
4.78972 38.25
4.79546 35.8471
4.80119 37.1392
4.80693 33.0769
4.81266 34.2857
4.8184 34.9524
4.82414 37.1507
4.82987 33.1639
4.83561 33.6429
4.84134 36.1
4.84708 37.6226
4.85282 31.3529
4.85855 34.2561
4.86429 37.831
4.87003 36.9508
4.87576 33.3448
4.8815 35.6203
4.88723 29.8519
4.89297 28.8
4.89871 35.9639
4.90444 33.7606
4.91018 31.3485
4.91592 32.881
4.92165 33.0253
4.92739 33.0702
4.93312 31.6744
4.93886 32.1548
4.9446 36.5075
4.95033 31.6197
4.95607 33.2674
4.9618 32.2208
4.96754 34.9492
4.97328 30.5862
4.97901 31.5542
4.98475 34.4098
4.99049 33.9359
4.99622 32.7816
5.00196 32.3425
5.00769 31.8254
5.01343 28.7955
5.01917 28.9518
5.0249 31.5472
5.03064 32.8556
5.03638 28.3023
5.04211 29.8267
5.04785 30.0615
5.05358 32.6047
5.05932 27.358
5.06506 29.8103
5.07079 25.4831
5.07653 28.4368
5.08226 28.3803
5.088 27.3857
5.09374 28.7667
5.09947 27.8312
5.10521 27.4603
5.11095 30.2667
5.11668 28.8941
5.12242 27.4848
5.12815 26.2987
5.13389 28.4333
5.13963 26.3247
5.14536 28.7869
5.1511 29.6957
5.15684 31
5.16257 30.5714
5.16831 27.381
5.17404 27.2697
5.17978 30.5065
5.18552 25.3636
5.19125 26.9444
5.19699 30.506
5.20272 26.7797
5.20846 25.4674
5.2142 27.9438
5.21993 29.6316
5.22567 25.5507
5.23141 30.0217
5.23714 28.1481
5.24288 27.8852
5.24861 26.4624
5.25435 28.5393
5.26009 29.3803
5.26582 30
5.27156 26.5165
5.2773 26.481
5.28303 28.2
5.28877 28.883
5.2945 28.0115
5.30024 28.3056
5.30598 28.443
5.31171 30.3596
5.31745 27.8293
5.32318 25.1385
5.32892 27.7128
5.33466 26.5057
5.34039 23.3333
5.34613 28.2674
5.35187 29.2418
5.3576 29.0494
5.36334 26.4394
5.36907 26.5104
5.37481 28.0235
5.38055 30.0328
5.38628 29.3646
5.39202 29.9121
5.39776 26.4875
5.40349 32.7465
5.40923 27.625
5.41496 25.4321
5.4207 29.7937
5.42644 26.7245
5.43217 28.2247
5.43791 27.7975
5.44364 26.1351
5.44938 28.2268
5.45512 29.5185
5.46085 24.8788
5.46659 31.5816
5.47233 26.9775
5.47806 26.4211
5.4838 29.679
5.48953 23.1183
5.49527 27.4048
5.50101 28.1194
5.50674 26.9184
5.51248 26.0562
5.51822 26.7973
5.52395 23.6867
5.52969 26.5161
5.53542 26.2
5.54116 25.25
5.5469 28.3737
5.55263 25.6966
5.55837 28.9861
5.5641 28.1573
5.56984 29.6452
5.57558 24.6905
5.58131 28.0685
5.58705 28.3131
5.59279 29.0682
5.59852 24.5556
5.60426 16.69
5.60999 23.3656
5.61573 24.5488
5.62147 26.1053
5.6272 27.9588
5.63294 27.1839
5.63868 23.0303
5.64441 28.802
5.65015 26.3763
5.65588 29.0714
5.66162 32.8571
5.66736 27.3737
5.67309 26.7674
5.67883 25.5362
5.68456 26.703
5.6903 27.3111
5.69604 27.9512
5.70177 28.9639
5.70751 28.1579
5.71325 32.2955
5.71898 27.9306
5.72472 26.2222
5.73045 30.4194
5.73619 27
5.74193 26.764
5.74766 27.8105
5.7534 28.6932
5.75914 28.3662
5.76487 27.9901
5.77061 31.6383
5.77634 30.1026
5.78208 28.2809
5.78782 28.8041
5.79355 29.8023
5.79929 28.72
5.80502 32.099
5.81076 33.5591
5.8165 29.7333
5.82223 28.4375
5.82797 30.5567
5.83371 31.9302
5.83944 30.8101
5.84518 30.2929
5.85091 29.4167
5.85665 27.8769
5.86239 30.6095
5.86812 31.1837
5.87386 28.2791
5.8796 31.2405
5.88533 30.0594
5.89107 28.6304
5.8968 35.5217
5.90254 30.2571
5.90828 30.7677
5.91401 28
5.91975 29.6341
5.92548 32.0303
5.93122 33.9255
5.93696 31.3014
5.94269 27.981
5.94843 32.8542
5.95417 31.8409
5.9599 32.0235
5.96564 33.9495
5.97137 31.5426
5.97711 31.8904
5.98285 35.2039
5.98858 35.3061
5.99432 33.5765
6.00006 33.9889
6.00579 32.0808
6.01153 33.9247
6.01726 33.68
6.023 37.8762
6.02874 34.9896
6.03447 33.875
6.04021 35.7444
6.04594 33.6327
6.05168 36.0417
6.05742 34.7662
6.06315 36.9143
6.06889 35.8333
6.07463 35.3571
6.08036 37.0957
6.0861 34.9592
6.09183 37.7526
6.09757 35.2308
6.10331 40.4857
6.10904 37.2396
6.11478 39.5465
6.12052 38.4167
6.12625 38.2
6.13199 37.4362
6.13772 36.8537
6.14346 37.8137
6.1492 41.66
6.15493 39.2375
6.16067 42.0588
6.1664 41.0714
6.17214 40.8404
6.17788 46.2976
6.18361 46.3786
6.18935 46.6465
6.19509 42.7568
6.20082 43.4587
6.20656 46.1569
6.21229 45.8958
6.21803 46.7561
6.22377 50.3868
6.2295 52.69
6.23524 52.0133
6.24098 51.8165
6.24671 51.0882
6.25245 54.3191
6.25818 54.7791
6.26392 57.4902
6.26966 58.5
6.27539 55.4868
6.28113 62.4404
6.28686 64.9703
6.2926 73.6146
6.29834 80.7955
6.30407 118.442
6.30981 173.108
6.31555 486.141
6.32128 1264.17
6.32702 737.808
6.33275 328.552
6.33849 174.193
6.34423 106.837
6.34996 99.3627
6.3557 98.4231
6.36144 101.907
6.36717 113.305
6.37291 119.305
6.37864 126.322
6.38438 131.802
6.39012 127.765
6.39585 119.188
6.40159 111.38
6.40732 95.1019
6.41306 86.5745
6.4188 81.5761
6.42453 70.0189
6.43027 66.6274
6.43601 63.1707
6.44174 63.2264
6.44748 57.4352
6.45321 55.4894
6.45895 53.5978
6.46469 50.0952
6.47042 51.1748
6.47616 49.2738
6.4819 50.2091
6.48763 48.1389
6.49337 45.4194
6.4991 48.7895
6.50484 48.3148
6.51058 44.3529
6.51631 45.1786
6.52205 42.5455
6.52778 44.4352
6.53352 42.4674
6.53926 43.0417
6.54499 45.3796
6.55073 42.7961
6.55647 43.1905
6.5622 42.4602
6.56794 45.1296
6.57367 45.6344
6.57941 39.6947
6.58515 43.1696
6.59088 44.0769
6.59662 45.6905
6.60236 39.8421
6.60809 41.8208
6.61383 41.5914
6.61956 41.9072
6.6253 40.6339
6.63104 36.7255
6.63677 39.8372
6.64251 40.4474
6.64824 40.1682
6.65398 39.5494
6.65972 42.2059
6.66545 41.3839
6.67119 40.3269
6.67693 39.8837
6.68266 43.4741
6.6884 39.463
6.69413 39.4835
6.69987 41.3301
6.70561 41.5625
6.71134 41.2115
6.71708 39.2045
6.72282 42.2632
6.72855 38.5556
6.73429 40.9326
6.74002 40.8962
6.74576 36.3739
6.7515 39.6505
6.75723 36.8539
6.76297 37.8017
6.7687 37.7946
6.77444 39.9101
6.78018 38.4762
6.78591 38.5172
6.79165 39.1121
6.79739 40.4368
6.80312 39.7018
6.80886 39.2679
6.81459 39.6593
6.82033 37.6952
6.82607 38.5862
6.8318 36.4
6.83754 38.4545
6.84328 35.7542
6.84901 37.4107
6.85475 40.2308
6.86048 37.1651
6.86622 38.6121
6.87196 37.7757
6.87769 41.6897
6.88343 37.4153
6.88916 37.9561
6.8949 39.2414
6.90064 38.1327
6.90637 37.3421
6.91211 38.9346
6.91785 37.6667
6.92358 38.6116
6.92932 36.9204
6.93505 38.3596
6.94079 38.708
6.94653 36.8362
6.95226 38.3551
6.958 35.8022
6.96374 39.9083
6.96947 39.4649
6.97521 39.1099
6.98094 37.6216
6.98668 40.8103
6.99242 38.844
6.99815 39.191
7.00389 40.1833
7.00962 38.7759
7.01536 35.5055
7.0211 36.6455
7.02683 36.4098
7.03257 41.6355
7.03831 38.9462
7.04404 38.8361
7.04978 41.7913
7.05551 41.266
7.06125 41.5413
7.06699 38.5738
7.07272 39.4862
7.07846 40.7753
7.0842 38.5082
7.08993 38.1897
7.09567 40.7527
7.1014 39.7345
7.10714 39.5042
7.11288 41.3578
7.11861 41.6989
7.12435 39.4194
7.13008 42.1709
7.13582 41.0521
7.14156 41.2252
7.14729 40.2
7.15303 41.8165
7.15877 42.6774
7.1645 47.0806
7.17024 50.5378
7.17597 42.551
7.18171 43.9813
7.18745 40.6885
7.19318 40.9099
7.19892 43.2418
7.20466 41.4095
7.21039 46.0513
7.21613 44.03
7.22186 42.578
7.2276 43.0476
7.23334 43.7928
7.23907 44.4396
7.24481 42.3571
7.25054 43.1933
7.25628 45.28
7.26202 42.5856
7.26775 42.4426
7.27349 46.3784
7.27923 43.9462
7.28496 45.8413
7.2907 46.3866
7.29643 48.1456
7.30217 45.4495
7.30791 46
7.31364 45.2735
7.31938 48.2135
7.32512 47.9846
7.33085 49.4298
7.33659 49.4423
7.34232 49.0571
7.34806 50.7846
7.3538 50.964
7.35953 51.9247
7.36527 54.5234
7.371 53.7686
7.37674 55.8462
7.38248 62
7.38821 73.528
7.39395 87.8707
7.39969 123.29
7.40542 218.677
7.41116 257.756
7.41689 309.217
7.42263 146.822
7.42837 97.6667
7.4341 82.521
7.43984 89.8876
7.44558 84.7687
7.45131 80.5455
7.45705 85.6091
7.46278 89.3495
7.46852 94.5846
7.47426 101.222
7.47999 103.422
7.48573 113.061
7.49146 110.096
7.4972 105.873
7.50294 97.243
7.50867 90.7422
7.51441 82.9076
7.52015 73.1538
7.52588 66.2424
7.53162 65.136
7.53735 59.75
7.54309 57.835
7.54883 54.7348
7.55456 52.126
7.5603 50
7.56604 50.8657
7.57177 52.096
7.57751 51.5948
7.58324 47.3204
7.58898 48.1145
7.59472 47
7.60045 45.52
7.60619 47.4959
7.61192 47.3566
7.61766 44.3017
7.6234 49.9307
7.62913 46
7.63487 46.2975
7.64061 42.8137
7.64634 46.4472
7.65208 45.3333
7.65781 46.1356
7.66355 46.2755
7.66929 46.1259
7.67502 46.9436
7.68076 51.1038
7.6865 47.8319
7.69223 47.6183
7.69797 50.2373
7.7037 53.0792
7.70944 48.5672
7.71518 50.6098
7.72091 52.7818
7.72665 54.8974
7.73238 72.6279
7.73812 94.1148
7.74386 164.289
7.74959 121.333
7.75533 68.44
7.76107 57.9911
7.7668 54.5826
7.77254 53.7786
7.77827 54.8279
7.78401 55.4545
7.78975 53.163
7.79548 52.9375
7.80122 55.6552
7.80696 56.4595
7.81269 56.9098
7.81843 59.1694
7.82416 60.9053
7.8299 58.0429
7.83564 56.8268
7.84137 51.9224
7.84711 48
7.85284 45.6794
7.85858 43.8047
7.86432 43.6701
7.87005 42.2158
7.87579 42.9531
7.88153 42.2213
7.88726 40.2804
7.893 39.2519
7.89873 38.9531
7.90447 41.3725
7.91021 35.7143
7.91594 38.8092
7.92168 37.4167
7.92742 40.2476
7.93315 36.7664
7.93889 38.1429
7.94462 31.4474
7.95036 34.6639
7.9561 36.8333
7.96183 35.6905
7.96757 34.7524
7.9733 36.5839
7.97904 33.4538
7.98478 34.8929
7.99051 35.832
7.99625 30.9474
8.00199 34.4677
8.00772 36.6238
8.01346 33.8921
8.01919 33.7803
8.02493 33.1525
8.03067 33.1842
8.0364 34.6471
8.04214 31.3672
8.04788 35.932
8.05361 32.2734
8.05935 33.2353
8.06508 32.2797
8.07082 32.9402
8.07656 32.5766
8.08229 32.4766
8.08803 31.2525
8.09376 31.3496
8.0995 29.8333
8.10524 31.7131
8.11097 33.0266
8.11671 32.3285
8.12245 34.4651
8.12818 28.8839
8.13392 33.4394
8.13965 29.9203
8.14539 27.1855
8.15113 26.2793
8.15686 26.9635
8.1626 24.2652
8.16834 23.5932
8.17407 24.0079
8.17981 19.8806
8.18554 19.1615
8.19128 17.6729
8.19702 14.741
8.20275 16.8955
8.20849 14.3559
8.21422 12.2339
8.21996 13.2536
8.2257 10.0859
8.23143 9.4486
8.23717 6.04196
8.24291 6.91358
8.24864 8.14545
8.25438 4.68421
8.26011 1.89474
8.26585 -0.222222
8.27159 0
8.27732 0
8.28306 0
8.2888 0
8.29453 0
8.30027 0
8.306 0
8.31174 0
8.31748 0
8.32321 0
8.32895 0
8.33468 0
8.34042 0
8.34616 0
8.35189 0
8.35763 0
8.36337 0
8.3691 0
8.37484 0
8.38057 0
8.38631 0
8.39205 0
8.39778 0
8.40352 0
8.40926 0
8.41499 0
8.42073 0
8.42646 0
8.4322 0
8.43794 0
8.44367 0
8.44941 0
8.45514 0
8.46088 0
8.46662 0
8.47235 0
8.47809 0
8.48383 0
8.48956 0
8.4953 0
8.50103 0
8.50677 0
8.51251 0
8.51824 0
8.52398 0
8.52972 0
8.53545 0
8.54119 0
8.54692 0
8.55266 0
8.5584 0
8.56413 0
8.56987 0
8.5756 0
8.58134 0
8.58708 0
8.59281 0
8.59855 0
8.60429 0
8.61002 0
8.61576 0
8.62149 0
8.62723 0
8.63297 0
8.6387 0
8.64444 0
8.65018 0
8.65591 0
8.66165 0
8.66738 0
8.67312 0
8.67886 0
8.68459 0
8.69033 0
8.69606 0
8.7018 0
8.70754 0
8.71327 0
8.71901 0
8.72475 0
8.73048 0
8.73622 0
8.74195 0
8.74769 0
8.75343 0
8.75916 0
8.7649 0
8.77064 0
8.77637 0
8.78211 0
8.78784 0
8.79358 0
8.79932 0
8.80505 0
8.81079 0
8.81652 0
8.82226 0
8.828 0
8.83373 0
8.83947 0
8.84521 0
8.85094 0
8.85668 0
8.86241 0
8.86815 0
8.87389 0
8.87962 0
8.88536 0
8.8911 0
8.89683 0
8.90257 0
8.9083 0
8.91404 0
8.91978 0
8.92551 0
8.93125 0
8.93698 0
8.94272 0
8.94846 0
8.95419 0
8.95993 0
8.96567 0
8.9714 0
8.97714 0
8.98287 0
8.98861 0
8.99435 0
9.00008 0
9.00582 0
9.01156 0
9.01729 0
9.02303 0
9.02876 0
9.0345 0
9.04024 0
9.04597 0
9.05171 0
9.05744 0
9.06318 0
9.06892 0
9.07465 0
9.08039 0
9.08613 0
9.09186 0
9.0976 0
9.10333 0
9.10907 0
9.11481 0
9.12054 0
9.12628 0
9.13202 0
9.13775 0
9.14349 0
9.14922 0
9.15496 0
9.1607 0
9.16643 0
9.17217 0
9.1779 0
9.18364 0
9.18938 0
9.19511 0
9.20085 0
9.20659 0
9.21232 0
9.21806 0
9.22379 0
9.22953 0
9.23527 0
9.241 0
9.24674 0
9.25248 0
9.25821 0
9.26395 0
9.26968 0
9.27542 0
9.28116 0
9.28689 0
9.29263 0
9.29836 0
9.3041 0
9.30984 0
9.31557 0
9.32131 0
9.32705 0
9.33278 0
9.33852 0
9.34425 0
9.34999 0
9.35573 0
9.36146 0
9.3672 0
9.37294 0
9.37867 0
9.38441 0
9.39014 0
9.39588 0
9.40162 0
9.40735 0
9.41309 0
9.41882 0
9.42456 0
9.4303 0
9.43603 0
9.44177 0
9.44751 0
9.45324 0
9.45898 0
9.46471 0
9.47045 0
9.47619 0
9.48192 0
9.48766 0
9.4934 0
9.49913 0
9.50487 0
9.5106 0
9.51634 0
9.52208 0
9.52781 0
9.53355 0
9.53928 0
9.54502 0
9.55076 0
9.55649 0
9.56223 0
9.56797 0
9.5737 0
9.57944 0
9.58517 0
9.59091 0
9.59665 0
9.60238 0
9.60812 0
9.61386 0
9.61959 0
9.62533 0
9.63106 0
9.6368 0
9.64254 0
9.64827 0
9.65401 0
9.65974 0
9.66548 0
9.67122 0
9.67695 0
9.68269 0
9.68843 0
9.69416 0
9.6999 0
9.70563 0
9.71137 0
9.71711 0
9.72284 0
9.72858 0
9.73432 0
9.74005 0
9.74579 0
9.75152 0
9.75726 0
9.763 0
9.76873 0
9.77447 0
9.7802 0
9.78594 0
9.79168 0
9.79741 0
9.80315 0
9.80889 0
9.81462 0
9.82036 0
9.82609 0
9.83183 0
9.83757 0
9.8433 0
9.84904 0
9.85478 0
9.86051 0
9.86625 0
9.87198 0
9.87772 0
9.88346 0
9.88919 0
9.89493 0
9.90066 0
9.9064 0
9.91214 0
9.91787 0
9.92361 0
9.92935 0
9.93508 0
9.94082 0
9.94655 0
9.95229 0
9.95803 0
9.96376 0
9.9695 0
9.97524 0
9.98097 0
9.98671 0
9.99244 0
9.99818 0
10.0039 0
10.0097 0
10.0154 0
10.0211 0
10.0269 0
10.0326 0
10.0383 0
10.0441 0
10.0498 0
10.0555 0
10.0613 0
10.067 0
10.0728 0
10.0785 0
10.0842 0
10.09 0
10.0957 0
10.1014 0
10.1072 0
10.1129 0
10.1186 0
10.1244 0
10.1301 0
10.1358 0
10.1416 0
10.1473 0
10.1531 0
10.1588 0
10.1645 0
10.1703 0
10.176 0
10.1817 0
10.1875 0
10.1932 0
10.1989 0
10.2047 0
10.2104 0
10.2162 0
10.2219 0
10.2276 0
10.2334 0
10.2391 0
10.2448 0
10.2506 0
10.2563 0
10.262 0
10.2678 0
10.2735 0
10.2793 0
10.285 0
10.2907 0
10.2965 0
10.3022 0
10.3079 0
10.3137 0
10.3194 0
10.3251 0
10.3309 0
10.3366 0
10.3424 0
10.3481 0
10.3538 0
10.3596 0
10.3653 0
10.371 0
10.3768 0
10.3825 0
10.3882 0
10.394 0
10.3997 0
10.4054 0
10.4112 0
10.4169 0
10.4227 0
10.4284 0
10.4341 0
10.4399 0
10.4456 0
10.4513 0
10.4571 0
10.4628 0
10.4685 0
10.4743 0
10.48 0
10.4858 0
10.4915 0
10.4972 0
10.503 0
10.5087 0
10.5144 0
10.5202 0
10.5259 0
10.5316 0
10.5374 0
10.5431 0
10.5489 0
10.5546 0
10.5603 0
10.5661 0
10.5718 0
10.5775 0
10.5833 0
10.589 0
10.5947 0
10.6005 0
10.6062 0
10.612 0
10.6177 0
10.6234 0
10.6292 0
10.6349 0
10.6406 0
10.6464 0
10.6521 0
10.6578 0
10.6636 0
10.6693 0
10.6751 0
10.6808 0
10.6865 0
10.6923 0
10.698 0
10.7037 0
10.7095 0
10.7152 0
10.7209 0
10.7267 0
10.7324 0
10.7381 0
10.7439 0
10.7496 0
10.7554 0
10.7611 0
10.7668 0
10.7726 0
10.7783 0
10.784 0
10.7898 0
10.7955 0
10.8012 0
10.807 0
10.8127 0
10.8185 0
10.8242 0
10.8299 0
10.8357 0
10.8414 0
10.8471 0
10.8529 0
10.8586 0
10.8643 0
10.8701 0
10.8758 0
10.8816 0
10.8873 0
10.893 0
10.8988 0
10.9045 0
10.9102 0
10.916 0
10.9217 0
10.9274 0
10.9332 0
10.9389 0
10.9447 0
10.9504 0
10.9561 0
10.9619 0
10.9676 0
10.9733 0
10.9791 0
10.9848 0
10.9905 0
10.9963 0
11.002 0
11.0077 0
11.0135 0
11.0192 0
11.025 0
11.0307 0
11.0364 0
11.0422 0
11.0479 0
11.0536 0
11.0594 0
11.0651 0
11.0708 0
11.0766 0
11.0823 0
11.0881 0
11.0938 0
11.0995 0
11.1053 0
11.111 0
11.1167 0
11.1225 0
11.1282 0
11.1339 0
11.1397 0
11.1454 0
11.1512 0
11.1569 0
11.1626 0
11.1684 0
11.1741 0
11.1798 0
11.1856 0
11.1913 0
11.197 0
11.2028 0
11.2085 0
11.2143 0
11.22 0
11.2257 0
11.2315 0
11.2372 0
11.2429 0
11.2487 0
11.2544 0
11.2601 0
11.2659 0
11.2716 0
11.2774 0
11.2831 0
11.2888 0
11.2946 0
11.3003 0
11.306 0
11.3118 0
11.3175 0
11.3232 0
11.329 0
11.3347 0
11.3404 0
11.3462 0
11.3519 0
11.3577 0
11.3634 0
11.3691 0
11.3749 0
11.3806 0
11.3863 0
11.3921 0
11.3978 0
11.4035 0
11.4093 0
11.415 0
11.4208 0
11.4265 0
11.4322 0
11.438 0
11.4437 0
11.4494 0
11.4552 0
11.4609 0
11.4666 0
11.4724 0
11.4781 0
11.4839 0
11.4896 0
11.4953 0
11.5011 0
11.5068 0
11.5125 0
11.5183 0
11.524 0
11.5297 0
11.5355 0
11.5412 0
11.547 0
11.5527 0
11.5584 0
11.5642 0
11.5699 0
11.5756 0
11.5814 0
11.5871 0
11.5928 0
11.5986 0
11.6043 0
11.61 0
11.6158 0
11.6215 0
11.6273 0
11.633 0
11.6387 0
11.6445 0
11.6502 0
11.6559 0
11.6617 0
11.6674 0
11.6731 0
11.6789 0
11.6846 0
11.6904 0
11.6961 0
11.7018 0
11.7076 0
11.7133 0
11.719 0
11.7248 0
11.7305 0
11.7362 0
11.742 0
