0 -15
0.00573619 10
0.0114724 16
0.0172086 0
0.0229448 10
0.028681 -14
0.0344171 0
0.0401533 6
0.0458895 -3
0.0516257 12
0.0573619 0
0.0630981 -25
0.0688343 1
0.0745705 0
0.0803067 12
0.0860429 5
0.091779 0
0.0975152 -0.333333
0.103251 6
0.108988 19
0.114724 0
0.12046 -10.3333
0.126196 3.66667
0.131932 0
0.137669 5.33333
0.143405 17
0.149141 22
0.154877 4
0.160613 -6.33333
0.16635 -2
0.172086 0
0.177822 0
0.183558 5
0.189294 0
0.19503 0.2
0.200767 0
0.206503 -8
0.212239 -1
0.217975 1.6
0.223711 -6
0.229448 0
0.235184 -5.4
0.24092 7.2
0.246656 0
0.252392 0.2
0.258129 1.8
0.263865 7.8
0.269601 0
0.275337 -1.8
0.281073 18.4286
0.28681 0
0.292546 10.8571
0.298282 15.4286
0.304018 -2
0.309754 25.25
0.31549 12
0.321227 1.28571
0.326963 0
0.332699 14.8571
0.338435 16.8571
0.344171 0
0.349908 12
0.355644 11.7143
0.36138 7.6
0.367116 11
0.372852 3.55556
0.378589 4.28571
0.384325 -5
0.390061 4.11111
0.395797 -6.44444
0.401533 0
0.40727 11.7778
0.413006 8.33333
0.418742 -0.428571
0.424478 2
0.430214 12.6667
0.43595 10.4444
0.441687 0
0.447423 4.33333
0.453159 3.22222
0.458895 8
0.464631 13.2857
0.470368 9.18182
0.476104 9
0.48184 11
0.487576 8
0.493312 12.0909
0.499049 0
0.504785 6.27273
0.510521 12.8182
0.516257 14
0.521993 4.16667
0.52773 9.81818
0.533466 -0.555556
0.539202 4
0.544938 17.3636
0.550674 12.7273
0.55641 0
0.562147 13.6154
0.567883 10.2308
0.573619 17.4286
0.579355 14.6667
0.585091 18.8462
0.590828 56.2727
0.596564 28.5
0.6023 224.154
0.608036 145.538
0.613772 39.6
0.619509 30.625
0.625245 13.9231
0.630981 20.1111
0.636717 13.5
0.642453 16.2308
0.64819 9.92308
0.653926 25
0.659662 6.6
0.665398 15.3333
0.671134 16
0.67687 4.875
0.682607 5.4
0.688343 18.2727
0.694079 9.25
0.699815 6.13333
0.705551 4.8
0.711288 -2
0.717024 11.7857
0.72276 16.1333
0.728496 15.5556
0.734232 13.5
0.739969 14
0.745705 4
0.751441 12
0.757177 17.0588
0.762913 13
0.76865 8.8
0.774386 3.91667
0.780122 17.6471
0.785858 10.7273
0.791594 17.5
0.79733 8.35294
0.803067 11
0.808803 29
0.814539 14
0.820275 8.76471
0.826011 14.5556
0.831748 17.75
0.837484 11.0556
0.84322 11
0.848956 19
0.854692 15.5789
0.860429 14.5294
0.866165 12.2
0.871901 10.4375
0.877637 8.57895
0.883373 8.63636
0.88911 6
0.894846 14.1053
0.900582 16.6
0.906318 7.25
0.912054 20.1579
0.91779 10.7059
0.923527 11.4444
0.929263 12.2308
0.934999 9.66667
0.940735 14.4615
0.946471 15.125
0.952208 21.4286
0.957944 15.4706
0.96368 12
0.969416 11.8571
0.975152 19.3158
0.980889 7.63636
0.986625 3.5
0.992361 14.2857
0.998097 11.8
1.00383 11.5
1.00957 10.0952
1.01531 16.1765
1.02104 12.3
1.02678 4.47059
1.03251 16.7143
1.03825 10.2308
1.04399 11.8333
1.04972 14.8696
1.05546 4.52941
1.0612 15.6667
1.06693 9.86957
1.07267 11.1579
1.0784 13.7692
1.08414 9.42857
1.08988 11.087
1.09561 10.8667
1.10135 6.875
1.10708 11.3913
1.11282 8.94118
1.11856 9.28571
1.12429 15.16
1.13003 17
1.13577 6
1.1415 14.2857
1.14724 12.88
1.15297 13.2
1.15871 12.8
1.16445 11.48
1.17018 4.52632
1.17592 8.07692
1.18166 8.66667
1.18739 13.913
1.19313 15.0667
1.19886 6.58333
1.2046 11.6
1.21034 13.2778
1.21607 12.2222
1.22181 8.48148
1.22754 11.5238
1.23328 11.6471
1.23902 10.25
1.24475 11.44
1.25049 14.2353
1.25623 4.91667
1.26196 15.5185
1.2677 7.57895
1.27343 16.9231
1.27917 13.7727
1.28491 13.6522
1.29064 7.47059
1.29638 13.1429
1.30212 12.2222
1.30785 0.111111
1.31359 16.25
1.31932 14.931
1.32506 12.3333
1.3308 6.11765
1.33653 9.3
1.34227 12.64
1.348 11.4737
1.35374 16.5714
1.35948 10.2222
1.36521 12.381
1.37095 15.8
1.37669 9.34483
1.38242 9
1.38816 10
1.39389 3.84211
1.39963 10.1852
1.40537 7.7
1.4111 12.8571
1.41684 3.7931
1.42258 11.5217
1.42831 14.1176
1.43405 12.6667
1.43978 8.64
1.44552 7.19048
1.45126 6.5
1.45699 14.7586
1.46273 11.2381
1.46846 12.4167
1.4742 9.41935
1.47994 9.86957
1.48567 15.15
1.49141 14.4762
1.49715 9.22222
1.50288 7.56522
1.50862 9.625
1.51435 12.6207
1.52009 5.44
1.52583 11.2
1.53156 9.5
1.5373 11
1.54304 11.5714
1.54877 14.35
1.55451 11.7241
1.56024 8.69565
1.56598 4.14286
1.57172 14.2903
1.57745 13.64
1.58319 11.6
1.58892 10.32
1.59466 14.2222
1.6004 13
1.60613 6.44444
1.61187 10.9677
1.61761 8.52
1.62334 11.5
1.62908 14.3636
1.63481 7.18518
1.64055 9.69565
1.64629 10.5
1.65202 9.10345
1.65776 16.12
1.6635 14.625
1.66923 11.6774
1.67497 15.1071
1.6807 8.05
1.68644 10.6786
1.69218 14.069
1.69791 10.64
1.70365 9.45455
1.70938 9.19355
1.71512 12.963
1.72086 9.125
1.72659 11.5758
1.73233 9.34483
1.73807 11.2174
1.7438 10.8846
1.74954 13.6207
1.75527 16.0741
1.76101 14.3684
1.76675 10.7576
1.77248 13.25
1.77822 7.35
1.78396 12.9667
1.78969 12.8387
1.79543 10.8889
1.80116 17.5
1.8069 11.3226
1.81264 11.1724
1.81837 14.5
1.82411 11.2
1.82984 5.58621
1.83558 11.84
1.84132 12
1.84705 14.9677
1.85279 15.2593
1.85853 18.7391
1.86426 12.9394
1.87 19.4
1.87573 13.0556
1.88147 12.5429
1.88721 12.2727
1.89294 10.6296
1.89868 14.0769
1.90442 14.6667
1.91015 9.64516
1.91589 14.65
1.92162 15.8
1.92736 14.6452
1.9331 17.44
1.93883 18.8929
1.94457 18.7879
1.9503 12.5
1.95604 10.8333
1.96178 14.2941
1.96751 16.4062
1.97325 13.2
1.97899 18.8919
1.98472 12.3939
1.99046 10.4483
1.99619 14.7692
2.00193 14.0571
2.00767 14.8065
2.0134 15.625
2.01914 10.2571
2.02488 13.5758
2.03061 14.76
2.03635 12.0938
2.04208 12.9118
2.04782 13.0312
2.05356 11.3333
2.05929 13.5
2.06503 14.9714
2.07076 11.3182
2.0765 11.5676
2.08224 19.0857
2.08797 12.2759
2.09371 11.7143
2.09945 10.4865
2.10518 20.5758
2.11092 15.375
2.11665 16
2.12239 12.6571
2.12813 16.5217
2.13386 16.4444
2.1396 10.0278
2.14534 17.3438
2.15107 14.7692
2.15681 13.9211
2.16254 12.1892
2.16828 12.6364
2.17402 12.8974
2.17975 10.1081
2.18549 11.9355
2.19122 16.0667
2.19696 13.1351
2.2027 19.7714
2.20843 12.2917
2.21417 23.4103
2.21991 70.4324
2.22564 33.7273
2.23138 63.725
2.23711 27.2895
2.24285 22.7059
2.24859 15.8571
2.25432 17.1282
2.26006 15.2308
2.2658 12
2.27153 15.9512
2.27727 14.3077
2.283 10.8065
2.28874 12.7188
2.29448 15.4103
2.30021 13.6757
2.30595 6.5
2.31168 11.5128
2.31742 13.2564
2.32316 15.3182
2.32889 17.0714
2.33463 18.475
2.34037 10.1111
2.3461 15.5
2.35184 14.6744
2.35757 15.1081
2.36331 18.0385
2.36905 14.1463
2.37478 11.6829
2.38052 13.3548
2.38626 14.2647
2.39199 15.7442
2.39773 13.6216
2.40346 15.5769
2.4092 18.6744
2.41494 14.375
2.42067 20.6818
2.42641 12.0455
2.43214 12.7381
2.43788 17.9429
2.44362 11.875
2.44935 17.7778
2.45509 16.641
2.46083 10.8846
2.46656 16.8444
2.4723 16.1951
2.47803 6.55172
2.48377 15.575
2.48951 13.093
2.49524 19.8205
2.50098 13.0385
2.50672 15.0652
2.51245 14.9286
2.51819 8.29167
2.52392 12
2.52966 11.7727
2.5354 13.1818
2.54113 15.8611
2.54687 12.4444
2.5526 12.5122
2.55834 16.8846
2.56408 11.6809
2.56981 8.93023
2.57555 10.2414
2.58129 17.0238
2.58702 10.5778
2.59276 12.4595
2.59849 11.5625
2.60423 15.4783
2.60997 12.7273
2.6157 17
2.62144 13.3125
2.62718 16.8085
2.63291 15.4857
2.63865 10.2222
2.64438 14.9787
2.65012 15.7805
2.65586 11.2667
2.66159 9.59575
2.66733 10.9111
2.67306 15.76
2.6788 14.8333
2.68454 15.383
2.69027 16.0769
2.69601 13.1212
2.70175 13.4167
2.70748 16.3556
2.71322 11.5926
2.71895 19.0625
2.72469 16.4694
2.73043 16.8857
2.73616 9.89474
2.7419 13.8163
2.74764 14.9302
2.75337 7.16667
2.75911 12.4286
2.76484 19.7143
2.77058 10.0417
2.77632 15.0204
2.78205 17.28
2.78779 14.8718
2.79352 12.5714
2.79926 17.0577
2.805 13.4
2.81073 15.8519
2.81647 16.1887
2.82221 12.2245
2.82794 16.6757
2.83368 13.0263
2.83941 17.8491
2.84515 15.2927
2.85089 14.1875
2.85662 15.6038
2.86236 12.6735
2.8681 12.7083
2.87383 10.5849
2.87957 13.68
2.8853 15.7561
2.89104 15.3514
2.89678 16.9808
2.90251 16.5333
2.90825 16.4483
2.91398 14.5636
2.91972 16.0588
2.92546 14.027
2.93119 12.8571
2.93693 18.9057
2.94267 16.6222
2.9484 14.4375
2.95414 17.7547
2.95987 14.6327
2.96561 16.0769
2.97135 17.7679
2.97708 15.6111
2.98282 17.2308
2.98856 11.6923
2.99429 13.2037
3.00003 19.4894
3.00576 17.0625
3.0115 14.7636
3.01724 18.0377
3.02297 21.3784
3.02871 21.5455
3.03444 16.9455
3.04018 14.7333
3.04592 19
3.05165 16.6727
3.05739 11.8235
3.06313 19.5517
3.06886 14.9821
3.0746 16.7455
3.08033 16.8636
3.08607 17.9459
3.09181 17.3929
3.09754 17
3.10328 19.0625
3.10902 22.1695
3.11475 20.6981
3.12049 20.7949
3.12622 19.9348
3.13196 23.1636
3.1377 21.5957
3.14343 23.0556
3.14917 24.1053
3.1549 23.6078
3.16064 28.8276
3.16638 20.7833
3.17211 20.9818
3.17785 21.6818
3.18359 23.2683
3.18932 23.9153
3.19506 20.0408
3.20079 22.0588
3.20653 25.661
3.21227 25.1698
3.218 19.7073
3.22374 20.625
3.22948 24.2881
3.23521 20.6667
3.24095 22.2368
3.24668 23.7833
3.25242 21.6038
3.25816 24.9706
3.26389 21.1579
3.26963 23.0526
3.27536 23.5
3.2811 23.1707
3.28684 21
3.29257 24.9796
3.29831 21.4722
3.30405 25.3968
3.30978 27.9636
3.31552 22.2326
3.32125 24
3.32699 22.0526
3.33273 24.7843
3.33846 30.3421
3.3442 21.7097
3.34994 22.6471
3.35567 22.5
3.36141 25.678
3.36714 25.3158
3.37288 26.1875
3.37862 25.5682
3.38435 24.3607
3.39009 24.6604
3.39582 23.1667
3.40156 23.5714
3.4073 24.2545
3.41303 26.1277
3.41877 22.3125
3.42451 26.8361
3.43024 26.7347
3.43598 27.6098
3.44171 28.0635
3.44745 28.7143
3.45319 25.9048
3.45892 26.4545
3.46466 29.1864
3.4704 28.32
3.47613 26.5227
3.48187 26.6825
3.4876 26.3208
3.49334 29.2105
3.49908 26.8955
3.50481 29.2982
3.51055 27.0213
3.51628 26.46
3.52202 28.2131
3.52776 27.8519
3.53349 28.5366
3.53923 34.2154
3.54497 33.5
3.5507 35.1875
3.55644 37.7091
3.56217 35.3051
3.56791 38.2264
3.57365 31.7826
3.57938 32.3385
3.58512 34.9273
3.59086 34.6053
3.59659 32.6119
3.60233 35.8644
3.60806 35.6275
3.6138 37.375
3.61954 35.7778
3.62527 37.1786
3.63101 40.3659
3.63674 38.1791
3.64248 35.7586
3.64822 33.625
3.65395 35.8947
3.65969 45.0164
3.66543 38.6909
3.67116 42.8478
3.6769 41.6508
3.68263 41.7541
3.68837 41.0789
3.69411 42.0145
3.69984 43.9322
3.70558 44.1887
3.71132 45.6275
3.71705 42.5692
3.72279 43.1429
3.72852 46.2558
3.73426 48.2388
3.74 48.3387
3.74573 42.64
3.75147 42.2679
3.7572 46.2857
3.76294 45.1525
3.76868 45.8182
3.77441 47.5672
3.78015 50.1695
3.78589 50.1702
3.79162 50.5312
3.79736 51.7937
3.80309 56
3.80883 58.7059
3.81457 60.8308
3.8203 60.4667
3.82604 62.2791
3.83178 64.4783
3.83751 68
3.84325 79.0357
3.84898 91.6481
3.85472 149.159
3.86046 255.262
3.86619 212.804
3.87193 438.449
3.87766 251.607
3.8834 153.804
3.88914 182.15
3.89487 189.662
3.90061 210.75
3.90635 225.286
3.91208 222.015
3.91782 191.625
3.92355 168
3.92929 134.338
3.93503 113.453
3.94076 94.1017
3.9465 91.5741
3.95224 78.7612
3.95797 75.2381
3.96371 75.7391
3.96944 61.1127
3.97518 58.5873
3.98092 59.6545
3.98665 61.9655
3.99239 58.0294
3.99812 57.2581
4.00386 52.2041
4.0096 51.8116
4.01533 54.2188
4.02107 51.24
4.02681 50.7273
4.03254 51.8182
4.03828 50.0164
4.04401 51.6538
4.04975 52.0563
4.05549 49.4462
4.06122 44.5435
4.06696 48.971
4.0727 46.1884
4.07843 46.8
4.08417 48.2857
4.0899 46.6765
4.09564 44.2031
4.10138 45.34
4.10711 47.4722
4.11285 44.6515
4.11858 43.4643
4.12432 48.5323
4.13006 43.8116
4.13579 42.4444
4.14153 47
4.14727 45.6849
4.153 43.8806
4.15874 48.7045
4.16447 48.9589
4.17021 49.5211
4.17595 42.6613
4.18168 46.0357
4.18742 41.2857
4.19316 45.4242
4.19889 45.24
4.20463 45.2027
4.21036 49.1471
4.2161 45.9833
4.22184 47.8621
4.22757 41.9452
4.23331 45.3284
4.23904 46.2
4.24478 46.7733
4.25052 45.942
4.25625 48.6909
4.26199 44.3438
4.26773 49.2917
4.27346 49.6667
4.2792 47.7679
4.28493 50.2361
4.29067 53.3857
4.29641 54.9167
4.30214 51.3816
4.30788 73.7571
4.31362 208.923
4.31935 74.7679
4.32509 448.173
4.33082 152.783
4.33656 73.58
4.3423 58.48
4.34803 61.7671
4.35377 64.9839
4.3595 67.1167
4.36524 69.1216
4.37098 66.2143
4.37671 72.7037
4.38245 70.3243
4.38819 76.9444
4.39392 80.4912
4.39966 90.2609
4.40539 93.5972
4.41113 102.232
4.41687 121.889
4.4226 128.857
4.42834 175.26
4.43408 366.562
4.43981 533.87
4.44555 1679.2
4.45128 7128.66
4.45702 5861.93
4.46276 4100.38
4.46849 2586.4
4.47423 753.518
4.47996 405.316
4.4857 238.743
4.49144 187.246
4.49717 169.841
4.50291 146.143
4.50865 136.859
4.51438 132.712
4.52012 119.709
4.52585 108.453
4.53159 107.912
4.53733 95.6714
4.54306 83.2
4.5488 79.597
4.55454 78.6842
4.56027 71.9125
4.56601 67.0676
4.57174 75.0962
4.57748 60.7179
4.58322 54.359
4.58895 51.806
4.59469 44.9344
4.60042 49.7595
4.60616 47.0267
4.6119 44.8
4.61763 42.4217
4.62337 41.5325
4.62911 41.6349
4.63484 41.9219
4.64058 40.2683
4.64631 37.5972
4.65205 36.375
4.65779 38.3
4.66352 38.5513
4.66926 35.7705
4.675 40.2254
4.68073 35.359
4.68647 33.9315
4.6922 34.1552
4.69794 30.5556
4.70368 34.039
4.70941 33.8
4.71515 34.2471
4.72088 34.1013
4.72662 32.7391
4.73236 31.1905
4.73809 31.0732
4.74383 33.0897
4.74957 31.7115
4.7553 33.6905
4.76104 31.3875
4.76677 33.2687
4.77251 33.2462
4.77825 29.7927
4.78398 25.52
4.78972 28.9107
4.79546 27.3059
4.80119 29.557
4.80693 27.9538
4.81266 26.7571
4.8184 30.7738
4.82414 25.5068
4.82987 26.8361
4.83561 25.3452
4.84134 28.0875
4.84708 27.5849
4.85282 28.8353
4.85855 29.6098
4.86429 32.507
4.87003 24.6557
4.87576 25.7931
4.8815 24.2025
4.88723 25.537
4.89297 26.2118
4.89871 23.3614
4.90444 22.6056
4.91018 24.9242
4.91592 24.4167
4.92165 23.7342
4.92739 23.2632
4.93312 23.1163
4.93886 27.631
4.9446 24.8358
4.95033 22.4085
4.95607 23.314
4.9618 21.961
4.96754 21.9153
4.97328 21.4943
4.97901 23.1325
4.98475 23.4098
4.99049 23.8205
4.99622 25.9885
5.00196 22.4932
5.00769 26.9206
5.01343 24.8182
5.01917 27.0843
5.0249 20.7547
5.03064 25.7111
5.03638 25.1279
5.04211 19.36
5.04785 24.2462
5.05358 23.2209
5.05932 26.5185
5.06506 21.5
5.07079 22.382
5.07653 22.4368
5.08226 22.169
5.088 20.9286
5.09374 26.0444
5.09947 23.1039
5.10521 18.9683
5.11095 23.5444
5.11668 22.2235
5.12242 24.2121
5.12815 23.4805
5.13389 19.8
5.13963 21.5325
5.14536 19.6557
5.1511 24.0217
5.15684 24.0964
5.16257 23.1429
5.16831 23.4762
5.17404 25.0787
5.17978 21.2338
5.18552 24.2273
5.19125 23.1111
5.19699 19.9759
5.20272 23.6949
5.20846 22.7391
5.2142 24.236
5.21993 22.8947
5.22567 20.9855
5.23141 22.6413
5.23714 22.3086
5.24288 23.082
5.24861 22.871
5.25435 22.764
5.26009 22.6338
5.26582 23.4211
5.27156 22.8791
5.2773 22.2532
5.28303 19.4615
5.28877 21.734
5.2945 22.4828
5.30024 20.5417
5.30598 24.2025
5.31171 25.6067
5.31745 23.2317
5.32318 22.6154
5.32892 24.617
5.33466 24.1724
5.34039 22.9242
5.34613 20.8488
5.35187 22.7582
5.3576 22.2222
5.36334 19.6364
5.36907 21.3021
5.37481 21.2118
5.38055 22.9344
5.38628 21.875
5.39202 19.033
5.39776 21.1625
5.40349 22.1831
5.40923 21.2188
5.41496 21.6049
5.4207 19.0317
5.42644 22.8061
5.43217 24.2472
5.43791 23.3797
5.44364 19.6622
5.44938 20.7938
5.45512 21.4444
5.46085 23.1364
5.46659 20.8878
5.47233 24.1236
5.47806 22.8553
5.4838 23.0247
5.48953 22.7957
5.49527 22.2976
5.50101 20.0746
5.50674 21.1122
5.51248 22.0562
5.51822 23.1622
5.52395 19.5663
5.52969 20.2903
5.53542 19.3882
5.54116 18.5147
5.5469 22.5152
5.55263 24.0562
5.55837 21.1944
5.5641 20.7753
5.56984 21.6344
5.57558 22.6071
5.58131 22.4521
5.58705 18.6566
5.59279 22.3636
5.59852 21.4921
5.60426 11.83
5.60999 21.9355
5.61573 19.5
5.62147 20.2105
5.6272 23.4742
5.63294 19.1954
5.63868 27.3788
5.64441 24.6436
5.65015 22.1505
5.65588 25.3095
5.66162 22.6494
5.66736 21.4848
5.67309 20.0116
5.67883 18.7826
5.68456 21.7921
5.6903 22.0556
5.69604 22.0976
5.70177 22.3494
5.70751 22.5789
5.71325 22.9318
5.71898 20.7361
5.72472 22.0808
5.73045 20.6452
5.73619 20.5949
5.74193 22.2472
5.74766 22.8211
5.7534 21.25
5.75914 22.3944
5.76487 21.1881
5.77061 25.766
5.77634 24.9872
5.78208 27.5955
5.78782 24.7732
5.79355 25.2326
5.79929 27.6133
5.80502 24.8614
5.81076 21.8925
5.8165 24.7067
5.82223 24.5521
5.82797 22.8454
5.83371 24.6279
5.83944 24.6329
5.84518 23.1212
5.85091 23.1042
5.85665 22.9538
5.86239 24.8667
5.86812 23.0102
5.87386 22.6163
5.8796 26.9747
5.88533 24.3564
5.89107 26.0543
5.8968 25.058
5.90254 25.4952
5.90828 21.8081
5.91401 26.8353
5.91975 25.1463
5.92548 24.3131
5.93122 26.6489
5.93696 21.9726
5.94269 27.1048
5.94843 25.1979
5.95417 26.0114
5.9599 25.7294
5.96564 25.2727
5.97137 25.2553
5.97711 26.0411
5.98285 25.8641
5.98858 29.5204
5.99432 28.2588
6.00006 27.4444
6.00579 27.9394
6.01153 28.5484
6.01726 29.76
6.023 30.4762
6.02874 30.0729
6.03447 29.5909
6.04021 26.9889
6.04594 28.8878
6.05168 28.0729
6.05742 28.2078
6.06315 27.0857
6.06889 26.2604
6.07463 31.3333
6.08036 27.1489
6.0861 29.3776
6.09183 29.4433
6.09757 29.859
6.10331 32.5238
6.10904 31.2917
6.11478 32.2093
6.12052 26.7188
6.12625 30.49
6.13199 28.0213
6.13772 32.5488
6.14346 31.0882
6.1492 30.2
6.15493 31.175
6.16067 31.3333
6.1664 31.9694
6.17214 31.0851
6.17788 33.2381
6.18361 31.8252
6.18935 35.1111
6.19509 32
6.20082 36.578
6.20656 35.598
6.21229 39.0938
6.21803 37.6707
6.22377 38.7736
6.2295 38.74
6.23524 41.3067
6.24098 39.8349
6.24671 40.0882
6.25245 42.5426
6.25818 38.2674
6.26392 41.6863
6.26966 45.5784
6.27539 43.7237
6.28113 44.4037
6.28686 49.396
6.2926 50.5625
6.29834 60.7955
6.30407 81
6.30981 113.569
6.31555 429.474
6.32128 1242.01
6.32702 533.933
6.33275 370.823
6.33849 171.068
6.34423 85.2788
6.34996 76.2647
6.3557 79.0513
6.36144 70.8333
6.36717 73.4762
6.37291 79
6.37864 81.5778
6.38438 81.9434
6.39012 77.902
6.39585 70.225
6.40159 69.4259
6.40732 58.4074
6.41306 53.9681
6.4188 50.9674
6.42453 46.8491
6.43027 46.3922
6.43601 43.1098
6.44174 42.3396
6.44748 40.3981
6.45321 39.3298
6.45895 39.9891
6.46469 40.5619
6.47042 37.7476
6.47616 36.381
6.4819 36.6636
6.48763 37.0833
6.49337 35.4946
6.4991 37.8
6.50484 34.3333
6.51058 37.4608
6.51631 34.4881
6.52205 32.5
6.52778 32.3333
6.53352 31.9674
6.53926 33.5729
6.54499 29.8704
6.55073 32.6408
6.55647 33.0952
6.5622 35
6.56794 34.4907
6.57367 32.4516
6.57941 32.5158
6.58515 34.0179
6.59088 34.3269
6.59662 33.7381
6.60236 35.6754
6.60809 33.1792
6.61383 34.828
6.61956 33.6289
6.6253 35.3304
6.63104 33.4118
6.63677 32.3953
6.64251 31.2544
6.64824 34.6822
6.65398 28.6044
6.65972 29.8725
6.66545 30.9732
6.67119 32.9615
6.67693 32.9884
6.68266 30.1034
6.6884 30.8333
6.69413 34.8681
6.69987 30.7282
6.70561 30.8214
6.71134 31.5962
6.71708 28.6591
6.72282 32.9386
6.72855 32.1481
6.73429 31.0225
6.74002 34.0283
6.74576 30.2
6.7515 33.2039
6.75723 28.7416
6.76297 27.2069
6.7687 31.1964
6.77444 29.1798
6.78018 32.1905
6.78591 29.0517
6.79165 31.4299
6.79739 29.8506
6.80312 28.0088
6.80886 29.1518
6.81459 31.4506
6.82033 30.4762
6.82607 29.2328
6.8318 30.2286
6.83754 31.5
6.84328 30.7034
6.84901 26.5714
6.85475 26.1429
6.86048 30.7431
6.86622 32.0603
6.87196 30.8411
6.87769 29.1149
6.88343 30.6864
6.88916 29.7368
6.8949 30.7126
6.90064 29.7965
6.90637 30.9649
6.91211 27.271
6.91785 31.7816
6.92358 33.5372
6.92932 32.1062
6.93505 31.7753
6.94079 30.6726
6.94653 31.9741
6.95226 33.1308
6.958 29.2857
6.96374 31.0583
6.96947 30.5439
6.97521 31.2857
6.98094 29.6126
6.98668 31.6293
6.99242 31.9633
6.99815 29.9438
7.00389 31.2167
7.00962 31.8017
7.01536 29.6593
7.0211 28.1909
7.02683 33.0492
7.03257 31.514
7.03831 31.6344
7.04404 28.7049
7.04978 31.7652
7.05551 28.1383
7.06125 30.2477
7.06699 31.8115
7.07272 28.9541
7.07846 32.3933
7.0842 29.8934
7.08993 31.1897
7.09567 31.4409
7.1014 31.0619
7.10714 32.2269
7.11288 30.9725
7.11861 29.5161
7.12435 34.2742
7.13008 33.7179
7.13582 31.6875
7.14156 33.3694
7.14729 34.8833
7.15303 31.1193
7.15877 30.2151
7.1645 34.75
7.17024 35.1429
7.17597 33.5408
7.18171 35.1869
7.18745 32.1311
7.19318 32.7477
7.19892 31.5934
7.20466 31.6614
7.21039 34.2821
7.21613 32.92
7.22186 33.4037
7.2276 33.0476
7.23334 34.7838
7.23907 35.4176
7.24481 32.5714
7.25054 34.2941
7.25628 35.78
7.26202 33.7748
7.26775 31.4918
7.27349 35.7838
7.27923 37.4194
7.28496 35.6508
7.2907 35.6555
7.29643 33.6796
7.30217 32.7982
7.30791 33.9758
7.31364 34.2906
7.31938 37.8989
7.32512 36.0385
7.33085 38.3719
7.33659 35.8462
7.34232 39.6952
7.34806 38.8692
7.3538 37.3604
7.35953 35.086
7.36527 41.7344
7.371 41.0165
7.37674 40.8269
7.38248 44.0183
7.38821 51.6
7.39395 50.4741
7.39969 62.4839
7.40542 97.7692
7.41116 133.537
7.41689 170.236
7.42263 85.3645
7.42837 69.7936
7.4341 60.6975
7.43984 53.7079
7.44558 51.9701
7.45131 54.8347
7.45705 57.4636
7.46278 57.1748
7.46852 60.7077
7.47426 67.5983
7.47999 67.6333
7.48573 70.2121
7.49146 65.152
7.4972 63.5455
7.50294 59.2617
7.50867 57.5312
7.51441 50.4454
7.52015 52.2088
7.52588 48.6212
7.53162 45.144
7.53735 42.5357
7.54309 39.6214
7.54883 40.9924
7.55456 39.395
7.5603 40.9326
7.56604 37.9254
7.57177 36.104
7.57751 36.5172
7.58324 35.9709
7.58898 36.1069
7.59472 38.2049
7.60045 37.29
7.60619 34.5041
7.61192 33.5581
7.61766 34.4138
7.6234 32.7921
7.62913 36.4621
7.63487 35.1736
7.64061 35.4706
7.64634 34.0406
7.65208 34.0155
7.65781 36
7.66355 34.8469
7.66929 35.2519
7.67502 35.9355
7.68076 39.9906
7.6865 37.3361
7.69223 37.7786
7.69797 35.0763
7.7037 35.4356
7.70944 37.2836
7.71518 37.9187
7.72091 39.1455
7.72665 42.188
7.73238 46.3488
7.73812 57.1803
7.74386 73.8144
7.74959 68.8986
7.75533 50.04
7.76107 38.9464
7.7668 41.0609
7.77254 41.9924
7.77827 39.3197
7.78401 38.6061
7.78975 41.2074
7.79548 40.0391
7.80122 38.9741
7.80696 37.973
7.81269 39.9323
7.81843 41.1532
7.82416 43.0211
7.8299 42.1143
7.83564 39.6929
7.84137 35.7069
7.84711 35.9369
7.85284 33.9237
7.85858 35.5234
7.86432 33.6289
7.87005 34.2158
7.87579 32.5078
7.88153 33.2295
7.88726 29.7103
7.893 32.4593
7.89873 30.7188
7.90447 31.8922
7.91021 31.406
7.91594 29.6336
7.92168 29.9
7.92742 27.6476
7.93315 30.2701
7.93889 27.3571
7.94462 31.4123
7.95036 31.0164
7.9561 29.3939
7.96183 29.5952
7.96757 30.9429
7.9733 28.6569
7.97904 30.8
7.98478 31.4911
7.99051 26.192
7.99625 28.8271
8.00199 27.25
8.00772 27.3663
8.01346 26.3094
8.01919 27.9318
8.02493 27.4576
8.03067 27.614
8.0364 28.4118
8.04214 29.6406
8.04788 26.7379
8.05361 26.9928
8.05935 27.4779
8.06508 28.0508
8.07082 31.4444
8.07656 26.3796
8.08229 25.0547
8.08803 25.596
8.09376 25.042
8.0995 25.053
8.10524 27.4426
8.11097 27.0796
8.11671 26.6277
8.12245 25.9535
8.12818 24.1429
8.13392 24.9545
8.13965 22.7899
8.14539 27.4839
8.15113 22.8739
8.15686 17.2117
8.1626 22.3106
8.16834 18.822
8.17407 19.6032
8.17981 18.0373
8.18554 14.5308
8.19128 17.1308
8.19702 15.7698
8.20275 14.1493
8.20849 11.6441
8.21422 13.5242
8.21996 11.9565
8.2257 11.0938
8.23143 11.3364
8.23717 8.67832
8.24291 6.85185
8.24864 11.0727
8.25438 5.07895
8.26011 8.31579
8.26585 6.55556
8.27159 0
8.27732 0
8.28306 0
8.2888 0
8.29453 0
8.30027 0
8.306 0
8.31174 0
8.31748 0
8.32321 0
8.32895 0
8.33468 0
8.34042 0
8.34616 0
8.35189 0
8.35763 0
8.36337 0
8.3691 0
8.37484 0
8.38057 0
8.38631 0
8.39205 0
8.39778 0
8.40352 0
8.40926 0
8.41499 0
8.42073 0
8.42646 0
8.4322 0
8.43794 0
8.44367 0
8.44941 0
8.45514 0
8.46088 0
8.46662 0
8.47235 0
8.47809 0
8.48383 0
8.48956 0
8.4953 0
8.50103 0
8.50677 0
8.51251 0
8.51824 0
8.52398 0
8.52972 0
8.53545 0
8.54119 0
8.54692 0
8.55266 0
8.5584 0
8.56413 0
8.56987 0
8.5756 0
8.58134 0
8.58708 0
8.59281 0
8.59855 0
8.60429 0
8.61002 0
8.61576 0
8.62149 0
8.62723 0
8.63297 0
8.6387 0
8.64444 0
8.65018 0
8.65591 0
8.66165 0
8.66738 0
8.67312 0
8.67886 0
8.68459 0
8.69033 0
8.69606 0
8.7018 0
8.70754 0
8.71327 0
8.71901 0
8.72475 0
8.73048 0
8.73622 0
8.74195 0
8.74769 0
8.75343 0
8.75916 0
8.7649 0
8.77064 0
8.77637 0
8.78211 0
8.78784 0
8.79358 0
8.79932 0
8.80505 0
8.81079 0
8.81652 0
8.82226 0
8.828 0
8.83373 0
8.83947 0
8.84521 0
8.85094 0
8.85668 0
8.86241 0
8.86815 0
8.87389 0
8.87962 0
8.88536 0
8.8911 0
8.89683 0
8.90257 0
8.9083 0
8.91404 0
8.91978 0
8.92551 0
8.93125 0
8.93698 0
8.94272 0
8.94846 0
8.95419 0
8.95993 0
8.96567 0
8.9714 0
8.97714 0
8.98287 0
8.98861 0
8.99435 0
9.00008 0
9.00582 0
9.01156 0
9.01729 0
9.02303 0
9.02876 0
9.0345 0
9.04024 0
9.04597 0
9.05171 0
9.05744 0
9.06318 0
9.06892 0
9.07465 0
9.08039 0
9.08613 0
9.09186 0
9.0976 0
9.10333 0
9.10907 0
9.11481 0
9.12054 0
9.12628 0
9.13202 0
9.13775 0
9.14349 0
9.14922 0
9.15496 0
9.1607 0
9.16643 0
9.17217 0
9.1779 0
9.18364 0
9.18938 0
9.19511 0
9.20085 0
9.20659 0
9.21232 0
9.21806 0
9.22379 0
9.22953 0
9.23527 0
9.241 0
9.24674 0
9.25248 0
9.25821 0
9.26395 0
9.26968 0
9.27542 0
9.28116 0
9.28689 0
9.29263 0
9.29836 0
9.3041 0
9.30984 0
9.31557 0
9.32131 0
9.32705 0
9.33278 0
9.33852 0
9.34425 0
9.34999 0
9.35573 0
9.36146 0
9.3672 0
9.37294 0
9.37867 0
9.38441 0
9.39014 0
9.39588 0
9.40162 0
9.40735 0
9.41309 0
9.41882 0
9.42456 0
9.4303 0
9.43603 0
9.44177 0
9.44751 0
9.45324 0
9.45898 0
9.46471 0
9.47045 0
9.47619 0
9.48192 0
9.48766 0
9.4934 0
9.49913 0
9.50487 0
9.5106 0
9.51634 0
9.52208 0
9.52781 0
9.53355 0
9.53928 0
9.54502 0
9.55076 0
9.55649 0
9.56223 0
9.56797 0
9.5737 0
9.57944 0
9.58517 0
9.59091 0
9.59665 0
9.60238 0
9.60812 0
9.61386 0
9.61959 0
9.62533 0
9.63106 0
9.6368 0
9.64254 0
9.64827 0
9.65401 0
9.65974 0
9.66548 0
9.67122 0
9.67695 0
9.68269 0
9.68843 0
9.69416 0
9.6999 0
9.70563 0
9.71137 0
9.71711 0
9.72284 0
9.72858 0
9.73432 0
9.74005 0
9.74579 0
9.75152 0
9.75726 0
9.763 0
9.76873 0
9.77447 0
9.7802 0
9.78594 0
9.79168 0
9.79741 0
9.80315 0
9.80889 0
9.81462 0
9.82036 0
9.82609 0
9.83183 0
9.83757 0
9.8433 0
9.84904 0
9.85478 0
9.86051 0
9.86625 0
9.87198 0
9.87772 0
9.88346 0
9.88919 0
9.89493 0
9.90066 0
9.9064 0
9.91214 0
9.91787 0
9.92361 0
9.92935 0
9.93508 0
9.94082 0
9.94655 0
9.95229 0
9.95803 0
9.96376 0
9.9695 0
9.97524 0
9.98097 0
9.98671 0
9.99244 0
9.99818 0
10.0039 0
10.0097 0
10.0154 0
10.0211 0
10.0269 0
10.0326 0
10.0383 0
10.0441 0
10.0498 0
10.0555 0
10.0613 0
10.067 0
10.0728 0
10.0785 0
10.0842 0
10.09 0
10.0957 0
10.1014 0
10.1072 0
10.1129 0
10.1186 0
10.1244 0
10.1301 0
10.1358 0
10.1416 0
10.1473 0
10.1531 0
10.1588 0
10.1645 0
10.1703 0
10.176 0
10.1817 0
10.1875 0
10.1932 0
10.1989 0
10.2047 0
10.2104 0
10.2162 0
10.2219 0
10.2276 0
10.2334 0
10.2391 0
10.2448 0
10.2506 0
10.2563 0
10.262 0
10.2678 0
10.2735 0
10.2793 0
10.285 0
10.2907 0
10.2965 0
10.3022 0
10.3079 0
10.3137 0
10.3194 0
10.3251 0
10.3309 0
10.3366 0
10.3424 0
10.3481 0
10.3538 0
10.3596 0
10.3653 0
10.371 0
10.3768 0
10.3825 0
10.3882 0
10.394 0
10.3997 0
10.4054 0
10.4112 0
10.4169 0
10.4227 0
10.4284 0
10.4341 0
10.4399 0
10.4456 0
10.4513 0
10.4571 0
10.4628 0
10.4685 0
10.4743 0
10.48 0
10.4858 0
10.4915 0
10.4972 0
10.503 0
10.5087 0
10.5144 0
10.5202 0
10.5259 0
10.5316 0
10.5374 0
10.5431 0
10.5489 0
10.5546 0
10.5603 0
10.5661 0
10.5718 0
10.5775 0
10.5833 0
10.589 0
10.5947 0
10.6005 0
10.6062 0
10.612 0
10.6177 0
10.6234 0
10.6292 0
10.6349 0
10.6406 0
10.6464 0
10.6521 0
10.6578 0
10.6636 0
10.6693 0
10.6751 0
10.6808 0
10.6865 0
10.6923 0
10.698 0
10.7037 0
10.7095 0
10.7152 0
10.7209 0
10.7267 0
10.7324 0
10.7381 0
10.7439 0
10.7496 0
10.7554 0
10.7611 0
10.7668 0
10.7726 0
10.7783 0
10.784 0
10.7898 0
10.7955 0
10.8012 0
10.807 0
10.8127 0
10.8185 0
10.8242 0
10.8299 0
10.8357 0
10.8414 0
10.8471 0
10.8529 0
10.8586 0
10.8643 0
10.8701 0
10.8758 0
10.8816 0
10.8873 0
10.893 0
10.8988 0
10.9045 0
10.9102 0
10.916 0
10.9217 0
10.9274 0
10.9332 0
10.9389 0
10.9447 0
10.9504 0
10.9561 0
10.9619 0
10.9676 0
10.9733 0
10.9791 0
10.9848 0
10.9905 0
10.9963 0
11.002 0
11.0077 0
11.0135 0
11.0192 0
11.025 0
11.0307 0
11.0364 0
11.0422 0
11.0479 0
11.0536 0
11.0594 0
11.0651 0
11.0708 0
11.0766 0
11.0823 0
11.0881 0
11.0938 0
11.0995 0
11.1053 0
11.111 0
11.1167 0
11.1225 0
11.1282 0
11.1339 0
11.1397 0
11.1454 0
11.1512 0
11.1569 0
11.1626 0
11.1684 0
11.1741 0
11.1798 0
11.1856 0
11.1913 0
11.197 0
11.2028 0
11.2085 0
11.2143 0
11.22 0
11.2257 0
11.2315 0
11.2372 0
11.2429 0
11.2487 0
11.2544 0
11.2601 0
11.2659 0
11.2716 0
11.2774 0
11.2831 0
11.2888 0
11.2946 0
11.3003 0
11.306 0
11.3118 0
11.3175 0
11.3232 0
11.329 0
11.3347 0
11.3404 0
11.3462 0
11.3519 0
11.3577 0
11.3634 0
11.3691 0
11.3749 0
11.3806 0
11.3863 0
11.3921 0
11.3978 0
11.4035 0
11.4093 0
11.415 0
11.4208 0
11.4265 0
11.4322 0
11.438 0
11.4437 0
11.4494 0
11.4552 0
11.4609 0
11.4666 0
11.4724 0
11.4781 0
11.4839 0
11.4896 0
11.4953 0
11.5011 0
11.5068 0
11.5125 0
11.5183 0
11.524 0
11.5297 0
11.5355 0
11.5412 0
11.547 0
11.5527 0
11.5584 0
11.5642 0
11.5699 0
11.5756 0
11.5814 0
11.5871 0
11.5928 0
11.5986 0
11.6043 0
11.61 0
11.6158 0
11.6215 0
11.6273 0
11.633 0
11.6387 0
11.6445 0
11.6502 0
11.6559 0
11.6617 0
11.6674 0
11.6731 0
11.6789 0
11.6846 0
11.6904 0
11.6961 0
11.7018 0
11.7076 0
11.7133 0
11.719 0
11.7248 0
11.7305 0
11.7362 0
11.742 0
