0 23
0.00573619 15
0.0114724 0
0.0172086 0
0.0229448 13
0.028681 22
0.0344171 0
0.0401533 0
0.0458895 23
0.0516257 20
0.0573619 0
0.0630981 3
0.0688343 12
0.0745705 0
0.0803067 6
0.0860429 4
0.091779 0
0.0975152 -26
0.103251 -6
0.108988 -1
0.114724 0
0.12046 3.66667
0.126196 -11.6667
0.131932 0
0.137669 9
0.143405 0.666667
0.149141 8
0.154877 2.5
0.160613 5.33333
0.16635 5.33333
0.172086 0
0.177822 1.66667
0.183558 -8.2
0.189294 0
0.19503 1
0.200767 1.4
0.206503 10
0.212239 -5.5
0.217975 10.6
0.223711 -4.2
0.229448 0
0.235184 -8.4
0.24092 -3
0.246656 0
0.252392 -3
0.258129 9.6
0.263865 11
0.269601 0
0.275337 15.2
0.281073 14.2857
0.28681 0
0.292546 -2.71429
0.298282 18.8571
0.304018 -4.66667
0.309754 17
0.31549 14.5714
0.321227 18.8571
0.326963 0
0.332699 9.28571
0.338435 10.2857
0.344171 0
0.349908 9.57143
0.355644 7.57143
0.36138 -5.6
0.367116 15.5
0.372852 5
0.378589 5.57143
0.384325 -5
0.390061 2.44444
0.395797 4.33333
0.401533 0
0.40727 5.55556
0.413006 6.88889
0.418742 4.14286
0.424478 -15.5
0.430214 1
0.43595 4.33333
0.441687 0
0.447423 4.66667
0.453159 17.4444
0.458895 19.3333
0.464631 3.85714
0.470368 9.72727
0.476104 9.33333
0.48184 14
0.487576 13.8182
0.493312 16.1818
0.499049 0
0.504785 8.90909
0.510521 6.63636
0.516257 -1.2
0.521993 15.8333
0.52773 4.90909
0.533466 17
0.539202 33
0.544938 24.0909
0.550674 17.1818
0.55641 0
0.562147 18.3077
0.567883 11.8462
0.573619 20.4286
0.579355 8.5
0.585091 20.1538
0.590828 52.0909
0.596564 14
0.6023 244.692
0.608036 150.538
0.613772 36.6
0.619509 33
0.625245 11.9231
0.630981 13.4444
0.636717 25.25
0.642453 19.0769
0.64819 20.9231
0.653926 16
0.659662 14.4667
0.665398 3.13333
0.671134 9.57143
0.67687 13.25
0.682607 9.73333
0.688343 16.2727
0.694079 15.5
0.699815 7.13333
0.705551 11.3333
0.711288 0
0.717024 12.5714
0.72276 8.06667
0.728496 12.3333
0.734232 16.5
0.739969 10.5
0.745705 16.7692
0.751441 5.5
0.757177 15.4706
0.762913 8.47059
0.76865 7.8
0.774386 13.8333
0.780122 13.1176
0.785858 15
0.791594 7
0.79733 12.4706
0.803067 12.9333
0.808803 4.5
0.814539 13.2941
0.820275 8.82353
0.826011 3.77778
0.831748 10.25
0.837484 12
0.84322 3.15385
0.848956 13.3333
0.854692 12.8947
0.860429 13.7059
0.866165 10.4
0.871901 13.625
0.877637 19.3684
0.883373 6.45455
0.88911 8.875
0.894846 11
0.900582 9.73333
0.906318 21.75
0.912054 15.2632
0.91779 0.764706
0.923527 16
0.929263 6.76923
0.934999 9.85714
0.940735 11.6923
0.946471 -1.25
0.952208 12.0952
0.957944 9.05882
0.96368 21.5
0.969416 12.4286
0.975152 21.1579
0.980889 6.18182
0.986625 10.0833
0.992361 9.80952
0.998097 6.4
1.00383 5.66667
1.00957 10.0952
1.01531 10.4706
1.02104 11.3
1.02678 14.7647
1.03251 11.0952
1.03825 9
1.04399 12.5
1.04972 10.3478
1.05546 13.1176
1.0612 11.6667
1.06693 13.3043
1.07267 7.73684
1.0784 9.23077
1.08414 12.7857
1.08988 10.4348
1.09561 9.8
1.10135 25.25
1.10708 4.73913
1.11282 13.7059
1.11856 1.57143
1.12429 7.92
1.13003 9.33333
1.13577 10.6
1.1415 11.5
1.14724 8
1.15297 1.53333
1.15871 19.1
1.16445 16.16
1.17018 8.31579
1.17592 7.76923
1.18166 7.94444
1.18739 13.4783
1.19313 18.0667
1.19886 14.8333
1.2046 13.84
1.21034 7.88889
1.21607 -1.77778
1.22181 9.40741
1.22754 10.9048
1.23328 6.47059
1.23902 13
1.24475 10.84
1.25049 2.64706
1.25623 11.5
1.26196 12.5926
1.2677 11.5263
1.27343 9.23077
1.27917 6.5
1.28491 7.3913
1.29064 3.76471
1.29638 5.71429
1.30212 5.7037
1.30785 6.94444
1.31359 7
1.31932 4.27586
1.32506 17.9048
1.3308 5.94118
1.33653 7.1
1.34227 9.48
1.348 9.10526
1.35374 3
1.35948 10.2963
1.36521 7.61905
1.37095 9.4
1.37669 14.3103
1.38242 12.9565
1.38816 7.29412
1.39389 12.5263
1.39963 9.22222
1.40537 3.4
1.4111 7.57143
1.41684 10.9655
1.42258 14.7826
1.42831 13.1176
1.43405 5.58333
1.43978 6.84
1.44552 10.9048
1.45126 18.125
1.45699 9.75862
1.46273 3.38095
1.46846 13.5833
1.4742 7.90323
1.47994 8.26087
1.48567 4.5
1.49141 12.5238
1.49715 9.48148
1.50288 6.21739
1.50862 6.625
1.51435 7.93103
1.52009 15.2
1.52583 13.6667
1.53156 15.2
1.5373 7.4
1.54304 2.90476
1.54877 7.95
1.55451 11.6897
1.56024 6.13043
1.56598 8.78571
1.57172 6.54839
1.57745 11.16
1.58319 10.45
1.58892 7.96
1.59466 5.07407
1.6004 8.64
1.60613 2.61111
1.61187 11.2258
1.61761 9.08
1.62334 12.5
1.62908 12.3939
1.63481 9.48148
1.64055 7.21739
1.64629 6.72727
1.65202 8.10345
1.65776 3.96
1.6635 12.6875
1.66923 8.12903
1.67497 9.28571
1.6807 9.15
1.68644 9.10714
1.69218 15.6207
1.69791 8.36
1.70365 7.27273
1.70938 15.4839
1.71512 5.51852
1.72086 11.0625
1.72659 10.0909
1.73233 8.2069
1.73807 15.087
1.7438 13.6154
1.74954 11.5517
1.75527 9.03704
1.76101 11.6842
1.76675 5.42424
1.77248 6.82143
1.77822 10.75
1.78396 14.7333
1.78969 10.3871
1.79543 13
1.80116 12.2083
1.8069 14.0323
1.81264 10.2414
1.81837 13.0556
1.82411 11.4571
1.82984 9.75862
1.83558 15.16
1.84132 13.2308
1.84705 8.48387
1.85279 11.9259
1.85853 11.2174
1.86426 9.48485
1.87 13.5667
1.87573 9.22222
1.88147 10.3714
1.88721 12.2121
1.89294 11
1.89868 12.9231
1.90442 12.6061
1.91015 11.5806
1.91589 15
1.92162 17.8286
1.92736 10.9355
1.9331 12.92
1.93883 11.9643
1.94457 12.2424
1.9503 12.3
1.95604 11.25
1.96178 12
1.96751 9.96875
1.97325 16.3
1.97899 11.7568
1.98472 7.81818
1.99046 15.3103
1.99619 6.69231
2.00193 13.6571
2.00767 11.0968
2.0134 7.75
2.01914 14.0286
2.02488 6.54545
2.03061 15.92
2.03635 8.71875
2.04208 11.6176
2.04782 14.0312
2.05356 11.6667
2.05929 13.1111
2.06503 15.8571
2.07076 15.5455
2.0765 14
2.08224 11.2857
2.08797 17.1724
2.09371 18.5
2.09945 16.4865
2.10518 11.7273
2.11092 14.9583
2.11665 13.7027
2.12239 13.2
2.12813 16.5652
2.13386 17.4444
2.1396 14.3889
2.14534 16.3438
2.15107 17.6538
2.15681 15.1316
2.16254 13.0541
2.16828 16
2.17402 17.4872
2.17975 20
2.18549 11.6452
2.19122 17.3667
2.19696 17
2.2027 11.2571
2.20843 16.75
2.21417 23.5641
2.21991 54.0541
2.22564 30.0455
2.23138 51.65
2.23711 33.2105
2.24285 18.0294
2.24859 16.8214
2.25432 11.359
2.26006 11.1538
2.2658 20.4545
2.27153 9.97561
2.27727 13.1795
2.283 17.0645
2.28874 10.7188
2.29448 18.0513
2.30021 14.0541
2.30595 12
2.31168 14.2564
2.31742 13
2.32316 15.2273
2.32889 14.7381
2.33463 15.75
2.34037 14.4444
2.3461 15.3571
2.35184 13.0698
2.35757 12.8919
2.36331 17.6154
2.36905 14.2927
2.37478 15.0488
2.38052 12.4516
2.38626 13.1176
2.39199 15.7209
2.39773 15.2162
2.40346 10.1154
2.4092 14.0465
2.41494 17.075
2.42067 16.1818
2.42641 13.6136
2.43214 17.7857
2.43788 10.8286
2.44362 13.75
2.44935 15.8
2.45509 11.0769
2.46083 8.11539
2.46656 17.5778
2.4723 17.561
2.47803 17.7931
2.48377 13.575
2.48951 17.9767
2.49524 14.1282
2.50098 17.3462
2.50672 9.63043
2.51245 11.7619
2.51819 10.5
2.52392 11
2.52966 16.3182
2.5354 19.0909
2.54113 16.5278
2.54687 16.2
2.5526 17.2195
2.55834 16.2308
2.56408 15.5106
2.56981 17.9767
2.57555 14.5172
2.58129 13.8571
2.58702 16.0667
2.59276 14.027
2.59849 11.0625
2.60423 16.6304
2.60997 12.8409
2.6157 18.75
2.62144 10.75
2.62718 14.8936
2.63291 16.0286
2.63865 14.3611
2.64438 19.2979
2.65012 15.6098
2.65586 14.1333
2.66159 17.3617
2.66733 11.6889
2.67306 11
2.6788 15.2708
2.68454 15.5319
2.69027 13.8462
2.69601 15.4242
2.70175 14.8958
2.70748 15.7556
2.71322 16
2.71895 18.0625
2.72469 13.8776
2.73043 14.3714
2.73616 19.9474
2.7419 14.0204
2.74764 16.4651
2.75337 20.0667
2.75911 15.4694
2.76484 16.3469
2.77058 11.9167
2.77632 17.3469
2.78205 14.48
2.78779 10.8462
2.79352 16.8571
2.79926 18.7115
2.805 15.5111
2.81073 14.7407
2.81647 15.5094
2.82221 14.0612
2.82794 11.1081
2.83368 10.3158
2.83941 14.3585
2.84515 14.878
2.85089 15.5
2.85662 16.1132
2.86236 21.7347
2.8681 14.875
2.87383 14.3396
2.87957 17.8
2.8853 15
2.89104 15.4865
2.89678 18.5962
2.90251 14.2
2.90825 13.8966
2.91398 17.2
2.91972 15.3725
2.92546 21.5946
2.93119 14.0238
2.93693 19.0755
2.94267 15.3778
2.9484 19.5625
2.95414 17.0943
2.95987 20.1837
2.96561 15.4231
2.97135 13.3571
2.97708 16.2963
2.98282 21.5641
2.98856 19.3333
2.99429 17.9444
3.00003 21.2128
3.00576 20
3.0115 17.7091
3.01724 17.2264
3.02297 16.9459
3.02871 20.3182
3.03444 19.3091
3.04018 13.8444
3.04592 15.0294
3.05165 20.5091
3.05739 21.8235
3.06313 21.8621
3.06886 17.6429
3.0746 20.5273
3.08033 16.1818
3.08607 14.8378
3.09181 17.125
3.09754 20.8367
3.10328 22.4688
3.10902 18.8136
3.11475 17.3774
3.12049 19.4103
3.12622 21.3913
3.13196 21.2909
3.1377 16.0426
3.14343 22.8611
3.14917 22.0877
3.1549 21.902
3.16064 27
3.16638 22.6333
3.17211 21.1273
3.17785 22.7273
3.18359 21.7317
3.18932 22.0339
3.19506 19.9184
3.20079 21.0294
3.20653 19.7119
3.21227 23.283
3.218 23.6341
3.22374 18.75
3.22948 21.7966
3.23521 25.9333
3.24095 25.0263
3.24668 23.9833
3.25242 22.6226
3.25816 20
3.26389 17.807
3.26963 20.5789
3.27536 22.413
3.2811 24.1463
3.28684 19.9836
3.29257 26.2041
3.29831 22.7222
3.30405 23.619
3.30978 26.3818
3.31552 24
3.32125 20.8958
3.32699 23.3158
3.33273 22.451
3.33846 19.9211
3.3442 24.371
3.34994 25.2745
3.35567 25.9737
3.36141 24.0678
3.36714 25.1228
3.37288 22.2083
3.37862 26.6364
3.38435 24.4098
3.39009 23.3774
3.39582 25.7778
3.40156 26.4127
3.4073 24.1273
3.41303 22.2979
3.41877 27.25
3.42451 28.0492
3.43024 27.3265
3.43598 27.5854
3.44171 26.7619
3.44745 26.5536
3.45319 21.6667
3.45892 26.9273
3.46466 27.5085
3.4704 28.92
3.47613 28.1591
3.48187 27.7937
3.4876 25.8868
3.49334 26.2105
3.49908 24.8507
3.50481 26.2807
3.51055 24.617
3.51628 26.68
3.52202 24.8197
3.52776 27.2037
3.53349 28.7317
3.53923 31.5692
3.54497 31.3704
3.5507 28.8958
3.55644 33.2727
3.56217 34.2881
3.56791 30.7925
3.57365 28.2826
3.57938 33.0923
3.58512 31.1091
3.59086 29.3684
3.59659 29.2687
3.60233 28.9831
3.60806 31.1765
3.6138 31.9792
3.61954 36.4921
3.62527 37.375
3.63101 38.6585
3.63674 33.8209
3.64248 32.9483
3.64822 36.7708
3.65395 31.8772
3.65969 36.4918
3.66543 36.8727
3.67116 36.2391
3.6769 41.4286
3.68263 37.2951
3.68837 37.8421
3.69411 42.4638
3.69984 41.8983
3.70558 43.1887
3.71132 42.7843
3.71705 39.7846
3.72279 37.4464
3.72852 45.9767
3.73426 42.5224
3.74 42
3.74573 42.28
3.75147 45.6607
3.7572 46.127
3.76294 44.2373
3.76868 46.2045
3.77441 49.3582
3.78015 50.5254
3.78589 52.383
3.79162 49.2656
3.79736 52.7778
3.80309 53.7321
3.80883 54.4118
3.81457 52.2462
3.8203 59.6833
3.82604 67.1628
3.83178 60.7826
3.83751 68.6452
3.84325 73.5893
3.84898 83.2222
3.85472 139.905
3.86046 247.131
3.86619 194.413
3.87193 462.594
3.87766 244.115
3.8834 137
3.88914 166.35
3.89487 168.631
3.90061 185.6
3.90635 199.204
3.91208 195.731
3.91782 169.266
3.92355 152.707
3.92929 125.859
3.93503 100.562
3.94076 92.8305
3.9465 82.1111
3.95224 73.7761
3.95797 65.4127
3.96371 66.1304
3.96944 64.9718
3.97518 61.5079
3.98092 59.1455
3.98665 49
3.99239 51.4118
3.99812 52.4355
4.00386 55.2857
4.0096 49
4.01533 48.2812
4.02107 47.96
4.02681 48.0758
4.03254 51.5758
4.03828 50.7541
4.04401 50.6923
4.04975 49.6901
4.05549 49.1077
4.06122 53.1957
4.06696 48.5797
4.0727 45.7391
4.07843 45.15
4.08417 44.2679
4.0899 45.6471
4.09564 44.9062
4.10138 45.24
4.10711 46.1806
4.11285 42.7879
4.11858 46.8571
4.12432 47.2581
4.13006 40.7971
4.13579 42.0317
4.14153 44.6154
4.14727 46.1507
4.153 41.6567
4.15874 44.6364
4.16447 43.2877
4.17021 45.5915
4.17595 40.8064
4.18168 46.4643
4.18742 41.4857
4.19316 45.4697
4.19889 45.12
4.20463 44.2297
4.21036 43.3235
4.2161 43.4833
4.22184 45.931
4.22757 42.1233
4.23331 47.9851
4.23904 44.76
4.24478 44.52
4.25052 46.0145
4.25625 42.9818
4.26199 46.0781
4.26773 46.5278
4.27346 45.4848
4.2792 47.4286
4.28493 48.1667
4.29067 45.8
4.29641 50.1458
4.30214 46.7105
4.30788 68.7714
4.31362 195.185
4.31935 75.0357
4.32509 441.533
4.33082 148.348
4.33656 69.4
4.3423 57.9067
4.34803 63.2466
4.35377 59.9032
4.3595 61.15
4.36524 63.2432
4.37098 68.1714
4.37671 71.8704
4.38245 70.1351
4.38819 73.7917
4.39392 81.0351
4.39966 82.4058
4.40539 87.0833
4.41113 95.7101
4.41687 117.444
4.4226 124.156
4.42834 167.466
4.43408 358.396
4.43981 524.701
4.44555 1483.43
4.45128 6556.43
4.45702 6248.58
4.46276 3606.84
4.46849 2696.54
4.47423 781.167
4.47996 348.829
4.4857 209.851
4.49144 175.354
4.49717 154.254
4.50291 132.948
4.50865 128.535
4.51438 121.365
4.52012 114.228
4.52585 104.72
4.53159 97.5965
4.53733 95.3
4.54306 79.025
4.5488 75.2687
4.55454 75.4561
4.56027 67.9
4.56601 63.2973
4.57174 82.0385
4.57748 61.4487
4.58322 53.0641
4.58895 45.0746
4.59469 47.7541
4.60042 46.6076
4.60616 43.1067
4.6119 41.4
4.61763 42.0482
4.62337 38.4286
4.62911 36.7778
4.63484 38.3438
4.64058 38.8659
4.64631 39.3472
4.65205 38.6964
4.65779 35.6
4.66352 39.1667
4.66926 35.4754
4.675 37.4085
4.68073 31.3462
4.68647 32
4.6922 34.1552
4.69794 31.0741
4.70368 31.7273
4.70941 32.7
4.71515 29.2588
4.72088 29.6203
4.72662 32.9275
4.73236 30.8095
4.73809 29.8049
4.74383 32.7436
4.74957 29.6923
4.7553 27.5714
4.76104 29.725
4.76677 27.8358
4.77251 30.7077
4.77825 28.4512
4.78398 27.0933
4.78972 29.3929
4.79546 25.2471
4.80119 24.3924
4.80693 27.5692
4.81266 24.6286
4.8184 25.6548
4.82414 28.4384
4.82987 28.8525
4.83561 22.3095
4.84134 26.1875
4.84708 25.6981
4.85282 24.8706
4.85855 29.6463
4.86429 29.9296
4.87003 26.6721
4.87576 23.8621
4.8815 27.6835
4.88723 22
4.89297 25.2588
4.89871 25.4458
4.90444 22.0986
4.91018 22.4091
4.91592 25.4048
4.92165 24.5316
4.92739 22.7719
4.93312 23.7209
4.93886 27.6548
4.9446 24.2537
4.95033 22.0845
4.95607 24.3372
4.9618 23.8312
4.96754 25.3729
4.97328 23.0115
4.97901 24.4337
4.98475 25.4426
4.99049 24.8205
4.99622 26.023
5.00196 22.9452
5.00769 26.8571
5.01343 23.9545
5.01917 21.5542
5.0249 23.6792
5.03064 21.4111
5.03638 20.4535
5.04211 22.8533
5.04785 24.4154
5.05358 20.2558
5.05932 21.7284
5.06506 25.9655
5.07079 17.4157
5.07653 20.5057
5.08226 24.0563
5.088 20.2286
5.09374 21.3444
5.09947 23.5844
5.10521 19.9048
5.11095 19.6
5.11668 20.4235
5.12242 18.3636
5.12815 20.7922
5.13389 21.2111
5.13963 19.5974
5.14536 21.3443
5.1511 21.8804
5.15684 22.5181
5.16257 22.6825
5.16831 20.619
5.17404 17.9888
5.17978 22.8831
5.18552 21.4242
5.19125 20.4556
5.19699 18.8916
5.20272 19.2203
5.20846 19.1957
5.2142 21.5056
5.21993 24.4079
5.22567 20.942
5.23141 21.1413
5.23714 23.0741
5.24288 19.4754
5.24861 22.9892
5.25435 23.2135
5.26009 17.6901
5.26582 22.0263
5.27156 18.4945
5.2773 17.4684
5.28303 22.3077
5.28877 20.2766
5.2945 18.9195
5.30024 16.7361
5.30598 19.5443
5.31171 22.5393
5.31745 21.9268
5.32318 20.2923
5.32892 19.5638
5.33466 21.1379
5.34039 19.6364
5.34613 16.0698
5.35187 18.6374
5.3576 21.3704
5.36334 19.8636
5.36907 21.3646
5.37481 23.0588
5.38055 22.1803
5.38628 19.4688
5.39202 23.9011
5.39776 20.1
5.40349 22.2676
5.40923 20.5938
5.41496 17.1235
5.4207 17.4921
5.42644 21.3061
5.43217 17.2472
5.43791 18.2025
5.44364 20.1216
5.44938 20.2371
5.45512 20.4568
5.46085 19.7424
5.46659 20.4286
5.47233 21.2247
5.47806 22.3158
5.4838 23.0247
5.48953 15.8387
5.49527 20.869
5.50101 16.3582
5.50674 20.9082
5.51248 17.8652
5.51822 20.5
5.52395 19.0602
5.52969 19.2903
5.53542 17.6353
5.54116 18.5735
5.5469 18.5556
5.55263 19.427
5.55837 17.3056
5.5641 17.1011
5.56984 19.5591
5.57558 17.5119
5.58131 19.6986
5.58705 20.7778
5.59279 20.6136
5.59852 22.9206
5.60426 12.54
5.60999 16.1183
5.61573 18.7683
5.62147 18.7632
5.6272 20.5979
5.63294 21.1494
5.63868 19.3182
5.64441 21.1584
5.65015 21.8925
5.65588 20.2381
5.66162 19.6753
5.66736 22.3535
5.67309 19.8372
5.67883 22.7101
5.68456 20.099
5.6903 20.7778
5.69604 22.0122
5.70177 18.5663
5.70751 20
5.71325 22.1932
5.71898 20.4306
5.72472 20.0808
5.73045 20.3656
5.73619 24.2152
5.74193 19.4944
5.74766 20.3684
5.7534 19.4659
5.75914 19.0141
5.76487 17.9901
5.77061 22.0851
5.77634 18.4231
5.78208 19.4719
5.78782 23.5773
5.79355 22.4651
5.79929 22.2533
5.80502 21.2574
5.81076 23.6882
5.8165 21.2933
5.82223 23
5.82797 21.9588
5.83371 22.2093
5.83944 24.1266
5.84518 23.1313
5.85091 25.0729
5.85665 22.4
5.86239 20.0952
5.86812 22.551
5.87386 21.3372
5.8796 21.4177
5.88533 23.5743
5.89107 22.0109
5.8968 26.2319
5.90254 25.4857
5.90828 20.5657
5.91401 22.4118
5.91975 22.5976
5.92548 21.6263
5.93122 23.9468
5.93696 21.8493
5.94269 23.8095
5.94843 22.5833
5.95417 24.6136
5.9599 25.6471
5.96564 27.2929
5.97137 26.383
5.97711 21.9863
5.98285 25.3204
5.98858 26.102
5.99432 23.8
6.00006 23
6.00579 25.1616
6.01153 21.7312
6.01726 24.3333
6.023 25.619
6.02874 26.9583
6.03447 25.8523
6.04021 26.6111
6.04594 26.7959
6.05168 27.2188
6.05742 24.013
6.06315 24.981
6.06889 25.5417
6.07463 24.9643
6.08036 27.8617
6.0861 27.1327
6.09183 26.9072
6.09757 25.4231
6.10331 27.1905
6.10904 30.3542
6.11478 27.4767
6.12052 29.7083
6.12625 30.58
6.13199 27.3298
6.13772 29.2195
6.14346 27.049
6.1492 28.95
6.15493 30.7
6.16067 28.7255
6.1664 32.5102
6.17214 32.2128
6.17788 31.0595
6.18361 30.0971
6.18935 31
6.19509 30.2703
6.20082 34.6147
6.20656 33.6765
6.21229 34.6771
6.21803 31.9512
6.22377 34.7453
6.2295 35.1
6.23524 33.6667
6.24098 36
6.24671 37.5
6.25245 36.9894
6.25818 39.5698
6.26392 39.2059
6.26966 42.4216
6.27539 41.1579
6.28113 41.7523
6.28686 40.7426
6.2926 47.5833
6.29834 56.6932
6.30407 73.9423
6.30981 105.931
6.31555 407.692
6.32128 1192.7
6.32702 469.942
6.33275 350.708
6.33849 156.795
6.34423 74.2212
6.34996 68.7843
6.3557 72.2308
6.36144 65.7778
6.36717 67.7143
6.37291 71.5895
6.37864 73.9444
6.38438 72.5189
6.39012 73
6.39585 68.5875
6.40159 59.1944
6.40732 54.1944
6.41306 51.5213
6.4188 51.0217
6.42453 44.8868
6.43027 41.3824
6.43601 38.4512
6.44174 39.4717
6.44748 38.4815
6.45321 39.4043
6.45895 34.413
6.46469 37.1905
6.47042 36.0971
6.47616 35.0357
6.4819 32.0545
6.48763 35.0185
6.49337 34.9355
6.4991 32.7684
6.50484 30.4722
6.51058 32.8039
6.51631 34.8452
6.52205 33.2909
6.52778 30.1574
6.53352 29.7717
6.53926 29.0208
6.54499 32.8704
6.55073 33.0583
6.55647 30.4643
6.5622 32.0266
6.56794 29.5
6.57367 28.6989
6.57941 33.4526
6.58515 29.5268
6.59088 32.5288
6.59662 28.631
6.60236 30.7105
6.60809 31.5755
6.61383 26.8817
6.61956 30.0103
6.6253 30.8036
6.63104 31.6863
6.63677 28.2907
6.64251 32.0088
6.64824 27.6168
6.65398 31.4835
6.65972 28.0588
6.66545 28.3393
6.67119 29.8077
6.67693 32.5
6.68266 31.1466
6.6884 30.7037
6.69413 31.8681
6.69987 29.8447
6.70561 28.8839
6.71134 30.4231
6.71708 31.8182
6.72282 30.3509
6.72855 28.7778
6.73429 29.0787
6.74002 27.5189
6.74576 29.2696
6.7515 29.2233
6.75723 28.9775
6.76297 29.4655
6.7687 28.0893
6.77444 30.3596
6.78018 29.819
6.78591 25.931
6.79165 29.7103
6.79739 28.0805
6.80312 28.5877
6.80886 26.2589
6.81459 26.2418
6.82033 30.0286
6.82607 27.6724
6.8318 29.6857
6.83754 28.6136
6.84328 29.8136
6.84901 28.25
6.85475 28.3516
6.86048 28.4954
6.86622 28.6034
6.87196 29.0748
6.87769 25.9425
6.88343 26.1441
6.88916 26.2105
6.8949 27.8736
6.90064 27.3982
6.90637 30.8509
6.91211 26.215
6.91785 29.3218
6.92358 28.1653
6.92932 26.2655
6.93505 27.6742
6.94079 27.6903
6.94653 26.7069
6.95226 28.8692
6.958 26.5714
6.96374 29.2417
6.96947 27.4386
6.97521 28.4945
6.98094 31.3423
6.98668 31.431
6.99242 28.0275
6.99815 29.0337
7.00389 31.05
7.00962 30.6466
7.01536 29.7582
7.0211 24.7273
7.02683 31.1803
7.03257 28.9065
7.03831 30.1398
7.04404 30.2295
7.04978 29.0261
7.05551 30.1277
7.06125 29.5229
7.06699 25.7377
7.07272 27.0734
7.07846 28.7303
7.0842 29.918
7.08993 29.6983
7.09567 25.6989
7.1014 31.8053
7.10714 28.4622
7.11288 28.6239
7.11861 30.6989
7.12435 29.0161
7.13008 27.9231
7.13582 31.3229
7.14156 30.3063
7.14729 28.5333
7.15303 30.2936
7.15877 28.4731
7.1645 31.1129
7.17024 32.9076
7.17597 27.8265
7.18171 29.1122
7.18745 30.6393
7.19318 29.1261
7.19892 30.2308
7.20466 34.1417
7.21039 31.3846
7.21613 29.87
7.22186 29.6789
7.2276 32.5159
7.23334 30.7477
7.23907 31.7692
7.24481 31.0317
7.25054 31.3866
7.25628 32.4
7.26202 32.6847
7.26775 33.3361
7.27349 32.5586
7.27923 33.7312
7.28496 36
7.2907 33.7983
7.29643 31.1748
7.30217 32.3761
7.30791 33.6855
7.31364 34.1111
7.31938 32.7865
7.32512 35.9231
7.33085 34.0083
7.33659 33.5481
7.34232 37.3619
7.34806 36.7538
7.3538 38.1351
7.35953 37.5269
7.36527 39.8594
7.371 41.2645
7.37674 39.7019
7.38248 38
7.38821 44.048
7.39395 48.9655
7.39969 55.5699
7.40542 82.0462
7.41116 111.13
7.41689 139.094
7.42263 74.3458
7.42837 57
7.4341 51.4874
7.43984 52.0674
7.44558 48.806
7.45131 50.876
7.45705 49.9818
7.46278 54.4466
7.46852 54.6385
7.47426 57.0427
7.47999 59.5444
7.48573 56.3788
7.49146 58.44
7.4972 58.3636
7.50294 58.4766
7.50867 50.7422
7.51441 48.7815
7.52015 46.5714
7.52588 46.0455
7.53162 42.032
7.53735 38.7768
7.54309 40.4951
7.54883 37.6061
7.55456 41.6639
7.5603 37.3596
7.56604 36.6045
7.57177 37.128
7.57751 35.3793
7.58324 35.3883
7.58898 35.9847
7.59472 34.1967
7.60045 37.11
7.60619 30.4553
7.61192 32.5969
7.61766 32.3448
7.6234 31.7327
7.62913 33.5
7.63487 34.7603
7.64061 31.8431
7.64634 32.9919
7.65208 32.9612
7.65781 34.9915
7.66355 34.2653
7.66929 32.037
7.67502 33.3226
7.68076 35.8868
7.6865 32.5714
7.69223 34.8397
7.69797 33.661
7.7037 36.3366
7.70944 36.9478
7.71518 37.1545
7.72091 36.0909
7.72665 36.6496
7.73238 42.7985
7.73812 56.2459
7.74386 67.6907
7.74959 65.0435
7.75533 44.888
7.76107 39.5268
7.7668 38.7391
7.77254 39.9313
7.77827 39.541
7.78401 37.4141
7.78975 38.3481
7.79548 36.9688
7.80122 37.7672
7.80696 37.5225
7.81269 39.5338
7.81843 37.7581
7.82416 38.7684
7.8299 37.8714
7.83564 39.1024
7.84137 31.8707
7.84711 35.4955
7.85284 33.9924
7.85858 33.4609
7.86432 31.6495
7.87005 28.6978
7.87579 27.625
7.88153 30.4836
7.88726 29.0748
7.893 27.5111
7.89873 30.4922
7.90447 29.3824
7.91021 29.8271
7.91594 30.374
7.92168 31.4583
7.92742 28.2286
7.93315 26.0511
7.93889 30.5952
7.94462 29.0965
7.95036 26.123
7.9561 26.5909
7.96183 26
7.96757 26.9238
7.9733 27.0438
7.97904 25.1615
7.98478 26.4554
7.99051 26.08
7.99625 26.015
8.00199 25.0081
8.00772 27.3366
8.01346 23.8993
8.01919 24.5152
8.02493 22.5
8.03067 25.5702
8.0364 28.3382
8.04214 26.5391
8.04788 22.4466
8.05361 24.8705
8.05935 25.8456
8.06508 23.8305
8.07082 24.0769
8.07656 23.8613
8.08229 22.0391
8.08803 26.7071
8.09376 24.4825
8.0995 23.3258
8.10524 23.1557
8.11097 24.0619
8.11671 23.7956
8.12245 24.4961
8.12818 23.6696
8.13392 25.25
8.13965 21.1812
8.14539 23.4274
8.15113 23.1532
8.15686 20.0219
8.1626 18.5152
8.16834 16.6525
8.17407 20.5714
8.17981 16.2687
8.18554 14.2538
8.19128 12.2243
8.19702 14.6547
8.20275 13.6418
8.20849 12.2203
8.21422 11.0081
8.21996 12
8.2257 9
8.23143 10.2991
8.23717 6.01399
8.24291 4.09877
8.24864 3.98182
8.25438 6.26316
8.26011 -0.0526316
8.26585 10.5556
8.27159 0
8.27732 0
8.28306 0
8.2888 0
8.29453 0
8.30027 0
8.306 0
8.31174 0
8.31748 0
8.32321 0
8.32895 0
8.33468 0
8.34042 0
8.34616 0
8.35189 0
8.35763 0
8.36337 0
8.3691 0
8.37484 0
8.38057 0
8.38631 0
8.39205 0
8.39778 0
8.40352 0
8.40926 0
8.41499 0
8.42073 0
8.42646 0
8.4322 0
8.43794 0
8.44367 0
8.44941 0
8.45514 0
8.46088 0
8.46662 0
8.47235 0
8.47809 0
8.48383 0
8.48956 0
8.4953 0
8.50103 0
8.50677 0
8.51251 0
8.51824 0
8.52398 0
8.52972 0
8.53545 0
8.54119 0
8.54692 0
8.55266 0
8.5584 0
8.56413 0
8.56987 0
8.5756 0
8.58134 0
8.58708 0
8.59281 0
8.59855 0
8.60429 0
8.61002 0
8.61576 0
8.62149 0
8.62723 0
8.63297 0
8.6387 0
8.64444 0
8.65018 0
8.65591 0
8.66165 0
8.66738 0
8.67312 0
8.67886 0
8.68459 0
8.69033 0
8.69606 0
8.7018 0
8.70754 0
8.71327 0
8.71901 0
8.72475 0
8.73048 0
8.73622 0
8.74195 0
8.74769 0
8.75343 0
8.75916 0
8.7649 0
8.77064 0
8.77637 0
8.78211 0
8.78784 0
8.79358 0
8.79932 0
8.80505 0
8.81079 0
8.81652 0
8.82226 0
8.828 0
8.83373 0
8.83947 0
8.84521 0
8.85094 0
8.85668 0
8.86241 0
8.86815 0
8.87389 0
8.87962 0
8.88536 0
8.8911 0
8.89683 0
8.90257 0
8.9083 0
8.91404 0
8.91978 0
8.92551 0
8.93125 0
8.93698 0
8.94272 0
8.94846 0
8.95419 0
8.95993 0
8.96567 0
8.9714 0
8.97714 0
8.98287 0
8.98861 0
8.99435 0
9.00008 0
9.00582 0
9.01156 0
9.01729 0
9.02303 0
9.02876 0
9.0345 0
9.04024 0
9.04597 0
9.05171 0
9.05744 0
9.06318 0
9.06892 0
9.07465 0
9.08039 0
9.08613 0
9.09186 0
9.0976 0
9.10333 0
9.10907 0
9.11481 0
9.12054 0
9.12628 0
9.13202 0
9.13775 0
9.14349 0
9.14922 0
9.15496 0
9.1607 0
9.16643 0
9.17217 0
9.1779 0
9.18364 0
9.18938 0
9.19511 0
9.20085 0
9.20659 0
9.21232 0
9.21806 0
9.22379 0
9.22953 0
9.23527 0
9.241 0
9.24674 0
9.25248 0
9.25821 0
9.26395 0
9.26968 0
9.27542 0
9.28116 0
9.28689 0
9.29263 0
9.29836 0
9.3041 0
9.30984 0
9.31557 0
9.32131 0
9.32705 0
9.33278 0
9.33852 0
9.34425 0
9.34999 0
9.35573 0
9.36146 0
9.3672 0
9.37294 0
9.37867 0
9.38441 0
9.39014 0
9.39588 0
9.40162 0
9.40735 0
9.41309 0
9.41882 0
9.42456 0
9.4303 0
9.43603 0
9.44177 0
9.44751 0
9.45324 0
9.45898 0
9.46471 0
9.47045 0
9.47619 0
9.48192 0
9.48766 0
9.4934 0
9.49913 0
9.50487 0
9.5106 0
9.51634 0
9.52208 0
9.52781 0
9.53355 0
9.53928 0
9.54502 0
9.55076 0
9.55649 0
9.56223 0
9.56797 0
9.5737 0
9.57944 0
9.58517 0
9.59091 0
9.59665 0
9.60238 0
9.60812 0
9.61386 0
9.61959 0
9.62533 0
9.63106 0
9.6368 0
9.64254 0
9.64827 0
9.65401 0
9.65974 0
9.66548 0
9.67122 0
9.67695 0
9.68269 0
9.68843 0
9.69416 0
9.6999 0
9.70563 0
9.71137 0
9.71711 0
9.72284 0
9.72858 0
9.73432 0
9.74005 0
9.74579 0
9.75152 0
9.75726 0
9.763 0
9.76873 0
9.77447 0
9.7802 0
9.78594 0
9.79168 0
9.79741 0
9.80315 0
9.80889 0
9.81462 0
9.82036 0
9.82609 0
9.83183 0
9.83757 0
9.8433 0
9.84904 0
9.85478 0
9.86051 0
9.86625 0
9.87198 0
9.87772 0
9.88346 0
9.88919 0
9.89493 0
9.90066 0
9.9064 0
9.91214 0
9.91787 0
9.92361 0
9.92935 0
9.93508 0
9.94082 0
9.94655 0
9.95229 0
9.95803 0
9.96376 0
9.9695 0
9.97524 0
9.98097 0
9.98671 0
9.99244 0
9.99818 0
10.0039 0
10.0097 0
10.0154 0
10.0211 0
10.0269 0
10.0326 0
10.0383 0
10.0441 0
10.0498 0
10.0555 0
10.0613 0
10.067 0
10.0728 0
10.0785 0
10.0842 0
10.09 0
10.0957 0
10.1014 0
10.1072 0
10.1129 0
10.1186 0
10.1244 0
10.1301 0
10.1358 0
10.1416 0
10.1473 0
10.1531 0
10.1588 0
10.1645 0
10.1703 0
10.176 0
10.1817 0
10.1875 0
10.1932 0
10.1989 0
10.2047 0
10.2104 0
10.2162 0
10.2219 0
10.2276 0
10.2334 0
10.2391 0
10.2448 0
10.2506 0
10.2563 0
10.262 0
10.2678 0
10.2735 0
10.2793 0
10.285 0
10.2907 0
10.2965 0
10.3022 0
10.3079 0
10.3137 0
10.3194 0
10.3251 0
10.3309 0
10.3366 0
10.3424 0
10.3481 0
10.3538 0
10.3596 0
10.3653 0
10.371 0
10.3768 0
10.3825 0
10.3882 0
10.394 0
10.3997 0
10.4054 0
10.4112 0
10.4169 0
10.4227 0
10.4284 0
10.4341 0
10.4399 0
10.4456 0
10.4513 0
10.4571 0
10.4628 0
10.4685 0
10.4743 0
10.48 0
10.4858 0
10.4915 0
10.4972 0
10.503 0
10.5087 0
10.5144 0
10.5202 0
10.5259 0
10.5316 0
10.5374 0
10.5431 0
10.5489 0
10.5546 0
10.5603 0
10.5661 0
10.5718 0
10.5775 0
10.5833 0
10.589 0
10.5947 0
10.6005 0
10.6062 0
10.612 0
10.6177 0
10.6234 0
10.6292 0
10.6349 0
10.6406 0
10.6464 0
10.6521 0
10.6578 0
10.6636 0
10.6693 0
10.6751 0
10.6808 0
10.6865 0
10.6923 0
10.698 0
10.7037 0
10.7095 0
10.7152 0
10.7209 0
10.7267 0
10.7324 0
10.7381 0
10.7439 0
10.7496 0
10.7554 0
10.7611 0
10.7668 0
10.7726 0
10.7783 0
10.784 0
10.7898 0
10.7955 0
10.8012 0
10.807 0
10.8127 0
10.8185 0
10.8242 0
10.8299 0
10.8357 0
10.8414 0
10.8471 0
10.8529 0
10.8586 0
10.8643 0
10.8701 0
10.8758 0
10.8816 0
10.8873 0
10.893 0
10.8988 0
10.9045 0
10.9102 0
10.916 0
10.9217 0
10.9274 0
10.9332 0
10.9389 0
10.9447 0
10.9504 0
10.9561 0
10.9619 0
10.9676 0
10.9733 0
10.9791 0
10.9848 0
10.9905 0
10.9963 0
11.002 0
11.0077 0
11.0135 0
11.0192 0
11.025 0
11.0307 0
11.0364 0
11.0422 0
11.0479 0
11.0536 0
11.0594 0
11.0651 0
11.0708 0
11.0766 0
11.0823 0
11.0881 0
11.0938 0
11.0995 0
11.1053 0
11.111 0
11.1167 0
11.1225 0
11.1282 0
11.1339 0
11.1397 0
11.1454 0
11.1512 0
11.1569 0
11.1626 0
11.1684 0
11.1741 0
11.1798 0
11.1856 0
11.1913 0
11.197 0
11.2028 0
11.2085 0
11.2143 0
11.22 0
11.2257 0
11.2315 0
11.2372 0
11.2429 0
11.2487 0
11.2544 0
11.2601 0
11.2659 0
11.2716 0
11.2774 0
11.2831 0
11.2888 0
11.2946 0
11.3003 0
11.306 0
11.3118 0
11.3175 0
11.3232 0
11.329 0
11.3347 0
11.3404 0
11.3462 0
11.3519 0
11.3577 0
11.3634 0
11.3691 0
11.3749 0
11.3806 0
11.3863 0
11.3921 0
11.3978 0
11.4035 0
11.4093 0
11.415 0
11.4208 0
11.4265 0
11.4322 0
11.438 0
11.4437 0
11.4494 0
11.4552 0
11.4609 0
11.4666 0
11.4724 0
11.4781 0
11.4839 0
11.4896 0
11.4953 0
11.5011 0
11.5068 0
11.5125 0
11.5183 0
11.524 0
11.5297 0
11.5355 0
11.5412 0
11.547 0
11.5527 0
11.5584 0
11.5642 0
11.5699 0
11.5756 0
11.5814 0
11.5871 0
11.5928 0
11.5986 0
11.6043 0
11.61 0
11.6158 0
11.6215 0
11.6273 0
11.633 0
11.6387 0
11.6445 0
11.6502 0
11.6559 0
11.6617 0
11.6674 0
11.6731 0
11.6789 0
11.6846 0
11.6904 0
11.6961 0
11.7018 0
11.7076 0
11.7133 0
11.719 0
11.7248 0
11.7305 0
11.7362 0
11.742 0
