0 9
0.00573619 -6
0.0114724 4
0.0172086 0
0.0229448 25
0.028681 9
0.0344171 0
0.0401533 39
0.0458895 10
0.0516257 9
0.0573619 0
0.0630981 -14
0.0688343 -2
0.0745705 0
0.0803067 22
0.0860429 13
0.091779 0
0.0975152 11.6667
0.103251 -1.66667
0.108988 16
0.114724 0
0.12046 -1.66667
0.126196 3.66667
0.131932 0
0.137669 -5.66667
0.143405 -13.3333
0.149141 -7
0.154877 -6.5
0.160613 4.33333
0.16635 10.6667
0.172086 0
0.177822 7.66667
0.183558 1.2
0.189294 0
0.19503 -4
0.200767 14.2
0.206503 1.66667
0.212239 12
0.217975 -3.8
0.223711 -1
0.229448 0
0.235184 1.8
0.24092 -4.8
0.246656 0
0.252392 13.2
0.258129 12.4
0.263865 6.2
0.269601 0
0.275337 11.8
0.281073 9.42857
0.28681 0
0.292546 9.71429
0.298282 6.14286
0.304018 4.33333
0.309754 6
0.31549 6.85714
0.321227 7.28571
0.326963 0
0.332699 11
0.338435 11.7143
0.344171 0
0.349908 -1
0.355644 -1.28571
0.36138 10.8
0.367116 14
0.372852 4.55556
0.378589 -5.28571
0.384325 -4.5
0.390061 1.11111
0.395797 4.77778
0.401533 0
0.40727 10.5556
0.413006 4.77778
0.418742 3
0.424478 12
0.430214 3.44444
0.43595 18.1111
0.441687 0
0.447423 9.77778
0.453159 3.55556
0.458895 6.33333
0.464631 5.71429
0.470368 4.54545
0.476104 11.3333
0.48184 -15.5
0.487576 8.45455
0.493312 7.72727
0.499049 0
0.504785 12.9091
0.510521 13.0909
0.516257 10.4
0.521993 13.6667
0.52773 18.7273
0.533466 6.11111
0.539202 -1.5
0.544938 9
0.550674 14.9091
0.55641 0
0.562147 3.92308
0.567883 1.76923
0.573619 27
0.579355 12
0.585091 8.76923
0.590828 25.3636
0.596564 5
0.6023 108.769
0.608036 70.6923
0.613772 36.6
0.619509 10.375
0.625245 3.07692
0.630981 0
0.636717 23.5
0.642453 10.4615
0.64819 13.2308
0.653926 -8
0.659662 8.13333
0.665398 10
0.671134 0
0.67687 15.625
0.682607 9
0.688343 9.36364
0.694079 11.75
0.699815 8.33333
0.705551 9.93333
0.711288 48
0.717024 7
0.72276 14.2
0.728496 9.77778
0.734232 3.16667
0.739969 6.125
0.745705 17.6154
0.751441 10.25
0.757177 3.29412
0.762913 8.82353
0.76865 9.4
0.774386 6.41667
0.780122 15.2353
0.785858 18.4545
0.791594 13.8333
0.79733 10.1765
0.803067 13.8
0.808803 5
0.814539 13.7647
0.820275 6.23529
0.826011 7.11111
0.831748 9.125
0.837484 8.38889
0.84322 14.8462
0.848956 13.1667
0.854692 9.31579
0.860429 4.76471
0.866165 4
0.871901 3.3125
0.877637 9.52632
0.883373 4.18182
0.88911 5.75
0.894846 12.5789
0.900582 11.5333
0.906318 11.75
0.912054 8
0.91779 10.7647
0.923527 16.8889
0.929263 6.30769
0.934999 8.38095
0.940735 5.61538
0.946471 13.5
0.952208 7.28571
0.957944 12.4706
0.96368 0.75
0.969416 6.71429
0.975152 10.0526
0.980889 5.36364
0.986625 0.583333
0.992361 11.381
0.998097 4.13333
1.00383 4.16667
1.00957 17.5238
1.01531 7.23529
1.02104 21.7
1.02678 6.94118
1.03251 5.38095
1.03825 1.30769
1.04399 6.16667
1.04972 9.69565
1.05546 0.529412
1.0612 11.3333
1.06693 11.3478
1.07267 13.2632
1.0784 10.4615
1.08414 9.35714
1.08988 8.17391
1.09561 8.73333
1.10135 9.125
1.10708 8.91304
1.11282 11.2941
1.11856 10.7143
1.12429 11.52
1.13003 10.1429
1.13577 11.5333
1.1415 11.7857
1.14724 9.48
1.15297 6.4
1.15871 15.8
1.16445 10.36
1.17018 11.2105
1.17592 14.7692
1.18166 12.3333
1.18739 3.52174
1.19313 10.6
1.19886 17.1667
1.2046 12.48
1.21034 15.6667
1.21607 6.11111
1.22181 9.07407
1.22754 6.38095
1.23328 3.88235
1.23902 9.5
1.24475 4.88
1.25049 7.41176
1.25623 9.58333
1.26196 8.59259
1.2677 9.42105
1.27343 5.69231
1.27917 4.40909
1.28491 4.56522
1.29064 8.88235
1.29638 7.64286
1.30212 7.33333
1.30785 9
1.31359 9
1.31932 5.41379
1.32506 11.7143
1.3308 5.82353
1.33653 9.75
1.34227 7.48
1.348 3.94737
1.35374 8.14286
1.35948 11.9259
1.36521 4.71429
1.37095 11.7
1.37669 3.72414
1.38242 8.47826
1.38816 16.1176
1.39389 3.68421
1.39963 2.77778
1.40537 11.95
1.4111 13.7143
1.41684 7.72414
1.42258 13.5217
1.42831 6.05882
1.43405 11.625
1.43978 8.68
1.44552 6.90476
1.45126 8.6875
1.45699 10
1.46273 11.3333
1.46846 8.5
1.4742 7.35484
1.47994 8.65217
1.48567 8.1
1.49141 13.0476
1.49715 8.85185
1.50288 8.08696
1.50862 9.125
1.51435 6
1.52009 12.16
1.52583 7.93333
1.53156 8.23333
1.5373 10.8
1.54304 13.8095
1.54877 5.3
1.55451 8.96552
1.56024 6.65217
1.56598 13.5714
1.57172 7.48387
1.57745 9.08
1.58319 7.35
1.58892 4.76
1.59466 11.2963
1.6004 9
1.60613 6.38889
1.61187 8.48387
1.61761 11.52
1.62334 12.7143
1.62908 6.72727
1.63481 5.88889
1.64055 10.7391
1.64629 7.36364
1.65202 5.13793
1.65776 8.4
1.6635 11.5625
1.66923 8.16129
1.67497 2.25
1.6807 11.4
1.68644 13.5357
1.69218 9.17241
1.69791 6.6
1.70365 9.31818
1.70938 5.3871
1.71512 10.037
1.72086 6.25
1.72659 11.8182
1.73233 9.24138
1.73807 9.04348
1.7438 6.11538
1.74954 9.41379
1.75527 6.7037
1.76101 3
1.76675 7.48485
1.77248 8.67857
1.77822 8.15
1.78396 6.36667
1.78969 10.2581
1.79543 11.0741
1.80116 8.70833
1.8069 13.9677
1.81264 7
1.81837 10.7222
1.82411 13.0571
1.82984 13.2069
1.83558 8.84
1.84132 10.0769
1.84705 11.7097
1.85279 6.37037
1.85853 10.1304
1.86426 1.84848
1.87 5.36667
1.87573 12
1.88147 7.77143
1.88721 5.12121
1.89294 7.44444
1.89868 6.84615
1.90442 8.93939
1.91015 5.64516
1.91589 2.6
1.92162 14.8857
1.92736 15.6452
1.9331 12.16
1.93883 10.9286
1.94457 9.81818
1.9503 11.4333
1.95604 14.7917
1.96178 10.3824
1.96751 9.75
1.97325 10.7
1.97899 12.0541
1.98472 12.6061
1.99046 5.82759
1.99619 4.38462
2.00193 8.25714
2.00767 14.5484
2.0134 11.6667
2.01914 13.6
2.02488 10.1818
2.03061 8.88
2.03635 11.5
2.04208 12.9118
2.04782 11.8125
2.05356 8.91667
2.05929 8.30556
2.06503 9.42857
2.07076 15.7273
2.0765 11.6216
2.08224 9.65714
2.08797 10.9655
2.09371 14
2.09945 12.027
2.10518 7.69697
2.11092 8.16667
2.11665 7.86486
2.12239 10.6286
2.12813 10.8261
2.13386 13.0278
2.1396 8.13889
2.14534 9.84375
2.15107 8.30769
2.15681 9.92105
2.16254 15.2432
2.16828 11.6364
2.17402 10.1282
2.17975 9.54054
2.18549 10.2903
2.19122 11.4333
2.19696 15.8919
2.2027 11.5714
2.20843 15.25
2.21417 15.1795
2.21991 23.8108
2.22564 23.3636
2.23138 41.1
2.23711 26.2895
2.24285 14.1176
2.24859 14
2.25432 10.8462
2.26006 13.4103
2.2658 12.1818
2.27153 13.3171
2.27727 13.8974
2.283 11.9677
2.28874 15.2812
2.29448 9.74359
2.30021 9.2973
2.30595 10.1538
2.31168 12.1026
2.31742 10.8205
2.32316 16.8636
2.32889 11.0238
2.33463 12.975
2.34037 8.61111
2.3461 11.2857
2.35184 9.97674
2.35757 10.5946
2.36331 12.5769
2.36905 10.5366
2.37478 11.4634
2.38052 8.6129
2.38626 8.85294
2.39199 15.2558
2.39773 17.8378
2.40346 14.5
2.4092 10.6977
2.41494 11.15
2.42067 13.0909
2.42641 15.6136
2.43214 11.7619
2.43788 7.48571
2.44362 10.0938
2.44935 11.7333
2.45509 6.74359
2.46083 10.6923
2.46656 9.46667
2.4723 12.8537
2.47803 6.24138
2.48377 10.125
2.48951 8.5814
2.49524 10.3846
2.50098 11.9231
2.50672 16.3913
2.51245 13.6905
2.51819 14.5
2.52392 11.8478
2.52966 12.5682
2.5354 14.1212
2.54113 10.5278
2.54687 7.62222
2.5526 10.2439
2.55834 9.26923
2.56408 7.25532
2.56981 12.9302
2.57555 7.41379
2.58129 12.7857
2.58702 11.9333
2.59276 10.5676
2.59849 10.5625
2.60423 8.56522
2.60997 11.1591
2.6157 17.25
2.62144 12.4583
2.62718 9.74468
2.63291 9.74286
2.63865 6.36111
2.64438 11.0851
2.65012 10.0976
2.65586 12.5
2.66159 11.7447
2.66733 14.2889
2.67306 3.36
2.6788 10.5417
2.68454 11.0851
2.69027 11.1026
2.69601 9.63636
2.70175 11.4583
2.70748 11.6222
2.71322 13.3333
2.71895 8.60417
2.72469 8.36735
2.73043 12.1429
2.73616 13.4211
2.7419 15.551
2.74764 7.55814
2.75337 13.3333
2.75911 13.6735
2.76484 11.9388
2.77058 9.20833
2.77632 8.40816
2.78205 12.08
2.78779 12.3333
2.79352 14.2286
2.79926 10.9423
2.805 9.08889
2.81073 7.74074
2.81647 9.11321
2.82221 8.42857
2.82794 9.37838
2.83368 11.2105
2.83941 9.79245
2.84515 8.80488
2.85089 11.625
2.85662 13.9434
2.86236 13.9184
2.8681 6.20833
2.87383 11.1698
2.87957 7.82
2.8853 15.4634
2.89104 10.0541
2.89678 11.25
2.90251 11.1556
2.90825 13.3793
2.91398 14.1273
2.91972 16.3333
2.92546 12.973
2.93119 14.0714
2.93693 11.717
2.94267 17.0444
2.9484 12.2188
2.95414 11.3585
2.95987 11.5306
2.96561 14.0385
2.97135 12.4643
2.97708 12.4815
2.98282 15.9231
2.98856 17.4872
2.99429 16.4074
3.00003 11.5532
3.00576 14.4688
3.0115 13.2545
3.01724 9.98113
3.02297 14
3.02871 13.7955
3.03444 15.0909
3.04018 14.4222
3.04592 11.7941
3.05165 13.3273
3.05739 12.7843
3.06313 9.31034
3.06886 15.3214
3.0746 12.5818
3.08033 9.86364
3.08607 12.9189
3.09181 13.2679
3.09754 11.7551
3.10328 12.875
3.10902 18.1186
3.11475 18.6981
3.12049 13
3.12622 20.1087
3.13196 16.4
3.1377 12.1064
3.14343 11.8333
3.14917 15.8947
3.1549 13.6667
3.16064 16.5517
3.16638 13.7833
3.17211 14.6182
3.17785 17.0909
3.18359 12.9268
3.18932 15.8814
3.19506 17.3469
3.20079 12.1765
3.20653 15.4576
3.21227 12.4151
3.218 13.2195
3.22374 14.9583
3.22948 17.5932
3.23521 15.1111
3.24095 20.7105
3.24668 16.2
3.25242 12.283
3.25816 16.6176
3.26389 17.8947
3.26963 16.8772
3.27536 19.3913
3.2811 13.3171
3.28684 12.9016
3.29257 12.7143
3.29831 18.5278
3.30405 16.4444
3.30978 16.1273
3.31552 21.3488
3.32125 16.9583
3.32699 19.5965
3.33273 16.6078
3.33846 21.6579
3.3442 19
3.34994 18.6667
3.35567 15.8947
3.36141 16.8305
3.36714 17.4561
3.37288 18.3333
3.37862 18.4773
3.38435 17.2787
3.39009 18.6792
3.39582 19.3056
3.40156 18.4762
3.4073 18.9091
3.41303 19.234
3.41877 22.9792
3.42451 18.8525
3.43024 17.2245
3.43598 25.3171
3.44171 16.5556
3.44745 23.8571
3.45319 15.5
3.45892 17.0727
3.46466 18.9153
3.4704 18.46
3.47613 19.6364
3.48187 19.7778
3.4876 21.6415
3.49334 21.0789
3.49908 19.6567
3.50481 18.5088
3.51055 21.2979
3.51628 19.44
3.52202 22.1311
3.52776 21.2222
3.53349 24.9024
3.53923 22.1538
3.54497 24.6296
3.5507 23.1458
3.55644 23.4182
3.56217 24.8305
3.56791 23.5283
3.57365 24.8043
3.57938 25.7077
3.58512 26.4727
3.59086 22.0263
3.59659 22.9104
3.60233 25.678
3.60806 24.9804
3.6138 24.1667
3.61954 28.0159
3.62527 27.8036
3.63101 22.9024
3.63674 26.0149
3.64248 27.1897
3.64822 26.8333
3.65395 22.8772
3.65969 25.1475
3.66543 30.1818
3.67116 29.5435
3.6769 31.3175
3.68263 31.6721
3.68837 26.3421
3.69411 29.058
3.69984 31.0169
3.70558 28.6604
3.71132 28.4314
3.71705 33.5538
3.72279 34.8571
3.72852 29.1628
3.73426 28.0299
3.74 30.9839
3.74573 32.98
3.75147 32.3214
3.7572 33.4127
3.76294 37.5763
3.76868 37.0909
3.77441 36
3.78015 37.5593
3.78589 39.6596
3.79162 35.9688
3.79736 42.6349
3.80309 40.1071
3.80883 42.3529
3.81457 46.3231
3.8203 48.2833
3.82604 52.2558
3.83178 52.4493
3.83751 54.629
3.84325 71
3.84898 72.3889
3.85472 173.46
3.86046 682.279
3.86619 151.217
3.87193 1699.45
3.87766 405.525
3.8834 127.196
3.88914 142.85
3.89487 124.585
3.90061 128.1
3.90635 131.367
3.91208 122.776
3.91782 113.172
3.92355 99.0244
3.92929 84.7324
3.93503 74.8906
3.94076 67.8814
3.9465 63.2593
3.95224 56.4627
3.95797 53.0476
3.96371 45.913
3.96944 46.9155
3.97518 46.6349
3.98092 42.4727
3.98665 39.3966
3.99239 41.0441
3.99812 41.7419
4.00386 40.6735
4.0096 36.2754
4.01533 36.0469
4.02107 37.12
4.02681 38.0152
4.03254 39.1667
4.03828 35.0984
4.04401 44.7308
4.04975 34.4648
4.05549 40.2923
4.06122 38.6087
4.06696 40.1449
4.0727 36.2319
4.07843 34.2333
4.08417 41.25
4.0899 36.0441
4.09564 36.2188
4.10138 38.54
4.10711 34.0833
4.11285 36.8788
4.11858 34.6607
4.12432 34.3871
4.13006 33.5072
4.13579 34.2381
4.14153 32.3269
4.14727 35.3014
4.153 32.7463
4.15874 38.4318
4.16447 32.8493
4.17021 35.1549
4.17595 32
4.18168 35.2679
4.18742 33.4857
4.19316 40.0606
4.19889 35.68
4.20463 35.3378
4.21036 36.9412
4.2161 40.9333
4.22184 39.1034
4.22757 34.8082
4.23331 36.5075
4.23904 41.58
4.24478 36.0667
4.25052 33.5942
4.25625 33.9636
4.26199 35.5312
4.26773 39.2361
4.27346 35.1212
4.2792 41.4107
4.28493 38.0417
4.29067 37.0714
4.29641 44.3958
4.30214 34.1711
4.30788 48.8571
4.31362 99.7231
4.31935 48.5
4.32509 160.227
4.33082 67.8261
4.33656 47.56
4.3423 41.7067
4.34803 47
4.35377 49.4355
4.3595 49.6333
4.36524 45.3919
4.37098 54.2429
4.37671 55.3333
4.38245 53.3649
4.38819 59.7083
4.39392 63.614
4.39966 66.3188
4.40539 63.6806
4.41113 81.1014
4.41687 97.9444
4.4226 92.0779
4.42834 115.753
4.43408 291.979
4.43981 384.571
4.44555 896.893
4.45128 4126.68
4.45702 5443.88
4.46276 2143.13
4.46849 2478.17
4.47423 683.222
4.47996 285.382
4.4857 158.203
4.49144 131.169
4.49717 117.746
4.50291 98.6623
4.50865 95.169
4.51438 91.9615
4.52012 77.3671
4.52585 77.84
4.53159 75.5439
4.53733 62.9286
4.54306 60.125
4.5488 58.9403
4.55454 53.2456
4.56027 48.8
4.56601 48.2027
4.57174 40.1154
4.57748 38.3974
4.58322 39.6538
4.58895 38.3433
4.59469 34.4098
4.60042 34.0886
4.60616 33.48
4.6119 36.12
4.61763 30.2771
4.62337 33.4805
4.62911 32.8254
4.63484 28.125
4.64058 31.5854
4.64631 29.875
4.65205 28.5536
4.65779 26.5625
4.66352 30.8462
4.66926 26.9016
4.675 27
4.68073 27.0513
4.68647 25.7671
4.6922 25.3276
4.69794 25.9012
4.70368 25.3896
4.70941 24.52
4.71515 25.3294
4.72088 25.8354
4.72662 23.7246
4.73236 25.2857
4.73809 21.6341
4.74383 23.5897
4.74957 23.2115
4.7553 22.619
4.76104 18.55
4.76677 22.3433
4.77251 26.6769
4.77825 22.7073
4.78398 19.76
4.78972 24.6071
4.79546 21.6471
4.80119 22.962
4.80693 20.6769
4.81266 18.5143
4.8184 19.5714
4.82414 19.9589
4.82987 22.5738
4.83561 18.7024
4.84134 22.4375
4.84708 16.5849
4.85282 18.4941
4.85855 21.7683
4.86429 21.6761
4.87003 17.1475
4.87576 19
4.8815 17.6582
4.88723 17.0185
4.89297 17.6235
4.89871 20.2169
4.90444 15.9155
4.91018 18.8939
4.91592 17.2381
4.92165 15.9367
4.92739 19.8947
4.93312 17.0116
4.93886 18.9048
4.9446 17.194
4.95033 16.2535
4.95607 18.3953
4.9618 20.2597
4.96754 17.3898
4.97328 15.6092
4.97901 17.6867
4.98475 19.1967
4.99049 17.5385
4.99622 17.8851
5.00196 18.5205
5.00769 16.7302
5.01343 17.9205
5.01917 18.8313
5.0249 16.0755
5.03064 18.1111
5.03638 13.4767
5.04211 14.4267
5.04785 13.7385
5.05358 13.9767
5.05932 15.6543
5.06506 19.8966
5.07079 14.5618
5.07653 17.6897
5.08226 17.6056
5.088 15.4143
5.09374 15.7889
5.09947 17.6104
5.10521 15.9206
5.11095 15.5556
5.11668 14.8118
5.12242 15.7273
5.12815 18.0519
5.13389 18.0556
5.13963 16.974
5.14536 16.2131
5.1511 16.6413
5.15684 14.9518
5.16257 17.5397
5.16831 16.0476
5.17404 16.2584
5.17978 12.5325
5.18552 14.1364
5.19125 17.1444
5.19699 16.1205
5.20272 16.0339
5.20846 17.1957
5.2142 16.1348
5.21993 15.8816
5.22567 16.5942
5.23141 13.9348
5.23714 17.4568
5.24288 16.4098
5.24861 16.2473
5.25435 16.2584
5.26009 15.6479
5.26582 13.5395
5.27156 12.7582
5.2773 15.0506
5.28303 16.4462
5.28877 12.9681
5.2945 12.8276
5.30024 16.0694
5.30598 20.1899
5.31171 17.3258
5.31745 15.9878
5.32318 17.5846
5.32892 12.3936
5.33466 14.4713
5.34039 16.0909
5.34613 14.9884
5.35187 14.4176
5.3576 14.6296
5.36334 13.6212
5.36907 14.0208
5.37481 13.1412
5.38055 15.0164
5.38628 15.7396
5.39202 15.8352
5.39776 14.4875
5.40349 12.1127
5.40923 13.6875
5.41496 16.8272
5.4207 14.3651
5.42644 15.6735
5.43217 15.0562
5.43791 17.8354
5.44364 16.2027
5.44938 13.1546
5.45512 13.0741
5.46085 16.803
5.46659 15.898
5.47233 14.6742
5.47806 15.5263
5.4838 15.0494
5.48953 17.1398
5.49527 14.119
5.50101 14
5.50674 16.8163
5.51248 13.5056
5.51822 13.7432
5.52395 18.6506
5.52969 17.3548
5.53542 17.0588
5.54116 16.5882
5.5469 14.3232
5.55263 15.7079
5.55837 11.625
5.5641 16.2247
5.56984 17.4086
5.57558 15
5.58131 13.6986
5.58705 14.0606
5.59279 14.0568
5.59852 16.1587
5.60426 9.12
5.60999 12.0215
5.61573 12.5854
5.62147 11.9868
5.6272 13.3093
5.63294 13.8046
5.63868 12.9242
5.64441 15.9703
5.65015 15.9785
5.65588 14.1905
5.66162 15.3247
5.66736 15.3737
5.67309 16.2442
5.67883 14.029
5.68456 16.3069
5.6903 14.0444
5.69604 14.4756
5.70177 15.1205
5.70751 15.6105
5.71325 17.1591
5.71898 13.1528
5.72472 18.5455
5.73045 14.3871
5.73619 16.9367
5.74193 14.9438
5.74766 15.2526
5.7534 16.5795
5.75914 16.5775
5.76487 18.1782
5.77061 14.4468
5.77634 17.2308
5.78208 19.4045
5.78782 17.9278
5.79355 15.2907
5.79929 16.4267
5.80502 12.9703
5.81076 16.1505
5.8165 16.72
5.82223 15.0729
5.82797 15.433
5.83371 14.2791
5.83944 16.8228
5.84518 15.7778
5.85091 14.6042
5.85665 17.1231
5.86239 16.2762
5.86812 16.3673
5.87386 19.7674
5.8796 14.8354
5.88533 15.4356
5.89107 18.5543
5.8968 18.0435
5.90254 12.7905
5.90828 16.4848
5.91401 17.2471
5.91975 16.3171
5.92548 16.2929
5.93122 15.1489
5.93696 12.9315
5.94269 15.5048
5.94843 17.7812
5.95417 15.6023
5.9599 19.5412
5.96564 16.5556
5.97137 15.766
5.97711 15.2329
5.98285 20.0291
5.98858 18.5204
5.99432 19.7765
6.00006 17.2667
6.00579 17.6364
6.01153 17.3871
6.01726 18.2267
6.023 19.5048
6.02874 19.4896
6.03447 19.3409
6.04021 14.7778
6.04594 17.2857
6.05168 18.1771
6.05742 18.5455
6.06315 19.5048
6.06889 22.0625
6.07463 17.9643
6.08036 20.4362
6.0861 21.2143
6.09183 19.9278
6.09757 22.4872
6.10331 16.6667
6.10904 19.2812
6.11478 18.9884
6.12052 22.6979
6.12625 20.51
6.13199 22.1915
6.13772 23.7561
6.14346 20.9706
6.1492 20.62
6.15493 21.1375
6.16067 19
6.1664 21.5816
6.17214 22.2234
6.17788 20.8929
6.18361 21.1553
6.18935 20.7374
6.19509 22.527
6.20082 21.8257
6.20656 23.2549
6.21229 22.7292
6.21803 21.1098
6.22377 24.6509
6.2295 23.64
6.23524 24.3867
6.24098 25.1009
6.24671 21.7549
6.25245 23.0638
6.25818 21.8837
6.26392 26.6176
6.26966 27.4118
6.27539 23.5395
6.28113 26.3945
6.28686 26.9505
6.2926 25.3333
6.29834 25.6477
6.30407 29.0096
6.30981 30.8039
6.31555 25.6538
6.32128 33.5648
6.32702 33.1923
6.33275 31.1146
6.33849 33.0909
6.34423 37.1346
6.34996 37.3431
6.3557 38.4744
6.36144 42.4167
6.36717 43.0857
6.37291 41.2947
6.37864 40.1
6.38438 42.5849
6.39012 45.0882
6.39585 39.7125
6.40159 42.2778
6.40732 34.25
6.41306 32.0851
6.4188 34.2283
6.42453 28.3396
6.43027 29.7647
6.43601 28
6.44174 27.3585
6.44748 24.3056
6.45321 27.4574
6.45895 24.5326
6.46469 28.4095
6.47042 23.9417
6.47616 24.2381
6.4819 26.3273
6.48763 25.3241
6.49337 24.2581
6.4991 19.7263
6.50484 22.7685
6.51058 23.6569
6.51631 23.3929
6.52205 22.5273
6.52778 24.0278
6.53352 21.6087
6.53926 24.3125
6.54499 21.7222
6.55073 23.2039
6.55647 22.0238
6.5622 22.0354
6.56794 20.9444
6.57367 22.8495
6.57941 22.7579
6.58515 22.3482
6.59088 21.6827
6.59662 23.1548
6.60236 19.7018
6.60809 24.3868
6.61383 23.6021
6.61956 22.8557
6.6253 20.125
6.63104 20
6.63677 21.4535
6.64251 21.6667
6.64824 22.2804
6.65398 21.8571
6.65972 21.6569
6.66545 20.7589
6.67119 21.4615
6.67693 20.6395
6.68266 20.931
6.6884 24.0648
6.69413 22.4506
6.69987 21.9709
6.70561 21.2589
6.71134 22.6635
6.71708 23.7841
6.72282 19.8333
6.72855 20.7593
6.73429 21.7303
6.74002 22.1038
6.74576 21.313
6.7515 21.9709
6.75723 20.4607
6.76297 18.5603
6.7687 20.9018
6.77444 20.8989
6.78018 21.9333
6.78591 19.6379
6.79165 22.0374
6.79739 19.4598
6.80312 20.2982
6.80886 24
6.81459 21.0879
6.82033 19.4952
6.82607 19.6552
6.8318 20.8
6.83754 19.8523
6.84328 20.6949
6.84901 19.2589
6.85475 21.0659
6.86048 19.7064
6.86622 20.4397
6.87196 19.729
6.87769 22.6437
6.88343 23.2966
6.88916 19.2105
6.8949 21.5632
6.90064 20.8938
6.90637 20.7018
6.91211 22.3364
6.91785 19.6897
6.92358 22.4793
6.92932 22.354
6.93505 19.0225
6.94079 21.8053
6.94653 19.1724
6.95226 22.7196
6.958 22.022
6.96374 19.4
6.96947 18.3684
6.97521 20.2857
6.98094 21.5405
6.98668 23.0172
6.99242 20.5138
6.99815 16.9101
7.00389 21.4583
7.00962 20.1983
7.01536 22.2088
7.0211 19.5455
7.02683 21.041
7.03257 19.8598
7.03831 19.5376
7.04404 20.6557
7.04978 22.5652
7.05551 20.3085
7.06125 20.8716
7.06699 18.7459
7.07272 23.2018
7.07846 21.0112
7.0842 21.1066
7.08993 18.5603
7.09567 22.6021
7.1014 18.7345
7.10714 22.7311
7.11288 21.7982
7.11861 18.5914
7.12435 22.1048
7.13008 20.4872
7.13582 20.2812
7.14156 21.9279
7.14729 22.1333
7.15303 21.1284
7.15877 21.3979
7.1645 20
7.17024 22.6807
7.17597 22.4082
7.18171 23.271
7.18745 19.4344
7.19318 21.6847
7.19892 23.011
7.20466 22.4173
7.21039 21.5043
7.21613 22.88
7.22186 22.3486
7.2276 21.1825
7.23334 20.7928
7.23907 21.6044
7.24481 21.0714
7.25054 22.4118
7.25628 23.61
7.26202 20.3333
7.26775 22.8279
7.27349 22.5766
7.27923 21.6559
7.28496 27.1429
7.2907 25.7563
7.29643 22.466
7.30217 23.1284
7.30791 22.7419
7.31364 22
7.31938 23.5169
7.32512 24.2462
7.33085 24.0331
7.33659 26.5192
7.34232 27.7429
7.34806 24.7231
7.3538 25.5495
7.35953 26.129
7.36527 25.8984
7.371 25.1653
7.37674 29.1346
7.38248 30.1835
7.38821 25.304
7.39395 26.1638
7.39969 34.5054
7.40542 39.6923
7.41116 52.6911
7.41689 63.6509
7.42263 38.3551
7.42837 33.4365
7.4341 33.9748
7.43984 34.0449
7.44558 33.4701
7.45131 32.9174
7.45705 35.1818
7.46278 35.7087
7.46852 37.6769
7.47426 39.2137
7.47999 39.7111
7.48573 39.9015
7.49146 38.024
7.4972 38.4818
7.50294 38.4206
7.50867 36.3984
7.51441 35.9832
7.52015 33.5275
7.52588 31.1439
7.53162 29.192
7.53735 24.6696
7.54309 26.0777
7.54883 25.8636
7.55456 26.5462
7.5603 25.8764
7.56604 25.3806
7.57177 25.432
7.57751 24
7.58324 21.7864
7.58898 22.542
7.59472 23.5328
7.60045 27.52
7.60619 22.4065
7.61192 23.6512
7.61766 26.0172
7.6234 22.6337
7.62913 22.5379
7.63487 24.2975
7.64061 21.2941
7.64634 22.7886
7.65208 23.186
7.65781 22.8644
7.66355 24.551
7.66929 26.963
7.67502 23.129
7.68076 22.0189
7.6865 20.2605
7.69223 26
7.69797 23.9915
7.7037 25.9901
7.70944 24.5597
7.71518 25.0407
7.72091 26.6545
7.72665 26.3846
7.73238 28.2171
7.73812 35.0082
7.74386 36.9794
7.74959 39.1232
7.75533 30.432
7.76107 27.2054
7.7668 26.4087
7.77254 28.542
7.77827 25.5656
7.78401 28
7.78975 27.8667
7.79548 27.625
7.80122 28.3879
7.80696 28.7027
7.81269 27.0376
7.81843 28.7984
7.82416 22.8421
7.8299 24.9857
7.83564 25.3701
7.84137 24.2328
7.84711 25.5946
7.85284 24.8702
7.85858 21.8828
7.86432 22.4433
7.87005 22.0863
7.87579 23.1641
7.88153 22.0738
7.88726 21.1776
7.893 20.8963
7.89873 21.0547
7.90447 21.4118
7.91021 23.7293
7.91594 23.7176
7.92168 19.8083
7.92742 21.5429
7.93315 21.4526
7.93889 18.7381
7.94462 20.7719
7.95036 20.7377
7.9561 20.9318
7.96183 22.3651
7.96757 20.7143
7.9733 21.9854
7.97904 19.3769
7.98478 20.8125
7.99051 18.744
7.99625 21.188
8.00199 20
8.00772 20.2871
8.01346 17.9424
8.01919 18.2879
8.02493 19.1017
8.03067 19.2895
8.0364 18.7353
8.04214 19.2344
8.04788 16.9903
8.05361 16.9137
8.05935 19.3456
8.06508 18.1864
8.07082 17.812
8.07656 21.2044
8.08229 19.875
8.08803 15.8384
8.09376 18.4336
8.0995 19.1288
8.10524 19.6311
8.11097 18.9823
8.11671 16.9562
8.12245 18.7674
8.12818 18.8036
8.13392 18.9167
8.13965 18.8043
8.14539 19.4032
8.15113 16.7748
8.15686 14.7518
8.1626 10.9773
8.16834 14.3305
8.17407 13.0079
8.17981 12.0448
8.18554 12.0615
8.19128 10.8037
8.19702 9.02158
8.20275 11.8955
8.20849 10
8.21422 7.04839
8.21996 8.7029
8.2257 4.36719
8.23143 6.04673
8.23717 4.18881
8.24291 3.46914
8.24864 7.61818
8.25438 4.13158
8.26011 0.842105
8.26585 3.33333
8.27159 0
8.27732 0
8.28306 0
8.2888 0
8.29453 0
8.30027 0
8.306 0
8.31174 0
8.31748 0
8.32321 0
8.32895 0
8.33468 0
8.34042 0
8.34616 0
8.35189 0
8.35763 0
8.36337 0
8.3691 0
8.37484 0
8.38057 0
8.38631 0
8.39205 0
8.39778 0
8.40352 0
8.40926 0
8.41499 0
8.42073 0
8.42646 0
8.4322 0
8.43794 0
8.44367 0
8.44941 0
8.45514 0
8.46088 0
8.46662 0
8.47235 0
8.47809 0
8.48383 0
8.48956 0
8.4953 0
8.50103 0
8.50677 0
8.51251 0
8.51824 0
8.52398 0
8.52972 0
8.53545 0
8.54119 0
8.54692 0
8.55266 0
8.5584 0
8.56413 0
8.56987 0
8.5756 0
8.58134 0
8.58708 0
8.59281 0
8.59855 0
8.60429 0
8.61002 0
8.61576 0
8.62149 0
8.62723 0
8.63297 0
8.6387 0
8.64444 0
8.65018 0
8.65591 0
8.66165 0
8.66738 0
8.67312 0
8.67886 0
8.68459 0
8.69033 0
8.69606 0
8.7018 0
8.70754 0
8.71327 0
8.71901 0
8.72475 0
8.73048 0
8.73622 0
8.74195 0
8.74769 0
8.75343 0
8.75916 0
8.7649 0
8.77064 0
8.77637 0
8.78211 0
8.78784 0
8.79358 0
8.79932 0
8.80505 0
8.81079 0
8.81652 0
8.82226 0
8.828 0
8.83373 0
8.83947 0
8.84521 0
8.85094 0
8.85668 0
8.86241 0
8.86815 0
8.87389 0
8.87962 0
8.88536 0
8.8911 0
8.89683 0
8.90257 0
8.9083 0
8.91404 0
8.91978 0
8.92551 0
8.93125 0
8.93698 0
8.94272 0
8.94846 0
8.95419 0
8.95993 0
8.96567 0
8.9714 0
8.97714 0
8.98287 0
8.98861 0
8.99435 0
9.00008 0
9.00582 0
9.01156 0
9.01729 0
9.02303 0
9.02876 0
9.0345 0
9.04024 0
9.04597 0
9.05171 0
9.05744 0
9.06318 0
9.06892 0
9.07465 0
9.08039 0
9.08613 0
9.09186 0
9.0976 0
9.10333 0
9.10907 0
9.11481 0
9.12054 0
9.12628 0
9.13202 0
9.13775 0
9.14349 0
9.14922 0
9.15496 0
9.1607 0
9.16643 0
9.17217 0
9.1779 0
9.18364 0
9.18938 0
9.19511 0
9.20085 0
9.20659 0
9.21232 0
9.21806 0
9.22379 0
9.22953 0
9.23527 0
9.241 0
9.24674 0
9.25248 0
9.25821 0
9.26395 0
9.26968 0
9.27542 0
9.28116 0
9.28689 0
9.29263 0
9.29836 0
9.3041 0
9.30984 0
9.31557 0
9.32131 0
9.32705 0
9.33278 0
9.33852 0
9.34425 0
9.34999 0
9.35573 0
9.36146 0
9.3672 0
9.37294 0
9.37867 0
9.38441 0
9.39014 0
9.39588 0
9.40162 0
9.40735 0
9.41309 0
9.41882 0
9.42456 0
9.4303 0
9.43603 0
9.44177 0
9.44751 0
9.45324 0
9.45898 0
9.46471 0
9.47045 0
9.47619 0
9.48192 0
9.48766 0
9.4934 0
9.49913 0
9.50487 0
9.5106 0
9.51634 0
9.52208 0
9.52781 0
9.53355 0
9.53928 0
9.54502 0
9.55076 0
9.55649 0
9.56223 0
9.56797 0
9.5737 0
9.57944 0
9.58517 0
9.59091 0
9.59665 0
9.60238 0
9.60812 0
9.61386 0
9.61959 0
9.62533 0
9.63106 0
9.6368 0
9.64254 0
9.64827 0
9.65401 0
9.65974 0
9.66548 0
9.67122 0
9.67695 0
9.68269 0
9.68843 0
9.69416 0
9.6999 0
9.70563 0
9.71137 0
9.71711 0
9.72284 0
9.72858 0
9.73432 0
9.74005 0
9.74579 0
9.75152 0
9.75726 0
9.763 0
9.76873 0
9.77447 0
9.7802 0
9.78594 0
9.79168 0
9.79741 0
9.80315 0
9.80889 0
9.81462 0
9.82036 0
9.82609 0
9.83183 0
9.83757 0
9.8433 0
9.84904 0
9.85478 0
9.86051 0
9.86625 0
9.87198 0
9.87772 0
9.88346 0
9.88919 0
9.89493 0
9.90066 0
9.9064 0
9.91214 0
9.91787 0
9.92361 0
9.92935 0
9.93508 0
9.94082 0
9.94655 0
9.95229 0
9.95803 0
9.96376 0
9.9695 0
9.97524 0
9.98097 0
9.98671 0
9.99244 0
9.99818 0
10.0039 0
10.0097 0
10.0154 0
10.0211 0
10.0269 0
10.0326 0
10.0383 0
10.0441 0
10.0498 0
10.0555 0
10.0613 0
10.067 0
10.0728 0
10.0785 0
10.0842 0
10.09 0
10.0957 0
10.1014 0
10.1072 0
10.1129 0
10.1186 0
10.1244 0
10.1301 0
10.1358 0
10.1416 0
10.1473 0
10.1531 0
10.1588 0
10.1645 0
10.1703 0
10.176 0
10.1817 0
10.1875 0
10.1932 0
10.1989 0
10.2047 0
10.2104 0
10.2162 0
10.2219 0
10.2276 0
10.2334 0
10.2391 0
10.2448 0
10.2506 0
10.2563 0
10.262 0
10.2678 0
10.2735 0
10.2793 0
10.285 0
10.2907 0
10.2965 0
10.3022 0
10.3079 0
10.3137 0
10.3194 0
10.3251 0
10.3309 0
10.3366 0
10.3424 0
10.3481 0
10.3538 0
10.3596 0
10.3653 0
10.371 0
10.3768 0
10.3825 0
10.3882 0
10.394 0
10.3997 0
10.4054 0
10.4112 0
10.4169 0
10.4227 0
10.4284 0
10.4341 0
10.4399 0
10.4456 0
10.4513 0
10.4571 0
10.4628 0
10.4685 0
10.4743 0
10.48 0
10.4858 0
10.4915 0
10.4972 0
10.503 0
10.5087 0
10.5144 0
10.5202 0
10.5259 0
10.5316 0
10.5374 0
10.5431 0
10.5489 0
10.5546 0
10.5603 0
10.5661 0
10.5718 0
10.5775 0
10.5833 0
10.589 0
10.5947 0
10.6005 0
10.6062 0
10.612 0
10.6177 0
10.6234 0
10.6292 0
10.6349 0
10.6406 0
10.6464 0
10.6521 0
10.6578 0
10.6636 0
10.6693 0
10.6751 0
10.6808 0
10.6865 0
10.6923 0
10.698 0
10.7037 0
10.7095 0
10.7152 0
10.7209 0
10.7267 0
10.7324 0
10.7381 0
10.7439 0
10.7496 0
10.7554 0
10.7611 0
10.7668 0
10.7726 0
10.7783 0
10.784 0
10.7898 0
10.7955 0
10.8012 0
10.807 0
10.8127 0
10.8185 0
10.8242 0
10.8299 0
10.8357 0
10.8414 0
10.8471 0
10.8529 0
10.8586 0
10.8643 0
10.8701 0
10.8758 0
10.8816 0
10.8873 0
10.893 0
10.8988 0
10.9045 0
10.9102 0
10.916 0
10.9217 0
10.9274 0
10.9332 0
10.9389 0
10.9447 0
10.9504 0
10.9561 0
10.9619 0
10.9676 0
10.9733 0
10.9791 0
10.9848 0
10.9905 0
10.9963 0
11.002 0
11.0077 0
11.0135 0
11.0192 0
11.025 0
11.0307 0
11.0364 0
11.0422 0
11.0479 0
11.0536 0
11.0594 0
11.0651 0
11.0708 0
11.0766 0
11.0823 0
11.0881 0
11.0938 0
11.0995 0
11.1053 0
11.111 0
11.1167 0
11.1225 0
11.1282 0
11.1339 0
11.1397 0
11.1454 0
11.1512 0
11.1569 0
11.1626 0
11.1684 0
11.1741 0
11.1798 0
11.1856 0
11.1913 0
11.197 0
11.2028 0
11.2085 0
11.2143 0
11.22 0
11.2257 0
11.2315 0
11.2372 0
11.2429 0
11.2487 0
11.2544 0
11.2601 0
11.2659 0
11.2716 0
11.2774 0
11.2831 0
11.2888 0
11.2946 0
11.3003 0
11.306 0
11.3118 0
11.3175 0
11.3232 0
11.329 0
11.3347 0
11.3404 0
11.3462 0
11.3519 0
11.3577 0
11.3634 0
11.3691 0
11.3749 0
11.3806 0
11.3863 0
11.3921 0
11.3978 0
11.4035 0
11.4093 0
11.415 0
11.4208 0
11.4265 0
11.4322 0
11.438 0
11.4437 0
11.4494 0
11.4552 0
11.4609 0
11.4666 0
11.4724 0
11.4781 0
11.4839 0
11.4896 0
11.4953 0
11.5011 0
11.5068 0
11.5125 0
11.5183 0
11.524 0
11.5297 0
11.5355 0
11.5412 0
11.547 0
11.5527 0
11.5584 0
11.5642 0
11.5699 0
11.5756 0
11.5814 0
11.5871 0
11.5928 0
11.5986 0
11.6043 0
11.61 0
11.6158 0
11.6215 0
11.6273 0
11.633 0
11.6387 0
11.6445 0
11.6502 0
11.6559 0
11.6617 0
11.6674 0
11.6731 0
11.6789 0
11.6846 0
11.6904 0
11.6961 0
11.7018 0
11.7076 0
11.7133 0
11.719 0
11.7248 0
11.7305 0
11.7362 0
11.742 0
