0 -35
0.00573619 0
0.0114724 47
0.0172086 0
0.0229448 9
0.028681 11
0.0344171 0
0.0401533 -16
0.0458895 -6
0.0516257 -14
0.0573619 0
0.0630981 -23
0.0688343 9
0.0745705 0
0.0803067 36
0.0860429 2
0.091779 0
0.0975152 -0.666667
0.103251 5.66667
0.108988 20.3333
0.114724 0
0.12046 -0.666667
0.126196 -2.33333
0.131932 0
0.137669 -1.66667
0.143405 15
0.149141 -9
0.154877 11
0.160613 3.33333
0.16635 -5
0.172086 0
0.177822 6.66667
0.183558 -2.2
0.189294 0
0.19503 3.4
0.200767 -4.4
0.206503 3.33333
0.212239 4
0.217975 11.4
0.223711 -1.2
0.229448 0
0.235184 13.2
0.24092 8.6
0.246656 0
0.252392 10.4
0.258129 -2
0.263865 7
0.269601 0
0.275337 9.2
0.281073 8.57143
0.28681 0
0.292546 5
0.298282 8.85714
0.304018 22.6667
0.309754 13.25
0.31549 -2.28571
0.321227 4.28571
0.326963 0
0.332699 11.5714
0.338435 12.7143
0.344171 0
0.349908 4.85714
0.355644 6
0.36138 -1.2
0.367116 38
0.372852 2.88889
0.378589 14.5714
0.384325 -15
0.390061 3.55556
0.395797 1.77778
0.401533 0
0.40727 12.8889
0.413006 5.88889
0.418742 0.571429
0.424478 32.5
0.430214 6.88889
0.43595 2.66667
0.441687 0
0.447423 7.44444
0.453159 9.33333
0.458895 4.33333
0.464631 11.5714
0.470368 15.4545
0.476104 7.33333
0.48184 10.5
0.487576 6
0.493312 8.81818
0.499049 0
0.504785 12.2727
0.510521 1.63636
0.516257 4.6
0.521993 6
0.52773 10.2727
0.533466 20.6667
0.539202 19
0.544938 12.0909
0.550674 19.9091
0.55641 0
0.562147 5.46154
0.567883 12.8462
0.573619 12.1429
0.579355 17.3333
0.585091 12.9231
0.590828 11.1818
0.596564 1.5
0.6023 7
0.608036 18.8462
0.613772 9.4
0.619509 11.25
0.625245 4.84615
0.630981 20.3333
0.636717 9.5
0.642453 12.3077
0.64819 16
0.653926 18
0.659662 9
0.665398 4.73333
0.671134 4.42857
0.67687 8
0.682607 4.86667
0.688343 12.3636
0.694079 10
0.699815 8.53333
0.705551 14.6667
0.711288 1
0.717024 16.0714
0.72276 14.6
0.728496 0.111111
0.734232 17
0.739969 9.5
0.745705 13.3077
0.751441 -4
0.757177 14.4118
0.762913 3.94118
0.76865 0
0.774386 11.6667
0.780122 11.2353
0.785858 22.3636
0.791594 5.5
0.79733 12.1765
0.803067 10.8667
0.808803 4
0.814539 8.82353
0.820275 5.52941
0.826011 11.5556
0.831748 18.75
0.837484 8.33333
0.84322 12
0.848956 -1.16667
0.854692 1
0.860429 5.35294
0.866165 0
0.871901 9.5625
0.877637 -2.84211
0.883373 5.36364
0.88911 2.25
0.894846 -1.36842
0.900582 3.4
0.906318 27.5
0.912054 4.26316
0.91779 3.58824
0.923527 9.44444
0.929263 4.84615
0.934999 4.90476
0.940735 0.769231
0.946471 10.125
0.952208 6.42857
0.957944 11.2941
0.96368 4.75
0.969416 8
0.975152 5.31579
0.980889 10
0.986625 8.58333
0.992361 3.19048
0.998097 6.33333
1.00383 5.33333
1.00957 14.1429
1.01531 2.82353
1.02104 8.5
1.02678 6.11765
1.03251 0.904762
1.03825 3.61538
1.04399 10.0833
1.04972 7.26087
1.05546 10.7059
1.0612 7.16667
1.06693 4.26087
1.07267 14.5263
1.0784 7.46154
1.08414 8.14286
1.08988 9.34783
1.09561 1.4
1.10135 4.125
1.10708 8.78261
1.11282 7.70588
1.11856 8.42857
1.12429 7.56
1.13003 12.9524
1.13577 3.53333
1.1415 3.64286
1.14724 10.68
1.15297 1.13333
1.15871 14.8
1.16445 5.04
1.17018 1.94737
1.17592 4.07692
1.18166 4.44444
1.18739 5.6087
1.19313 12.6667
1.19886 6.75
1.2046 4.84
1.21034 11.8889
1.21607 9.11111
1.22181 5.7037
1.22754 3.95238
1.23328 6.94118
1.23902 -3.25
1.24475 8.24
1.25049 3.05882
1.25623 8.83333
1.26196 7.92593
1.2677 6.84211
1.27343 1.15385
1.27917 5.59091
1.28491 10
1.29064 7.52941
1.29638 8.14286
1.30212 2.92593
1.30785 1.77778
1.31359 4.41667
1.31932 5.37931
1.32506 11.381
1.3308 2.94118
1.33653 10.55
1.34227 2.64
1.348 5.84211
1.35374 14.2143
1.35948 12.7037
1.36521 7.66667
1.37095 8.5
1.37669 3.68966
1.38242 6.43478
1.38816 3.23529
1.39389 7.84211
1.39963 4.25926
1.40537 2.75
1.4111 7.14286
1.41684 3.65517
1.42258 6.65217
1.42831 8.94118
1.43405 13.0417
1.43978 9.48
1.44552 6.52381
1.45126 3
1.45699 2.06897
1.46273 2.80952
1.46846 7.41667
1.4742 7.16129
1.47994 8.26087
1.48567 7
1.49141 5.28571
1.49715 3.66667
1.50288 10.4348
1.50862 5.25
1.51435 5.82759
1.52009 -7.36
1.52583 4.06667
1.53156 6.2
1.5373 9.36
1.54304 8.61905
1.54877 4.65
1.55451 4.75862
1.56024 6.13043
1.56598 9.42857
1.57172 6.96774
1.57745 5.96
1.58319 6.2
1.58892 7.96
1.59466 9.88889
1.6004 7.16
1.60613 5.16667
1.61187 4
1.61761 7.52
1.62334 9.42857
1.62908 8.39394
1.63481 9.7037
1.64055 6.95652
1.64629 4.72727
1.65202 5.03448
1.65776 9.96
1.6635 9.3125
1.66923 6.35484
1.67497 1.96429
1.6807 9.4
1.68644 2.92857
1.69218 8.10345
1.69791 7.16
1.70365 5.31818
1.70938 4.51613
1.71512 10.1481
1.72086 5.4375
1.72659 7.27273
1.73233 3.51724
1.73807 4.86957
1.7438 10.3462
1.74954 7.93103
1.75527 6.88889
1.76101 2.52632
1.76675 4.0303
1.77248 4.89286
1.77822 13
1.78396 5.9
1.78969 5.93548
1.79543 11.7407
1.80116 4.75
1.8069 11.3871
1.81264 6.89655
1.81837 8.77778
1.82411 5.85714
1.82984 8.68966
1.83558 6.08
1.84132 6
1.84705 2.80645
1.85279 10
1.85853 10.7391
1.86426 5.78788
1.87 6.7
1.87573 10.3333
1.88147 9.11429
1.88721 9.63636
1.89294 9.14815
1.89868 8.30769
1.90442 11.697
1.91015 9.29032
1.91589 14.4
1.92162 6.4
1.92736 1.93548
1.9331 12.56
1.93883 11.6429
1.94457 12.7273
1.9503 12.6667
1.95604 16.1667
1.96178 15.3235
1.96751 16.375
1.97325 11.95
1.97899 9
1.98472 11.7879
1.99046 10.931
1.99619 21.0385
2.00193 13.2
2.00767 13.4839
2.0134 8.25
2.01914 6.25714
2.02488 4.24242
2.03061 8.68
2.03635 10
2.04208 8.91177
2.04782 7.375
2.05356 5.625
2.05929 8.63889
2.06503 9.88571
2.07076 6.81818
2.0765 8.40541
2.08224 12.5143
2.08797 11.7931
2.09371 12.1786
2.09945 8.75676
2.10518 12.7273
2.11092 8.625
2.11665 8.7027
2.12239 12.2857
2.12813 9.73913
2.13386 11.8333
2.1396 8.77778
2.14534 12.7812
2.15107 3.84615
2.15681 9.47368
2.16254 10.4054
2.16828 8.27273
2.17402 11.4615
2.17975 12.4324
2.18549 3.74194
2.19122 14.1
2.19696 7.78378
2.2027 7.54286
2.20843 5.95833
2.21417 8.84615
2.21991 11.2973
2.22564 10.7273
2.23138 14.225
2.23711 21.3684
2.24285 27.6471
2.24859 58.2143
2.25432 17.5897
2.26006 14.2051
2.2658 15.6818
2.27153 13.1951
2.27727 10.3846
2.283 14.9677
2.28874 9.34375
2.29448 12.8974
2.30021 13.4595
2.30595 6.03846
2.31168 17.4615
2.31742 9.38461
2.32316 10.6364
2.32889 15.0238
2.33463 7.4
2.34037 7.52778
2.3461 10.3571
2.35184 14.2093
2.35757 9.40541
2.36331 11.9231
2.36905 12.4146
2.37478 16.1463
2.38052 14.2258
2.38626 17.8529
2.39199 11.6047
2.39773 8.16216
2.40346 14
2.4092 6.09302
2.41494 7.725
2.42067 12
2.42641 10.5
2.43214 9.83333
2.43788 13
2.44362 9.6875
2.44935 10.4889
2.45509 7.79487
2.46083 11.7692
2.46656 11.5778
2.4723 9.68293
2.47803 13.1034
2.48377 8.475
2.48951 10.2558
2.49524 8.97436
2.50098 4.88462
2.50672 11.9783
2.51245 9.92857
2.51819 14.6667
2.52392 9.54348
2.52966 7.90909
2.5354 14.1212
2.54113 8.55556
2.54687 10.8889
2.5526 8.14634
2.55834 10.6923
2.56408 12.7872
2.56981 9.76744
2.57555 8.96552
2.58129 11.3095
2.58702 11.6444
2.59276 6.54054
2.59849 10.2188
2.60423 10.6522
2.60997 9.36364
2.6157 4.16667
2.62144 6.5625
2.62718 8.40425
2.63291 12.9429
2.63865 10.5278
2.64438 11.9149
2.65012 9.65854
2.65586 9.06667
2.66159 12.1277
2.66733 7.46667
2.67306 8.04
2.6788 9.47917
2.68454 10.2766
2.69027 8.5641
2.69601 8.87879
2.70175 6.625
2.70748 6.28889
2.71322 6.92593
2.71895 9.6875
2.72469 9.26531
2.73043 4.4
2.73616 10.0263
2.7419 6.59184
2.74764 5.7907
2.75337 2.86667
2.75911 13.7551
2.76484 8.81633
2.77058 10.375
2.77632 9.59184
2.78205 12.06
2.78779 7.84615
2.79352 8.71429
2.79926 8.05769
2.805 9.66667
2.81073 5.2963
2.81647 8.79245
2.82221 8.73469
2.82794 14.3784
2.83368 5.63158
2.83941 9.77359
2.84515 6.87805
2.85089 5.90625
2.85662 11.6604
2.86236 9.69388
2.8681 11.75
2.87383 10.0189
2.87957 5.92
2.8853 11.2439
2.89104 10.3784
2.89678 12.4808
2.90251 9.93333
2.90825 4.89655
2.91398 8.65455
2.91972 8.92157
2.92546 10.4595
2.93119 11.1905
2.93693 13.2075
2.94267 9.6
2.9484 11.4062
2.95414 7.77358
2.95987 9.57143
2.96561 11.0769
2.97135 13.1607
2.97708 13.2778
2.98282 14.6154
2.98856 8
2.99429 10.6111
3.00003 9.17021
3.00576 9.21875
3.0115 10.7818
3.01724 8.01887
3.02297 9.48649
3.02871 14.9545
3.03444 8.21818
3.04018 11.1333
3.04592 8.47059
3.05165 8
3.05739 9.72549
3.06313 13.3448
3.06886 8.82143
3.0746 8.78182
3.08033 5.65909
3.08607 7.91892
3.09181 8.07143
3.09754 7.67347
3.10328 4.4375
3.10902 8.72881
3.11475 12.4528
3.12049 10.4103
3.12622 8.30435
3.13196 14.2545
3.1377 10.8511
3.14343 12.7778
3.14917 14.8421
3.1549 11.1961
3.16064 11.3793
3.16638 10.5833
3.17211 20
3.17785 16.7273
3.18359 29.0244
3.18932 20.1695
3.19506 14
3.20079 14.3824
3.20653 12.8305
3.21227 10.2075
3.218 7.29268
3.22374 11.3125
3.22948 8.83051
3.23521 8.35556
3.24095 11.3158
3.24668 7.53333
3.25242 14.3962
3.25816 12.0588
3.26389 10.1754
3.26963 12.0526
3.27536 11.3913
3.2811 16.561
3.28684 9.08197
3.29257 11.9592
3.29831 9.63889
3.30405 10.6508
3.30978 11.5455
3.31552 11.9302
3.32125 10.625
3.32699 11.4737
3.33273 8.76471
3.33846 16.2105
3.3442 16.6613
3.34994 14.2157
3.35567 15.7895
3.36141 14
3.36714 15.5965
3.37288 12.7708
3.37862 13.1364
3.38435 10.459
3.39009 12.7925
3.39582 15.6111
3.40156 10.3175
3.4073 11.8364
3.41303 11.383
3.41877 12.7708
3.42451 12.623
3.43024 17.0612
3.43598 17.439
3.44171 19.1587
3.44745 14.5
3.45319 16.5476
3.45892 15.7091
3.46466 13.1356
3.4704 12.7
3.47613 9.86364
3.48187 11.9048
3.4876 13.7547
3.49334 10.6579
3.49908 12.1194
3.50481 12
3.51055 15.5319
3.51628 12.48
3.52202 13
3.52776 9.48148
3.53349 14.9756
3.53923 14.3231
3.54497 19.2778
3.5507 12.8542
3.55644 18.0545
3.56217 20.5593
3.56791 25.0755
3.57365 20.3696
3.57938 25.5846
3.58512 15.7455
3.59086 14.3684
3.59659 15.8209
3.60233 16.9153
3.60806 13.8431
3.6138 12.1875
3.61954 13.5397
3.62527 14.5893
3.63101 19.2683
3.63674 14.3582
3.64248 15.3276
3.64822 14.4792
3.65395 16.6491
3.65969 21.377
3.66543 15.1636
3.67116 20.0217
3.6769 23.1905
3.68263 25.5246
3.68837 24.6842
3.69411 27.7826
3.69984 23.4237
3.70558 20.6226
3.71132 22.451
3.71705 24.1538
3.72279 26.3929
3.72852 26.5349
3.73426 30.4328
3.74 29.1774
3.74573 25.4
3.75147 24.0714
3.7572 24.5079
3.76294 29.5763
3.76868 26.2955
3.77441 31.6119
3.78015 30.7119
3.78589 28.3191
3.79162 26.7812
3.79736 31.2698
3.80309 31.625
3.80883 38.2549
3.81457 35.8
3.8203 37.2333
3.82604 43.6047
3.83178 40.7681
3.83751 41.7419
3.84325 52.9821
3.84898 53.9074
3.85472 60.4444
3.86046 75.9344
3.86619 106.63
3.87193 116.261
3.87766 282.279
3.8834 1204.65
3.88914 502.35
3.89487 4042.6
3.90061 1067.82
3.90635 1114.73
3.91208 583.254
3.91782 424.156
3.92355 428.732
3.92929 404.338
3.93503 325.844
3.94076 236.525
3.9465 189.389
3.95224 142.806
3.95797 105.873
3.96371 89.1957
3.96944 70
3.97518 63.1111
3.98092 54.4182
3.98665 53.931
3.99239 48.7647
3.99812 42.0323
4.00386 41.4694
4.0096 36.7971
4.01533 39.8438
4.02107 35.42
4.02681 32.5303
4.03254 30.8182
4.03828 29.9672
4.04401 27.0577
4.04975 29.4366
4.05549 33.9231
4.06122 32.1087
4.06696 50.1304
4.0727 47.4638
4.07843 40.5
4.08417 25.5179
4.0899 33.3088
4.09564 29.5156
4.10138 25.1
4.10711 26.625
4.11285 22.6667
4.11858 20.7321
4.12432 23.5645
4.13006 23.5362
4.13579 23.7619
4.14153 17.3269
4.14727 19.9315
4.153 19.9701
4.15874 19.6818
4.16447 21.8767
4.17021 19.493
4.17595 22.6452
4.18168 20.9107
4.18742 19.8
4.19316 23.7424
4.19889 20.22
4.20463 20.6622
4.21036 20.0441
4.2161 19.5
4.22184 25.4483
4.22757 22.3699
4.23331 21.6119
4.23904 21.92
4.24478 20.0133
4.25052 21.0435
4.25625 22.9455
4.26199 20.4688
4.26773 22.3889
4.27346 21.7121
4.2792 23.2143
4.28493 20.6667
4.29067 19.2143
4.29641 19.0417
4.30214 21.9211
4.30788 17.9857
4.31362 22.8923
4.31935 21.3214
4.32509 25.7867
4.33082 25.4493
4.33656 22.84
4.3423 27.7867
4.34803 49.7808
4.35377 33.4516
4.3595 25.0167
4.36524 26.7838
4.37098 30.6
4.37671 24.3889
4.38245 30.4054
4.38819 28.9861
4.39392 30.8596
4.39966 30.8986
4.40539 35.4722
4.41113 34.0725
4.41687 31.7778
4.4226 39.1558
4.42834 38.863
4.43408 45.6667
4.43981 51.7662
4.44555 53.6267
4.45128 61.5077
4.45702 67.0508
4.46276 110.092
4.46849 153.028
4.47423 279.741
4.47996 1354.64
4.4857 2275.73
4.49144 3873.89
4.49717 2727.56
4.50291 1651.31
4.50865 1331.34
4.51438 738.596
4.52012 408.101
4.52585 268.067
4.53159 182.93
4.53733 168.857
4.54306 135.812
4.5488 111.821
4.55454 95.3509
4.56027 81.6875
4.56601 65.6622
4.57174 56.5
4.57748 49.5
4.58322 42.7692
4.58895 37.0149
4.59469 35.1311
4.60042 35.3038
4.60616 27.92
4.6119 26.18
4.61763 24.1566
4.62337 25.5065
4.62911 23.8889
4.63484 23.875
4.64058 22.7805
4.64631 21.5139
4.65205 22.1071
4.65779 23
4.66352 16.9744
4.66926 21.1803
4.675 20.1268
4.68073 17.4231
4.68647 21.3836
4.6922 14.8448
4.69794 20.9259
4.70368 18.9221
4.70941 16.04
4.71515 14.3294
4.72088 17.557
4.72662 15.1014
4.73236 17.1746
4.73809 17.2439
4.74383 16.2308
4.74957 18.9231
4.7553 13.619
4.76104 18.1625
4.76677 16.1791
4.77251 15.9538
4.77825 12.2439
4.78398 15.4533
4.78972 15.8571
4.79546 10.7176
4.80119 11.7848
4.80693 14.7231
4.81266 9.24286
4.8184 10.3333
4.82414 11.1233
4.82987 11.5246
4.83561 15.3452
4.84134 12.95
4.84708 12.0566
4.85282 14.0941
4.85855 13.939
4.86429 9.3662
4.87003 10.5738
4.87576 10.7356
4.8815 10.4684
4.88723 14.1667
4.89297 11.2941
4.89871 21.759
4.90444 14.9577
4.91018 11.8182
4.91592 9.95238
4.92165 12.2658
4.92739 14.6316
4.93312 14.9186
4.93886 8.5
4.9446 11.4627
4.95033 13.0423
4.95607 8.33721
4.9618 11.4026
4.96754 8.83051
4.97328 13.6552
4.97901 12.4096
4.98475 11.9016
4.99049 8.58974
4.99622 11.0115
5.00196 12.4384
5.00769 9.09524
5.01343 12.6932
5.01917 10.4699
5.0249 13.434
5.03064 11.6333
5.03638 13.9186
5.04211 12.6533
5.04785 11.5538
5.05358 13.5233
5.05932 8.81481
5.06506 10.0345
5.07079 10.7528
5.07653 13.046
5.08226 8.15493
5.088 10.6
5.09374 7.23333
5.09947 11.2597
5.10521 5.42857
5.11095 10.6222
5.11668 11.6706
5.12242 9.75758
5.12815 7.80519
5.13389 10.9444
5.13963 8.98701
5.14536 9.27869
5.1511 7.92391
5.15684 7.3253
5.16257 10.8571
5.16831 7.78571
5.17404 8.59551
5.17978 10.4156
5.18552 8.28788
5.19125 11.5333
5.19699 9.72289
5.20272 9.84746
5.20846 10.837
5.2142 13.8989
5.21993 10.1316
5.22567 6.63768
5.23141 8.40217
5.23714 9.30864
5.24288 13.0656
5.24861 8.02151
5.25435 5.97753
5.26009 10.1408
5.26582 9.44737
5.27156 9.7033
5.2773 11.0759
5.28303 11.8769
5.28877 6.11702
5.2945 8.01149
5.30024 11.0556
5.30598 11.0127
5.31171 12.1348
5.31745 11.6341
5.32318 9.13846
5.32892 8.03191
5.33466 10.5402
5.34039 14.1515
5.34613 10.0233
5.35187 8.87912
5.3576 6.87654
5.36334 10.8182
5.36907 8.36458
5.37481 10.6588
5.38055 9.36066
5.38628 11.8958
5.39202 13.5165
5.39776 10.825
5.40349 9.4507
5.40923 9.375
5.41496 10.2716
5.4207 13.1111
5.42644 12.5714
5.43217 11.4382
5.43791 7.78481
5.44364 9.18919
5.44938 11.567
5.45512 13.2716
5.46085 13.0455
5.46659 7.96939
5.47233 8.8764
5.47806 11.5
5.4838 9.80247
5.48953 12.0323
5.49527 10.5119
5.50101 12.0299
5.50674 12.051
5.51248 11.9101
5.51822 15.1622
5.52395 11.3133
5.52969 10.4624
5.53542 9.36471
5.54116 8.05882
5.5469 8.76768
5.55263 8.82022
5.55837 11.2917
5.5641 8.85393
5.56984 8.83871
5.57558 9.2381
5.58131 10.0959
5.58705 10.1919
5.59279 9.73864
5.59852 11.6667
5.60426 6.19
5.60999 6.68817
5.61573 8.52439
5.62147 9.21053
5.6272 8.01031
5.63294 9.71264
5.63868 4.77273
5.64441 8.50495
5.65015 9.72043
5.65588 8.65476
5.66162 8.42857
5.66736 11.1717
5.67309 12.4419
5.67883 4.92754
5.68456 8.51485
5.6903 7.35556
5.69604 7.82927
5.70177 11.2651
5.70751 8.29474
5.71325 11.7614
5.71898 9.51389
5.72472 8.15152
5.73045 11.2903
5.73619 10.7215
5.74193 14.7079
5.74766 9.41053
5.7534 11.1364
5.75914 11.7746
5.76487 11.0099
5.77061 9.6383
5.77634 8.0641
5.78208 7.51685
5.78782 10.3196
5.79355 15.9302
5.79929 12.88
5.80502 11.3465
5.81076 11.2043
5.8165 9.16
5.82223 10.1771
5.82797 10.9278
5.83371 13.8721
5.83944 12.5696
5.84518 11.0303
5.85091 10.6667
5.85665 8.86154
5.86239 9.87619
5.86812 7
5.87386 13.3721
5.8796 8.75949
5.88533 11.3168
5.89107 11.6413
5.8968 11.029
5.90254 12.0952
5.90828 11.596
5.91401 11.0353
5.91975 11.4878
5.92548 13.2323
5.93122 11.8936
5.93696 10.9315
5.94269 13.0476
5.94843 11.9375
5.95417 11
5.9599 13.6118
5.96564 9.72727
5.97137 11.6489
5.97711 8.23288
5.98285 10.8058
5.98858 13.6837
5.99432 11.9176
6.00006 12.4333
6.00579 8.67677
6.01153 14.7634
6.01726 11.7867
6.023 13.4095
6.02874 11.25
6.03447 13.0455
6.04021 12.7667
6.04594 12.8878
6.05168 16.3542
6.05742 13.9351
6.06315 11.9429
6.06889 12.4688
6.07463 13.75
6.08036 11.3191
6.0861 13.0918
6.09183 10.5567
6.09757 13.9615
6.10331 12.4
6.10904 11.8229
6.11478 11.814
6.12052 11.5417
6.12625 13.96
6.13199 13.4681
6.13772 11.2317
6.14346 12.2941
6.1492 15.14
6.15493 12.8125
6.16067 14.1176
6.1664 14.7959
6.17214 16.266
6.17788 15.7619
6.18361 14.165
6.18935 13.8586
6.19509 13
6.20082 12.156
6.20656 14.4118
6.21229 13.7292
6.21803 15.4512
6.22377 16.8302
6.2295 14.04
6.23524 17.6667
6.24098 14.3853
6.24671 17.2451
6.25245 15.8298
6.25818 16.0116
6.26392 16.902
6.26966 17.9412
6.27539 17
6.28113 18.3028
6.28686 18.3663
6.2926 17.9167
6.29834 15.2727
6.30407 20.125
6.30981 15.1961
6.31555 19.1667
6.32128 23.0278
6.32702 20.875
6.33275 24.3229
6.33849 26.4773
6.34423 30.5673
6.34996 33.3039
6.3557 43.0513
6.36144 72.537
6.36717 128.981
6.37291 127.063
6.37864 121.467
6.38438 104.726
6.39012 104.255
6.39585 97.5
6.40159 109.556
6.40732 117.037
6.41306 114.596
6.4188 109.924
6.42453 105.594
6.43027 85.4118
6.43601 69.1829
6.44174 54.1132
6.44748 43.7315
6.45321 37.9574
6.45895 29.3261
6.46469 29.5238
6.47042 25.5243
6.47616 22.9762
6.4819 22.9
6.48763 21.3426
6.49337 21.2903
6.4991 17.9368
6.50484 18.5833
6.51058 17.9216
6.51631 17.6786
6.52205 15.8364
6.52778 13.7315
6.53352 16.6739
6.53926 12.4062
6.54499 17.537
6.55073 14.1942
6.55647 13.9643
6.5622 15.4336
6.56794 13.3704
6.57367 16.2688
6.57941 15.5579
6.58515 14.875
6.59088 14.3077
6.59662 14.6667
6.60236 11.6667
6.60809 14.0566
6.61383 14.8602
6.61956 13.268
6.6253 13.9464
6.63104 14.098
6.63677 12.5116
6.64251 10.5702
6.64824 12.8411
6.65398 13.7582
6.65972 12.5196
6.66545 12.5804
6.67119 12.5
6.67693 9.77907
6.68266 13.3017
6.6884 12.6019
6.69413 12.5934
6.69987 13.1553
6.70561 13.5893
6.71134 13.2692
6.71708 11.9432
6.72282 13.3158
6.72855 14
6.73429 12.0225
6.74002 15.4151
6.74576 14.7043
6.7515 14.4951
6.75723 14.0899
6.76297 12.3621
6.7687 14.1429
6.77444 13.0337
6.78018 15.3143
6.78591 11.819
6.79165 14.3738
6.79739 14.8276
6.80312 13.7281
6.80886 10.4464
6.81459 13.1648
6.82033 12.5524
6.82607 10.0345
6.8318 11.1524
6.83754 9.84091
6.84328 14.5
6.84901 13.2768
6.85475 12.3956
6.86048 10.2844
6.86622 12.9569
6.87196 14.3271
6.87769 10.5747
6.88343 13.2797
6.88916 12.3772
6.8949 11.7011
6.90064 11.9381
6.90637 11.8421
6.91211 12.9065
6.91785 13.2299
6.92358 10.5289
6.92932 14.9381
6.93505 10.6742
6.94079 11.8584
6.94653 12.1983
6.95226 12.3551
6.958 9.25275
6.96374 10.8167
6.96947 12.0351
6.97521 12.1648
6.98094 13.5856
6.98668 11.9828
6.99242 11.9358
6.99815 11.3933
7.00389 10.7417
7.00962 13.569
7.01536 9.03297
7.0211 10.2636
7.02683 12.2131
7.03257 12.1215
7.03831 10.1505
7.04404 9.73771
7.04978 11.313
7.05551 10.8404
7.06125 12.1193
7.06699 12.9754
7.07272 10.422
7.07846 11.0225
7.0842 11.7541
7.08993 12.0948
7.09567 14.4624
7.1014 12.3186
7.10714 12.3025
7.11288 11.6239
7.11861 12.1505
7.12435 12.9032
7.13008 15
7.13582 13.5417
7.14156 12.8288
7.14729 13.4833
7.15303 16.0917
7.15877 11.172
7.1645 13.5323
7.17024 12.8235
7.17597 15.6122
7.18171 12.0935
7.18745 11.8361
7.19318 11
7.19892 12.6044
7.20466 12.5591
7.21039 15.0513
7.21613 13.21
7.22186 18.7706
7.2276 15.873
7.23334 12.2613
7.23907 14.2637
7.24481 11.9921
7.25054 15.3361
7.25628 12.89
7.26202 14.5405
7.26775 16.4918
7.27349 17.7477
7.27923 15.9355
7.28496 12.373
7.2907 15.2017
7.29643 16.9612
7.30217 16.4862
7.30791 13.1774
7.31364 15.265
7.31938 17.2584
7.32512 15.0923
7.33085 13.6033
7.33659 15.0769
7.34232 16.2286
7.34806 17.3846
7.3538 18.5495
7.35953 16.1398
7.36527 15.9375
7.371 17.9339
7.37674 16.9327
7.38248 19.6147
7.38821 17.704
7.39395 18.6207
7.39969 20.3763
7.40542 19.1
7.41116 21.748
7.41689 24.0094
7.42263 26.0374
7.42837 27.1429
7.4341 29.7227
7.43984 33.6517
7.44558 57.7388
7.45131 135.826
7.45705 272.055
7.46278 501.087
7.46852 360.038
7.47426 222.085
7.47999 180.744
7.48573 112.091
7.49146 92.008
7.4972 93
7.50294 91.243
7.50867 92.3047
7.51441 91.5294
7.52015 94.011
7.52588 95.4848
7.53162 88.232
7.53735 81.5804
7.54309 69.3592
7.54883 59.6136
7.55456 49.4622
7.5603 40.1124
7.56604 34.5075
7.57177 32.304
7.57751 27.6638
7.58324 26.4272
7.58898 22.9466
7.59472 23.7049
7.60045 21.99
7.60619 20.122
7.61192 22.5891
7.61766 20.1121
7.6234 20.4851
7.62913 19.9242
7.63487 18.9917
7.64061 16.098
7.64634 16.8943
7.65208 15.5116
7.65781 17.4746
7.66355 16.3061
7.66929 17.8
7.67502 15.7823
7.68076 20.6604
7.6865 17.8824
7.69223 16.9924
7.69797 17.2288
7.7037 15.396
7.70944 17.4925
7.71518 19.0488
7.72091 17.6909
7.72665 17.9744
7.73238 17.9845
7.73812 19.7213
7.74386 18.8041
7.74959 18.3913
7.75533 19.216
7.76107 18.6429
7.7668 21.513
7.77254 19.3969
7.77827 24.2131
7.78401 29.9596
7.78975 36.3037
7.79548 106.258
7.80122 116.716
7.80696 65.0811
7.81269 65.0451
7.81843 44.379
7.82416 40.9789
7.8299 37.5214
7.83564 36.9134
7.84137 36.1293
7.84711 32.0811
7.85284 37.0305
7.85858 35.9453
7.86432 35.4227
7.87005 35.9353
7.87579 31.0938
7.88153 27.1721
7.88726 24.9439
7.893 19.7852
7.89873 19.2734
7.90447 16.7353
7.91021 14.6391
7.91594 14.6031
7.92168 15.6583
7.92742 15.4381
7.93315 17.4161
7.93889 12.4921
7.94462 15.3947
7.95036 16.9016
7.9561 15.1591
7.96183 13.2857
7.96757 9.53333
7.9733 11.5328
7.97904 12.9462
7.98478 10.4911
7.99051 12.792
7.99625 11.7143
8.00199 13.5
8.00772 11.6139
8.01346 10.8273
8.01919 12.0606
8.02493 14.7034
8.03067 13.7544
8.0364 14.8015
8.04214 12.3984
8.04788 9.16505
8.05361 12.8058
8.05935 12.0515
8.06508 10.0847
8.07082 11.359
8.07656 10.5401
8.08229 11.9297
8.08803 12.1919
8.09376 11.6014
8.0995 9.08333
8.10524 11.2131
8.11097 11.5929
8.11671 13.1606
8.12245 11.0698
8.12818 10.3304
8.13392 10.5379
8.13965 11.3333
8.14539 11.5081
8.15113 10.0991
8.15686 10.5839
8.1626 10.0379
8.16834 8.92373
8.17407 8.38889
8.17981 8.48507
8.18554 7.23077
8.19128 6.79439
8.19702 6.82014
8.20275 5.36567
8.20849 4.33898
8.21422 5.46774
8.21996 3.15217
8.2257 2.74219
8.23143 4.21495
8.23717 -0.944056
8.24291 3.11111
8.24864 1.29091
8.25438 3.52632
8.26011 3.36842
8.26585 3.11111
8.27159 0
8.27732 0
8.28306 0
8.2888 0
8.29453 0
8.30027 0
8.306 0
8.31174 0
8.31748 0
8.32321 0
8.32895 0
8.33468 0
8.34042 0
8.34616 0
8.35189 0
8.35763 0
8.36337 0
8.3691 0
8.37484 0
8.38057 0
8.38631 0
8.39205 0
8.39778 0
8.40352 0
8.40926 0
8.41499 0
8.42073 0
8.42646 0
8.4322 0
8.43794 0
8.44367 0
8.44941 0
8.45514 0
8.46088 0
8.46662 0
8.47235 0
8.47809 0
8.48383 0
8.48956 0
8.4953 0
8.50103 0
8.50677 0
8.51251 0
8.51824 0
8.52398 0
8.52972 0
8.53545 0
8.54119 0
8.54692 0
8.55266 0
8.5584 0
8.56413 0
8.56987 0
8.5756 0
8.58134 0
8.58708 0
8.59281 0
8.59855 0
8.60429 0
8.61002 0
8.61576 0
8.62149 0
8.62723 0
8.63297 0
8.6387 0
8.64444 0
8.65018 0
8.65591 0
8.66165 0
8.66738 0
8.67312 0
8.67886 0
8.68459 0
8.69033 0
8.69606 0
8.7018 0
8.70754 0
8.71327 0
8.71901 0
8.72475 0
8.73048 0
8.73622 0
8.74195 0
8.74769 0
8.75343 0
8.75916 0
8.7649 0
8.77064 0
8.77637 0
8.78211 0
8.78784 0
8.79358 0
8.79932 0
8.80505 0
8.81079 0
8.81652 0
8.82226 0
8.828 0
8.83373 0
8.83947 0
8.84521 0
8.85094 0
8.85668 0
8.86241 0
8.86815 0
8.87389 0
8.87962 0
8.88536 0
8.8911 0
8.89683 0
8.90257 0
8.9083 0
8.91404 0
8.91978 0
8.92551 0
8.93125 0
8.93698 0
8.94272 0
8.94846 0
8.95419 0
8.95993 0
8.96567 0
8.9714 0
8.97714 0
8.98287 0
8.98861 0
8.99435 0
9.00008 0
9.00582 0
9.01156 0
9.01729 0
9.02303 0
9.02876 0
9.0345 0
9.04024 0
9.04597 0
9.05171 0
9.05744 0
9.06318 0
9.06892 0
9.07465 0
9.08039 0
9.08613 0
9.09186 0
9.0976 0
9.10333 0
9.10907 0
9.11481 0
9.12054 0
9.12628 0
9.13202 0
9.13775 0
9.14349 0
9.14922 0
9.15496 0
9.1607 0
9.16643 0
9.17217 0
9.1779 0
9.18364 0
9.18938 0
9.19511 0
9.20085 0
9.20659 0
9.21232 0
9.21806 0
9.22379 0
9.22953 0
9.23527 0
9.241 0
9.24674 0
9.25248 0
9.25821 0
9.26395 0
9.26968 0
9.27542 0
9.28116 0
9.28689 0
9.29263 0
9.29836 0
9.3041 0
9.30984 0
9.31557 0
9.32131 0
9.32705 0
9.33278 0
9.33852 0
9.34425 0
9.34999 0
9.35573 0
9.36146 0
9.3672 0
9.37294 0
9.37867 0
9.38441 0
9.39014 0
9.39588 0
9.40162 0
9.40735 0
9.41309 0
9.41882 0
9.42456 0
9.4303 0
9.43603 0
9.44177 0
9.44751 0
9.45324 0
9.45898 0
9.46471 0
9.47045 0
9.47619 0
9.48192 0
9.48766 0
9.4934 0
9.49913 0
9.50487 0
9.5106 0
9.51634 0
9.52208 0
9.52781 0
9.53355 0
9.53928 0
9.54502 0
9.55076 0
9.55649 0
9.56223 0
9.56797 0
9.5737 0
9.57944 0
9.58517 0
9.59091 0
9.59665 0
9.60238 0
9.60812 0
9.61386 0
9.61959 0
9.62533 0
9.63106 0
9.6368 0
9.64254 0
9.64827 0
9.65401 0
9.65974 0
9.66548 0
9.67122 0
9.67695 0
9.68269 0
9.68843 0
9.69416 0
9.6999 0
9.70563 0
9.71137 0
9.71711 0
9.72284 0
9.72858 0
9.73432 0
9.74005 0
9.74579 0
9.75152 0
9.75726 0
9.763 0
9.76873 0
9.77447 0
9.7802 0
9.78594 0
9.79168 0
9.79741 0
9.80315 0
9.80889 0
9.81462 0
9.82036 0
9.82609 0
9.83183 0
9.83757 0
9.8433 0
9.84904 0
9.85478 0
9.86051 0
9.86625 0
9.87198 0
9.87772 0
9.88346 0
9.88919 0
9.89493 0
9.90066 0
9.9064 0
9.91214 0
9.91787 0
9.92361 0
9.92935 0
9.93508 0
9.94082 0
9.94655 0
9.95229 0
9.95803 0
9.96376 0
9.9695 0
9.97524 0
9.98097 0
9.98671 0
9.99244 0
9.99818 0
10.0039 0
10.0097 0
10.0154 0
10.0211 0
10.0269 0
10.0326 0
10.0383 0
10.0441 0
10.0498 0
10.0555 0
10.0613 0
10.067 0
10.0728 0
10.0785 0
10.0842 0
10.09 0
10.0957 0
10.1014 0
10.1072 0
10.1129 0
10.1186 0
10.1244 0
10.1301 0
10.1358 0
10.1416 0
10.1473 0
10.1531 0
10.1588 0
10.1645 0
10.1703 0
10.176 0
10.1817 0
10.1875 0
10.1932 0
10.1989 0
10.2047 0
10.2104 0
10.2162 0
10.2219 0
10.2276 0
10.2334 0
10.2391 0
10.2448 0
10.2506 0
10.2563 0
10.262 0
10.2678 0
10.2735 0
10.2793 0
10.285 0
10.2907 0
10.2965 0
10.3022 0
10.3079 0
10.3137 0
10.3194 0
10.3251 0
10.3309 0
10.3366 0
10.3424 0
10.3481 0
10.3538 0
10.3596 0
10.3653 0
10.371 0
10.3768 0
10.3825 0
10.3882 0
10.394 0
10.3997 0
10.4054 0
10.4112 0
10.4169 0
10.4227 0
10.4284 0
10.4341 0
10.4399 0
10.4456 0
10.4513 0
10.4571 0
10.4628 0
10.4685 0
10.4743 0
10.48 0
10.4858 0
10.4915 0
10.4972 0
10.503 0
10.5087 0
10.5144 0
10.5202 0
10.5259 0
10.5316 0
10.5374 0
10.5431 0
10.5489 0
10.5546 0
10.5603 0
10.5661 0
10.5718 0
10.5775 0
10.5833 0
10.589 0
10.5947 0
10.6005 0
10.6062 0
10.612 0
10.6177 0
10.6234 0
10.6292 0
10.6349 0
10.6406 0
10.6464 0
10.6521 0
10.6578 0
10.6636 0
10.6693 0
10.6751 0
10.6808 0
10.6865 0
10.6923 0
10.698 0
10.7037 0
10.7095 0
10.7152 0
10.7209 0
10.7267 0
10.7324 0
10.7381 0
10.7439 0
10.7496 0
10.7554 0
10.7611 0
10.7668 0
10.7726 0
10.7783 0
10.784 0
10.7898 0
10.7955 0
10.8012 0
10.807 0
10.8127 0
10.8185 0
10.8242 0
10.8299 0
10.8357 0
10.8414 0
10.8471 0
10.8529 0
10.8586 0
10.8643 0
10.8701 0
10.8758 0
10.8816 0
10.8873 0
10.893 0
10.8988 0
10.9045 0
10.9102 0
10.916 0
10.9217 0
10.9274 0
10.9332 0
10.9389 0
10.9447 0
10.9504 0
10.9561 0
10.9619 0
10.9676 0
10.9733 0
10.9791 0
10.9848 0
10.9905 0
10.9963 0
11.002 0
11.0077 0
11.0135 0
11.0192 0
11.025 0
11.0307 0
11.0364 0
11.0422 0
11.0479 0
11.0536 0
11.0594 0
11.0651 0
11.0708 0
11.0766 0
11.0823 0
11.0881 0
11.0938 0
11.0995 0
11.1053 0
11.111 0
11.1167 0
11.1225 0
11.1282 0
11.1339 0
11.1397 0
11.1454 0
11.1512 0
11.1569 0
11.1626 0
11.1684 0
11.1741 0
11.1798 0
11.1856 0
11.1913 0
11.197 0
11.2028 0
11.2085 0
11.2143 0
11.22 0
11.2257 0
11.2315 0
11.2372 0
11.2429 0
11.2487 0
11.2544 0
11.2601 0
11.2659 0
11.2716 0
11.2774 0
11.2831 0
11.2888 0
11.2946 0
11.3003 0
11.306 0
11.3118 0
11.3175 0
11.3232 0
11.329 0
11.3347 0
11.3404 0
11.3462 0
11.3519 0
11.3577 0
11.3634 0
11.3691 0
11.3749 0
11.3806 0
11.3863 0
11.3921 0
11.3978 0
11.4035 0
11.4093 0
11.415 0
11.4208 0
11.4265 0
11.4322 0
11.438 0
11.4437 0
11.4494 0
11.4552 0
11.4609 0
11.4666 0
11.4724 0
11.4781 0
11.4839 0
11.4896 0
11.4953 0
11.5011 0
11.5068 0
11.5125 0
11.5183 0
11.524 0
11.5297 0
11.5355 0
11.5412 0
11.547 0
11.5527 0
11.5584 0
11.5642 0
11.5699 0
11.5756 0
11.5814 0
11.5871 0
11.5928 0
11.5986 0
11.6043 0
11.61 0
11.6158 0
11.6215 0
11.6273 0
11.633 0
11.6387 0
11.6445 0
11.6502 0
11.6559 0
11.6617 0
11.6674 0
11.6731 0
11.6789 0
11.6846 0
11.6904 0
11.6961 0
11.7018 0
11.7076 0
11.7133 0
11.719 0
11.7248 0
11.7305 0
11.7362 0
11.742 0
