0 12
0.00573619 -2
0.0114724 -6
0.0172086 0
0.0229448 -16
0.028681 -11
0.0344171 0
0.0401533 9
0.0458895 25
0.0516257 20
0.0573619 0
0.0630981 -25
0.0688343 -13
0.0745705 0
0.0803067 2
0.0860429 3
0.091779 0
0.0975152 -1.66667
0.103251 -6
0.108988 8
0.114724 0
0.12046 -7
0.126196 8.66667
0.131932 0
0.137669 3.66667
0.143405 11.6667
0.149141 20
0.154877 -4
0.160613 12
0.16635 3.33333
0.172086 0
0.177822 10.3333
0.183558 7.8
0.189294 0
0.19503 2.8
0.200767 10.6
0.206503 12
0.212239 -5
0.217975 0.2
0.223711 6.2
0.229448 0
0.235184 13.6
0.24092 13.6
0.246656 0
0.252392 6.8
0.258129 2.4
0.263865 20
0.269601 0
0.275337 15.4
0.281073 3.57143
0.28681 0
0.292546 18
0.298282 11
0.304018 6.66667
0.309754 22
0.31549 15
0.321227 12.4286
0.326963 0
0.332699 8.71429
0.338435 4.85714
0.344171 0
0.349908 12.2857
0.355644 13.1429
0.36138 6.4
0.367116 22.5
0.372852 13.5556
0.378589 21.2857
0.384325 -8
0.390061 9.88889
0.395797 12.8889
0.401533 0
0.40727 9.33333
0.413006 11.6667
0.418742 -3.28571
0.424478 3
0.430214 6.55556
0.43595 18.5556
0.441687 0
0.447423 9.55556
0.453159 9.88889
0.458895 17.3333
0.464631 7.14286
0.470368 12.1818
0.476104 3.22222
0.48184 -3
0.487576 6.09091
0.493312 9.09091
0.499049 0
0.504785 8.54545
0.510521 11.4545
0.516257 17
0.521993 5.5
0.52773 14.9091
0.533466 22.4444
0.539202 22.5
0.544938 14.3636
0.550674 10.2727
0.55641 0
0.562147 13.6154
0.567883 24.2308
0.573619 14.5714
0.579355 12.5
0.585091 28.6923
0.590828 39.0909
0.596564 22.5
0.6023 138.692
0.608036 95.0769
0.613772 30.2
0.619509 22.875
0.625245 15.6154
0.630981 15.8889
0.636717 34.75
0.642453 21.6154
0.64819 12.8462
0.653926 8
0.659662 14.4
0.665398 15
0.671134 12.7143
0.67687 8.75
0.682607 12
0.688343 20.7273
0.694079 8
0.699815 15.2667
0.705551 16.6
0.711288 27
0.717024 5.57143
0.72276 19.4
0.728496 10.5556
0.734232 19.8333
0.739969 13.625
0.745705 17.8462
0.751441 7.25
0.757177 12.2941
0.762913 12.3529
0.76865 15.6
0.774386 12.75
0.780122 13.3529
0.785858 19.5455
0.791594 -0.166667
0.79733 14.8824
0.803067 17.9333
0.808803 41.5
0.814539 13.1765
0.820275 24.9412
0.826011 8.55556
0.831748 18
0.837484 15.2222
0.84322 7.84615
0.848956 8.16667
0.854692 15.2632
0.860429 18.7059
0.866165 8.2
0.871901 16.0625
0.877637 17.3158
0.883373 14.9091
0.88911 18.125
0.894846 16.5789
0.900582 19.0667
0.906318 38.25
0.912054 15.9474
0.91779 6.47059
0.923527 7.11111
0.929263 18.5385
0.934999 9.7619
0.940735 13.3077
0.946471 6.25
0.952208 9.14286
0.957944 13.9412
0.96368 13.75
0.969416 15.7143
0.975152 12.7368
0.980889 15.5455
0.986625 18.6667
0.992361 13.8095
0.998097 6.53333
1.00383 11.8333
1.00957 15.3333
1.01531 18.4118
1.02104 19.1
1.02678 18.9412
1.03251 18.9048
1.03825 6.23077
1.04399 18.75
1.04972 14.0435
1.05546 12.9412
1.0612 29.6667
1.06693 12.4348
1.07267 14.1053
1.0784 15.4615
1.08414 15.5
1.08988 11.1304
1.09561 14.4
1.10135 14.75
1.10708 16.1304
1.11282 12.8235
1.11856 9.85714
1.12429 17.12
1.13003 14.9048
1.13577 17.0667
1.1415 16.5
1.14724 12.6
1.15297 9.73333
1.15871 17.7
1.16445 17.56
1.17018 12.0526
1.17592 7.07692
1.18166 14.6111
1.18739 14.9565
1.19313 14.1333
1.19886 13.8333
1.2046 16.16
1.21034 15.3889
1.21607 8.88889
1.22181 15
1.22754 16.9524
1.23328 12.5294
1.23902 11.8125
1.24475 14.12
1.25049 10.5882
1.25623 9.83333
1.26196 13.6667
1.2677 7.94737
1.27343 15.9231
1.27917 13.7273
1.28491 13.4348
1.29064 9.29412
1.29638 11.4286
1.30212 8.7037
1.30785 16.8333
1.31359 13.75
1.31932 13.6552
1.32506 12.1429
1.3308 11.8235
1.33653 10.2
1.34227 11.08
1.348 18.6316
1.35374 12.9286
1.35948 9.11111
1.36521 12.3333
1.37095 9.8
1.37669 11.7241
1.38242 14.7826
1.38816 12.8824
1.39389 12.5789
1.39963 11.8148
1.40537 10.25
1.4111 9.07143
1.41684 16.8276
1.42258 12.8261
1.42831 15.2353
1.43405 11.75
1.43978 12.64
1.44552 12.381
1.45126 11.75
1.45699 16.931
1.46273 12.9048
1.46846 14.9167
1.4742 9.87097
1.47994 8.26087
1.48567 13
1.49141 10.1429
1.49715 15.8148
1.50288 15.8696
1.50862 14
1.51435 15.7931
1.52009 13.48
1.52583 14.5333
1.53156 15.1
1.5373 18.8
1.54304 17.9048
1.54877 9.95
1.55451 10.3103
1.56024 15.913
1.56598 12
1.57172 14.3548
1.57745 11.12
1.58319 16
1.58892 7.88
1.59466 12.7407
1.6004 10.6
1.60613 14.3333
1.61187 14.7742
1.61761 15.4
1.62334 16.5714
1.62908 12.9697
1.63481 15.8148
1.64055 10.5217
1.64629 16.3636
1.65202 17.7931
1.65776 12.6
1.6635 13.9375
1.66923 11.4516
1.67497 12.0714
1.6807 19.1
1.68644 16.0714
1.69218 14.1724
1.69791 7.76
1.70365 15.6818
1.70938 16.0323
1.71512 12.8519
1.72086 11.25
1.72659 14.7879
1.73233 10.3103
1.73807 16.0435
1.7438 7.26923
1.74954 18.5172
1.75527 15.963
1.76101 15.2632
1.76675 20.5758
1.77248 14.3929
1.77822 12.05
1.78396 16.8333
1.78969 19.5161
1.79543 13.2222
1.80116 9
1.8069 16.7419
1.81264 17.7586
1.81837 10.6111
1.82411 15.7714
1.82984 12.3448
1.83558 15.08
1.84132 9.26923
1.84705 13.7419
1.85279 13.3704
1.85853 16.0435
1.86426 19.3939
1.87 16.1
1.87573 13
1.88147 13.1714
1.88721 16.6061
1.89294 13.2222
1.89868 20.0385
1.90442 14.5152
1.91015 19.7419
1.91589 18.1
1.92162 22.0571
1.92736 27.9355
1.9331 22.24
1.93883 23.2857
1.94457 16.8485
1.9503 21.0667
1.95604 21.2917
1.96178 19.7059
1.96751 17.6562
1.97325 14.55
1.97899 10.4324
1.98472 17.3636
1.99046 21.9655
1.99619 11.4231
2.00193 17.7714
2.00767 17.5161
2.0134 20.2917
2.01914 16.2857
2.02488 22.9697
2.03061 14.12
2.03635 21.7812
2.04208 13.8824
2.04782 11.0312
2.05356 16.7083
2.05929 18.6389
2.06503 18.0286
2.07076 21.4091
2.0765 12.3784
2.08224 18.4
2.08797 15.2759
2.09371 18.2143
2.09945 13.7027
2.10518 16.5455
2.11092 15
2.11665 14.4324
2.12239 12.6
2.12813 14.9565
2.13386 13.5
2.1396 18.6111
2.14534 13.75
2.15107 20.2692
2.15681 18.0263
2.16254 16.8108
2.16828 15.5
2.17402 15.7949
2.17975 13.5676
2.18549 21.6452
2.19122 15.6333
2.19696 16.3514
2.2027 19.1429
2.20843 15.3333
2.21417 37.3077
2.21991 87.1351
2.22564 48.5455
2.23138 69.475
2.23711 42.3684
2.24285 23.1471
2.24859 21.6786
2.25432 16.4103
2.26006 17.3846
2.2658 23.2727
2.27153 21.2439
2.27727 18.8205
2.283 12.8065
2.28874 25.2812
2.29448 20
2.30021 19.2703
2.30595 19.2308
2.31168 22.3333
2.31742 20.0256
2.32316 17.3182
2.32889 13.9286
2.33463 19.325
2.34037 22.2778
2.3461 21.3929
2.35184 19.0465
2.35757 18.1351
2.36331 24.0385
2.36905 24.0244
2.37478 21.5854
2.38052 19.129
2.38626 16.5588
2.39199 19.814
2.39773 18.4324
2.40346 17.0769
2.4092 17.3953
2.41494 15.175
2.42067 20.0455
2.42641 19.3864
2.43214 12.6905
2.43788 16.8
2.44362 16.2188
2.44935 15.9556
2.45509 15.3846
2.46083 21.5385
2.46656 21.3556
2.4723 16.7317
2.47803 14.069
2.48377 18.3
2.48951 14.4651
2.49524 16.5897
2.50098 16.4231
2.50672 19.0217
2.51245 17.4286
2.51819 14.7083
2.52392 18.3913
2.52966 24.2273
2.5354 19.1515
2.54113 21.75
2.54687 13.5556
2.5526 17.5366
2.55834 13.5385
2.56408 24.3404
2.56981 16.0698
2.57555 13.3103
2.58129 16.4048
2.58702 16.4667
2.59276 17.6757
2.59849 18.5312
2.60423 18.1522
2.60997 15.3409
2.6157 23.7083
2.62144 17.9375
2.62718 17.8936
2.63291 13.6571
2.63865 14.1111
2.64438 18.5745
2.65012 21.1707
2.65586 12.8
2.66159 17.4894
2.66733 18.0444
2.67306 16.84
2.6788 13.75
2.68454 15.7234
2.69027 18.5897
2.69601 14.1212
2.70175 13.375
2.70748 23.5111
2.71322 15.3333
2.71895 19.4375
2.72469 16.8571
2.73043 16.2286
2.73616 16.6579
2.7419 19.898
2.74764 19.1163
2.75337 17.1667
2.75911 15.6735
2.76484 18.5102
2.77058 20.125
2.77632 17.0816
2.78205 21.62
2.78779 16.2051
2.79352 15.2571
2.79926 18.8269
2.805 18.7778
2.81073 19.8519
2.81647 14.7925
2.82221 20.102
2.82794 16.8108
2.83368 16.1316
2.83941 14.2642
2.84515 16.0976
2.85089 19.6875
2.85662 22.1698
2.86236 15.6122
2.8681 22.75
2.87383 15.1698
2.87957 18.66
2.8853 17.7805
2.89104 21.3514
2.89678 17.5385
2.90251 17.0444
2.90825 17.4828
2.91398 20.6364
2.91972 18.3922
2.92546 14.8108
2.93119 16.9048
2.93693 19.6792
2.94267 20.3333
2.9484 19.6562
2.95414 17
2.95987 19.7143
2.96561 17.9615
2.97135 19.3214
2.97708 18.2593
2.98282 21.4872
2.98856 18.5641
2.99429 21.2037
3.00003 21.617
3.00576 20.0938
3.0115 19.3636
3.01724 21.0943
3.02297 18.4595
3.02871 18.3182
3.03444 25.7273
3.04018 23.2
3.04592 18.9706
3.05165 22.4182
3.05739 22.2353
3.06313 27.6552
3.06886 21.6964
3.0746 22.0727
3.08033 19.6818
3.08607 22.7297
3.09181 21.5
3.09754 21.1429
3.10328 20.9062
3.10902 21.2373
3.11475 21.4906
3.12049 23.9744
3.12622 20.9783
3.13196 20.2364
3.1377 26.5319
3.14343 22.8333
3.14917 23.5965
3.1549 27.5882
3.16064 26.5517
3.16638 23.1667
3.17211 24.5636
3.17785 24
3.18359 24.7561
3.18932 19
3.19506 21.2245
3.20079 26.5882
3.20653 23.9322
3.21227 22.2075
3.218 17.5122
3.22374 25.6042
3.22948 20.8983
3.23521 24.7556
3.24095 23.5263
3.24668 22.9167
3.25242 26.6981
3.25816 23.8529
3.26389 25.4386
3.26963 22.4211
3.27536 23.8696
3.2811 28.8293
3.28684 24.459
3.29257 25.551
3.29831 25.3333
3.30405 24.5079
3.30978 24.4727
3.31552 25.7442
3.32125 31.1667
3.32699 26.7544
3.33273 24.2941
3.33846 27.0263
3.3442 28.0645
3.34994 30.3725
3.35567 29.3421
3.36141 25.3559
3.36714 27.9474
3.37288 25.3958
3.37862 27.3864
3.38435 26.7213
3.39009 32.3962
3.39582 26.1667
3.40156 25.7302
3.4073 30.0182
3.41303 27.7447
3.41877 29.9167
3.42451 31.8033
3.43024 33
3.43598 32.5122
3.44171 32.8254
3.44745 32.1429
3.45319 31.4762
3.45892 28.5091
3.46466 29.7627
3.4704 30.12
3.47613 31.6591
3.48187 26.4921
3.4876 29.6604
3.49334 33.2105
3.49908 32.1194
3.50481 29.9825
3.51055 33.3191
3.51628 35.56
3.52202 33.9672
3.52776 34.8704
3.53349 38.8293
3.53923 33.0923
3.54497 34.6296
3.5507 39.0417
3.55644 43.3273
3.56217 43.5085
3.56791 41.7358
3.57365 37.913
3.57938 34.4615
3.58512 30.8909
3.59086 41.4737
3.59659 35.1642
3.60233 39.5593
3.60806 36.7843
3.6138 33.3542
3.61954 38.1905
3.62527 41.2143
3.63101 39.4634
3.63674 38.8806
3.64248 38.3448
3.64822 39.3125
3.65395 42.7719
3.65969 45.2623
3.66543 44.3455
3.67116 49.2609
3.6769 48.254
3.68263 48.3279
3.68837 51.5263
3.69411 50.8696
3.69984 49.339
3.70558 48.434
3.71132 46.7059
3.71705 50.7231
3.72279 49.1964
3.72852 50.6047
3.73426 52.9104
3.74 54.0484
3.74573 56.24
3.75147 53.0536
3.7572 52.6032
3.76294 57.8814
3.76868 56.6136
3.77441 58.1045
3.78015 56.5254
3.78589 56.7234
3.79162 58.1875
3.79736 64.3651
3.80309 66.5
3.80883 68.3529
3.81457 66.5077
3.8203 70.9333
3.82604 74.5349
3.83178 78.8261
3.83751 89.1613
3.84325 105.429
3.84898 125.778
3.85472 212.825
3.86046 265.803
3.86619 328.891
3.87193 311.551
3.87766 285.393
3.8834 223.784
3.88914 249.467
3.89487 268.6
3.90061 311.467
3.90635 331.184
3.91208 327.925
3.91782 275.469
3.92355 229.854
3.92929 183.958
3.93503 149.609
3.94076 126.78
3.9465 109.185
3.95224 95.1343
3.95797 87.2698
3.96371 82.6739
3.96944 76.1972
3.97518 70.0794
3.98092 70.8182
3.98665 68.1897
3.99239 64.25
3.99812 65.4677
4.00386 63.8776
4.0096 59.8116
4.01533 63.3594
4.02107 57.54
4.02681 59.4697
4.03254 58.5909
4.03828 54.3934
4.04401 58.5962
4.04975 54.5211
4.05549 55.8769
4.06122 54.1304
4.06696 55.2319
4.0727 53.913
4.07843 52.0667
4.08417 52.5714
4.0899 49.0882
4.09564 52.3438
4.10138 54.44
4.10711 51.2083
4.11285 51
4.11858 50.8214
4.12432 52.9355
4.13006 47.7246
4.13579 51.8413
4.14153 53.4615
4.14727 48.7397
4.153 50.8209
4.15874 51.8636
4.16447 51.2603
4.17021 52.507
4.17595 51.8387
4.18168 55.8393
4.18742 54.0143
4.19316 53.803
4.19889 50.6
4.20463 55.8514
4.21036 56.0441
4.2161 50.2167
4.22184 53.1207
4.22757 51.4795
4.23331 50.8358
4.23904 51.18
4.24478 53.5333
4.25052 56.5362
4.25625 51.4727
4.26199 52.6562
4.26773 52.0278
4.27346 57.197
4.2792 53.8036
4.28493 58.1111
4.29067 56.8286
4.29641 57.5833
4.30214 58.8158
4.30788 78.6571
4.31362 204.492
4.31935 78.0357
4.32509 440.533
4.33082 149.101
4.33656 85.24
4.3423 64.04
4.34803 68.4658
4.35377 71.5806
4.3595 73.05
4.36524 75.5676
4.37098 77.4143
4.37671 75.2593
4.38245 85.6081
4.38819 86.9444
4.39392 91.8246
4.39966 99.9565
4.40539 109.389
4.41113 122.884
4.41687 128.63
4.4226 156.351
4.42834 220.808
4.43408 379.917
4.43981 612.857
4.44555 2440.61
4.45128 9626.91
4.45702 5015.68
4.46276 6015.2
4.46849 2485.71
4.47423 716.815
4.47996 566.237
4.4857 330.459
4.49144 232.6
4.49717 205.286
4.50291 189.481
4.50865 172.014
4.51438 164.865
4.52012 154.329
4.52585 141.867
4.53159 125.316
4.53733 118.529
4.54306 105.812
4.5488 89.403
4.55454 78.193
4.56027 79.6125
4.56601 69.8108
4.57174 71.3654
4.57748 67.1795
4.58322 60.0897
4.58895 56.9403
4.59469 57.7541
4.60042 50.481
4.60616 49.1333
4.6119 52.22
4.61763 48.3976
4.62337 43.8312
4.62911 46.6825
4.63484 42.2812
4.64058 45.7805
4.64631 41.5
4.65205 41.6786
4.65779 40.625
4.66352 42.5897
4.66926 34.9672
4.675 39.9577
4.68073 39
4.68647 39.3425
4.6922 39.8793
4.69794 39.4074
4.70368 35.8052
4.70941 36.22
4.71515 33.5882
4.72088 31.7089
4.72662 34.2754
4.73236 35.4444
4.73809 38.6585
4.74383 32.9103
4.74957 36.4615
4.7553 35.7857
4.76104 33.95
4.76677 33.4478
4.77251 32.7846
4.77825 32.0976
4.78398 33.2
4.78972 32.5536
4.79546 29.2588
4.80119 30.7722
4.80693 32.4
4.81266 33.2143
4.8184 31.5
4.82414 31.8904
4.82987 32.3934
4.83561 31.4524
4.84134 28.9875
4.84708 31.283
4.85282 28.4235
4.85855 28.9634
4.86429 36.0423
4.87003 31.3607
4.87576 27.7816
4.8815 26.6456
4.88723 31.0741
4.89297 26.4588
4.89871 26.747
4.90444 29.9155
4.91018 30.7273
4.91592 27.75
4.92165 29.9114
4.92739 27.1404
4.93312 27.8953
4.93886 25.7738
4.9446 25.2985
4.95033 26.8592
4.95607 29.0465
4.9618 24.4156
4.96754 28
4.97328 24.9885
4.97901 22.8916
4.98475 29.7213
4.99049 25.6667
4.99622 26.3793
5.00196 25.6986
5.00769 26.1111
5.01343 23.625
5.01917 23.6627
5.0249 24.5849
5.03064 29.3444
5.03638 25.5116
5.04211 24.7467
5.04785 24.1231
5.05358 26.4535
5.05932 23.9877
5.06506 22.3966
5.07079 25.9326
5.07653 25.3563
5.08226 22.1268
5.088 26.2429
5.09374 23.0444
5.09947 25.0909
5.10521 26.746
5.11095 23.9556
5.11668 24.2235
5.12242 21.5909
5.12815 25.7662
5.13389 24.5556
5.13963 26.026
5.14536 27.4262
5.1511 23.9891
5.15684 23.9639
5.16257 27.4286
5.16831 26.869
5.17404 23.7079
5.17978 26.6234
5.18552 25.8333
5.19125 23.0444
5.19699 24.5181
5.20272 22.6949
5.20846 24.0978
5.2142 24.4494
5.21993 26.2237
5.22567 25.913
5.23141 17.9239
5.23714 23.8642
5.24288 20.9508
5.24861 25.8495
5.25435 25.382
5.26009 25.9437
5.26582 24.5789
5.27156 25.7033
5.2773 24.4684
5.28303 22.3077
5.28877 26.9787
5.2945 27.0345
5.30024 23.0972
5.30598 24.0127
5.31171 27.7191
5.31745 24.6707
5.32318 27.2
5.32892 26.1489
5.33466 23.4368
5.34039 26.8939
5.34613 21.2442
5.35187 25.8352
5.3576 23.7654
5.36334 21.9545
5.36907 24.8542
5.37481 22.4588
5.38055 29.2459
5.38628 23.4792
5.39202 24.033
5.39776 24.15
5.40349 24.4085
5.40923 25.4479
5.41496 26.1481
5.4207 22.2698
5.42644 22.6633
5.43217 24.427
5.43791 23.7342
5.44364 20.7162
5.44938 25.3711
5.45512 25.2963
5.46085 24.8788
5.46659 21.4082
5.47233 25.3933
5.47806 26.5
5.4838 21.8765
5.48953 24.7097
5.49527 21.8929
5.50101 23.791
5.50674 26.3673
5.51248 25.9213
5.51822 20.473
5.52395 23.3735
5.52969 26.6559
5.53542 25.6824
5.54116 23.9559
5.5469 23.7778
5.55263 23.5955
5.55837 25.8472
5.5641 25.9888
5.56984 22.2151
5.57558 23.7738
5.58131 24
5.58705 23.2323
5.59279 23.9205
5.59852 21.746
5.60426 11.86
5.60999 20.1075
5.61573 24.622
5.62147 20.1447
5.6272 23.3402
5.63294 22.7586
5.63868 22.6061
5.64441 26.3069
5.65015 23.2903
5.65588 24.2738
5.66162 24.2078
5.66736 26.5455
5.67309 25.3953
5.67883 23.9855
5.68456 24.6139
5.6903 29.1889
5.69604 24
5.70177 22.1205
5.70751 23.9158
5.71325 25.8523
5.71898 24.2778
5.72472 21.0404
5.73045 23.9355
5.73619 23.6203
5.74193 24.4045
5.74766 21.6421
5.7534 25.3295
5.75914 24.831
5.76487 21.1287
5.77061 25.5532
5.77634 26
5.78208 24.6629
5.78782 26.1649
5.79355 24.3372
5.79929 25.36
5.80502 24.6634
5.81076 26.4516
5.8165 26.7467
5.82223 27.2604
5.82797 22.4742
5.83371 28.1279
5.83944 24.8354
5.84518 29.6364
5.85091 26.1979
5.85665 26.2462
5.86239 30.6381
5.86812 25.898
5.87386 23.907
5.8796 27.4304
5.88533 28.4356
5.89107 23.9891
5.8968 27.7391
5.90254 25.3238
5.90828 25.1818
5.91401 24.7059
5.91975 24.8293
5.92548 27.8687
5.93122 27.6596
5.93696 30.863
5.94269 27.2762
5.94843 29.2188
5.95417 28.1136
5.9599 30.0706
5.96564 27.8283
5.97137 26.4787
5.97711 29.4932
5.98285 28.8544
5.98858 27.8878
5.99432 29.3294
6.00006 29.6444
6.00579 29.1515
6.01153 29.5699
6.01726 30.9067
6.023 30.8857
6.02874 31.6042
6.03447 29.8068
6.04021 32.9333
6.04594 30.4796
6.05168 33.6562
6.05742 32.7013
6.06315 31.9714
6.06889 31.4583
6.07463 30.6667
6.08036 30.8723
6.0861 31.3776
6.09183 32.3918
6.09757 32.6154
6.10331 32.2
6.10904 32.2917
6.11478 35.7791
6.12052 33.9583
6.12625 33.55
6.13199 30.6915
6.13772 33.8902
6.14346 30.4314
6.1492 34.54
6.15493 37.85
6.16067 37.6078
6.1664 34.9286
6.17214 36.4787
6.17788 36.6667
6.18361 34.1942
6.18935 35.5758
6.19509 41.7703
6.20082 33.0092
6.20656 39.8235
6.21229 41.6979
6.21803 42.2073
6.22377 42.4906
6.2295 42.19
6.23524 41.4667
6.24098 44.4128
6.24671 47.0392
6.25245 46.3617
6.25818 43.2558
6.26392 49.7451
6.26966 49.5
6.27539 50.6447
6.28113 49.8807
6.28686 55.0396
6.2926 61.0938
6.29834 71.2614
6.30407 93.6058
6.30981 136.755
6.31555 434.09
6.32128 1163.26
6.32702 660.971
6.33275 329.417
6.33849 170.227
6.34423 105.962
6.34996 89.1471
6.3557 91.3077
6.36144 93.8704
6.36717 101.181
6.37291 102.379
6.37864 107.511
6.38438 108.858
6.39012 105.775
6.39585 98.1875
6.40159 87.5093
6.40732 78.9444
6.41306 68.5745
6.4188 62.3913
6.42453 58.5472
6.43027 53.6078
6.43601 47.7073
6.44174 49.0943
6.44748 47.4259
6.45321 45.3723
6.45895 44.2826
6.46469 42.4095
6.47042 41.5534
6.47616 41.2024
6.4819 40.6
6.48763 43.1019
6.49337 43.4731
6.4991 39.7684
6.50484 35.4167
6.51058 36.9608
6.51631 37.4286
6.52205 42.7273
6.52778 38.2778
6.53352 37.9783
6.53926 39.5729
6.54499 36.1759
6.55073 37.7379
6.55647 35.9405
6.5622 35.9911
6.56794 36.8519
6.57367 38.2581
6.57941 36.9789
6.58515 37.0357
6.59088 39.0192
6.59662 37.5952
6.60236 36.2807
6.60809 33.3868
6.61383 34.1398
6.61956 35.2268
6.6253 34.4018
6.63104 35.549
6.63677 35.8256
6.64251 34.4474
6.64824 34.215
6.65398 35.9121
6.65972 35.4706
6.66545 35.0982
6.67119 34.9231
6.67693 37.8721
6.68266 33.2586
6.6884 33.9722
6.69413 34.6703
6.69987 33.8544
6.70561 35.7679
6.71134 35.3654
6.71708 34.0682
6.72282 36.8596
6.72855 35.2963
6.73429 35.0674
6.74002 31.5
6.74576 29.4435
6.7515 33.9515
6.75723 35.1348
6.76297 34.4224
6.7687 34.3393
6.77444 32.4157
6.78018 37.1143
6.78591 32.2586
6.79165 31.2617
6.79739 31.5057
6.80312 35.1228
6.80886 30.4196
6.81459 32.978
6.82033 33.0952
6.82607 35.1034
6.8318 33.3333
6.83754 34.1705
6.84328 32.8898
6.84901 34.0804
6.85475 32.7692
6.86048 34.8532
6.86622 32.2241
6.87196 32.5234
6.87769 33.3563
6.88343 36.822
6.88916 33.4035
6.8949 34.5747
6.90064 29.7168
6.90637 32.9298
6.91211 34.0748
6.91785 34.3103
6.92358 34.9174
6.92932 35.8673
6.93505 32.809
6.94079 36.1681
6.94653 33.5431
6.95226 32.3271
6.958 32.0659
6.96374 32.2167
6.96947 33.9912
6.97521 37.2637
6.98094 34.1622
6.98668 33.8276
6.99242 34.0367
6.99815 29.7079
7.00389 33.9167
7.00962 36.569
7.01536 32.9341
7.0211 34.9364
7.02683 31.7131
7.03257 31.5981
7.03831 34.5054
7.04404 32.7787
7.04978 30.9826
7.05551 33.8298
7.06125 33.3303
7.06699 34.418
7.07272 33.1743
7.07846 34.9888
7.0842 35.0738
7.08993 32.5431
7.09567 35.2796
7.1014 33.5929
7.10714 36.0504
7.11288 36.2477
7.11861 32.3011
7.12435 35.75
7.13008 35.9658
7.13582 36.3125
7.14156 39.4685
7.14729 36.55
7.15303 36.0642
7.15877 34.8387
7.1645 37.0161
7.17024 40.6471
7.17597 32.551
7.18171 36.0187
7.18745 35.5
7.19318 37.9369
7.19892 35.2308
7.20466 37.9449
7.21039 38.3419
7.21613 39.64
7.22186 37
7.2276 37.5873
7.23334 38.2342
7.23907 40.3077
7.24481 37.5635
7.25054 39.9496
7.25628 41.51
7.26202 38.964
7.26775 36.0738
7.27349 40.5766
7.27923 39.9032
7.28496 37.2698
7.2907 39.5966
7.29643 39.4563
7.30217 42.8899
7.30791 39.0726
7.31364 40.5641
7.31938 40.2135
7.32512 41.6077
7.33085 42.1983
7.33659 42.4712
7.34232 42.5619
7.34806 44.7923
7.3538 43.5856
7.35953 43.3011
7.36527 45.7188
7.371 46.3471
7.37674 45.5962
7.38248 52.1651
7.38821 56.192
7.39395 65.5086
7.39969 91.4731
7.40542 158.5
7.41116 207.22
7.41689 250.057
7.42263 121.776
7.42837 91.881
7.4341 76.5294
7.43984 73.7528
7.44558 70.1791
7.45131 71.7603
7.45705 72
7.46278 79.1748
7.46852 81.5
7.47426 85.0513
7.47999 87.8556
7.48573 93.8864
7.49146 93.368
7.4972 86.7182
7.50294 81.729
7.50867 77.2344
7.51441 69.4454
7.52015 60.4286
7.52588 59.0303
7.53162 54.136
7.53735 50.5625
7.54309 52.4757
7.54883 47.9848
7.55456 45.2101
7.5603 44.9213
7.56604 44.5224
7.57177 43.104
7.57751 44.4138
7.58324 42.2233
7.58898 44.6718
7.59472 42.5984
7.60045 42.35
7.60619 42.5366
7.61192 41.3333
7.61766 40.5517
7.6234 41.0495
7.62913 41.4773
7.63487 40.0578
7.64061 43.3922
7.64634 40.5285
7.65208 40.9225
7.65781 41.5085
7.66355 41.0408
7.66929 41.6889
7.67502 41.7419
7.68076 39.5849
7.6865 39.8655
7.69223 42.8168
7.69797 44.3814
7.7037 40.297
7.70944 44.7985
7.71518 41.7317
7.72091 47.2636
7.72665 48.0769
7.73238 60.7752
7.73812 77.9508
7.74386 128.412
7.74959 106.681
7.75533 59.752
7.76107 53.3304
7.7668 52.1739
7.77254 49.374
7.77827 47.8852
7.78401 47.2626
7.78975 46.1333
7.79548 47.2891
7.80122 50.431
7.80696 49.6847
7.81269 50.0827
7.81843 49.7097
7.82416 50.0947
7.8299 51.1071
7.83564 47.6535
7.84137 48.0603
7.84711 43.7748
7.85284 39.8244
7.85858 41.8203
7.86432 39.3196
7.87005 39.1799
7.87579 36.4766
7.88153 35.4508
7.88726 32.9626
7.893 35.8148
7.89873 33.5391
7.90447 35.1078
7.91021 31.7744
7.91594 33.9313
7.92168 34.5917
7.92742 31.9905
7.93315 32.7956
7.93889 32.1111
7.94462 33.1667
7.95036 30.6393
7.9561 31.1212
7.96183 31.3333
7.96757 30.6
7.9733 33.4161
7.97904 31.4231
7.98478 31.6786
7.99051 29.808
7.99625 30.2707
8.00199 30.0887
8.00772 29.703
8.01346 32.2014
8.01919 31.5303
8.02493 28.6949
8.03067 28.5789
8.0364 29.4632
8.04214 31.625
8.04788 29.6893
8.05361 27.3094
8.05935 29.0735
8.06508 28.7458
8.07082 30.1111
8.07656 28.7445
8.08229 28.9062
8.08803 29.1616
8.09376 26.8741
8.0995 31.0758
8.10524 27.8525
8.11097 31.6018
8.11671 27.0803
8.12245 30.5736
8.12818 28.5982
8.13392 26.7727
8.13965 27.8913
8.14539 25.9113
8.15113 23.0631
8.15686 23.0657
8.1626 21.8939
8.16834 21.7034
8.17407 22.0159
8.17981 17.2313
8.18554 18.3923
8.19128 15.6636
8.19702 16.7482
8.20275 16.1194
8.20849 15.7881
8.21422 14.9113
8.21996 13.6014
8.2257 10.0859
8.23143 10.1402
8.23717 6.41958
8.24291 8.75309
8.24864 6.12727
8.25438 6.31579
8.26011 8.73684
8.26585 6
8.27159 0
8.27732 0
8.28306 0
8.2888 0
8.29453 0
8.30027 0
8.306 0
8.31174 0
8.31748 0
8.32321 0
8.32895 0
8.33468 0
8.34042 0
8.34616 0
8.35189 0
8.35763 0
8.36337 0
8.3691 0
8.37484 0
8.38057 0
8.38631 0
8.39205 0
8.39778 0
8.40352 0
8.40926 0
8.41499 0
8.42073 0
8.42646 0
8.4322 0
8.43794 0
8.44367 0
8.44941 0
8.45514 0
8.46088 0
8.46662 0
8.47235 0
8.47809 0
8.48383 0
8.48956 0
8.4953 0
8.50103 0
8.50677 0
8.51251 0
8.51824 0
8.52398 0
8.52972 0
8.53545 0
8.54119 0
8.54692 0
8.55266 0
8.5584 0
8.56413 0
8.56987 0
8.5756 0
8.58134 0
8.58708 0
8.59281 0
8.59855 0
8.60429 0
8.61002 0
8.61576 0
8.62149 0
8.62723 0
8.63297 0
8.6387 0
8.64444 0
8.65018 0
8.65591 0
8.66165 0
8.66738 0
8.67312 0
8.67886 0
8.68459 0
8.69033 0
8.69606 0
8.7018 0
8.70754 0
8.71327 0
8.71901 0
8.72475 0
8.73048 0
8.73622 0
8.74195 0
8.74769 0
8.75343 0
8.75916 0
8.7649 0
8.77064 0
8.77637 0
8.78211 0
8.78784 0
8.79358 0
8.79932 0
8.80505 0
8.81079 0
8.81652 0
8.82226 0
8.828 0
8.83373 0
8.83947 0
8.84521 0
8.85094 0
8.85668 0
8.86241 0
8.86815 0
8.87389 0
8.87962 0
8.88536 0
8.8911 0
8.89683 0
8.90257 0
8.9083 0
8.91404 0
8.91978 0
8.92551 0
8.93125 0
8.93698 0
8.94272 0
8.94846 0
8.95419 0
8.95993 0
8.96567 0
8.9714 0
8.97714 0
8.98287 0
8.98861 0
8.99435 0
9.00008 0
9.00582 0
9.01156 0
9.01729 0
9.02303 0
9.02876 0
9.0345 0
9.04024 0
9.04597 0
9.05171 0
9.05744 0
9.06318 0
9.06892 0
9.07465 0
9.08039 0
9.08613 0
9.09186 0
9.0976 0
9.10333 0
9.10907 0
9.11481 0
9.12054 0
9.12628 0
9.13202 0
9.13775 0
9.14349 0
9.14922 0
9.15496 0
9.1607 0
9.16643 0
9.17217 0
9.1779 0
9.18364 0
9.18938 0
9.19511 0
9.20085 0
9.20659 0
9.21232 0
9.21806 0
9.22379 0
9.22953 0
9.23527 0
9.241 0
9.24674 0
9.25248 0
9.25821 0
9.26395 0
9.26968 0
9.27542 0
9.28116 0
9.28689 0
9.29263 0
9.29836 0
9.3041 0
9.30984 0
9.31557 0
9.32131 0
9.32705 0
9.33278 0
9.33852 0
9.34425 0
9.34999 0
9.35573 0
9.36146 0
9.3672 0
9.37294 0
9.37867 0
9.38441 0
9.39014 0
9.39588 0
9.40162 0
9.40735 0
9.41309 0
9.41882 0
9.42456 0
9.4303 0
9.43603 0
9.44177 0
9.44751 0
9.45324 0
9.45898 0
9.46471 0
9.47045 0
9.47619 0
9.48192 0
9.48766 0
9.4934 0
9.49913 0
9.50487 0
9.5106 0
9.51634 0
9.52208 0
9.52781 0
9.53355 0
9.53928 0
9.54502 0
9.55076 0
9.55649 0
9.56223 0
9.56797 0
9.5737 0
9.57944 0
9.58517 0
9.59091 0
9.59665 0
9.60238 0
9.60812 0
9.61386 0
9.61959 0
9.62533 0
9.63106 0
9.6368 0
9.64254 0
9.64827 0
9.65401 0
9.65974 0
9.66548 0
9.67122 0
9.67695 0
9.68269 0
9.68843 0
9.69416 0
9.6999 0
9.70563 0
9.71137 0
9.71711 0
9.72284 0
9.72858 0
9.73432 0
9.74005 0
9.74579 0
9.75152 0
9.75726 0
9.763 0
9.76873 0
9.77447 0
9.7802 0
9.78594 0
9.79168 0
9.79741 0
9.80315 0
9.80889 0
9.81462 0
9.82036 0
9.82609 0
9.83183 0
9.83757 0
9.8433 0
9.84904 0
9.85478 0
9.86051 0
9.86625 0
9.87198 0
9.87772 0
9.88346 0
9.88919 0
9.89493 0
9.90066 0
9.9064 0
9.91214 0
9.91787 0
9.92361 0
9.92935 0
9.93508 0
9.94082 0
9.94655 0
9.95229 0
9.95803 0
9.96376 0
9.9695 0
9.97524 0
9.98097 0
9.98671 0
9.99244 0
9.99818 0
10.0039 0
10.0097 0
10.0154 0
10.0211 0
10.0269 0
10.0326 0
10.0383 0
10.0441 0
10.0498 0
10.0555 0
10.0613 0
10.067 0
10.0728 0
10.0785 0
10.0842 0
10.09 0
10.0957 0
10.1014 0
10.1072 0
10.1129 0
10.1186 0
10.1244 0
10.1301 0
10.1358 0
10.1416 0
10.1473 0
10.1531 0
10.1588 0
10.1645 0
10.1703 0
10.176 0
10.1817 0
10.1875 0
10.1932 0
10.1989 0
10.2047 0
10.2104 0
10.2162 0
10.2219 0
10.2276 0
10.2334 0
10.2391 0
10.2448 0
10.2506 0
10.2563 0
10.262 0
10.2678 0
10.2735 0
10.2793 0
10.285 0
10.2907 0
10.2965 0
10.3022 0
10.3079 0
10.3137 0
10.3194 0
10.3251 0
10.3309 0
10.3366 0
10.3424 0
10.3481 0
10.3538 0
10.3596 0
10.3653 0
10.371 0
10.3768 0
10.3825 0
10.3882 0
10.394 0
10.3997 0
10.4054 0
10.4112 0
10.4169 0
10.4227 0
10.4284 0
10.4341 0
10.4399 0
10.4456 0
10.4513 0
10.4571 0
10.4628 0
10.4685 0
10.4743 0
10.48 0
10.4858 0
10.4915 0
10.4972 0
10.503 0
10.5087 0
10.5144 0
10.5202 0
10.5259 0
10.5316 0
10.5374 0
10.5431 0
10.5489 0
10.5546 0
10.5603 0
10.5661 0
10.5718 0
10.5775 0
10.5833 0
10.589 0
10.5947 0
10.6005 0
10.6062 0
10.612 0
10.6177 0
10.6234 0
10.6292 0
10.6349 0
10.6406 0
10.6464 0
10.6521 0
10.6578 0
10.6636 0
10.6693 0
10.6751 0
10.6808 0
10.6865 0
10.6923 0
10.698 0
10.7037 0
10.7095 0
10.7152 0
10.7209 0
10.7267 0
10.7324 0
10.7381 0
10.7439 0
10.7496 0
10.7554 0
10.7611 0
10.7668 0
10.7726 0
10.7783 0
10.784 0
10.7898 0
10.7955 0
10.8012 0
10.807 0
10.8127 0
10.8185 0
10.8242 0
10.8299 0
10.8357 0
10.8414 0
10.8471 0
10.8529 0
10.8586 0
10.8643 0
10.8701 0
10.8758 0
10.8816 0
10.8873 0
10.893 0
10.8988 0
10.9045 0
10.9102 0
10.916 0
10.9217 0
10.9274 0
10.9332 0
10.9389 0
10.9447 0
10.9504 0
10.9561 0
10.9619 0
10.9676 0
10.9733 0
10.9791 0
10.9848 0
10.9905 0
10.9963 0
11.002 0
11.0077 0
11.0135 0
11.0192 0
11.025 0
11.0307 0
11.0364 0
11.0422 0
11.0479 0
11.0536 0
11.0594 0
11.0651 0
11.0708 0
11.0766 0
11.0823 0
11.0881 0
11.0938 0
11.0995 0
11.1053 0
11.111 0
11.1167 0
11.1225 0
11.1282 0
11.1339 0
11.1397 0
11.1454 0
11.1512 0
11.1569 0
11.1626 0
11.1684 0
11.1741 0
11.1798 0
11.1856 0
11.1913 0
11.197 0
11.2028 0
11.2085 0
11.2143 0
11.22 0
11.2257 0
11.2315 0
11.2372 0
11.2429 0
11.2487 0
11.2544 0
11.2601 0
11.2659 0
11.2716 0
11.2774 0
11.2831 0
11.2888 0
11.2946 0
11.3003 0
11.306 0
11.3118 0
11.3175 0
11.3232 0
11.329 0
11.3347 0
11.3404 0
11.3462 0
11.3519 0
11.3577 0
11.3634 0
11.3691 0
11.3749 0
11.3806 0
11.3863 0
11.3921 0
11.3978 0
11.4035 0
11.4093 0
11.415 0
11.4208 0
11.4265 0
11.4322 0
11.438 0
11.4437 0
11.4494 0
11.4552 0
11.4609 0
11.4666 0
11.4724 0
11.4781 0
11.4839 0
11.4896 0
11.4953 0
11.5011 0
11.5068 0
11.5125 0
11.5183 0
11.524 0
11.5297 0
11.5355 0
11.5412 0
11.547 0
11.5527 0
11.5584 0
11.5642 0
11.5699 0
11.5756 0
11.5814 0
11.5871 0
11.5928 0
11.5986 0
11.6043 0
11.61 0
11.6158 0
11.6215 0
11.6273 0
11.633 0
11.6387 0
11.6445 0
11.6502 0
11.6559 0
11.6617 0
11.6674 0
11.6731 0
11.6789 0
11.6846 0
11.6904 0
11.6961 0
11.7018 0
11.7076 0
11.7133 0
11.719 0
11.7248 0
11.7305 0
11.7362 0
11.742 0
