0 -7.007
0.00573619 26.026
0.0114724 21.021
0.0172086 0
0.0229448 4.004
0.028681 -16.016
0.0344171 0
0.0401533 14.014
0.0458895 22.022
0.0516257 5.005
0.0573619 0
0.0630981 8.008
0.0688343 23.023
0.0745705 0
0.0803067 -1.001
0.0860429 2.002
0.091779 0
0.0975152 -6.67333
0.103251 -5.33867
0.108988 -8.67533
0.114724 0
0.12046 0.667333
0.126196 20.3537
0.131932 0
0.137669 11.6783
0.143405 -2.33567
0.149141 -24.024
0.154877 5.5055
0.160613 -3.67033
0.16635 -18.6853
0.172086 0
0.177822 -1.33467
0.183558 -7.4074
0.189294 0
0.19503 -7.007
0.200767 6.6066
0.206503 -7.007
0.212239 -1.5015
0.217975 7.8078
0.223711 8.6086
0.229448 0
0.235184 12.2122
0.24092 7.2072
0.246656 0
0.252392 18.8188
0.258129 1.001
0.263865 9.009
0.269601 0
0.275337 1.6016
0.281073 11.154
0.28681 0
0.292546 18.876
0.298282 9.152
0.304018 0.667333
0.309754 16.2663
0.31549 17.589
0.321227 4.576
0.326963 0
0.332699 18.304
0.338435 7.293
0.344171 0
0.349908 3.575
0.355644 16.874
0.36138 26.2262
0.367116 18.5185
0.372852 18.4629
0.378589 25.597
0.384325 22.5225
0.390061 14.5701
0.395797 12.7906
0.401533 0
0.40727 1.001
0.413006 3.33667
0.418742 5.005
0.424478 8.5085
0.430214 23.023
0.43595 13.5691
0.441687 0
0.447423 15.015
0.453159 18.3517
0.458895 14.014
0.464631 20.02
0.470368 9.464
0.476104 24.8026
0.48184 29.029
0.487576 19.201
0.493312 31.759
0.499049 0
0.504785 16.744
0.510521 18.473
0.516257 9.8098
0.521993 26.3597
0.52773 11.011
0.533466 14.1252
0.539202 20.02
0.544938 13.195
0.550674 25.48
0.55641 0
0.562147 14.091
0.567883 14.091
0.573619 20.449
0.579355 20.5205
0.585091 29.183
0.590828 83.72
0.596564 33.5335
0.6023 368.214
0.608036 167.244
0.613772 44.2442
0.619509 44.044
0.625245 21.56
0.630981 9.34267
0.636717 33.2832
0.642453 21.483
0.64819 20.251
0.653926 -5.005
0.659662 18.5519
0.665398 9.2092
0.671134 14.157
0.67687 15.015
0.682607 18.2849
0.688343 30.212
0.694079 16.2663
0.699815 8.74207
0.705551 22.4224
0.711288 31.031
0.717024 22.165
0.72276 13.013
0.728496 19.1302
0.734232 21.021
0.739969 10.01
0.745705 18.249
0.751441 14.5145
0.757177 16.7815
0.762913 19.4312
0.76865 14.6146
0.774386 18.6019
0.780122 18.6068
0.785858 21.112
0.791594 30.5305
0.79733 24.7306
0.803067 20.7541
0.808803 14.5145
0.814539 12.8364
0.820275 18.6657
0.826011 10.4549
0.831748 16.2663
0.837484 18.9078
0.84322 13.013
0.848956 13.013
0.854692 16.4902
0.860429 15.4861
0.866165 9.2092
0.871901 26.3388
0.877637 15.2257
0.883373 19.747
0.88911 15.8909
0.894846 23.4972
0.900582 15.5489
0.906318 24.024
0.912054 21.4425
0.91779 14.4851
0.923527 20.1312
0.929263 22.407
0.934999 18.3993
0.940735 17.325
0.946471 15.7657
0.952208 22.6893
0.957944 12.8952
0.96368 21.2712
0.969416 23.309
0.975152 17.2804
0.980889 18.109
0.986625 22.1054
0.992361 14.729
0.998097 13.9473
1.00383 22.022
1.00957 14.0617
1.01531 14.014
1.02104 15.7157
1.02678 23.023
1.03251 17.7797
1.03825 16.17
1.04399 18.018
1.04972 20.8904
1.05546 19.1956
1.0612 4.5045
1.06693 14.7974
1.07267 13.2237
1.0784 21.868
1.08414 16.6595
1.08988 19.4542
1.09561 17.7511
1.10135 15.8909
1.10708 15.3632
1.11282 21.1976
1.11856 20.02
1.12429 18.6987
1.13003 11.3923
1.13577 14.6813
1.1415 20.449
1.14724 17.1772
1.15297 22.1555
1.15871 23.8238
1.16445 15.9359
1.17018 17.3858
1.17592 22.022
1.18166 21.6327
1.18739 20.8904
1.19313 14.8815
1.19886 22.022
1.2046 16.016
1.21034 16.4053
1.21607 17.017
1.22181 18.1292
1.22754 19.2573
1.23328 16.1338
1.23902 11.6366
1.24475 16.4564
1.25049 15.7216
1.25623 13.3467
1.26196 14.0881
1.2677 20.7576
1.27343 12.859
1.27917 18.564
1.28491 11.8379
1.29064 14.1318
1.29638 15.3725
1.30212 15.2745
1.30785 10.8442
1.31359 23.4401
1.31932 19.7784
1.32506 11.869
1.3308 18.6068
1.33653 13.4635
1.34227 15.7758
1.348 14.5935
1.35374 19.9485
1.35948 16.9058
1.36521 10.7727
1.37095 24.6246
1.37669 13.4962
1.38242 21.021
1.38816 21.5509
1.39389 16.3321
1.39963 13.9769
1.40537 15.966
1.4111 23.452
1.41684 22.6088
1.42258 13.3177
1.42831 13.7196
1.43405 15.4321
1.43978 16.016
1.44552 17.9703
1.45126 15.7032
1.45699 21.8839
1.46273 12.6793
1.46846 14.5145
1.4742 13.3036
1.47994 19.6283
1.48567 19.1191
1.49141 19.2573
1.49715 13.6433
1.50288 14.0575
1.50862 20.2077
1.51435 15.5328
1.52009 13.3333
1.52583 10.6773
1.53156 17.2172
1.5373 14.8949
1.54304 8.67533
1.54877 15.3153
1.55451 12.7714
1.56024 12.3602
1.56598 15.444
1.57172 16.3066
1.57745 15.2552
1.58319 17.9179
1.58892 20.5405
1.59466 18.3887
1.6004 15.015
1.60613 17.017
1.61187 15.6285
1.61761 11.8518
1.62334 17.5175
1.62908 14.9847
1.63481 13.6062
1.64055 9.53126
1.64629 19.201
1.65202 12.9094
1.65776 11.6516
1.6635 19.7072
1.66923 12.787
1.67497 22.7728
1.6807 18.1181
1.68644 18.6615
1.69218 20.7103
1.69791 18.2983
1.70365 13.923
1.70938 13.4974
1.71512 12.7535
1.72086 17.3298
1.72659 15.6823
1.73233 21.4697
1.73807 18.3227
1.7438 11.3575
1.74954 15.6363
1.75527 19.501
1.76101 12.6442
1.76675 9.646
1.77248 16.5165
1.77822 18.6686
1.78396 15.2819
1.78969 16.9201
1.79543 14.8296
1.80116 14.4728
1.8069 13.9494
1.81264 15.5328
1.81837 19.019
1.82411 18.7902
1.82984 18.3977
1.83558 21.6616
1.84132 14.4375
1.84705 18.9544
1.85279 15.9789
1.85853 12.2296
1.86426 18.7157
1.87 16.9169
1.87573 16.3497
1.88147 15.9874
1.88721 13.65
1.89294 17.2024
1.89868 17.71
1.90442 14.833
1.91015 21.9251
1.91589 15.0651
1.92162 21.2212
1.92736 23.249
1.9331 22.7427
1.93883 44.2228
1.94457 26.663
1.9503 25.6256
1.95604 18.6853
1.96178 18.6068
1.96751 25.3691
1.97325 20.4204
1.97899 17.0441
1.98472 19.656
1.99046 16.2576
1.99619 47.5475
2.00193 20.5348
2.00767 20.4721
2.0134 22.9396
2.01914 19.448
2.02488 15.4397
2.03061 12.3323
2.03635 17.0796
2.04208 23.4057
2.04782 17.1421
2.05356 23.9406
2.05929 22.1332
2.06503 25.9116
2.07076 20.8845
2.0765 20.3988
2.08224 21.2784
2.08797 23.4717
2.09371 15.0507
2.09945 14.014
2.10518 20.0807
2.11092 19.0607
2.11665 19.3166
2.12239 24.0526
2.12813 20.9775
2.13386 23.2176
2.1396 20.2703
2.14534 20.3328
2.15107 17.6715
2.15681 25.2621
2.16254 17.6392
2.16828 21.9765
2.17402 23.485
2.17975 20.8316
2.18549 23.1522
2.19122 26.4264
2.19696 27.3246
2.2027 29.887
2.20843 23.1064
2.21417 30.5947
2.21991 71.558
2.22564 63.9275
2.23138 100.826
2.23711 62.2201
2.24285 33.0624
2.24859 33.5692
2.25432 26.6933
2.26006 28.1563
2.2658 18.837
2.27153 17.4565
2.27727 21.252
2.283 25.025
2.28874 22.7102
2.29448 17.402
2.30021 24.4028
2.30595 22.0605
2.31168 25.564
2.31742 26.1287
2.32316 18.382
2.32889 23.3805
2.33463 18.043
2.34037 30.8086
2.3461 24.8463
2.35184 25.6768
2.35757 20.8857
2.36331 26.8345
2.36905 23.6822
2.37478 24.1461
2.38052 21.247
2.38626 20.9621
2.39199 21.2305
2.39773 22.3196
2.40346 21.8295
2.4092 25.4906
2.41494 23.7988
2.42067 20.7935
2.42641 22.6362
2.43214 22.165
2.43788 20.878
2.44362 18.4247
2.44935 23.0675
2.45509 20.867
2.46083 22.9845
2.46656 20.2202
2.4723 24.7809
2.47803 21.09
2.48377 26.7768
2.48951 23.7214
2.49524 24.9737
2.50098 24.6015
2.50672 20.5858
2.51245 24.1193
2.51819 25.734
2.52392 23.8717
2.52966 25.7075
2.5354 23.2657
2.54113 22.6893
2.54687 23.6014
2.5526 23.9752
2.55834 21.6755
2.56408 23.5341
2.56981 20.2062
2.57555 26.4747
2.58129 23.5712
2.58702 23.5569
2.59276 26.1072
2.59849 24.6809
2.60423 21.9132
2.60997 23.5007
2.6157 22.8562
2.62144 24.2743
2.62718 26.7288
2.63291 29.5724
2.63865 18.4629
2.64438 23.2999
2.65012 22.5103
2.65586 25.659
2.66159 21.1275
2.66733 26.026
2.67306 23.7838
2.6788 18.7062
2.68454 20.3821
2.69027 26.796
2.69601 20.7177
2.70175 22.9604
2.70748 24.2909
2.71322 20.7615
2.71895 24.6705
2.72469 22.4306
2.73043 17.875
2.73616 26.1841
2.7419 29.8461
2.74764 27.5857
2.75337 23.3567
2.75911 25.3519
2.76484 28.8451
2.77058 30.5722
2.77632 22.8187
2.78205 21.982
2.78779 23.408
2.79352 25.3396
2.79926 22.4263
2.805 24.6691
2.81073 26.8416
2.81647 26.8004
2.82221 24.1261
2.82794 28.5691
2.83368 27.1587
2.83941 21.1154
2.84515 20.2641
2.85089 29.3418
2.85662 23.7218
2.86236 23.3907
2.8681 27.6109
2.87383 27.5181
2.87957 21.6616
2.8853 23.0962
2.89104 22.9418
2.89678 26.103
2.90251 26.2262
2.90825 28.3732
2.91398 25.6074
2.91972 22.8267
2.92546 26.9188
2.93119 23.9048
2.93693 26.026
2.94267 29.9633
2.9484 28.4659
2.95414 25.6294
2.95987 23.6767
2.96561 31.2235
2.97135 28.7787
2.97708 22.1147
2.98282 28.2333
2.98856 23.87
2.99429 25.3031
3.00003 26.7075
3.00576 29.5921
3.0115 25.844
3.01724 28.7646
3.02297 28.2985
3.02871 28.119
3.03444 23.933
3.04018 30.119
3.04592 25.9966
3.05165 29.029
3.05739 28.2243
3.06313 26.6473
3.06886 29.1362
3.0746 28.5012
3.08033 26.663
3.08607 25.5661
3.09181 24.2206
3.09754 27.3539
3.10328 26.245
3.10902 27.519
3.11475 33.0519
3.12049 30.338
3.12622 25.0685
3.13196 28.1736
3.1377 27.0696
3.14343 23.7738
3.14917 30.469
3.1549 29.716
3.16064 39.108
3.16638 28.4618
3.17211 32.7054
3.17785 30.03
3.18359 30.8845
3.18932 31.4043
3.19506 29.0699
3.20079 29.6767
3.20653 31.523
3.21227 29.5012
3.218 28.8581
3.22374 25.317
3.22948 26.4671
3.23521 30.0967
3.24095 31.5578
3.24668 32.3657
3.25242 33.373
3.25816 24.289
3.26389 27.3782
3.26963 29.8895
3.27536 29.3554
3.2811 37.5253
3.28684 33.5745
3.29257 32.2159
3.29831 27.7221
3.30405 31.6507
3.30978 34.5982
3.31552 31.1241
3.32125 34.0549
3.32699 33.5598
3.33273 33.4844
3.33846 30.4515
3.3442 34.3569
3.34994 37.4884
3.35567 33.9286
3.36141 36.4602
3.36714 35.0174
3.37288 33.3667
3.37862 33.6473
3.38435 39.4
3.39009 38.869
3.39582 40.7629
3.40156 38.6259
3.4073 36.1816
3.41303 40.4873
3.41877 40.6239
3.42451 35.1499
3.43024 41.7764
3.43598 37.8427
3.44171 40.9139
3.44745 42.3995
3.45319 41.2078
3.45892 41.4232
3.46466 39.7685
3.4704 43.3033
3.47613 40.4495
3.48187 39.7063
3.4876 41.3998
3.49334 40.6986
3.49908 40.0101
3.50481 44.9748
3.51055 42.4467
3.51628 37.8778
3.52202 43.2563
3.52776 46.8802
3.53349 42.9453
3.53923 43.89
3.54497 45.4343
3.5507 49.1116
3.55644 52.9802
3.56217 47.6578
3.56791 47.8214
3.57365 53.4447
3.57938 46.5542
3.58512 49.0126
3.59086 51.5778
3.59659 46.4344
3.60233 47.7596
3.60806 47.891
3.6138 51.197
3.61954 54.7054
3.62527 50.3896
3.63101 59.5229
3.63674 52.7841
3.64248 58.3859
3.64822 53.8455
3.65395 59.5858
3.65969 55.6622
3.66543 56.6202
3.67116 63.7376
3.6769 60.1871
3.68263 62.3738
3.68837 68.1734
3.69411 64.5137
3.69984 67.1858
3.70558 71.071
3.71132 62.1601
3.71705 66.4818
3.72279 67.2636
3.72852 70.0002
3.73426 67.3359
3.74 71.5231
3.74573 67.1271
3.75147 73.359
3.7572 69.7522
3.76294 70.7826
3.76868 71.5033
3.77441 73.7304
3.78015 76.0421
3.78589 81.7412
3.79162 80.1738
3.79736 84.0204
3.80309 86.1933
3.80883 91.3265
3.81457 94.4636
3.8203 94.5945
3.82604 107.992
3.83178 101.086
3.83751 115.632
3.84325 147.165
3.84898 158.603
3.85472 349.524
3.86046 1030.08
3.86619 338.991
3.87193 1611.22
3.87766 500.73
3.8834 217.57
3.88914 230.831
3.89487 220.374
3.90061 231.415
3.90635 253.498
3.91208 254.403
3.91782 245.057
3.92355 229.034
3.92929 189.682
3.93503 167.12
3.94076 147.792
3.9465 129.833
3.95224 125.588
3.95797 114.718
3.96371 106.868
3.96944 99.959
3.97518 95.4287
3.98092 92.82
3.98665 91.8504
3.99239 86.719
3.99812 83.8418
4.00386 83.4916
4.0096 80.3992
4.01533 79.5326
4.02107 76.9569
4.02681 79.9738
4.03254 75.985
4.03828 73.6473
4.04401 73.1308
4.04975 76.0055
4.05549 74.3666
4.06122 76.5112
4.06696 68.0535
4.0727 69.7508
4.07843 68.4184
4.08417 70.9101
4.0899 70.9974
4.09564 74.3555
4.10138 67.6876
4.10711 69.8197
4.11285 66.6423
4.11858 68.3719
4.12432 67.6321
4.13006 69.069
4.13579 67.8297
4.14153 65.065
4.14727 70.8653
4.153 69.9505
4.15874 69.6605
4.16447 70.8927
4.17021 67.0952
4.17595 69.844
4.18168 68.8187
4.18742 68.2968
4.19316 67.522
4.19889 68.7687
4.20463 69.5154
4.21036 66.1543
4.2161 69.0857
4.22184 65.8762
4.22757 69.5215
4.23331 67.1118
4.23904 65.4254
4.24478 72.1921
4.25052 71.9124
4.25625 67.3946
4.26199 65.847
4.26773 69.1107
4.27346 73.5887
4.2792 71.3213
4.28493 71.2656
4.29067 71.9576
4.29641 74.0114
4.30214 76.7609
4.30788 79.1934
4.31362 93.555
4.31935 85.3174
4.32509 124.591
4.33082 97.3146
4.33656 82.6225
4.3423 84.9916
4.34803 86.6756
4.35377 90.752
4.3595 95.7623
4.36524 95.2573
4.37098 95.8243
4.37671 107.367
4.38245 105.484
4.38819 111.764
4.39392 123.07
4.39966 127.62
4.40539 128.92
4.41113 147.524
4.41687 173.47
4.4226 180.193
4.42834 251.045
4.43408 590.965
4.43981 931.905
4.44555 2444.12
4.45128 8574.37
4.45702 8546.11
4.46276 3553.88
4.46849 3292.53
4.47423 957.494
4.47996 476.568
4.4857 266.618
4.49144 228.536
4.49717 192.843
4.50291 176.488
4.50865 167.294
4.51438 167.571
4.52012 155.079
4.52585 149.736
4.53159 138.191
4.53733 131.531
4.54306 124.775
4.5488 113.113
4.55454 106.545
4.56027 95.8457
4.56601 91.0639
4.57174 84.777
4.57748 77.8213
4.58322 77.2695
4.58895 73.6856
4.59469 70.07
4.60042 68.8536
4.60616 65.2118
4.6119 66.046
4.61763 62.0861
4.62337 59.033
4.62911 58.2328
4.63484 61.9994
4.64058 60.353
4.64631 56.348
4.65205 54.1613
4.65779 54.6796
4.66352 56.595
4.66926 50.8705
4.675 54.773
4.68073 47.6245
4.68647 50.1597
4.6922 48.9972
4.69794 47.2077
4.70368 47.684
4.70941 47.4274
4.71515 46.3993
4.72088 46.084
4.72662 49.107
4.73236 48.3499
4.73809 48.7438
4.74383 48.9207
4.74957 45.199
4.7553 45.8911
4.76104 45.8708
4.76677 45.3438
4.77251 48.1096
4.77825 45.3136
4.78398 46.8601
4.78972 43.9725
4.79546 41.4296
4.80119 42.08
4.80693 41.0564
4.81266 37.9951
4.8184 41.3628
4.82414 41.1233
4.82987 42.3538
4.83561 37.9308
4.84134 42.6426
4.84708 42.6653
4.85282 41.2765
4.85855 42.1519
4.86429 47.8647
4.87003 40.5979
4.87576 39.2116
4.8815 38.4942
4.88723 38.4273
4.89297 38.4031
4.89871 39.3767
4.90444 38.8557
4.91018 39.3878
4.91592 40.4809
4.92165 40.7622
4.92739 35.6848
4.93312 38.0147
4.93886 38.9079
4.9446 38.7551
4.95033 36.8537
4.95607 37.5608
4.9618 37.063
4.96754 37.3254
4.97328 35.7023
4.97901 37.8933
4.98475 35.8227
4.99049 36.8958
4.99622 36.1856
5.00196 37.6952
5.00769 40.3737
5.01343 35.6834
5.01917 35.1315
5.0249 32.032
5.03064 32.8884
5.03638 35.163
5.04211 34.2876
5.04785 31.8472
5.05358 34.2551
5.05932 35.7394
5.06506 34.2584
5.07079 36.5646
5.07653 35.3111
5.08226 42.9443
5.088 33.3047
5.09374 36.8368
5.09947 36.959
5.10521 34.6378
5.11095 36.67
5.11668 33.6689
5.12242 33.1998
5.12815 34.463
5.13389 28.0725
5.13963 29.744
5.14536 34.1653
5.1511 31.4662
5.15684 31.5013
5.16257 36.5286
5.16831 32.2108
5.17404 35.5299
5.17978 29.484
5.18552 32.76
5.19125 32.3212
5.19699 33.1415
5.20272 33.8134
5.20846 31.3574
5.2142 31.9758
5.21993 30.7412
5.22567 31.945
5.23141 29.8994
5.23714 28.1145
5.24288 33.033
5.24861 34.443
5.25435 30.5586
5.26009 30.5235
5.26582 28.8446
5.27156 33.011
5.2773 32.4121
5.28303 31.801
5.28877 35.5036
5.2945 31.1576
5.30024 31.74
5.30598 29.954
5.31171 30.075
5.31745 32.093
5.32318 30.723
5.32892 29.1355
5.33466 34.6438
5.34039 34.58
5.34613 32.8235
5.35187 31.669
5.3576 32.7735
5.36334 31.3343
5.36907 29.9153
5.37481 28.3931
5.38055 31.0802
5.38628 29.3627
5.39202 28.424
5.39776 34.2592
5.40349 33.1176
5.40923 31.2604
5.41496 32.1927
5.4207 32.1114
5.42644 32.4406
5.43217 31.7283
5.43791 31.0183
5.44364 31.802
5.44938 33.8173
5.45512 28.1516
5.46085 27.4365
5.46659 32.6346
5.47233 34.5401
5.47806 32.5457
5.4838 30.9074
5.48953 31.6876
5.49527 33.7837
5.50101 32.7193
5.50674 31.1536
5.51248 33.5729
5.51822 31.4503
5.52395 34.842
5.52969 32.9038
5.53542 32.1969
5.54116 29.1615
5.5469 32.1837
5.55263 32.5269
5.55837 32.5742
5.5641 31.6159
5.56984 35.3041
5.57558 32.7232
5.58131 31.2915
5.58705 32.1837
5.59279 35.035
5.59852 31.2058
5.60426 14.1441
5.60999 30.2022
5.61573 26.2946
5.62147 29.7139
5.6272 29.8236
5.63294 28.4422
5.63868 32.7448
5.64441 31.5365
5.65015 30.7296
5.65588 31.603
5.66162 31.993
5.66736 35.672
5.67309 37.875
5.67883 32.3802
5.68456 34.7575
5.6903 35.3575
5.69604 32.8865
5.70177 31.4169
5.70751 32.4113
5.71325 33.4198
5.71898 36.0777
5.72472 31.6983
5.73045 32.7209
5.73619 34.0213
5.74193 32.1332
5.74766 34.034
5.7534 35.8426
5.75914 35.7399
5.76487 33.3402
5.77061 33.1288
5.77634 32.9047
5.78208 35.4174
5.78782 34.292
5.79355 32.451
5.79929 34.1675
5.80502 35.8873
5.81076 34.9058
5.8165 33.9673
5.82223 31.177
5.82797 34.0856
5.83371 35.8498
5.83944 32.7923
5.84518 36.1573
5.85091 33.3667
5.85665 31.9088
5.86239 34.5011
5.86812 33.0228
5.87386 32.4045
5.8796 34.034
5.88533 37.2352
5.89107 37.9401
5.8968 34.7158
5.90254 35.8644
5.90828 35.126
5.91401 38.4266
5.91975 34.7909
5.92548 38.8267
5.93122 39.7525
5.93696 34.5002
5.94269 37.4565
5.94843 37.5792
5.95417 36.2066
5.9599 39.8987
5.96564 36.1978
5.97137 37.7611
5.97711 37.7226
5.98285 38.3976
5.98858 39.8357
5.99432 41.1588
6.00006 43.5101
6.00579 40.0906
6.01153 37.9088
6.01726 42.082
6.023 41.9085
6.02874 40.113
6.03447 42.3719
6.04021 39.9844
6.04594 42.9
6.05168 44.5445
6.05742 41.015
6.06315 41.5463
6.06889 41.7709
6.07463 43.3528
6.08036 41.9568
6.0861 44.7896
6.09183 41.4847
6.09757 40.1298
6.10331 43.4243
6.10904 45.9939
6.11478 41.6113
6.12052 44.0753
6.12625 44.9049
6.13199 45.9715
6.13772 40.6748
6.14346 42.8664
6.1492 45.7857
6.15493 44.7322
6.16067 49.4219
6.1664 46.2605
6.17214 46.9299
6.17788 47.3568
6.18361 50.7109
6.18935 49.8579
6.19509 48.8596
6.20082 49.1868
6.20656 50.8351
6.21229 49.6642
6.21803 51.3074
6.22377 55.7727
6.2295 55.105
6.23524 53.4401
6.24098 53.5305
6.24671 60.1974
6.25245 56.4607
6.25818 53.6466
6.26392 61.9639
6.26966 60.9825
6.27539 64.5777
6.28113 68.8394
6.28686 68.2067
6.2926 75.1793
6.29834 82.082
6.30407 113.132
6.30981 167.471
6.31555 565.27
6.32128 1235.47
6.32702 516.064
6.33275 320.706
6.33849 152.63
6.34423 95.0372
6.34996 86.7926
6.3557 84.777
6.36144 87.3836
6.36717 89.1176
6.37291 90.364
6.37864 88.0101
6.38438 94.3962
6.39012 93.8487
6.39585 91.2286
6.40159 90.2846
6.40732 84.1211
6.41306 77.6201
6.4188 72.4419
6.42453 68.8896
6.43027 65.3594
6.43601 61.9888
6.44174 63.233
6.44748 63.1186
6.45321 60.9652
6.45895 57.8948
6.46469 56.1132
6.47042 55.0647
6.47616 51.5992
6.4819 52.0156
6.48763 51.7183
6.49337 47.0901
6.4991 51.1564
6.50484 52.0891
6.51058 48.9705
6.51631 53.9587
6.52205 50.5869
6.52778 50.4115
6.53352 51.8779
6.53926 48.3504
6.54499 47.4085
6.55073 51.3523
6.55647 47.0947
6.5622 45.9574
6.56794 45.0543
6.57367 50.868
6.57941 46.183
6.58515 46.8951
6.59088 45.43
6.59662 46.2248
6.60236 47.846
6.60809 43.4302
6.61383 48.1879
6.61956 44.9418
6.6253 45.188
6.63104 44.4562
6.63677 46.7909
6.64251 44.7201
6.64824 43.9317
6.65398 45.584
6.65972 45.8399
6.66545 47.2257
6.67119 45.1509
6.67693 44.5212
6.68266 44.6912
6.6884 42.3664
6.69413 43.131
6.69987 47.2317
6.70561 44.3836
6.71134 43.4665
6.71708 42.8041
6.72282 42.9376
6.72855 43.9977
6.73429 46.1697
6.74002 43.619
6.74576 42.4511
6.7515 42.9069
6.75723 43.4029
6.76297 44.1993
6.7687 44.6696
6.77444 43.6953
6.78018 46.5417
6.78591 42.7669
6.79165 43.5388
6.79739 45.1486
6.80312 45.326
6.80886 44.8841
6.81459 44.209
6.82033 45.6647
6.82607 45.4161
6.8318 44.8257
6.83754 44.1805
6.84328 43.3908
6.84901 43.7491
6.85475 46.552
6.86048 45.5042
6.86622 42.9481
6.87196 44.2592
6.87769 44.7919
6.88343 41.3294
6.88916 42.3054
6.8949 43.8139
6.90064 44.1503
6.90637 44.764
6.91211 43.2488
6.91785 41.7659
6.92358 43.68
6.92932 43.2645
6.93505 45
6.94079 43.7694
6.94653 41.4121
6.95226 44.044
6.958 44.132
6.96374 42.2422
6.96947 42.9991
6.97521 46.387
6.98094 43.8456
6.98668 46.3567
6.99242 45.6787
6.99815 43.0093
7.00389 45.7624
7.00962 43.509
7.01536 44.891
7.0211 46.8104
7.02683 46.3988
7.03257 47.6832
7.03831 43.2583
7.04404 47.4901
7.04978 45.3671
7.05551 43.0324
7.06125 44.4113
7.06699 46.4234
7.07272 47.6072
7.07846 43.4254
7.0842 46.2019
7.08993 46.8744
7.09567 46.8425
7.1014 46.8698
7.10714 46.332
7.11288 46.946
7.11861 47.4237
7.12435 47.2407
7.13008 48.3988
7.13582 48.0167
7.14156 46.4518
7.14729 45.387
7.15303 47.4694
7.15877 43.269
7.1645 46.3528
7.17024 51.9426
7.17597 49.907
7.18171 47.4118
7.18745 46.3988
7.19318 46.3165
7.19892 46.365
7.20466 48.2687
7.21039 48.3988
7.21613 47.087
7.22186 51.7949
7.2276 48.2546
7.23334 56.1191
7.23907 50.919
7.24481 51.4721
7.25054 54.4241
7.25628 53.3533
7.26202 53.9458
7.26775 53.6355
7.27349 53.7294
7.27923 51.9767
7.28496 48.9457
7.2907 53.4736
7.29643 54.9384
7.30217 54.0265
7.30791 52.278
7.31364 53.4722
7.31938 55.4711
7.32512 55.6402
7.33085 55.1625
7.33659 56.826
7.34232 58.5537
7.34806 58.6201
7.3538 58.6893
7.35953 59.5003
7.36527 56.3063
7.371 58.2235
7.37674 64.0159
7.38248 69.62
7.38821 71.8238
7.39395 80.5115
7.39969 116.482
7.40542 187.264
7.41116 212.228
7.41689 221.599
7.42263 113.263
7.42837 83.4484
7.4341 76.6396
7.43984 75.9185
7.44558 72.0347
7.45131 71.617
7.45705 72.709
7.46278 75.697
7.46852 76.9461
7.47426 78.2833
7.47999 83.5835
7.48573 82.9389
7.49146 83.3633
7.4972 83.8019
7.50294 81.0436
7.50867 77.687
7.51441 77.9518
7.52015 73.788
7.52588 66.5665
7.53162 65.1931
7.53735 63.0541
7.54309 63.0533
7.54883 61.2506
7.55456 60.2535
7.5603 63.2542
7.56604 59.0142
7.57177 56.6326
7.57751 58.593
7.58324 56.8529
7.58898 55.3759
7.59472 53.4879
7.60045 52.4924
7.60619 51.3684
7.61192 53.2237
7.61766 53.6484
7.6234 52.8647
7.62913 54.8351
7.63487 54.2277
7.64061 54.7998
7.64634 53.6227
7.65208 56.3431
7.65781 52.3404
7.66355 56.8221
7.66929 56.1005
7.67502 54.3285
7.68076 56.1127
7.6865 54.1634
7.69223 58.3866
7.69797 55.8354
7.7037 56.8984
7.70944 58.8498
7.71518 62.0701
7.72091 60.6788
7.72665 62.1048
7.73238 75.0129
7.73812 95.1278
7.74386 129.408
7.74959 91.6423
7.75533 65.081
7.76107 61.2308
7.7668 60.5823
7.77254 61.2673
7.77827 58.1565
7.78401 55.7527
7.78975 57.3165
7.79548 56.2124
7.80122 56.7291
7.80696 57.553
7.81269 58.4042
7.81843 59.5676
7.82416 61.6405
7.8299 58.5871
7.83564 60.2255
7.84137 57.6524
7.84711 56.3175
7.85284 52.7397
7.85858 51.5671
7.86432 53.2904
7.87005 50.5901
7.87579 49.7998
7.88153 47.0962
7.88726 48.7216
7.893 49.2566
7.89873 50.2924
7.90447 46.6348
7.91021 45.1353
7.91594 46.6115
7.92168 43.5268
7.92742 45.2261
7.93315 46.5282
7.93889 42.3995
7.94462 44.8606
7.95036 42.5097
7.9561 43.225
7.96183 41.1681
7.96757 41.0219
7.9733 42.3927
7.97904 42.4116
7.98478 42.6676
7.99051 40.8328
7.99625 41.2593
8.00199 40.9603
8.00772 41.5465
8.01346 43.223
8.01919 42.2847
8.02493 42.1777
8.03067 43.3503
8.0364 40.4522
8.04214 39.0155
8.04788 38.8932
8.05361 39.8744
8.05935 39.4438
8.06508 39.2426
8.07082 39.2187
8.07656 41.7644
8.08229 38.2882
8.08803 40.6264
8.09376 43.519
8.0995 40.0552
8.10524 38.6288
8.11097 39.287
8.11671 39.0536
8.12245 37.7975
8.12818 38.2525
8.13392 37.0597
8.13965 36.5075
8.14539 36.6414
8.15113 36.3606
8.15686 35.1446
8.1626 30.5229
8.16834 29.6228
8.17407 28.0677
8.17981 27.3482
8.18554 25.1713
8.19128 24.5198
8.19702 21.4963
8.20275 19.2356
8.20849 18.9766
8.21422 16.5972
8.21996 15.3704
8.2257 11.1596
8.23143 12.564
8.23717 9.898
8.24291 9.18201
8.24864 12.0302
8.25438 5.40013
8.26011 11.011
8.26585 11.1222
8.27159 0
8.27732 0
8.28306 0
8.2888 0
8.29453 0
8.30027 0
8.306 0
8.31174 0
8.31748 0
8.32321 0
8.32895 0
8.33468 0
8.34042 0
8.34616 0
8.35189 0
8.35763 0
8.36337 0
8.3691 0
8.37484 0
8.38057 0
8.38631 0
8.39205 0
8.39778 0
8.40352 0
8.40926 0
8.41499 0
8.42073 0
8.42646 0
8.4322 0
8.43794 0
8.44367 0
8.44941 0
8.45514 0
8.46088 0
8.46662 0
8.47235 0
8.47809 0
8.48383 0
8.48956 0
8.4953 0
8.50103 0
8.50677 0
8.51251 0
8.51824 0
8.52398 0
8.52972 0
8.53545 0
8.54119 0
8.54692 0
8.55266 0
8.5584 0
8.56413 0
8.56987 0
8.5756 0
8.58134 0
8.58708 0
8.59281 0
8.59855 0
8.60429 0
8.61002 0
8.61576 0
8.62149 0
8.62723 0
8.63297 0
8.6387 0
8.64444 0
8.65018 0
8.65591 0
8.66165 0
8.66738 0
8.67312 0
8.67886 0
8.68459 0
8.69033 0
8.69606 0
8.7018 0
8.70754 0
8.71327 0
8.71901 0
8.72475 0
8.73048 0
8.73622 0
8.74195 0
8.74769 0
8.75343 0
8.75916 0
8.7649 0
8.77064 0
8.77637 0
8.78211 0
8.78784 0
8.79358 0
8.79932 0
8.80505 0
8.81079 0
8.81652 0
8.82226 0
8.828 0
8.83373 0
8.83947 0
8.84521 0
8.85094 0
8.85668 0
8.86241 0
8.86815 0
8.87389 0
8.87962 0
8.88536 0
8.8911 0
8.89683 0
8.90257 0
8.9083 0
8.91404 0
8.91978 0
8.92551 0
8.93125 0
8.93698 0
8.94272 0
8.94846 0
8.95419 0
8.95993 0
8.96567 0
8.9714 0
8.97714 0
8.98287 0
8.98861 0
8.99435 0
9.00008 0
9.00582 0
9.01156 0
9.01729 0
9.02303 0
9.02876 0
9.0345 0
9.04024 0
9.04597 0
9.05171 0
9.05744 0
9.06318 0
9.06892 0
9.07465 0
9.08039 0
9.08613 0
9.09186 0
9.0976 0
9.10333 0
9.10907 0
9.11481 0
9.12054 0
9.12628 0
9.13202 0
9.13775 0
9.14349 0
9.14922 0
9.15496 0
9.1607 0
9.16643 0
9.17217 0
9.1779 0
9.18364 0
9.18938 0
9.19511 0
9.20085 0
9.20659 0
9.21232 0
9.21806 0
9.22379 0
9.22953 0
9.23527 0
9.241 0
9.24674 0
9.25248 0
9.25821 0
9.26395 0
9.26968 0
9.27542 0
9.28116 0
9.28689 0
9.29263 0
9.29836 0
9.3041 0
9.30984 0
9.31557 0
9.32131 0
9.32705 0
9.33278 0
9.33852 0
9.34425 0
9.34999 0
9.35573 0
9.36146 0
9.3672 0
9.37294 0
9.37867 0
9.38441 0
9.39014 0
9.39588 0
9.40162 0
9.40735 0
9.41309 0
9.41882 0
9.42456 0
9.4303 0
9.43603 0
9.44177 0
9.44751 0
9.45324 0
9.45898 0
9.46471 0
9.47045 0
9.47619 0
9.48192 0
9.48766 0
9.4934 0
9.49913 0
9.50487 0
9.5106 0
9.51634 0
9.52208 0
9.52781 0
9.53355 0
9.53928 0
9.54502 0
9.55076 0
9.55649 0
9.56223 0
9.56797 0
9.5737 0
9.57944 0
9.58517 0
9.59091 0
9.59665 0
9.60238 0
9.60812 0
9.61386 0
9.61959 0
9.62533 0
9.63106 0
9.6368 0
9.64254 0
9.64827 0
9.65401 0
9.65974 0
9.66548 0
9.67122 0
9.67695 0
9.68269 0
9.68843 0
9.69416 0
9.6999 0
9.70563 0
9.71137 0
9.71711 0
9.72284 0
9.72858 0
9.73432 0
9.74005 0
9.74579 0
9.75152 0
9.75726 0
9.763 0
9.76873 0
9.77447 0
9.7802 0
9.78594 0
9.79168 0
9.79741 0
9.80315 0
9.80889 0
9.81462 0
9.82036 0
9.82609 0
9.83183 0
9.83757 0
9.8433 0
9.84904 0
9.85478 0
9.86051 0
9.86625 0
9.87198 0
9.87772 0
9.88346 0
9.88919 0
9.89493 0
9.90066 0
9.9064 0
9.91214 0
9.91787 0
9.92361 0
9.92935 0
9.93508 0
9.94082 0
9.94655 0
9.95229 0
9.95803 0
9.96376 0
9.9695 0
9.97524 0
9.98097 0
9.98671 0
9.99244 0
9.99818 0
10.0039 0
10.0097 0
10.0154 0
10.0211 0
10.0269 0
10.0326 0
10.0383 0
10.0441 0
10.0498 0
10.0555 0
10.0613 0
10.067 0
10.0728 0
10.0785 0
10.0842 0
10.09 0
10.0957 0
10.1014 0
10.1072 0
10.1129 0
10.1186 0
10.1244 0
10.1301 0
10.1358 0
10.1416 0
10.1473 0
10.1531 0
10.1588 0
10.1645 0
10.1703 0
10.176 0
10.1817 0
10.1875 0
10.1932 0
10.1989 0
10.2047 0
10.2104 0
10.2162 0
10.2219 0
10.2276 0
10.2334 0
10.2391 0
10.2448 0
10.2506 0
10.2563 0
10.262 0
10.2678 0
10.2735 0
10.2793 0
10.285 0
10.2907 0
10.2965 0
10.3022 0
10.3079 0
10.3137 0
10.3194 0
10.3251 0
10.3309 0
10.3366 0
10.3424 0
10.3481 0
10.3538 0
10.3596 0
10.3653 0
10.371 0
10.3768 0
10.3825 0
10.3882 0
10.394 0
10.3997 0
10.4054 0
10.4112 0
10.4169 0
10.4227 0
10.4284 0
10.4341 0
10.4399 0
10.4456 0
10.4513 0
10.4571 0
10.4628 0
10.4685 0
10.4743 0
10.48 0
10.4858 0
10.4915 0
10.4972 0
10.503 0
10.5087 0
10.5144 0
10.5202 0
10.5259 0
10.5316 0
10.5374 0
10.5431 0
10.5489 0
10.5546 0
10.5603 0
10.5661 0
10.5718 0
10.5775 0
10.5833 0
10.589 0
10.5947 0
10.6005 0
10.6062 0
10.612 0
10.6177 0
10.6234 0
10.6292 0
10.6349 0
10.6406 0
10.6464 0
10.6521 0
10.6578 0
10.6636 0
10.6693 0
10.6751 0
10.6808 0
10.6865 0
10.6923 0
10.698 0
10.7037 0
10.7095 0
10.7152 0
10.7209 0
10.7267 0
10.7324 0
10.7381 0
10.7439 0
10.7496 0
10.7554 0
10.7611 0
10.7668 0
10.7726 0
10.7783 0
10.784 0
10.7898 0
10.7955 0
10.8012 0
10.807 0
10.8127 0
10.8185 0
10.8242 0
10.8299 0
10.8357 0
10.8414 0
10.8471 0
10.8529 0
10.8586 0
10.8643 0
10.8701 0
10.8758 0
10.8816 0
10.8873 0
10.893 0
10.8988 0
10.9045 0
10.9102 0
10.916 0
10.9217 0
10.9274 0
10.9332 0
10.9389 0
10.9447 0
10.9504 0
10.9561 0
10.9619 0
10.9676 0
10.9733 0
10.9791 0
10.9848 0
10.9905 0
10.9963 0
11.002 0
11.0077 0
11.0135 0
11.0192 0
11.025 0
11.0307 0
11.0364 0
11.0422 0
11.0479 0
11.0536 0
11.0594 0
11.0651 0
11.0708 0
11.0766 0
11.0823 0
11.0881 0
11.0938 0
11.0995 0
11.1053 0
11.111 0
11.1167 0
11.1225 0
11.1282 0
11.1339 0
11.1397 0
11.1454 0
11.1512 0
11.1569 0
11.1626 0
11.1684 0
11.1741 0
11.1798 0
11.1856 0
11.1913 0
11.197 0
11.2028 0
11.2085 0
11.2143 0
11.22 0
11.2257 0
11.2315 0
11.2372 0
11.2429 0
11.2487 0
11.2544 0
11.2601 0
11.2659 0
11.2716 0
11.2774 0
11.2831 0
11.2888 0
11.2946 0
11.3003 0
11.306 0
11.3118 0
11.3175 0
11.3232 0
11.329 0
11.3347 0
11.3404 0
11.3462 0
11.3519 0
11.3577 0
11.3634 0
11.3691 0
11.3749 0
11.3806 0
11.3863 0
11.3921 0
11.3978 0
11.4035 0
11.4093 0
11.415 0
11.4208 0
11.4265 0
11.4322 0
11.438 0
11.4437 0
11.4494 0
11.4552 0
11.4609 0
11.4666 0
11.4724 0
11.4781 0
11.4839 0
11.4896 0
11.4953 0
11.5011 0
11.5068 0
11.5125 0
11.5183 0
11.524 0
11.5297 0
11.5355 0
11.5412 0
11.547 0
11.5527 0
11.5584 0
11.5642 0
11.5699 0
11.5756 0
11.5814 0
11.5871 0
11.5928 0
11.5986 0
11.6043 0
11.61 0
11.6158 0
11.6215 0
11.6273 0
11.633 0
11.6387 0
11.6445 0
11.6502 0
11.6559 0
11.6617 0
11.6674 0
11.6731 0
11.6789 0
11.6846 0
11.6904 0
11.6961 0
11.7018 0
11.7076 0
11.7133 0
11.719 0
11.7248 0
11.7305 0
11.7362 0
11.742 0
