0 -18
0.00573619 -17
0.0114724 9
0.0172086 0
0.0229448 -12
0.028681 32
0.0344171 0
0.0401533 -22
0.0458895 -1
0.0516257 27
0.0573619 0
0.0630981 -2
0.0688343 -20
0.0745705 0
0.0803067 25
0.0860429 -10
0.091779 0
0.0975152 3.33333
0.103251 -2
0.108988 7.66667
0.114724 0
0.12046 15
0.126196 8.33333
0.131932 0
0.137669 0.333333
0.143405 -9.33333
0.149141 25
0.154877 -0.5
0.160613 5.66667
0.16635 6.33333
0.172086 0
0.177822 7
0.183558 2.2
0.189294 0
0.19503 7.2
0.200767 -7.8
0.206503 1.66667
0.212239 -8
0.217975 7.2
0.223711 4.2
0.229448 0
0.235184 -5
0.24092 1
0.246656 0
0.252392 10
0.258129 9
0.263865 8.4
0.269601 0
0.275337 3.2
0.281073 5.57143
0.28681 0
0.292546 11.1429
0.298282 2.28571
0.304018 -6
0.309754 23
0.31549 3.14286
0.321227 -1.14286
0.326963 0
0.332699 12
0.338435 9.57143
0.344171 0
0.349908 10.1429
0.355644 17.8571
0.36138 2.4
0.367116 3
0.372852 11
0.378589 6
0.384325 -9
0.390061 5.33333
0.395797 5.66667
0.401533 0
0.40727 7.55556
0.413006 2.55556
0.418742 -11
0.424478 17.5
0.430214 7.77778
0.43595 4.77778
0.441687 0
0.447423 4.33333
0.453159 -0.333333
0.458895 20
0.464631 8
0.470368 7
0.476104 4.55556
0.48184 -0.5
0.487576 8.36364
0.493312 9.90909
0.499049 0
0.504785 3.81818
0.510521 14.8182
0.516257 -4
0.521993 17.6667
0.52773 11.2727
0.533466 6.44444
0.539202 -2.5
0.544938 19.0909
0.550674 11
0.55641 0
0.562147 4.76923
0.567883 3.76923
0.573619 1
0.579355 -1.33333
0.585091 14
0.590828 33.9091
0.596564 27
0.6023 116
0.608036 81.9231
0.613772 33.4
0.619509 16.625
0.625245 12.3077
0.630981 4.22222
0.636717 8
0.642453 13.0769
0.64819 13.7692
0.653926 -10
0.659662 7.66667
0.665398 16.3333
0.671134 9.85714
0.67687 13.5
0.682607 6.46667
0.688343 12.6364
0.694079 12.75
0.699815 6.66667
0.705551 10.1333
0.711288 5
0.717024 17
0.72276 4.93333
0.728496 17.6667
0.734232 4
0.739969 11.1875
0.745705 17.0769
0.751441 11
0.757177 15.7647
0.762913 8.88235
0.76865 0
0.774386 5.25
0.780122 6.05882
0.785858 10.9091
0.791594 10.3333
0.79733 11.4118
0.803067 11
0.808803 12.5
0.814539 9.64706
0.820275 3.23529
0.826011 -2.33333
0.831748 22.75
0.837484 8.11111
0.84322 5.15385
0.848956 18.8333
0.854692 8.63158
0.860429 5.11765
0.866165 -0.4
0.871901 8.5
0.877637 12.9474
0.883373 3.18182
0.88911 9.25
0.894846 5.78947
0.900582 8.53333
0.906318 14.75
0.912054 12.7895
0.91779 3.76471
0.923527 9.22222
0.929263 10
0.934999 5.85714
0.940735 7.92308
0.946471 12.25
0.952208 14.7619
0.957944 10.9412
0.96368 15.25
0.969416 6.57143
0.975152 7.52632
0.980889 5.72727
0.986625 6.41667
0.992361 12.5238
0.998097 12.1333
1.00383 14.1667
1.00957 10.381
1.01531 7.52941
1.02104 7.7
1.02678 8
1.03251 11.0476
1.03825 7.84615
1.04399 8.58333
1.04972 10.8261
1.05546 9.58823
1.0612 7.33333
1.06693 13.087
1.07267 8.31579
1.0784 15
1.08414 4.42857
1.08988 4.30435
1.09561 8.26667
1.10135 9.375
1.10708 9.52174
1.11282 6.29412
1.11856 9.71429
1.12429 11.36
1.13003 15.2381
1.13577 14.4
1.1415 11.7857
1.14724 6
1.15297 9.93333
1.15871 10.1
1.16445 9.6
1.17018 7.94737
1.17592 5.46154
1.18166 13.8333
1.18739 10.7391
1.19313 5.13333
1.19886 12.6667
1.2046 7.44
1.21034 11.6667
1.21607 10.4444
1.22181 9.88889
1.22754 7.2381
1.23328 10.3529
1.23902 12.3125
1.24475 4.24
1.25049 16.5294
1.25623 10.9167
1.26196 10.1481
1.2677 9.52632
1.27343 7.53846
1.27917 12.5455
1.28491 13.8696
1.29064 6.82353
1.29638 6.07143
1.30212 13.2593
1.30785 11.0556
1.31359 6.83333
1.31932 6.65517
1.32506 9.90476
1.3308 6.70588
1.33653 4
1.34227 9.6
1.348 10.3158
1.35374 10.9286
1.35948 11.5185
1.36521 9.33333
1.37095 5.2
1.37669 2.96552
1.38242 12.6087
1.38816 10.5294
1.39389 8.8421
1.39963 4.44444
1.40537 11.7
1.4111 11.7857
1.41684 3.89655
1.42258 10.0435
1.42831 11.4118
1.43405 5.75
1.43978 12.24
1.44552 5.90476
1.45126 11.25
1.45699 11.5517
1.46273 19.4286
1.46846 4.75
1.4742 7.32258
1.47994 10.3913
1.48567 6.9
1.49141 10.0476
1.49715 8.7037
1.50288 5.3913
1.50862 10.3125
1.51435 9.55172
1.52009 6.08
1.52583 10.0667
1.53156 8.36667
1.5373 5.52
1.54304 3.38095
1.54877 4.2
1.55451 9.62069
1.56024 13.6522
1.56598 7.28571
1.57172 7.87097
1.57745 6.16
1.58319 7.55
1.58892 12.52
1.59466 5.37037
1.6004 10.6
1.60613 9.33333
1.61187 1.41935
1.61761 9.12
1.62334 5.07143
1.62908 9.09091
1.63481 9.59259
1.64055 14.3913
1.64629 8.90909
1.65202 9.62069
1.65776 5.92
1.6635 9.0625
1.66923 14.129
1.67497 11.8571
1.6807 4.1
1.68644 11.75
1.69218 7.48276
1.69791 6.8
1.70365 9.59091
1.70938 12
1.71512 11.8519
1.72086 9.125
1.72659 12.1515
1.73233 3.86207
1.73807 12.6087
1.7438 15.0769
1.74954 10.6897
1.75527 7.92593
1.76101 12.8421
1.76675 6.51515
1.77248 7.57143
1.77822 4.65
1.78396 13.2667
1.78969 13.1935
1.79543 13
1.80116 12.1667
1.8069 8.12903
1.81264 13.6897
1.81837 9.66667
1.82411 8.97143
1.82984 7.75862
1.83558 7.72
1.84132 10.1923
1.84705 14.4839
1.85279 12
1.85853 7.13043
1.86426 15.6667
1.87 9.63333
1.87573 13.6667
1.88147 13.5429
1.88721 8.57576
1.89294 11.4074
1.89868 13.8462
1.90442 9.42424
1.91015 9.03226
1.91589 12.65
1.92162 13.0857
1.92736 13.7419
1.9331 12.44
1.93883 13.2143
1.94457 11.1212
1.9503 9.8
1.95604 12.4167
1.96178 11.1765
1.96751 16.125
1.97325 10.3
1.97899 13.6486
1.98472 13.0909
1.99046 11.2759
1.99619 9.84615
2.00193 12.4286
2.00767 9.12903
2.0134 17.9583
2.01914 9.2
2.02488 7.42424
2.03061 6.4
2.03635 11.0938
2.04208 10.9118
2.04782 10.6562
2.05356 10.9583
2.05929 13.4167
2.06503 13.8286
2.07076 5.77273
2.0765 11.1351
2.08224 11.0286
2.08797 11.5172
2.09371 9.17857
2.09945 9.13513
2.10518 8.42424
2.11092 8.83333
2.11665 9.21622
2.12239 12.2571
2.12813 10.913
2.13386 7.66667
2.1396 10.1667
2.14534 14.5
2.15107 10.7308
2.15681 11.7632
2.16254 12.1351
2.16828 7.77273
2.17402 12.0256
2.17975 6.94595
2.18549 11.7742
2.19122 10.2333
2.19696 13.8919
2.2027 14.1714
2.20843 9.83333
2.21417 20.6923
2.21991 38.7838
2.22564 29.5455
2.23138 50.1
2.23711 29.0263
2.24285 17.4118
2.24859 13.7857
2.25432 16.8205
2.26006 13.8205
2.2658 15.0455
2.27153 12.1707
2.27727 12.8974
2.283 11.0968
2.28874 9.40625
2.29448 13.1538
2.30021 9.32432
2.30595 9.07692
2.31168 9.15385
2.31742 14.2308
2.32316 17.4545
2.32889 13.6905
2.33463 10.5
2.34037 9.13889
2.3461 3.82143
2.35184 11.2093
2.35757 14.7297
2.36331 15.9615
2.36905 12.8293
2.37478 13.878
2.38052 12.8387
2.38626 16.9118
2.39199 14.8605
2.39773 16.3514
2.40346 10.1538
2.4092 11.907
2.41494 8.175
2.42067 13.1818
2.42641 11.0682
2.43214 11.619
2.43788 17.6857
2.44362 8.28125
2.44935 10.7111
2.45509 11
2.46083 17.6154
2.46656 10.4667
2.4723 7.41463
2.47803 10.8621
2.48377 11.55
2.48951 9.44186
2.49524 16.4615
2.50098 10.2308
2.50672 11.6522
2.51245 6.11905
2.51819 11.2083
2.52392 11.087
2.52966 11.8182
2.5354 16.6667
2.54113 15.1667
2.54687 14.1556
2.5526 10.7073
2.55834 16.8077
2.56408 14.9574
2.56981 6.23256
2.57555 12.8621
2.58129 17.0714
2.58702 12.6
2.59276 9.54054
2.59849 13.6562
2.60423 8.26087
2.60997 11.5
2.6157 13.2917
2.62144 12.8542
2.62718 11.3404
2.63291 15.4286
2.63865 14.6944
2.64438 16.4468
2.65012 13.8049
2.65586 9.3
2.66159 10.617
2.66733 10.7111
2.67306 10.92
2.6788 9.0625
2.68454 9.82979
2.69027 11.1538
2.69601 17.1212
2.70175 14.75
2.70748 12.4444
2.71322 6.81482
2.71895 13.1042
2.72469 13.3673
2.73043 12.0857
2.73616 9.02632
2.7419 10.0408
2.74764 15.7907
2.75337 20.5
2.75911 11.5306
2.76484 13.5306
2.77058 12.2083
2.77632 10.2653
2.78205 10.88
2.78779 12.5128
2.79352 9.85714
2.79926 10.9615
2.805 9.4
2.81073 15.5926
2.81647 14.5849
2.82221 12.6939
2.82794 6.54054
2.83368 10.2895
2.83941 12.9245
2.84515 12.9756
2.85089 8.28125
2.85662 9.96226
2.86236 12
2.8681 13.8333
2.87383 13.7925
2.87957 11.16
2.8853 7.58537
2.89104 14.9189
2.89678 17.3269
2.90251 9.8
2.90825 13.5172
2.91398 16.7455
2.91972 16.6863
2.92546 12.8378
2.93119 12.381
2.93693 12.283
2.94267 17.6889
2.9484 13.0625
2.95414 13.4906
2.95987 18.6122
2.96561 14.9615
2.97135 8.75
2.97708 12.4259
2.98282 12.4359
2.98856 15.3333
2.99429 17.2222
3.00003 15.5106
3.00576 15.4375
3.0115 14.2
3.01724 14.0943
3.02297 14.4054
3.02871 19.1818
3.03444 15.8
3.04018 14.1111
3.04592 8.08823
3.05165 17.0727
3.05739 12.7647
3.06313 10.6897
3.06886 10.8214
3.0746 17.2545
3.08033 17.1136
3.08607 11.3784
3.09181 12.3214
3.09754 16.2857
3.10328 10.5938
3.10902 13.0339
3.11475 12.3396
3.12049 10.5641
3.12622 12.8261
3.13196 15.8364
3.1377 15.8085
3.14343 14.1389
3.14917 21.5263
3.1549 15.7647
3.16064 18.6207
3.16638 17.9
3.17211 19.3636
3.17785 18.0227
3.18359 18.122
3.18932 17.4746
3.19506 19.6735
3.20079 18.1471
3.20653 17.3898
3.21227 14.7358
3.218 18.8293
3.22374 19.4792
3.22948 16.0847
3.23521 14.7111
3.24095 18.8158
3.24668 17.5
3.25242 17.9811
3.25816 18.4706
3.26389 17.9649
3.26963 14.5263
3.27536 17.3696
3.2811 20.3171
3.28684 12.1475
3.29257 17.7347
3.29831 20.75
3.30405 18.3016
3.30978 20.8182
3.31552 23.4651
3.32125 21.5208
3.32699 22.4386
3.33273 21.5294
3.33846 19.2105
3.3442 17.5968
3.34994 20.1176
3.35567 19.3684
3.36141 20.7119
3.36714 17.0877
3.37288 14.5417
3.37862 15.8409
3.38435 20.3279
3.39009 18.3774
3.39582 17.0278
3.40156 19.2222
3.4073 20
3.41303 23.1702
3.41877 21.8333
3.42451 19.5902
3.43024 24.0408
3.43598 26.0732
3.44171 21.4921
3.44745 22.5714
3.45319 19.6667
3.45892 22.2
3.46466 22.4746
3.4704 25.6
3.47613 21.2045
3.48187 19.5238
3.4876 21.0755
3.49334 19.9211
3.49908 19.806
3.50481 23.193
3.51055 22.3191
3.51628 25.92
3.52202 22.459
3.52776 23.463
3.53349 22.9024
3.53923 21.2923
3.54497 22.8148
3.5507 24.3958
3.55644 30.4727
3.56217 25.9492
3.56791 26.0566
3.57365 23.8478
3.57938 27.1231
3.58512 24.9636
3.59086 21.6579
3.59659 25.1194
3.60233 26.3729
3.60806 28.4706
3.6138 28.5
3.61954 29.4603
3.62527 25.0536
3.63101 30.0976
3.63674 26.8806
3.64248 26.3276
3.64822 26.75
3.65395 30.1754
3.65969 30.2623
3.66543 32.0727
3.67116 30.1304
3.6769 31.4286
3.68263 29.8689
3.68837 29.9211
3.69411 33.7101
3.69984 27.7627
3.70558 37.5472
3.71132 33.3529
3.71705 32.2308
3.72279 36.125
3.72852 34.0465
3.73426 34.7164
3.74 30.2742
3.74573 35.84
3.75147 37.7857
3.7572 30.6349
3.76294 37.0508
3.76868 34.9773
3.77441 35.8806
3.78015 34.7797
3.78589 47.0638
3.79162 41.2188
3.79736 40.4286
3.80309 43.3571
3.80883 45.2353
3.81457 49.7231
3.8203 51.6667
3.82604 50.5349
3.83178 52.4928
3.83751 65.7419
3.84325 71.8036
3.84898 72.5185
3.85472 145.937
3.86046 495.984
3.86619 150.522
3.87193 1219.09
3.87766 338.049
3.8834 126.765
3.88914 141.15
3.89487 129.846
3.90061 140.95
3.90635 145.694
3.91208 139.746
3.91782 122.938
3.92355 112.488
3.92929 98
3.93503 82.7812
3.94076 70.2712
3.9465 59.7963
3.95224 59.1642
3.95797 52.2698
3.96371 53.3696
3.96944 48.2535
3.97518 47.2381
3.98092 45.3636
3.98665 44.569
3.99239 47.1029
3.99812 41.8387
4.00386 44.449
4.0096 41.5217
4.01533 44.2188
4.02107 45.34
4.02681 39.2879
4.03254 39.8485
4.03828 40.4098
4.04401 39.6154
4.04975 43.0141
4.05549 39.5231
4.06122 39.4348
4.06696 40.6087
4.0727 40.1449
4.07843 37.7833
4.08417 38.9821
4.0899 36.2353
4.09564 37.4531
4.10138 35.72
4.10711 38.7222
4.11285 39.7273
4.11858 38.0179
4.12432 37.8387
4.13006 36.9855
4.13579 36.1905
4.14153 39.5192
4.14727 37.8493
4.153 38.6418
4.15874 43
4.16447 38.1233
4.17021 34.4085
4.17595 34.629
4.18168 36.4107
4.18742 36.3571
4.19316 38.3485
4.19889 40.42
4.20463 37.1216
4.21036 38.5588
4.2161 38.15
4.22184 38.6552
4.22757 37.3973
4.23331 39.2836
4.23904 37.8
4.24478 38.1733
4.25052 42.3623
4.25625 39
4.26199 42.5781
4.26773 37.4861
4.27346 36.1061
4.2792 38.6071
4.28493 39.7361
4.29067 42.9857
4.29641 45.1875
4.30214 43.8158
4.30788 51.1429
4.31362 116.477
4.31935 55.8214
4.32509 209.427
4.33082 81.3623
4.33656 53.64
4.3423 54.8
4.34803 51.4521
4.35377 51.3548
4.3595 51.8667
4.36524 54.3378
4.37098 56.0714
4.37671 61.3704
4.38245 60.7703
4.38819 62.0833
4.39392 69.1404
4.39966 74.2899
4.40539 76.4583
4.41113 81.7826
4.41687 101.833
4.4226 102.792
4.42834 136.123
4.43408 324.271
4.43981 446.623
4.44555 1060.4
4.45128 4913.98
4.45702 6044.88
4.46276 2739.97
4.46849 2762.06
4.47423 750.741
4.47996 309.855
4.4857 167.595
4.49144 147.323
4.49717 131.111
4.50291 106.221
4.50865 100.113
4.51438 100.154
4.52012 96.3165
4.52585 83.64
4.53159 77.0526
4.53733 74.0143
4.54306 66.3375
4.5488 65.4328
4.55454 62.3333
4.56027 52.75
4.56601 48.7432
4.57174 45.3846
4.57748 43.8333
4.58322 41
4.58895 39.4776
4.59469 42.2951
4.60042 36.8481
4.60616 37.0667
4.6119 36.48
4.61763 35.3012
4.62337 32.6753
4.62911 33.8254
4.63484 37.375
4.64058 34.6585
4.64631 29.2222
4.65205 30.3929
4.65779 28.8875
4.66352 36.2564
4.66926 30.3443
4.675 32.0141
4.68073 28.1154
4.68647 29.1233
4.6922 26.3621
4.69794 24.8148
4.70368 25.7273
4.70941 26.16
4.71515 29.0118
4.72088 29.1646
4.72662 26.9855
4.73236 25.7143
4.73809 27.5244
4.74383 25.3205
4.74957 26.0769
4.7553 26.3571
4.76104 23.2375
4.76677 23.6716
4.77251 24.3231
4.77825 23.9634
4.78398 22.3733
4.78972 20.7143
4.79546 19.1882
4.80119 23.9367
4.80693 22.4769
4.81266 24.3571
4.8184 23.119
4.82414 22.5068
4.82987 22.918
4.83561 19.6429
4.84134 20.7125
4.84708 22.3019
4.85282 22.4706
4.85855 22.0854
4.86429 28.169
4.87003 22.2131
4.87576 23.4253
4.8815 15.9873
4.88723 18.3704
4.89297 20.5882
4.89871 24.3373
4.90444 24.7042
4.91018 17.6818
4.91592 17.6071
4.92165 18.6329
4.92739 22.3333
4.93312 23.3023
4.93886 19.25
4.9446 23.6418
4.95033 23.5915
4.95607 20.314
4.9618 20.2857
4.96754 18.5085
4.97328 22.6207
4.97901 16.3855
4.98475 20.7049
4.99049 21.9615
4.99622 21.7701
5.00196 22.4932
5.00769 24.3333
5.01343 20.9886
5.01917 19.506
5.0249 20.1509
5.03064 21.9333
5.03638 16.9419
5.04211 18.44
5.04785 17.0154
5.05358 17.3953
5.05932 16.7037
5.06506 18.1034
5.07079 13.7191
5.07653 19.5172
5.08226 19.8732
5.088 18.5714
5.09374 15.0778
5.09947 16.1948
5.10521 17.8571
5.11095 17.3333
5.11668 17.6824
5.12242 19.9394
5.12815 21.4156
5.13389 19.5556
5.13963 17.1948
5.14536 22.1475
5.1511 18.6957
5.15684 21.9759
5.16257 16.7143
5.16831 16.4881
5.17404 14.9213
5.17978 15.1558
5.18552 16.4848
5.19125 17.2667
5.19699 17.8072
5.20272 14.3898
5.20846 16.8261
5.2142 17.4382
5.21993 19.3289
5.22567 17.058
5.23141 18.5978
5.23714 16.5556
5.24288 19.9836
5.24861 18.3333
5.25435 17.7528
5.26009 17.8592
5.26582 15.1579
5.27156 17.022
5.2773 18.8228
5.28303 16.6
5.28877 17.8298
5.2945 15.6437
5.30024 17.2361
5.30598 15.9747
5.31171 15.9551
5.31745 21.561
5.32318 16.3846
5.32892 16.4255
5.33466 14.5747
5.34039 18.7576
5.34613 13.8605
5.35187 16.3407
5.3576 14.3704
5.36334 14.6667
5.36907 15.4896
5.37481 13.3294
5.38055 15.7705
5.38628 18.0104
5.39202 20.8132
5.39776 17.0375
5.40349 15.8028
5.40923 15.8542
5.41496 15.5802
5.4207 15.3016
5.42644 15.6633
5.43217 16.5169
5.43791 18.1392
5.44364 13.9054
5.44938 14.2474
5.45512 16.0741
5.46085 13.6818
5.46659 16.5816
5.47233 18.0337
5.47806 19.1579
5.4838 17.284
5.48953 15.9355
5.49527 16.2143
5.50101 18.1791
5.50674 18.2245
5.51248 18.0449
5.51822 19.2973
5.52395 15.6747
5.52969 16.0753
5.53542 15.9647
5.54116 15.4412
5.5469 15.1111
5.55263 18.1236
5.55837 13.7083
5.5641 17.5843
5.56984 14.5806
5.57558 20.2262
5.58131 12.8356
5.58705 16.8586
5.59279 15.9545
5.59852 16.6508
5.60426 9.33
5.60999 12.5806
5.61573 13.1098
5.62147 15.4737
5.6272 18.5361
5.63294 17.8276
5.63868 14.0455
5.64441 17.5941
5.65015 14.0968
5.65588 18.9048
5.66162 16.9481
5.66736 15.8081
5.67309 17.2674
5.67883 16.7536
5.68456 14.0099
5.6903 18
5.69604 18.8171
5.70177 17.1807
5.70751 16.8316
5.71325 18.1477
5.71898 17.5972
5.72472 14.3636
5.73045 17.7634
5.73619 14.3924
5.74193 20.1236
5.74766 15.6737
5.7534 16.8068
5.75914 16.0845
5.76487 17.1584
5.77061 16.5319
5.77634 21.0769
5.78208 17
5.78782 16.6082
5.79355 19.2558
5.79929 13.12
5.80502 18.5743
5.81076 17.1613
5.8165 17.12
5.82223 17.9375
5.82797 15.299
5.83371 16.5116
5.83944 15.7468
5.84518 16.6364
5.85091 18.8542
5.85665 21.4462
5.86239 18.7619
5.86812 18.0918
5.87386 23.7674
5.8796 19.2025
5.88533 18.1782
5.89107 17.0543
5.8968 18.5797
5.90254 18.1714
5.90828 20.6667
5.91401 20.6941
5.91975 18.3049
5.92548 18.9495
5.93122 19.1596
5.93696 23.5753
5.94269 19.9143
5.94843 20.3125
5.95417 21.4432
5.9599 16.7412
5.96564 17.6061
5.97137 18.5745
5.97711 16.9589
5.98285 20.0971
5.98858 17.2347
5.99432 21.1294
6.00006 20.6
6.00579 20.3535
6.01153 21.1613
6.01726 21.2267
6.023 20.2571
6.02874 20.2083
6.03447 21.5455
6.04021 22.2667
6.04594 23.7959
6.05168 17.9062
6.05742 22.6104
6.06315 19.5048
6.06889 19.125
6.07463 21.8571
6.08036 21.3404
6.0861 21.2755
6.09183 23.5155
6.09757 19.8718
6.10331 20.7619
6.10904 22.8646
6.11478 23.9535
6.12052 23.7188
6.12625 21.95
6.13199 22.1489
6.13772 23.7927
6.14346 23.8725
6.1492 21.95
6.15493 23.8625
6.16067 23.5098
6.1664 25.8367
6.17214 25.8404
6.17788 25.0119
6.18361 25.3301
6.18935 26.8889
6.19509 22.3108
6.20082 24.5688
6.20656 24
6.21229 28.0417
6.21803 21.3293
6.22377 24.3113
6.2295 26.32
6.23524 26.0133
6.24098 26.945
6.24671 25.8039
6.25245 29.5638
6.25818 26.3372
6.26392 27.1176
6.26966 30.4608
6.27539 27.4605
6.28113 27.8532
6.28686 30.5644
6.2926 31.1979
6.29834 30.0341
6.30407 34.6442
6.30981 33.4216
6.31555 31.5256
6.32128 39.287
6.32702 36.4712
6.33275 33.9792
6.33849 42.1932
6.34423 41
6.34996 43.8039
6.3557 43.8205
6.36144 48.6481
6.36717 46.2571
6.37291 49.4
6.37864 53
6.38438 50.9528
6.39012 46.8235
6.39585 45.5125
6.40159 45.8611
6.40732 39.7593
6.41306 37.0851
6.4188 33.6848
6.42453 31.8491
6.43027 32.1373
6.43601 33.1463
6.44174 32.0849
6.44748 28.1667
6.45321 25.234
6.45895 28.5978
6.46469 26.6952
6.47042 27.932
6.47616 25.2738
6.4819 26.5455
6.48763 28.8889
6.49337 26.3011
6.4991 25.7263
6.50484 24.6574
6.51058 24.2157
6.51631 27.8929
6.52205 24.3636
6.52778 25.787
6.53352 26.5652
6.53926 24.6979
6.54499 27.4259
6.55073 24.5534
6.55647 23.7143
6.5622 26.3186
6.56794 24.2685
6.57367 27.7742
6.57941 26.1158
6.58515 23.5179
6.59088 24.2115
6.59662 19.4286
6.60236 23.6754
6.60809 23.2547
6.61383 24.2473
6.61956 23.8763
6.6253 25.0179
6.63104 25.8039
6.63677 22.593
6.64251 26.3947
6.64824 24.6916
6.65398 25.5165
6.65972 19.0196
6.66545 24.3929
6.67119 25.2692
6.67693 23.5116
6.68266 21.4914
6.6884 24.75
6.69413 21.3187
6.69987 22.4951
6.70561 20.5446
6.71134 26.1731
6.71708 25.7955
6.72282 25.9737
6.72855 21.5093
6.73429 22.8427
6.74002 23.8208
6.74576 22.4609
6.7515 22.9029
6.75723 20.8315
6.76297 25.6724
6.7687 24.3482
6.77444 23.573
6.78018 23.3714
6.78591 22.431
6.79165 24.6542
6.79739 24.1724
6.80312 23.1316
6.80886 22.2232
6.81459 20.7363
6.82033 24.8381
6.82607 21.3621
6.8318 22.3905
6.83754 26.0795
6.84328 24.0678
6.84901 22.0536
6.85475 22.4945
6.86048 23.367
6.86622 20.3017
6.87196 23.5607
6.87769 21.6782
6.88343 24.2881
6.88916 22.2281
6.8949 20.2644
6.90064 21.2301
6.90637 24.0088
6.91211 23.5794
6.91785 21.7011
6.92358 22.1488
6.92932 24
6.93505 22.3596
6.94079 21.2035
6.94653 22.931
6.95226 24.2897
6.958 23.5494
6.96374 20.9333
6.96947 22.8947
6.97521 21.5275
6.98094 23.8288
6.98668 24.2845
6.99242 22.8899
6.99815 25.4831
7.00389 23.6833
7.00962 21.9397
7.01536 24.8242
7.0211 23.3818
7.02683 21.6475
7.03257 24.215
7.03831 26.7634
7.04404 23.3197
7.04978 23.7739
7.05551 22.4681
7.06125 20.7248
7.06699 23.8197
7.07272 24.0826
7.07846 23.4494
7.0842 24.9672
7.08993 23.4397
7.09567 27.7742
7.1014 24.2035
7.10714 24.1176
7.11288 22.1101
7.11861 23.3548
7.12435 21.371
7.13008 22.0427
7.13582 21.3646
7.14156 22.4775
7.14729 25.4083
7.15303 24.2385
7.15877 23.6559
7.1645 23.4194
7.17024 25.2101
7.17597 25.4694
7.18171 24.1589
7.18745 25.1967
7.19318 25.4234
7.19892 23.9231
7.20466 27.0787
7.21039 23.359
7.21613 23.05
7.22186 26.4954
7.2276 26.4603
7.23334 27.2793
7.23907 22.2088
7.24481 24.5476
7.25054 23.1429
7.25628 24.95
7.26202 26.2432
7.26775 26.4016
7.27349 23.4955
7.27923 22.0323
7.28496 26.5317
7.2907 25.9496
7.29643 25.7282
7.30217 25.6697
7.30791 28.3548
7.31364 30.4359
7.31938 28.764
7.32512 26.1462
7.33085 25.2231
7.33659 24.3942
7.34232 29
7.34806 27.5385
7.3538 30.009
7.35953 28.6129
7.36527 27.9609
7.371 27.8347
7.37674 29.1346
7.38248 31.0826
7.38821 31.488
7.39395 35.5603
7.39969 39.3011
7.40542 49.7923
7.41116 66.5854
7.41689 83.5566
7.42263 48.6542
7.42837 41.4444
7.4341 37.5126
7.43984 37.4494
7.44558 37.1045
7.45131 42.2066
7.45705 38.2
7.46278 41.1553
7.46852 42.0154
7.47426 44.7521
7.47999 41.3333
7.48573 44.3939
7.49146 43.504
7.4972 44.5455
7.50294 40.1028
7.50867 39.7734
7.51441 37.7227
7.52015 35.5385
7.52588 34.0303
7.53162 33.4
7.53735 33.0536
7.54309 29.6796
7.54883 28.8485
7.55456 26.6471
7.5603 29.3034
7.56604 28.4478
7.57177 27.576
7.57751 26.6552
7.58324 27.8641
7.58898 29.7405
7.59472 27.7951
7.60045 26.95
7.60619 24.3902
7.61192 26.1473
7.61766 27.6121
7.6234 24.2376
7.62913 25.6818
7.63487 24.5702
7.64061 24.2255
7.64634 26.8943
7.65208 25.5116
7.65781 25.2881
7.66355 26.6122
7.66929 25.963
7.67502 27.2903
7.68076 29.4717
7.6865 26.8655
7.69223 27.9313
7.69797 24.4831
7.7037 31.1683
7.70944 24.3955
7.71518 26.2195
7.72091 28.5182
7.72665 28.0427
7.73238 30.4419
7.73812 38.5984
7.74386 45.5876
7.74959 44.7899
7.75533 33.928
7.76107 29.0179
7.7668 30.3652
7.77254 29.4351
7.77827 27
7.78401 28.8687
7.78975 29.037
7.79548 28.5938
7.80122 31.0086
7.80696 27.2432
7.81269 28.188
7.81843 30.1855
7.82416 28.4
7.8299 29.8357
7.83564 29.4724
7.84137 23.9741
7.84711 25.4865
7.85284 28.0687
7.85858 24.8125
7.86432 23.3608
7.87005 23.9137
7.87579 24.5703
7.88153 22.3279
7.88726 19.8785
7.893 24.1259
7.89873 23.2422
7.90447 24.9902
7.91021 21.2105
7.91594 25.7557
7.92168 22.7083
7.92742 21.7238
7.93315 22.6642
7.93889 20.4365
7.94462 18.9474
7.95036 21.2295
7.9561 20.1818
7.96183 21.8968
7.96757 19.9333
7.9733 23.438
7.97904 21.3385
7.98478 19.0536
7.99051 17.664
7.99625 20.2406
8.00199 22.6532
8.00772 18.5842
8.01346 20.7338
8.01919 19.3788
8.02493 18.822
8.03067 20.1053
8.0364 17.5809
8.04214 19.8125
8.04788 19
8.05361 19.0576
8.05935 20.75
8.06508 17.3475
8.07082 19.3077
8.07656 20.2409
8.08229 20.0156
8.08803 18.4444
8.09376 22.4895
8.0995 20.5303
8.10524 20.9754
8.11097 18.4071
8.11671 20.7518
8.12245 17.8682
8.12818 18.2054
8.13392 18.8409
8.13965 19.9783
8.14539 19.0968
8.15113 17.7027
8.15686 15.8832
8.1626 14.5076
8.16834 14.9661
8.17407 12.4603
8.17981 12.2761
8.18554 10.9923
8.19128 9.88785
8.19702 8.35971
8.20275 12.4254
8.20849 5.00847
8.21422 8.76613
8.21996 7.15942
8.2257 6.50781
8.23143 7.14953
8.23717 5.7972
8.24291 2.20988
8.24864 6.12727
8.25438 6.10526
8.26011 6.68421
8.26585 6.33333
8.27159 0
8.27732 0
8.28306 0
8.2888 0
8.29453 0
8.30027 0
8.306 0
8.31174 0
8.31748 0
8.32321 0
8.32895 0
8.33468 0
8.34042 0
8.34616 0
8.35189 0
8.35763 0
8.36337 0
8.3691 0
8.37484 0
8.38057 0
8.38631 0
8.39205 0
8.39778 0
8.40352 0
8.40926 0
8.41499 0
8.42073 0
8.42646 0
8.4322 0
8.43794 0
8.44367 0
8.44941 0
8.45514 0
8.46088 0
8.46662 0
8.47235 0
8.47809 0
8.48383 0
8.48956 0
8.4953 0
8.50103 0
8.50677 0
8.51251 0
8.51824 0
8.52398 0
8.52972 0
8.53545 0
8.54119 0
8.54692 0
8.55266 0
8.5584 0
8.56413 0
8.56987 0
8.5756 0
8.58134 0
8.58708 0
8.59281 0
8.59855 0
8.60429 0
8.61002 0
8.61576 0
8.62149 0
8.62723 0
8.63297 0
8.6387 0
8.64444 0
8.65018 0
8.65591 0
8.66165 0
8.66738 0
8.67312 0
8.67886 0
8.68459 0
8.69033 0
8.69606 0
8.7018 0
8.70754 0
8.71327 0
8.71901 0
8.72475 0
8.73048 0
8.73622 0
8.74195 0
8.74769 0
8.75343 0
8.75916 0
8.7649 0
8.77064 0
8.77637 0
8.78211 0
8.78784 0
8.79358 0
8.79932 0
8.80505 0
8.81079 0
8.81652 0
8.82226 0
8.828 0
8.83373 0
8.83947 0
8.84521 0
8.85094 0
8.85668 0
8.86241 0
8.86815 0
8.87389 0
8.87962 0
8.88536 0
8.8911 0
8.89683 0
8.90257 0
8.9083 0
8.91404 0
8.91978 0
8.92551 0
8.93125 0
8.93698 0
8.94272 0
8.94846 0
8.95419 0
8.95993 0
8.96567 0
8.9714 0
8.97714 0
8.98287 0
8.98861 0
8.99435 0
9.00008 0
9.00582 0
9.01156 0
9.01729 0
9.02303 0
9.02876 0
9.0345 0
9.04024 0
9.04597 0
9.05171 0
9.05744 0
9.06318 0
9.06892 0
9.07465 0
9.08039 0
9.08613 0
9.09186 0
9.0976 0
9.10333 0
9.10907 0
9.11481 0
9.12054 0
9.12628 0
9.13202 0
9.13775 0
9.14349 0
9.14922 0
9.15496 0
9.1607 0
9.16643 0
9.17217 0
9.1779 0
9.18364 0
9.18938 0
9.19511 0
9.20085 0
9.20659 0
9.21232 0
9.21806 0
9.22379 0
9.22953 0
9.23527 0
9.241 0
9.24674 0
9.25248 0
9.25821 0
9.26395 0
9.26968 0
9.27542 0
9.28116 0
9.28689 0
9.29263 0
9.29836 0
9.3041 0
9.30984 0
9.31557 0
9.32131 0
9.32705 0
9.33278 0
9.33852 0
9.34425 0
9.34999 0
9.35573 0
9.36146 0
9.3672 0
9.37294 0
9.37867 0
9.38441 0
9.39014 0
9.39588 0
9.40162 0
9.40735 0
9.41309 0
9.41882 0
9.42456 0
9.4303 0
9.43603 0
9.44177 0
9.44751 0
9.45324 0
9.45898 0
9.46471 0
9.47045 0
9.47619 0
9.48192 0
9.48766 0
9.4934 0
9.49913 0
9.50487 0
9.5106 0
9.51634 0
9.52208 0
9.52781 0
9.53355 0
9.53928 0
9.54502 0
9.55076 0
9.55649 0
9.56223 0
9.56797 0
9.5737 0
9.57944 0
9.58517 0
9.59091 0
9.59665 0
9.60238 0
9.60812 0
9.61386 0
9.61959 0
9.62533 0
9.63106 0
9.6368 0
9.64254 0
9.64827 0
9.65401 0
9.65974 0
9.66548 0
9.67122 0
9.67695 0
9.68269 0
9.68843 0
9.69416 0
9.6999 0
9.70563 0
9.71137 0
9.71711 0
9.72284 0
9.72858 0
9.73432 0
9.74005 0
9.74579 0
9.75152 0
9.75726 0
9.763 0
9.76873 0
9.77447 0
9.7802 0
9.78594 0
9.79168 0
9.79741 0
9.80315 0
9.80889 0
9.81462 0
9.82036 0
9.82609 0
9.83183 0
9.83757 0
9.8433 0
9.84904 0
9.85478 0
9.86051 0
9.86625 0
9.87198 0
9.87772 0
9.88346 0
9.88919 0
9.89493 0
9.90066 0
9.9064 0
9.91214 0
9.91787 0
9.92361 0
9.92935 0
9.93508 0
9.94082 0
9.94655 0
9.95229 0
9.95803 0
9.96376 0
9.9695 0
9.97524 0
9.98097 0
9.98671 0
9.99244 0
9.99818 0
10.0039 0
10.0097 0
10.0154 0
10.0211 0
10.0269 0
10.0326 0
10.0383 0
10.0441 0
10.0498 0
10.0555 0
10.0613 0
10.067 0
10.0728 0
10.0785 0
10.0842 0
10.09 0
10.0957 0
10.1014 0
10.1072 0
10.1129 0
10.1186 0
10.1244 0
10.1301 0
10.1358 0
10.1416 0
10.1473 0
10.1531 0
10.1588 0
10.1645 0
10.1703 0
10.176 0
10.1817 0
10.1875 0
10.1932 0
10.1989 0
10.2047 0
10.2104 0
10.2162 0
10.2219 0
10.2276 0
10.2334 0
10.2391 0
10.2448 0
10.2506 0
10.2563 0
10.262 0
10.2678 0
10.2735 0
10.2793 0
10.285 0
10.2907 0
10.2965 0
10.3022 0
10.3079 0
10.3137 0
10.3194 0
10.3251 0
10.3309 0
10.3366 0
10.3424 0
10.3481 0
10.3538 0
10.3596 0
10.3653 0
10.371 0
10.3768 0
10.3825 0
10.3882 0
10.394 0
10.3997 0
10.4054 0
10.4112 0
10.4169 0
10.4227 0
10.4284 0
10.4341 0
10.4399 0
10.4456 0
10.4513 0
10.4571 0
10.4628 0
10.4685 0
10.4743 0
10.48 0
10.4858 0
10.4915 0
10.4972 0
10.503 0
10.5087 0
10.5144 0
10.5202 0
10.5259 0
10.5316 0
10.5374 0
10.5431 0
10.5489 0
10.5546 0
10.5603 0
10.5661 0
10.5718 0
10.5775 0
10.5833 0
10.589 0
10.5947 0
10.6005 0
10.6062 0
10.612 0
10.6177 0
10.6234 0
10.6292 0
10.6349 0
10.6406 0
10.6464 0
10.6521 0
10.6578 0
10.6636 0
10.6693 0
10.6751 0
10.6808 0
10.6865 0
10.6923 0
10.698 0
10.7037 0
10.7095 0
10.7152 0
10.7209 0
10.7267 0
10.7324 0
10.7381 0
10.7439 0
10.7496 0
10.7554 0
10.7611 0
10.7668 0
10.7726 0
10.7783 0
10.784 0
10.7898 0
10.7955 0
10.8012 0
10.807 0
10.8127 0
10.8185 0
10.8242 0
10.8299 0
10.8357 0
10.8414 0
10.8471 0
10.8529 0
10.8586 0
10.8643 0
10.8701 0
10.8758 0
10.8816 0
10.8873 0
10.893 0
10.8988 0
10.9045 0
10.9102 0
10.916 0
10.9217 0
10.9274 0
10.9332 0
10.9389 0
10.9447 0
10.9504 0
10.9561 0
10.9619 0
10.9676 0
10.9733 0
10.9791 0
10.9848 0
10.9905 0
10.9963 0
11.002 0
11.0077 0
11.0135 0
11.0192 0
11.025 0
11.0307 0
11.0364 0
11.0422 0
11.0479 0
11.0536 0
11.0594 0
11.0651 0
11.0708 0
11.0766 0
11.0823 0
11.0881 0
11.0938 0
11.0995 0
11.1053 0
11.111 0
11.1167 0
11.1225 0
11.1282 0
11.1339 0
11.1397 0
11.1454 0
11.1512 0
11.1569 0
11.1626 0
11.1684 0
11.1741 0
11.1798 0
11.1856 0
11.1913 0
11.197 0
11.2028 0
11.2085 0
11.2143 0
11.22 0
11.2257 0
11.2315 0
11.2372 0
11.2429 0
11.2487 0
11.2544 0
11.2601 0
11.2659 0
11.2716 0
11.2774 0
11.2831 0
11.2888 0
11.2946 0
11.3003 0
11.306 0
11.3118 0
11.3175 0
11.3232 0
11.329 0
11.3347 0
11.3404 0
11.3462 0
11.3519 0
11.3577 0
11.3634 0
11.3691 0
11.3749 0
11.3806 0
11.3863 0
11.3921 0
11.3978 0
11.4035 0
11.4093 0
11.415 0
11.4208 0
11.4265 0
11.4322 0
11.438 0
11.4437 0
11.4494 0
11.4552 0
11.4609 0
11.4666 0
11.4724 0
11.4781 0
11.4839 0
11.4896 0
11.4953 0
11.5011 0
11.5068 0
11.5125 0
11.5183 0
11.524 0
11.5297 0
11.5355 0
11.5412 0
11.547 0
11.5527 0
11.5584 0
11.5642 0
11.5699 0
11.5756 0
11.5814 0
11.5871 0
11.5928 0
11.5986 0
11.6043 0
11.61 0
11.6158 0
11.6215 0
11.6273 0
11.633 0
11.6387 0
11.6445 0
11.6502 0
11.6559 0
11.6617 0
11.6674 0
11.6731 0
11.6789 0
11.6846 0
11.6904 0
11.6961 0
11.7018 0
11.7076 0
11.7133 0
11.719 0
11.7248 0
11.7305 0
11.7362 0
11.742 0
