0 7
0.00573619 -12
0.0114724 3
0.0172086 0
0.0229448 8
0.028681 15
0.0344171 0
0.0401533 14
0.0458895 13
0.0516257 -37
0.0573619 0
0.0630981 33
0.0688343 -8
0.0745705 0
0.0803067 2
0.0860429 26
0.091779 0
0.0975152 -4
0.103251 0.333333
0.108988 -8.33333
0.114724 0
0.12046 2
0.126196 14.6667
0.131932 0
0.137669 -3.66667
0.143405 5.33333
0.149141 22
0.154877 -11
0.160613 6.66667
0.16635 11
0.172086 0
0.177822 -10
0.183558 0
0.189294 0
0.19503 1.4
0.200767 -1.6
0.206503 5
0.212239 -3.5
0.217975 -6.4
0.223711 -10.2
0.229448 0
0.235184 -1.4
0.24092 11
0.246656 0
0.252392 14.2
0.258129 11
0.263865 7.2
0.269601 0
0.275337 11.8
0.281073 10.1429
0.28681 0
0.292546 6.28571
0.298282 17.8571
0.304018 17
0.309754 1
0.31549 15.8571
0.321227 6.71429
0.326963 0
0.332699 4.42857
0.338435 -0.857143
0.344171 0
0.349908 7.85714
0.355644 11.4286
0.36138 14.4
0.367116 7
0.372852 22.8889
0.378589 21.2857
0.384325 18
0.390061 8.22222
0.395797 10.3333
0.401533 0
0.40727 21
0.413006 8.88889
0.418742 8.28571
0.424478 4
0.430214 18.4444
0.43595 12.5556
0.441687 0
0.447423 7.22222
0.453159 22.6667
0.458895 10.6667
0.464631 16.1429
0.470368 5.81818
0.476104 24.4444
0.48184 23
0.487576 7.18182
0.493312 10.7273
0.499049 0
0.504785 23.0909
0.510521 9
0.516257 13.4
0.521993 20
0.52773 18.1818
0.533466 17.5556
0.539202 23.5
0.544938 22.6364
0.550674 13.8182
0.55641 0
0.562147 17.3846
0.567883 20.4615
0.573619 23.7143
0.579355 16.6667
0.585091 22
0.590828 36.7273
0.596564 12.5
0.6023 150
0.608036 93
0.613772 21
0.619509 24.625
0.625245 23.2308
0.630981 19.6667
0.636717 18.75
0.642453 21.6154
0.64819 19.9231
0.653926 34
0.659662 15.6
0.665398 23.4667
0.671134 15
0.67687 10.125
0.682607 13.8
0.688343 13.4545
0.694079 24.5
0.699815 21.3333
0.705551 19.9333
0.711288 -4
0.717024 13.5
0.72276 20.6667
0.728496 6.66667
0.734232 28.1667
0.739969 15.8125
0.745705 15.6154
0.751441 28.25
0.757177 15.3529
0.762913 17.2353
0.76865 19
0.774386 10.4167
0.780122 24.8824
0.785858 15.0909
0.791594 17.6667
0.79733 13
0.803067 17.3333
0.808803 15.5
0.814539 6.23529
0.820275 18.6471
0.826011 17.1111
0.831748 16.75
0.837484 17.2778
0.84322 17.2308
0.848956 12.1667
0.854692 9.1579
0.860429 19.2941
0.866165 20
0.871901 13.125
0.877637 13.5789
0.883373 13.6364
0.88911 16.625
0.894846 15.9474
0.900582 20.8667
0.906318 22
0.912054 7.78947
0.91779 14.5882
0.923527 22.8889
0.929263 16.5385
0.934999 14.7619
0.940735 12.6923
0.946471 18.875
0.952208 21.5714
0.957944 15.3529
0.96368 12
0.969416 14.2857
0.975152 11
0.980889 16.6364
0.986625 17.25
0.992361 18.1429
0.998097 19.3333
1.00383 12.5
1.00957 21.4762
1.01531 10.4706
1.02104 13.6
1.02678 17.8235
1.03251 7.19048
1.03825 16.6154
1.04399 18.5
1.04972 16.7391
1.05546 14.5294
1.0612 12.6667
1.06693 13.8696
1.07267 11.2632
1.0784 20
1.08414 10.6429
1.08988 12
1.09561 22.2667
1.10135 19.25
1.10708 13.6087
1.11282 5.23529
1.11856 11.2857
1.12429 12.28
1.13003 16.2381
1.13577 14.3333
1.1415 10.6429
1.14724 12.68
1.15297 19.2667
1.15871 11
1.16445 11.92
1.17018 9.52632
1.17592 15.3077
1.18166 13.8333
1.18739 12.8696
1.19313 3.73333
1.19886 9.16667
1.2046 10
1.21034 11.6111
1.21607 15.2222
1.22181 19.6667
1.22754 11
1.23328 5.82353
1.23902 18.4375
1.24475 17.04
1.25049 13.3529
1.25623 18.5833
1.26196 9.77778
1.2677 10.4211
1.27343 9.69231
1.27917 12.7727
1.28491 12.9565
1.29064 10
1.29638 17.5
1.30212 9.92593
1.30785 16.3889
1.31359 1.5
1.31932 11.5517
1.32506 9.2381
1.3308 9.41177
1.33653 14.05
1.34227 10.48
1.348 11.5263
1.35374 16.2143
1.35948 14.2222
1.36521 8.57143
1.37095 13.3
1.37669 12.8621
1.38242 19.6957
1.38816 13.4118
1.39389 11.8421
1.39963 18.6667
1.40537 5
1.4111 9.57143
1.41684 11.5172
1.42258 16.2609
1.42831 11.1176
1.43405 14.75
1.43978 14.12
1.44552 14.3333
1.45126 10.75
1.45699 11.931
1.46273 7.19048
1.46846 16.25
1.4742 10.0323
1.47994 12.3478
1.48567 14.75
1.49141 12.8571
1.49715 12.1111
1.50288 12.7826
1.50862 16.625
1.51435 13.1724
1.52009 7.88
1.52583 9.46667
1.53156 13.6667
1.5373 13.36
1.54304 12.2381
1.54877 11.8
1.55451 17.1379
1.56024 10.913
1.56598 16.6429
1.57172 12.4839
1.57745 21.08
1.58319 15.55
1.58892 18.64
1.59466 8.33333
1.6004 14.68
1.60613 8.27778
1.61187 14.0968
1.61761 7.32
1.62334 17.0714
1.62908 12.3636
1.63481 13.9259
1.64055 10.5217
1.64629 9
1.65202 14.2759
1.65776 8.88
1.6635 15.875
1.66923 14.4839
1.67497 10.3929
1.6807 8.65
1.68644 11.3929
1.69218 6.03448
1.69791 15.84
1.70365 13.8636
1.70938 13.7419
1.71512 7.96296
1.72086 10.25
1.72659 11
1.73233 12.6207
1.73807 12.3913
1.7438 12.8846
1.74954 12.0345
1.75527 20.3704
1.76101 22.3158
1.76675 15.6061
1.77248 18.1786
1.77822 12.8
1.78396 14.2667
1.78969 15.2581
1.79543 11.4074
1.80116 17.3333
1.8069 19.1935
1.81264 20.3103
1.81837 13.2222
1.82411 16.9143
1.82984 10.3103
1.83558 13.84
1.84132 15.5
1.84705 16.4516
1.85279 16.1852
1.85853 16.7391
1.86426 11.7273
1.87 12.9
1.87573 20.7222
1.88147 13.9143
1.88721 16.9091
1.89294 13.037
1.89868 16.7308
1.90442 16.0303
1.91015 13.5161
1.91589 10
1.92162 19.6857
1.92736 23.6452
1.9331 23.08
1.93883 26.4643
1.94457 20.1818
1.9503 23.4
1.95604 22.3333
1.96178 24
1.96751 13.6562
1.97325 20.55
1.97899 20.5135
1.98472 19.4848
1.99046 17.2069
1.99619 13.9615
2.00193 14.3429
2.00767 13.9355
2.0134 15.4167
2.01914 18.6286
2.02488 19.2424
2.03061 15.6
2.03635 15.9062
2.04208 18.1765
2.04782 16.375
2.05356 17
2.05929 16.5833
2.06503 14.4857
2.07076 17
2.0765 13.7838
2.08224 15.3714
2.08797 10.7931
2.09371 17.6786
2.09945 17.6757
2.10518 18.7879
2.11092 18.7917
2.11665 14.2703
2.12239 15.6
2.12813 20.087
2.13386 23.8056
2.1396 18.0556
2.14534 15.5312
2.15107 20.2692
2.15681 21.3421
2.16254 14.5405
2.16828 18.0909
2.17402 16.4615
2.17975 14.6757
2.18549 19.8065
2.19122 16.9667
2.19696 19.7027
2.2027 14.8857
2.20843 17.0833
2.21417 29.7692
2.21991 88.6487
2.22564 48.9091
2.23138 72.225
2.23711 40.3684
2.24285 22.3529
2.24859 15.6786
2.25432 17.3333
2.26006 18.7949
2.2658 25.2273
2.27153 14.1707
2.27727 17.9487
2.283 17.5161
2.28874 17.6875
2.29448 19.0513
2.30021 15.8108
2.30595 18.3462
2.31168 15.9487
2.31742 17.0256
2.32316 15.6364
2.32889 13.8333
2.33463 18.3
2.34037 21.5278
2.3461 14.7143
2.35184 18.6047
2.35757 19.7297
2.36331 25.5385
2.36905 17
2.37478 17.122
2.38052 18.0968
2.38626 20.6176
2.39199 18
2.39773 24.1351
2.40346 13.9231
2.4092 20.3023
2.41494 21.2
2.42067 13.1364
2.42641 21.7955
2.43214 21.9524
2.43788 20.0286
2.44362 18.3125
2.44935 20.8
2.45509 13.4359
2.46083 16.7308
2.46656 15.1778
2.4723 18.4146
2.47803 13.0345
2.48377 16.125
2.48951 20.3488
2.49524 15.7692
2.50098 15.3846
2.50672 19.1522
2.51245 14.8333
2.51819 12.6667
2.52392 15.6087
2.52966 14.9773
2.5354 17.1515
2.54113 11.1389
2.54687 20.8222
2.5526 17.561
2.55834 14.9615
2.56408 13.5957
2.56981 16.3023
2.57555 18.3793
2.58129 15.7857
2.58702 19.9333
2.59276 13
2.59849 12.5938
2.60423 19.3696
2.60997 15.1136
2.6157 18.5417
2.62144 17.7917
2.62718 13.9149
2.63291 13.5429
2.63865 17.4167
2.64438 16.0426
2.65012 17.6585
2.65586 14.2667
2.66159 15.8085
2.66733 20.1778
2.67306 18.92
2.6788 18.6458
2.68454 20.6596
2.69027 13.6923
2.69601 15.2424
2.70175 21.5208
2.70748 16.4444
2.71322 14.9259
2.71895 18.8958
2.72469 17.449
2.73043 15.9143
2.73616 18.2632
2.7419 16.3469
2.74764 16.6744
2.75337 18
2.75911 20.3265
2.76484 20.6122
2.77058 16.75
2.77632 21.4286
2.78205 13.68
2.78779 20.8462
2.79352 18.8286
2.79926 19.2308
2.805 22.6444
2.81073 18.5185
2.81647 22.2642
2.82221 22.1224
2.82794 19.4054
2.83368 22.1053
2.83941 16.3208
2.84515 18.1951
2.85089 18.6562
2.85662 17.6792
2.86236 15.5306
2.8681 18.9583
2.87383 23
2.87957 19.46
2.8853 15.9268
2.89104 18.6486
2.89678 19.4231
2.90251 19.9333
2.90825 19.4483
2.91398 19.3636
2.91972 15.549
2.92546 23.4054
2.93119 21.0714
2.93693 20.6226
2.94267 17.5111
2.9484 16.7188
2.95414 19.0943
2.95987 18.3265
2.96561 16.8077
2.97135 17.7679
2.97708 20.5
2.98282 17
2.98856 22.2564
2.99429 19.5556
3.00003 17.9149
3.00576 13.4375
3.0115 21.8727
3.01724 20.3396
3.02297 19.3243
3.02871 15.4318
3.03444 22.6727
3.04018 22.4222
3.04592 12.7941
3.05165 26.9273
3.05739 21.3725
3.06313 25.9655
3.06886 23.6429
3.0746 18.6727
3.08033 22.1364
3.08607 22.7838
3.09181 21.875
3.09754 21.9388
3.10328 19.625
3.10902 20.4746
3.11475 17.1887
3.12049 23.2051
3.12622 26.2609
3.13196 22.9273
3.1377 21.0851
3.14343 21.25
3.14917 30.7895
3.1549 25.9608
3.16064 29.4483
3.16638 25.6167
3.17211 19.8182
3.17785 20.1364
3.18359 16.561
3.18932 22.1695
3.19506 20.3469
3.20079 21.3235
3.20653 23.2373
3.21227 25.2453
3.218 21.9756
3.22374 22.6042
3.22948 23.5254
3.23521 23.1556
3.24095 25.4737
3.24668 23.2167
3.25242 25.434
3.25816 26.8824
3.26389 25.4035
3.26963 24.8947
3.27536 24.3478
3.2811 24.561
3.28684 26.8525
3.29257 22.0612
3.29831 22.5
3.30405 24.3175
3.30978 27.8
3.31552 28.5581
3.32125 26.3542
3.32699 30.3158
3.33273 26.0784
3.33846 29.2895
3.3442 30.7903
3.34994 27.6078
3.35567 28.7105
3.36141 27.7627
3.36714 25.2632
3.37288 28.8542
3.37862 24.9545
3.38435 25.3115
3.39009 26.9434
3.39582 23.7222
3.40156 27.7937
3.4073 24.4545
3.41303 29.2553
3.41877 25.9375
3.42451 27.6393
3.43024 33.6122
3.43598 29.561
3.44171 29.7143
3.44745 33.3571
3.45319 30.1429
3.45892 28.3818
3.46466 29.6102
3.4704 28.46
3.47613 31
3.48187 31.0159
3.4876 28.9811
3.49334 30.4474
3.49908 30.7761
3.50481 28.1754
3.51055 27.1064
3.51628 31.4
3.52202 30.9836
3.52776 30.0185
3.53349 31.9512
3.53923 32.0154
3.54497 37.6852
3.5507 39.0833
3.55644 38.6182
3.56217 38.7797
3.56791 37.1509
3.57365 40.0217
3.57938 38.3077
3.58512 40.2545
3.59086 38.8421
3.59659 37.5373
3.60233 37.1186
3.60806 33.7843
3.6138 35.2083
3.61954 36.7302
3.62527 42.5714
3.63101 36.7805
3.63674 38.5821
3.64248 39.6552
3.64822 42.8333
3.65395 46.6491
3.65969 47.8852
3.66543 50.5636
3.67116 48.8696
3.6769 48.4762
3.68263 49.5082
3.68837 45.3947
3.69411 51.2754
3.69984 49.4068
3.70558 52.9434
3.71132 51.4314
3.71705 47.5538
3.72279 48.1964
3.72852 49.093
3.73426 49.5522
3.74 51.9516
3.74573 52.42
3.75147 56.9464
3.7572 54.7143
3.76294 55.2034
3.76868 58.6364
3.77441 62.0746
3.78015 58.4746
3.78589 64.8936
3.79162 57.7656
3.79736 65.4127
3.80309 67.4107
3.80883 71.7451
3.81457 72.5538
3.8203 73.55
3.82604 77.3256
3.83178 78
3.83751 87.2903
3.84325 99.0357
3.84898 119.37
3.85472 204.825
3.86046 263.23
3.86619 318.717
3.87193 303.159
3.87766 280.033
3.8834 209.941
3.88914 243.35
3.89487 268.369
3.90061 302.317
3.90635 333.49
3.91208 323.149
3.91782 279.203
3.92355 230.098
3.92929 189.423
3.93503 151.453
3.94076 130.763
3.9465 109.722
3.95224 98.5672
3.95797 88.4921
3.96371 81.6304
3.96944 74.4648
3.97518 73.6508
3.98092 66.7818
3.98665 66.7069
3.99239 63.0882
3.99812 66.3387
4.00386 65.9184
4.0096 65.1159
4.01533 61.5625
4.02107 58.72
4.02681 60.1515
4.03254 56.2273
4.03828 59.7541
4.04401 56.4808
4.04975 57.3239
4.05549 55.9077
4.06122 52.8261
4.06696 59.1304
4.0727 56.5072
4.07843 53.0333
4.08417 49.9464
4.0899 54.5735
4.09564 55.1094
4.10138 48.84
4.10711 54.2778
4.11285 54.1212
4.11858 51.5179
4.12432 53.4516
4.13006 56.3623
4.13579 55.0159
4.14153 52.4231
4.14727 50.5616
4.153 51.1642
4.15874 52.7727
4.16447 49.9041
4.17021 48.8732
4.17595 53.7581
4.18168 51.9821
4.18742 50.7714
4.19316 50.9242
4.19889 46.64
4.20463 51.4595
4.21036 51.9118
4.2161 51.75
4.22184 49.3276
4.22757 51.0137
4.23331 49.3582
4.23904 47.84
4.24478 56.6133
4.25052 53.1159
4.25625 54.6909
4.26199 55.2031
4.26773 56.2639
4.27346 58.0303
4.2792 55.1607
4.28493 58.125
4.29067 57.4429
4.29641 60.4375
4.30214 59.4342
4.30788 79.0571
4.31362 205.6
4.31935 78.1071
4.32509 447.293
4.33082 151.565
4.33656 75.8
4.3423 69.92
4.34803 71.6301
4.35377 71.6452
4.3595 71
4.36524 77.2838
4.37098 76.7286
4.37671 81.6111
4.38245 85.1216
4.38819 92.7917
4.39392 91.1754
4.39966 98.1449
4.40539 106.25
4.41113 119.29
4.41687 124.074
4.4226 153.26
4.42834 222.575
4.43408 379.438
4.43981 610.052
4.44555 2420.91
4.45128 9578.2
4.45702 4980.63
4.46276 5958.59
4.46849 2466.5
4.47423 713.426
4.47996 559.618
4.4857 326.054
4.49144 231.323
4.49717 202.619
4.50291 188.416
4.50865 173.944
4.51438 160.865
4.52012 162.797
4.52585 144.173
4.53159 126.579
4.53733 113.043
4.54306 102.213
4.5488 92.5373
4.55454 86.4211
4.56027 78.1625
4.56601 74.9189
4.57174 67.0769
4.57748 65.9359
4.58322 62.1923
4.58895 53.7164
4.59469 55.4426
4.60042 50.0886
4.60616 49.1067
4.6119 47.46
4.61763 47.1205
4.62337 48.5714
4.62911 47.8254
4.63484 45.2656
4.64058 42.6463
4.64631 42.0972
4.65205 41.1607
4.65779 43.275
4.66352 44.2564
4.66926 38.3443
4.675 42.6338
4.68073 42.2692
4.68647 38.1918
4.6922 34.5345
4.69794 36.5185
4.70368 36.7922
4.70941 35.58
4.71515 33.0824
4.72088 36.1772
4.72662 36.8261
4.73236 35.5556
4.73809 34.4634
4.74383 36.6667
4.74957 31.5
4.7553 38.369
4.76104 33.075
4.76677 35.2687
4.77251 34.0615
4.77825 33.3293
4.78398 35.56
4.78972 35.5893
4.79546 34.1294
4.80119 32.3291
4.80693 31.1846
4.81266 33.4143
4.8184 32.0714
4.82414 32.7397
4.82987 31.0984
4.83561 32.7738
4.84134 29.6625
4.84708 32.1887
4.85282 29.7647
4.85855 31.2439
4.86429 36.9296
4.87003 29.3607
4.87576 30.1494
4.8815 29.4051
4.88723 29.7407
4.89297 24.8353
4.89871 28.5422
4.90444 25.169
4.91018 30.0303
4.91592 25.619
4.92165 24.5823
4.92739 23.7719
4.93312 28.6395
4.93886 28.0476
4.9446 28.0299
4.95033 25.5493
4.95607 25.2326
4.9618 29.1169
4.96754 29.4407
4.97328 24.1724
4.97901 27
4.98475 25.4098
4.99049 27.9231
4.99622 25.8851
5.00196 25.9589
5.00769 29.4921
5.01343 26.5455
5.01917 25.7711
5.0249 29.9245
5.03064 27.7444
5.03638 27.1744
5.04211 20.6133
5.04785 25.6154
5.05358 26.1047
5.05932 24.9877
5.06506 21.6724
5.07079 25.4382
5.07653 27.8276
5.08226 26.1972
5.088 25.4
5.09374 25.8444
5.09947 24.4805
5.10521 23.5556
5.11095 25.6222
5.11668 25.8471
5.12242 27.1212
5.12815 24.3636
5.13389 25.2111
5.13963 25.4675
5.14536 22.8852
5.1511 23.7935
5.15684 26.5783
5.16257 25.746
5.16831 23.9286
5.17404 24.5056
5.17978 22.8442
5.18552 23.9697
5.19125 24.3111
5.19699 23.012
5.20272 24.4915
5.20846 22.3152
5.2142 23.3034
5.21993 25.2368
5.22567 23.4638
5.23141 25.2283
5.23714 23.9136
5.24288 24.0164
5.24861 24.4839
5.25435 25.3034
5.26009 27.0986
5.26582 23.8158
5.27156 22.8681
5.2773 22.4937
5.28303 22.9385
5.28877 24.9362
5.2945 23.2069
5.30024 25.4444
5.30598 23.1899
5.31171 24.4157
5.31745 23.9024
5.32318 22.8923
5.32892 25.8298
5.33466 24.3563
5.34039 22.8333
5.34613 24.7674
5.35187 24.7802
5.3576 23.1852
5.36334 23
5.36907 21.6667
5.37481 25.6941
5.38055 25.5574
5.38628 24.1042
5.39202 24.2967
5.39776 23.175
5.40349 22.7606
5.40923 26.6458
5.41496 25.8025
5.4207 23.1905
5.42644 22.2143
5.43217 26.9101
5.43791 23.9873
5.44364 24.1486
5.44938 22.0928
5.45512 25.4568
5.46085 23.803
5.46659 25.051
5.47233 24.382
5.47806 22.9211
5.4838 23.9506
5.48953 21.5269
5.49527 19.2381
5.50101 24.0746
5.50674 23.7755
5.51248 23.0449
5.51822 27.5541
5.52395 25.6386
5.52969 24.3226
5.53542 22.6235
5.54116 24.0735
5.5469 22.8485
5.55263 19.9213
5.55837 20.4861
5.5641 24.7191
5.56984 25.043
5.57558 23.3571
5.58131 25.1918
5.58705 25.1313
5.59279 23.8182
5.59852 26.4762
5.60426 11.78
5.60999 22.3656
5.61573 21.2805
5.62147 22.6184
5.6272 23.4639
5.63294 25.8161
5.63868 23.7879
5.64441 24.4257
5.65015 24.1505
5.65588 23.6905
5.66162 22.6753
5.66736 21.8283
5.67309 24.5
5.67883 27.3043
5.68456 22.4455
5.6903 25.7889
5.69604 23.6341
5.70177 20.9639
5.70751 25.7579
5.71325 24.5682
5.71898 27.7917
5.72472 26.3232
5.73045 24.3656
5.73619 24.1266
5.74193 23.7079
5.74766 25.4421
5.7534 25.8864
5.75914 20.1549
5.76487 24.7228
5.77061 22.0213
5.77634 27.9615
5.78208 24.3034
5.78782 23.4124
5.79355 27.8953
5.79929 25.5067
5.80502 25.6337
5.81076 23.4086
5.8165 23.9867
5.82223 27.3854
5.82797 28.5464
5.83371 25.5116
5.83944 24.2911
5.84518 28.697
5.85091 27.1354
5.85665 29.1692
5.86239 27.0571
5.86812 27.4286
5.87386 26.5233
5.8796 24.9747
5.88533 29.2277
5.89107 26.337
5.8968 25.2029
5.90254 27.5143
5.90828 25.2929
5.91401 26.8824
5.91975 27.439
5.92548 24.1313
5.93122 26.5
5.93696 25.7671
5.94269 28.3429
5.94843 27.25
5.95417 26.4432
5.9599 27.9294
5.96564 30.303
5.97137 29.1596
5.97711 27.8356
5.98285 27.9417
5.98858 27.2653
5.99432 32.7529
6.00006 33.2111
6.00579 32.9394
6.01153 26.3441
6.01726 31.36
6.023 31.7905
6.02874 29.0521
6.03447 30.5227
6.04021 30.7444
6.04594 33.8265
6.05168 31.6354
6.05742 29.6494
6.06315 30.7619
6.06889 31.7604
6.07463 29.3571
6.08036 29.7553
6.0861 31.5102
6.09183 30.3299
6.09757 34.7949
6.10331 36.019
6.10904 31.6146
6.11478 30.7558
6.12052 30.1667
6.12625 31.77
6.13199 30.383
6.13772 31.4146
6.14346 32.7941
6.1492 35.81
6.15493 35.2125
6.16067 37.7843
6.1664 37.5714
6.17214 36.6702
6.17788 32.9167
6.18361 35.767
6.18935 37.6162
6.19509 35.4865
6.20082 36.9083
6.20656 39.9118
6.21229 40.8125
6.21803 43
6.22377 40.2642
6.2295 44.01
6.23524 41.0533
6.24098 43.422
6.24671 42.6667
6.25245 45.7766
6.25818 45.2442
6.26392 46.5196
6.26966 48.0784
6.27539 48.9737
6.28113 51.4771
6.28686 55.703
6.2926 61.2604
6.29834 68.4091
6.30407 94.9808
6.30981 136.51
6.31555 433.538
6.32128 1177.65
6.32702 665.115
6.33275 332.615
6.33849 166.58
6.34423 95.6635
6.34996 89.8137
6.3557 91.4103
6.36144 94.2407
6.36717 98.7143
6.37291 103.432
6.37864 108.756
6.38438 109.519
6.39012 104.931
6.39585 98.0875
6.40159 88.1852
6.40732 77.4167
6.41306 71.0426
6.4188 66.337
6.42453 55.4151
6.43027 51.9902
6.43601 48
6.44174 47.8585
6.44748 46.8333
6.45321 47.2872
6.45895 42.8696
6.46469 43.1143
6.47042 41.835
6.47616 40.8452
6.4819 42.5727
6.48763 43.1944
6.49337 42.3226
6.4991 40.4737
6.50484 36.7222
6.51058 39.6471
6.51631 40.131
6.52205 34.1909
6.52778 40.0648
6.53352 38.413
6.53926 35.9688
6.54499 37.6944
6.55073 33.5825
6.55647 37.2024
6.5622 36.3009
6.56794 35.8519
6.57367 38
6.57941 37.6632
6.58515 34.8839
6.59088 36.6827
6.59662 36.8214
6.60236 37.2281
6.60809 37.8302
6.61383 34.5806
6.61956 34.299
6.6253 30.4107
6.63104 35.549
6.63677 36.1512
6.64251 35.1404
6.64824 35.8972
6.65398 36.1868
6.65972 36.1176
6.66545 36.7679
6.67119 38.2692
6.67693 31.5233
6.68266 36.0431
6.6884 33.8981
6.69413 34.7582
6.69987 34.5631
6.70561 33.25
6.71134 33.4135
6.71708 35.6136
6.72282 33.0965
6.72855 39.6019
6.73429 38.4831
6.74002 33.6887
6.74576 36.9478
6.7515 31.4951
6.75723 33.7303
6.76297 34.7328
6.7687 29.2768
6.77444 31.2472
6.78018 33.0381
6.78591 31.4138
6.79165 34.7664
6.79739 33.3103
6.80312 36
6.80886 33.5089
6.81459 34.1648
6.82033 34.7238
6.82607 33.6379
6.8318 36.4
6.83754 33.2614
6.84328 34.7203
6.84901 34.9286
6.85475 34.5055
6.86048 34.2202
6.86622 34.5948
6.87196 32.8879
6.87769 30.7126
6.88343 33.8051
6.88916 34.0965
6.8949 34.3218
6.90064 34
6.90637 30.6491
6.91211 30.3925
6.91785 33.6437
6.92358 33.6364
6.92932 34.0177
6.93505 35.1236
6.94079 33.9027
6.94653 36.0345
6.95226 30.8131
6.958 30.5165
6.96374 33.925
6.96947 34.7281
6.97521 30.7473
6.98094 33.3243
6.98668 35.3534
6.99242 31.2018
6.99815 35.0674
7.00389 34.2
7.00962 37.2069
7.01536 34.1648
7.0211 35.9455
7.02683 33.1475
7.03257 35.1308
7.03831 32.6667
7.04404 33.541
7.04978 33.6
7.05551 35.117
7.06125 35.4954
7.06699 35.7459
7.07272 32.1927
7.07846 33.3371
7.0842 32.4016
7.08993 35.9569
7.09567 32.043
7.1014 33.2389
7.10714 33.1513
7.11288 38.4037
7.11861 33.8495
7.12435 36.6371
7.13008 34.3504
7.13582 37.2396
7.14156 38.1622
7.14729 36.6
7.15303 35.2569
7.15877 36.2903
7.1645 39.4113
7.17024 43.0336
7.17597 38
7.18171 36.6449
7.18745 35.7295
7.19318 36.5045
7.19892 39.7912
7.20466 39.2205
7.21039 37.8462
7.21613 32.27
7.22186 37.0734
7.2276 37.7381
7.23334 37.0721
7.23907 36.6593
7.24481 38.881
7.25054 36.8824
7.25628 38.36
7.26202 38.8018
7.26775 36.2705
7.27349 37.8649
7.27923 40.3118
7.28496 39.1032
7.2907 38.1849
7.29643 37.5825
7.30217 39.5229
7.30791 38.129
7.31364 41.5214
7.31938 40.8202
7.32512 40.6
7.33085 41.3802
7.33659 38.8077
7.34232 39.4476
7.34806 39.4077
7.3538 42.7748
7.35953 42.3333
7.36527 46.1797
7.371 46.1322
7.37674 45.3846
7.38248 48.7248
7.38821 57.664
7.39395 63.2155
7.39969 91.9032
7.40542 154.538
7.41116 201.163
7.41689 253.434
7.42263 119.551
7.42837 86.0873
7.4341 71.7311
7.43984 68.3034
7.44558 65.9254
7.45131 68.7355
7.45705 74.9727
7.46278 76.3981
7.46852 78.3077
7.47426 82.5812
7.47999 87.5
7.48573 87.5455
7.49146 89.52
7.4972 84.5364
7.50294 81.6075
7.50867 72.0781
7.51441 62.6471
7.52015 60.8242
7.52588 54.0379
7.53162 50.216
7.53735 50.4464
7.54309 49.699
7.54883 46.2424
7.55456 42.4622
7.5603 46.6854
7.56604 41.5075
7.57177 43.992
7.57751 40.0603
7.58324 42.6311
7.58898 40
7.59472 39.541
7.60045 42.25
7.60619 40.2358
7.61192 39.9535
7.61766 35.6724
7.6234 37.5644
7.62913 37.25
7.63487 39.1653
7.64061 39.3039
7.64634 38.2764
7.65208 41.4729
7.65781 41.5678
7.66355 42.8571
7.66929 40.8148
7.67502 41.1371
7.68076 40.066
7.6865 41.5378
7.69223 39
7.69797 42.1186
7.7037 40.1881
7.70944 41.1493
7.71518 41.5935
7.72091 41.4273
7.72665 45.359
7.73238 56.3643
7.73812 76.4344
7.74386 124.99
7.74959 102.449
7.75533 56.112
7.76107 49.2768
7.7668 48.2696
7.77254 44.458
7.77827 44.1639
7.78401 46.8788
7.78975 45.4667
7.79548 42.8594
7.80122 48.4138
7.80696 51.045
7.81269 51.5865
7.81843 50.3952
7.82416 51.7474
7.8299 48.1071
7.83564 45.4016
7.84137 44.8966
7.84711 41.5135
7.85284 40.7099
7.85858 36.2734
7.86432 36.6701
7.87005 36.4101
7.87579 34.9297
7.88153 33.9836
7.88726 33.6355
7.893 33.0519
7.89873 32.8828
7.90447 37
7.91021 33.4586
7.91594 34.6565
7.92168 30.5583
7.92742 33.381
7.93315 31.708
7.93889 31.0635
7.94462 32.9474
7.95036 30.6148
7.9561 33.3864
7.96183 29.6032
7.96757 30.381
7.9733 28.2263
7.97904 30.2154
7.98478 29.3839
7.99051 27.752
7.99625 26.5038
8.00199 31.1452
8.00772 27.9406
8.01346 31.3525
8.01919 30.303
8.02493 31.5424
8.03067 29.2719
8.0364 29.9118
8.04214 28.6562
8.04788 27.6796
8.05361 27.8201
8.05935 29.4485
8.06508 26.8475
8.07082 25.6752
8.07656 24.5182
8.08229 28.4375
8.08803 25.3333
8.09376 28.4685
8.0995 25.8333
8.10524 26.4754
8.11097 25.531
8.11671 26.1606
8.12245 26.7752
8.12818 28.4196
8.13392 25.4318
8.13965 25.6232
8.14539 26.1129
8.15113 23.1081
8.15686 25.4599
8.1626 22.2879
8.16834 18.339
8.17407 19.5238
8.17981 18.6567
8.18554 14.5615
8.19128 16.6168
8.19702 14.3813
8.20275 13.694
8.20849 12.3898
8.21422 11.121
8.21996 10.7609
8.2257 9.50781
8.23143 8.25234
8.23717 5.95804
8.24291 6.25926
8.24864 5.67273
8.25438 2.97368
8.26011 4.05263
8.26585 3.11111
8.27159 0
8.27732 0
8.28306 0
8.2888 0
8.29453 0
8.30027 0
8.306 0
8.31174 0
8.31748 0
8.32321 0
8.32895 0
8.33468 0
8.34042 0
8.34616 0
8.35189 0
8.35763 0
8.36337 0
8.3691 0
8.37484 0
8.38057 0
8.38631 0
8.39205 0
8.39778 0
8.40352 0
8.40926 0
8.41499 0
8.42073 0
8.42646 0
8.4322 0
8.43794 0
8.44367 0
8.44941 0
8.45514 0
8.46088 0
8.46662 0
8.47235 0
8.47809 0
8.48383 0
8.48956 0
8.4953 0
8.50103 0
8.50677 0
8.51251 0
8.51824 0
8.52398 0
8.52972 0
8.53545 0
8.54119 0
8.54692 0
8.55266 0
8.5584 0
8.56413 0
8.56987 0
8.5756 0
8.58134 0
8.58708 0
8.59281 0
8.59855 0
8.60429 0
8.61002 0
8.61576 0
8.62149 0
8.62723 0
8.63297 0
8.6387 0
8.64444 0
8.65018 0
8.65591 0
8.66165 0
8.66738 0
8.67312 0
8.67886 0
8.68459 0
8.69033 0
8.69606 0
8.7018 0
8.70754 0
8.71327 0
8.71901 0
8.72475 0
8.73048 0
8.73622 0
8.74195 0
8.74769 0
8.75343 0
8.75916 0
8.7649 0
8.77064 0
8.77637 0
8.78211 0
8.78784 0
8.79358 0
8.79932 0
8.80505 0
8.81079 0
8.81652 0
8.82226 0
8.828 0
8.83373 0
8.83947 0
8.84521 0
8.85094 0
8.85668 0
8.86241 0
8.86815 0
8.87389 0
8.87962 0
8.88536 0
8.8911 0
8.89683 0
8.90257 0
8.9083 0
8.91404 0
8.91978 0
8.92551 0
8.93125 0
8.93698 0
8.94272 0
8.94846 0
8.95419 0
8.95993 0
8.96567 0
8.9714 0
8.97714 0
8.98287 0
8.98861 0
8.99435 0
9.00008 0
9.00582 0
9.01156 0
9.01729 0
9.02303 0
9.02876 0
9.0345 0
9.04024 0
9.04597 0
9.05171 0
9.05744 0
9.06318 0
9.06892 0
9.07465 0
9.08039 0
9.08613 0
9.09186 0
9.0976 0
9.10333 0
9.10907 0
9.11481 0
9.12054 0
9.12628 0
9.13202 0
9.13775 0
9.14349 0
9.14922 0
9.15496 0
9.1607 0
9.16643 0
9.17217 0
9.1779 0
9.18364 0
9.18938 0
9.19511 0
9.20085 0
9.20659 0
9.21232 0
9.21806 0
9.22379 0
9.22953 0
9.23527 0
9.241 0
9.24674 0
9.25248 0
9.25821 0
9.26395 0
9.26968 0
9.27542 0
9.28116 0
9.28689 0
9.29263 0
9.29836 0
9.3041 0
9.30984 0
9.31557 0
9.32131 0
9.32705 0
9.33278 0
9.33852 0
9.34425 0
9.34999 0
9.35573 0
9.36146 0
9.3672 0
9.37294 0
9.37867 0
9.38441 0
9.39014 0
9.39588 0
9.40162 0
9.40735 0
9.41309 0
9.41882 0
9.42456 0
9.4303 0
9.43603 0
9.44177 0
9.44751 0
9.45324 0
9.45898 0
9.46471 0
9.47045 0
9.47619 0
9.48192 0
9.48766 0
9.4934 0
9.49913 0
9.50487 0
9.5106 0
9.51634 0
9.52208 0
9.52781 0
9.53355 0
9.53928 0
9.54502 0
9.55076 0
9.55649 0
9.56223 0
9.56797 0
9.5737 0
9.57944 0
9.58517 0
9.59091 0
9.59665 0
9.60238 0
9.60812 0
9.61386 0
9.61959 0
9.62533 0
9.63106 0
9.6368 0
9.64254 0
9.64827 0
9.65401 0
9.65974 0
9.66548 0
9.67122 0
9.67695 0
9.68269 0
9.68843 0
9.69416 0
9.6999 0
9.70563 0
9.71137 0
9.71711 0
9.72284 0
9.72858 0
9.73432 0
9.74005 0
9.74579 0
9.75152 0
9.75726 0
9.763 0
9.76873 0
9.77447 0
9.7802 0
9.78594 0
9.79168 0
9.79741 0
9.80315 0
9.80889 0
9.81462 0
9.82036 0
9.82609 0
9.83183 0
9.83757 0
9.8433 0
9.84904 0
9.85478 0
9.86051 0
9.86625 0
9.87198 0
9.87772 0
9.88346 0
9.88919 0
9.89493 0
9.90066 0
9.9064 0
9.91214 0
9.91787 0
9.92361 0
9.92935 0
9.93508 0
9.94082 0
9.94655 0
9.95229 0
9.95803 0
9.96376 0
9.9695 0
9.97524 0
9.98097 0
9.98671 0
9.99244 0
9.99818 0
10.0039 0
10.0097 0
10.0154 0
10.0211 0
10.0269 0
10.0326 0
10.0383 0
10.0441 0
10.0498 0
10.0555 0
10.0613 0
10.067 0
10.0728 0
10.0785 0
10.0842 0
10.09 0
10.0957 0
10.1014 0
10.1072 0
10.1129 0
10.1186 0
10.1244 0
10.1301 0
10.1358 0
10.1416 0
10.1473 0
10.1531 0
10.1588 0
10.1645 0
10.1703 0
10.176 0
10.1817 0
10.1875 0
10.1932 0
10.1989 0
10.2047 0
10.2104 0
10.2162 0
10.2219 0
10.2276 0
10.2334 0
10.2391 0
10.2448 0
10.2506 0
10.2563 0
10.262 0
10.2678 0
10.2735 0
10.2793 0
10.285 0
10.2907 0
10.2965 0
10.3022 0
10.3079 0
10.3137 0
10.3194 0
10.3251 0
10.3309 0
10.3366 0
10.3424 0
10.3481 0
10.3538 0
10.3596 0
10.3653 0
10.371 0
10.3768 0
10.3825 0
10.3882 0
10.394 0
10.3997 0
10.4054 0
10.4112 0
10.4169 0
10.4227 0
10.4284 0
10.4341 0
10.4399 0
10.4456 0
10.4513 0
10.4571 0
10.4628 0
10.4685 0
10.4743 0
10.48 0
10.4858 0
10.4915 0
10.4972 0
10.503 0
10.5087 0
10.5144 0
10.5202 0
10.5259 0
10.5316 0
10.5374 0
10.5431 0
10.5489 0
10.5546 0
10.5603 0
10.5661 0
10.5718 0
10.5775 0
10.5833 0
10.589 0
10.5947 0
10.6005 0
10.6062 0
10.612 0
10.6177 0
10.6234 0
10.6292 0
10.6349 0
10.6406 0
10.6464 0
10.6521 0
10.6578 0
10.6636 0
10.6693 0
10.6751 0
10.6808 0
10.6865 0
10.6923 0
10.698 0
10.7037 0
10.7095 0
10.7152 0
10.7209 0
10.7267 0
10.7324 0
10.7381 0
10.7439 0
10.7496 0
10.7554 0
10.7611 0
10.7668 0
10.7726 0
10.7783 0
10.784 0
10.7898 0
10.7955 0
10.8012 0
10.807 0
10.8127 0
10.8185 0
10.8242 0
10.8299 0
10.8357 0
10.8414 0
10.8471 0
10.8529 0
10.8586 0
10.8643 0
10.8701 0
10.8758 0
10.8816 0
10.8873 0
10.893 0
10.8988 0
10.9045 0
10.9102 0
10.916 0
10.9217 0
10.9274 0
10.9332 0
10.9389 0
10.9447 0
10.9504 0
10.9561 0
10.9619 0
10.9676 0
10.9733 0
10.9791 0
10.9848 0
10.9905 0
10.9963 0
11.002 0
11.0077 0
11.0135 0
11.0192 0
11.025 0
11.0307 0
11.0364 0
11.0422 0
11.0479 0
11.0536 0
11.0594 0
11.0651 0
11.0708 0
11.0766 0
11.0823 0
11.0881 0
11.0938 0
11.0995 0
11.1053 0
11.111 0
11.1167 0
11.1225 0
11.1282 0
11.1339 0
11.1397 0
11.1454 0
11.1512 0
11.1569 0
11.1626 0
11.1684 0
11.1741 0
11.1798 0
11.1856 0
11.1913 0
11.197 0
11.2028 0
11.2085 0
11.2143 0
11.22 0
11.2257 0
11.2315 0
11.2372 0
11.2429 0
11.2487 0
11.2544 0
11.2601 0
11.2659 0
11.2716 0
11.2774 0
11.2831 0
11.2888 0
11.2946 0
11.3003 0
11.306 0
11.3118 0
11.3175 0
11.3232 0
11.329 0
11.3347 0
11.3404 0
11.3462 0
11.3519 0
11.3577 0
11.3634 0
11.3691 0
11.3749 0
11.3806 0
11.3863 0
11.3921 0
11.3978 0
11.4035 0
11.4093 0
11.415 0
11.4208 0
11.4265 0
11.4322 0
11.438 0
11.4437 0
11.4494 0
11.4552 0
11.4609 0
11.4666 0
11.4724 0
11.4781 0
11.4839 0
11.4896 0
11.4953 0
11.5011 0
11.5068 0
11.5125 0
11.5183 0
11.524 0
11.5297 0
11.5355 0
11.5412 0
11.547 0
11.5527 0
11.5584 0
11.5642 0
11.5699 0
11.5756 0
11.5814 0
11.5871 0
11.5928 0
11.5986 0
11.6043 0
11.61 0
11.6158 0
11.6215 0
11.6273 0
11.633 0
11.6387 0
11.6445 0
11.6502 0
11.6559 0
11.6617 0
11.6674 0
11.6731 0
11.6789 0
11.6846 0
11.6904 0
11.6961 0
11.7018 0
11.7076 0
11.7133 0
11.719 0
11.7248 0
11.7305 0
11.7362 0
11.742 0
