0 16
0.00573619 13
0.0114724 0
0.0172086 0
0.0229448 30
0.028681 -23
0.0344171 0
0.0401533 7
0.0458895 -1
0.0516257 -16
0.0573619 0
0.0630981 -11
0.0688343 23
0.0745705 0
0.0803067 -2
0.0860429 2
0.091779 0
0.0975152 19.6667
0.103251 1.66667
0.108988 5.66667
0.114724 0
0.12046 4.66667
0.126196 -11.6667
0.131932 0
0.137669 -9.33333
0.143405 14.6667
0.149141 12
0.154877 1.5
0.160613 14.3333
0.16635 -6.33333
0.172086 0
0.177822 26.6667
0.183558 9.6
0.189294 0
0.19503 -6.4
0.200767 -0.2
0.206503 5
0.212239 -7
0.217975 8.2
0.223711 10.4
0.229448 0
0.235184 7.6
0.24092 2
0.246656 0
0.252392 0.4
0.258129 -1
0.263865 22.2
0.269601 0
0.275337 7.2
0.281073 1.85714
0.28681 0
0.292546 -1.57143
0.298282 17.2857
0.304018 6
0.309754 21.5
0.31549 8.85714
0.321227 2.71429
0.326963 0
0.332699 7.14286
0.338435 5.85714
0.344171 0
0.349908 5.14286
0.355644 12.1429
0.36138 6.6
0.367116 -3
0.372852 12.6667
0.378589 8
0.384325 15
0.390061 17.4444
0.395797 -6.44444
0.401533 0
0.40727 8
0.413006 12.2222
0.418742 4
0.424478 21.5
0.430214 5.33333
0.43595 9.55556
0.441687 0
0.447423 -0.333333
0.453159 -2
0.458895 10.6667
0.464631 10.1429
0.470368 8.36364
0.476104 12.7778
0.48184 12
0.487576 10.0909
0.493312 11.2727
0.499049 0
0.504785 21
0.510521 15.1818
0.516257 15
0.521993 20.1667
0.52773 17.5455
0.533466 11.4444
0.539202 5
0.544938 10.5455
0.550674 2.45455
0.55641 0
0.562147 10.5385
0.567883 16.3077
0.573619 19.8571
0.579355 29.1667
0.585091 25.1538
0.590828 50.6364
0.596564 7.5
0.6023 209
0.608036 134.462
0.613772 38.8
0.619509 23.625
0.625245 22.5385
0.630981 24.1111
0.636717 10
0.642453 3.38462
0.64819 8.92308
0.653926 38
0.659662 7.86667
0.665398 14.5333
0.671134 16.7143
0.67687 24.875
0.682607 8.86667
0.688343 8.81818
0.694079 4.25
0.699815 11.9333
0.705551 15.2667
0.711288 -2
0.717024 21.5714
0.72276 8.86667
0.728496 10
0.734232 17.8333
0.739969 15.5
0.745705 15.6923
0.751441 5.25
0.757177 9.64706
0.762913 8.58823
0.76865 28.6
0.774386 14.6667
0.780122 8.88235
0.785858 12.4545
0.791594 14.6667
0.79733 11.9412
0.803067 13.4
0.808803 32.5
0.814539 5.88235
0.820275 14.7059
0.826011 11
0.831748 17.625
0.837484 4.72222
0.84322 10.3846
0.848956 14.1667
0.854692 18.0526
0.860429 11.9412
0.866165 17.4
0.871901 12.5625
0.877637 10.2632
0.883373 15.9091
0.88911 14.25
0.894846 9.10526
0.900582 9.33333
0.906318 26.75
0.912054 7.47368
0.91779 14.7059
0.923527 4.11111
0.929263 14.6154
0.934999 12.2381
0.940735 12.3846
0.946471 15.25
0.952208 17.619
0.957944 11.6471
0.96368 17.25
0.969416 16.7143
0.975152 12.4737
0.980889 7.90909
0.986625 12.25
0.992361 11.4762
0.998097 10.6
1.00383 16
1.00957 9.09524
1.01531 14.8235
1.02104 8.6
1.02678 9.52941
1.03251 11.2381
1.03825 12.7692
1.04399 15
1.04972 8.95652
1.05546 9.17647
1.0612 15.5
1.06693 14.6087
1.07267 8.36842
1.0784 13.1538
1.08414 9.64286
1.08988 17.8261
1.09561 20.6
1.10135 14
1.10708 14.2174
1.11282 15.4706
1.11856 5.71429
1.12429 19.44
1.13003 9.95238
1.13577 21.6
1.1415 14.7857
1.14724 10.92
1.15297 16.3333
1.15871 18.9
1.16445 13.72
1.17018 8.10526
1.17592 13.7692
1.18166 14.5
1.18739 14.7826
1.19313 13.6667
1.19886 22
1.2046 15.96
1.21034 16.1667
1.21607 23.4444
1.22181 12.1481
1.22754 5.28571
1.23328 11.1765
1.23902 17.375
1.24475 15.2
1.25049 11
1.25623 9.41667
1.26196 12.4444
1.2677 18.2105
1.27343 8.69231
1.27917 12.6364
1.28491 17.1739
1.29064 20.0588
1.29638 13.1429
1.30212 9.2963
1.30785 8.72222
1.31359 16.1667
1.31932 7.27586
1.32506 15.5714
1.3308 6
1.33653 14.55
1.34227 11.4
1.348 10.9474
1.35374 14.7857
1.35948 13.3333
1.36521 12.1905
1.37095 13.2
1.37669 8.17241
1.38242 13.4348
1.38816 8.94118
1.39389 17.1579
1.39963 10.3333
1.40537 15.75
1.4111 16.0714
1.41684 13.6897
1.42258 14.913
1.42831 11.4118
1.43405 15.7083
1.43978 14.6
1.44552 15.8571
1.45126 13.75
1.45699 16.5862
1.46273 13.8571
1.46846 18.5833
1.4742 5.22581
1.47994 5.91304
1.48567 11.6
1.49141 14.4762
1.49715 14.7778
1.50288 17.913
1.50862 15.5625
1.51435 5.89655
1.52009 9.4
1.52583 10.2667
1.53156 11.2
1.5373 13.36
1.54304 10
1.54877 15.25
1.55451 11.6552
1.56024 13.2609
1.56598 9.28571
1.57172 8.83871
1.57745 14.12
1.58319 11
1.58892 7.4
1.59466 15.2963
1.6004 14.6
1.60613 21.8333
1.61187 8.48387
1.61761 15.4
1.62334 10.5714
1.62908 12.8485
1.63481 15.4074
1.64055 12.7391
1.64629 12.2727
1.65202 10.4828
1.65776 21.44
1.6635 4.0625
1.66923 16.4194
1.67497 13.8929
1.6807 9.75
1.68644 16.7143
1.69218 13.3103
1.69791 12.84
1.70365 11.7273
1.70938 12.129
1.71512 12.7778
1.72086 8.8125
1.72659 11.7273
1.73233 13.931
1.73807 17.1739
1.7438 13.1154
1.74954 13.1034
1.75527 7.92593
1.76101 13.1579
1.76675 13.2727
1.77248 6.42857
1.77822 13
1.78396 16.6333
1.78969 12.1613
1.79543 16.5185
1.80116 15.7917
1.8069 14
1.81264 15.4483
1.81837 16.8889
1.82411 14.2286
1.82984 13.069
1.83558 21.28
1.84132 15.7692
1.84705 18.7097
1.85279 15.2593
1.85853 16.7391
1.86426 13.0909
1.87 14.3
1.87573 11.2778
1.88147 18.2571
1.88721 19.3939
1.89294 14.4444
1.89868 14.9615
1.90442 15.697
1.91015 12.2581
1.91589 19.85
1.92162 13.9429
1.92736 22.7097
1.9331 18.08
1.93883 19.8214
1.94457 21.9697
1.9503 17.3667
1.95604 22.3333
1.96178 18.7941
1.96751 15.1875
1.97325 18.3
1.97899 8.54054
1.98472 12.8182
1.99046 11.8276
1.99619 25.3846
2.00193 12.5429
2.00767 17.871
2.0134 20.0833
2.01914 17.3714
2.02488 14.0909
2.03061 15
2.03635 19.0312
2.04208 19.0882
2.04782 17.75
2.05356 14.9583
2.05929 9.83333
2.06503 17.4286
2.07076 11.9545
2.0765 13.9459
2.08224 18.2286
2.08797 14.7241
2.09371 14.0357
2.09945 15.0541
2.10518 16.4242
2.11092 17.4583
2.11665 13.5135
2.12239 11.6
2.12813 16.1304
2.13386 17.1111
2.1396 15.1944
2.14534 16.8125
2.15107 16.8462
2.15681 13.8947
2.16254 17.0811
2.16828 14
2.17402 15.2564
2.17975 18.8919
2.18549 12.6129
2.19122 13.1667
2.19696 20.027
2.2027 20.7429
2.20843 21.375
2.21417 32.9487
2.21991 86.4054
2.22564 42.7727
2.23138 68.4
2.23711 39.3158
2.24285 21.9412
2.24859 21.3929
2.25432 15.8462
2.26006 13.5641
2.2658 19.4545
2.27153 10.439
2.27727 17.1795
2.283 18.8387
2.28874 15.7812
2.29448 12.2051
2.30021 17.7297
2.30595 19.9615
2.31168 13.1538
2.31742 20.3846
2.32316 12.8182
2.32889 20.1667
2.33463 15.875
2.34037 18.3611
2.3461 17.7857
2.35184 12.2558
2.35757 13.973
2.36331 16.3462
2.36905 19.3171
2.37478 15.8293
2.38052 15.8065
2.38626 19.4118
2.39199 17.3953
2.39773 17.9459
2.40346 16.6538
2.4092 15.8605
2.41494 16.125
2.42067 17
2.42641 15.7045
2.43214 17.4524
2.43788 14.8571
2.44362 16.8438
2.44935 17.2444
2.45509 13.8718
2.46083 17.0769
2.46656 14.7333
2.4723 14.7317
2.47803 7.89655
2.48377 13.25
2.48951 14.7209
2.49524 11.2821
2.50098 15
2.50672 17.5435
2.51245 12.9048
2.51819 14.2083
2.52392 15.8696
2.52966 15.8182
2.5354 21.303
2.54113 16.0278
2.54687 13.8
2.5526 16.7073
2.55834 17.0385
2.56408 20.6809
2.56981 16.2791
2.57555 16.7931
2.58129 20.2619
2.58702 14.7111
2.59276 10.6757
2.59849 10.3125
2.60423 18.2174
2.60997 17.8864
2.6157 21.9583
2.62144 17.1458
2.62718 15.3617
2.63291 15.5429
2.63865 16.5278
2.64438 17.8936
2.65012 19.7805
2.65586 18.2333
2.66159 13.7447
2.66733 16.2
2.67306 15.96
2.6788 17.6875
2.68454 19.8723
2.69027 17.3846
2.69601 23.5455
2.70175 17.6875
2.70748 17.5111
2.71322 15.2963
2.71895 14.4167
2.72469 20.1837
2.73043 18
2.73616 19.7895
2.7419 20.4082
2.74764 18.5349
2.75337 21.1333
2.75911 16.2857
2.76484 14.3265
2.77058 15.625
2.77632 11.2857
2.78205 16.6
2.78779 13.5128
2.79352 16.7429
2.79926 17.1346
2.805 13.6667
2.81073 15.037
2.81647 14.9057
2.82221 14.4694
2.82794 19.5135
2.83368 12.7368
2.83941 17.1321
2.84515 15.6098
2.85089 18.125
2.85662 14.6604
2.86236 13.2653
2.8681 19.625
2.87383 18.6226
2.87957 17.64
2.8853 17.2195
2.89104 20.8378
2.89678 19.5192
2.90251 15.9111
2.90825 20.4138
2.91398 18.4545
2.91972 15.5098
2.92546 18.7297
2.93119 19.3571
2.93693 21.8868
2.94267 20.9556
2.9484 15.25
2.95414 18.5094
2.95987 15.2041
2.96561 16.2308
2.97135 19.2857
2.97708 16.6667
2.98282 25.359
2.98856 19.6923
2.99429 15.8704
3.00003 19.1277
3.00576 21.6562
3.0115 24
3.01724 16.9811
3.02297 19.027
3.02871 17.7045
3.03444 16.5091
3.04018 19.7333
3.04592 18.9412
3.05165 19.3273
3.05739 16.549
3.06313 28.5517
3.06886 19.7321
3.0746 18.4545
3.08033 17.8864
3.08607 18.5135
3.09181 22
3.09754 18.3878
3.10328 21.1875
3.10902 19.7119
3.11475 20.6604
3.12049 18.7436
3.12622 21.1522
3.13196 20.4727
3.1377 16.4043
3.14343 16.2778
3.14917 21.9825
3.1549 21.9608
3.16064 26.1724
3.16638 23.0333
3.17211 18.7091
3.17785 20.75
3.18359 23.1707
3.18932 17.4237
3.19506 21.102
3.20079 21.1176
3.20653 19.6949
3.21227 22.1887
3.218 20.2439
3.22374 17.4583
3.22948 26.2712
3.23521 19.0889
3.24095 22.6579
3.24668 22.5667
3.25242 25.2453
3.25816 19.3824
3.26389 25.5439
3.26963 28.9123
3.27536 22.4783
3.2811 19.7805
3.28684 21.4754
3.29257 23.449
3.29831 21.2778
3.30405 27.2063
3.30978 27.3273
3.31552 22.0698
3.32125 24.8333
3.32699 24.1404
3.33273 29.8824
3.33846 25.7105
3.3442 24.7419
3.34994 29.0392
3.35567 22.9474
3.36141 27.3898
3.36714 25.3509
3.37288 24.4583
3.37862 27.3409
3.38435 25.7541
3.39009 23.8302
3.39582 24.1944
3.40156 28.0952
3.4073 24.4
3.41303 21.8936
3.41877 27.5625
3.42451 28.2295
3.43024 32.1633
3.43598 27.3415
3.44171 30.8571
3.44745 26.8571
3.45319 30.4524
3.45892 26.9091
3.46466 25.7797
3.4704 27.5
3.47613 30.8182
3.48187 31.4921
3.4876 28.3774
3.49334 28.1842
3.49908 29.3433
3.50481 29.3158
3.51055 26.8085
3.51628 26.74
3.52202 28.4098
3.52776 29.9815
3.53349 29.7805
3.53923 31.6769
3.54497 35.3333
3.5507 34
3.55644 39.8182
3.56217 39.6441
3.56791 38.717
3.57365 39.587
3.57938 33.7538
3.58512 35.3091
3.59086 36.1316
3.59659 34.194
3.60233 34.1864
3.60806 36.9216
3.6138 35.4792
3.61954 36.1111
3.62527 33.9464
3.63101 33.4146
3.63674 41.8209
3.64248 37
3.64822 42.2292
3.65395 38.3333
3.65969 40.9508
3.66543 41.5273
3.67116 43.3478
3.6769 44.619
3.68263 42.082
3.68837 40.1579
3.69411 45.6667
3.69984 43.9661
3.70558 46.9623
3.71132 48.3725
3.71705 48.9846
3.72279 43.9107
3.72852 47.1628
3.73426 45.4776
3.74 45.2419
3.74573 50
3.75147 52.1964
3.7572 51.619
3.76294 54.6441
3.76868 52.7045
3.77441 50.3881
3.78015 56.8644
3.78589 53.8298
3.79162 59.4062
3.79736 56.254
3.80309 58.9107
3.80883 62.2353
3.81457 63.4
3.8203 63.8333
3.82604 70.4186
3.83178 71.4348
3.83751 78.8064
3.84325 89.1429
3.84898 103
3.85472 169.508
3.86046 235.459
3.86619 254.196
3.87193 362.971
3.87766 304.82
3.8834 178.667
3.88914 224.3
3.89487 224.892
3.90061 259.6
3.90635 265.939
3.91208 267.179
3.91782 234.266
3.92355 189.171
3.92929 161.845
3.93503 125.406
3.94076 107.508
3.9465 97.4259
3.95224 84.0448
3.95797 80.4762
3.96371 73.1522
3.96944 68.9296
3.97518 67.0794
3.98092 66.1818
3.98665 65.5172
3.99239 57.7206
3.99812 57.8064
4.00386 56.9796
4.0096 59.3043
4.01533 57.1094
4.02107 54.26
4.02681 54.1364
4.03254 51.7576
4.03828 55.082
4.04401 54.2115
4.04975 53.7465
4.05549 49.5692
4.06122 51.4565
4.06696 54.5652
4.0727 47.4783
4.07843 49.55
4.08417 48.1429
4.0899 44.6912
4.09564 51.1875
4.10138 47.36
4.10711 50
4.11285 48.0455
4.11858 49.5357
4.12432 52.5161
4.13006 45.3478
4.13579 48.5397
4.14153 43.4423
4.14727 46.7671
4.153 41.3134
4.15874 46.3182
4.16447 45.7808
4.17021 47.4225
4.17595 48.4516
4.18168 51.2679
4.18742 48.6286
4.19316 45.2424
4.19889 47.54
4.20463 45.7297
4.21036 49.8529
4.2161 47.0333
4.22184 48.4828
4.22757 46.8219
4.23331 48.2388
4.23904 46.28
4.24478 45.4933
4.25052 44.4348
4.25625 45.8545
4.26199 49.3594
4.26773 46.5278
4.27346 47.9091
4.2792 48.4464
4.28493 47.9167
4.29067 52.8143
4.29641 59.8958
4.30214 52.9474
4.30788 72.0857
4.31362 207.877
4.31935 82.0357
4.32509 456.84
4.33082 150.71
4.33656 73.5
4.3423 64.9067
4.34803 65.137
4.35377 64.0645
4.3595 68.45
4.36524 70.2027
4.37098 72.8714
4.37671 73.1296
4.38245 75.5405
4.38819 78.1528
4.39392 94.1053
4.39966 90.5072
4.40539 101.028
4.41113 107.638
4.41687 119
4.4226 136.974
4.42834 194.521
4.43408 368.917
4.43981 559.455
4.44555 2099.04
4.45128 8572.03
4.45702 5075.73
4.46276 4970.21
4.46849 2390.94
4.47423 700.889
4.47996 467.684
4.4857 272.419
4.49144 213.8
4.49717 185.794
4.50291 161.091
4.50865 149.507
4.51438 142.058
4.52012 135.646
4.52585 124.653
4.53159 105.86
4.53733 106.943
4.54306 90.25
4.5488 82.3881
4.55454 76.4386
4.56027 71.875
4.56601 65.4324
4.57174 63.4423
4.57748 58.9231
4.58322 56.6026
4.58895 53.403
4.59469 49.3607
4.60042 48.6582
4.60616 46.16
4.6119 47.76
4.61763 43.7229
4.62337 45.1948
4.62911 44.5397
4.63484 45.1719
4.64058 41.3415
4.64631 39.0833
4.65205 37.1964
4.65779 36.8375
4.66352 40.0513
4.66926 37
4.675 39.5211
4.68073 39.1282
4.68647 34.5069
4.6922 33.431
4.69794 33.679
4.70368 32.2468
4.70941 38.02
4.71515 31.7294
4.72088 29.8354
4.72662 29.0435
4.73236 34.7619
4.73809 30.8293
4.74383 33.6282
4.74957 30.6154
4.7553 30.0952
4.76104 30.2875
4.76677 32.0746
4.77251 32.7846
4.77825 29.061
4.78398 33.0667
4.78972 25.3214
4.79546 25.1294
4.80119 27.481
4.80693 27.0615
4.81266 26.0714
4.8184 25.7738
4.82414 24.8219
4.82987 28.1148
4.83561 22.5238
4.84134 24.5
4.84708 22.8113
4.85282 25.5647
4.85855 30.3902
4.86429 29.5352
4.87003 27.623
4.87576 30.931
4.8815 24.3544
4.88723 23.6852
4.89297 24.2
4.89871 24.3855
4.90444 27.0563
4.91018 24.8333
4.91592 28.2024
4.92165 26.9241
4.92739 23.3684
4.93312 27.3605
4.93886 24.8452
4.9446 22.0448
4.95033 22.8451
4.95607 23.5581
4.9618 28.2468
4.96754 25.5593
4.97328 25.7701
4.97901 25.253
4.98475 25.7049
4.99049 26.1923
4.99622 25.069
5.00196 20.8767
5.00769 24.4444
5.01343 24.9432
5.01917 23.1566
5.0249 24.9623
5.03064 22.6444
5.03638 20.093
5.04211 23.24
5.04785 23.5385
5.05358 21.9302
5.05932 22.5556
5.06506 23.6034
5.07079 21.191
5.07653 19.8851
5.08226 20.5352
5.088 17.7571
5.09374 24.3556
5.09947 19.6364
5.10521 23.5873
5.11095 22.4667
5.11668 20.9882
5.12242 18.7121
5.12815 22.7532
5.13389 22.4778
5.13963 21.6494
5.14536 21.2131
5.1511 19.9783
5.15684 23.7831
5.16257 23.6032
5.16831 22.1429
5.17404 23.3371
5.17978 20.6234
5.18552 23.4091
5.19125 22.1333
5.19699 20.3855
5.20272 24.3898
5.20846 22.4565
5.2142 22.8764
5.21993 23.75
5.22567 19.4348
5.23141 22.337
5.23714 24.8272
5.24288 22.0984
5.24861 24.828
5.25435 24.0112
5.26009 22.2535
5.26582 20.6579
5.27156 22.2747
5.2773 21.3924
5.28303 20.5692
5.28877 25.4787
5.2945 22.7471
5.30024 24.625
5.30598 20.519
5.31171 25.4719
5.31745 22.561
5.32318 27.2
5.32892 19.7979
5.33466 22.4138
5.34039 21.6061
5.34613 22.2442
5.35187 23.5494
5.3576 24.1358
5.36334 21.2576
5.36907 21.1875
5.37481 23.8471
5.38055 23.3279
5.38628 21.9896
5.39202 22.0769
5.39776 25.2125
5.40349 23.8451
5.40923 20.7812
5.41496 23.4198
5.4207 25.4444
5.42644 21.051
5.43217 19.9326
5.43791 25.443
5.44364 23.0405
5.44938 26.5464
5.45512 20.7654
5.46085 23.7121
5.46659 22.5102
5.47233 21.0225
5.47806 21.4868
5.4838 26.0123
5.48953 22.7957
5.49527 22.119
5.50101 22.5672
5.50674 22.1327
5.51248 20.8764
5.51822 22.8378
5.52395 23.1325
5.52969 19.8925
5.53542 23.4353
5.54116 22.6618
5.5469 23.9798
5.55263 22.382
5.55837 25.0972
5.5641 22.3258
5.56984 19.9462
5.57558 25.5833
5.58131 23.6849
5.58705 22.0505
5.59279 21.1477
5.59852 21.7937
5.60426 13.13
5.60999 19.3871
5.61573 22.5244
5.62147 18.7368
5.6272 23.3608
5.63294 24.1724
5.63868 22.6212
5.64441 24.6634
5.65015 20.9892
5.65588 25.1429
5.66162 23.3506
5.66736 23.9192
5.67309 23.907
5.67883 24.4058
5.68456 22.5644
5.6903 22.5667
5.69604 23.0122
5.70177 23.4458
5.70751 25.3368
5.71325 25.5114
5.71898 22.0417
5.72472 23.0808
5.73045 26.3548
5.73619 27.3165
5.74193 21.9663
5.74766 24.8632
5.7534 27.375
5.75914 24.4507
5.76487 25.8119
5.77061 23.5319
5.77634 25.1026
5.78208 22.4944
5.78782 22.7835
5.79355 23.5465
5.79929 25.5733
5.80502 23.5842
5.81076 24.2903
5.8165 23.5467
5.82223 25.5417
5.82797 25.7216
5.83371 24.7558
5.83944 22.557
5.84518 25.6768
5.85091 24.1875
5.85665 23.9231
5.86239 25.9333
5.86812 25.5
5.87386 23.593
5.8796 24.2278
5.88533 24.5446
5.89107 25.6087
5.8968 29.2319
5.90254 26.4762
5.90828 24.5455
5.91401 27.1412
5.91975 27.3902
5.92548 25.5657
5.93122 25.5
5.93696 29.1918
5.94269 28.3048
5.94843 24.9896
5.95417 26.7614
5.9599 26.0706
5.96564 24.596
5.97137 24.617
5.97711 26.8082
5.98285 24.8155
5.98858 27.8878
5.99432 27.2353
6.00006 26.8667
6.00579 23.4141
6.01153 28.4409
6.01726 30.4267
6.023 31.2
6.02874 29.6979
6.03447 30.2386
6.04021 28.3
6.04594 31.8367
6.05168 28.8125
6.05742 30.8961
6.06315 28.6857
6.06889 29.0208
6.07463 29.4405
6.08036 28.0106
6.0861 30.102
6.09183 31.299
6.09757 32.7308
6.10331 31.4095
6.10904 31.3021
6.11478 32.7674
6.12052 36.7917
6.12625 31.27
6.13199 33.1702
6.13772 32.3293
6.14346 31.7451
6.1492 35.15
6.15493 36.875
6.16067 35.2549
6.1664 38.5306
6.17214 31.3085
6.17788 36.5595
6.18361 34.3398
6.18935 34.7475
6.19509 33.5405
6.20082 34.8257
6.20656 34.6863
6.21229 35.6875
6.21803 40.5854
6.22377 39.3302
6.2295 36.8
6.23524 36.4533
6.24098 42.4495
6.24671 42.8922
6.25245 41.8404
6.25818 42.3605
6.26392 41.451
6.26966 45.7843
6.27539 44.7368
6.28113 48.3761
6.28686 49.7327
6.2926 57.5938
6.29834 64.2841
6.30407 89.1827
6.30981 127.706
6.31555 427.615
6.32128 1197.21
6.32702 608.587
6.33275 358.51
6.33849 160.875
6.34423 102.865
6.34996 89.1863
6.3557 80.5641
6.36144 85.9444
6.36717 84.7714
6.37291 88.2421
6.37864 91.3111
6.38438 94.2924
6.39012 86.402
6.39585 81.8375
6.40159 77.2778
6.40732 69.5278
6.41306 60.1915
6.4188 57.9022
6.42453 52.3868
6.43027 50.1275
6.43601 47.1341
6.44174 43.3962
6.44748 44.787
6.45321 41.0213
6.45895 42.587
6.46469 44.3238
6.47042 38.1942
6.47616 40.6905
6.4819 39.8182
6.48763 38
6.49337 38.5806
6.4991 37.4
6.50484 33.7593
6.51058 38.6176
6.51631 35.6786
6.52205 34.1909
6.52778 35.2963
6.53352 35.1848
6.53926 35.5
6.54499 37.1759
6.55073 33.7476
6.55647 34
6.5622 34.7168
6.56794 34.8426
6.57367 33.172
6.57941 34.1368
6.58515 31.6696
6.59088 33.0192
6.59662 36.5
6.60236 35.9211
6.60809 34.3491
6.61383 36.2258
6.61956 31.0412
6.6253 33.4464
6.63104 34.6471
6.63677 33.0814
6.64251 35.2368
6.64824 34.4953
6.65398 31.2967
6.65972 32.5098
6.66545 31.2946
6.67119 29.8846
6.67693 32.2558
6.68266 33.5259
6.6884 32.0278
6.69413 34.1429
6.69987 32.6602
6.70561 32.2232
6.71134 32.5385
6.71708 29.6591
6.72282 34.7018
6.72855 32.7037
6.73429 31.4382
6.74002 31.9717
6.74576 32.4696
6.7515 31.0388
6.75723 30.8652
6.76297 31.5
6.7687 31.8661
6.77444 33.6067
6.78018 33.0571
6.78591 30.4483
6.79165 31.0841
6.79739 31.8966
6.80312 33.4386
6.80886 30.5625
6.81459 33.5824
6.82033 30.0286
6.82607 32.5086
6.8318 30.8762
6.83754 32.6477
6.84328 29.5508
6.84901 31.8839
6.85475 33.5824
6.86048 32.4495
6.86622 30.3103
6.87196 33.0374
6.87769 32.2184
6.88343 30.3136
6.88916 31.1667
6.8949 32.1724
6.90064 30.3717
6.90637 33.9737
6.91211 32.1121
6.91785 31.046
6.92358 27.8347
6.92932 31.0089
6.93505 34.5169
6.94079 30.2212
6.94653 31.319
6.95226 29.5514
6.958 32.022
6.96374 32.3333
6.96947 30.8158
6.97521 31.1429
6.98094 30.2342
6.98668 31.4052
6.99242 32.9266
6.99815 29.3146
7.00389 31.8583
7.00962 30.8534
7.01536 30.7582
7.0211 32.2
7.02683 33.7295
7.03257 31.3738
7.03831 33.2903
7.04404 34.8934
7.04978 33.6435
7.05551 34.117
7.06125 30.6239
7.06699 32.9754
7.07272 33.0183
7.07846 34.3596
7.0842 32.2295
7.08993 32.5862
7.09567 32.7634
7.1014 32.6549
7.10714 32.5714
7.11288 30.3119
7.11861 32.1075
7.12435 33.7984
7.13008 34.4188
7.13582 32.9062
7.14156 30.6577
7.14729 33.075
7.15303 33.4954
7.15877 36.3656
7.1645 37.4274
7.17024 38.0252
7.17597 34.9082
7.18171 35.8131
7.18745 33.377
7.19318 35.9009
7.19892 34.0989
7.20466 34.315
7.21039 33.0598
7.21613 38.64
7.22186 32.945
7.2276 36.9127
7.23334 35.6396
7.23907 36.4615
7.24481 37.8016
7.25054 34.6975
7.25628 34.95
7.26202 37.2613
7.26775 37.8443
7.27349 38.0721
7.27923 35.9677
7.28496 36.0238
7.2907 37.8235
7.29643 36.835
7.30217 35.6972
7.30791 37.5
7.31364 40.0427
7.31938 37.6292
7.32512 36.9846
7.33085 39.3554
7.33659 41.3269
7.34232 40.0381
7.34806 40.1462
7.3538 40.1712
7.35953 39.1613
7.36527 39.6797
7.371 44.2562
7.37674 42.1442
7.38248 48.9725
7.38821 52.44
7.39395 56.7069
7.39969 77.3763
7.40542 127.077
7.41116 164.545
7.41689 211.679
7.42263 101.869
7.42837 77.2619
7.4341 69.7395
7.43984 65.3483
7.44558 62.291
7.45131 63.4711
7.45705 63.8727
7.46278 64.0777
7.46852 68.4923
7.47426 70.7949
7.47999 73.6222
7.48573 74.9242
7.49146 77.688
7.4972 77.1455
7.50294 70.785
7.50867 59.1172
7.51441 60.2185
7.52015 54.6044
7.52588 50.1591
7.53162 49.016
7.53735 42.4375
7.54309 47.8835
7.54883 41.4621
7.55456 41.395
7.5603 37.809
7.56604 39.306
7.57177 38.672
7.57751 41.4052
7.58324 37.5243
7.58898 38.8397
7.59472 38.7213
7.60045 38.01
7.60619 34.7398
7.61192 36.6744
7.61766 37.6034
7.6234 36.4554
7.62913 35.5833
7.63487 36.7603
7.64061 36.402
7.64634 35.2439
7.65208 37.031
7.65781 35.1525
7.66355 38.9184
7.66929 35.6963
7.67502 38.3629
7.68076 37.1887
7.6865 37.7059
7.69223 39.8626
7.69797 38.7119
7.7037 39.099
7.70944 40.806
7.71518 36.6585
7.72091 38.1909
7.72665 42.5043
7.73238 48.186
7.73812 67.9836
7.74386 96.3711
7.74959 84.3768
7.75533 53.344
7.76107 44.5893
7.7668 43.2522
7.77254 43.0229
7.77827 43.7705
7.78401 41.9596
7.78975 44.5926
7.79548 45.0938
7.80122 44.9914
7.80696 44.8649
7.81269 45.1805
7.81843 45.7339
7.82416 42.2632
7.8299 43.2571
7.83564 41.189
7.84137 40.1983
7.84711 38.5045
7.85284 35.771
7.85858 35.125
7.86432 34.6392
7.87005 33.6187
7.87579 33
7.88153 31.418
7.88726 31.3551
7.893 31.1407
7.89873 34.3828
7.90447 29.7353
7.91021 31.0827
7.91594 31.4809
7.92168 27.9667
7.92742 30.2571
7.93315 30.0876
7.93889 31.746
7.94462 27.6053
7.95036 29.5328
7.9561 29.4848
7.96183 27.8254
7.96757 28.4381
7.9733 27.1241
7.97904 27
7.98478 29.7857
7.99051 31.456
7.99625 28.391
8.00199 26.5968
8.00772 26.3267
8.01346 27.4101
8.01919 26.6818
8.02493 28.2119
8.03067 25.0351
8.0364 28.6544
8.04214 27.0391
8.04788 27.3786
8.05361 28.0288
8.05935 26.5
8.06508 27.8475
8.07082 26.641
8.07656 26.4964
8.08229 27.0078
8.08803 26.8586
8.09376 27.8811
8.0995 22.3182
8.10524 26.7213
8.11097 27.7699
8.11671 24.927
8.12245 25.1163
8.12818 23.9018
8.13392 24.947
8.13965 25.7971
8.14539 23.75
8.15113 21.3874
8.15686 20.8686
8.1626 20.4091
8.16834 19.0508
8.17407 21.254
8.17981 17.4104
8.18554 15.1692
8.19128 14.1495
8.19702 14.6115
8.20275 14.6343
8.20849 12.4068
8.21422 16.2177
8.21996 12.3913
8.2257 10.5625
8.23143 10.3738
8.23717 6.16783
8.24291 3.17284
8.24864 5.16364
8.25438 6.55263
8.26011 4.57895
8.26585 -4.66667
8.27159 0
8.27732 0
8.28306 0
8.2888 0
8.29453 0
8.30027 0
8.306 0
8.31174 0
8.31748 0
8.32321 0
8.32895 0
8.33468 0
8.34042 0
8.34616 0
8.35189 0
8.35763 0
8.36337 0
8.3691 0
8.37484 0
8.38057 0
8.38631 0
8.39205 0
8.39778 0
8.40352 0
8.40926 0
8.41499 0
8.42073 0
8.42646 0
8.4322 0
8.43794 0
8.44367 0
8.44941 0
8.45514 0
8.46088 0
8.46662 0
8.47235 0
8.47809 0
8.48383 0
8.48956 0
8.4953 0
8.50103 0
8.50677 0
8.51251 0
8.51824 0
8.52398 0
8.52972 0
8.53545 0
8.54119 0
8.54692 0
8.55266 0
8.5584 0
8.56413 0
8.56987 0
8.5756 0
8.58134 0
8.58708 0
8.59281 0
8.59855 0
8.60429 0
8.61002 0
8.61576 0
8.62149 0
8.62723 0
8.63297 0
8.6387 0
8.64444 0
8.65018 0
8.65591 0
8.66165 0
8.66738 0
8.67312 0
8.67886 0
8.68459 0
8.69033 0
8.69606 0
8.7018 0
8.70754 0
8.71327 0
8.71901 0
8.72475 0
8.73048 0
8.73622 0
8.74195 0
8.74769 0
8.75343 0
8.75916 0
8.7649 0
8.77064 0
8.77637 0
8.78211 0
8.78784 0
8.79358 0
8.79932 0
8.80505 0
8.81079 0
8.81652 0
8.82226 0
8.828 0
8.83373 0
8.83947 0
8.84521 0
8.85094 0
8.85668 0
8.86241 0
8.86815 0
8.87389 0
8.87962 0
8.88536 0
8.8911 0
8.89683 0
8.90257 0
8.9083 0
8.91404 0
8.91978 0
8.92551 0
8.93125 0
8.93698 0
8.94272 0
8.94846 0
8.95419 0
8.95993 0
8.96567 0
8.9714 0
8.97714 0
8.98287 0
8.98861 0
8.99435 0
9.00008 0
9.00582 0
9.01156 0
9.01729 0
9.02303 0
9.02876 0
9.0345 0
9.04024 0
9.04597 0
9.05171 0
9.05744 0
9.06318 0
9.06892 0
9.07465 0
9.08039 0
9.08613 0
9.09186 0
9.0976 0
9.10333 0
9.10907 0
9.11481 0
9.12054 0
9.12628 0
9.13202 0
9.13775 0
9.14349 0
9.14922 0
9.15496 0
9.1607 0
9.16643 0
9.17217 0
9.1779 0
9.18364 0
9.18938 0
9.19511 0
9.20085 0
9.20659 0
9.21232 0
9.21806 0
9.22379 0
9.22953 0
9.23527 0
9.241 0
9.24674 0
9.25248 0
9.25821 0
9.26395 0
9.26968 0
9.27542 0
9.28116 0
9.28689 0
9.29263 0
9.29836 0
9.3041 0
9.30984 0
9.31557 0
9.32131 0
9.32705 0
9.33278 0
9.33852 0
9.34425 0
9.34999 0
9.35573 0
9.36146 0
9.3672 0
9.37294 0
9.37867 0
9.38441 0
9.39014 0
9.39588 0
9.40162 0
9.40735 0
9.41309 0
9.41882 0
9.42456 0
9.4303 0
9.43603 0
9.44177 0
9.44751 0
9.45324 0
9.45898 0
9.46471 0
9.47045 0
9.47619 0
9.48192 0
9.48766 0
9.4934 0
9.49913 0
9.50487 0
9.5106 0
9.51634 0
9.52208 0
9.52781 0
9.53355 0
9.53928 0
9.54502 0
9.55076 0
9.55649 0
9.56223 0
9.56797 0
9.5737 0
9.57944 0
9.58517 0
9.59091 0
9.59665 0
9.60238 0
9.60812 0
9.61386 0
9.61959 0
9.62533 0
9.63106 0
9.6368 0
9.64254 0
9.64827 0
9.65401 0
9.65974 0
9.66548 0
9.67122 0
9.67695 0
9.68269 0
9.68843 0
9.69416 0
9.6999 0
9.70563 0
9.71137 0
9.71711 0
9.72284 0
9.72858 0
9.73432 0
9.74005 0
9.74579 0
9.75152 0
9.75726 0
9.763 0
9.76873 0
9.77447 0
9.7802 0
9.78594 0
9.79168 0
9.79741 0
9.80315 0
9.80889 0
9.81462 0
9.82036 0
9.82609 0
9.83183 0
9.83757 0
9.8433 0
9.84904 0
9.85478 0
9.86051 0
9.86625 0
9.87198 0
9.87772 0
9.88346 0
9.88919 0
9.89493 0
9.90066 0
9.9064 0
9.91214 0
9.91787 0
9.92361 0
9.92935 0
9.93508 0
9.94082 0
9.94655 0
9.95229 0
9.95803 0
9.96376 0
9.9695 0
9.97524 0
9.98097 0
9.98671 0
9.99244 0
9.99818 0
10.0039 0
10.0097 0
10.0154 0
10.0211 0
10.0269 0
10.0326 0
10.0383 0
10.0441 0
10.0498 0
10.0555 0
10.0613 0
10.067 0
10.0728 0
10.0785 0
10.0842 0
10.09 0
10.0957 0
10.1014 0
10.1072 0
10.1129 0
10.1186 0
10.1244 0
10.1301 0
10.1358 0
10.1416 0
10.1473 0
10.1531 0
10.1588 0
10.1645 0
10.1703 0
10.176 0
10.1817 0
10.1875 0
10.1932 0
10.1989 0
10.2047 0
10.2104 0
10.2162 0
10.2219 0
10.2276 0
10.2334 0
10.2391 0
10.2448 0
10.2506 0
10.2563 0
10.262 0
10.2678 0
10.2735 0
10.2793 0
10.285 0
10.2907 0
10.2965 0
10.3022 0
10.3079 0
10.3137 0
10.3194 0
10.3251 0
10.3309 0
10.3366 0
10.3424 0
10.3481 0
10.3538 0
10.3596 0
10.3653 0
10.371 0
10.3768 0
10.3825 0
10.3882 0
10.394 0
10.3997 0
10.4054 0
10.4112 0
10.4169 0
10.4227 0
10.4284 0
10.4341 0
10.4399 0
10.4456 0
10.4513 0
10.4571 0
10.4628 0
10.4685 0
10.4743 0
10.48 0
10.4858 0
10.4915 0
10.4972 0
10.503 0
10.5087 0
10.5144 0
10.5202 0
10.5259 0
10.5316 0
10.5374 0
10.5431 0
10.5489 0
10.5546 0
10.5603 0
10.5661 0
10.5718 0
10.5775 0
10.5833 0
10.589 0
10.5947 0
10.6005 0
10.6062 0
10.612 0
10.6177 0
10.6234 0
10.6292 0
10.6349 0
10.6406 0
10.6464 0
10.6521 0
10.6578 0
10.6636 0
10.6693 0
10.6751 0
10.6808 0
10.6865 0
10.6923 0
10.698 0
10.7037 0
10.7095 0
10.7152 0
10.7209 0
10.7267 0
10.7324 0
10.7381 0
10.7439 0
10.7496 0
10.7554 0
10.7611 0
10.7668 0
10.7726 0
10.7783 0
10.784 0
10.7898 0
10.7955 0
10.8012 0
10.807 0
10.8127 0
10.8185 0
10.8242 0
10.8299 0
10.8357 0
10.8414 0
10.8471 0
10.8529 0
10.8586 0
10.8643 0
10.8701 0
10.8758 0
10.8816 0
10.8873 0
10.893 0
10.8988 0
10.9045 0
10.9102 0
10.916 0
10.9217 0
10.9274 0
10.9332 0
10.9389 0
10.9447 0
10.9504 0
10.9561 0
10.9619 0
10.9676 0
10.9733 0
10.9791 0
10.9848 0
10.9905 0
10.9963 0
11.002 0
11.0077 0
11.0135 0
11.0192 0
11.025 0
11.0307 0
11.0364 0
11.0422 0
11.0479 0
11.0536 0
11.0594 0
11.0651 0
11.0708 0
11.0766 0
11.0823 0
11.0881 0
11.0938 0
11.0995 0
11.1053 0
11.111 0
11.1167 0
11.1225 0
11.1282 0
11.1339 0
11.1397 0
11.1454 0
11.1512 0
11.1569 0
11.1626 0
11.1684 0
11.1741 0
11.1798 0
11.1856 0
11.1913 0
11.197 0
11.2028 0
11.2085 0
11.2143 0
11.22 0
11.2257 0
11.2315 0
11.2372 0
11.2429 0
11.2487 0
11.2544 0
11.2601 0
11.2659 0
11.2716 0
11.2774 0
11.2831 0
11.2888 0
11.2946 0
11.3003 0
11.306 0
11.3118 0
11.3175 0
11.3232 0
11.329 0
11.3347 0
11.3404 0
11.3462 0
11.3519 0
11.3577 0
11.3634 0
11.3691 0
11.3749 0
11.3806 0
11.3863 0
11.3921 0
11.3978 0
11.4035 0
11.4093 0
11.415 0
11.4208 0
11.4265 0
11.4322 0
11.438 0
11.4437 0
11.4494 0
11.4552 0
11.4609 0
11.4666 0
11.4724 0
11.4781 0
11.4839 0
11.4896 0
11.4953 0
11.5011 0
11.5068 0
11.5125 0
11.5183 0
11.524 0
11.5297 0
11.5355 0
11.5412 0
11.547 0
11.5527 0
11.5584 0
11.5642 0
11.5699 0
11.5756 0
11.5814 0
11.5871 0
11.5928 0
11.5986 0
11.6043 0
11.61 0
11.6158 0
11.6215 0
11.6273 0
11.633 0
11.6387 0
11.6445 0
11.6502 0
11.6559 0
11.6617 0
11.6674 0
11.6731 0
11.6789 0
11.6846 0
11.6904 0
11.6961 0
11.7018 0
11.7076 0
11.7133 0
11.719 0
11.7248 0
11.7305 0
11.7362 0
11.742 0
