0 2
0.00573619 29
0.0114724 -12
0.0172086 0
0.0229448 -19
0.028681 12
0.0344171 0
0.0401533 18
0.0458895 7
0.0516257 15
0.0573619 0
0.0630981 -11
0.0688343 -30
0.0745705 0
0.0803067 1
0.0860429 -15
0.091779 0
0.0975152 9.33333
0.103251 7.33333
0.108988 3
0.114724 0
0.12046 -4.33333
0.126196 8
0.131932 0
0.137669 0.666667
0.143405 -5
0.149141 14
0.154877 -2
0.160613 11
0.16635 0
0.172086 0
0.177822 -1.66667
0.183558 6.6
0.189294 0
0.19503 0.8
0.200767 -1.4
0.206503 -12
0.212239 1.5
0.217975 -3
0.223711 6.8
0.229448 0
0.235184 0.4
0.24092 13
0.246656 0
0.252392 7.6
0.258129 7.4
0.263865 10.4
0.269601 0
0.275337 -9.2
0.281073 10
0.28681 0
0.292546 12.4286
0.298282 -4.14286
0.304018 0.666667
0.309754 19.75
0.31549 0.714286
0.321227 3
0.326963 0
0.332699 8.42857
0.338435 5.71429
0.344171 0
0.349908 3.71429
0.355644 3.71429
0.36138 -2.8
0.367116 10.5
0.372852 0.444444
0.378589 9
0.384325 11.5
0.390061 -3.22222
0.395797 11.1111
0.401533 0
0.40727 11.5556
0.413006 14.2222
0.418742 -3.85714
0.424478 2
0.430214 4.77778
0.43595 16.4444
0.441687 0
0.447423 5.11111
0.453159 13.3333
0.458895 20.6667
0.464631 7.57143
0.470368 1.72727
0.476104 7.33333
0.48184 20
0.487576 6.63636
0.493312 11.6364
0.499049 0
0.504785 16.9091
0.510521 14.4545
0.516257 3.8
0.521993 16.6667
0.52773 5.27273
0.533466 7.44444
0.539202 -9.5
0.544938 3.81818
0.550674 7.54545
0.55641 0
0.562147 10.0769
0.567883 3.76923
0.573619 8.14286
0.579355 11.6667
0.585091 4.92308
0.590828 3.81818
0.596564 32
0.6023 10.6154
0.608036 6.53846
0.613772 17.2
0.619509 5.5
0.625245 12.6154
0.630981 6
0.636717 -4.25
0.642453 5
0.64819 1.69231
0.653926 30
0.659662 1.93333
0.665398 5.46667
0.671134 6.71429
0.67687 1.375
0.682607 10.4667
0.688343 5.54545
0.694079 0.75
0.699815 2.26667
0.705551 7.66667
0.711288 9
0.717024 11
0.72276 7.73333
0.728496 9.66667
0.734232 18.5
0.739969 4.5625
0.745705 17.2308
0.751441 15.75
0.757177 7.11765
0.762913 7.94118
0.76865 0.4
0.774386 13.5833
0.780122 9.47059
0.785858 5.63636
0.791594 -3.16667
0.79733 4.88235
0.803067 2.26667
0.808803 4
0.814539 11.9412
0.820275 11.4118
0.826011 3.66667
0.831748 4
0.837484 1.05556
0.84322 4.69231
0.848956 5
0.854692 9.36842
0.860429 6
0.866165 9.2
0.871901 9.8125
0.877637 8.47368
0.883373 10.4545
0.88911 9.625
0.894846 4.78947
0.900582 1.93333
0.906318 9
0.912054 5
0.91779 3.58824
0.923527 5.11111
0.929263 10
0.934999 4.85714
0.940735 6.46154
0.946471 8.5
0.952208 13.5238
0.957944 11.4118
0.96368 4.25
0.969416 0.380952
0.975152 -1
0.980889 -0.272727
0.986625 -2.25
0.992361 7.95238
0.998097 1.8
1.00383 4.66667
1.00957 12.4286
1.01531 9.11765
1.02104 -1.8
1.02678 12.0588
1.03251 8.7619
1.03825 13.2308
1.04399 8.5
1.04972 10.1739
1.05546 6.11765
1.0612 9.33333
1.06693 12.9565
1.07267 8.26316
1.0784 14.4615
1.08414 -1.57143
1.08988 7
1.09561 15.2667
1.10135 5.125
1.10708 5.21739
1.11282 10.4118
1.11856 10
1.12429 9.72
1.13003 7.66667
1.13577 10.8
1.1415 1.92857
1.14724 9.56
1.15297 7.93333
1.15871 1
1.16445 9.2
1.17018 4.84211
1.17592 8.76923
1.18166 4.88889
1.18739 8
1.19313 0.666667
1.19886 11.5
1.2046 5.04
1.21034 7.11111
1.21607 3.55556
1.22181 7.03704
1.22754 4.7619
1.23328 3.94118
1.23902 -5.5
1.24475 4.64
1.25049 8.29412
1.25623 0.416667
1.26196 3.11111
1.2677 2.52632
1.27343 7.23077
1.27917 1.04545
1.28491 3.3913
1.29064 6.52941
1.29638 0.857143
1.30212 7.37037
1.30785 4.22222
1.31359 6.83333
1.31932 8.62069
1.32506 8.09524
1.3308 0.823529
1.33653 6.4
1.34227 6.76
1.348 5.84211
1.35374 7.64286
1.35948 0.481481
1.36521 -0.714286
1.37095 4.2
1.37669 7.13793
1.38242 7.34783
1.38816 4.47059
1.39389 3.26316
1.39963 5.18518
1.40537 1
1.4111 4.07143
1.41684 4.41379
1.42258 9
1.42831 5.70588
1.43405 1.875
1.43978 7.68
1.44552 9.52381
1.45126 3.375
1.45699 7.51724
1.46273 5.14286
1.46846 6.91667
1.4742 3.29032
1.47994 7.3913
1.48567 7.75
1.49141 3.66667
1.49715 6.40741
1.50288 4.47826
1.50862 6.125
1.51435 -0.172414
1.52009 8.64
1.52583 12.6
1.53156 9.93333
1.5373 5.44
1.54304 9.38095
1.54877 4.75
1.55451 1.48276
1.56024 3
1.56598 5
1.57172 6.03226
1.57745 5.72
1.58319 -0.05
1.58892 3.76
1.59466 4.62963
1.6004 9.76
1.60613 6.61111
1.61187 7.19355
1.61761 7.52
1.62334 9.5
1.62908 6.72727
1.63481 4.55556
1.64055 4.73913
1.64629 6.72727
1.65202 2.62069
1.65776 8.2
1.6635 4.5625
1.66923 0.290323
1.67497 2.42857
1.6807 4.15
1.68644 -0.107143
1.69218 6.93103
1.69791 5.56
1.70365 1.86364
1.70938 9.03226
1.71512 3.37037
1.72086 7.25
1.72659 3.78788
1.73233 3.48276
1.73807 5.69565
1.7438 8.61539
1.74954 4.89655
1.75527 4.66667
1.76101 10.6316
1.76675 6.87879
1.77248 5.42857
1.77822 10.15
1.78396 4.3
1.78969 5.80645
1.79543 9.2963
1.80116 9.79167
1.8069 4.58065
1.81264 5.55172
1.81837 8.66667
1.82411 1.45714
1.82984 2.82759
1.83558 3.32
1.84132 5.5
1.84705 10.4194
1.85279 4.40741
1.85853 3.26087
1.86426 12.0606
1.87 9.16667
1.87573 7.05556
1.88147 13.4286
1.88721 8.39394
1.89294 11.7037
1.89868 6.92308
1.90442 14.2727
1.91015 8.87097
1.91589 4.6
1.92162 9.68571
1.92736 5.16129
1.9331 7.76
1.93883 11.8214
1.94457 16.3333
1.9503 57.3
1.95604 17.0417
1.96178 31.2647
1.96751 21.0312
1.97325 15.35
1.97899 13.7027
1.98472 11.7879
1.99046 7.55172
1.99619 4.03846
2.00193 8.28571
2.00767 9.93548
2.0134 12.5417
2.01914 8.71429
2.02488 4.69697
2.03061 3.52
2.03635 3.40625
2.04208 11.2059
2.04782 6.875
2.05356 3.125
2.05929 9.52778
2.06503 9.68571
2.07076 5.77273
2.0765 5.16216
2.08224 11.2571
2.08797 9.62069
2.09371 10.4643
2.09945 14.0811
2.10518 7.66667
2.11092 6.33333
2.11665 10.8108
2.12239 8.65714
2.12813 12.087
2.13386 7.55556
2.1396 12.1111
2.14534 10.4375
2.15107 10.1538
2.15681 5.52632
2.16254 9.13513
2.16828 7
2.17402 9.15385
2.17975 13.1622
2.18549 9.16129
2.19122 9.6
2.19696 6.86486
2.2027 10.0857
2.20843 9.08333
2.21417 7.69231
2.21991 8.72973
2.22564 11.0455
2.23138 9.5
2.23711 14.0263
2.24285 18.6176
2.24859 67.7857
2.25432 37
2.26006 31.8718
2.2658 24.9545
2.27153 13.0488
2.27727 13.359
2.283 11.5484
2.28874 13.0938
2.29448 9.61539
2.30021 8.40541
2.30595 12.1923
2.31168 7.23077
2.31742 8.84615
2.32316 16.3636
2.32889 8.30952
2.33463 8.625
2.34037 9.61111
2.3461 6.14286
2.35184 11.3953
2.35757 18.9459
2.36331 9.65385
2.36905 17.5366
2.37478 17.7805
2.38052 17.5161
2.38626 15.5588
2.39199 10.1163
2.39773 15.1081
2.40346 12.6923
2.4092 10.5814
2.41494 12
2.42067 7.09091
2.42641 9.70455
2.43214 11.1667
2.43788 11.3714
2.44362 12.125
2.44935 10.1778
2.45509 11.4615
2.46083 10.1154
2.46656 6.33333
2.4723 10.6829
2.47803 10.069
2.48377 12.325
2.48951 6.18605
2.49524 2
2.50098 9.92308
2.50672 7.52174
2.51245 6.57143
2.51819 8.45833
2.52392 8.17391
2.52966 8.11364
2.5354 14.4242
2.54113 8.69444
2.54687 2.02222
2.5526 8.14634
2.55834 5.88462
2.56408 9.7234
2.56981 5.02326
2.57555 8.37931
2.58129 9
2.58702 11.4
2.59276 8.43243
2.59849 10.3438
2.60423 11.6087
2.60997 8.04545
2.6157 5.54167
2.62144 7.97917
2.62718 8.70213
2.63291 9.91429
2.63865 7.16667
2.64438 7.31915
2.65012 12.7805
2.65586 6.33333
2.66159 7.31915
2.66733 9.35556
2.67306 9.16
2.6788 8.75
2.68454 8.76596
2.69027 10.7436
2.69601 6.06061
2.70175 8.58333
2.70748 8.95556
2.71322 10.5556
2.71895 4.97917
2.72469 8.59184
2.73043 9.37143
2.73616 7.21053
2.7419 7.36735
2.74764 8.76744
2.75337 10.6
2.75911 6.79592
2.76484 11.1837
2.77058 6.41667
2.77632 8.69388
2.78205 7.92
2.78779 8.25641
2.79352 6.54286
2.79926 8.94231
2.805 4.88889
2.81073 8.7037
2.81647 8.90566
2.82221 9.04082
2.82794 9.21622
2.83368 5.57895
2.83941 7.30189
2.84515 9.02439
2.85089 9.21875
2.85662 9.03774
2.86236 11.898
2.8681 6
2.87383 7.37736
2.87957 9.5
2.8853 7.31707
2.89104 8.32432
2.89678 9.69231
2.90251 10.1111
2.90825 10.7931
2.91398 11.1455
2.91972 5.92157
2.92546 5.24324
2.93119 8.59524
2.93693 10.6792
2.94267 5.4
2.9484 8.53125
2.95414 4.98113
2.95987 4.77551
2.96561 5.65385
2.97135 6.19643
2.97708 8.62963
2.98282 9.5641
2.98856 4.82051
2.99429 6.81482
3.00003 8.19149
3.00576 10.4375
3.0115 4.92727
3.01724 10.5283
3.02297 10
3.02871 8.15909
3.03444 10.3273
3.04018 0.177778
3.04592 7.29412
3.05165 12.6909
3.05739 6.56863
3.06313 6.65517
3.06886 7.82143
3.0746 7.09091
3.08033 9.29545
3.08607 13.4865
3.09181 5.98214
3.09754 8.30612
3.10328 12.6875
3.10902 11.1017
3.11475 12.2264
3.12049 11.3846
3.12622 10.9783
3.13196 10.5091
3.1377 16.8298
3.14343 9.30556
3.14917 10.9649
3.1549 11.9608
3.16064 9.65517
3.16638 7.66667
3.17211 13.7818
3.17785 13.1364
3.18359 34.6585
3.18932 21.1186
3.19506 12.9184
3.20079 17.6176
3.20653 17.4407
3.21227 12.5094
3.218 13.4878
3.22374 12.875
3.22948 15.678
3.23521 8.26667
3.24095 7.68421
3.24668 14.15
3.25242 8.43396
3.25816 11.5882
3.26389 15.2105
3.26963 10.1754
3.27536 15.3478
3.2811 11.878
3.28684 11.8033
3.29257 6.93878
3.29831 6.16667
3.30405 9.44444
3.30978 9.34545
3.31552 12.9302
3.32125 11.0208
3.32699 11.8772
3.33273 10.4902
3.33846 14.8684
3.3442 18.2258
3.34994 19.2353
3.35567 17.7632
3.36141 17.9322
3.36714 15.6491
3.37288 12.375
3.37862 12.1136
3.38435 13.2787
3.39009 14.717
3.39582 14.25
3.40156 13.8254
3.4073 12.6727
3.41303 12.0213
3.41877 12.6875
3.42451 9.47541
3.43024 8.91837
3.43598 12.2195
3.44171 10.3651
3.44745 15.5
3.45319 13.2143
3.45892 12.0727
3.46466 11.4576
3.4704 8.74
3.47613 12.0455
3.48187 10.5714
3.4876 9.90566
3.49334 13.6842
3.49908 10.7313
3.50481 15.4386
3.51055 16.2766
3.51628 9.92
3.52202 12.6557
3.52776 11.3519
3.53349 11.6585
3.53923 12.7077
3.54497 15.7778
3.5507 16.2708
3.55644 12.5818
3.56217 20.2373
3.56791 25.4151
3.57365 27.4783
3.57938 29.0769
3.58512 17.8364
3.59086 16.3684
3.59659 13.9254
3.60233 16.2203
3.60806 16.0196
3.6138 12.3542
3.61954 12.2698
3.62527 14.3929
3.63101 13.9512
3.63674 13.4776
3.64248 15.3448
3.64822 13.4167
3.65395 17.7544
3.65969 18.1803
3.66543 19.1636
3.67116 22.5
3.6769 26.9841
3.68263 25.377
3.68837 26.1053
3.69411 25.1014
3.69984 27.2542
3.70558 24.9057
3.71132 21.1373
3.71705 26.5538
3.72279 24.375
3.72852 24.9767
3.73426 24.7612
3.74 28.0806
3.74573 28.98
3.75147 27.0357
3.7572 26.7778
3.76294 31.5424
3.76868 24.9318
3.77441 26.5522
3.78015 29.5932
3.78589 26.9787
3.79162 28.6094
3.79736 30.619
3.80309 32.875
3.80883 28
3.81457 32.4308
3.8203 37.5
3.82604 47.9535
3.83178 38.9565
3.83751 43.0806
3.84325 50.8393
3.84898 51.3333
3.85472 56.4921
3.86046 67.0492
3.86619 84.4783
3.87193 93.3478
3.87766 134.23
3.8834 288.098
3.88914 281.483
3.89487 1116.51
3.90061 4159.5
3.90635 841.633
3.91208 1025.22
3.91782 648.156
3.92355 569.805
3.92929 595.408
3.93503 585.953
3.94076 484.542
3.9465 373.444
3.95224 264.298
3.95797 185.286
3.96371 148.478
3.96944 117.563
3.97518 101.365
3.98092 79.4909
3.98665 75.1724
3.99239 64.1324
3.99812 58.3387
4.00386 57.5102
4.0096 50.8551
4.01533 45.1406
4.02107 37.56
4.02681 42.303
4.03254 39.4091
4.03828 42.0164
4.04401 34.8269
4.04975 34.2817
4.05549 32.8
4.06122 32.6522
4.06696 28.1594
4.0727 29.971
4.07843 25.1167
4.08417 30.4107
4.0899 24.25
4.09564 26.9844
4.10138 25.68
4.10711 26.375
4.11285 20.2121
4.11858 24.25
4.12432 22.2419
4.13006 16.3768
4.13579 20.5397
4.14153 21.8269
4.14727 21.1918
4.153 21.1194
4.15874 22.3864
4.16447 20.9726
4.17021 21.4648
4.17595 16.0161
4.18168 17.8214
4.18742 14.3857
4.19316 16.1818
4.19889 23.06
4.20463 14.4324
4.21036 17.7059
4.2161 14.6
4.22184 16.8103
4.22757 19
4.23331 16.2985
4.23904 22.12
4.24478 14.8133
4.25052 17.1739
4.25625 16.4182
4.26199 15.4531
4.26773 17.1528
4.27346 15.9545
4.2792 14.3393
4.28493 17.7778
4.29067 10.4857
4.29641 16.0625
4.30214 15.4342
4.30788 15.2857
4.31362 13.4923
4.31935 14.9643
4.32509 16.8533
4.33082 15.6232
4.33656 19.7
4.3423 16.3867
4.34803 19.5342
4.35377 16.1613
4.3595 20.4
4.36524 17.7703
4.37098 20.2286
4.37671 21.7778
4.38245 23.1351
4.38819 20.5556
4.39392 19.8772
4.39966 23.5652
4.40539 18.4583
4.41113 23.2754
4.41687 25.2593
4.4226 29.6883
4.42834 25.4247
4.43408 31.3333
4.43981 31.6234
4.44555 36.4
4.45128 33.8
4.45702 36.2373
4.46276 41.9474
4.46849 49.5694
4.47423 51.4074
4.47996 81.6053
4.4857 143.851
4.49144 491.523
4.49717 527.46
4.50291 915.299
4.50865 926.465
4.51438 362.096
4.52012 449.886
4.52585 263.053
4.53159 189.772
4.53733 187.214
4.54306 167.825
4.5488 146.627
4.55454 127.807
4.56027 111.25
4.56601 85.2297
4.57174 74.1538
4.57748 59.6795
4.58322 50.6923
4.58895 44.8209
4.59469 41.5902
4.60042 33.7595
4.60616 31.8267
4.6119 25.66
4.61763 25.4217
4.62337 23.013
4.62911 18.5873
4.63484 15.3281
4.64058 19.5
4.64631 22.3333
4.65205 18.75
4.65779 20.6125
4.66352 17.3974
4.66926 18.4918
4.675 18.0282
4.68073 14.1282
4.68647 14.4658
4.6922 15.6034
4.69794 10.8272
4.70368 13.1169
4.70941 13
4.71515 9.21176
4.72088 12.0886
4.72662 15.8551
4.73236 13.9365
4.73809 11.4268
4.74383 13.7949
4.74957 13.5577
4.7553 14.4524
4.76104 12
4.76677 15.1045
4.77251 13.6769
4.77825 14.1585
4.78398 13.88
4.78972 11.6071
4.79546 15.2706
4.80119 9.64557
4.80693 15.1692
4.81266 5.68571
4.8184 10.1905
4.82414 8.53425
4.82987 7.90164
4.83561 6.92857
4.84134 5.8
4.84708 8.5283
4.85282 10.8353
4.85855 8.26829
4.86429 5.92958
4.87003 4.57377
4.87576 5.41379
4.8815 6.75949
4.88723 6.37037
4.89297 9.03529
4.89871 11.9036
4.90444 17.338
4.91018 10.3939
4.91592 10.119
4.92165 9.39241
4.92739 9.63158
4.93312 7.48837
4.93886 6.22619
4.9446 9.19403
4.95033 7.11268
4.95607 10.2907
4.9618 8.62338
4.96754 10.2542
4.97328 6.26437
4.97901 6.6506
4.98475 8.73771
4.99049 5.71795
4.99622 9.67816
5.00196 5.45205
5.00769 6.96825
5.01343 6.63636
5.01917 7.43373
5.0249 8.41509
5.03064 7.63333
5.03638 9.53488
5.04211 7.4
5.04785 9.24615
5.05358 7.22093
5.05932 8.96296
5.06506 7.44828
5.07079 9.77528
5.07653 9.57471
5.08226 7.40845
5.088 6.85714
5.09374 6.6
5.09947 6.32468
5.10521 9.85714
5.11095 8.34444
5.11668 3.10588
5.12242 7.09091
5.12815 7.20779
5.13389 5.94444
5.13963 5.46753
5.14536 6.63934
5.1511 7.48913
5.15684 5.40964
5.16257 6.77778
5.16831 9.75
5.17404 4.16854
5.17978 7.48052
5.18552 8.0303
5.19125 5.04444
5.19699 5.93976
5.20272 9
5.20846 5.09783
5.2142 5.93258
5.21993 4.92105
5.22567 6.53623
5.23141 8.07609
5.23714 6.88889
5.24288 7.21311
5.24861 6.88172
5.25435 4.40449
5.26009 7.67606
5.26582 9.96053
5.27156 4.03297
5.2773 6.22785
5.28303 4.90769
5.28877 6.15957
5.2945 8.37931
5.30024 4.58333
5.30598 5
5.31171 8.5618
5.31745 10.0732
5.32318 6.03077
5.32892 9.69149
5.33466 7.31034
5.34039 10.0758
5.34613 6.32558
5.35187 6.78022
5.3576 5.88889
5.36334 9.34848
5.36907 4.08333
5.37481 5.49412
5.38055 4.14754
5.38628 4.1875
5.39202 8.83517
5.39776 7.975
5.40349 5.92958
5.40923 4.4375
5.41496 5.71605
5.4207 8
5.42644 7.40816
5.43217 6.83146
5.43791 7.73418
5.44364 9.01351
5.44938 6.23711
5.45512 7.8642
5.46085 7.31818
5.46659 7.38775
5.47233 5.7191
5.47806 8.64474
5.4838 5.09877
5.48953 7.37634
5.49527 6.21429
5.50101 6.1194
5.50674 3.96939
5.51248 6.26966
5.51822 4.89189
5.52395 9.13253
5.52969 7.1828
5.53542 5.12941
5.54116 6.82353
5.5469 5.85859
5.55263 5.51685
5.55837 7.56944
5.5641 4.65169
5.56984 7.50538
5.57558 3.38095
5.58131 4.76712
5.58705 6.67677
5.59279 7.48864
5.59852 6.61905
5.60426 2.57
5.60999 7.98925
5.61573 3.35366
5.62147 5.06579
5.6272 10.1856
5.63294 5.65517
5.63868 4.19697
5.64441 6.70297
5.65015 5.04301
5.65588 4.58333
5.66162 4.71429
5.66736 8.30303
5.67309 5.56977
5.67883 7.72464
5.68456 2.52475
5.6903 8.34444
5.69604 6.64634
5.70177 4.3494
5.70751 4.51579
5.71325 7.94318
5.71898 6.55556
5.72472 5.68687
5.73045 7.17204
5.73619 6.22785
5.74193 6.95506
5.74766 5.95789
5.7534 8.46591
5.75914 2.91549
5.76487 7.50495
5.77061 7.73404
5.77634 6.24359
5.78208 7.73034
5.78782 7.92783
5.79355 8.65116
5.79929 9.16
5.80502 8.41584
5.81076 6.80645
5.8165 7.6
5.82223 8.54167
5.82797 9.10309
5.83371 4.9186
5.83944 4.32911
5.84518 4.48485
5.85091 6.36458
5.85665 7.66154
5.86239 6.2
5.86812 8.08163
5.87386 9.30233
5.8796 6.46835
5.88533 7.87129
5.89107 6.68478
5.8968 6.69565
5.90254 5.90476
5.90828 8.67677
5.91401 9.55294
5.91975 6.71951
5.92548 2.0101
5.93122 6.71277
5.93696 7.05479
5.94269 5.93333
5.94843 4.96875
5.95417 6.95455
5.9599 7.30588
5.96564 9.87879
5.97137 6.35106
5.97711 3.93151
5.98285 5.16505
5.98858 7.95918
5.99432 9.95294
6.00006 4.56667
6.00579 6.13131
6.01153 7.39785
6.01726 6.45333
6.023 4.75238
6.02874 7.625
6.03447 7.89773
6.04021 8.52222
6.04594 10.1429
6.05168 11.7604
6.05742 11.4026
6.06315 12.1714
6.06889 11.5521
6.07463 9.61905
6.08036 9.97872
6.0861 6.21429
6.09183 8.59794
6.09757 8.78205
6.10331 8.80952
6.10904 7.0625
6.11478 6.65116
6.12052 7.66667
6.12625 10.37
6.13199 10.0957
6.13772 12.9512
6.14346 10.7157
6.1492 9.04
6.15493 6.5125
6.16067 7.47059
6.1664 7.2551
6.17214 7.25532
6.17788 5.5
6.18361 9.58252
6.18935 9.79798
6.19509 7.82432
6.20082 5.88991
6.20656 7.83333
6.21229 9.46875
6.21803 10.2683
6.22377 11.8491
6.2295 8.59
6.23524 11.4933
6.24098 11.8807
6.24671 11.8431
6.25245 11.6489
6.25818 13.6628
6.26392 11.7157
6.26966 15.6569
6.27539 11.3289
6.28113 14.0917
6.28686 15.4257
6.2926 10.1042
6.29834 14.7955
6.30407 14.5288
6.30981 13.3235
6.31555 14.9615
6.32128 15.8519
6.32702 18.6538
6.33275 20.5417
6.33849 23.6818
6.34423 24.6538
6.34996 22.0098
6.3557 29.6923
6.36144 32.713
6.36717 42.3048
6.37291 70.8
6.37864 75.7
6.38438 81.2264
6.39012 82.5294
6.39585 92.1625
6.40159 106.231
6.40732 128.167
6.41306 147.245
6.4188 163.261
6.42453 161.057
6.43027 163.382
6.43601 140.915
6.44174 114.292
6.44748 86.6204
6.45321 60.6277
6.45895 50.5217
6.46469 41.0952
6.47042 36.301
6.47616 32.5595
6.4819 28.8545
6.48763 23.8333
6.49337 22.8925
6.4991 22.9368
6.50484 22.5093
6.51058 18.5686
6.51631 17.7619
6.52205 17.4727
6.52778 17.2315
6.53352 13.1848
6.53926 13.0625
6.54499 11.9352
6.55073 11.5728
6.55647 11.4048
6.5622 10.6018
6.56794 12.5093
6.57367 12.9247
6.57941 9.27368
6.58515 12.3482
6.59088 12.6827
6.59662 12.8333
6.60236 10.8421
6.60809 13.9057
6.61383 8.29032
6.61956 11.5567
6.6253 12.7768
6.63104 12.6275
6.63677 9.22093
6.64251 12.4298
6.64824 7.33645
6.65398 10.6484
6.65972 11.8627
6.66545 8.79464
6.67119 9.07692
6.67693 5.88372
6.68266 11.1034
6.6884 6.32407
6.69413 12.2527
6.69987 8.98058
6.70561 11.4018
6.71134 11.0481
6.71708 10.1023
6.72282 11.0965
6.72855 11.537
6.73429 12.2921
6.74002 13.6792
6.74576 12.7043
6.7515 14.1845
6.75723 14.0112
6.76297 11.7759
6.7687 12.625
6.77444 9.95506
6.78018 7.9619
6.78591 9.56897
6.79165 8.42991
6.79739 8.18391
6.80312 7.7807
6.80886 8.3125
6.81459 5.85714
6.82033 4.4381
6.82607 11.6293
6.8318 10.8571
6.83754 6.90909
6.84328 6.99153
6.84901 11.4911
6.85475 8.71429
6.86048 10.0917
6.86622 9.39655
6.87196 9.40187
6.87769 5.71264
6.88343 7.92373
6.88916 9.24561
6.8949 5.78161
6.90064 10.3982
6.90637 11.4386
6.91211 8.64486
6.91785 6.05747
6.92358 7.56198
6.92932 7.0354
6.93505 8.29214
6.94079 5.37168
6.94653 10.0862
6.95226 4.53271
6.958 6.87912
6.96374 10.2417
6.96947 10.0614
6.97521 7.68132
6.98094 10.0991
6.98668 6.18966
6.99242 7.6422
6.99815 9.30337
7.00389 8.05833
7.00962 6
7.01536 7.37363
7.0211 11.3
7.02683 7.92623
7.03257 7.56075
7.03831 8.58065
7.04404 5.95082
7.04978 7.74783
7.05551 6.98936
7.06125 5.7156
7.06699 8.35246
7.07272 5.36697
7.07846 9.19101
7.0842 7
7.08993 10.4655
7.09567 8.69893
7.1014 8.22124
7.10714 8.10084
7.11288 7.97248
7.11861 10.957
7.12435 7.87097
7.13008 9.7094
7.13582 7.83333
7.14156 9.66667
7.14729 9.30833
7.15303 9.91743
7.15877 8.55914
7.1645 8.80645
7.17024 9.2521
7.17597 10.5
7.18171 11.271
7.18745 10.582
7.19318 7.0991
7.19892 8.54945
7.20466 8.48032
7.21039 6.4188
7.21613 7.23
7.22186 9.49541
7.2276 10.0238
7.23334 7.40541
7.23907 11.1209
7.24481 10.1508
7.25054 9.46218
7.25628 8.21
7.26202 8.94595
7.26775 8.38525
7.27349 10.2793
7.27923 9.13978
7.28496 11.254
7.2907 10.1849
7.29643 10.0291
7.30217 9.7156
7.30791 10.8548
7.31364 8.21368
7.31938 10.5393
7.32512 10.2385
7.33085 9.80165
7.33659 9.04808
7.34232 11.1238
7.34806 10.6077
7.3538 15.6847
7.35953 10.4624
7.36527 10.9766
7.371 14.2479
7.37674 12.8654
7.38248 13.3486
7.38821 14.816
7.39395 13.9052
7.39969 15.1613
7.40542 14.7615
7.41116 13.6098
7.41689 19.4245
7.42263 18.271
7.42837 19.1429
7.4341 19.8235
7.43984 24.3258
7.44558 22.1493
7.45131 27.3802
7.45705 31.1545
7.46278 55.6311
7.46852 110.8
7.47426 232
7.47999 293
7.48573 342.159
7.49146 178.344
7.4972 143.745
7.50294 118.981
7.50867 118.18
7.51441 122.412
7.52015 133.615
7.52588 144.667
7.53162 147.856
7.53735 143.795
7.54309 141.398
7.54883 123.545
7.55456 97.2017
7.5603 80.8427
7.56604 63.8358
7.57177 48.92
7.57751 38.7759
7.58324 36.3107
7.58898 29.9542
7.59472 27.1803
7.60045 25.39
7.60619 24.2276
7.61192 20.0078
7.61766 16.3707
7.6234 18.2871
7.62913 17.2803
7.63487 12.1901
7.64061 15.5
7.64634 16.0407
7.65208 13.8837
7.65781 15.7881
7.66355 15.4388
7.66929 14.0074
7.67502 12.4032
7.68076 14.5377
7.6865 13.5126
7.69223 12.5344
7.69797 11.339
7.7037 12.3564
7.70944 12.3806
7.71518 11.935
7.72091 14.8364
7.72665 11.0256
7.73238 11.8992
7.73812 10.1393
7.74386 14.2784
7.74959 12.2681
7.75533 12.984
7.76107 12.3571
7.7668 13.8435
7.77254 14.8168
7.77827 12.8033
7.78401 12.3737
7.78975 14.8889
7.79548 17.2969
7.80122 16.8793
7.80696 17.7207
7.81269 25.1429
7.81843 25.4355
7.82416 28.0526
7.8299 26.4643
7.83564 25.126
7.84137 32.6121
7.84711 37.4144
7.85284 36.1679
7.85858 47.6094
7.86432 44.7526
7.87005 45.1583
7.87579 44.3516
7.88153 43.2705
7.88726 36.4673
7.893 31.1037
7.89873 23.3906
7.90447 19.0686
7.91021 17.4211
7.91594 13.9695
7.92168 10.5833
7.92742 14.2476
7.93315 15.6934
7.93889 14.6587
7.94462 12.7368
7.95036 10.6639
7.9561 11.6894
7.96183 11.5238
7.96757 9.05714
7.9733 11.3358
7.97904 10.3769
7.98478 12.5536
7.99051 5.832
7.99625 10.1504
8.00199 8.03226
8.00772 7.44554
8.01346 8.05036
8.01919 7.35606
8.02493 7.4322
8.03067 8.71053
8.0364 8.23529
8.04214 7.38281
8.04788 10.2427
8.05361 10.0791
8.05935 9.49265
8.06508 5.30508
8.07082 4.73504
8.07656 9.28467
8.08229 6.85156
8.08803 8
8.09376 6.7972
8.0995 8.7803
8.10524 7.79508
8.11097 7.12389
8.11671 7.90511
8.12245 5.10853
8.12818 9.32143
8.13392 7.08333
8.13965 7.74638
8.14539 7.37903
8.15113 9.94595
8.15686 5.30657
8.1626 6.11364
8.16834 3.30508
8.17407 3.15079
8.17981 5.06716
8.18554 2.76154
8.19128 5.98131
8.19702 2.16547
8.20275 5.15672
8.20849 3.75424
8.21422 2.47581
8.21996 1.05072
8.2257 4.04688
8.23143 2.63551
8.23717 2.3007
8.24291 3.07407
8.24864 4.07273
8.25438 2.78947
8.26011 0.210526
8.26585 3.88889
8.27159 0
8.27732 0
8.28306 0
8.2888 0
8.29453 0
8.30027 0
8.306 0
8.31174 0
8.31748 0
8.32321 0
8.32895 0
8.33468 0
8.34042 0
8.34616 0
8.35189 0
8.35763 0
8.36337 0
8.3691 0
8.37484 0
8.38057 0
8.38631 0
8.39205 0
8.39778 0
8.40352 0
8.40926 0
8.41499 0
8.42073 0
8.42646 0
8.4322 0
8.43794 0
8.44367 0
8.44941 0
8.45514 0
8.46088 0
8.46662 0
8.47235 0
8.47809 0
8.48383 0
8.48956 0
8.4953 0
8.50103 0
8.50677 0
8.51251 0
8.51824 0
8.52398 0
8.52972 0
8.53545 0
8.54119 0
8.54692 0
8.55266 0
8.5584 0
8.56413 0
8.56987 0
8.5756 0
8.58134 0
8.58708 0
8.59281 0
8.59855 0
8.60429 0
8.61002 0
8.61576 0
8.62149 0
8.62723 0
8.63297 0
8.6387 0
8.64444 0
8.65018 0
8.65591 0
8.66165 0
8.66738 0
8.67312 0
8.67886 0
8.68459 0
8.69033 0
8.69606 0
8.7018 0
8.70754 0
8.71327 0
8.71901 0
8.72475 0
8.73048 0
8.73622 0
8.74195 0
8.74769 0
8.75343 0
8.75916 0
8.7649 0
8.77064 0
8.77637 0
8.78211 0
8.78784 0
8.79358 0
8.79932 0
8.80505 0
8.81079 0
8.81652 0
8.82226 0
8.828 0
8.83373 0
8.83947 0
8.84521 0
8.85094 0
8.85668 0
8.86241 0
8.86815 0
8.87389 0
8.87962 0
8.88536 0
8.8911 0
8.89683 0
8.90257 0
8.9083 0
8.91404 0
8.91978 0
8.92551 0
8.93125 0
8.93698 0
8.94272 0
8.94846 0
8.95419 0
8.95993 0
8.96567 0
8.9714 0
8.97714 0
8.98287 0
8.98861 0
8.99435 0
9.00008 0
9.00582 0
9.01156 0
9.01729 0
9.02303 0
9.02876 0
9.0345 0
9.04024 0
9.04597 0
9.05171 0
9.05744 0
9.06318 0
9.06892 0
9.07465 0
9.08039 0
9.08613 0
9.09186 0
9.0976 0
9.10333 0
9.10907 0
9.11481 0
9.12054 0
9.12628 0
9.13202 0
9.13775 0
9.14349 0
9.14922 0
9.15496 0
9.1607 0
9.16643 0
9.17217 0
9.1779 0
9.18364 0
9.18938 0
9.19511 0
9.20085 0
9.20659 0
9.21232 0
9.21806 0
9.22379 0
9.22953 0
9.23527 0
9.241 0
9.24674 0
9.25248 0
9.25821 0
9.26395 0
9.26968 0
9.27542 0
9.28116 0
9.28689 0
9.29263 0
9.29836 0
9.3041 0
9.30984 0
9.31557 0
9.32131 0
9.32705 0
9.33278 0
9.33852 0
9.34425 0
9.34999 0
9.35573 0
9.36146 0
9.3672 0
9.37294 0
9.37867 0
9.38441 0
9.39014 0
9.39588 0
9.40162 0
9.40735 0
9.41309 0
9.41882 0
9.42456 0
9.4303 0
9.43603 0
9.44177 0
9.44751 0
9.45324 0
9.45898 0
9.46471 0
9.47045 0
9.47619 0
9.48192 0
9.48766 0
9.4934 0
9.49913 0
9.50487 0
9.5106 0
9.51634 0
9.52208 0
9.52781 0
9.53355 0
9.53928 0
9.54502 0
9.55076 0
9.55649 0
9.56223 0
9.56797 0
9.5737 0
9.57944 0
9.58517 0
9.59091 0
9.59665 0
9.60238 0
9.60812 0
9.61386 0
9.61959 0
9.62533 0
9.63106 0
9.6368 0
9.64254 0
9.64827 0
9.65401 0
9.65974 0
9.66548 0
9.67122 0
9.67695 0
9.68269 0
9.68843 0
9.69416 0
9.6999 0
9.70563 0
9.71137 0
9.71711 0
9.72284 0
9.72858 0
9.73432 0
9.74005 0
9.74579 0
9.75152 0
9.75726 0
9.763 0
9.76873 0
9.77447 0
9.7802 0
9.78594 0
9.79168 0
9.79741 0
9.80315 0
9.80889 0
9.81462 0
9.82036 0
9.82609 0
9.83183 0
9.83757 0
9.8433 0
9.84904 0
9.85478 0
9.86051 0
9.86625 0
9.87198 0
9.87772 0
9.88346 0
9.88919 0
9.89493 0
9.90066 0
9.9064 0
9.91214 0
9.91787 0
9.92361 0
9.92935 0
9.93508 0
9.94082 0
9.94655 0
9.95229 0
9.95803 0
9.96376 0
9.9695 0
9.97524 0
9.98097 0
9.98671 0
9.99244 0
9.99818 0
10.0039 0
10.0097 0
10.0154 0
10.0211 0
10.0269 0
10.0326 0
10.0383 0
10.0441 0
10.0498 0
10.0555 0
10.0613 0
10.067 0
10.0728 0
10.0785 0
10.0842 0
10.09 0
10.0957 0
10.1014 0
10.1072 0
10.1129 0
10.1186 0
10.1244 0
10.1301 0
10.1358 0
10.1416 0
10.1473 0
10.1531 0
10.1588 0
10.1645 0
10.1703 0
10.176 0
10.1817 0
10.1875 0
10.1932 0
10.1989 0
10.2047 0
10.2104 0
10.2162 0
10.2219 0
10.2276 0
10.2334 0
10.2391 0
10.2448 0
10.2506 0
10.2563 0
10.262 0
10.2678 0
10.2735 0
10.2793 0
10.285 0
10.2907 0
10.2965 0
10.3022 0
10.3079 0
10.3137 0
10.3194 0
10.3251 0
10.3309 0
10.3366 0
10.3424 0
10.3481 0
10.3538 0
10.3596 0
10.3653 0
10.371 0
10.3768 0
10.3825 0
10.3882 0
10.394 0
10.3997 0
10.4054 0
10.4112 0
10.4169 0
10.4227 0
10.4284 0
10.4341 0
10.4399 0
10.4456 0
10.4513 0
10.4571 0
10.4628 0
10.4685 0
10.4743 0
10.48 0
10.4858 0
10.4915 0
10.4972 0
10.503 0
10.5087 0
10.5144 0
10.5202 0
10.5259 0
10.5316 0
10.5374 0
10.5431 0
10.5489 0
10.5546 0
10.5603 0
10.5661 0
10.5718 0
10.5775 0
10.5833 0
10.589 0
10.5947 0
10.6005 0
10.6062 0
10.612 0
10.6177 0
10.6234 0
10.6292 0
10.6349 0
10.6406 0
10.6464 0
10.6521 0
10.6578 0
10.6636 0
10.6693 0
10.6751 0
10.6808 0
10.6865 0
10.6923 0
10.698 0
10.7037 0
10.7095 0
10.7152 0
10.7209 0
10.7267 0
10.7324 0
10.7381 0
10.7439 0
10.7496 0
10.7554 0
10.7611 0
10.7668 0
10.7726 0
10.7783 0
10.784 0
10.7898 0
10.7955 0
10.8012 0
10.807 0
10.8127 0
10.8185 0
10.8242 0
10.8299 0
10.8357 0
10.8414 0
10.8471 0
10.8529 0
10.8586 0
10.8643 0
10.8701 0
10.8758 0
10.8816 0
10.8873 0
10.893 0
10.8988 0
10.9045 0
10.9102 0
10.916 0
10.9217 0
10.9274 0
10.9332 0
10.9389 0
10.9447 0
10.9504 0
10.9561 0
10.9619 0
10.9676 0
10.9733 0
10.9791 0
10.9848 0
10.9905 0
10.9963 0
11.002 0
11.0077 0
11.0135 0
11.0192 0
11.025 0
11.0307 0
11.0364 0
11.0422 0
11.0479 0
11.0536 0
11.0594 0
11.0651 0
11.0708 0
11.0766 0
11.0823 0
11.0881 0
11.0938 0
11.0995 0
11.1053 0
11.111 0
11.1167 0
11.1225 0
11.1282 0
11.1339 0
11.1397 0
11.1454 0
11.1512 0
11.1569 0
11.1626 0
11.1684 0
11.1741 0
11.1798 0
11.1856 0
11.1913 0
11.197 0
11.2028 0
11.2085 0
11.2143 0
11.22 0
11.2257 0
11.2315 0
11.2372 0
11.2429 0
11.2487 0
11.2544 0
11.2601 0
11.2659 0
11.2716 0
11.2774 0
11.2831 0
11.2888 0
11.2946 0
11.3003 0
11.306 0
11.3118 0
11.3175 0
11.3232 0
11.329 0
11.3347 0
11.3404 0
11.3462 0
11.3519 0
11.3577 0
11.3634 0
11.3691 0
11.3749 0
11.3806 0
11.3863 0
11.3921 0
11.3978 0
11.4035 0
11.4093 0
11.415 0
11.4208 0
11.4265 0
11.4322 0
11.438 0
11.4437 0
11.4494 0
11.4552 0
11.4609 0
11.4666 0
11.4724 0
11.4781 0
11.4839 0
11.4896 0
11.4953 0
11.5011 0
11.5068 0
11.5125 0
11.5183 0
11.524 0
11.5297 0
11.5355 0
11.5412 0
11.547 0
11.5527 0
11.5584 0
11.5642 0
11.5699 0
11.5756 0
11.5814 0
11.5871 0
11.5928 0
11.5986 0
11.6043 0
11.61 0
11.6158 0
11.6215 0
11.6273 0
11.633 0
11.6387 0
11.6445 0
11.6502 0
11.6559 0
11.6617 0
11.6674 0
11.6731 0
11.6789 0
11.6846 0
11.6904 0
11.6961 0
11.7018 0
11.7076 0
11.7133 0
11.719 0
11.7248 0
11.7305 0
11.7362 0
11.742 0
