0 -5
0.00573619 23
0.0114724 7
0.0172086 0
0.0229448 17
0.028681 -10
0.0344171 0
0.0401533 -20
0.0458895 14
0.0516257 -18
0.0573619 0
0.0630981 -6
0.0688343 9
0.0745705 0
0.0803067 -6
0.0860429 3
0.091779 0
0.0975152 -5.66667
0.103251 0.666667
0.108988 -8
0.114724 0
0.12046 3.66667
0.126196 -2.66667
0.131932 0
0.137669 -1
0.143405 -21.6667
0.149141 1
0.154877 -18.5
0.160613 0
0.16635 4.33333
0.172086 0
0.177822 6.66667
0.183558 -3.8
0.189294 0
0.19503 -4.4
0.200767 0.6
0.206503 -15.6667
0.212239 -10
0.217975 -0.8
0.223711 15.6
0.229448 0
0.235184 -3.6
0.24092 4.8
0.246656 0
0.252392 -0.2
0.258129 -6.8
0.263865 0.6
0.269601 0
0.275337 -5.6
0.281073 0
0.28681 0
0.292546 13.7143
0.298282 -0.571429
0.304018 4.33333
0.309754 11.5
0.31549 6.14286
0.321227 2.28571
0.326963 0
0.332699 7.57143
0.338435 1.42857
0.344171 0
0.349908 7.42857
0.355644 -0.857143
0.36138 7.4
0.367116 11.5
0.372852 7.77778
0.378589 5
0.384325 -7.5
0.390061 11.7778
0.395797 1.22222
0.401533 0
0.40727 8.77778
0.413006 14
0.418742 5.14286
0.424478 20.5
0.430214 3.33333
0.43595 0.666667
0.441687 0
0.447423 13.8889
0.453159 12.3333
0.458895 24.3333
0.464631 5.28571
0.470368 4.36364
0.476104 0.333333
0.48184 11
0.487576 8.90909
0.493312 2.72727
0.499049 0
0.504785 11.5455
0.510521 6.72727
0.516257 -3
0.521993 5
0.52773 6.36364
0.533466 16.8889
0.539202 28.5
0.544938 5.18182
0.550674 11.8182
0.55641 0
0.562147 10.6154
0.567883 5.53846
0.573619 7.57143
0.579355 10.3333
0.585091 14.6154
0.590828 46.4545
0.596564 7.5
0.6023 215.692
0.608036 142.077
0.613772 35
0.619509 22.5
0.625245 16.3077
0.630981 15.5556
0.636717 10.5
0.642453 4.76923
0.64819 14.4615
0.653926 9
0.659662 8.06667
0.665398 11.9333
0.671134 5.57143
0.67687 22.875
0.682607 13.3333
0.688343 11.5455
0.694079 11.75
0.699815 12.5333
0.705551 13.8
0.711288 0
0.717024 18.2857
0.72276 9
0.728496 15.6667
0.734232 10.8333
0.739969 7.875
0.745705 7.30769
0.751441 12.25
0.757177 9.52941
0.762913 9.29412
0.76865 0.4
0.774386 4.25
0.780122 8.17647
0.785858 7.36364
0.791594 8.33333
0.79733 10.1176
0.803067 8.26667
0.808803 32
0.814539 11.1765
0.820275 14.5882
0.826011 15.1111
0.831748 3.25
0.837484 5.22222
0.84322 9.92308
0.848956 18.1667
0.854692 11.4211
0.860429 15.5882
0.866165 11.2
0.871901 7.1875
0.877637 15.4737
0.883373 7.09091
0.88911 6.625
0.894846 10.8947
0.900582 13.8
0.906318 12
0.912054 12.9474
0.91779 5.35294
0.923527 0.333333
0.929263 9.76923
0.934999 9.85714
0.940735 11.1538
0.946471 7.5
0.952208 3.19048
0.957944 11.0588
0.96368 8.75
0.969416 7.71429
0.975152 15.4211
0.980889 12.2727
0.986625 12.75
0.992361 10.6667
0.998097 16.1333
1.00383 18.5
1.00957 10.4762
1.01531 13.4118
1.02104 15.2
1.02678 10.3529
1.03251 10.619
1.03825 15.3077
1.04399 9.66667
1.04972 12.4348
1.05546 10.8824
1.0612 19.8333
1.06693 5.86957
1.07267 12.6842
1.0784 17.4615
1.08414 14.0714
1.08988 12.5217
1.09561 8.46667
1.10135 11.625
1.10708 10.2609
1.11282 9.11765
1.11856 11.4286
1.12429 15.96
1.13003 10.619
1.13577 17.3333
1.1415 13.7857
1.14724 11.56
1.15297 11.2667
1.15871 9.6
1.16445 15.6
1.17018 10.5263
1.17592 23.9231
1.18166 16.1667
1.18739 9.86957
1.19313 20.9333
1.19886 16.8333
1.2046 14
1.21034 13.8333
1.21607 14.4444
1.22181 16.3333
1.22754 12.5238
1.23328 14.1765
1.23902 12.5625
1.24475 17
1.25049 10.2353
1.25623 12.75
1.26196 11.037
1.2677 13.3158
1.27343 18
1.27917 9.40909
1.28491 5.65217
1.29064 10
1.29638 7.64286
1.30212 13.8148
1.30785 11.8889
1.31359 2.58333
1.31932 12.069
1.32506 11.0952
1.3308 6.94118
1.33653 11.4
1.34227 6.56
1.348 11.8421
1.35374 10.7857
1.35948 16.4444
1.36521 11.8095
1.37095 6.6
1.37669 11.4483
1.38242 14.1304
1.38816 13.8824
1.39389 14.9474
1.39963 11.5185
1.40537 10.2
1.4111 11.5
1.41684 11.8276
1.42258 12.1304
1.42831 8
1.43405 11.0833
1.43978 12.44
1.44552 18.2381
1.45126 15.125
1.45699 9.2069
1.46273 6.09524
1.46846 13.25
1.4742 13.8387
1.47994 9.78261
1.48567 13.75
1.49141 11.0952
1.49715 10.963
1.50288 9.30435
1.50862 9.125
1.51435 6.89655
1.52009 11.88
1.52583 10.9333
1.53156 10.4
1.5373 11.2
1.54304 8.7619
1.54877 5.35
1.55451 8.55172
1.56024 12.0435
1.56598 16.3571
1.57172 13.3548
1.57745 14.36
1.58319 8.55
1.58892 14.96
1.59466 10.037
1.6004 13.88
1.60613 10.4444
1.61187 10.1613
1.61761 9.28
1.62334 7.35714
1.62908 14.2424
1.63481 16.2593
1.64055 5.08696
1.64629 4.68182
1.65202 11.1724
1.65776 12
1.6635 7
1.66923 14.6452
1.67497 7.32143
1.6807 9.25
1.68644 15.1429
1.69218 8.58621
1.69791 10.32
1.70365 8.72727
1.70938 12.9677
1.71512 6.51852
1.72086 12.375
1.72659 11.9091
1.73233 13.0345
1.73807 7.43478
1.7438 11.4615
1.74954 13.5862
1.75527 10.8148
1.76101 14.3684
1.76675 17.7576
1.77248 14.75
1.77822 11.1
1.78396 15.2
1.78969 5.87097
1.79543 12.4815
1.80116 5.04167
1.8069 12.871
1.81264 9.27586
1.81837 12.1667
1.82411 11.5714
1.82984 10.1379
1.83558 14.52
1.84132 11.4231
1.84705 9.64516
1.85279 14.2593
1.85853 10.6087
1.86426 14.0303
1.87 14.2
1.87573 12.7778
1.88147 11.9714
1.88721 13.1212
1.89294 17.7037
1.89868 14.1154
1.90442 13.2727
1.91015 12.5161
1.91589 17
1.92162 14.6571
1.92736 16.871
1.9331 16.36
1.93883 17.4643
1.94457 19.4242
1.9503 15.3333
1.95604 14
1.96178 11.2353
1.96751 8.03125
1.97325 8.95
1.97899 7.94595
1.98472 13.3939
1.99046 13.931
1.99619 6.61538
2.00193 19.0286
2.00767 16.7419
2.0134 15.3333
2.01914 14
2.02488 12.7273
2.03061 15
2.03635 13.8438
2.04208 11.1471
2.04782 13.0938
2.05356 15.125
2.05929 17.1944
2.06503 9.02857
2.07076 10.4545
2.0765 16.9189
2.08224 15.5143
2.08797 13.5172
2.09371 16.3929
2.09945 14.2973
2.10518 11.5455
2.11092 14.0833
2.11665 14.2973
2.12239 10.6571
2.12813 11.9565
2.13386 12.8056
2.1396 17.5
2.14534 17.125
2.15107 14.6923
2.15681 13.6316
2.16254 13.1351
2.16828 18.5
2.17402 11.1538
2.17975 13.8378
2.18549 13.9032
2.19122 13.9333
2.19696 12.8919
2.2027 11.7714
2.20843 17.75
2.21417 20.7949
2.21991 49.2162
2.22564 30.1364
2.23138 51.075
2.23711 30.1053
2.24285 19.0588
2.24859 18.3214
2.25432 12.4872
2.26006 12.2051
2.2658 17.4545
2.27153 15.0732
2.27727 13
2.283 14.9032
2.28874 13.0625
2.29448 9.82051
2.30021 18.8919
2.30595 6.61538
2.31168 10.9487
2.31742 11.5897
2.32316 17.1364
2.32889 14.5952
2.33463 11.175
2.34037 10.3611
2.3461 12.4286
2.35184 17.3488
2.35757 15.5135
2.36331 15.5769
2.36905 13.1951
2.37478 16
2.38052 16.9355
2.38626 17
2.39199 19.4884
2.39773 15.1081
2.40346 13.5385
2.4092 14.7209
2.41494 12.925
2.42067 9.04545
2.42641 8.54545
2.43214 11.3333
2.43788 15.2
2.44362 19.375
2.44935 7.97778
2.45509 16.1795
2.46083 13.4231
2.46656 14.4222
2.4723 12.7805
2.47803 11.1724
2.48377 10.85
2.48951 14.1395
2.49524 15.9744
2.50098 9.84615
2.50672 12.1739
2.51245 10.4048
2.51819 9.70833
2.52392 14.3696
2.52966 17.5909
2.5354 16.8485
2.54113 17.8333
2.54687 11.1333
2.5526 17.3659
2.55834 14.9231
2.56408 10.5106
2.56981 14.5581
2.57555 17.8966
2.58129 12.5238
2.58702 15.6
2.59276 12
2.59849 12.0312
2.60423 14.6522
2.60997 16.4545
2.6157 17.2083
2.62144 13.9375
2.62718 13.8085
2.63291 11.2857
2.63865 16.9444
2.64438 12
2.65012 18.0732
2.65586 13.7667
2.66159 12.5532
2.66733 11.2222
2.67306 13.84
2.6788 13.8125
2.68454 12.9574
2.69027 15.9487
2.69601 15.6364
2.70175 10.7917
2.70748 14.4444
2.71322 11.2963
2.71895 14.3542
2.72469 15.5102
2.73043 11.2286
2.73616 11.4737
2.7419 14.3673
2.74764 15.4651
2.75337 13.0667
2.75911 17
2.76484 16.1429
2.77058 11.4167
2.77632 16.9796
2.78205 15.5
2.78779 9.12821
2.79352 9.42857
2.79926 13.75
2.805 14.3778
2.81073 14.9259
2.81647 14.8113
2.82221 16.102
2.82794 13.2973
2.83368 16.2895
2.83941 15.6226
2.84515 13.0976
2.85089 9.09375
2.85662 13.1321
2.86236 13.4286
2.8681 20.0417
2.87383 13.5849
2.87957 13.38
2.8853 12.7805
2.89104 10.027
2.89678 13.6346
2.90251 13.7556
2.90825 17.2069
2.91398 10.4364
2.91972 17.8431
2.92546 15.2703
2.93119 13.6429
2.93693 15.283
2.94267 13.5556
2.9484 15.875
2.95414 15.7358
2.95987 15.7347
2.96561 14.7692
2.97135 15.9643
2.97708 15.1481
2.98282 13.359
2.98856 17.7949
2.99429 17
3.00003 18.4894
3.00576 15.2812
3.0115 18.3091
3.01724 15.9434
3.02297 12.5676
3.02871 18.5909
3.03444 15.0182
3.04018 16.4889
3.04592 14.3529
3.05165 15.2545
3.05739 16.8039
3.06313 16.6897
3.06886 17.2321
3.0746 17.0909
3.08033 12.6591
3.08607 18.027
3.09181 13.8571
3.09754 15.3265
3.10328 19.1875
3.10902 21.0339
3.11475 16.0189
3.12049 19.9231
3.12622 18.2174
3.13196 18.2727
3.1377 19.8085
3.14343 17.1111
3.14917 23.4912
3.1549 18.098
3.16064 15.931
3.16638 16.6167
3.17211 14.4727
3.17785 21.8409
3.18359 15.0244
3.18932 21.9322
3.19506 19.9796
3.20079 22.3824
3.20653 20.3559
3.21227 20.6038
3.218 21.9024
3.22374 20.2083
3.22948 16.3898
3.23521 20.5778
3.24095 18.7895
3.24668 19.7333
3.25242 20.4151
3.25816 17.4118
3.26389 18.9123
3.26963 22.7018
3.27536 19.9348
3.2811 24
3.28684 23.377
3.29257 20.3469
3.29831 20.8056
3.30405 19.3651
3.30978 22.7636
3.31552 23.186
3.32125 16.625
3.32699 24.2807
3.33273 17.2157
3.33846 21.2632
3.3442 19.3387
3.34994 20.5294
3.35567 22.2368
3.36141 22.8136
3.36714 22.8947
3.37288 21.8333
3.37862 21.0682
3.38435 22.6885
3.39009 22.6981
3.39582 24.0556
3.40156 21
3.4073 22.0727
3.41303 21.2553
3.41877 23.9583
3.42451 26.4918
3.43024 26.449
3.43598 25.2683
3.44171 26.3968
3.44745 26.9286
3.45319 24.881
3.45892 25.3091
3.46466 26.8475
3.4704 24.66
3.47613 22.3864
3.48187 23.2063
3.4876 27.8679
3.49334 27.9737
3.49908 24.9403
3.50481 22.0351
3.51055 21.7234
3.51628 22.92
3.52202 26.4426
3.52776 30.6481
3.53349 27.7073
3.53923 27.5077
3.54497 28.4259
3.5507 28.3125
3.55644 31.2
3.56217 36.8983
3.56791 28.1887
3.57365 28.8913
3.57938 32.6462
3.58512 29.4909
3.59086 28.1316
3.59659 32.8806
3.60233 28.7797
3.60806 27.5098
3.6138 30.0417
3.61954 29.3333
3.62527 32.5
3.63101 27.5122
3.63674 29.806
3.64248 36.6724
3.64822 40.3125
3.65395 34.5439
3.65969 32.9672
3.66543 38.7455
3.67116 34.6957
3.6769 38.5714
3.68263 35.6066
3.68837 32.6316
3.69411 41.087
3.69984 36.5593
3.70558 41.1698
3.71132 36.5098
3.71705 34.0923
3.72279 38.4107
3.72852 42.7209
3.73426 40.1343
3.74 43.0968
3.74573 45.46
3.75147 43.25
3.7572 46.4762
3.76294 44.6441
3.76868 45.4318
3.77441 45.3881
3.78015 44.5085
3.78589 46.6809
3.79162 42.9844
3.79736 49.2381
3.80309 52.625
3.80883 52.1765
3.81457 51.2308
3.8203 50.85
3.82604 55.2093
3.83178 53.8406
3.83751 62.9194
3.84325 66.8929
3.84898 79.9259
3.85472 134.111
3.86046 241.639
3.86619 179.587
3.87193 481.232
3.87766 259.344
3.8834 132.49
3.88914 164.65
3.89487 161.508
3.90061 169.283
3.90635 182.592
3.91208 179.687
3.91782 155.141
3.92355 141.732
3.92929 118.718
3.93503 96.7188
3.94076 86.678
3.9465 74.6852
3.95224 68.9104
3.95797 62.254
3.96371 56.4783
3.96944 56.3944
3.97518 54.5556
3.98092 58.2364
3.98665 51.8448
3.99239 49.9559
3.99812 48.9677
4.00386 44.1224
4.0096 46.7681
4.01533 48.2969
4.02107 43.26
4.02681 45.6212
4.03254 42.8333
4.03828 46.2623
4.04401 44.0385
4.04975 49.2535
4.05549 46.8308
4.06122 42.4565
4.06696 41.8551
4.0727 45.1884
4.07843 42.8167
4.08417 41.0357
4.0899 42.1029
4.09564 40.9531
4.10138 37.42
4.10711 38.6389
4.11285 43.9545
4.11858 41.7143
4.12432 41.5806
4.13006 44.1594
4.13579 42.6825
4.14153 39.9615
4.14727 42.7808
4.153 40.5075
4.15874 42.6591
4.16447 42.1096
4.17021 43.6901
4.17595 42.0806
4.18168 44.2857
4.18742 44.3286
4.19316 42.9697
4.19889 44.54
4.20463 42.0541
4.21036 43.7059
4.2161 42.9333
4.22184 43.1897
4.22757 40.3288
4.23331 44.6567
4.23904 41.72
4.24478 44.48
4.25052 40.9855
4.25625 46.7273
4.26199 40.9531
4.26773 43.1389
4.27346 44.1212
4.2792 47.2143
4.28493 45.5694
4.29067 50.1286
4.29641 51.1667
4.30214 47.1316
4.30788 64.8143
4.31362 185.492
4.31935 68.1786
4.32509 401.907
4.33082 138.58
4.33656 65.9
4.3423 56.64
4.34803 58.0959
4.35377 59.1613
4.3595 63.1167
4.36524 65.4865
4.37098 63.9143
4.37671 69.8889
4.38245 67.2838
4.38819 65.2222
4.39392 78.2105
4.39966 81.1449
4.40539 83.4167
4.41113 94.6667
4.41687 114.944
4.4226 116.455
4.42834 160.822
4.43408 363.625
4.43981 527.013
4.44555 1356.79
4.45128 6133.77
4.45702 6379.78
4.46276 3233.97
4.46849 2761.76
4.47423 792.648
4.47996 332.842
4.4857 193.162
4.49144 166.862
4.49717 151.825
4.50291 129.169
4.50865 120.521
4.51438 119.25
4.52012 110.278
4.52585 102.653
4.53159 95.7193
4.53733 87.5571
4.54306 76.4375
4.5488 70.3731
4.55454 69.7193
4.56027 64.525
4.56601 58.2297
4.57174 72.8462
4.57748 56.5
4.58322 48.7179
4.58895 46.6418
4.59469 47.5246
4.60042 40.9114
4.60616 44.44
4.6119 39.2
4.61763 38.3976
4.62337 37.7403
4.62911 36.1111
4.63484 39.7656
4.64058 36.5122
4.64631 38.4444
4.65205 35.6607
4.65779 40.3
4.66352 36.2436
4.66926 29.3279
4.675 35.493
4.68073 31.1026
4.68647 31.6027
4.6922 31.4828
4.69794 31.3086
4.70368 32.6623
4.70941 32.22
4.71515 30.1412
4.72088 28.1646
4.72662 29.2464
4.73236 31.2222
4.73809 27.0732
4.74383 28.641
4.74957 29.0962
4.7553 29.2262
4.76104 29.575
4.76677 27.806
4.77251 28.1385
4.77825 27.4268
4.78398 22.8267
4.78972 30.7321
4.79546 27.5647
4.80119 27.6962
4.80693 26.4308
4.81266 23.6
4.8184 24.6905
4.82414 27.9589
4.82987 26.9672
4.83561 27.5952
4.84134 25.8375
4.84708 24.2453
4.85282 24.0824
4.85855 27.7805
4.86429 29.0986
4.87003 23.459
4.87576 25.6322
4.8815 26.3038
4.88723 26.0556
4.89297 23.6824
4.89871 25.7229
4.90444 24.8732
4.91018 22.3182
4.91592 20.9048
4.92165 20.0127
4.92739 21.5614
4.93312 24.3837
4.93886 23.1429
4.9446 25.9403
4.95033 22.5634
4.95607 24.2093
4.9618 23.7662
4.96754 20.6441
4.97328 19.6437
4.97901 20.6627
4.98475 20.5902
4.99049 23.1923
4.99622 23.2184
5.00196 19.9589
5.00769 24.9683
5.01343 22.5455
5.01917 22.506
5.0249 25.4906
5.03064 22.9556
5.03638 24.3837
5.04211 19.1333
5.04785 23.6154
5.05358 24.5233
5.05932 21.358
5.06506 20.5517
5.07079 22.0449
5.07653 23.4713
5.08226 21.7465
5.088 20.1143
5.09374 22.7333
5.09947 22.7792
5.10521 18.1587
5.11095 21.2889
5.11668 20.9647
5.12242 18.5455
5.12815 22.8571
5.13389 22.2222
5.13963 20.8182
5.14536 18.0656
5.1511 21.0435
5.15684 18.5301
5.16257 17.0159
5.16831 21.2976
5.17404 17.8876
5.17978 19.8831
5.18552 22.0152
5.19125 18.7222
5.19699 20.1446
5.20272 21.9492
5.20846 18.5217
5.2142 20.6629
5.21993 21.8684
5.22567 20.6522
5.23141 20.25
5.23714 20.1481
5.24288 18.4262
5.24861 16.3656
5.25435 20.6742
5.26009 19.0563
5.26582 20.2632
5.27156 16.1648
5.2773 18.5063
5.28303 22.5231
5.28877 19.234
5.2945 16.9195
5.30024 19.0417
5.30598 20.3165
5.31171 19.7416
5.31745 20.6707
5.32318 18.5385
5.32892 19.4255
5.33466 17.7356
5.34039 21.3333
5.34613 17.8953
5.35187 22.3626
5.3576 20.9259
5.36334 18.0303
5.36907 18.4583
5.37481 20.2471
5.38055 18.918
5.38628 20.7604
5.39202 18.2308
5.39776 19.0625
5.40349 20.5915
5.40923 19.25
5.41496 15.5926
5.4207 17.8413
5.42644 18.7857
5.43217 18.8764
5.43791 21
5.44364 21.2973
5.44938 18.1443
5.45512 20.5926
5.46085 19.3636
5.46659 17.6224
5.47233 20.8764
5.47806 19.1184
5.4838 19.2963
5.48953 18.0753
5.49527 16.631
5.50101 21.4925
5.50674 18.2041
5.51248 18.809
5.51822 19.973
5.52395 20.5542
5.52969 20.5054
5.53542 16.4353
5.54116 21.4118
5.5469 16.2929
5.55263 19.9888
5.55837 20.2083
5.5641 17.5843
5.56984 18.6452
5.57558 20.3214
5.58131 20.8219
5.58705 18.9697
5.59279 20.2159
5.59852 19.8095
5.60426 8.59
5.60999 14.129
5.61573 14.9512
5.62147 22.1711
5.6272 17.4227
5.63294 18.2069
5.63868 16.4242
5.64441 18.3663
5.65015 19.6237
5.65588 21.0119
5.66162 21.1169
5.66736 18.3434
5.67309 19.5
5.67883 18.942
5.68456 19.8812
5.6903 20.8556
5.69604 21.1463
5.70177 17.9639
5.70751 20.9368
5.71325 18.9773
5.71898 18.1528
5.72472 23.9293
5.73045 22
5.73619 16.5949
5.74193 20.0674
5.74766 18.5368
5.7534 21.375
5.75914 18.5915
5.76487 18.9307
5.77061 21.617
5.77634 22.5
5.78208 21.5281
5.78782 20.5876
5.79355 20.0116
5.79929 19.1867
5.80502 18.802
5.81076 22.6667
5.8165 20.8933
5.82223 21.2604
5.82797 19.0619
5.83371 23.2674
5.83944 23.9367
5.84518 22.2424
5.85091 22.375
5.85665 20.9692
5.86239 22.1333
5.86812 23.102
5.87386 22.407
5.8796 22.6582
5.88533 23.9505
5.89107 22.2717
5.8968 19.1014
5.90254 19.6857
5.90828 24.1818
5.91401 19.4706
5.91975 20.4024
5.92548 22.9697
5.93122 22.0213
5.93696 20.0137
5.94269 24.3524
5.94843 22.6042
5.95417 19.8068
5.9599 23.6588
5.96564 21.9394
5.97137 22.4787
5.97711 21
5.98285 22.8932
5.98858 20.2041
5.99432 24.8941
6.00006 24.6444
6.00579 21.5253
6.01153 24.0753
6.01726 26.12
6.023 26.9238
6.02874 22.9792
6.03447 24.625
6.04021 23.1222
6.04594 24.7449
6.05168 24.4688
6.05742 21.2857
6.06315 25.8476
6.06889 24.4167
6.07463 23.0833
6.08036 24.8298
6.0861 20.449
6.09183 26.8969
6.09757 25.8077
6.10331 25.5619
6.10904 26.7396
6.11478 26.3372
6.12052 30.2396
6.12625 26.23
6.13199 25.0319
6.13772 28.0122
6.14346 26.2549
6.1492 26.09
6.15493 25.1375
6.16067 28.2451
6.1664 28.0204
6.17214 28.9468
6.17788 31.7857
6.18361 29.7379
6.18935 28.5657
6.19509 31.8514
6.20082 30.3486
6.20656 28.6961
6.21229 31.75
6.21803 32.0244
6.22377 33.283
6.2295 30.88
6.23524 33.2933
6.24098 34.3395
6.24671 33.0882
6.25245 36.8723
6.25818 32.8488
6.26392 38.2549
6.26966 38.2549
6.27539 39.4868
6.28113 40.0092
6.28686 42.6337
6.2926 44.4583
6.29834 53.5795
6.30407 68.9231
6.30981 95.3431
6.31555 361.731
6.32128 1055.72
6.32702 419.462
6.33275 309.052
6.33849 132.886
6.34423 62.7115
6.34996 64.3333
6.3557 62.2179
6.36144 62.8426
6.36717 62.8476
6.37291 64.7263
6.37864 67.7444
6.38438 67.0849
6.39012 63.8431
6.39585 61.5125
6.40159 49.5185
6.40732 52.5278
6.41306 48.4894
6.4188 44.2283
6.42453 43.6792
6.43027 40.7549
6.43601 40.9512
6.44174 33.3679
6.44748 35.287
6.45321 36.5957
6.45895 35.5761
6.46469 35.1238
6.47042 33.3981
6.47616 31.631
6.4819 32.9091
6.48763 30.8611
6.49337 29.5484
6.4991 32.6526
6.50484 29.9074
6.51058 32.1471
6.51631 33.2262
6.52205 28.2818
6.52778 32.2037
6.53352 31.7935
6.53926 30.3958
6.54499 28.6111
6.55073 28.3107
6.55647 30
6.5622 28.9381
6.56794 27.787
6.57367 30.9355
6.57941 30.2947
6.58515 30.4018
6.59088 29.8462
6.59662 27.3452
6.60236 31.2368
6.60809 29.2264
6.61383 29.4731
6.61956 31.0412
6.6253 26.4821
6.63104 26.0196
6.63677 25.9535
6.64251 28.7456
6.64824 27.2804
6.65398 28.7582
6.65972 25.6863
6.66545 26.5089
6.67119 27.6058
6.67693 26.3953
6.68266 26.3276
6.6884 26.4074
6.69413 29.4066
6.69987 29.534
6.70561 29.1071
6.71134 27.1346
6.71708 27.9659
6.72282 27.4035
6.72855 29.4444
6.73429 24.3596
6.74002 27.5755
6.74576 25.9217
6.7515 28.233
6.75723 29.4494
6.76297 28.9052
6.7687 24.0179
6.77444 24.1124
6.78018 24.3429
6.78591 29
6.79165 27.1589
6.79739 27.6322
6.80312 26.4386
6.80886 27.5357
6.81459 26.6813
6.82033 25.3429
6.82607 26.5086
6.8318 27.819
6.83754 27.2159
6.84328 26.3559
6.84901 28.7054
6.85475 25.8571
6.86048 26.9541
6.86622 28.6121
6.87196 23.4299
6.87769 26.5747
6.88343 27.2966
6.88916 28.1053
6.8949 26.6782
6.90064 26.4336
6.90637 26.8684
6.91211 23.6075
6.91785 26.5862
6.92358 26.124
6.92932 26.8584
6.93505 28.5056
6.94079 28.4071
6.94653 24.5
6.95226 23.4953
6.958 24.7802
6.96374 26.4083
6.96947 24.5877
6.97521 28.6044
6.98094 27.7387
6.98668 26.4052
6.99242 27.3853
6.99815 26.7191
7.00389 30.0583
7.00962 27.1121
7.01536 29.6703
7.0211 28.2545
7.02683 25.0082
7.03257 24.5421
7.03831 28.6344
7.04404 26.7951
7.04978 26.5565
7.05551 24.6702
7.06125 27
7.06699 28.377
7.07272 29.7982
7.07846 26.573
7.0842 25.1393
7.08993 25.7586
7.09567 25.7849
7.1014 27.2832
7.10714 28.6218
7.11288 29.6147
7.11861 31.1398
7.12435 28.7339
7.13008 28.4957
7.13582 27.1146
7.14156 27.6216
7.14729 28.2583
7.15303 28.6606
7.15877 29.1935
7.1645 31.5403
7.17024 30.3529
7.17597 31.4694
7.18171 27.8785
7.18745 26.6475
7.19318 27.1712
7.19892 27.4176
7.20466 28.2362
7.21039 27.7521
7.21613 24.86
7.22186 30.6055
7.2276 26.754
7.23334 33.036
7.23907 31.1538
7.24481 30.1905
7.25054 28.9328
7.25628 30.13
7.26202 30.0721
7.26775 31.5984
7.27349 31.0991
7.27923 31.9892
7.28496 31.4286
7.2907 32.5042
7.29643 32.7379
7.30217 30.2385
7.30791 31.379
7.31364 31.0513
7.31938 33.4607
7.32512 32.4231
7.33085 31.0744
7.33659 37.9615
7.34232 33.4667
7.34806 31.9077
7.3538 32.8649
7.35953 32.8925
7.36527 37.0234
7.371 37.3223
7.37674 32.3365
7.38248 39.1927
7.38821 39.392
7.39395 42.3103
7.39969 53.7957
7.40542 72.0923
7.41116 100.033
7.41689 121.274
7.42263 66.7757
7.42837 53.3016
7.4341 46.0672
7.43984 48.618
7.44558 47.8433
7.45131 48.8678
7.45705 51.5909
7.46278 51.3107
7.46852 51.2538
7.47426 54.5299
7.47999 56.9333
7.48573 59.303
7.49146 53.176
7.4972 55.5545
7.50294 51.8224
7.50867 48.8125
7.51441 47.5126
7.52015 44.8462
7.52588 42.9318
7.53162 38.4
7.53735 36.3393
7.54309 39.5728
7.54883 36.303
7.55456 34.4538
7.5603 32.7079
7.56604 35.2985
7.57177 32.32
7.57751 33.2155
7.58324 30.3981
7.58898 31.3206
7.59472 31.4508
7.60045 31.86
7.60619 34.9431
7.61192 32.4109
7.61766 32.681
7.6234 32.9406
7.62913 33.7727
7.63487 30.9752
7.64061 33.2941
7.64634 34.1301
7.65208 32.5736
7.65781 29.7034
7.66355 34.602
7.66929 32.1407
7.67502 31.0565
7.68076 30.7075
7.6865 33.4286
7.69223 32.6031
7.69797 36.3305
7.7037 34.6535
7.70944 33.9851
7.71518 34.2033
7.72091 32.8182
7.72665 34.3333
7.73238 39.0155
7.73812 52.123
7.74386 59.9072
7.74959 60.7174
7.75533 42.568
7.76107 34.8839
7.7668 36.9739
7.77254 35.5573
7.77827 34.7869
7.78401 36.7879
7.78975 37.4741
7.79548 39.6562
7.80122 34.681
7.80696 33.6577
7.81269 35.797
7.81843 35.9516
7.82416 35.7053
7.8299 33.3929
7.83564 34.7165
7.84137 34.3793
7.84711 34.0721
7.85284 33.0534
7.85858 32.4688
7.86432 33.1443
7.87005 29.7122
7.87579 28.1016
7.88153 29.9672
7.88726 26.0561
7.893 26.9556
7.89873 29.2344
7.90447 28.3333
7.91021 26.0602
7.91594 29.9008
7.92168 26.475
7.92742 27.3524
7.93315 27.781
7.93889 29.7302
7.94462 26.4035
7.95036 25.5574
7.9561 26.4091
7.96183 24.0397
7.96757 27.181
7.9733 28.2628
7.97904 25.0692
7.98478 26.9643
7.99051 23.4
7.99625 24.9624
8.00199 26.1774
8.00772 25.2178
8.01346 26.1511
8.01919 26.5303
8.02493 25.3983
8.03067 23.6491
8.0364 25.4412
8.04214 22.1641
8.04788 23.9709
8.05361 23.7482
8.05935 27.5735
8.06508 21.9153
8.07082 21.9231
8.07656 22.5328
8.08229 23.9609
8.08803 25.101
8.09376 25.3147
8.0995 25.1591
8.10524 24.3279
8.11097 23.8407
8.11671 23.6788
8.12245 22.1085
8.12818 22.9018
8.13392 24.4394
8.13965 21.1377
8.14539 19.5887
8.15113 18.0811
8.15686 20.2409
8.1626 19.6288
8.16834 17.2034
8.17407 20.7302
8.17981 18.4254
8.18554 13.8077
8.19128 14.6355
8.19702 12.3669
8.20275 12.5522
8.20849 11.1356
8.21422 12.9516
8.21996 9.89855
8.2257 10.6328
8.23143 10.1869
8.23717 5.36364
8.24291 5.45679
8.24864 6.21818
8.25438 7.26316
8.26011 5.78947
8.26585 2.33333
8.27159 0
8.27732 0
8.28306 0
8.2888 0
8.29453 0
8.30027 0
8.306 0
8.31174 0
8.31748 0
8.32321 0
8.32895 0
8.33468 0
8.34042 0
8.34616 0
8.35189 0
8.35763 0
8.36337 0
8.3691 0
8.37484 0
8.38057 0
8.38631 0
8.39205 0
8.39778 0
8.40352 0
8.40926 0
8.41499 0
8.42073 0
8.42646 0
8.4322 0
8.43794 0
8.44367 0
8.44941 0
8.45514 0
8.46088 0
8.46662 0
8.47235 0
8.47809 0
8.48383 0
8.48956 0
8.4953 0
8.50103 0
8.50677 0
8.51251 0
8.51824 0
8.52398 0
8.52972 0
8.53545 0
8.54119 0
8.54692 0
8.55266 0
8.5584 0
8.56413 0
8.56987 0
8.5756 0
8.58134 0
8.58708 0
8.59281 0
8.59855 0
8.60429 0
8.61002 0
8.61576 0
8.62149 0
8.62723 0
8.63297 0
8.6387 0
8.64444 0
8.65018 0
8.65591 0
8.66165 0
8.66738 0
8.67312 0
8.67886 0
8.68459 0
8.69033 0
8.69606 0
8.7018 0
8.70754 0
8.71327 0
8.71901 0
8.72475 0
8.73048 0
8.73622 0
8.74195 0
8.74769 0
8.75343 0
8.75916 0
8.7649 0
8.77064 0
8.77637 0
8.78211 0
8.78784 0
8.79358 0
8.79932 0
8.80505 0
8.81079 0
8.81652 0
8.82226 0
8.828 0
8.83373 0
8.83947 0
8.84521 0
8.85094 0
8.85668 0
8.86241 0
8.86815 0
8.87389 0
8.87962 0
8.88536 0
8.8911 0
8.89683 0
8.90257 0
8.9083 0
8.91404 0
8.91978 0
8.92551 0
8.93125 0
8.93698 0
8.94272 0
8.94846 0
8.95419 0
8.95993 0
8.96567 0
8.9714 0
8.97714 0
8.98287 0
8.98861 0
8.99435 0
9.00008 0
9.00582 0
9.01156 0
9.01729 0
9.02303 0
9.02876 0
9.0345 0
9.04024 0
9.04597 0
9.05171 0
9.05744 0
9.06318 0
9.06892 0
9.07465 0
9.08039 0
9.08613 0
9.09186 0
9.0976 0
9.10333 0
9.10907 0
9.11481 0
9.12054 0
9.12628 0
9.13202 0
9.13775 0
9.14349 0
9.14922 0
9.15496 0
9.1607 0
9.16643 0
9.17217 0
9.1779 0
9.18364 0
9.18938 0
9.19511 0
9.20085 0
9.20659 0
9.21232 0
9.21806 0
9.22379 0
9.22953 0
9.23527 0
9.241 0
9.24674 0
9.25248 0
9.25821 0
9.26395 0
9.26968 0
9.27542 0
9.28116 0
9.28689 0
9.29263 0
9.29836 0
9.3041 0
9.30984 0
9.31557 0
9.32131 0
9.32705 0
9.33278 0
9.33852 0
9.34425 0
9.34999 0
9.35573 0
9.36146 0
9.3672 0
9.37294 0
9.37867 0
9.38441 0
9.39014 0
9.39588 0
9.40162 0
9.40735 0
9.41309 0
9.41882 0
9.42456 0
9.4303 0
9.43603 0
9.44177 0
9.44751 0
9.45324 0
9.45898 0
9.46471 0
9.47045 0
9.47619 0
9.48192 0
9.48766 0
9.4934 0
9.49913 0
9.50487 0
9.5106 0
9.51634 0
9.52208 0
9.52781 0
9.53355 0
9.53928 0
9.54502 0
9.55076 0
9.55649 0
9.56223 0
9.56797 0
9.5737 0
9.57944 0
9.58517 0
9.59091 0
9.59665 0
9.60238 0
9.60812 0
9.61386 0
9.61959 0
9.62533 0
9.63106 0
9.6368 0
9.64254 0
9.64827 0
9.65401 0
9.65974 0
9.66548 0
9.67122 0
9.67695 0
9.68269 0
9.68843 0
9.69416 0
9.6999 0
9.70563 0
9.71137 0
9.71711 0
9.72284 0
9.72858 0
9.73432 0
9.74005 0
9.74579 0
9.75152 0
9.75726 0
9.763 0
9.76873 0
9.77447 0
9.7802 0
9.78594 0
9.79168 0
9.79741 0
9.80315 0
9.80889 0
9.81462 0
9.82036 0
9.82609 0
9.83183 0
9.83757 0
9.8433 0
9.84904 0
9.85478 0
9.86051 0
9.86625 0
9.87198 0
9.87772 0
9.88346 0
9.88919 0
9.89493 0
9.90066 0
9.9064 0
9.91214 0
9.91787 0
9.92361 0
9.92935 0
9.93508 0
9.94082 0
9.94655 0
9.95229 0
9.95803 0
9.96376 0
9.9695 0
9.97524 0
9.98097 0
9.98671 0
9.99244 0
9.99818 0
10.0039 0
10.0097 0
10.0154 0
10.0211 0
10.0269 0
10.0326 0
10.0383 0
10.0441 0
10.0498 0
10.0555 0
10.0613 0
10.067 0
10.0728 0
10.0785 0
10.0842 0
10.09 0
10.0957 0
10.1014 0
10.1072 0
10.1129 0
10.1186 0
10.1244 0
10.1301 0
10.1358 0
10.1416 0
10.1473 0
10.1531 0
10.1588 0
10.1645 0
10.1703 0
10.176 0
10.1817 0
10.1875 0
10.1932 0
10.1989 0
10.2047 0
10.2104 0
10.2162 0
10.2219 0
10.2276 0
10.2334 0
10.2391 0
10.2448 0
10.2506 0
10.2563 0
10.262 0
10.2678 0
10.2735 0
10.2793 0
10.285 0
10.2907 0
10.2965 0
10.3022 0
10.3079 0
10.3137 0
10.3194 0
10.3251 0
10.3309 0
10.3366 0
10.3424 0
10.3481 0
10.3538 0
10.3596 0
10.3653 0
10.371 0
10.3768 0
10.3825 0
10.3882 0
10.394 0
10.3997 0
10.4054 0
10.4112 0
10.4169 0
10.4227 0
10.4284 0
10.4341 0
10.4399 0
10.4456 0
10.4513 0
10.4571 0
10.4628 0
10.4685 0
10.4743 0
10.48 0
10.4858 0
10.4915 0
10.4972 0
10.503 0
10.5087 0
10.5144 0
10.5202 0
10.5259 0
10.5316 0
10.5374 0
10.5431 0
10.5489 0
10.5546 0
10.5603 0
10.5661 0
10.5718 0
10.5775 0
10.5833 0
10.589 0
10.5947 0
10.6005 0
10.6062 0
10.612 0
10.6177 0
10.6234 0
10.6292 0
10.6349 0
10.6406 0
10.6464 0
10.6521 0
10.6578 0
10.6636 0
10.6693 0
10.6751 0
10.6808 0
10.6865 0
10.6923 0
10.698 0
10.7037 0
10.7095 0
10.7152 0
10.7209 0
10.7267 0
10.7324 0
10.7381 0
10.7439 0
10.7496 0
10.7554 0
10.7611 0
10.7668 0
10.7726 0
10.7783 0
10.784 0
10.7898 0
10.7955 0
10.8012 0
10.807 0
10.8127 0
10.8185 0
10.8242 0
10.8299 0
10.8357 0
10.8414 0
10.8471 0
10.8529 0
10.8586 0
10.8643 0
10.8701 0
10.8758 0
10.8816 0
10.8873 0
10.893 0
10.8988 0
10.9045 0
10.9102 0
10.916 0
10.9217 0
10.9274 0
10.9332 0
10.9389 0
10.9447 0
10.9504 0
10.9561 0
10.9619 0
10.9676 0
10.9733 0
10.9791 0
10.9848 0
10.9905 0
10.9963 0
11.002 0
11.0077 0
11.0135 0
11.0192 0
11.025 0
11.0307 0
11.0364 0
11.0422 0
11.0479 0
11.0536 0
11.0594 0
11.0651 0
11.0708 0
11.0766 0
11.0823 0
11.0881 0
11.0938 0
11.0995 0
11.1053 0
11.111 0
11.1167 0
11.1225 0
11.1282 0
11.1339 0
11.1397 0
11.1454 0
11.1512 0
11.1569 0
11.1626 0
11.1684 0
11.1741 0
11.1798 0
11.1856 0
11.1913 0
11.197 0
11.2028 0
11.2085 0
11.2143 0
11.22 0
11.2257 0
11.2315 0
11.2372 0
11.2429 0
11.2487 0
11.2544 0
11.2601 0
11.2659 0
11.2716 0
11.2774 0
11.2831 0
11.2888 0
11.2946 0
11.3003 0
11.306 0
11.3118 0
11.3175 0
11.3232 0
11.329 0
11.3347 0
11.3404 0
11.3462 0
11.3519 0
11.3577 0
11.3634 0
11.3691 0
11.3749 0
11.3806 0
11.3863 0
11.3921 0
11.3978 0
11.4035 0
11.4093 0
11.415 0
11.4208 0
11.4265 0
11.4322 0
11.438 0
11.4437 0
11.4494 0
11.4552 0
11.4609 0
11.4666 0
11.4724 0
11.4781 0
11.4839 0
11.4896 0
11.4953 0
11.5011 0
11.5068 0
11.5125 0
11.5183 0
11.524 0
11.5297 0
11.5355 0
11.5412 0
11.547 0
11.5527 0
11.5584 0
11.5642 0
11.5699 0
11.5756 0
11.5814 0
11.5871 0
11.5928 0
11.5986 0
11.6043 0
11.61 0
11.6158 0
11.6215 0
11.6273 0
11.633 0
11.6387 0
11.6445 0
11.6502 0
11.6559 0
11.6617 0
11.6674 0
11.6731 0
11.6789 0
11.6846 0
11.6904 0
11.6961 0
11.7018 0
11.7076 0
11.7133 0
11.719 0
11.7248 0
11.7305 0
11.7362 0
11.742 0
