0 0
0.00573619 -28
0.0114724 5
0.0172086 0
0.0229448 -4
0.028681 10
0.0344171 0
0.0401533 15
0.0458895 21
0.0516257 6
0.0573619 0
0.0630981 -33
0.0688343 -29
0.0745705 0
0.0803067 20
0.0860429 -10
0.091779 0
0.0975152 -1
0.103251 10.6667
0.108988 13
0.114724 0
0.12046 5
0.126196 -2.33333
0.131932 0
0.137669 0.666667
0.143405 16.6667
0.149141 0
0.154877 -3.5
0.160613 -1.33333
0.16635 15.6667
0.172086 0
0.177822 -0.333333
0.183558 10
0.189294 0
0.19503 5.6
0.200767 -4.4
0.206503 -13.6667
0.212239 -0.5
0.217975 6
0.223711 3.6
0.229448 0
0.235184 1
0.24092 -5.4
0.246656 0
0.252392 -4
0.258129 7.6
0.263865 15
0.269601 0
0.275337 2.4
0.281073 1
0.28681 0
0.292546 -2.14286
0.298282 -3
0.304018 3
0.309754 4.5
0.31549 11.1429
0.321227 10.7143
0.326963 0
0.332699 1.71429
0.338435 -2.57143
0.344171 0
0.349908 16.8571
0.355644 10.1429
0.36138 5
0.367116 11
0.372852 -7.625
0.378589 7.14286
0.384325 -1
0.390061 1.33333
0.395797 5.44444
0.401533 0
0.40727 0.888889
0.413006 8.44444
0.418742 12.4286
0.424478 20
0.430214 9.88889
0.43595 17.2222
0.441687 0
0.447423 5.55556
0.453159 10.3333
0.458895 13.6667
0.464631 14.4286
0.470368 13.4545
0.476104 18.6667
0.48184 15
0.487576 16.4545
0.493312 9.09091
0.499049 0
0.504785 22.3636
0.510521 13.0909
0.516257 24.2
0.521993 17.5
0.52773 21.5455
0.533466 32.3333
0.539202 26.5
0.544938 34.7273
0.550674 30.2727
0.55641 0
0.562147 26.0833
0.567883 25.5385
0.573619 11.8571
0.579355 22.6667
0.585091 17.1538
0.590828 23.8182
0.596564 25
0.6023 22.0769
0.608036 16.1538
0.613772 29.2
0.619509 21.75
0.625245 22.6923
0.630981 9.44444
0.636717 21.75
0.642453 20.0769
0.64819 20.6923
0.653926 35
0.659662 24.1333
0.665398 20.6
0.671134 13.1429
0.67687 26.375
0.682607 24.1333
0.688343 31.9091
0.694079 29.75
0.699815 41.1333
0.705551 16.4667
0.711288 22
0.717024 24.2143
0.72276 27.8
0.728496 29.6667
0.734232 23.6667
0.739969 29.1875
0.745705 36.1538
0.751441 19.3333
0.757177 23.5294
0.762913 28.8824
0.76865 40.2
0.774386 33.0833
0.780122 29.3529
0.785858 29.3636
0.791594 27.8333
0.79733 32.3529
0.803067 24.8
0.808803 24.5
0.814539 20.3529
0.820275 29.4706
0.826011 31.2222
0.831748 30
0.837484 26.3889
0.84322 18.5385
0.848956 25.3333
0.854692 24.7895
0.860429 29
0.866165 28.2
0.871901 31.0625
0.877637 22.4737
0.883373 28.4545
0.88911 24.625
0.894846 36.2632
0.900582 26.6
0.906318 26.5
0.912054 35.5789
0.91779 25.8824
0.923527 25.7778
0.929263 27.7692
0.934999 31.5
0.940735 41.5385
0.946471 28.5
0.952208 28.4762
0.957944 23.4706
0.96368 26.25
0.969416 30.1905
0.975152 27.2105
0.980889 24.8182
0.986625 25.4167
0.992361 26.8571
0.998097 30.0667
1.00383 20.5
1.00957 29.4286
1.01531 26.7059
1.02104 29.9
1.02678 33.7647
1.03251 30.619
1.03825 34.3077
1.04399 33.9167
1.04972 31.5217
1.05546 31.1765
1.0612 35.5
1.06693 25.3043
1.07267 35.0526
1.0784 32.6923
1.08414 23.9286
1.08988 32.3043
1.09561 33.0667
1.10135 30.125
1.10708 27.3478
1.11282 27.0588
1.11856 32.8571
1.12429 32.9167
1.13003 31.6667
1.13577 36.8667
1.1415 29.0714
1.14724 29.8
1.15297 29.0667
1.15871 22.1
1.16445 29.36
1.17018 33
1.17592 30.4615
1.18166 31.3889
1.18739 29.4783
1.19313 31.8667
1.19886 29.8333
1.2046 24.6
1.21034 24
1.21607 30.5556
1.22181 29.2593
1.22754 32.0476
1.23328 32.2353
1.23902 37.4375
1.24475 30.88
1.25049 24.5294
1.25623 25.6667
1.26196 32.4444
1.2677 22.6316
1.27343 30.0769
1.27917 29.2727
1.28491 25.3478
1.29064 30.6471
1.29638 26.4
1.30212 32.037
1.30785 28
1.31359 21.9091
1.31932 31.1724
1.32506 31.0476
1.3308 25.7059
1.33653 33.55
1.34227 26.84
1.348 32.5789
1.35374 28.4286
1.35948 28.5185
1.36521 25
1.37095 26.6
1.37669 27.8276
1.38242 32.4783
1.38816 35.0588
1.39389 37.7368
1.39963 34.5556
1.40537 31.1
1.4111 34.2857
1.41684 28.2414
1.42258 31.3478
1.42831 37.6471
1.43405 34.2083
1.43978 27.16
1.44552 26.5714
1.45126 26.875
1.45699 29.5172
1.46273 31.0952
1.46846 33.4167
1.4742 27.6774
1.47994 25.5652
1.48567 29.2
1.49141 22.5714
1.49715 22.4444
1.50288 26.0455
1.50862 30.9375
1.51435 35.6897
1.52009 29.56
1.52583 26.8667
1.53156 24.7667
1.5373 25.64
1.54304 27.4286
1.54877 27.05
1.55451 32.1724
1.56024 26.6957
1.56598 40
1.57172 29.8387
1.57745 35.8077
1.58319 27.15
1.58892 31.76
1.59466 27.5926
1.6004 32
1.60613 29.5556
1.61187 31.6129
1.61761 34.88
1.62334 27.6429
1.62908 29.9394
1.63481 31.1852
1.64055 27.3043
1.64629 27.5
1.65202 23.3103
1.65776 32.4
1.6635 27.3125
1.66923 29.6452
1.67497 32.1786
1.6807 28.6
1.68644 30.6786
1.69218 32.9643
1.69791 32.4
1.70365 28.6818
1.70938 36.2903
1.71512 33
1.72086 19.9375
1.72659 34.1515
1.73233 33.069
1.73807 24.4348
1.7438 18.5769
1.74954 33.7931
1.75527 25.2963
1.76101 32.1579
1.76675 29.7273
1.77248 36.6429
1.77822 32.25
1.78396 28.9333
1.78969 24.5161
1.79543 30.3333
1.80116 34.75
1.8069 27.0968
1.81264 31.5517
1.81837 28.4444
1.82411 30.1714
1.82984 29.2759
1.83558 32.2
1.84132 35.2308
1.84705 39.7419
1.85279 32.1071
1.85853 35.4348
1.86426 32.4545
1.87 30.9667
1.87573 25.5882
1.88147 33.3143
1.88721 35.8485
1.89294 29.8148
1.89868 29.6538
1.90442 29.4242
1.91015 35.2903
1.91589 31.35
1.92162 44.7429
1.92736 38.0323
1.9331 48.36
1.93883 50.3571
1.94457 46.7879
1.9503 40.1667
1.95604 35
1.96178 40.6176
1.96751 34.1875
1.97325 33
1.97899 32.7027
1.98472 27.5152
1.99046 32.2759
1.99619 31.9231
2.00193 33.0286
2.00767 27.1935
2.0134 38
2.01914 37.2
2.02488 35.5455
2.03061 28.68
2.03635 35.8438
2.04208 30.9412
2.04782 37.75
2.05356 30.2917
2.05929 31.6667
2.06503 34.6765
2.07076 33
2.0765 39.2703
2.08224 33.1429
2.08797 37.0345
2.09371 32.2857
2.09945 33.3243
2.10518 32.9091
2.11092 35.375
2.11665 32.4595
2.12239 32.3429
2.12813 34.6957
2.13386 32.027
2.1396 32.8611
2.14534 38
2.15107 38.8846
2.15681 28.3158
2.16254 36.3056
2.16828 28.5
2.17402 40.4615
2.17975 35.1622
2.18549 30.129
2.19122 37.9333
2.19696 34.7568
2.2027 41.4857
2.20843 49.7083
2.21417 75.2051
2.21991 87.973
2.22564 36.5909
2.23138 46.1
2.23711 37.6316
2.24285 37.3235
2.24859 33.6071
2.25432 40.0526
2.26006 37.359
2.2658 29.6364
2.27153 41.0732
2.27727 35.2308
2.283 33.3548
2.28874 39.5
2.29448 35.8974
2.30021 34.2162
2.30595 34.8462
2.31168 38.9744
2.31742 32.625
2.32316 42.1364
2.32889 47.3571
2.33463 45.175
2.34037 45.4722
2.3461 45.4643
2.35184 48.9762
2.35757 48.4865
2.36331 52.8846
2.36905 51.2927
2.37478 45.9268
2.38052 47.4839
2.38626 45.5
2.39199 49.1628
2.39773 43.0811
2.40346 40.0769
2.4092 44.5909
2.41494 39.55
2.42067 42.8182
2.42641 36.8636
2.43214 38.7857
2.43788 41.7143
2.44362 39.0645
2.44935 39.7778
2.45509 36.9744
2.46083 41.1538
2.46656 40.6222
2.4723 40.122
2.47803 33.1724
2.48377 38.85
2.48951 40.8837
2.49524 42.8974
2.50098 33.5769
2.50672 40.4565
2.51245 44.6905
2.51819 39.6667
2.52392 41.087
2.52966 38.7727
2.5354 34.7273
2.54113 39.0286
2.54687 38.5556
2.5526 37.9024
2.55834 36.4615
2.56408 41.8723
2.56981 40.9302
2.57555 39.3103
2.58129 39.3095
2.58702 46.0444
2.59276 40.7568
2.59849 36.5758
2.60423 38.3261
2.60997 37.6591
2.6157 37.75
2.62144 40.75
2.62718 44.3913
2.63291 41.4286
2.63865 39.3333
2.64438 44.1277
2.65012 41.5122
2.65586 36.7333
2.66159 40.0426
2.66733 44.5333
2.67306 38.96
2.6788 43.375
2.68454 39.2708
2.69027 44.9744
2.69601 42.2121
2.70175 46.9375
2.70748 43.1556
2.71322 40.7037
2.71895 48.7083
2.72469 43.8542
2.73043 46.2286
2.73616 39.6842
2.7419 38.9796
2.74764 44.8605
2.75337 42.4
2.75911 41.6327
2.76484 41.3265
2.77058 41.5417
2.77632 38.5306
2.78205 41.76
2.78779 37.1795
2.79352 40
2.79926 45.0577
2.805 44.6889
2.81073 42.4815
2.81647 42.4615
2.82221 36.9592
2.82794 43.1892
2.83368 39.1842
2.83941 41.3962
2.84515 37.439
2.85089 37.9688
2.85662 41.9434
2.86236 43.6327
2.8681 41.375
2.87383 47.3333
2.87957 41.58
2.8853 41.2195
2.89104 41.6757
2.89678 45.6154
2.90251 47.1333
2.90825 42.5862
2.91398 46.5926
2.91972 49.7451
2.92546 44.3243
2.93119 43.5238
2.93693 47.2453
2.94267 43.0444
2.9484 47.875
2.95414 50.4906
2.95987 43.7347
2.96561 43.037
2.97135 44.3214
2.97708 48.463
2.98282 44.4359
2.98856 42.1026
2.99429 45.7778
3.00003 46.0638
3.00576 47.2258
3.0115 49.5091
3.01724 53.4717
3.02297 47.8378
3.02871 49.7045
3.03444 50.5455
3.04018 48.3556
3.04592 49.2353
3.05165 50.4182
3.05739 50
3.06313 50.6207
3.06886 47.5714
3.0746 47.0364
3.08033 55.0455
3.08607 54
3.09181 60.4107
3.09754 63.3061
3.10328 66.0645
3.10902 70.0678
3.11475 70.3585
3.12049 65.8718
3.12622 58.0435
3.13196 58.3636
3.1377 60.1489
3.14343 59.1944
3.14917 53.3966
3.1549 56.9608
3.16064 58.4138
3.16638 61.35
3.17211 57.5273
3.17785 57.4773
3.18359 54.122
3.18932 58.4655
3.19506 56.2857
3.20079 61.0294
3.20653 55.5424
3.21227 57.7358
3.218 53.6829
3.22374 58.0833
3.22948 63.7458
3.23521 63.5778
3.24095 62.3846
3.24668 65.5167
3.25242 60.5472
3.25816 64.0588
3.26389 66.9298
3.26963 67.9825
3.27536 55.2391
3.2811 59.7317
3.28684 64.45
3.29257 64.7143
3.29831 68.75
3.30405 72.3492
3.30978 79.3091
3.31552 79.5116
3.32125 80.375
3.32699 89.8596
3.33273 88.1765
3.33846 90.8462
3.3442 86.7742
3.34994 89.7059
3.35567 87.7895
3.36141 86.6102
3.36714 83.2982
3.37288 78.7083
3.37862 69.3256
3.38435 77.4262
3.39009 76.7924
3.39582 80.3056
3.40156 84.2064
3.4073 79.4909
3.41303 79.8936
3.41877 83.1875
3.42451 83.6393
3.43024 83.78
3.43598 77.3415
3.44171 79.5873
3.44745 81.7679
3.45319 81.7619
3.45892 77.9091
3.46466 82.8814
3.4704 78.92
3.47613 80.7442
3.48187 86.3016
3.4876 85.7736
3.49334 87.8158
3.49908 91.5522
3.50481 85.7544
3.51055 92.8723
3.51628 91.0784
3.52202 93.7213
3.52776 109.889
3.53349 113.585
3.53923 136.815
3.54497 171.741
3.5507 181.542
3.55644 176.764
3.56217 146.407
3.56791 124.673
3.57365 113.761
3.57938 109
3.58512 106.873
3.59086 104.632
3.59659 105.507
3.60233 108
3.60806 112.549
3.6138 115.143
3.61954 114.905
3.62527 121.214
3.63101 128.268
3.63674 140.881
3.64248 162.621
3.64822 181.396
3.65395 189.684
3.65969 192.836
3.66543 177.685
3.67116 174.478
3.6769 168.968
3.68263 171.328
3.68837 165.263
3.69411 162.667
3.69984 163.373
3.70558 163.926
3.71132 163.373
3.71705 171.308
3.72279 176.179
3.72852 169.465
3.73426 181.612
3.74 186.887
3.74573 186.88
3.75147 193.709
3.7572 203.492
3.76294 214.559
3.76868 207.341
3.77441 223.821
3.78015 233.068
3.78589 232.83
3.79162 251.578
3.79736 272.719
3.80309 292.625
3.80883 306.922
3.81457 333.923
3.8203 374.633
3.82604 402.163
3.83178 459.986
3.83751 579.887
3.84325 760.679
3.84898 1047.79
3.85472 1847.57
3.86046 1473.67
3.86619 1386.41
3.87193 1715.77
3.87766 2292.85
3.8834 2886.18
3.88914 3575.78
3.89487 4391.42
3.90061 4167.5
3.90635 3510.27
3.91208 2652.45
3.91782 1870.59
3.92355 1404.51
3.92929 1129.96
3.93503 882.375
3.94076 720.19
3.9465 603.87
3.95224 531.522
3.95797 478.222
3.96371 423.87
3.96944 398.127
3.97518 366.921
3.98092 339.964
3.98665 315.362
3.99239 307.926
3.99812 294.323
4.00386 272.408
4.0096 263.145
4.01533 259.891
4.02107 243.04
4.02681 241.788
4.03254 246.212
4.03828 235.667
4.04401 234.538
4.04975 224.676
4.05549 218.415
4.06122 207.217
4.06696 200.087
4.0727 201.3
4.07843 192.267
4.08417 192.232
4.0899 192.426
4.09564 191.828
4.10138 186.64
4.10711 180.361
4.11285 185.606
4.11858 177.982
4.12432 184.484
4.13006 174.309
4.13579 179.667
4.14153 177.365
4.14727 178.068
4.153 175.269
4.15874 167.114
4.16447 169.589
4.17021 169.694
4.17595 169.565
4.18168 167.446
4.18742 165.7
4.19316 171.212
4.19889 161.92
4.20463 170.892
4.21036 174.985
4.2161 167.083
4.22184 169.741
4.22757 163.806
4.23331 164.567
4.23904 163.3
4.24478 169.04
4.25052 166.696
4.25625 165.036
4.26199 169.031
4.26773 171.444
4.27346 172.727
4.2792 164.464
4.28493 170.25
4.29067 174.214
4.29641 174
4.30214 172.566
4.30788 182.429
4.31362 179.359
4.31935 181.089
4.32509 179.811
4.33082 187.71
4.33656 187.54
4.3423 191.173
4.34803 194.162
4.35377 201.016
4.3595 200.283
4.36524 206.689
4.37098 213.971
4.37671 216.185
4.38245 223.73
4.38819 238.319
4.39392 247.439
4.39966 257.754
4.40539 269.875
4.41113 294.324
4.41687 304.704
4.4226 361.403
4.42834 537.068
4.43408 801.917
4.43981 1741.64
4.44555 5264.08
4.45128 2207.11
4.45702 4760.44
4.46276 1319.89
4.46849 757.542
4.47423 733.518
4.47996 715.145
4.4857 785.108
4.49144 806.785
4.49717 856.841
4.50291 879.526
4.50865 863.171
4.51438 786.5
4.52012 690.203
4.52585 582.027
4.53159 485.509
4.53733 422.211
4.54306 365.025
4.5488 324.358
4.55454 293.333
4.56027 267.538
4.56601 243.162
4.57174 225.788
4.57748 214.936
4.58322 203.295
4.58895 192.358
4.59469 181.066
4.60042 172.897
4.60616 163.547
4.6119 162.74
4.61763 160.59
4.62337 157.5
4.62911 155.619
4.63484 151.754
4.64058 144.854
4.64631 140.958
4.65205 136.732
4.65779 127.287
4.66352 127.321
4.66926 127.393
4.675 126.606
4.68073 121.564
4.68647 121.137
4.6922 127.895
4.69794 121.738
4.70368 126.117
4.70941 126.26
4.71515 124.6
4.72088 126.088
4.72662 131.087
4.73236 124.587
4.73809 126.183
4.74383 127.5
4.74957 126.712
4.7553 126.405
4.76104 123.037
4.76677 114.761
4.77251 110.554
4.77825 110.232
4.78398 109.787
4.78972 104.782
4.79546 108.8
4.80119 101.62
4.80693 99.3538
4.81266 96.5916
4.8184 90.8929
4.82414 97.2603
4.82987 92.4426
4.83561 95.119
4.84134 96.6
4.84708 94.4151
4.85282 95.6235
4.85855 93.0732
4.86429 94.2535
4.87003 92.7213
4.87576 90.2674
4.8815 90.2308
4.88723 90.0185
4.89297 94.7529
4.89871 87.1429
4.90444 90.7465
4.91018 87.7761
4.91592 86.119
4.92165 86.481
4.92739 84.1228
4.93312 87.0233
4.93886 89.6548
4.9446 83.9104
4.95033 87.1972
4.95607 87.2326
4.9618 85.7662
4.96754 81.2712
4.97328 84.8372
4.97901 86.4578
4.98475 81.6721
4.99049 85.9615
4.99622 83.3409
5.00196 87.6712
5.00769 84.2064
5.01343 87.0795
5.01917 84.012
5.0249 84.5849
5.03064 83.6444
5.03638 84.0465
5.04211 78.16
5.04785 83.4615
5.05358 84.407
5.05932 77.3086
5.06506 77.4386
5.07079 81.7045
5.07653 80.6092
5.08226 78.8873
5.088 83.7606
5.09374 80.0556
5.09947 83.4156
5.10521 79.746
5.11095 78.9222
5.11668 80.6
5.12242 81
5.12815 79.8961
5.13389 77.4222
5.13963 81.7922
5.14536 80.8852
5.1511 85.4565
5.15684 79.7108
5.16257 80.7258
5.16831 85.7262
5.17404 81.6629
5.17978 85.5513
5.18552 82.0896
5.19125 80.6
5.19699 83.3494
5.20272 82.322
5.20846 79.7065
5.2142 75.6067
5.21993 76.2368
5.22567 78.4493
5.23141 79.8696
5.23714 80.3704
5.24288 75.9016
5.24861 80.7935
5.25435 78.8202
5.26009 80.6857
5.26582 77.9211
5.27156 81.044
5.2773 83.1625
5.28303 81.0769
5.28877 79.7872
5.2945 82.6552
5.30024 84.9861
5.30598 82.3544
5.31171 83.1348
5.31745 84.3659
5.32318 86.9692
5.32892 87.0957
5.33466 83.7471
5.34039 80.4697
5.34613 82.8
5.35187 77.2857
5.3576 82.2099
5.36334 83.8806
5.36907 82.1458
5.37481 82.9647
5.38055 85.6721
5.38628 91.25
5.39202 105.275
5.39776 107.588
5.40349 108.521
5.40923 95.6354
5.41496 88.4568
5.4207 84.0794
5.42644 84.602
5.43217 84.5281
5.43791 86.5769
5.44364 86.0548
5.44938 91.9691
5.45512 90.5244
5.46085 83.806
5.46659 83.8265
5.47233 81.5056
5.47806 80.9868
5.4838 80.7407
5.48953 82.1398
5.49527 81.2024
5.50101 75.0448
5.50674 81.2959
5.51248 81.4494
5.51822 80.1351
5.52395 84.1928
5.52969 81.9462
5.53542 85.3333
5.54116 81.9706
5.5469 80.4141
5.55263 81.3333
5.55837 73.7639
5.5641 79.7978
5.56984 78.7527
5.57558 84.7143
5.58131 79.0274
5.58705 82.3535
5.59279 81.7727
5.59852 82.1587
5.60426 82.24
5.60999 79.5376
5.61573 83.8537
5.62147 84.3067
5.6272 79.8866
5.63294 82.8605
5.63868 83.0597
5.64441 86.0392
5.65015 84.914
5.65588 85.6905
5.66162 81.3766
5.66736 82.3636
5.67309 85.593
5.67883 83.913
5.68456 87.5941
5.6903 87.3667
5.69604 87.4634
5.70177 89
5.70751 86.9895
5.71325 91.8636
5.71898 91.5211
5.72472 86.9495
5.73045 90.4839
5.73619 93.9875
5.74193 91.2584
5.74766 91.0105
5.7534 91.3864
5.75914 93.1831
5.76487 95.2376
5.77061 96.5213
5.77634 95.6667
5.78208 93.7528
5.78782 95.0515
5.79355 96.2558
5.79929 96.2667
5.80502 96.6436
5.81076 97.1304
5.8165 97.6216
5.82223 93.8646
5.82797 95.051
5.83371 94.9302
5.83944 93.2911
5.84518 98.0808
5.85091 94.5312
5.85665 95.5077
5.86239 90.8571
5.86812 93.0918
5.87386 94.814
5.8796 98.7215
5.88533 96.901
5.89107 95.8043
5.8968 92.0725
5.90254 100.124
5.90828 99.5306
5.91401 95.7209
5.91975 98.4458
5.92548 97.6465
5.93122 100.521
5.93696 101.438
5.94269 102.657
5.94843 100.802
5.95417 105.011
5.9599 101.518
5.96564 104.687
5.97137 109.319
5.97711 104.219
5.98285 105.204
5.98858 111.684
5.99432 110.476
6.00006 106.865
6.00579 114.929
6.01153 120.383
6.01726 119.507
6.023 123.533
6.02874 115.219
6.03447 122.318
6.04021 115.478
6.04594 114.612
6.05168 114.76
6.05742 112.558
6.06315 114.438
6.06889 113.188
6.07463 117.81
6.08036 118.287
6.0861 120.429
6.09183 122.417
6.09757 120.885
6.10331 126.075
6.10904 125.51
6.11478 130.337
6.12052 125.479
6.12625 123.82
6.13199 127.202
6.13772 129.524
6.14346 132.294
6.1492 131.62
6.15493 136.887
6.16067 136.363
6.1664 138.184
6.17214 141.33
6.17788 147.167
6.18361 146.716
6.18935 151.879
6.19509 156.973
6.20082 157.734
6.20656 162.755
6.21229 175.438
6.21803 180.159
6.22377 188.179
6.2295 197.26
6.23524 203.547
6.24098 198.018
6.24671 202.627
6.25245 218.564
6.25818 231.198
6.26392 230.931
6.26966 308.902
6.27539 618.827
6.28113 361.275
6.28686 2124.15
6.2926 7784.8
6.29834 1765.59
6.30407 4098.82
6.30981 2865.87
6.31555 1676.78
6.32128 637.843
6.32702 472.846
6.33275 431.521
6.33849 412.386
6.34423 421.279
6.34996 461.716
6.3557 504.372
6.36144 554.815
6.36717 651.067
6.37291 737.263
6.37864 748.878
6.38438 712.094
6.39012 641.588
6.39585 559.85
6.40159 482.741
6.40732 410.398
6.41306 350.191
6.4188 311.467
6.42453 276.189
6.43027 262.353
6.43601 243.085
6.44174 229.415
6.44748 228.676
6.45321 215.064
6.45895 218.38
6.46469 210.476
6.47042 202.437
6.47616 194.869
6.4819 186.1
6.48763 177.694
6.49337 171.398
6.4991 167.137
6.50484 164
6.51058 165.549
6.51631 158.702
6.52205 158.155
6.52778 161.481
6.53352 161.359
6.53926 158.5
6.54499 152.324
6.55073 157.402
6.55647 150.119
6.5622 152.708
6.56794 158.463
6.57367 161.903
6.57941 157.316
6.58515 156.652
6.59088 152.019
6.59662 147.869
6.60236 145.816
6.60809 143.896
6.61383 144.57
6.61956 144.485
6.6253 139.67
6.63104 142.686
6.63677 140.837
6.64251 139.316
6.64824 144.131
6.65398 142.615
6.65972 143.088
6.66545 140.92
6.67119 145.212
6.67693 146.279
6.68266 147.379
6.6884 147.565
6.69413 148.088
6.69987 146.01
6.70561 139.964
6.71134 142.221
6.71708 141.739
6.72282 141.789
6.72855 136.63
6.73429 144.91
6.74002 136.557
6.74576 135.226
6.7515 142.495
6.75723 140.36
6.76297 139.966
6.7687 137.152
6.77444 135.36
6.78018 133.467
6.78591 137.181
6.79165 139.822
6.79739 136.471
6.80312 137.93
6.80886 139.491
6.81459 138.989
6.82033 138.914
6.82607 137.595
6.8318 134.105
6.83754 136.557
6.84328 137.915
6.84901 140.848
6.85475 140.044
6.86048 138.752
6.86622 138.871
6.87196 143.14
6.87769 139.46
6.88343 140.568
6.88916 137.36
6.8949 139.782
6.90064 144.425
6.90637 140.342
6.91211 141.654
6.91785 139.931
6.92358 141.851
6.92932 138.451
6.93505 138.461
6.94079 141.389
6.94653 139.207
6.95226 140.299
6.958 144.176
6.96374 140.283
6.96947 139.079
6.97521 140.462
6.98094 138.946
6.98668 141.974
6.99242 141.514
6.99815 138.258
7.00389 144.467
7.00962 143.284
7.01536 143.674
7.0211 142.009
7.02683 146.025
7.03257 149.196
7.03831 144.452
7.04404 144.492
7.04978 146.365
7.05551 149.649
7.06125 143.284
7.06699 148.91
7.07272 152.248
7.07846 149.921
7.0842 153.074
7.08993 151.19
7.09567 149.516
7.1014 150.186
7.10714 156.076
7.11288 155.789
7.11861 157.446
7.12435 158.694
7.13008 158.316
7.13582 160.208
7.14156 153.766
7.14729 161.417
7.15303 158.936
7.15877 161.72
7.1645 160.323
7.17024 165.513
7.17597 162.316
7.18171 160.561
7.18745 163.828
7.19318 166.315
7.19892 164.663
7.20466 168.378
7.21039 171.957
7.21613 176.556
7.22186 174.725
7.2276 179.056
7.23334 178.739
7.23907 179.659
7.24481 177.167
7.25054 180.21
7.25628 185.07
7.26202 180.766
7.26775 183.566
7.27349 185.234
7.27923 187.462
7.28496 190.299
7.2907 193.143
7.29643 201.718
7.30217 197.435
7.30791 200.242
7.31364 215.47
7.31938 211.933
7.32512 219.992
7.33085 223.017
7.33659 238.788
7.34232 225.038
7.34806 238.615
7.3538 265.712
7.35953 254.785
7.36527 280.492
7.371 390.264
7.37674 1051.7
7.38248 632.527
7.38821 3555.6
7.39395 3602.57
7.39969 6275.96
7.40542 1688.64
7.41116 1543.51
7.41689 849.566
7.42263 539.421
7.42837 467.873
7.4341 479.95
7.43984 463.483
7.44558 471.649
7.45131 510.099
7.45705 568.145
7.46278 605.291
7.46852 686.508
7.47426 782.983
7.47999 825.289
7.48573 825.42
7.49146 757.16
7.4972 668.364
7.50294 573.196
7.50867 489.539
7.51441 420.832
7.52015 381.484
7.52588 335.985
7.53162 307.832
7.53735 278.857
7.54309 265.417
7.54883 245.417
7.55456 234.689
7.5603 225.322
7.56604 217.993
7.57177 211.256
7.57751 203.809
7.58324 202.853
7.58898 190.962
7.59472 187.336
7.60045 185.86
7.60619 178.846
7.61192 180.612
7.61766 179.397
7.6234 176.297
7.62913 174.189
7.63487 173.711
7.64061 170.706
7.64634 172.374
7.65208 171.628
7.65781 173.244
7.66355 167.837
7.66929 171.246
7.67502 173.919
7.68076 175.104
7.6865 173.857
7.69223 178.412
7.69797 186.542
7.7037 185.921
7.70944 216.493
7.71518 375.106
7.72091 689.464
7.72665 1151.68
7.73238 2298.61
7.73812 542.279
7.74386 287.02
7.74959 261.949
7.75533 230.968
7.76107 223.874
7.7668 227.974
7.77254 240.084
7.77827 256.77
7.78401 278.828
7.78975 294.259
7.79548 333.641
7.80122 374.319
7.80696 396.892
7.81269 425.466
7.81843 416.685
7.82416 389.8
7.8299 349.229
7.83564 294.781
7.84137 254.145
7.84711 232.018
7.85284 206.145
7.85858 190.291
7.86432 179.979
7.87005 169.259
7.87579 163.461
7.88153 159.861
7.88726 152.206
7.893 148.17
7.89873 146.758
7.90447 139.98
7.91021 139.684
7.91594 136.008
7.92168 133.2
7.92742 133.104
7.93315 131.489
7.93889 131.134
7.94462 129.513
7.95036 130.231
7.9561 128.788
7.96183 130.69
7.96757 126.295
7.9733 125.978
7.97904 122.838
7.98478 125.92
7.99051 126.024
7.99625 120.767
8.00199 120.798
8.00772 118.812
8.01346 119.101
8.01919 118.586
8.02493 119.277
8.03067 118.894
8.0364 114.956
8.04214 117.858
8.04788 116.447
8.05361 112.216
8.05935 110.779
8.06508 115.229
8.07082 113.65
8.07656 109.007
8.08229 114.125
8.08803 114.737
8.09376 108.629
8.0995 101.591
8.10524 97.7886
8.11097 89.3982
8.11671 84.6159
8.12245 78.1473
8.12818 74.2703
8.13392 66.2576
8.13965 61.1241
8.14539 59.2258
8.15113 55.1261
8.15686 28.7518
8.1626 30.7284
8.16834 27.1356
8.17407 22.7105
8.17981 2.57895
8.18554 0
8.19128 0
8.19702 0
8.20275 0
8.20849 0
8.21422 0
8.21996 0
8.2257 0
8.23143 0
8.23717 0
8.24291 0
8.24864 0
8.25438 0
8.26011 0
8.26585 0
8.27159 0
8.27732 0
8.28306 0
8.2888 0
8.29453 0
8.30027 0
8.306 0
8.31174 0
8.31748 0
8.32321 0
8.32895 0
8.33468 0
8.34042 0
8.34616 0
8.35189 0
8.35763 0
8.36337 0
8.3691 0
8.37484 0
8.38057 0
8.38631 0
8.39205 0
8.39778 0
8.40352 0
8.40926 0
8.41499 0
8.42073 0
8.42646 0
8.4322 0
8.43794 0
8.44367 0
8.44941 0
8.45514 0
8.46088 0
8.46662 0
8.47235 0
8.47809 0
8.48383 0
8.48956 0
8.4953 0
8.50103 0
8.50677 0
8.51251 0
8.51824 0
8.52398 0
8.52972 0
8.53545 0
8.54119 0
8.54692 0
8.55266 0
8.5584 0
8.56413 0
8.56987 0
8.5756 0
8.58134 0
8.58708 0
8.59281 0
8.59855 0
8.60429 0
8.61002 0
8.61576 0
8.62149 0
8.62723 0
8.63297 0
8.6387 0
8.64444 0
8.65018 0
8.65591 0
8.66165 0
8.66738 0
8.67312 0
8.67886 0
8.68459 0
8.69033 0
8.69606 0
8.7018 0
8.70754 0
8.71327 0
8.71901 0
8.72475 0
8.73048 0
8.73622 0
8.74195 0
8.74769 0
8.75343 0
8.75916 0
8.7649 0
8.77064 0
8.77637 0
8.78211 0
8.78784 0
8.79358 0
8.79932 0
8.80505 0
8.81079 0
8.81652 0
8.82226 0
8.828 0
8.83373 0
8.83947 0
8.84521 0
8.85094 0
8.85668 0
8.86241 0
8.86815 0
8.87389 0
8.87962 0
8.88536 0
8.8911 0
8.89683 0
8.90257 0
8.9083 0
8.91404 0
8.91978 0
8.92551 0
8.93125 0
8.93698 0
8.94272 0
8.94846 0
8.95419 0
8.95993 0
8.96567 0
8.9714 0
8.97714 0
8.98287 0
8.98861 0
8.99435 0
9.00008 0
9.00582 0
9.01156 0
9.01729 0
9.02303 0
9.02876 0
9.0345 0
9.04024 0
9.04597 0
9.05171 0
9.05744 0
9.06318 0
9.06892 0
9.07465 0
9.08039 0
9.08613 0
9.09186 0
9.0976 0
9.10333 0
9.10907 0
9.11481 0
9.12054 0
9.12628 0
9.13202 0
9.13775 0
9.14349 0
9.14922 0
9.15496 0
9.1607 0
9.16643 0
9.17217 0
9.1779 0
9.18364 0
9.18938 0
9.19511 0
9.20085 0
9.20659 0
9.21232 0
9.21806 0
9.22379 0
9.22953 0
9.23527 0
9.241 0
9.24674 0
9.25248 0
9.25821 0
9.26395 0
9.26968 0
9.27542 0
9.28116 0
9.28689 0
9.29263 0
9.29836 0
9.3041 0
9.30984 0
9.31557 0
9.32131 0
9.32705 0
9.33278 0
9.33852 0
9.34425 0
9.34999 0
9.35573 0
9.36146 0
9.3672 0
9.37294 0
9.37867 0
9.38441 0
9.39014 0
9.39588 0
9.40162 0
9.40735 0
9.41309 0
9.41882 0
9.42456 0
9.4303 0
9.43603 0
9.44177 0
9.44751 0
9.45324 0
9.45898 0
9.46471 0
9.47045 0
9.47619 0
9.48192 0
9.48766 0
9.4934 0
9.49913 0
9.50487 0
9.5106 0
9.51634 0
9.52208 0
9.52781 0
9.53355 0
9.53928 0
9.54502 0
9.55076 0
9.55649 0
9.56223 0
9.56797 0
9.5737 0
9.57944 0
9.58517 0
9.59091 0
9.59665 0
9.60238 0
9.60812 0
9.61386 0
9.61959 0
9.62533 0
9.63106 0
9.6368 0
9.64254 0
9.64827 0
9.65401 0
9.65974 0
9.66548 0
9.67122 0
9.67695 0
9.68269 0
9.68843 0
9.69416 0
9.6999 0
9.70563 0
9.71137 0
9.71711 0
9.72284 0
9.72858 0
9.73432 0
9.74005 0
9.74579 0
9.75152 0
9.75726 0
9.763 0
9.76873 0
9.77447 0
9.7802 0
9.78594 0
9.79168 0
9.79741 0
9.80315 0
9.80889 0
9.81462 0
9.82036 0
9.82609 0
9.83183 0
9.83757 0
9.8433 0
9.84904 0
9.85478 0
9.86051 0
9.86625 0
9.87198 0
9.87772 0
9.88346 0
9.88919 0
9.89493 0
9.90066 0
9.9064 0
9.91214 0
9.91787 0
9.92361 0
9.92935 0
9.93508 0
9.94082 0
9.94655 0
9.95229 0
9.95803 0
9.96376 0
9.9695 0
9.97524 0
9.98097 0
9.98671 0
9.99244 0
9.99818 0
10.0039 0
10.0097 0
10.0154 0
10.0211 0
10.0269 0
10.0326 0
10.0383 0
10.0441 0
10.0498 0
10.0555 0
10.0613 0
10.067 0
10.0728 0
10.0785 0
10.0842 0
10.09 0
10.0957 0
10.1014 0
10.1072 0
10.1129 0
10.1186 0
10.1244 0
10.1301 0
10.1358 0
10.1416 0
10.1473 0
10.1531 0
10.1588 0
10.1645 0
10.1703 0
10.176 0
10.1817 0
10.1875 0
10.1932 0
10.1989 0
10.2047 0
10.2104 0
10.2162 0
10.2219 0
10.2276 0
10.2334 0
10.2391 0
10.2448 0
10.2506 0
10.2563 0
10.262 0
10.2678 0
10.2735 0
10.2793 0
10.285 0
10.2907 0
10.2965 0
10.3022 0
10.3079 0
10.3137 0
10.3194 0
10.3251 0
10.3309 0
10.3366 0
10.3424 0
10.3481 0
10.3538 0
10.3596 0
10.3653 0
10.371 0
10.3768 0
10.3825 0
10.3882 0
10.394 0
10.3997 0
10.4054 0
10.4112 0
10.4169 0
10.4227 0
10.4284 0
10.4341 0
10.4399 0
10.4456 0
10.4513 0
10.4571 0
10.4628 0
10.4685 0
10.4743 0
10.48 0
10.4858 0
10.4915 0
10.4972 0
10.503 0
10.5087 0
10.5144 0
10.5202 0
10.5259 0
10.5316 0
10.5374 0
10.5431 0
10.5489 0
10.5546 0
10.5603 0
10.5661 0
10.5718 0
10.5775 0
10.5833 0
10.589 0
10.5947 0
10.6005 0
10.6062 0
10.612 0
10.6177 0
10.6234 0
10.6292 0
10.6349 0
10.6406 0
10.6464 0
10.6521 0
10.6578 0
10.6636 0
10.6693 0
10.6751 0
10.6808 0
10.6865 0
10.6923 0
10.698 0
10.7037 0
10.7095 0
10.7152 0
10.7209 0
10.7267 0
10.7324 0
10.7381 0
10.7439 0
10.7496 0
10.7554 0
10.7611 0
10.7668 0
10.7726 0
10.7783 0
10.784 0
10.7898 0
10.7955 0
10.8012 0
10.807 0
10.8127 0
10.8185 0
10.8242 0
10.8299 0
10.8357 0
10.8414 0
10.8471 0
10.8529 0
10.8586 0
10.8643 0
10.8701 0
10.8758 0
10.8816 0
10.8873 0
10.893 0
10.8988 0
10.9045 0
10.9102 0
10.916 0
10.9217 0
10.9274 0
10.9332 0
10.9389 0
10.9447 0
10.9504 0
10.9561 0
10.9619 0
10.9676 0
10.9733 0
10.9791 0
10.9848 0
10.9905 0
10.9963 0
11.002 0
11.0077 0
11.0135 0
11.0192 0
11.025 0
11.0307 0
11.0364 0
11.0422 0
11.0479 0
11.0536 0
11.0594 0
11.0651 0
11.0708 0
11.0766 0
11.0823 0
11.0881 0
11.0938 0
11.0995 0
11.1053 0
11.111 0
11.1167 0
11.1225 0
11.1282 0
11.1339 0
11.1397 0
11.1454 0
11.1512 0
11.1569 0
11.1626 0
11.1684 0
11.1741 0
11.1798 0
11.1856 0
11.1913 0
11.197 0
11.2028 0
11.2085 0
11.2143 0
11.22 0
11.2257 0
11.2315 0
11.2372 0
11.2429 0
11.2487 0
11.2544 0
11.2601 0
11.2659 0
11.2716 0
11.2774 0
11.2831 0
11.2888 0
11.2946 0
11.3003 0
11.306 0
11.3118 0
11.3175 0
11.3232 0
11.329 0
11.3347 0
11.3404 0
11.3462 0
11.3519 0
11.3577 0
11.3634 0
11.3691 0
11.3749 0
11.3806 0
11.3863 0
11.3921 0
11.3978 0
11.4035 0
11.4093 0
11.415 0
11.4208 0
11.4265 0
11.4322 0
11.438 0
11.4437 0
11.4494 0
11.4552 0
11.4609 0
11.4666 0
11.4724 0
11.4781 0
11.4839 0
11.4896 0
11.4953 0
11.5011 0
11.5068 0
11.5125 0
11.5183 0
11.524 0
11.5297 0
11.5355 0
11.5412 0
11.547 0
11.5527 0
11.5584 0
11.5642 0
11.5699 0
11.5756 0
11.5814 0
11.5871 0
11.5928 0
11.5986 0
11.6043 0
11.61 0
11.6158 0
11.6215 0
11.6273 0
11.633 0
11.6387 0
11.6445 0
11.6502 0
11.6559 0
11.6617 0
11.6674 0
11.6731 0
11.6789 0
11.6846 0
11.6904 0
11.6961 0
11.7018 0
11.7076 0
11.7133 0
11.719 0
11.7248 0
11.7305 0
11.7362 0
11.742 0
