0 0
0.00573619 -7
0.0114724 -15
0.0172086 0
0.0229448 -18
0.028681 20
0.0344171 0
0.0401533 2
0.0458895 -1
0.0516257 22
0.0573619 0
0.0630981 -7
0.0688343 19
0.0745705 0
0.0803067 -19
0.0860429 -13
0.091779 0
0.0975152 28.6667
0.103251 2.33333
0.108988 2.66667
0.114724 0
0.12046 7
0.126196 3
0.131932 0
0.137669 5.33333
0.143405 -7
0.149141 23
0.154877 5.5
0.160613 0.666667
0.16635 1.33333
0.172086 0
0.177822 -3.33333
0.183558 -9
0.189294 0
0.19503 -6
0.200767 -1.6
0.206503 10.6667
0.212239 5.5
0.217975 8.6
0.223711 1.8
0.229448 0
0.235184 17.2
0.24092 -4
0.246656 0
0.252392 3.4
0.258129 -2.6
0.263865 -0.2
0.269601 0
0.275337 -8.6
0.281073 -9
0.28681 0
0.292546 -10.5714
0.298282 17.4286
0.304018 2.66667
0.309754 0.75
0.31549 -5.71429
0.321227 9.71429
0.326963 0
0.332699 9.85714
0.338435 -1.14286
0.344171 0
0.349908 8.71429
0.355644 -7.71429
0.36138 -5.2
0.367116 0
0.372852 13.5
0.378589 3.71429
0.384325 -4
0.390061 -0.111111
0.395797 4.55556
0.401533 0
0.40727 -0.222222
0.413006 8.66667
0.418742 8.57143
0.424478 -3.5
0.430214 10.2222
0.43595 16.8889
0.441687 0
0.447423 12.5556
0.453159 8.33333
0.458895 10.3333
0.464631 20.8571
0.470368 15.0909
0.476104 17.2222
0.48184 32
0.487576 12.3636
0.493312 19.6364
0.499049 0
0.504785 21.9091
0.510521 23.5455
0.516257 31.2
0.521993 18.8333
0.52773 23.6364
0.533466 21.2222
0.539202 23.5
0.544938 25.9091
0.550674 24.9091
0.55641 0
0.562147 24.5
0.567883 19.9231
0.573619 14.8571
0.579355 19.3333
0.585091 18.3077
0.590828 15.5455
0.596564 -2.5
0.6023 19.7692
0.608036 11.6154
0.613772 20.4
0.619509 9.75
0.625245 22.3077
0.630981 14
0.636717 20
0.642453 21.7692
0.64819 22.5385
0.653926 40
0.659662 30.6
0.665398 15.3333
0.671134 28.7143
0.67687 35.75
0.682607 21.9333
0.688343 29.0909
0.694079 27.5
0.699815 28.8667
0.705551 24.9333
0.711288 26
0.717024 14.8571
0.72276 29.1333
0.728496 24.5556
0.734232 25.3333
0.739969 20
0.745705 31.6923
0.751441 29.6667
0.757177 19.2941
0.762913 19.8235
0.76865 25.8
0.774386 28.75
0.780122 28.2941
0.785858 27.2727
0.791594 40.5
0.79733 27.3529
0.803067 28.8667
0.808803 10
0.814539 26.5294
0.820275 27.0588
0.826011 25
0.831748 19.375
0.837484 23.8333
0.84322 34.8462
0.848956 25
0.854692 26.0526
0.860429 21.5882
0.866165 23.4
0.871901 22.0625
0.877637 35.1579
0.883373 31.1818
0.88911 24.875
0.894846 24.5789
0.900582 22.4
0.906318 38.5
0.912054 28.4737
0.91779 31.3529
0.923527 23.7778
0.929263 30.4615
0.934999 27.15
0.940735 30.5385
0.946471 15
0.952208 26.4762
0.957944 30.4118
0.96368 32.5
0.969416 28.7619
0.975152 25.4737
0.980889 29.6364
0.986625 24.8333
0.992361 19.8095
0.998097 25.4667
1.00383 33
1.00957 27.9048
1.01531 26.6471
1.02104 29.4
1.02678 30.1765
1.03251 30.7619
1.03825 28.8462
1.04399 35.4167
1.04972 25
1.05546 15.4706
1.0612 28.5
1.06693 25.5217
1.07267 28.8421
1.0784 26.4615
1.08414 31.5
1.08988 29.0435
1.09561 30.8
1.10135 23.875
1.10708 28.3478
1.11282 25.8235
1.11856 26
1.12429 28.2917
1.13003 21.381
1.13577 27.6
1.1415 30.5714
1.14724 24.16
1.15297 31.1333
1.15871 29.3
1.16445 27.32
1.17018 28.5263
1.17592 26.3846
1.18166 32
1.18739 32.8696
1.19313 27.9333
1.19886 28.3333
1.2046 22.04
1.21034 22.8889
1.21607 19.1111
1.22181 27.5926
1.22754 30.4762
1.23328 24.9412
1.23902 17.125
1.24475 24.68
1.25049 25.4118
1.25623 32.0833
1.26196 31.5185
1.2677 30.5789
1.27343 24.0769
1.27917 30.8182
1.28491 28.5652
1.29064 30.2941
1.29638 25.6
1.30212 22.1852
1.30785 28
1.31359 20.8182
1.31932 26.7241
1.32506 25.619
1.3308 23.6471
1.33653 27.9
1.34227 32.76
1.348 31.3684
1.35374 18.4286
1.35948 28.1111
1.36521 25.7619
1.37095 20
1.37669 35.2414
1.38242 33.1304
1.38816 25.5882
1.39389 31.5263
1.39963 25.4074
1.40537 25.3
1.4111 25.4286
1.41684 31.3448
1.42258 29.1739
1.42831 28.2941
1.43405 33.25
1.43978 31.16
1.44552 23.2381
1.45126 30.25
1.45699 31.2414
1.46273 33.0952
1.46846 29
1.4742 33.6129
1.47994 25.1739
1.48567 35.25
1.49141 27.7619
1.49715 20.5556
1.50288 30.3182
1.50862 33.125
1.51435 31.931
1.52009 30.24
1.52583 29.0667
1.53156 28.7
1.5373 30.8
1.54304 27.8571
1.54877 29.35
1.55451 20.6552
1.56024 30.4348
1.56598 23.5
1.57172 26.8387
1.57745 21.2692
1.58319 29.45
1.58892 32.8
1.59466 30.8519
1.6004 30.32
1.60613 33.5
1.61187 34.9032
1.61761 35.08
1.62334 25.2857
1.62908 26.9697
1.63481 26.5926
1.64055 34.1739
1.64629 25.0455
1.65202 25.2069
1.65776 22.44
1.6635 21
1.66923 30.8387
1.67497 26.0714
1.6807 29.4
1.68644 28
1.69218 27.7143
1.69791 24.32
1.70365 25.4545
1.70938 27.0645
1.71512 23.8889
1.72086 29
1.72659 30.7576
1.73233 31.8966
1.73807 27.4348
1.7438 30.5769
1.74954 22.7586
1.75527 32.4444
1.76101 26.3158
1.76675 25.5758
1.77248 29.75
1.77822 23.2
1.78396 25.7333
1.78969 26.3871
1.79543 30.037
1.80116 28.625
1.8069 27.9032
1.81264 31.7586
1.81837 28.8333
1.82411 31.7143
1.82984 26.6897
1.83558 28.92
1.84132 26.6538
1.84705 30.9355
1.85279 27.7857
1.85853 26.4783
1.86426 28.4848
1.87 29.0333
1.87573 22.3529
1.88147 41.1429
1.88721 29.6364
1.89294 31.2963
1.89868 30.6923
1.90442 31.2121
1.91015 29.9032
1.91589 30.8
1.92162 35.4286
1.92736 33.6452
1.9331 39.88
1.93883 44.75
1.94457 53.5152
1.9503 41.5333
1.95604 35.625
1.96178 34.4706
1.96751 31.6875
1.97325 34.95
1.97899 32.1892
1.98472 33.2424
1.99046 32.0345
1.99619 30.6154
2.00193 27.4
2.00767 27.0323
2.0134 33.0417
2.01914 30.9143
2.02488 29.5758
2.03061 26.84
2.03635 33.4062
2.04208 28.5
2.04782 33.5312
2.05356 26.2917
2.05929 25.9167
2.06503 35.2941
2.07076 28.4545
2.0765 29.8919
2.08224 31.3143
2.08797 29.2759
2.09371 32.0357
2.09945 30.8378
2.10518 30.6364
2.11092 29.5833
2.11665 30.1622
2.12239 32.2857
2.12813 31.6087
2.13386 33.9459
2.1396 27.1667
2.14534 30.9062
2.15107 33.5769
2.15681 32.0263
2.16254 32
2.16828 30.7273
2.17402 33.5385
2.17975 32.0811
2.18549 32.0968
2.19122 39.5333
2.19696 40.7568
2.2027 42.8857
2.20843 42.125
2.21417 70.9744
2.21991 90.5946
2.22564 37.9091
2.23138 47.7
2.23711 43.4211
2.24285 31.7941
2.24859 32.3929
2.25432 40.5
2.26006 41.6923
2.2658 35.1818
2.27153 36.7317
2.27727 37.1026
2.283 37.4516
2.28874 38.3125
2.29448 39.8205
2.30021 41.3514
2.30595 35
2.31168 39.5641
2.31742 38.65
2.32316 48.5
2.32889 45.8095
2.33463 44.6
2.34037 43.8889
2.3461 48.2143
2.35184 57.1429
2.35757 52.9459
2.36331 49.7692
2.36905 53.1707
2.37478 53.0976
2.38052 47.9355
2.38626 46.9118
2.39199 45.186
2.39773 41.8649
2.40346 37.7692
2.4092 46.5682
2.41494 42.775
2.42067 33.8182
2.42641 33.8182
2.43214 37.3571
2.43788 35.3714
2.44362 33.4516
2.44935 38.7333
2.45509 40.0513
2.46083 36.0385
2.46656 35.8222
2.4723 35.3171
2.47803 37.0345
2.48377 39.4
2.48951 37.6744
2.49524 39.5385
2.50098 37.1154
2.50672 38.2826
2.51245 39.1905
2.51819 45.1667
2.52392 36.6957
2.52966 37.3182
2.5354 39.8182
2.54113 41.0857
2.54687 39.4
2.5526 42.2439
2.55834 36.8077
2.56408 37.1064
2.56981 37.4186
2.57555 39.5172
2.58129 35.2143
2.58702 38.1556
2.59276 31.1081
2.59849 37.4242
2.60423 40.2826
2.60997 36.4091
2.6157 31.8333
2.62144 37.3958
2.62718 41.8696
2.63291 39.7714
2.63865 44.1111
2.64438 39.7872
2.65012 36.8537
2.65586 36.1
2.66159 36.1702
2.66733 37.9333
2.67306 39.2
2.6788 38.0833
2.68454 42.3333
2.69027 37.2308
2.69601 37.697
2.70175 42.3542
2.70748 35.8667
2.71322 45.3333
2.71895 40.8542
2.72469 43.6042
2.73043 36.4857
2.73616 36.0263
2.7419 42.9388
2.74764 42.4651
2.75337 38.8333
2.75911 41.6122
2.76484 45.6531
2.77058 42.1667
2.77632 36.2245
2.78205 39.14
2.78779 45.8205
2.79352 44.5429
2.79926 41.1346
2.805 41.6889
2.81073 35.2963
2.81647 43.25
2.82221 40.2653
2.82794 38.1081
2.83368 37.5789
2.83941 42.9245
2.84515 39.5854
2.85089 41.6875
2.85662 43.3962
2.86236 35.5102
2.8681 38.9167
2.87383 40.9444
2.87957 44.04
2.8853 40.1951
2.89104 42.5135
2.89678 41.5385
2.90251 41.7333
2.90825 39.8966
2.91398 45.7407
2.91972 46.3137
2.92546 39.1081
2.93119 40.6667
2.93693 42.5283
2.94267 37.9556
2.9484 48.6875
2.95414 46.0755
2.95987 43.1224
2.96561 41.0741
2.97135 45.7321
2.97708 52.4444
2.98282 51.2564
2.98856 49.0256
2.99429 44.537
3.00003 44.9149
3.00576 40.4516
3.0115 45.8909
3.01724 43.3019
3.02297 53.3243
3.02871 45.5682
3.03444 46.6182
3.04018 47.5556
3.04592 46.7941
3.05165 48.2727
3.05739 46.1176
3.06313 46.6552
3.06886 48.375
3.0746 51.8
3.08033 52.5227
3.08607 52.7568
3.09181 56.0714
3.09754 60.2653
3.10328 65.6774
3.10902 74.1525
3.11475 64.1698
3.12049 62.4872
3.12622 55.913
3.13196 57.4182
3.1377 57.9149
3.14343 65.2222
3.14917 54.5
3.1549 56.8039
3.16064 53
3.16638 57.4833
3.17211 56.0909
3.17785 54.0455
3.18359 53.5122
3.18932 55
3.19506 49.6939
3.20079 54.2059
3.20653 57.8644
3.21227 62.3396
3.218 55.5366
3.22374 59.0833
3.22948 57.3559
3.23521 58.8889
3.24095 55.7692
3.24668 60.1167
3.25242 61.0566
3.25816 56.3824
3.26389 59.4211
3.26963 61.386
3.27536 64.7391
3.2811 63.878
3.28684 66.15
3.29257 68.6735
3.29831 71.0833
3.30405 73.2222
3.30978 82.8909
3.31552 82.5116
3.32125 93.1458
3.32699 86.5965
3.33273 88.6667
3.33846 89.8974
3.3442 88.629
3.34994 93.7647
3.35567 84.4474
3.36141 83.4237
3.36714 80.8421
3.37288 73.7083
3.37862 77.6744
3.38435 70.8033
3.39009 77.9623
3.39582 74.9722
3.40156 76.381
3.4073 81.1818
3.41303 76.2979
3.41877 81.9792
3.42451 83.2787
3.43024 83
3.43598 81.7561
3.44171 79.9524
3.44745 81.8214
3.45319 78.5
3.45892 71.3273
3.46466 77.7627
3.4704 74.76
3.47613 80.4651
3.48187 80.9683
3.4876 85.1321
3.49334 78
3.49908 83.1045
3.50481 82.3158
3.51055 87.4468
3.51628 88.3726
3.52202 98.082
3.52776 109.481
3.53349 117.488
3.53923 153.215
3.54497 187.833
3.5507 207.896
3.55644 194.618
3.56217 151.254
3.56791 123.885
3.57365 120.587
3.57938 111.154
3.58512 106.018
3.59086 99.4737
3.59659 109.254
3.60233 109.254
3.60806 102.667
3.6138 108.245
3.61954 111.222
3.62527 120.911
3.63101 129.073
3.63674 142.06
3.64248 171.845
3.64822 184.458
3.65395 194.263
3.65969 201.246
3.66543 176.13
3.67116 177.783
3.6769 168.063
3.68263 170.525
3.68837 170.474
3.69411 165.522
3.69984 169.915
3.70558 167.611
3.71132 164.275
3.71705 171.938
3.72279 184.5
3.72852 187.279
3.73426 186.119
3.74 189.403
3.74573 200.3
3.75147 197.673
3.7572 210.984
3.76294 215.339
3.76868 217.591
3.77441 229.537
3.78015 252.525
3.78589 259.277
3.79162 272.375
3.79736 295
3.80309 312.946
3.80883 336.275
3.81457 366.323
3.8203 419.083
3.82604 436.186
3.83178 508.246
3.83751 636.355
3.84325 789.821
3.84898 1213.23
3.85472 1915.41
3.86046 1727.8
3.86619 1602.67
3.87193 2116.48
3.87766 2899.8
3.8834 3766.45
3.88914 4763.35
3.89487 5726.91
3.90061 5168
3.90635 4169.14
3.91208 3010.9
3.91782 2064.27
3.92355 1545.44
3.92929 1219.97
3.93503 953.094
3.94076 770.603
3.9465 663.944
3.95224 584.97
3.95797 516.73
3.96371 459.696
3.96944 422.408
3.97518 385.349
3.98092 352.018
3.98665 339.069
3.99239 314.485
3.99812 302.323
4.00386 282.449
4.0096 272.652
4.01533 267.906
4.02107 254.94
4.02681 251.212
4.03254 256.197
4.03828 245.25
4.04401 238.173
4.04975 227.901
4.05549 220.092
4.06122 210.304
4.06696 205.449
4.0727 204.857
4.07843 193.683
4.08417 191.982
4.0899 189.338
4.09564 191
4.10138 182.7
4.10711 183.931
4.11285 188.394
4.11858 177.768
4.12432 182.032
4.13006 178.544
4.13579 179.492
4.14153 179.635
4.14727 173.986
4.153 168.851
4.15874 165.977
4.16447 169.027
4.17021 167.222
4.17595 164.887
4.18168 158.768
4.18742 165.471
4.19316 170.758
4.19889 167.6
4.20463 170
4.21036 168.191
4.2161 168.3
4.22184 167.086
4.22757 161.264
4.23331 166.567
4.23904 162.7
4.24478 160.027
4.25052 165.261
4.25625 162.268
4.26199 162.016
4.26773 166.069
4.27346 172.758
4.2792 165.625
4.28493 166.431
4.29067 170.786
4.29641 172.312
4.30214 165.855
4.30788 175.043
4.31362 171.859
4.31935 172.232
4.32509 181.216
4.33082 183.739
4.33656 179.7
4.3423 183.813
4.34803 192.892
4.35377 198.984
4.3595 199.9
4.36524 208.986
4.37098 219.586
4.37671 221.63
4.38245 227.014
4.38819 245.889
4.39392 249.807
4.39966 262.275
4.40539 271.208
4.41113 299.103
4.41687 312.926
4.4226 369.143
4.42834 536.781
4.43408 819.896
4.43981 1720.29
4.44555 5306.95
4.45128 2282.86
4.45702 4883.05
4.46276 1411.37
4.46849 852.708
4.47423 934.667
4.47996 865.211
4.4857 963.987
4.49144 1000.86
4.49717 1044.43
4.50291 1046.99
4.50865 995.529
4.51438 891.596
4.52012 758.43
4.52585 623.987
4.53159 519.596
4.53733 451.634
4.54306 378.9
4.5488 334.91
4.55454 300.719
4.56027 273.212
4.56601 250.757
4.57174 227.115
4.57748 210.936
4.58322 199.821
4.58895 188.179
4.59469 178.869
4.60042 172.051
4.60616 169.08
4.6119 161.58
4.61763 160.578
4.62337 158.897
4.62911 154.079
4.63484 149.185
4.64058 141.134
4.64631 137.542
4.65205 125.696
4.65779 126.85
4.66352 129.051
4.66926 123.066
4.675 122.972
4.68073 120.897
4.68647 123.027
4.6922 123.93
4.69794 120.637
4.70368 124.896
4.70941 125.16
4.71515 122.671
4.72088 124.463
4.72662 131.652
4.73236 127.175
4.73809 126.768
4.74383 124.833
4.74957 123.865
4.7553 120.119
4.76104 119.475
4.76677 112.851
4.77251 107
4.77825 104.707
4.78398 102.8
4.78972 97.8545
4.79546 100.918
4.80119 93.481
4.80693 91.2154
4.81266 93.2113
4.8184 88.0119
4.82414 92.7123
4.82987 88.0164
4.83561 86.8571
4.84134 90.3
4.84708 86.9057
4.85282 91.1529
4.85855 86.7439
4.86429 85.8169
4.87003 88.4262
4.87576 80.814
4.8815 83.5128
4.88723 82.7037
4.89297 86.2
4.89871 84.8929
4.90444 83.3239
4.91018 82.0746
4.91592 81.5
4.92165 81.4937
4.92739 81.4561
4.93312 80.8023
4.93886 83.2381
4.9446 78.2687
4.95033 76.0563
4.95607 77.6163
4.9618 78.7273
4.96754 74.2034
4.97328 81.5814
4.97901 80.1084
4.98475 77.3607
4.99049 76.6026
4.99622 78.4659
5.00196 80.2055
5.00769 74.6032
5.01343 76.5114
5.01917 78.3012
5.0249 77.1509
5.03064 76.6111
5.03638 78
5.04211 80.5733
5.04785 75.2154
5.05358 78.4302
5.05932 77.6667
5.06506 73.614
5.07079 75.1136
5.07653 76.5517
5.08226 79.9718
5.088 74.831
5.09374 75.4889
5.09947 76.9221
5.10521 74.4603
5.11095 76.9444
5.11668 74.1412
5.12242 74.8485
5.12815 74.039
5.13389 76.6444
5.13963 75.974
5.14536 76.0328
5.1511 76.5326
5.15684 79.8313
5.16257 76.8548
5.16831 80.3095
5.17404 78.2697
5.17978 79.641
5.18552 79.2836
5.19125 77.2444
5.19699 79.8313
5.20272 72.5085
5.20846 77.4783
5.2142 76.3708
5.21993 78.4737
5.22567 73.7826
5.23141 77.9783
5.23714 78.358
5.24288 74.6229
5.24861 73.3152
5.25435 77.4944
5.26009 79.5
5.26582 74.0658
5.27156 79.2857
5.2773 81.025
5.28303 78.0462
5.28877 74.6809
5.2945 79.8506
5.30024 84.4306
5.30598 84.4937
5.31171 82.2921
5.31745 80.5488
5.32318 79.7538
5.32892 78.9362
5.33466 77.8736
5.34039 68.1212
5.34613 75.9059
5.35187 79.3297
5.3576 77.8272
5.36334 78.2836
5.36907 77.4792
5.37481 82.3647
5.38055 87.4098
5.38628 89.1354
5.39202 101.835
5.39776 109.6
5.40349 101.197
5.40923 93.7292
5.41496 85.8272
5.4207 84.4762
5.42644 79.4388
5.43217 75.9888
5.43791 77.359
5.44364 74.6986
5.44938 81.5361
5.45512 80.9512
5.46085 78.194
5.46659 79.9694
5.47233 79.7865
5.47806 77.6711
5.4838 75.8025
5.48953 73.9462
5.49527 73.4881
5.50101 71.597
5.50674 77.898
5.51248 76.6854
5.51822 77.4324
5.52395 75.7831
5.52969 79.0968
5.53542 77.7381
5.54116 74.4853
5.5469 73.596
5.55263 75.5444
5.55837 77.0556
5.5641 74.3258
5.56984 72.9247
5.57558 75.6905
5.58131 76.2603
5.58705 74.6667
5.59279 79.0455
5.59852 75.619
5.60426 75.19
5.60999 75.6774
5.61573 74.8415
5.62147 73.4533
5.6272 76.5773
5.63294 78.2791
5.63868 76.6866
5.64441 79.1373
5.65015 78.0107
5.65588 75.1905
5.66162 79
5.66736 80.1313
5.67309 79.8256
5.67883 80.4348
5.68456 81.297
5.6903 79.8444
5.69604 79.439
5.70177 81.6867
5.70751 82.3789
5.71325 82.7955
5.71898 81.6761
5.72472 84.8081
5.73045 81.3979
5.73619 81.3
5.74193 80.382
5.74766 84.6105
5.7534 88.625
5.75914 86.2817
5.76487 88.8614
5.77061 89.1277
5.77634 93.9487
5.78208 93.1124
5.78782 91.1546
5.79355 92.6047
5.79929 88.8267
5.80502 87.3762
5.81076 90.0109
5.8165 85.027
5.82223 84.3229
5.82797 86.2653
5.83371 88.5698
5.83944 86.2279
5.84518 90.4141
5.85091 88.125
5.85665 90.0769
5.86239 88.7143
5.86812 88.6122
5.87386 89.3256
5.8796 88.8228
5.88533 86.4356
5.89107 89.3478
5.8968 94.1739
5.90254 91.8571
5.90828 89.5714
5.91401 90.907
5.91975 90.241
5.92548 89.4747
5.93122 89.6383
5.93696 92.7397
5.94269 91.3429
5.94843 92.4688
5.95417 96.2841
5.9599 96.8941
5.96564 95.3636
5.97137 98.4574
5.97711 92.0548
5.98285 100.175
5.98858 100.041
5.99432 100.69
6.00006 97.3146
6.00579 104.061
6.01153 108.915
6.01726 109.947
6.023 112.457
6.02874 109.177
6.03447 106.33
6.04021 108.289
6.04594 102.51
6.05168 105.875
6.05742 102.169
6.06315 104.133
6.06889 106.938
6.07463 108.976
6.08036 107.638
6.0861 109.082
6.09183 114.219
6.09757 116.705
6.10331 111.774
6.10904 115.312
6.11478 115.349
6.12052 118.458
6.12625 117.47
6.13199 118.33
6.13772 120.207
6.14346 120.98
6.1492 120.83
6.15493 126.238
6.16067 127.441
6.1664 127.306
6.17214 128.011
6.17788 132.083
6.18361 134.059
6.18935 134.778
6.19509 144.933
6.20082 144.431
6.20656 156.02
6.21229 167.062
6.21803 173.732
6.22377 178.726
6.2295 184.6
6.23524 189.147
6.24098 180.697
6.24671 188.235
6.25245 204.064
6.25818 211.012
6.26392 211.324
6.26966 277.971
6.27539 504.48
6.28113 314.174
6.28686 1659.52
6.2926 5836.03
6.29834 1470.48
6.30407 4241.15
6.30981 2714.69
6.31555 1810.63
6.32128 789.157
6.32702 556.577
6.33275 508.062
6.33849 471.352
6.34423 478.029
6.34996 522.882
6.3557 582.718
6.36144 658.611
6.36717 788.654
6.37291 881.926
6.37864 879.556
6.38438 808.67
6.39012 696.402
6.39585 580.838
6.40159 506.25
6.40732 414.37
6.41306 355.543
6.4188 310.185
6.42453 276.519
6.43027 254.422
6.43601 234.89
6.44174 228.585
6.44748 217.296
6.45321 208.362
6.45895 207.978
6.46469 211.886
6.47042 204.553
6.47616 193.679
6.4819 183.491
6.48763 171.306
6.49337 165.151
6.4991 163.537
6.50484 158.778
6.51058 153.775
6.51631 155.476
6.52205 148.627
6.52778 146.88
6.53352 153.652
6.53926 148.344
6.54499 149.87
6.55073 149.725
6.55647 145.845
6.5622 152.15
6.56794 152.62
6.57367 154.806
6.57941 147.421
6.58515 144.625
6.59088 143.962
6.59662 139.69
6.60236 138.07
6.60809 135.594
6.61383 138.882
6.61956 135.01
6.6253 133.009
6.63104 132.922
6.63677 128.128
6.64251 129.105
6.64824 132.495
6.65398 132.242
6.65972 130.402
6.66545 134.071
6.67119 138.865
6.67693 135.512
6.68266 138.526
6.6884 137.009
6.69413 137.451
6.69987 133.223
6.70561 130.268
6.71134 133.904
6.71708 133.909
6.72282 135.079
6.72855 129.056
6.73429 132.809
6.74002 129.792
6.74576 129.765
6.7515 127.291
6.75723 128.438
6.76297 129.672
6.7687 128.446
6.77444 132.551
6.78018 128.095
6.78591 129.302
6.79165 129.953
6.79739 125.368
6.80312 129.07
6.80886 122.688
6.81459 123.692
6.82033 125.276
6.82607 127.026
6.8318 123.886
6.83754 127.364
6.84328 127.632
6.84901 129.098
6.85475 130.637
6.86048 129.688
6.86622 126.828
6.87196 130.243
6.87769 127.437
6.88343 125.178
6.88916 123.93
6.8949 127.172
6.90064 127.124
6.90637 131.544
6.91211 130.869
6.91785 126.943
6.92358 125.512
6.92932 129.513
6.93505 129.101
6.94079 129.814
6.94653 127.888
6.95226 127.364
6.958 126.648
6.96374 130.033
6.96947 129.316
6.97521 130.824
6.98094 131.514
6.98668 125.612
6.99242 132.064
6.99815 129.562
7.00389 130.092
7.00962 131.31
7.01536 130.196
7.0211 130.764
7.02683 131.124
7.03257 130.561
7.03831 129.151
7.04404 132.295
7.04978 132.07
7.05551 134.83
7.06125 136.505
7.06699 137.287
7.07272 138.128
7.07846 138.899
7.0842 140.221
7.08993 138.147
7.09567 140.183
7.1014 140.699
7.10714 146.05
7.11288 143.835
7.11861 144.957
7.12435 146.661
7.13008 149.615
7.13582 149.219
7.14156 145.117
7.14729 147.642
7.15303 145.404
7.15877 146.946
7.1645 146.153
7.17024 146.983
7.17597 148.888
7.18171 146.159
7.18745 150.262
7.19318 152.865
7.19892 149.435
7.20466 152.992
7.21039 157.735
7.21613 161.818
7.22186 163.651
7.2276 161.183
7.23334 164.189
7.23907 161.22
7.24481 167.31
7.25054 166.882
7.25628 166.62
7.26202 170.423
7.26775 169.352
7.27349 174.856
7.27923 174.032
7.28496 177.638
7.2907 177.613
7.29643 187.524
7.30217 179.222
7.30791 187.129
7.31364 191.675
7.31938 189.73
7.32512 199.785
7.33085 209.455
7.33659 218.76
7.34232 210.943
7.34806 227.023
7.3538 253.378
7.35953 235.161
7.36527 278.102
7.371 400.471
7.37674 1238.81
7.38248 563.291
7.38821 4530.92
7.39395 3153.51
7.39969 3004.26
7.40542 1602.62
7.41116 1129.79
7.41689 817.226
7.42263 618.439
7.42837 523.627
7.4341 534.664
7.43984 512.236
7.44558 530.672
7.45131 574.479
7.45705 660.445
7.46278 713.709
7.46852 830.262
7.47426 944.229
7.47999 986.544
7.48573 962.305
7.49146 849.648
7.4972 727.809
7.50294 609.336
7.50867 508.508
7.51441 430.403
7.52015 375.857
7.52588 332.326
7.53162 300.48
7.53735 275.045
7.54309 252.553
7.54883 241.985
7.55456 229.647
7.5603 223.756
7.56604 208.667
7.57177 199.136
7.57751 194.296
7.58324 185.931
7.58898 184.305
7.59472 179.426
7.60045 178.59
7.60619 172.886
7.61192 172.922
7.61766 169.974
7.6234 169.703
7.62913 167.977
7.63487 162
7.64061 163.451
7.64634 164.537
7.65208 161.008
7.65781 165.176
7.66355 162.01
7.66929 160.993
7.67502 166.782
7.68076 166.632
7.6865 169.756
7.69223 177.74
7.69797 181.78
7.7037 180.752
7.70944 213.694
7.71518 410.13
7.72091 779.373
7.72665 1322.39
7.73238 2502.63
7.73812 564.172
7.74386 280.459
7.74959 278.949
7.75533 241.944
7.76107 240.874
7.7668 239.64
7.77254 254.237
7.77827 276.705
7.78401 303.919
7.78975 334.304
7.79548 389.891
7.80122 442.276
7.80696 478.072
7.81269 501.774
7.81843 481.339
7.82416 436.147
7.8299 372.571
7.83564 310.648
7.84137 263.316
7.84711 232.509
7.85284 205.832
7.85858 190.118
7.86432 174.546
7.87005 164.194
7.87579 156.82
7.88153 153.68
7.88726 150.15
7.893 145.948
7.89873 140.164
7.90447 132.52
7.91021 134.88
7.91594 131.282
7.92168 131.483
7.92742 128.575
7.93315 122.088
7.93889 124.173
7.94462 128.805
7.95036 122.19
7.9561 118.606
7.96183 117.087
7.96757 115.648
7.9733 116.401
7.97904 118.185
7.98478 117.804
7.99051 115.48
7.99625 112.481
8.00199 113.46
8.00772 113.554
8.01346 111.288
8.01919 112.97
8.02493 109.731
8.03067 108.637
8.0364 107.228
8.04214 110.181
8.04788 110.34
8.05361 107.367
8.05935 108.713
8.06508 105.89
8.07082 105.282
8.07656 105.35
8.08229 107.281
8.08803 106.313
8.09376 101.622
8.0995 95.3864
8.10524 91.6585
8.11097 85.9734
8.11671 77.6014
8.12245 71.7054
8.12818 70.8829
8.13392 61.9773
8.13965 58.5985
8.14539 54.2984
8.15113 50.8288
8.15686 26.2628
8.1626 28.8395
8.16834 27.7119
8.17407 23.5
8.17981 2.42105
8.18554 0
8.19128 0
8.19702 0
8.20275 0
8.20849 0
8.21422 0
8.21996 0
8.2257 0
8.23143 0
8.23717 0
8.24291 0
8.24864 0
8.25438 0
8.26011 0
8.26585 0
8.27159 0
8.27732 0
8.28306 0
8.2888 0
8.29453 0
8.30027 0
8.306 0
8.31174 0
8.31748 0
8.32321 0
8.32895 0
8.33468 0
8.34042 0
8.34616 0
8.35189 0
8.35763 0
8.36337 0
8.3691 0
8.37484 0
8.38057 0
8.38631 0
8.39205 0
8.39778 0
8.40352 0
8.40926 0
8.41499 0
8.42073 0
8.42646 0
8.4322 0
8.43794 0
8.44367 0
8.44941 0
8.45514 0
8.46088 0
8.46662 0
8.47235 0
8.47809 0
8.48383 0
8.48956 0
8.4953 0
8.50103 0
8.50677 0
8.51251 0
8.51824 0
8.52398 0
8.52972 0
8.53545 0
8.54119 0
8.54692 0
8.55266 0
8.5584 0
8.56413 0
8.56987 0
8.5756 0
8.58134 0
8.58708 0
8.59281 0
8.59855 0
8.60429 0
8.61002 0
8.61576 0
8.62149 0
8.62723 0
8.63297 0
8.6387 0
8.64444 0
8.65018 0
8.65591 0
8.66165 0
8.66738 0
8.67312 0
8.67886 0
8.68459 0
8.69033 0
8.69606 0
8.7018 0
8.70754 0
8.71327 0
8.71901 0
8.72475 0
8.73048 0
8.73622 0
8.74195 0
8.74769 0
8.75343 0
8.75916 0
8.7649 0
8.77064 0
8.77637 0
8.78211 0
8.78784 0
8.79358 0
8.79932 0
8.80505 0
8.81079 0
8.81652 0
8.82226 0
8.828 0
8.83373 0
8.83947 0
8.84521 0
8.85094 0
8.85668 0
8.86241 0
8.86815 0
8.87389 0
8.87962 0
8.88536 0
8.8911 0
8.89683 0
8.90257 0
8.9083 0
8.91404 0
8.91978 0
8.92551 0
8.93125 0
8.93698 0
8.94272 0
8.94846 0
8.95419 0
8.95993 0
8.96567 0
8.9714 0
8.97714 0
8.98287 0
8.98861 0
8.99435 0
9.00008 0
9.00582 0
9.01156 0
9.01729 0
9.02303 0
9.02876 0
9.0345 0
9.04024 0
9.04597 0
9.05171 0
9.05744 0
9.06318 0
9.06892 0
9.07465 0
9.08039 0
9.08613 0
9.09186 0
9.0976 0
9.10333 0
9.10907 0
9.11481 0
9.12054 0
9.12628 0
9.13202 0
9.13775 0
9.14349 0
9.14922 0
9.15496 0
9.1607 0
9.16643 0
9.17217 0
9.1779 0
9.18364 0
9.18938 0
9.19511 0
9.20085 0
9.20659 0
9.21232 0
9.21806 0
9.22379 0
9.22953 0
9.23527 0
9.241 0
9.24674 0
9.25248 0
9.25821 0
9.26395 0
9.26968 0
9.27542 0
9.28116 0
9.28689 0
9.29263 0
9.29836 0
9.3041 0
9.30984 0
9.31557 0
9.32131 0
9.32705 0
9.33278 0
9.33852 0
9.34425 0
9.34999 0
9.35573 0
9.36146 0
9.3672 0
9.37294 0
9.37867 0
9.38441 0
9.39014 0
9.39588 0
9.40162 0
9.40735 0
9.41309 0
9.41882 0
9.42456 0
9.4303 0
9.43603 0
9.44177 0
9.44751 0
9.45324 0
9.45898 0
9.46471 0
9.47045 0
9.47619 0
9.48192 0
9.48766 0
9.4934 0
9.49913 0
9.50487 0
9.5106 0
9.51634 0
9.52208 0
9.52781 0
9.53355 0
9.53928 0
9.54502 0
9.55076 0
9.55649 0
9.56223 0
9.56797 0
9.5737 0
9.57944 0
9.58517 0
9.59091 0
9.59665 0
9.60238 0
9.60812 0
9.61386 0
9.61959 0
9.62533 0
9.63106 0
9.6368 0
9.64254 0
9.64827 0
9.65401 0
9.65974 0
9.66548 0
9.67122 0
9.67695 0
9.68269 0
9.68843 0
9.69416 0
9.6999 0
9.70563 0
9.71137 0
9.71711 0
9.72284 0
9.72858 0
9.73432 0
9.74005 0
9.74579 0
9.75152 0
9.75726 0
9.763 0
9.76873 0
9.77447 0
9.7802 0
9.78594 0
9.79168 0
9.79741 0
9.80315 0
9.80889 0
9.81462 0
9.82036 0
9.82609 0
9.83183 0
9.83757 0
9.8433 0
9.84904 0
9.85478 0
9.86051 0
9.86625 0
9.87198 0
9.87772 0
9.88346 0
9.88919 0
9.89493 0
9.90066 0
9.9064 0
9.91214 0
9.91787 0
9.92361 0
9.92935 0
9.93508 0
9.94082 0
9.94655 0
9.95229 0
9.95803 0
9.96376 0
9.9695 0
9.97524 0
9.98097 0
9.98671 0
9.99244 0
9.99818 0
10.0039 0
10.0097 0
10.0154 0
10.0211 0
10.0269 0
10.0326 0
10.0383 0
10.0441 0
10.0498 0
10.0555 0
10.0613 0
10.067 0
10.0728 0
10.0785 0
10.0842 0
10.09 0
10.0957 0
10.1014 0
10.1072 0
10.1129 0
10.1186 0
10.1244 0
10.1301 0
10.1358 0
10.1416 0
10.1473 0
10.1531 0
10.1588 0
10.1645 0
10.1703 0
10.176 0
10.1817 0
10.1875 0
10.1932 0
10.1989 0
10.2047 0
10.2104 0
10.2162 0
10.2219 0
10.2276 0
10.2334 0
10.2391 0
10.2448 0
10.2506 0
10.2563 0
10.262 0
10.2678 0
10.2735 0
10.2793 0
10.285 0
10.2907 0
10.2965 0
10.3022 0
10.3079 0
10.3137 0
10.3194 0
10.3251 0
10.3309 0
10.3366 0
10.3424 0
10.3481 0
10.3538 0
10.3596 0
10.3653 0
10.371 0
10.3768 0
10.3825 0
10.3882 0
10.394 0
10.3997 0
10.4054 0
10.4112 0
10.4169 0
10.4227 0
10.4284 0
10.4341 0
10.4399 0
10.4456 0
10.4513 0
10.4571 0
10.4628 0
10.4685 0
10.4743 0
10.48 0
10.4858 0
10.4915 0
10.4972 0
10.503 0
10.5087 0
10.5144 0
10.5202 0
10.5259 0
10.5316 0
10.5374 0
10.5431 0
10.5489 0
10.5546 0
10.5603 0
10.5661 0
10.5718 0
10.5775 0
10.5833 0
10.589 0
10.5947 0
10.6005 0
10.6062 0
10.612 0
10.6177 0
10.6234 0
10.6292 0
10.6349 0
10.6406 0
10.6464 0
10.6521 0
10.6578 0
10.6636 0
10.6693 0
10.6751 0
10.6808 0
10.6865 0
10.6923 0
10.698 0
10.7037 0
10.7095 0
10.7152 0
10.7209 0
10.7267 0
10.7324 0
10.7381 0
10.7439 0
10.7496 0
10.7554 0
10.7611 0
10.7668 0
10.7726 0
10.7783 0
10.784 0
10.7898 0
10.7955 0
10.8012 0
10.807 0
10.8127 0
10.8185 0
10.8242 0
10.8299 0
10.8357 0
10.8414 0
10.8471 0
10.8529 0
10.8586 0
10.8643 0
10.8701 0
10.8758 0
10.8816 0
10.8873 0
10.893 0
10.8988 0
10.9045 0
10.9102 0
10.916 0
10.9217 0
10.9274 0
10.9332 0
10.9389 0
10.9447 0
10.9504 0
10.9561 0
10.9619 0
10.9676 0
10.9733 0
10.9791 0
10.9848 0
10.9905 0
10.9963 0
11.002 0
11.0077 0
11.0135 0
11.0192 0
11.025 0
11.0307 0
11.0364 0
11.0422 0
11.0479 0
11.0536 0
11.0594 0
11.0651 0
11.0708 0
11.0766 0
11.0823 0
11.0881 0
11.0938 0
11.0995 0
11.1053 0
11.111 0
11.1167 0
11.1225 0
11.1282 0
11.1339 0
11.1397 0
11.1454 0
11.1512 0
11.1569 0
11.1626 0
11.1684 0
11.1741 0
11.1798 0
11.1856 0
11.1913 0
11.197 0
11.2028 0
11.2085 0
11.2143 0
11.22 0
11.2257 0
11.2315 0
11.2372 0
11.2429 0
11.2487 0
11.2544 0
11.2601 0
11.2659 0
11.2716 0
11.2774 0
11.2831 0
11.2888 0
11.2946 0
11.3003 0
11.306 0
11.3118 0
11.3175 0
11.3232 0
11.329 0
11.3347 0
11.3404 0
11.3462 0
11.3519 0
11.3577 0
11.3634 0
11.3691 0
11.3749 0
11.3806 0
11.3863 0
11.3921 0
11.3978 0
11.4035 0
11.4093 0
11.415 0
11.4208 0
11.4265 0
11.4322 0
11.438 0
11.4437 0
11.4494 0
11.4552 0
11.4609 0
11.4666 0
11.4724 0
11.4781 0
11.4839 0
11.4896 0
11.4953 0
11.5011 0
11.5068 0
11.5125 0
11.5183 0
11.524 0
11.5297 0
11.5355 0
11.5412 0
11.547 0
11.5527 0
11.5584 0
11.5642 0
11.5699 0
11.5756 0
11.5814 0
11.5871 0
11.5928 0
11.5986 0
11.6043 0
11.61 0
11.6158 0
11.6215 0
11.6273 0
11.633 0
11.6387 0
11.6445 0
11.6502 0
11.6559 0
11.6617 0
11.6674 0
11.6731 0
11.6789 0
11.6846 0
11.6904 0
11.6961 0
11.7018 0
11.7076 0
11.7133 0
11.719 0
11.7248 0
11.7305 0
11.7362 0
11.742 0
