0 0
0.00573619 0
0.0114724 3
0.0172086 0
0.0229448 -8
0.028681 23
0.0344171 0
0.0401533 -21
0.0458895 -20
0.0516257 -24
0.0573619 0
0.0630981 -5
0.0688343 -2
0.0745705 0
0.0803067 -8
0.0860429 -8
0.091779 0
0.0975152 -8.66667
0.103251 2.66667
0.108988 -11.6667
0.114724 0
0.12046 9.66667
0.126196 -0.666667
0.131932 0
0.137669 -6.66667
0.143405 3.33333
0.149141 19
0.154877 14.5
0.160613 -7.33333
0.16635 6
0.172086 0
0.177822 3.66667
0.183558 0.25
0.189294 0
0.19503 6.6
0.200767 5.4
0.206503 12
0.212239 -12.5
0.217975 13.8
0.223711 1.4
0.229448 0
0.235184 1.8
0.24092 -2.4
0.246656 0
0.252392 6.4
0.258129 -0.2
0.263865 5.8
0.269601 0
0.275337 8
0.281073 -4
0.28681 0
0.292546 9.71429
0.298282 16.5714
0.304018 9.33333
0.309754 -2
0.31549 14.8571
0.321227 14.8571
0.326963 0
0.332699 11.7143
0.338435 10.8571
0.344171 0
0.349908 3.57143
0.355644 -7.14286
0.36138 -4.4
0.367116 9
0.372852 11
0.378589 9.85714
0.384325 -10
0.390061 8.77778
0.395797 9.66667
0.401533 0
0.40727 2.22222
0.413006 3
0.418742 12.5714
0.424478 13
0.430214 7.22222
0.43595 2.22222
0.441687 0
0.447423 12.2222
0.453159 17.3333
0.458895 15.3333
0.464631 2.85714
0.470368 8.72727
0.476104 15.6667
0.48184 0
0.487576 10.1818
0.493312 9.72727
0.499049 0
0.504785 8.81818
0.510521 10.1818
0.516257 17.2
0.521993 23.8333
0.52773 19.6364
0.533466 22
0.539202 22
0.544938 10.9091
0.550674 13.0909
0.55641 0
0.562147 15
0.567883 14.2308
0.573619 11.8571
0.579355 17.8333
0.585091 11.3846
0.590828 14.3636
0.596564 15
0.6023 14.9231
0.608036 6.69231
0.613772 11.4
0.619509 7.875
0.625245 6.53846
0.630981 16.1111
0.636717 28.5
0.642453 20
0.64819 15.5385
0.653926 34
0.659662 18.8667
0.665398 18
0.671134 16.4286
0.67687 11.125
0.682607 17.7333
0.688343 18.4545
0.694079 8.25
0.699815 15.3333
0.705551 9.53333
0.711288 34
0.717024 14.4286
0.72276 19.0667
0.728496 19
0.734232 25.6667
0.739969 17.5625
0.745705 18.6923
0.751441 26
0.757177 4.94118
0.762913 21.0588
0.76865 17.4
0.774386 16.0833
0.780122 12.0588
0.785858 21.8182
0.791594 12.1667
0.79733 15.2353
0.803067 21.4667
0.808803 9
0.814539 19.7647
0.820275 14.1765
0.826011 13.2222
0.831748 29.25
0.837484 24.1667
0.84322 18.2308
0.848956 11.3333
0.854692 19.8947
0.860429 25.4118
0.866165 31.4
0.871901 19.0625
0.877637 10.8947
0.883373 22.7273
0.88911 22
0.894846 10.2632
0.900582 24
0.906318 10
0.912054 18.6842
0.91779 10.2941
0.923527 16.5556
0.929263 13.3077
0.934999 15.65
0.940735 16.1538
0.946471 25.125
0.952208 18
0.957944 21.4706
0.96368 22.25
0.969416 24.381
0.975152 20.7895
0.980889 15.7273
0.986625 23.75
0.992361 17.2381
0.998097 18.7333
1.00383 17.6667
1.00957 18.6667
1.01531 22.7059
1.02104 22.5
1.02678 12.4706
1.03251 20.6667
1.03825 16.3846
1.04399 15.3333
1.04972 25.4348
1.05546 17.6471
1.0612 35.8333
1.06693 19.1304
1.07267 19.1053
1.0784 23.2308
1.08414 15.1429
1.08988 18.1739
1.09561 15.1333
1.10135 17
1.10708 18.1304
1.11282 12
1.11856 12.8571
1.12429 17.2917
1.13003 21.0476
1.13577 22
1.1415 12.4286
1.14724 13.96
1.15297 14.2
1.15871 16.3
1.16445 17
1.17018 21
1.17592 12.6154
1.18166 23.0556
1.18739 15.6087
1.19313 22.6
1.19886 15.0833
1.2046 21.24
1.21034 9.38889
1.21607 20.5556
1.22181 18.8148
1.22754 21.0476
1.23328 16.6471
1.23902 21.5
1.24475 9.64
1.25049 19.7647
1.25623 19.5
1.26196 15.2593
1.2677 18.8421
1.27343 17
1.27917 21.4091
1.28491 17
1.29064 22.2941
1.29638 9.66667
1.30212 15.1111
1.30785 18.1111
1.31359 9.90909
1.31932 19.4828
1.32506 21.4286
1.3308 17.2941
1.33653 13.65
1.34227 15.32
1.348 23.2105
1.35374 20.9286
1.35948 18.4444
1.36521 24.619
1.37095 15
1.37669 17.6552
1.38242 21.4783
1.38816 15.9412
1.39389 17.5789
1.39963 19.7778
1.40537 25.65
1.4111 22.5714
1.41684 17.4483
1.42258 20.913
1.42831 13.7059
1.43405 19.25
1.43978 16.32
1.44552 24.4762
1.45126 18.4375
1.45699 20.6897
1.46273 18
1.46846 15
1.4742 20.9032
1.47994 19.087
1.48567 19.8
1.49141 16.8095
1.49715 22.7778
1.50288 17.6364
1.50862 22.75
1.51435 17.3448
1.52009 22.72
1.52583 19.8667
1.53156 16.2333
1.5373 18.32
1.54304 11.8571
1.54877 15.1
1.55451 19.069
1.56024 16.3043
1.56598 22.5714
1.57172 19.6129
1.57745 17.9231
1.58319 19.85
1.58892 22.56
1.59466 14.2222
1.6004 22.24
1.60613 20.1667
1.61187 14.3226
1.61761 20.36
1.62334 16.7857
1.62908 21.4242
1.63481 20.963
1.64055 20.8696
1.64629 14.9545
1.65202 17.9655
1.65776 22.8
1.6635 15.125
1.66923 15.2258
1.67497 10.3571
1.6807 17.2
1.68644 13.7143
1.69218 18.75
1.69791 21.04
1.70365 25.4545
1.70938 18.2903
1.71512 19.2963
1.72086 22.5
1.72659 22.1818
1.73233 18.3103
1.73807 16.1739
1.7438 20.5
1.74954 19
1.75527 18.8519
1.76101 18.4211
1.76675 16.6364
1.77248 23.7857
1.77822 20.7
1.78396 20.5
1.78969 14.7742
1.79543 20.1111
1.80116 14.2917
1.8069 16.6452
1.81264 18.5517
1.81837 18.7222
1.82411 16.4857
1.82984 21.6207
1.83558 19.32
1.84132 17.6154
1.84705 17.2258
1.85279 15.9643
1.85853 15.3478
1.86426 17
1.87 16.5667
1.87573 16.8235
1.88147 15.1429
1.88721 17.8182
1.89294 22.9259
1.89868 16.8077
1.90442 12.4242
1.91015 18.3548
1.91589 22.25
1.92162 23.7143
1.92736 18.4516
1.9331 24.68
1.93883 25.9643
1.94457 18.2424
1.9503 23.9333
1.95604 20.25
1.96178 17.3529
1.96751 15.0938
1.97325 16.1
1.97899 19.3514
1.98472 18.7576
1.99046 15.6552
1.99619 13.3462
2.00193 18.7429
2.00767 18.8387
2.0134 18.375
2.01914 19.9714
2.02488 14
2.03061 16.56
2.03635 17.9688
2.04208 15.5882
2.04782 21.0625
2.05356 18.6667
2.05929 17.9722
2.06503 18.1176
2.07076 15.9545
2.0765 22.9189
2.08224 19.1714
2.08797 17.6897
2.09371 14.7143
2.09945 22.5676
2.10518 22.5455
2.11092 18.9583
2.11665 24.4595
2.12239 27.8
2.12813 24.1304
2.13386 26.4865
2.1396 21.7778
2.14534 16.4062
2.15107 23.8462
2.15681 22.4211
2.16254 23.3333
2.16828 22.4091
2.17402 20.1282
2.17975 21.0541
2.18549 18.0323
2.19122 15.7
2.19696 20.7838
2.2027 23.3714
2.20843 26
2.21417 50.9231
2.21991 33.8649
2.22564 25.3182
2.23138 28.875
2.23711 23.7895
2.24285 23.6176
2.24859 23.75
2.25432 18.8947
2.26006 19.1538
2.2658 23.8636
2.27153 23.0488
2.27727 20.641
2.283 22.4839
2.28874 19.9688
2.29448 23.7949
2.30021 19.4324
2.30595 20.3462
2.31168 21.0256
2.31742 17.15
2.32316 18.1818
2.32889 26.5238
2.33463 17.4
2.34037 21.9167
2.3461 24.0714
2.35184 27.619
2.35757 24.973
2.36331 22.8846
2.36905 25.3171
2.37478 22.2439
2.38052 23.9677
2.38626 26.3824
2.39199 22.8372
2.39773 24.2432
2.40346 23.9231
2.4092 18.6591
2.41494 18.75
2.42067 19.1364
2.42641 23.8864
2.43214 19.9048
2.43788 27.3714
2.44362 19.9032
2.44935 21.4
2.45509 23.1282
2.46083 22.9231
2.46656 20.8889
2.4723 22.122
2.47803 22.4483
2.48377 25.8
2.48951 22.8605
2.49524 22.2308
2.50098 16.5769
2.50672 24.2609
2.51245 21.9286
2.51819 21.0833
2.52392 19.6522
2.52966 17.5
2.5354 23.7273
2.54113 17.7714
2.54687 18.1333
2.5526 19.7317
2.55834 26.2692
2.56408 25.3617
2.56981 21.2558
2.57555 20.5172
2.58129 24.1429
2.58702 21.4667
2.59276 27.4324
2.59849 26.5455
2.60423 21.1304
2.60997 19.4545
2.6157 17
2.62144 23.3958
2.62718 18.587
2.63291 20.2571
2.63865 24.5
2.64438 22.5957
2.65012 24.5854
2.65586 23.8
2.66159 26.0851
2.66733 24.0222
2.67306 22.96
2.6788 25.1667
2.68454 25.3125
2.69027 19.3846
2.69601 20.1515
2.70175 22.4375
2.70748 23.4889
2.71322 19.0741
2.71895 24.9375
2.72469 26.7083
2.73043 26.0571
2.73616 19.1316
2.7419 23.551
2.74764 20.814
2.75337 25.2333
2.75911 22.1224
2.76484 21.551
2.77058 24.9167
2.77632 23.898
2.78205 23.62
2.78779 19.8205
2.79352 21.6286
2.79926 23
2.805 27.3333
2.81073 22.2963
2.81647 24.4615
2.82221 23.7347
2.82794 23.6757
2.83368 25.1579
2.83941 25.717
2.84515 29.439
2.85089 17.7812
2.85662 20.0755
2.86236 25.2041
2.8681 20.2917
2.87383 21.4074
2.87957 23.66
2.8853 20.8537
2.89104 28.2432
2.89678 25.6923
2.90251 24.3111
2.90825 24.0345
2.91398 22.6852
2.91972 26.0392
2.92546 25.6757
2.93119 22.5476
2.93693 27.3774
2.94267 27.1556
2.9484 25.625
2.95414 27.8113
2.95987 26.3878
2.96561 28.8519
2.97135 25.8036
2.97708 25.4444
2.98282 28.5128
2.98856 26.8462
2.99429 29.4074
3.00003 25.9362
3.00576 24.4516
3.0115 25.6
3.01724 25.3585
3.02297 22.8919
3.02871 27.25
3.03444 26.7818
3.04018 27.9778
3.04592 27.1176
3.05165 28.6727
3.05739 27.9608
3.06313 29
3.06886 29.5536
3.0746 28.5273
3.08033 26.8864
3.08607 23.1892
3.09181 27.4464
3.09754 33.1837
3.10328 29.6774
3.10902 39.5763
3.11475 30.9623
3.12049 29
3.12622 30.7391
3.13196 29.4545
3.1377 28.5106
3.14343 28.7778
3.14917 25.7414
3.1549 32.902
3.16064 35.0345
3.16638 31.9833
3.17211 29.9273
3.17785 30.7273
3.18359 24.7805
3.18932 30.6897
3.19506 37.4286
3.20079 30.7647
3.20653 33.9153
3.21227 33.5849
3.218 29.5854
3.22374 29.875
3.22948 33.1017
3.23521 33.2
3.24095 35.4872
3.24668 35.6
3.25242 31.2075
3.25816 31.1765
3.26389 30.1754
3.26963 36.6842
3.27536 31.2609
3.2811 31.7561
3.28684 33.3167
3.29257 31.8776
3.29831 37.4722
3.30405 36.2857
3.30978 37.1273
3.31552 40.3953
3.32125 41.5417
3.32699 44.9649
3.33273 45.3137
3.33846 45.5641
3.3442 47.1936
3.34994 45.3922
3.35567 42.5263
3.36141 38.1525
3.36714 41.6667
3.37288 40
3.37862 42.7442
3.38435 44.2295
3.39009 44.3962
3.39582 46.2778
3.40156 46.254
3.4073 46.9091
3.41303 46.1277
3.41877 47.125
3.42451 45.7705
3.43024 41.94
3.43598 46.0488
3.44171 41.9683
3.44745 42.3036
3.45319 41.6905
3.45892 43.6909
3.46466 44.322
3.4704 43.38
3.47613 47.3488
3.48187 44.8413
3.4876 46.7358
3.49334 43.9737
3.49908 50.5522
3.50481 45.614
3.51055 52.8085
3.51628 51.8039
3.52202 52.6066
3.52776 47.1667
3.53349 47.8049
3.53923 58.9231
3.54497 70.1481
3.5507 76.5625
3.55644 68.8727
3.56217 65.0508
3.56791 58.3462
3.57365 55.0217
3.57938 55.1385
3.58512 49.9818
3.59086 56.1316
3.59659 51.9254
3.60233 50.2373
3.60806 54.7255
3.6138 53.3673
3.61954 56.1111
3.62527 63.0714
3.63101 61.1951
3.63674 64.9552
3.64248 70.8793
3.64822 71.25
3.65395 76.2281
3.65969 75.7377
3.66543 72.5185
3.67116 75.1304
3.6769 70.8571
3.68263 76.6557
3.68837 70.3684
3.69411 73.0145
3.69984 74.0339
3.70558 73
3.71132 72.6667
3.71705 73.4308
3.72279 76.875
3.72852 70.7674
3.73426 78.6418
3.74 77.8387
3.74573 78.1
3.75147 76.5455
3.7572 85.6984
3.76294 80.3051
3.76868 84.8864
3.77441 90.0448
3.78015 92.4407
3.78589 88.1277
3.79162 92.6875
3.79736 101.359
3.80309 99.5179
3.80883 106.765
3.81457 111.4
3.8203 123.35
3.82604 129.047
3.83178 139.217
3.83751 162.742
3.84325 205.786
3.84898 348.585
3.85472 388.048
3.86046 433.984
3.86619 425.609
3.87193 553.058
3.87766 702.836
3.8834 952.118
3.88914 1191.13
3.89487 1398.58
3.90061 1260.82
3.90635 1035.49
3.91208 767.388
3.91782 535.641
3.92355 414.317
3.92929 328.296
3.93503 257.984
3.94076 214.672
3.9465 192.574
3.95224 165.03
3.95797 148.127
3.96371 134.13
3.96944 128.408
3.97518 127.873
3.98092 118.089
3.98665 115.103
3.99239 107.618
3.99812 107.339
4.00386 97.8367
4.0096 98.1739
4.01533 100.391
4.02107 92.92
4.02681 90.2879
4.03254 95.1667
4.03828 95.15
4.04401 94.0385
4.04975 90.6197
4.05549 92.5231
4.06122 86.5652
4.06696 89.5217
4.0727 90.2
4.07843 84.0833
4.08417 82.2857
4.0899 80.0147
4.09564 83.9844
4.10138 82.5
4.10711 78.8611
4.11285 80.2727
4.11858 84.9821
4.12432 82.6452
4.13006 86.3088
4.13579 80.7302
4.14153 82.4231
4.14727 82.2466
4.153 82.8657
4.15874 83.5455
4.16447 80.589
4.17021 80.125
4.17595 79.5806
4.18168 85.625
4.18742 79.7571
4.19316 83.5909
4.19889 86.36
4.20463 92.2297
4.21036 90.1618
4.2161 96.9
4.22184 76.5517
4.22757 89.9444
4.23331 83.9552
4.23904 82.06
4.24478 80.1067
4.25052 81.6522
4.25625 82.9643
4.26199 81.7812
4.26773 79.9444
4.27346 88.0606
4.2792 86.8036
4.28493 86.8194
4.29067 88.6143
4.29641 88.0625
4.30214 88.3026
4.30788 91.9429
4.31362 87.9531
4.31935 88.3929
4.32509 80.9054
4.33082 87.942
4.33656 89.84
4.3423 91.9467
4.34803 95.7703
4.35377 96.2903
4.3595 95.9
4.36524 99.9324
4.37098 103.3
4.37671 104.185
4.38245 106.338
4.38819 107.139
4.39392 113.333
4.39966 116.464
4.40539 115.667
4.41113 129.941
4.41687 136.093
4.4226 138.831
4.42834 195.178
4.43408 291.5
4.43981 523.74
4.44555 1240.79
4.45128 761.738
4.45702 1403.73
4.46276 475.25
4.46849 238.931
4.47423 272.37
4.47996 255.684
4.4857 262.189
4.49144 284.4
4.49717 301.095
4.50291 306.382
4.50865 305.229
4.51438 279.827
4.52012 248.759
4.52585 216.093
4.53159 185.877
4.53733 163.085
4.54306 142.925
4.5488 132.687
4.55454 121.965
4.56027 116.688
4.56601 107.797
4.57174 99.7308
4.57748 94.859
4.58322 91.641
4.58895 92.806
4.59469 87.9836
4.60042 81.7692
4.60616 80.24
4.6119 79.14
4.61763 77.8675
4.62337 77.6795
4.62911 77.6032
4.63484 73.8769
4.64058 70.5366
4.64631 71.5417
4.65205 67.8214
4.65779 66.825
4.66352 66.4744
4.66926 67.7213
4.675 68.3239
4.68073 67.7692
4.68647 69.6164
4.6922 66.7895
4.69794 64.7875
4.70368 63.987
4.70941 65.32
4.71515 66.7765
4.72088 65.1375
4.72662 67.3913
4.73236 66.1587
4.73809 63.2561
4.74383 63.5769
4.74957 68.2115
4.7553 65.619
4.76104 60.2375
4.76677 60.2836
4.77251 56.5385
4.77825 62.1098
4.78398 59.76
4.78972 55.4545
4.79546 60.4706
4.80119 59.038
4.80693 62.5385
4.81266 58.3803
4.8184 56.7857
4.82414 53.7534
4.82987 52
4.83561 53.9167
4.84134 55.2375
4.84708 54.7547
4.85282 56.5765
4.85855 58.9512
4.86429 59.6338
4.87003 53.4426
4.87576 50.7907
4.8815 53.7949
4.88723 49.8889
4.89297 51.9765
4.89871 49.7381
4.90444 53.3239
4.91018 51.4776
4.91592 48.131
4.92165 51.6203
4.92739 54.0175
4.93312 53.1163
4.93886 51.9524
4.9446 47.1194
4.95033 50.0845
4.95607 51.9535
4.9618 48.5325
4.96754 50.2034
4.97328 46.6279
4.97901 52.0482
4.98475 51.4754
4.99049 47.4615
4.99622 47.9545
5.00196 50.4658
5.00769 52.1905
5.01343 50.1705
5.01917 52.1928
5.0249 50.6792
5.03064 48.6778
5.03638 48.1395
5.04211 47.3733
5.04785 44.9231
5.05358 45.1744
5.05932 51.716
5.06506 49.614
5.07079 47.0455
5.07653 46.069
5.08226 51.6056
5.088 46.4085
5.09374 50.2667
5.09947 46.7792
5.10521 50.5556
5.11095 44.2
5.11668 48.7765
5.12242 45.8636
5.12815 44.5844
5.13389 44.8
5.13963 49.4545
5.14536 46.6557
5.1511 45.0978
5.15684 48.506
5.16257 47.5645
5.16831 51.131
5.17404 45.5393
5.17978 47.7692
5.18552 45.4776
5.19125 44.7444
5.19699 44.0964
5.20272 42.9492
5.20846 46.1087
5.2142 45.7416
5.21993 47.3947
5.22567 43.5652
5.23141 47.8261
5.23714 46.0741
5.24288 47
5.24861 45.7065
5.25435 43.6292
5.26009 45.0429
5.26582 44.8684
5.27156 46.6264
5.2773 46.8
5.28303 48.0923
5.28877 47.5106
5.2945 49.7471
5.30024 46.4861
5.30598 51.5443
5.31171 47.5393
5.31745 53.6585
5.32318 49.4
5.32892 46.7128
5.33466 50.1609
5.34039 45.1818
5.34613 45.6
5.35187 50.1099
5.3576 47.1728
5.36334 43.6119
5.36907 45.4792
5.37481 51.2941
5.38055 48.6393
5.38628 51.9062
5.39202 52.6813
5.39776 56.6125
5.40349 50.831
5.40923 49.7083
5.41496 46.8148
5.4207 41.9841
5.42644 46.3265
5.43217 45.2697
5.43791 48.7949
5.44364 47.5205
5.44938 48.8247
5.45512 52.7439
5.46085 46.0448
5.46659 47.3061
5.47233 44.6629
5.47806 47.6447
5.4838 44.1728
5.48953 45.3118
5.49527 49.4762
5.50101 43.6567
5.50674 46.6122
5.51248 50
5.51822 51.8378
5.52395 46.4578
5.52969 50.8817
5.53542 46.3333
5.54116 44.1324
5.5469 49.5253
5.55263 48.3556
5.55837 49.0972
5.5641 49.3933
5.56984 48.9892
5.57558 46.1071
5.58131 46.9041
5.58705 45.8384
5.59279 48.4318
5.59852 51.4444
5.60426 50.33
5.60999 49.871
5.61573 48.7927
5.62147 46.7733
5.6272 45.268
5.63294 50.3953
5.63868 51.9104
5.64441 49.2451
5.65015 50.3979
5.65588 51.4524
5.66162 47.8052
5.66736 48.8283
5.67309 52.1279
5.67883 50.4058
5.68456 48.5941
5.6903 49.4111
5.69604 52.5
5.70177 48.5181
5.70751 56.5789
5.71325 52.2159
5.71898 54.3239
5.72472 52.101
5.73045 53.8387
5.73619 54.4625
5.74193 51.2921
5.74766 56.8
5.7534 57.0568
5.75914 55.0423
5.76487 51.7921
5.77061 51.8404
5.77634 53.5385
5.78208 53.9326
5.78782 55.5361
5.79355 54.9767
5.79929 54.96
5.80502 53.9604
5.81076 55.413
5.8165 53.7703
5.82223 54.5312
5.82797 51.949
5.83371 57.8605
5.83944 56.6582
5.84518 52.5051
5.85091 56.6458
5.85665 59.6154
5.86239 56.8762
5.86812 54.6122
5.87386 55.7209
5.8796 53.9367
5.88533 52.6931
5.89107 58.3804
5.8968 57.5072
5.90254 58.9524
5.90828 56.6531
5.91401 56.1977
5.91975 61.6265
5.92548 59.2323
5.93122 58.4574
5.93696 55.4521
5.94269 56.7143
5.94843 58.6354
5.95417 59.9886
5.9599 61.5412
5.96564 59.2222
5.97137 59.4255
5.97711 61.2877
5.98285 60.5631
5.98858 60.4184
5.99432 60.5833
6.00006 61.8315
6.00579 65.3737
6.01153 66.0213
6.01726 69.16
6.023 67.1143
6.02874 61.6667
6.03447 63.3182
6.04021 63.9556
6.04594 65.0102
6.05168 64.3021
6.05742 66.5714
6.06315 66.419
6.06889 65.8854
6.07463 71.3333
6.08036 68.617
6.0861 65.8878
6.09183 69.7917
6.09757 73.4487
6.10331 71.9434
6.10904 72.7396
6.11478 74.593
6.12052 74.2604
6.12625 74.91
6.13199 75.7553
6.13772 73.5854
6.14346 74.2255
6.1492 72.81
6.15493 75.925
6.16067 77.3137
6.1664 73.2653
6.17214 81.7447
6.17788 80.25
6.18361 78.8039
6.18935 80.899
6.19509 85.8667
6.20082 82.8257
6.20656 88.3137
6.21229 91.4583
6.21803 93.5
6.22377 95.6321
6.2295 100.54
6.23524 106.867
6.24098 103.385
6.24671 103.647
6.25245 117.787
6.25818 124.988
6.26392 120.225
6.26966 173.48
6.27539 416.573
6.28113 174
6.28686 1674.4
6.2926 5295.58
6.29834 615.67
6.30407 1012.17
6.30981 679.735
6.31555 430.077
6.32128 205.481
6.32702 199.971
6.33275 191.844
6.33849 182.432
6.34423 172.894
6.34996 182.343
6.3557 196.5
6.36144 200.63
6.36717 226.038
6.37291 247.526
6.37864 253.9
6.38438 237.094
6.39012 223.294
6.39585 203.538
6.40159 182.481
6.40732 161.398
6.41306 145.702
6.4188 134.022
6.42453 123.858
6.43027 121.431
6.43601 111.256
6.44174 110.566
6.44748 110.889
6.45321 106.287
6.45895 104.174
6.46469 100.724
6.47042 102.34
6.47616 100.44
6.4819 88.9636
6.48763 89.5185
6.49337 92.172
6.4991 87.0421
6.50484 87.3611
6.51058 86.0686
6.51631 87.3095
6.52205 89.4636
6.52778 86.963
6.53352 89.9674
6.53926 84.0521
6.54499 84.9537
6.55073 86.1471
6.55647 87.7024
6.5622 84.3363
6.56794 85.2963
6.57367 82.0107
6.57941 83.3263
6.58515 81.9196
6.59088 83.3558
6.59662 78.631
6.60236 81.7018
6.60809 81.4717
6.61383 80.4731
6.61956 81.1546
6.6253 81.5714
6.63104 81.1274
6.63677 81.0698
6.64251 82.386
6.64824 78.8505
6.65398 78.011
6.65972 79.6765
6.66545 78.4375
6.67119 85.0673
6.67693 82
6.68266 83.5776
6.6884 86.1667
6.69413 83.7363
6.69987 83.2427
6.70561 81.1786
6.71134 83.2019
6.71708 82.7045
6.72282 80.6228
6.72855 80.8704
6.73429 84.8427
6.74002 78.5
6.74576 82.5391
6.7515 79.3107
6.75723 79.1124
6.76297 80.9569
6.7687 81.4018
6.77444 79.618
6.78018 81.4095
6.78591 77.7414
6.79165 78.5514
6.79739 77.8391
6.80312 80.1491
6.80886 76.8214
6.81459 79.6154
6.82033 79.2286
6.82607 78.6207
6.8318 80.1238
6.83754 79.1477
6.84328 79.1538
6.84901 79.3571
6.85475 80.3846
6.86048 79.844
6.86622 79.4741
6.87196 78.4579
6.87769 77.2299
6.88343 80.5678
6.88916 79.0965
6.8949 81.3793
6.90064 81.4071
6.90637 83.386
6.91211 83.7664
6.91785 76.6207
6.92358 80.8678
6.92932 81.0796
6.93505 81.382
6.94079 83.9204
6.94653 79.1466
6.95226 80.1776
6.958 81.1538
6.96374 82.9583
6.96947 84.386
6.97521 84.1978
6.98094 82.6036
6.98668 84.0431
6.99242 83.0917
6.99815 78.8202
7.00389 84.125
7.00962 84.25
7.01536 86.9457
7.0211 86
7.02683 79.8264
7.03257 84.3832
7.03831 80.5376
7.04404 86.582
7.04978 86.5478
7.05551 87.8723
7.06125 86.7798
7.06699 84.5574
7.07272 85.7156
7.07846 84.618
7.0842 87.4836
7.08993 87.1034
7.09567 89.043
7.1014 86.5221
7.10714 91.5462
7.11288 90.2202
7.11861 89.837
7.12435 91.2661
7.13008 90.735
7.13582 93.4583
7.14156 88.2883
7.14729 87.9
7.15303 90.9817
7.15877 88.828
7.1645 91.879
7.17024 94.1933
7.17597 92
7.18171 92.9159
7.18745 94.2623
7.19318 97.8468
7.19892 97.4891
7.20466 95.8031
7.21039 97.1111
7.21613 98.4343
7.22186 94.7798
7.2276 94.4206
7.23334 97.7477
7.23907 98.9011
7.24481 97.2619
7.25054 99.3361
7.25628 101.65
7.26202 98.2793
7.26775 99.9508
7.27349 101.739
7.27923 103.151
7.28496 105.654
7.2907 103.462
7.29643 107.971
7.30217 103.241
7.30791 108.774
7.31364 107.957
7.31938 107.764
7.32512 112.985
7.33085 110.81
7.33659 117.673
7.34232 114.571
7.34806 119.162
7.3538 125.045
7.35953 120.333
7.36527 133.82
7.371 165.76
7.37674 376.788
7.38248 172.364
7.38821 1323.63
7.39395 1044.77
7.39969 650.359
7.40542 1275.05
7.41116 528.35
7.41689 318.858
7.42263 213
7.42837 191.579
7.4341 178.429
7.43984 178.022
7.44558 178.231
7.45131 186.512
7.45705 204.145
7.46278 212.932
7.46852 241.485
7.47426 261.042
7.47999 269.289
7.48573 264.397
7.49146 244.424
7.4972 221.064
7.50294 202.486
7.50867 180.133
7.51441 162.857
7.52015 150.571
7.52588 139.894
7.53162 134.552
7.53735 126.714
7.54309 116.35
7.54883 115.348
7.55456 111.613
7.5603 111.9
7.56604 109.089
7.57177 98.32
7.57751 99.7391
7.58324 99.7157
7.58898 94.313
7.59472 92.5656
7.60045 95.92
7.60619 91.6911
7.61192 87.9612
7.61766 89.6207
7.6234 85.7228
7.62913 85.2045
7.63487 83.8347
7.64061 86.6667
7.64634 86.935
7.65208 83.9535
7.65781 84.6975
7.66355 84.3469
7.66929 84.4478
7.67502 86.8548
7.68076 88.2547
7.6865 88.2101
7.69223 88.4427
7.69797 88.3559
7.7037 86.802
7.70944 91.5299
7.71518 105.309
7.72091 135.427
7.72665 168.41
7.73238 364.473
7.73812 142.557
7.74386 145.857
7.74959 160.167
7.75533 117.825
7.76107 115.775
7.7668 101.649
7.77254 110.786
7.77827 112.295
7.78401 118.788
7.78975 125.037
7.79548 135.461
7.80122 147.759
7.80696 155.856
7.81269 156.278
7.81843 146.25
7.82416 140.463
7.8299 128.486
7.83564 114.906
7.84137 111.248
7.84711 102.391
7.85284 96.1756
7.85858 92.1339
7.86432 82.8041
7.87005 84.9209
7.87579 84.125
7.88153 82.5246
7.88726 78.2336
7.893 80.3185
7.89873 76.5156
7.90447 74.2451
7.91021 76.9474
7.91594 74.6489
7.92168 74.9
7.92742 74.1792
7.93315 72.6642
7.93889 72.9449
7.94462 71.1062
7.95036 69.8347
7.9561 70.75
7.96183 71.6587
7.96757 69.7524
7.9733 69.7445
7.97904 69.9
7.98478 71.125
7.99051 69.912
7.99625 70.3158
8.00199 71.3952
8.00772 68.0396
8.01346 69.9568
8.01919 68.2406
8.02493 67.7479
8.03067 64.5575
8.0364 71.6838
8.04214 69.6378
8.04788 68.1068
8.05361 67.9424
8.05935 66.7941
8.06508 66.322
8.07082 69.1453
8.07656 63.2555
8.08229 63.1719
8.08803 64.2626
8.09376 61.1888
8.0995 60.1818
8.10524 56.1463
8.11097 52.9381
8.11671 49.2536
8.12245 47.9767
8.12818 45.3333
8.13392 39.9848
8.13965 37.2993
8.14539 36.5
8.15113 32.7387
8.15686 16.5693
8.1626 15
8.16834 18.2203
8.17407 10.7895
8.17981 1.73684
8.18554 0
8.19128 0
8.19702 0
8.20275 0
8.20849 0
8.21422 0
8.21996 0
8.2257 0
8.23143 0
8.23717 0
8.24291 0
8.24864 0
8.25438 0
8.26011 0
8.26585 0
8.27159 0
8.27732 0
8.28306 0
8.2888 0
8.29453 0
8.30027 0
8.306 0
8.31174 0
8.31748 0
8.32321 0
8.32895 0
8.33468 0
8.34042 0
8.34616 0
8.35189 0
8.35763 0
8.36337 0
8.3691 0
8.37484 0
8.38057 0
8.38631 0
8.39205 0
8.39778 0
8.40352 0
8.40926 0
8.41499 0
8.42073 0
8.42646 0
8.4322 0
8.43794 0
8.44367 0
8.44941 0
8.45514 0
8.46088 0
8.46662 0
8.47235 0
8.47809 0
8.48383 0
8.48956 0
8.4953 0
8.50103 0
8.50677 0
8.51251 0
8.51824 0
8.52398 0
8.52972 0
8.53545 0
8.54119 0
8.54692 0
8.55266 0
8.5584 0
8.56413 0
8.56987 0
8.5756 0
8.58134 0
8.58708 0
8.59281 0
8.59855 0
8.60429 0
8.61002 0
8.61576 0
8.62149 0
8.62723 0
8.63297 0
8.6387 0
8.64444 0
8.65018 0
8.65591 0
8.66165 0
8.66738 0
8.67312 0
8.67886 0
8.68459 0
8.69033 0
8.69606 0
8.7018 0
8.70754 0
8.71327 0
8.71901 0
8.72475 0
8.73048 0
8.73622 0
8.74195 0
8.74769 0
8.75343 0
8.75916 0
8.7649 0
8.77064 0
8.77637 0
8.78211 0
8.78784 0
8.79358 0
8.79932 0
8.80505 0
8.81079 0
8.81652 0
8.82226 0
8.828 0
8.83373 0
8.83947 0
8.84521 0
8.85094 0
8.85668 0
8.86241 0
8.86815 0
8.87389 0
8.87962 0
8.88536 0
8.8911 0
8.89683 0
8.90257 0
8.9083 0
8.91404 0
8.91978 0
8.92551 0
8.93125 0
8.93698 0
8.94272 0
8.94846 0
8.95419 0
8.95993 0
8.96567 0
8.9714 0
8.97714 0
8.98287 0
8.98861 0
8.99435 0
9.00008 0
9.00582 0
9.01156 0
9.01729 0
9.02303 0
9.02876 0
9.0345 0
9.04024 0
9.04597 0
9.05171 0
9.05744 0
9.06318 0
9.06892 0
9.07465 0
9.08039 0
9.08613 0
9.09186 0
9.0976 0
9.10333 0
9.10907 0
9.11481 0
9.12054 0
9.12628 0
9.13202 0
9.13775 0
9.14349 0
9.14922 0
9.15496 0
9.1607 0
9.16643 0
9.17217 0
9.1779 0
9.18364 0
9.18938 0
9.19511 0
9.20085 0
9.20659 0
9.21232 0
9.21806 0
9.22379 0
9.22953 0
9.23527 0
9.241 0
9.24674 0
9.25248 0
9.25821 0
9.26395 0
9.26968 0
9.27542 0
9.28116 0
9.28689 0
9.29263 0
9.29836 0
9.3041 0
9.30984 0
9.31557 0
9.32131 0
9.32705 0
9.33278 0
9.33852 0
9.34425 0
9.34999 0
9.35573 0
9.36146 0
9.3672 0
9.37294 0
9.37867 0
9.38441 0
9.39014 0
9.39588 0
9.40162 0
9.40735 0
9.41309 0
9.41882 0
9.42456 0
9.4303 0
9.43603 0
9.44177 0
9.44751 0
9.45324 0
9.45898 0
9.46471 0
9.47045 0
9.47619 0
9.48192 0
9.48766 0
9.4934 0
9.49913 0
9.50487 0
9.5106 0
9.51634 0
9.52208 0
9.52781 0
9.53355 0
9.53928 0
9.54502 0
9.55076 0
9.55649 0
9.56223 0
9.56797 0
9.5737 0
9.57944 0
9.58517 0
9.59091 0
9.59665 0
9.60238 0
9.60812 0
9.61386 0
9.61959 0
9.62533 0
9.63106 0
9.6368 0
9.64254 0
9.64827 0
9.65401 0
9.65974 0
9.66548 0
9.67122 0
9.67695 0
9.68269 0
9.68843 0
9.69416 0
9.6999 0
9.70563 0
9.71137 0
9.71711 0
9.72284 0
9.72858 0
9.73432 0
9.74005 0
9.74579 0
9.75152 0
9.75726 0
9.763 0
9.76873 0
9.77447 0
9.7802 0
9.78594 0
9.79168 0
9.79741 0
9.80315 0
9.80889 0
9.81462 0
9.82036 0
9.82609 0
9.83183 0
9.83757 0
9.8433 0
9.84904 0
9.85478 0
9.86051 0
9.86625 0
9.87198 0
9.87772 0
9.88346 0
9.88919 0
9.89493 0
9.90066 0
9.9064 0
9.91214 0
9.91787 0
9.92361 0
9.92935 0
9.93508 0
9.94082 0
9.94655 0
9.95229 0
9.95803 0
9.96376 0
9.9695 0
9.97524 0
9.98097 0
9.98671 0
9.99244 0
9.99818 0
10.0039 0
10.0097 0
10.0154 0
10.0211 0
10.0269 0
10.0326 0
10.0383 0
10.0441 0
10.0498 0
10.0555 0
10.0613 0
10.067 0
10.0728 0
10.0785 0
10.0842 0
10.09 0
10.0957 0
10.1014 0
10.1072 0
10.1129 0
10.1186 0
10.1244 0
10.1301 0
10.1358 0
10.1416 0
10.1473 0
10.1531 0
10.1588 0
10.1645 0
10.1703 0
10.176 0
10.1817 0
10.1875 0
10.1932 0
10.1989 0
10.2047 0
10.2104 0
10.2162 0
10.2219 0
10.2276 0
10.2334 0
10.2391 0
10.2448 0
10.2506 0
10.2563 0
10.262 0
10.2678 0
10.2735 0
10.2793 0
10.285 0
10.2907 0
10.2965 0
10.3022 0
10.3079 0
10.3137 0
10.3194 0
10.3251 0
10.3309 0
10.3366 0
10.3424 0
10.3481 0
10.3538 0
10.3596 0
10.3653 0
10.371 0
10.3768 0
10.3825 0
10.3882 0
10.394 0
10.3997 0
10.4054 0
10.4112 0
10.4169 0
10.4227 0
10.4284 0
10.4341 0
10.4399 0
10.4456 0
10.4513 0
10.4571 0
10.4628 0
10.4685 0
10.4743 0
10.48 0
10.4858 0
10.4915 0
10.4972 0
10.503 0
10.5087 0
10.5144 0
10.5202 0
10.5259 0
10.5316 0
10.5374 0
10.5431 0
10.5489 0
10.5546 0
10.5603 0
10.5661 0
10.5718 0
10.5775 0
10.5833 0
10.589 0
10.5947 0
10.6005 0
10.6062 0
10.612 0
10.6177 0
10.6234 0
10.6292 0
10.6349 0
10.6406 0
10.6464 0
10.6521 0
10.6578 0
10.6636 0
10.6693 0
10.6751 0
10.6808 0
10.6865 0
10.6923 0
10.698 0
10.7037 0
10.7095 0
10.7152 0
10.7209 0
10.7267 0
10.7324 0
10.7381 0
10.7439 0
10.7496 0
10.7554 0
10.7611 0
10.7668 0
10.7726 0
10.7783 0
10.784 0
10.7898 0
10.7955 0
10.8012 0
10.807 0
10.8127 0
10.8185 0
10.8242 0
10.8299 0
10.8357 0
10.8414 0
10.8471 0
10.8529 0
10.8586 0
10.8643 0
10.8701 0
10.8758 0
10.8816 0
10.8873 0
10.893 0
10.8988 0
10.9045 0
10.9102 0
10.916 0
10.9217 0
10.9274 0
10.9332 0
10.9389 0
10.9447 0
10.9504 0
10.9561 0
10.9619 0
10.9676 0
10.9733 0
10.9791 0
10.9848 0
10.9905 0
10.9963 0
11.002 0
11.0077 0
11.0135 0
11.0192 0
11.025 0
11.0307 0
11.0364 0
11.0422 0
11.0479 0
11.0536 0
11.0594 0
11.0651 0
11.0708 0
11.0766 0
11.0823 0
11.0881 0
11.0938 0
11.0995 0
11.1053 0
11.111 0
11.1167 0
11.1225 0
11.1282 0
11.1339 0
11.1397 0
11.1454 0
11.1512 0
11.1569 0
11.1626 0
11.1684 0
11.1741 0
11.1798 0
11.1856 0
11.1913 0
11.197 0
11.2028 0
11.2085 0
11.2143 0
11.22 0
11.2257 0
11.2315 0
11.2372 0
11.2429 0
11.2487 0
11.2544 0
11.2601 0
11.2659 0
11.2716 0
11.2774 0
11.2831 0
11.2888 0
11.2946 0
11.3003 0
11.306 0
11.3118 0
11.3175 0
11.3232 0
11.329 0
11.3347 0
11.3404 0
11.3462 0
11.3519 0
11.3577 0
11.3634 0
11.3691 0
11.3749 0
11.3806 0
11.3863 0
11.3921 0
11.3978 0
11.4035 0
11.4093 0
11.415 0
11.4208 0
11.4265 0
11.4322 0
11.438 0
11.4437 0
11.4494 0
11.4552 0
11.4609 0
11.4666 0
11.4724 0
11.4781 0
11.4839 0
11.4896 0
11.4953 0
11.5011 0
11.5068 0
11.5125 0
11.5183 0
11.524 0
11.5297 0
11.5355 0
11.5412 0
11.547 0
11.5527 0
11.5584 0
11.5642 0
11.5699 0
11.5756 0
11.5814 0
11.5871 0
11.5928 0
11.5986 0
11.6043 0
11.61 0
11.6158 0
11.6215 0
11.6273 0
11.633 0
11.6387 0
11.6445 0
11.6502 0
11.6559 0
11.6617 0
11.6674 0
11.6731 0
11.6789 0
11.6846 0
11.6904 0
11.6961 0
11.7018 0
11.7076 0
11.7133 0
11.719 0
11.7248 0
11.7305 0
11.7362 0
11.742 0
