0 0
0.00573619 13
0.0114724 -12
0.0172086 0
0.0229448 -26
0.028681 -11
0.0344171 0
0.0401533 9
0.0458895 11
0.0516257 -1
0.0573619 0
0.0630981 2
0.0688343 -2
0.0745705 0
0.0803067 -8
0.0860429 -3
0.091779 0
0.0975152 -7.66667
0.103251 10.3333
0.108988 3.66667
0.114724 0
0.12046 -4.33333
0.126196 8.66667
0.131932 0
0.137669 3
0.143405 6.66667
0.149141 16
0.154877 -18.5
0.160613 13.3333
0.16635 -1.33333
0.172086 0
0.177822 -0.333333
0.183558 -10.25
0.189294 0
0.19503 13.6
0.200767 -6.6
0.206503 15
0.212239 9.5
0.217975 0.6
0.223711 8.6
0.229448 0
0.235184 6.6
0.24092 -4.6
0.246656 0
0.252392 -3.2
0.258129 -3.2
0.263865 10.4
0.269601 0
0.275337 7.8
0.281073 7
0.28681 0
0.292546 13.8571
0.298282 -4.28571
0.304018 3.33333
0.309754 5.25
0.31549 -7
0.321227 -2.57143
0.326963 0
0.332699 12
0.338435 2.28571
0.344171 0
0.349908 -1
0.355644 0.857143
0.36138 21.2
0.367116 4
0.372852 -3.625
0.378589 -3.28571
0.384325 22
0.390061 6.44444
0.395797 -5.88889
0.401533 0
0.40727 12.4444
0.413006 3.66667
0.418742 -4.28571
0.424478 15
0.430214 11.8889
0.43595 -0.555556
0.441687 0
0.447423 11.2222
0.453159 6.88889
0.458895 22
0.464631 13.4286
0.470368 4.18182
0.476104 11.1111
0.48184 6
0.487576 18.4545
0.493312 8.81818
0.499049 0
0.504785 19.4545
0.510521 6.09091
0.516257 11
0.521993 11.3333
0.52773 6.54545
0.533466 18
0.539202 19
0.544938 14.0909
0.550674 21.5455
0.55641 0
0.562147 12.4167
0.567883 13.9231
0.573619 20.4286
0.579355 15
0.585091 13.6154
0.590828 12
0.596564 -0.5
0.6023 15.6923
0.608036 4.38462
0.613772 10
0.619509 12
0.625245 9.23077
0.630981 3.44444
0.636717 13.5
0.642453 21.1538
0.64819 11.9231
0.653926 31
0.659662 14.4667
0.665398 15.4667
0.671134 25.5714
0.67687 12.625
0.682607 15
0.688343 19.6364
0.694079 24.75
0.699815 18.8667
0.705551 11.4
0.711288 22
0.717024 9.92857
0.72276 19.6
0.728496 24.1111
0.734232 21.5
0.739969 17.25
0.745705 21.2308
0.751441 20.6667
0.757177 22.3529
0.762913 12.3529
0.76865 26.6
0.774386 17.25
0.780122 20.2941
0.785858 19.6364
0.791594 14.5
0.79733 25.2941
0.803067 16.3333
0.808803 10.5
0.814539 14
0.820275 17.8824
0.826011 18
0.831748 23.375
0.837484 19.6667
0.84322 13.5385
0.848956 29.3333
0.854692 18.6316
0.860429 10.7059
0.866165 21.2
0.871901 17.5
0.877637 17.7895
0.883373 15.8182
0.88911 27.75
0.894846 17.8421
0.900582 26
0.906318 14.25
0.912054 14.4737
0.91779 17.4118
0.923527 22.6667
0.929263 12.7692
0.934999 15.2
0.940735 25.8462
0.946471 29
0.952208 23.1905
0.957944 12.7647
0.96368 24.25
0.969416 10.6667
0.975152 15.6316
0.980889 17.2727
0.986625 22.4167
0.992361 13.5238
0.998097 19.1333
1.00383 10.5
1.00957 17.4286
1.01531 19.6471
1.02104 18.3
1.02678 15.8235
1.03251 17.1429
1.03825 18.5385
1.04399 19.5833
1.04972 25.087
1.05546 17.3529
1.0612 18
1.06693 12.4348
1.07267 18.8421
1.0784 19.0769
1.08414 21.6429
1.08988 15.3043
1.09561 21.6667
1.10135 8.5
1.10708 25.7826
1.11282 19.0588
1.11856 24.2857
1.12429 13.8333
1.13003 14.7143
1.13577 20.6667
1.1415 18.1429
1.14724 15.6
1.15297 18.3333
1.15871 9.6
1.16445 12.92
1.17018 14.2105
1.17592 18
1.18166 18
1.18739 17.1304
1.19313 19.0667
1.19886 17.3333
1.2046 19.92
1.21034 16.5556
1.21607 19.4444
1.22181 19.0741
1.22754 22.9048
1.23328 13.1765
1.23902 27.9375
1.24475 21.48
1.25049 12.1176
1.25623 9.91667
1.26196 18.5556
1.2677 16.7368
1.27343 20.5385
1.27917 15.9545
1.28491 14.4348
1.29064 18.1765
1.29638 16.2
1.30212 20.9259
1.30785 22.5
1.31359 15.6364
1.31932 15.8621
1.32506 19.8571
1.3308 18.5882
1.33653 16.65
1.34227 10.08
1.348 13.7368
1.35374 18
1.35948 15.6296
1.36521 23.1905
1.37095 14.6
1.37669 19.069
1.38242 16.4783
1.38816 17.4118
1.39389 27.6842
1.39963 19.1481
1.40537 10.25
1.4111 16.2857
1.41684 17.9655
1.42258 19.8261
1.42831 17.5294
1.43405 22.7917
1.43978 19.8
1.44552 24.0476
1.45126 20.625
1.45699 19.1724
1.46273 20.2857
1.46846 12.3333
1.4742 11.2581
1.47994 13.0435
1.48567 12.55
1.49141 18.5714
1.49715 13.1481
1.50288 13.8636
1.50862 11.1875
1.51435 16.3448
1.52009 17.92
1.52583 14.1333
1.53156 9.16667
1.5373 12.44
1.54304 16.619
1.54877 19.65
1.55451 15.2759
1.56024 18.9565
1.56598 16.3571
1.57172 15.3548
1.57745 14.3462
1.58319 25.55
1.58892 21.8
1.59466 19.9259
1.6004 12.4
1.60613 15.5556
1.61187 19.3226
1.61761 19.6
1.62334 13.8571
1.62908 15.2121
1.63481 11.037
1.64055 17.1304
1.64629 19.2273
1.65202 16.6897
1.65776 16.8
1.6635 20.4375
1.66923 25.8387
1.67497 18.3214
1.6807 20.9
1.68644 9.92857
1.69218 19.25
1.69791 17.76
1.70365 21.5
1.70938 18.5484
1.71512 19.1852
1.72086 23.375
1.72659 16.0606
1.73233 17.1034
1.73807 17.913
1.7438 17.1538
1.74954 18.4138
1.75527 16.4444
1.76101 17.2105
1.76675 17.2424
1.77248 22.7143
1.77822 16.4
1.78396 13.3333
1.78969 14.9355
1.79543 11.4815
1.80116 15.9167
1.8069 23.7742
1.81264 15.069
1.81837 16.3889
1.82411 18.9429
1.82984 19.1724
1.83558 17.44
1.84132 22.6923
1.84705 17.0645
1.85279 15.5714
1.85853 19.4348
1.86426 16.6061
1.87 20.0667
1.87573 9.70588
1.88147 18.1429
1.88721 17.3939
1.89294 18.7407
1.89868 12.7692
1.90442 25.2424
1.91015 19.0323
1.91589 18.15
1.92162 16.6571
1.92736 16.8065
1.9331 23.92
1.93883 19.25
1.94457 21.0909
1.9503 22.5667
1.95604 13.8333
1.96178 18.6765
1.96751 17.4062
1.97325 16.75
1.97899 16.3784
1.98472 16.3333
1.99046 19.3103
1.99619 17.3846
2.00193 18.4
2.00767 13.871
2.0134 19.5417
2.01914 17.4857
2.02488 14.5152
2.03061 11.96
2.03635 19.6875
2.04208 13.7353
2.04782 15.0938
2.05356 15.3333
2.05929 19.6111
2.06503 18.1765
2.07076 12.5455
2.0765 19.5946
2.08224 14.0286
2.08797 19.2414
2.09371 19.2143
2.09945 18.8649
2.10518 19.7576
2.11092 11.75
2.11665 21.5946
2.12239 25.0286
2.12813 20.6522
2.13386 14.7838
2.1396 20.0278
2.14534 17.2812
2.15107 21.5385
2.15681 21.5263
2.16254 17.1111
2.16828 17.2727
2.17402 19.1795
2.17975 18.7027
2.18549 17.129
2.19122 15.2333
2.19696 17.5946
2.2027 23.6571
2.20843 22.4167
2.21417 45.9744
2.21991 32.3514
2.22564 22.5
2.23138 21.925
2.23711 16.7632
2.24285 17.4706
2.24859 17.9286
2.25432 18.3947
2.26006 18.8462
2.2658 19.6818
2.27153 16.7073
2.27727 19.3846
2.283 28.7742
2.28874 21.7188
2.29448 15.359
2.30021 17.5135
2.30595 22.7692
2.31168 16.5641
2.31742 22.325
2.32316 15.5455
2.32889 21.881
2.33463 19.9
2.34037 19.9722
2.3461 19.4286
2.35184 19.7143
2.35757 22.5946
2.36331 23.7692
2.36905 22.2195
2.37478 18.9512
2.38052 21.871
2.38626 18.6176
2.39199 20.3721
2.39773 21.973
2.40346 20.7308
2.4092 20.6364
2.41494 19.25
2.42067 14.9091
2.42641 19.0227
2.43214 19.6429
2.43788 14.9429
2.44362 15.9355
2.44935 15.8222
2.45509 18.9744
2.46083 20.1154
2.46656 18.6667
2.4723 17.6585
2.47803 18.6207
2.48377 23.075
2.48951 21.2791
2.49524 22.9231
2.50098 24.1538
2.50672 17.1522
2.51245 20.0952
2.51819 23.75
2.52392 19.8478
2.52966 22.6136
2.5354 22.7273
2.54113 22.1429
2.54687 18.4
2.5526 23.7561
2.55834 14.8462
2.56408 20.1489
2.56981 18.0465
2.57555 22.3448
2.58129 16.4524
2.58702 20.1556
2.59276 20.4595
2.59849 18.1515
2.60423 16.6087
2.60997 18
2.6157 15.6667
2.62144 19.6667
2.62718 20.9783
2.63291 20.1143
2.63865 20.0556
2.64438 21.2766
2.65012 25.4634
2.65586 24.8333
2.66159 20.1702
2.66733 19.3333
2.67306 24.44
2.6788 21.625
2.68454 20.4167
2.69027 23.1795
2.69601 18.7273
2.70175 19.9583
2.70748 20.4
2.71322 21.9259
2.71895 19.625
2.72469 22.9167
2.73043 23.7429
2.73616 17.6316
2.7419 21.1633
2.74764 18.1395
2.75337 25.4
2.75911 22.9184
2.76484 24.2449
2.77058 21.2917
2.77632 25.4286
2.78205 23.72
2.78779 16.6667
2.79352 17.1429
2.79926 18.5
2.805 18.4
2.81073 18.7778
2.81647 21.8846
2.82221 21.0408
2.82794 22.1892
2.83368 23.5526
2.83941 22.1321
2.84515 20.0976
2.85089 18.25
2.85662 18.1509
2.86236 18.8163
2.8681 22.4583
2.87383 22.9815
2.87957 20.04
2.8853 20.0976
2.89104 20
2.89678 22.8269
2.90251 21.7778
2.90825 22.2069
2.91398 23.2037
2.91972 24.5098
2.92546 16.8649
2.93119 22.2381
2.93693 22.5094
2.94267 22.9333
2.9484 23.5938
2.95414 21.7925
2.95987 20.4694
2.96561 23.2593
2.97135 22.3393
2.97708 20.7407
2.98282 27
2.98856 25.2051
2.99429 25.2963
3.00003 21.5957
3.00576 24.871
3.0115 24.7818
3.01724 23.9057
3.02297 20.3514
3.02871 20.0909
3.03444 24.8364
3.04018 26.1111
3.04592 25.9706
3.05165 29.4909
3.05739 28.5098
3.06313 20.6552
3.06886 23.7857
3.0746 26.9636
3.08033 26.8409
3.08607 27.5135
3.09181 30.4286
3.09754 28.0816
3.10328 32.4516
3.10902 29.2712
3.11475 22.9057
3.12049 25.7949
3.12622 30.1304
3.13196 30.2909
3.1377 29.1489
3.14343 31.3333
3.14917 26.569
3.1549 28.3137
3.16064 30.5172
3.16638 27.05
3.17211 27.7818
3.17785 21.5
3.18359 28.0488
3.18932 29.5345
3.19506 31.551
3.20079 26.5882
3.20653 27.7458
3.21227 29.8868
3.218 31.7561
3.22374 28.8333
3.22948 29.9492
3.23521 32.7778
3.24095 36.0513
3.24668 29.35
3.25242 32.6604
3.25816 29.0882
3.26389 30.7895
3.26963 32.5263
3.27536 34
3.2811 35.9756
3.28684 29.7833
3.29257 34.1429
3.29831 33.4444
3.30405 34.2222
3.30978 35.5818
3.31552 37.2791
3.32125 35.75
3.32699 32.2807
3.33273 37.9608
3.33846 34.3077
3.3442 39.9355
3.34994 37.1569
3.35567 37.3684
3.36141 39.8814
3.36714 41.8596
3.37288 42.5
3.37862 39.3023
3.38435 40.5574
3.39009 41.7547
3.39582 49.9167
3.40156 44.5556
3.4073 43.2
3.41303 42.4043
3.41877 43.3542
3.42451 42.9016
3.43024 38.86
3.43598 41.1951
3.44171 38.619
3.44745 43.8571
3.45319 45.3333
3.45892 42.6727
3.46466 49.5763
3.4704 44.76
3.47613 43.4651
3.48187 44.9841
3.4876 45.4151
3.49334 43.5
3.49908 47.4627
3.50481 46.7544
3.51055 44.6596
3.51628 41
3.52202 48.4262
3.52776 47.8148
3.53349 50.1707
3.53923 54.6462
3.54497 66.0556
3.5507 64.8333
3.55644 65.4909
3.56217 55.678
3.56791 54.1346
3.57365 49.6739
3.57938 49.4462
3.58512 48.4364
3.59086 48.9474
3.59659 49.7313
3.60233 46.7119
3.60806 51.8039
3.6138 47.7347
3.61954 53.9683
3.62527 52.3214
3.63101 48.9756
3.63674 58.4925
3.64248 66.2241
3.64822 63.5833
3.65395 72.1754
3.65969 77.4918
3.66543 72.1296
3.67116 68.8696
3.6769 66.5714
3.68263 67.3771
3.68837 67.1053
3.69411 63.1449
3.69984 68.3051
3.70558 66.2963
3.71132 64.7647
3.71705 68.6308
3.72279 73.8929
3.72852 70.7907
3.73426 69.7164
3.74 76.5645
3.74573 71.1
3.75147 73.3636
3.7572 72.0476
3.76294 75.1864
3.76868 71.8182
3.77441 79.1045
3.78015 88.5085
3.78589 83.7447
3.79162 83.6094
3.79736 90.3906
3.80309 93.5714
3.80883 99.1961
3.81457 104.046
3.8203 107.75
3.82604 116.907
3.83178 130.58
3.83751 144.823
3.84325 182.786
3.84898 286.717
3.85472 295.222
3.86046 365.262
3.86619 388.5
3.87193 512.71
3.87766 649.344
3.8834 915.98
3.88914 1105.9
3.89487 1290.35
3.90061 1151.15
3.90635 932.714
3.91208 695.612
3.91782 494.281
3.92355 380.317
3.92929 306.592
3.93503 239.062
3.94076 197.724
3.9465 175.074
3.95224 154.478
3.95797 140.222
3.96371 124.783
3.96944 120.141
3.97518 106.968
3.98092 105.429
3.98665 104.5
3.99239 99.3529
3.99812 100.532
4.00386 95.2449
4.0096 95.971
4.01533 89.8906
4.02107 91.46
4.02681 86.6212
4.03254 88.3939
4.03828 88.3167
4.04401 82.7692
4.04975 83.4789
4.05549 81.5538
4.06122 86.0652
4.06696 80.4058
4.0727 83.1286
4.07843 77.55
4.08417 75.7143
4.0899 78.7794
4.09564 83.875
4.10138 76.3
4.10711 76.3611
4.11285 79.5303
4.11858 78.9107
4.12432 78.6613
4.13006 75.5735
4.13579 78.7302
4.14153 78.3269
4.14727 79.9863
4.153 77.1642
4.15874 74.1364
4.16447 75.5342
4.17021 75.4444
4.17595 75.9032
4.18168 76.7321
4.18742 77.5714
4.19316 83.197
4.19889 78.8
4.20463 80.9189
4.21036 80.6912
4.2161 83.2833
4.22184 79.5345
4.22757 86.3889
4.23331 82.3134
4.23904 78.08
4.24478 78.6933
4.25052 74.6812
4.25625 77.5
4.26199 76.4375
4.26773 80.7361
4.27346 80.6061
4.2792 82.6964
4.28493 79.4861
4.29067 83.4
4.29641 86.5
4.30214 81.2763
4.30788 82.2
4.31362 83.375
4.31935 86.125
4.32509 83.4865
4.33082 86.3623
4.33656 85.14
4.3423 86.8133
4.34803 89.6081
4.35377 91.7581
4.3595 91.1167
4.36524 88.6351
4.37098 98.2714
4.37671 104.796
4.38245 99.4189
4.38819 105.403
4.39392 111.982
4.39966 108.812
4.40539 112.764
4.41113 119.206
4.41687 125.537
4.4226 125.961
4.42834 175.041
4.43408 265.292
4.43981 473.766
4.44555 1142.76
4.45128 753.138
4.45702 1506.07
4.46276 491.829
4.46849 228.333
4.47423 259.019
4.47996 228.303
4.4857 238.392
4.49144 260.923
4.49717 267.222
4.50291 274.447
4.50865 274.329
4.51438 256.673
4.52012 229.215
4.52585 202.653
4.53159 177.333
4.53733 159.563
4.54306 137.812
4.5488 119.507
4.55454 110.175
4.56027 104.5
4.56601 99.9595
4.57174 93.0962
4.57748 82.2949
4.58322 79.6923
4.58895 77.403
4.59469 73.5574
4.60042 73.0641
4.60616 76.2133
4.6119 71.16
4.61763 73.4578
4.62337 73.3462
4.62911 68.9841
4.63484 70.6154
4.64058 67.2317
4.64631 71.8472
4.65205 67.7857
4.65779 65.1625
4.66352 63.1154
4.66926 63.1311
4.675 61.338
4.68073 59.5897
4.68647 61.6849
4.6922 60.4912
4.69794 60.3
4.70368 61.3377
4.70941 59.82
4.71515 60.4941
4.72088 62.05
4.72662 60.971
4.73236 59.1746
4.73809 60.5
4.74383 58.8462
4.74957 59.7885
4.7553 58.4405
4.76104 59.625
4.76677 57.9104
4.77251 55.5385
4.77825 56.7805
4.78398 57.0533
4.78972 52.1455
4.79546 53.7176
4.80119 52.7595
4.80693 54.4615
4.81266 50.6056
4.8184 53.4524
4.82414 52.4521
4.82987 50.6066
4.83561 55.2024
4.84134 57.6
4.84708 51.8491
4.85282 50.0824
4.85855 47.5488
4.86429 49.2113
4.87003 48.6885
4.87576 50.0581
4.8815 45.8718
4.88723 48.2593
4.89297 49.1412
4.89871 49.9048
4.90444 52.9155
4.91018 48.9851
4.91592 52.7143
4.92165 51.6709
4.92739 45.0351
4.93312 46.7791
4.93886 48.1786
4.9446 48.3582
4.95033 41.507
4.95607 44.814
4.9618 45.6234
4.96754 45.5932
4.97328 49.8023
4.97901 47.1566
4.98475 49.8197
4.99049 47.0385
4.99622 47.1023
5.00196 46.1233
5.00769 45.4603
5.01343 45.9318
5.01917 48.2892
5.0249 40.283
5.03064 45.9111
5.03638 48.314
5.04211 51.52
5.04785 41.7846
5.05358 44.7093
5.05932 47.0494
5.06506 46.3509
5.07079 47.6023
5.07653 43.3678
5.08226 47.2958
5.088 44.1268
5.09374 42.8
5.09947 47.4545
5.10521 42.5873
5.11095 44.6222
5.11668 44.5529
5.12242 43.8939
5.12815 44.2857
5.13389 44.6
5.13963 44.7922
5.14536 46.8361
5.1511 42.413
5.15684 42.8554
5.16257 42.7258
5.16831 41.6548
5.17404 43.1685
5.17978 41.2564
5.18552 41.6567
5.19125 42.0556
5.19699 46.1205
5.20272 43.1864
5.20846 44.413
5.2142 42.6404
5.21993 42.8947
5.22567 42.1884
5.23141 40.3478
5.23714 42.0123
5.24288 44.7541
5.24861 40.5978
5.25435 46.6517
5.26009 43.5286
5.26582 46.3158
5.27156 40.9451
5.2773 44.575
5.28303 43.6923
5.28877 44.266
5.2945 41.0115
5.30024 40.4861
5.30598 42.3291
5.31171 47.5281
5.31745 46.0488
5.32318 42.8462
5.32892 42.4894
5.33466 46.2299
5.34039 44.3182
5.34613 44.4471
5.35187 45.3407
5.3576 48.4198
5.36334 45.7761
5.36907 43.0104
5.37481 44.7882
5.38055 39.8361
5.38628 46.3958
5.39202 43.3517
5.39776 49.9625
5.40349 47.6761
5.40923 49.7604
5.41496 43.963
5.4207 44.9365
5.42644 44.4388
5.43217 46.6854
5.43791 43.2949
5.44364 44.6712
5.44938 40.6289
5.45512 49.0122
5.46085 44.9104
5.46659 46.3061
5.47233 45.1573
5.47806 43.9605
5.4838 44.2469
5.48953 42.7097
5.49527 43.869
5.50101 44.2687
5.50674 44.1224
5.51248 43.9663
5.51822 42.2027
5.52395 48.0964
5.52969 46.5914
5.53542 40.5
5.54116 43.8382
5.5469 42.3333
5.55263 45.0444
5.55837 42.5417
5.5641 44.8539
5.56984 45.6344
5.57558 45.0357
5.58131 42.0137
5.58705 47.3434
5.59279 47.3636
5.59852 45.5397
5.60426 43.8
5.60999 46.0323
5.61573 50.7439
5.62147 46.1333
5.6272 47.5567
5.63294 45.4419
5.63868 43.806
5.64441 46.402
5.65015 47.043
5.65588 44.8929
5.66162 47.6493
5.66736 43.5758
5.67309 47.0349
5.67883 45.7826
5.68456 46.7426
5.6903 47.6556
5.69604 45.7439
5.70177 47.6506
5.70751 49.8632
5.71325 53.5227
5.71898 50.8451
5.72472 47.3333
5.73045 48.3011
5.73619 47.175
5.74193 48.1011
5.74766 49.7684
5.7534 49.6136
5.75914 49.3099
5.76487 51.0693
5.77061 52.8723
5.77634 53.859
5.78208 52.3146
5.78782 49.0722
5.79355 51.8721
5.79929 51.16
5.80502 47.9307
5.81076 49.1522
5.8165 50.6216
5.82223 51.3542
5.82797 55.0714
5.83371 55.2674
5.83944 53.8354
5.84518 52.9192
5.85091 54.6875
5.85665 52.0462
5.86239 51.7905
5.86812 51.0612
5.87386 51.7907
5.8796 53.7848
5.88533 52.7129
5.89107 53.3587
5.8968 50.0435
5.90254 54.219
5.90828 52.1531
5.91401 56.4535
5.91975 55.3614
5.92548 56.1313
5.93122 56
5.93696 55.3425
5.94269 54.3238
5.94843 52.6562
5.95417 57.1364
5.9599 55.3882
5.96564 55.3333
5.97137 60.1596
5.97711 58.2877
5.98285 55.7573
5.98858 59.1327
5.99432 57.5
6.00006 64.2697
6.00579 61.6263
6.01153 62.9574
6.01726 63.6
6.023 61.4
6.02874 62.1667
6.03447 63.9545
6.04021 59.0556
6.04594 63.898
6.05168 63.6667
6.05742 61.3377
6.06315 62.2762
6.06889 65.8229
6.07463 70.0476
6.08036 65.6489
6.0861 66.898
6.09183 68.7188
6.09757 68.3974
6.10331 68.0094
6.10904 65.1146
6.11478 67.5349
6.12052 69.1979
6.12625 67.05
6.13199 71.9255
6.13772 66.3659
6.14346 69.0196
6.1492 70.29
6.15493 73.7
6.16067 73.4412
6.1664 71.102
6.17214 72.0957
6.17788 76.0119
6.18361 73.1765
6.18935 75.404
6.19509 81.52
6.20082 78.2661
6.20656 82.5392
6.21229 86.1667
6.21803 84.939
6.22377 87.5189
6.2295 94.58
6.23524 98.8667
6.24098 94.6239
6.24671 94.6765
6.25245 110.543
6.25818 117.779
6.26392 113.314
6.26966 160.5
6.27539 384.907
6.28113 161.615
6.28686 1530.46
6.2926 4873.33
6.29834 567.75
6.30407 922.981
6.30981 624.51
6.31555 393.962
6.32128 191.444
6.32702 183
6.33275 178
6.33849 165.886
6.34423 157.548
6.34996 167.118
6.3557 175.474
6.36144 183.13
6.36717 203.327
6.37291 221.368
6.37864 224.956
6.38438 212.821
6.39012 201.451
6.39585 186.275
6.40159 167.676
6.40732 145.167
6.41306 133.011
6.4188 122.772
6.42453 110.802
6.43027 106.725
6.43601 98.8781
6.44174 102.774
6.44748 101.25
6.45321 93.6596
6.45895 95.9457
6.46469 92.5524
6.47042 92.6116
6.47616 87.5
6.4819 88.0727
6.48763 82.9537
6.49337 86.3979
6.4991 79.8316
6.50484 76.9815
6.51058 78.3627
6.51631 81.1071
6.52205 80.2273
6.52778 83.0185
6.53352 82.7391
6.53926 81.1562
6.54499 81.2593
6.55073 81.451
6.55647 79.5119
6.5622 77.5575
6.56794 75.9537
6.57367 80.3548
6.57941 78.2
6.58515 79.0446
6.59088 79.2019
6.59662 79.4048
6.60236 79.886
6.60809 77.4245
6.61383 76.1075
6.61956 78.268
6.6253 77.6161
6.63104 78.1863
6.63677 76.5116
6.64251 75.7632
6.64824 80.5421
6.65398 76.9451
6.65972 79.6274
6.66545 76.3304
6.67119 79.1635
6.67693 81.1512
6.68266 74.3017
6.6884 76.4815
6.69413 79.3297
6.69987 77.767
6.70561 80.5268
6.71134 75.7404
6.71708 77.1591
6.72282 73.6667
6.72855 74.5833
6.73429 79.9663
6.74002 75.0283
6.74576 77.6348
6.7515 76.6019
6.75723 70.9326
6.76297 73.9483
6.7687 72.9107
6.77444 74.1798
6.78018 74.4095
6.78591 73.6034
6.79165 71.0187
6.79739 73.6207
6.80312 75.7018
6.80886 73.0804
6.81459 76.4286
6.82033 72.9905
6.82607 74.1897
6.8318 75.8571
6.83754 76.3068
6.84328 77.1966
6.84901 75.3929
6.85475 76.2637
6.86048 71.6973
6.86622 75.3966
6.87196 77.6075
6.87769 73.8506
6.88343 74.322
6.88916 79.4298
6.8949 72.7126
6.90064 74.4071
6.90637 76.807
6.91211 75.8598
6.91785 78.8161
6.92358 77.157
6.92932 76.9115
6.93505 76.5169
6.94079 76.5929
6.94653 74.8534
6.95226 75.3925
6.958 75.2747
6.96374 77.0083
6.96947 76.0877
6.97521 77.9121
6.98094 75.6216
6.98668 76.5776
6.99242 77.6697
6.99815 77.2135
7.00389 75.5333
7.00962 75.5776
7.01536 78.6848
7.0211 78.3545
7.02683 78.0413
7.03257 79.7757
7.03831 76.3011
7.04404 80.5738
7.04978 80.3304
7.05551 78.9787
7.06125 80.1468
7.06699 79.0492
7.07272 82.578
7.07846 80.764
7.0842 83.8361
7.08993 80.4224
7.09567 82.0645
7.1014 84.062
7.10714 82.958
7.11288 85.789
7.11861 80.087
7.12435 82.9758
7.13008 84.359
7.13582 85.9375
7.14156 82.4595
7.14729 86.725
7.15303 84.5138
7.15877 87.4194
7.1645 87.8226
7.17024 87.6471
7.17597 88.0408
7.18171 86.6168
7.18745 87.0984
7.19318 88.4955
7.19892 86.4457
7.20466 89.4016
7.21039 90.2564
7.21613 92.3535
7.22186 91.9541
7.2276 89.9206
7.23334 91.8739
7.23907 88.6264
7.24481 94.6111
7.25054 93.0084
7.25628 94.79
7.26202 91.4865
7.26775 93.8279
7.27349 94.3964
7.27923 93.5699
7.28496 98.6299
7.2907 96.8655
7.29643 100.165
7.30217 101.009
7.30791 99.9919
7.31364 97.735
7.31938 100.326
7.32512 103.254
7.33085 105.388
7.33659 111.231
7.34232 110.238
7.34806 112.115
7.3538 119.252
7.35953 109.118
7.36527 124.375
7.371 150.595
7.37674 332.048
7.38248 155.9
7.38821 1131.12
7.39395 941.129
7.39969 549.315
7.40542 1068.96
7.41116 454.764
7.41689 287.377
7.42263 205.486
7.42837 183.397
7.4341 172.84
7.43984 167.809
7.44558 170.881
7.45131 177.959
7.45705 185.782
7.46278 196.388
7.46852 216.485
7.47426 237.381
7.47999 246.467
7.48573 241.397
7.49146 227.8
7.4972 209.582
7.50294 188.243
7.50867 168.789
7.51441 155.42
7.52015 140.846
7.52588 132.394
7.53162 121.944
7.53735 118.134
7.54309 109.107
7.54883 104.455
7.55456 100.151
7.5603 105.633
7.56604 98.3407
7.57177 91.4
7.57751 92.7652
7.58324 88.6373
7.58898 90.4351
7.59472 87.1803
7.60045 86.2
7.60619 85.6992
7.61192 80.8527
7.61766 81.6552
7.6234 82.6337
7.62913 84.2273
7.63487 84.3884
7.64061 82.8333
7.64634 86.3984
7.65208 84.0388
7.65781 81.6639
7.66355 84.8469
7.66929 81.3881
7.67502 79.1774
7.68076 79.8868
7.6865 80.5042
7.69223 78.8855
7.69797 79.822
7.7037 82.9406
7.70944 79.1269
7.71518 97.5772
7.72091 130.709
7.72665 155.231
7.73238 340.961
7.73812 128.852
7.74386 165.061
7.74959 171.493
7.75533 113.817
7.76107 101.189
7.7668 99.0088
7.77254 104.336
7.77827 105.197
7.78401 110.727
7.78975 120.607
7.79548 126.805
7.80122 135.81
7.80696 141.441
7.81269 146.293
7.81843 137.315
7.82416 131.063
7.8299 115.4
7.83564 106.477
7.84137 100.188
7.84711 93.3182
7.85284 87.2137
7.85858 85.7953
7.86432 83.1649
7.87005 78.6259
7.87579 75.2031
7.88153 77.2869
7.88726 74.5514
7.893 71.8815
7.89873 72.5938
7.90447 68.0196
7.91021 70.9323
7.91594 68.2061
7.92168 70.475
7.92742 68.9717
7.93315 67.8321
7.93889 69.4646
7.94462 67.3982
7.95036 66.5455
7.9561 66.4924
7.96183 68.3889
7.96757 65.3048
7.9733 66.3285
7.97904 68.0769
7.98478 63.2589
7.99051 61.048
7.99625 63.9474
8.00199 68.1129
8.00772 64.1485
8.01346 64.777
8.01919 65.188
8.02493 64.8151
8.03067 62.3009
8.0364 63.1324
8.04214 60.5827
8.04788 61.0388
8.05361 61.1655
8.05935 59.7647
8.06508 61.3814
8.07082 59.0427
8.07656 62.0803
8.08229 61.3906
8.08803 60.6667
8.09376 56.4056
8.0995 53.7121
8.10524 48.5447
8.11097 50.4336
8.11671 42.3696
8.12245 45.8837
8.12818 42.3964
8.13392 37.4848
8.13965 32.2044
8.14539 33.871
8.15113 27.3604
8.15686 15.8467
8.1626 15.3951
8.16834 17.5085
8.17407 11.7632
8.17981 0.789474
8.18554 0
8.19128 0
8.19702 0
8.20275 0
8.20849 0
8.21422 0
8.21996 0
8.2257 0
8.23143 0
8.23717 0
8.24291 0
8.24864 0
8.25438 0
8.26011 0
8.26585 0
8.27159 0
8.27732 0
8.28306 0
8.2888 0
8.29453 0
8.30027 0
8.306 0
8.31174 0
8.31748 0
8.32321 0
8.32895 0
8.33468 0
8.34042 0
8.34616 0
8.35189 0
8.35763 0
8.36337 0
8.3691 0
8.37484 0
8.38057 0
8.38631 0
8.39205 0
8.39778 0
8.40352 0
8.40926 0
8.41499 0
8.42073 0
8.42646 0
8.4322 0
8.43794 0
8.44367 0
8.44941 0
8.45514 0
8.46088 0
8.46662 0
8.47235 0
8.47809 0
8.48383 0
8.48956 0
8.4953 0
8.50103 0
8.50677 0
8.51251 0
8.51824 0
8.52398 0
8.52972 0
8.53545 0
8.54119 0
8.54692 0
8.55266 0
8.5584 0
8.56413 0
8.56987 0
8.5756 0
8.58134 0
8.58708 0
8.59281 0
8.59855 0
8.60429 0
8.61002 0
8.61576 0
8.62149 0
8.62723 0
8.63297 0
8.6387 0
8.64444 0
8.65018 0
8.65591 0
8.66165 0
8.66738 0
8.67312 0
8.67886 0
8.68459 0
8.69033 0
8.69606 0
8.7018 0
8.70754 0
8.71327 0
8.71901 0
8.72475 0
8.73048 0
8.73622 0
8.74195 0
8.74769 0
8.75343 0
8.75916 0
8.7649 0
8.77064 0
8.77637 0
8.78211 0
8.78784 0
8.79358 0
8.79932 0
8.80505 0
8.81079 0
8.81652 0
8.82226 0
8.828 0
8.83373 0
8.83947 0
8.84521 0
8.85094 0
8.85668 0
8.86241 0
8.86815 0
8.87389 0
8.87962 0
8.88536 0
8.8911 0
8.89683 0
8.90257 0
8.9083 0
8.91404 0
8.91978 0
8.92551 0
8.93125 0
8.93698 0
8.94272 0
8.94846 0
8.95419 0
8.95993 0
8.96567 0
8.9714 0
8.97714 0
8.98287 0
8.98861 0
8.99435 0
9.00008 0
9.00582 0
9.01156 0
9.01729 0
9.02303 0
9.02876 0
9.0345 0
9.04024 0
9.04597 0
9.05171 0
9.05744 0
9.06318 0
9.06892 0
9.07465 0
9.08039 0
9.08613 0
9.09186 0
9.0976 0
9.10333 0
9.10907 0
9.11481 0
9.12054 0
9.12628 0
9.13202 0
9.13775 0
9.14349 0
9.14922 0
9.15496 0
9.1607 0
9.16643 0
9.17217 0
9.1779 0
9.18364 0
9.18938 0
9.19511 0
9.20085 0
9.20659 0
9.21232 0
9.21806 0
9.22379 0
9.22953 0
9.23527 0
9.241 0
9.24674 0
9.25248 0
9.25821 0
9.26395 0
9.26968 0
9.27542 0
9.28116 0
9.28689 0
9.29263 0
9.29836 0
9.3041 0
9.30984 0
9.31557 0
9.32131 0
9.32705 0
9.33278 0
9.33852 0
9.34425 0
9.34999 0
9.35573 0
9.36146 0
9.3672 0
9.37294 0
9.37867 0
9.38441 0
9.39014 0
9.39588 0
9.40162 0
9.40735 0
9.41309 0
9.41882 0
9.42456 0
9.4303 0
9.43603 0
9.44177 0
9.44751 0
9.45324 0
9.45898 0
9.46471 0
9.47045 0
9.47619 0
9.48192 0
9.48766 0
9.4934 0
9.49913 0
9.50487 0
9.5106 0
9.51634 0
9.52208 0
9.52781 0
9.53355 0
9.53928 0
9.54502 0
9.55076 0
9.55649 0
9.56223 0
9.56797 0
9.5737 0
9.57944 0
9.58517 0
9.59091 0
9.59665 0
9.60238 0
9.60812 0
9.61386 0
9.61959 0
9.62533 0
9.63106 0
9.6368 0
9.64254 0
9.64827 0
9.65401 0
9.65974 0
9.66548 0
9.67122 0
9.67695 0
9.68269 0
9.68843 0
9.69416 0
9.6999 0
9.70563 0
9.71137 0
9.71711 0
9.72284 0
9.72858 0
9.73432 0
9.74005 0
9.74579 0
9.75152 0
9.75726 0
9.763 0
9.76873 0
9.77447 0
9.7802 0
9.78594 0
9.79168 0
9.79741 0
9.80315 0
9.80889 0
9.81462 0
9.82036 0
9.82609 0
9.83183 0
9.83757 0
9.8433 0
9.84904 0
9.85478 0
9.86051 0
9.86625 0
9.87198 0
9.87772 0
9.88346 0
9.88919 0
9.89493 0
9.90066 0
9.9064 0
9.91214 0
9.91787 0
9.92361 0
9.92935 0
9.93508 0
9.94082 0
9.94655 0
9.95229 0
9.95803 0
9.96376 0
9.9695 0
9.97524 0
9.98097 0
9.98671 0
9.99244 0
9.99818 0
10.0039 0
10.0097 0
10.0154 0
10.0211 0
10.0269 0
10.0326 0
10.0383 0
10.0441 0
10.0498 0
10.0555 0
10.0613 0
10.067 0
10.0728 0
10.0785 0
10.0842 0
10.09 0
10.0957 0
10.1014 0
10.1072 0
10.1129 0
10.1186 0
10.1244 0
10.1301 0
10.1358 0
10.1416 0
10.1473 0
10.1531 0
10.1588 0
10.1645 0
10.1703 0
10.176 0
10.1817 0
10.1875 0
10.1932 0
10.1989 0
10.2047 0
10.2104 0
10.2162 0
10.2219 0
10.2276 0
10.2334 0
10.2391 0
10.2448 0
10.2506 0
10.2563 0
10.262 0
10.2678 0
10.2735 0
10.2793 0
10.285 0
10.2907 0
10.2965 0
10.3022 0
10.3079 0
10.3137 0
10.3194 0
10.3251 0
10.3309 0
10.3366 0
10.3424 0
10.3481 0
10.3538 0
10.3596 0
10.3653 0
10.371 0
10.3768 0
10.3825 0
10.3882 0
10.394 0
10.3997 0
10.4054 0
10.4112 0
10.4169 0
10.4227 0
10.4284 0
10.4341 0
10.4399 0
10.4456 0
10.4513 0
10.4571 0
10.4628 0
10.4685 0
10.4743 0
10.48 0
10.4858 0
10.4915 0
10.4972 0
10.503 0
10.5087 0
10.5144 0
10.5202 0
10.5259 0
10.5316 0
10.5374 0
10.5431 0
10.5489 0
10.5546 0
10.5603 0
10.5661 0
10.5718 0
10.5775 0
10.5833 0
10.589 0
10.5947 0
10.6005 0
10.6062 0
10.612 0
10.6177 0
10.6234 0
10.6292 0
10.6349 0
10.6406 0
10.6464 0
10.6521 0
10.6578 0
10.6636 0
10.6693 0
10.6751 0
10.6808 0
10.6865 0
10.6923 0
10.698 0
10.7037 0
10.7095 0
10.7152 0
10.7209 0
10.7267 0
10.7324 0
10.7381 0
10.7439 0
10.7496 0
10.7554 0
10.7611 0
10.7668 0
10.7726 0
10.7783 0
10.784 0
10.7898 0
10.7955 0
10.8012 0
10.807 0
10.8127 0
10.8185 0
10.8242 0
10.8299 0
10.8357 0
10.8414 0
10.8471 0
10.8529 0
10.8586 0
10.8643 0
10.8701 0
10.8758 0
10.8816 0
10.8873 0
10.893 0
10.8988 0
10.9045 0
10.9102 0
10.916 0
10.9217 0
10.9274 0
10.9332 0
10.9389 0
10.9447 0
10.9504 0
10.9561 0
10.9619 0
10.9676 0
10.9733 0
10.9791 0
10.9848 0
10.9905 0
10.9963 0
11.002 0
11.0077 0
11.0135 0
11.0192 0
11.025 0
11.0307 0
11.0364 0
11.0422 0
11.0479 0
11.0536 0
11.0594 0
11.0651 0
11.0708 0
11.0766 0
11.0823 0
11.0881 0
11.0938 0
11.0995 0
11.1053 0
11.111 0
11.1167 0
11.1225 0
11.1282 0
11.1339 0
11.1397 0
11.1454 0
11.1512 0
11.1569 0
11.1626 0
11.1684 0
11.1741 0
11.1798 0
11.1856 0
11.1913 0
11.197 0
11.2028 0
11.2085 0
11.2143 0
11.22 0
11.2257 0
11.2315 0
11.2372 0
11.2429 0
11.2487 0
11.2544 0
11.2601 0
11.2659 0
11.2716 0
11.2774 0
11.2831 0
11.2888 0
11.2946 0
11.3003 0
11.306 0
11.3118 0
11.3175 0
11.3232 0
11.329 0
11.3347 0
11.3404 0
11.3462 0
11.3519 0
11.3577 0
11.3634 0
11.3691 0
11.3749 0
11.3806 0
11.3863 0
11.3921 0
11.3978 0
11.4035 0
11.4093 0
11.415 0
11.4208 0
11.4265 0
11.4322 0
11.438 0
11.4437 0
11.4494 0
11.4552 0
11.4609 0
11.4666 0
11.4724 0
11.4781 0
11.4839 0
11.4896 0
11.4953 0
11.5011 0
11.5068 0
11.5125 0
11.5183 0
11.524 0
11.5297 0
11.5355 0
11.5412 0
11.547 0
11.5527 0
11.5584 0
11.5642 0
11.5699 0
11.5756 0
11.5814 0
11.5871 0
11.5928 0
11.5986 0
11.6043 0
11.61 0
11.6158 0
11.6215 0
11.6273 0
11.633 0
11.6387 0
11.6445 0
11.6502 0
11.6559 0
11.6617 0
11.6674 0
11.6731 0
11.6789 0
11.6846 0
11.6904 0
11.6961 0
11.7018 0
11.7076 0
11.7133 0
11.719 0
11.7248 0
11.7305 0
11.7362 0
11.742 0
