0 0
0.00573619 35
0.0114724 7
0.0172086 0
0.0229448 -22
0.028681 -4
0.0344171 0
0.0401533 -13
0.0458895 -1
0.0516257 15
0.0573619 0
0.0630981 -8
0.0688343 14
0.0745705 0
0.0803067 4
0.0860429 -6
0.091779 0
0.0975152 4.33333
0.103251 -19.3333
0.108988 -2.33333
0.114724 0
0.12046 4
0.126196 15.3333
0.131932 0
0.137669 8
0.143405 -13
0.149141 32
0.154877 -2.5
0.160613 2.66667
0.16635 2
0.172086 0
0.177822 -9.33333
0.183558 -1
0.189294 0
0.19503 3.2
0.200767 12
0.206503 8.33333
0.212239 -16.5
0.217975 3.2
0.223711 7.6
0.229448 0
0.235184 -6.2
0.24092 -1.2
0.246656 0
0.252392 -2.6
0.258129 3.6
0.263865 0.4
0.269601 0
0.275337 1.6
0.281073 1.42857
0.28681 0
0.292546 1.14286
0.298282 -4.28571
0.304018 13.6667
0.309754 -1.5
0.31549 5.71429
0.321227 13.1429
0.326963 0
0.332699 6.28571
0.338435 -6.28571
0.344171 0
0.349908 13
0.355644 -0.571429
0.36138 13
0.367116 -1.5
0.372852 1.375
0.378589 1
0.384325 3
0.390061 12.7778
0.395797 2.77778
0.401533 0
0.40727 1.22222
0.413006 7.77778
0.418742 5.42857
0.424478 4.5
0.430214 6.33333
0.43595 13.2222
0.441687 0
0.447423 25.6667
0.453159 19.8889
0.458895 19.3333
0.464631 16.8571
0.470368 13.7273
0.476104 19.1111
0.48184 13.5
0.487576 23.4545
0.493312 10
0.499049 0
0.504785 26.7273
0.510521 21
0.516257 22.2
0.521993 25.6667
0.52773 31.1818
0.533466 31.2222
0.539202 27.5
0.544938 23.0909
0.550674 25.0909
0.55641 0
0.562147 26.5
0.567883 15.7692
0.573619 19.8571
0.579355 22.1667
0.585091 23.3077
0.590828 18.6364
0.596564 16
0.6023 20.6923
0.608036 13.5385
0.613772 30.2
0.619509 23.25
0.625245 18.7692
0.630981 28.5556
0.636717 16.25
0.642453 22.3846
0.64819 28.3846
0.653926 21
0.659662 27.9333
0.665398 34.8
0.671134 29.8571
0.67687 29.625
0.682607 26.6
0.688343 21
0.694079 16.75
0.699815 27.3333
0.705551 23.5333
0.711288 20
0.717024 26.8571
0.72276 29.6667
0.728496 22.5556
0.734232 29
0.739969 29.1875
0.745705 29.5385
0.751441 12.3333
0.757177 34.0588
0.762913 33.1176
0.76865 29
0.774386 22.8333
0.780122 30.9412
0.785858 34.1818
0.791594 28
0.79733 32.4118
0.803067 34.5333
0.808803 38.5
0.814539 27.8235
0.820275 30.2941
0.826011 28.7778
0.831748 29.25
0.837484 24.2222
0.84322 27.6154
0.848956 22.8333
0.854692 23.8421
0.860429 33.5882
0.866165 45.6
0.871901 22
0.877637 30.6316
0.883373 23.8182
0.88911 29.625
0.894846 31.9474
0.900582 26.4
0.906318 22.25
0.912054 32
0.91779 32.7647
0.923527 31.1111
0.929263 28.9231
0.934999 30.25
0.940735 32.3077
0.946471 33.875
0.952208 29.619
0.957944 34.6471
0.96368 29.75
0.969416 31.2857
0.975152 38.7895
0.980889 28.9091
0.986625 36.25
0.992361 27.6667
0.998097 34.6667
1.00383 30.6667
1.00957 31.4762
1.01531 28.1176
1.02104 29.9
1.02678 33.8824
1.03251 26.619
1.03825 31.7692
1.04399 30.1667
1.04972 28.8696
1.05546 32.7647
1.0612 22.3333
1.06693 29.9565
1.07267 25.1579
1.0784 41.7692
1.08414 28.3571
1.08988 29.1304
1.09561 27.2667
1.10135 26.75
1.10708 31.7826
1.11282 39.3529
1.11856 30.1429
1.12429 30.6667
1.13003 26.619
1.13577 40.2667
1.1415 38.6429
1.14724 31.4
1.15297 27.4667
1.15871 28.8
1.16445 32.24
1.17018 34.7895
1.17592 28.6923
1.18166 36.7222
1.18739 31.2609
1.19313 27.8
1.19886 44.3333
1.2046 35.04
1.21034 31.8889
1.21607 24
1.22181 35.5556
1.22754 31.9048
1.23328 28.1176
1.23902 23.5625
1.24475 32.84
1.25049 22.5882
1.25623 23.4167
1.26196 33.1852
1.2677 28.7368
1.27343 31.2308
1.27917 29.5
1.28491 32.8696
1.29064 27.2941
1.29638 33.2667
1.30212 33.3704
1.30785 24.6111
1.31359 30.2727
1.31932 23.6552
1.32506 40.2857
1.3308 35.4706
1.33653 28.25
1.34227 26.56
1.348 33.0526
1.35374 33.5714
1.35948 29.8889
1.36521 35.0476
1.37095 35.5
1.37669 34.2414
1.38242 30.3913
1.38816 32.1176
1.39389 37.7895
1.39963 39.037
1.40537 32.7
1.4111 32.8571
1.41684 32.3793
1.42258 27.1739
1.42831 32.8824
1.43405 37.1667
1.43978 31.64
1.44552 26
1.45126 32.0625
1.45699 31.3448
1.46273 32.9048
1.46846 27.5833
1.4742 34.1613
1.47994 35.2609
1.48567 25.75
1.49141 29.7619
1.49715 27.7037
1.50288 25.6364
1.50862 29.4375
1.51435 28.8276
1.52009 31.52
1.52583 27.8
1.53156 31.8
1.5373 29.32
1.54304 26.2381
1.54877 29.6
1.55451 33.7931
1.56024 25.5652
1.56598 32.1429
1.57172 30.871
1.57745 26.3077
1.58319 34.9
1.58892 32.88
1.59466 31.8889
1.6004 29.04
1.60613 29
1.61187 27.5484
1.61761 29.64
1.62334 34.2143
1.62908 28.7879
1.63481 29
1.64055 31.9565
1.64629 31.3182
1.65202 27.9655
1.65776 30.48
1.6635 36.375
1.66923 35.0323
1.67497 30.3929
1.6807 25.45
1.68644 23.75
1.69218 27.4286
1.69791 28.88
1.70365 23.4091
1.70938 37.0968
1.71512 39.9259
1.72086 20.875
1.72659 28.3939
1.73233 27.5172
1.73807 27.3478
1.7438 23.1923
1.74954 31.4828
1.75527 24.8148
1.76101 28.8421
1.76675 32.8182
1.77248 32.5714
1.77822 26.15
1.78396 32.6
1.78969 32.5161
1.79543 30.3704
1.80116 30.75
1.8069 35.2581
1.81264 28.3448
1.81837 30.2222
1.82411 32.7429
1.82984 30.4828
1.83558 31.68
1.84132 32.1538
1.84705 33.129
1.85279 30.0714
1.85853 33.2174
1.86426 31.5758
1.87 30.4
1.87573 30.2941
1.88147 32.0857
1.88721 30.5152
1.89294 31.3333
1.89868 33.3462
1.90442 28.1515
1.91015 35
1.91589 33.15
1.92162 34.2286
1.92736 34.0645
1.9331 33.32
1.93883 35.5714
1.94457 34.2424
1.9503 34.7
1.95604 39.3333
1.96178 31.0588
1.96751 34.6875
1.97325 25.2
1.97899 31.9189
1.98472 29.5758
1.99046 26.4483
1.99619 24.5385
2.00193 24.4571
2.00767 29.129
2.0134 28.0417
2.01914 35.0286
2.02488 27.9697
2.03061 32.6
2.03635 28.5625
2.04208 25.7059
2.04782 24.25
2.05356 27.8333
2.05929 33.1111
2.06503 30.0882
2.07076 27.7727
2.0765 30.2703
2.08224 30.0857
2.08797 34.2759
2.09371 32.0357
2.09945 32.5405
2.10518 32.6364
2.11092 33.4583
2.11665 30.4324
2.12239 23.0857
2.12813 25
2.13386 32.1351
2.1396 32.9167
2.14534 30.8438
2.15107 35.4231
2.15681 36.7368
2.16254 34.1389
2.16828 37.4545
2.17402 30.4103
2.17975 32.7297
2.18549 32.7742
2.19122 33.2333
2.19696 32.7297
2.2027 30.9714
2.20843 39.8333
2.21417 58.0256
2.21991 57.027
2.22564 33.4091
2.23138 39.725
2.23711 33.9737
2.24285 32.5294
2.24859 33.3571
2.25432 33.5
2.26006 36.0256
2.2658 30.3182
2.27153 36.2439
2.27727 31.4103
2.283 28.1613
2.28874 33.75
2.29448 33.2051
2.30021 33.0811
2.30595 29.4615
2.31168 34.2564
2.31742 32.2
2.32316 34.0455
2.32889 35.4048
2.33463 37.45
2.34037 33.9444
2.3461 29.4286
2.35184 37.4762
2.35757 34.5946
2.36331 27.8846
2.36905 31.6829
2.37478 38.4878
2.38052 35.6129
2.38626 34.8529
2.39199 33.8605
2.39773 31.8649
2.40346 29.7308
2.4092 30.9773
2.41494 33.075
2.42067 33.9091
2.42641 34.5455
2.43214 36.6429
2.43788 33.9143
2.44362 32.0323
2.44935 39.1556
2.45509 35.6154
2.46083 35.1538
2.46656 28.9556
2.4723 34.8293
2.47803 34
2.48377 34.425
2.48951 35.7442
2.49524 32.7436
2.50098 32.0769
2.50672 36
2.51245 28.3571
2.51819 32.625
2.52392 33.413
2.52966 33.7727
2.5354 33.2121
2.54113 30.8571
2.54687 35.4444
2.5526 39.0732
2.55834 33.1154
2.56408 38.6809
2.56981 33.2558
2.57555 29.7241
2.58129 33.3333
2.58702 36.2889
2.59276 35.3514
2.59849 30.4848
2.60423 30.8261
2.60997 35.3182
2.6157 34.4167
2.62144 37.8958
2.62718 35.587
2.63291 36.0286
2.63865 35.6111
2.64438 37.5319
2.65012 32.4878
2.65586 37.2333
2.66159 36.0638
2.66733 40.6667
2.67306 31.36
2.6788 38.4792
2.68454 39.6667
2.69027 33.9487
2.69601 35.5758
2.70175 36.5625
2.70748 42.4667
2.71322 44.2963
2.71895 39.4167
2.72469 39.3958
2.73043 37.1143
2.73616 38.0526
2.7419 36.9592
2.74764 38.9302
2.75337 31.5333
2.75911 36.2041
2.76484 37.102
2.77058 40
2.77632 38.9796
2.78205 33.02
2.78779 38.6923
2.79352 32.4857
2.79926 36.1923
2.805 41.3556
2.81073 37.4444
2.81647 39.1154
2.82221 40.1837
2.82794 34.2162
2.83368 38.0263
2.83941 38.6604
2.84515 33.7073
2.85089 38.3125
2.85662 41.6415
2.86236 37.9388
2.8681 44.0417
2.87383 37.7593
2.87957 38.54
2.8853 34.5366
2.89104 40.2703
2.89678 38.75
2.90251 38.5111
2.90825 37.9655
2.91398 40.2963
2.91972 45.4314
2.92546 41.9189
2.93119 39.2619
2.93693 44.1321
2.94267 38.6
2.9484 40.7812
2.95414 44.1698
2.95987 40.3673
2.96561 45.3333
2.97135 43.8571
2.97708 50.1852
2.98282 47.0769
2.98856 46.0256
2.99429 47.963
3.00003 46.4043
3.00576 43.7742
3.0115 43.9455
3.01724 39.2264
3.02297 44.8919
3.02871 43.2727
3.03444 47.7455
3.04018 48.9778
3.04592 43.7353
3.05165 48.4545
3.05739 50.0588
3.06313 50
3.06886 46.2143
3.0746 45.4
3.08033 45.1136
3.08607 47.4054
3.09181 54.4821
3.09754 52.6939
3.10328 52.129
3.10902 54.5254
3.11475 53.9057
3.12049 50.6923
3.12622 50.5652
3.13196 53.3273
3.1377 57.8085
3.14343 56.7222
3.14917 53.8448
3.1549 50.6863
3.16064 54.1724
3.16638 49.8667
3.17211 55.1455
3.17785 53.25
3.18359 50.6098
3.18932 55.2241
3.19506 53.0816
3.20079 51.6765
3.20653 52.9153
3.21227 54.4528
3.218 54.1951
3.22374 56.5
3.22948 55.2881
3.23521 54.2444
3.24095 57.3846
3.24668 59.3
3.25242 56.6792
3.25816 59.1765
3.26389 59
3.26963 58.4561
3.27536 57.3478
3.2811 61.7317
3.28684 61.7333
3.29257 62.3469
3.29831 56.9444
3.30405 65.1746
3.30978 59.8182
3.31552 65.2093
3.32125 66.3125
3.32699 64.4561
3.33273 67.4706
3.33846 66.6923
3.3442 68.0645
3.34994 73.6667
3.35567 69.5
3.36141 67.8136
3.36714 73.4035
3.37288 70.6458
3.37862 68.2093
3.38435 65.6229
3.39009 68.0189
3.39582 69.6944
3.40156 71.0794
3.4073 73.0727
3.41303 70.5745
3.41877 75.1875
3.42451 72.7377
3.43024 75.04
3.43598 73.8781
3.44171 75.8095
3.44745 76.25
3.45319 74.0238
3.45892 74.4364
3.46466 76.0508
3.4704 76.08
3.47613 70.1163
3.48187 79.5873
3.4876 76.2076
3.49334 79.6316
3.49908 80.4179
3.50481 83.4386
3.51055 73.7447
3.51628 78.9608
3.52202 83.9672
3.52776 85.3333
3.53349 86.1951
3.53923 101.523
3.54497 110.926
3.5507 112.771
3.55644 110.382
3.56217 99.339
3.56791 97.4231
3.57365 90.087
3.57938 91.3231
3.58512 95.2364
3.59086 86.4737
3.59659 89.2836
3.60233 97.5254
3.60806 96.3333
3.6138 96.9184
3.61954 97.7619
3.62527 104.393
3.63101 96.439
3.63674 107.746
3.64248 120.414
3.64822 128.792
3.65395 127.123
3.65969 125.623
3.66543 118.796
3.67116 118.043
3.6769 123.889
3.68263 118.623
3.68837 116.526
3.69411 123.855
3.69984 126.407
3.70558 119.796
3.71132 126.098
3.71705 127.077
3.72279 131.946
3.72852 130.14
3.73426 128.866
3.74 130.323
3.74573 131.96
3.75147 137.873
3.7572 137.19
3.76294 143.729
3.76868 143.295
3.77441 148.239
3.78015 153.169
3.78589 156.468
3.79162 160.984
3.79736 169.969
3.80309 174.196
3.80883 176.49
3.81457 193.062
3.8203 208.45
3.82604 211.837
3.83178 237.246
3.83751 286.581
3.84325 349.304
3.84898 455.698
3.85472 941.54
3.86046 693.885
3.86619 535.826
3.87193 674.29
3.87766 830.721
3.8834 996.882
3.88914 1229.72
3.89487 1510.56
3.90061 1556.3
3.90635 1450.84
3.91208 1201.57
3.91782 915.125
3.92355 740.683
3.92929 597.901
3.93503 483.719
3.94076 405.517
3.9465 356.352
3.95224 313.806
3.95797 282.603
3.96371 249.478
3.96944 235.338
3.97518 221.587
3.98092 207.554
3.98665 195.034
3.99239 192.574
3.99812 185.823
4.00386 185.224
4.0096 177.725
4.01533 171.234
4.02107 167.26
4.02681 167.364
4.03254 169.288
4.03828 166.667
4.04401 161.077
4.04975 162.746
4.05549 161.815
4.06122 154.109
4.06696 151.681
4.0727 150.829
4.07843 152.267
4.08417 147.982
4.0899 149.221
4.09564 148.219
4.10138 144.14
4.10711 144.694
4.11285 147.985
4.11858 146.768
4.12432 141.661
4.13006 140.706
4.13579 144.286
4.14153 142.577
4.14727 139.493
4.153 150.448
4.15874 141.977
4.16447 141.247
4.17021 146.986
4.17595 142.919
4.18168 145.446
4.18742 139.5
4.19316 143.273
4.19889 141.64
4.20463 143.77
4.21036 147.353
4.2161 156.6
4.22184 140.81
4.22757 152.153
4.23331 142.776
4.23904 139.3
4.24478 142.027
4.25052 144.696
4.25625 143.036
4.26199 141.688
4.26773 145.528
4.27346 148.167
4.2792 148
4.28493 144.236
4.29067 148.3
4.29641 151.604
4.30214 151.382
4.30788 153.814
4.31362 148.156
4.31935 152.411
4.32509 150.189
4.33082 157
4.33656 159.94
4.3423 160.253
4.34803 167.757
4.35377 172.742
4.3595 166
4.36524 176.162
4.37098 183.929
4.37671 185.593
4.38245 190.554
4.38819 203.319
4.39392 202.544
4.39966 205.594
4.40539 214.681
4.41113 236.618
4.41687 235.593
4.4226 273.961
4.42834 387.74
4.43408 666.917
4.43981 1082.79
4.44555 4895
4.45128 4219
4.45702 4689.49
4.46276 1632.28
4.46849 556.361
4.47423 487.296
4.47996 405.066
4.4857 395.095
4.49144 409.508
4.49717 416.095
4.50291 434.724
4.50865 449.771
4.51438 429.346
4.52012 404.886
4.52585 361.013
4.53159 322.86
4.53733 282.549
4.54306 262.6
4.5488 238.075
4.55454 222.158
4.56027 200.25
4.56601 188.608
4.57174 179.788
4.57748 171.397
4.58322 160.615
4.58895 168.164
4.59469 152.246
4.60042 140.692
4.60616 139.693
4.6119 138.12
4.61763 134.795
4.62337 132.667
4.62911 127.079
4.63484 128.231
4.64058 122.22
4.64631 127.958
4.65205 120.357
4.65779 120.088
4.66352 121.936
4.66926 109.754
4.675 113.211
4.68073 111.282
4.68647 114.137
4.6922 115.667
4.69794 112.012
4.70368 113.896
4.70941 111.26
4.71515 109.482
4.72088 105.637
4.72662 106.812
4.73236 109.73
4.73809 107.476
4.74383 110.231
4.74957 110.673
4.7553 111.964
4.76104 113.537
4.76677 103.075
4.77251 100.292
4.77825 100.073
4.78398 101.653
4.78972 98.1273
4.79546 96.1882
4.80119 97.5949
4.80693 91.3077
4.81266 92.4789
4.8184 92.2143
4.82414 95.3699
4.82987 96.0656
4.83561 91.8214
4.84134 97.6625
4.84708 92.283
4.85282 93.7529
4.85855 96.0122
4.86429 94.4648
4.87003 93.6557
4.87576 91.6047
4.8815 93.3077
4.88723 88.6667
4.89297 86.7882
4.89871 88.1667
4.90444 94.5634
4.91018 85.403
4.91592 86.1905
4.92165 87.0253
4.92739 89.3509
4.93312 88.5116
4.93886 87.75
4.9446 85.2537
4.95033 86.4507
4.95607 87.9186
4.9618 89.0519
4.96754 86.7458
4.97328 88.1279
4.97901 87.9759
4.98475 87.5574
4.99049 87.4103
4.99622 86.9318
5.00196 82.8767
5.00769 84.5873
5.01343 83.0455
5.01917 80.9639
5.0249 81.6038
5.03064 79.2667
5.03638 81.5465
5.04211 83.88
5.04785 83.3385
5.05358 86.4302
5.05932 85.7407
5.06506 83.5263
5.07079 82.3864
5.07653 81.6207
5.08226 79.169
5.088 86.6901
5.09374 81.0889
5.09947 82.7662
5.10521 80.7302
5.11095 79.9222
5.11668 81.3176
5.12242 81.5758
5.12815 78.1948
5.13389 80.9889
5.13963 80.8571
5.14536 85.0328
5.1511 84.1304
5.15684 82.8434
5.16257 82.9032
5.16831 85.4167
5.17404 81.7865
5.17978 85.2179
5.18552 81.791
5.19125 80.3
5.19699 76.9518
5.20272 81.2034
5.20846 81
5.2142 81.191
5.21993 81.5789
5.22567 80.1884
5.23141 80.9348
5.23714 80.3333
5.24288 79.6229
5.24861 78.1739
5.25435 83.4607
5.26009 81.3571
5.26582 75.5526
5.27156 80.1099
5.2773 82.5375
5.28303 81.2769
5.28877 76.4468
5.2945 78.5977
5.30024 82.1667
5.30598 78.7975
5.31171 80.9438
5.31745 81.1829
5.32318 80.9077
5.32892 80.9255
5.33466 83.5632
5.34039 76.1667
5.34613 80.5059
5.35187 78.956
5.3576 82.5556
5.36334 81.597
5.36907 80.3021
5.37481 81.2
5.38055 88.0328
5.38628 85.0417
5.39202 85.3846
5.39776 88.825
5.40349 87.7042
5.40923 83.6562
5.41496 86.2222
5.4207 78.3333
5.42644 80.7449
5.43217 83.6067
5.43791 82.8077
5.44364 84.8082
5.44938 89.1443
5.45512 90.5976
5.46085 85.7612
5.46659 86.1837
5.47233 83.1798
5.47806 85.2632
5.4838 85.0988
5.48953 84.0538
5.49527 81.5119
5.50101 80.806
5.50674 81.5816
5.51248 82.1348
5.51822 83.4189
5.52395 84.3373
5.52969 82.6237
5.53542 81.7619
5.54116 81.0735
5.5469 80.9192
5.55263 83.2222
5.55837 83.5417
5.5641 85.2135
5.56984 83.5699
5.57558 82.3095
5.58131 82.8219
5.58705 80.4343
5.59279 82.5341
5.59852 79.2857
5.60426 81.64
5.60999 85.4516
5.61573 90.0366
5.62147 82.04
5.6272 85.0206
5.63294 85.9884
5.63868 83.9104
5.64441 81.7745
5.65015 84.3011
5.65588 86.5714
5.66162 85.2208
5.66736 87.9899
5.67309 86.8372
5.67883 87.2319
5.68456 85.802
5.6903 86.8222
5.69604 86.6219
5.70177 88.8795
5.70751 84.8526
5.71325 88.7273
5.71898 86.2535
5.72472 87.9495
5.73045 88.3979
5.73619 90.775
5.74193 93.0787
5.74766 89.5895
5.7534 92.7614
5.75914 89.8169
5.76487 94.5941
5.77061 90.6489
5.77634 92.7564
5.78208 90.0112
5.78782 93.5052
5.79355 94.6163
5.79929 97.4933
5.80502 92.6238
5.81076 92.7174
5.8165 90.4595
5.82223 93.7812
5.82797 96.5918
5.83371 95.4302
5.83944 95.5949
5.84518 97.5051
5.85091 96.8958
5.85665 96.7385
5.86239 96.6286
5.86812 99.9796
5.87386 96.593
5.8796 94.8734
5.88533 101.267
5.89107 101.141
5.8968 98.2899
5.90254 102.781
5.90828 100.296
5.91401 103.256
5.91975 101.494
5.92548 99.697
5.93122 101.734
5.93696 104.74
5.94269 102.705
5.94843 102.896
5.95417 104.659
5.9599 103.753
5.96564 103.121
5.97137 108.362
5.97711 109.329
5.98285 107.466
5.98858 107.622
5.99432 110.476
6.00006 108.438
6.00579 110.889
6.01153 113.191
6.01726 115.493
6.023 116.743
6.02874 116.938
6.03447 112.955
6.04021 118.911
6.04594 113.041
6.05168 116.51
6.05742 116.39
6.06315 115.438
6.06889 118.708
6.07463 120.833
6.08036 118.074
6.0861 119.214
6.09183 120.573
6.09757 122.782
6.10331 120.179
6.10904 124.938
6.11478 126.012
6.12052 122.938
6.12625 128.82
6.13199 129.606
6.13772 129.829
6.14346 128.578
6.1492 131.77
6.15493 135.587
6.16067 133.735
6.1664 134.235
6.17214 140.617
6.17788 141.821
6.18361 141.206
6.18935 142.162
6.19509 153.48
6.20082 150.532
6.20656 152.539
6.21229 161.823
6.21803 169.72
6.22377 165.783
6.2295 171.18
6.23524 189.707
6.24098 178.578
6.24671 184.961
6.25245 203.191
6.25818 214.942
6.26392 210.784
6.26966 306.029
6.27539 677.427
6.28113 328.275
6.28686 2627.24
6.2926 9345.25
6.29834 1354.1
6.30407 2438.61
6.30981 2004.09
6.31555 1203.64
6.32128 432.296
6.32702 344.26
6.33275 300.333
6.33849 277.909
6.34423 270.221
6.34996 280.275
6.3557 295
6.36144 295.389
6.36717 331.212
6.37291 360.842
6.37864 381.311
6.38438 377.557
6.39012 369.098
6.39585 347.325
6.40159 317.389
6.40732 287.889
6.41306 262.372
6.4188 242.717
6.42453 221.915
6.43027 211.157
6.43601 202.232
6.44174 198.698
6.44748 188.065
6.45321 181.436
6.45895 183.598
6.46469 178.371
6.47042 175.971
6.47616 173.083
6.4819 169.518
6.48763 165.685
6.49337 158.065
6.4991 154.947
6.50484 156.435
6.51058 159.627
6.51631 152.845
6.52205 147.064
6.52778 149.62
6.53352 150.315
6.53926 149.448
6.54499 148.454
6.55073 149.716
6.55647 145.286
6.5622 146.089
6.56794 144.63
6.57367 153.505
6.57941 145.695
6.58515 144.089
6.59088 148.49
6.59662 144.69
6.60236 146.368
6.60809 142.991
6.61383 148.14
6.61956 140.144
6.6253 136
6.63104 141.755
6.63677 140.953
6.64251 140.842
6.64824 138.215
6.65398 139.231
6.65972 139.304
6.66545 141.161
6.67119 142.817
6.67693 143.907
6.68266 141.44
6.6884 139.37
6.69413 144.714
6.69987 141.476
6.70561 142.161
6.71134 144.212
6.71708 137.148
6.72282 138.237
6.72855 139.019
6.73429 141.955
6.74002 138.208
6.74576 139.113
6.7515 137.641
6.75723 137.213
6.76297 139.431
6.7687 138.732
6.77444 140.697
6.78018 141.505
6.78591 134.517
6.79165 139.953
6.79739 137.931
6.80312 137.07
6.80886 139.107
6.81459 138.604
6.82033 139.867
6.82607 137.052
6.8318 140.143
6.83754 137.58
6.84328 136.453
6.84901 140.375
6.85475 140.407
6.86048 136.523
6.86622 143.466
6.87196 139.224
6.87769 142.23
6.88343 141.661
6.88916 143
6.8949 145.701
6.90064 140.655
6.90637 141.561
6.91211 141.159
6.91785 140.264
6.92358 140.38
6.92932 140.726
6.93505 142.674
6.94079 143.531
6.94653 142.319
6.95226 142.009
6.958 141.187
6.96374 140.908
6.96947 139.991
6.97521 145.725
6.98094 143.91
6.98668 141.034
6.99242 147.532
6.99815 148.337
7.00389 146.2
7.00962 148.259
7.01536 147.239
7.0211 149.518
7.02683 143.868
7.03257 150.523
7.03831 148.366
7.04404 150.508
7.04978 148.652
7.05551 147.064
7.06125 149.202
7.06699 148.869
7.07272 150.422
7.07846 147.034
7.0842 151.967
7.08993 149.724
7.09567 153.237
7.1014 150.354
7.10714 156.664
7.11288 156.78
7.11861 155.652
7.12435 156.46
7.13008 155.487
7.13582 156.01
7.14156 158.82
7.14729 161.775
7.15303 160.532
7.15877 156.634
7.1645 159.855
7.17024 158
7.17597 163.796
7.18171 161.495
7.18745 166.098
7.19318 167.964
7.19892 164.62
7.20466 167.835
7.21039 168.897
7.21613 169.949
7.22186 169.248
7.2276 169.651
7.23334 174.604
7.23907 167.78
7.24481 169.738
7.25054 176.79
7.25628 178.93
7.26202 178.874
7.26775 193.402
7.27349 208.387
7.27923 185.398
7.28496 200.52
7.2907 185.58
7.29643 188.214
7.30217 187.204
7.30791 193.444
7.31364 196.479
7.31938 189.281
7.32512 196.485
7.33085 197.636
7.33659 207.365
7.34232 200.305
7.34806 208.446
7.3538 221.495
7.35953 219.011
7.36527 233.062
7.371 276.157
7.37674 520.163
7.38248 404.891
7.38821 1436.31
7.39395 1722.37
7.39969 2550.26
7.40542 1806.78
7.41116 1104.61
7.41689 567.34
7.42263 338.692
7.42837 299.627
7.4341 294.017
7.43984 284.067
7.44558 281.761
7.45131 288.091
7.45705 308.282
7.46278 317.165
7.46852 343.092
7.47426 370.602
7.47999 389
7.48573 396.26
7.49146 389.48
7.4972 376.909
7.50294 348.393
7.50867 320.195
7.51441 295.924
7.52015 280.143
7.52588 255.811
7.53162 240.416
7.53735 225.223
7.54309 212.233
7.54883 208.962
7.55456 197.479
7.5603 210.422
7.56604 198.378
7.57177 180.448
7.57751 180.591
7.58324 173.137
7.58898 169.191
7.59472 167.762
7.60045 163.79
7.60619 163.154
7.61192 161.016
7.61766 158.31
7.6234 158.901
7.62913 159.091
7.63487 157.033
7.64061 157.941
7.64634 152.65
7.65208 154.302
7.65781 158.176
7.66355 152.429
7.66929 150.276
7.67502 148.895
7.68076 153.462
7.6865 152.118
7.69223 153.611
7.69797 157.831
7.7037 156.149
7.70944 169.172
7.71518 239.366
7.72091 320.282
7.72665 595.248
7.73238 1175.71
7.73812 324.639
7.74386 234.724
7.74959 213.268
7.75533 175.897
7.76107 174.577
7.7668 170.386
7.77254 172.84
7.77827 176.377
7.78401 183.414
7.78975 187.63
7.79548 197.609
7.80122 208.664
7.80696 216.189
7.81269 224.143
7.81843 225.758
7.82416 224.158
7.8299 213.457
7.83564 195.312
7.84137 185.325
7.84711 173.245
7.85284 168.145
7.85858 161.165
7.86432 152.979
7.87005 150.374
7.87579 143.617
7.88153 143.607
7.88726 136.757
7.893 138.763
7.89873 134.039
7.90447 130.422
7.91021 130.842
7.91594 131.435
7.92168 132.767
7.92742 124.547
7.93315 126.686
7.93889 127.173
7.94462 126.965
7.95036 124.661
7.9561 121.22
7.96183 122.444
7.96757 116.676
7.9733 122.445
7.97904 117.685
7.98478 120.312
7.99051 119.552
7.99625 119.797
8.00199 117.081
8.00772 117.693
8.01346 117.489
8.01919 119.541
8.02493 117.723
8.03067 115.372
8.0364 116.853
8.04214 118.37
8.04788 116.087
8.05361 115.77
8.05935 114.654
8.06508 114.034
8.07082 113.325
8.07656 116.263
8.08229 110.477
8.08803 111.707
8.09376 104.175
8.0995 98.0076
8.10524 93.0732
8.11097 91.6903
8.11671 82.7609
8.12245 76.2713
8.12818 71.6757
8.13392 63.8636
8.13965 61.0219
8.14539 58.4274
8.15113 56.1261
8.15686 27.6496
8.1626 30.6173
8.16834 31.7966
8.17407 18.9211
8.17981 0.947368
8.18554 0
8.19128 0
8.19702 0
8.20275 0
8.20849 0
8.21422 0
8.21996 0
8.2257 0
8.23143 0
8.23717 0
8.24291 0
8.24864 0
8.25438 0
8.26011 0
8.26585 0
8.27159 0
8.27732 0
8.28306 0
8.2888 0
8.29453 0
8.30027 0
8.306 0
8.31174 0
8.31748 0
8.32321 0
8.32895 0
8.33468 0
8.34042 0
8.34616 0
8.35189 0
8.35763 0
8.36337 0
8.3691 0
8.37484 0
8.38057 0
8.38631 0
8.39205 0
8.39778 0
8.40352 0
8.40926 0
8.41499 0
8.42073 0
8.42646 0
8.4322 0
8.43794 0
8.44367 0
8.44941 0
8.45514 0
8.46088 0
8.46662 0
8.47235 0
8.47809 0
8.48383 0
8.48956 0
8.4953 0
8.50103 0
8.50677 0
8.51251 0
8.51824 0
8.52398 0
8.52972 0
8.53545 0
8.54119 0
8.54692 0
8.55266 0
8.5584 0
8.56413 0
8.56987 0
8.5756 0
8.58134 0
8.58708 0
8.59281 0
8.59855 0
8.60429 0
8.61002 0
8.61576 0
8.62149 0
8.62723 0
8.63297 0
8.6387 0
8.64444 0
8.65018 0
8.65591 0
8.66165 0
8.66738 0
8.67312 0
8.67886 0
8.68459 0
8.69033 0
8.69606 0
8.7018 0
8.70754 0
8.71327 0
8.71901 0
8.72475 0
8.73048 0
8.73622 0
8.74195 0
8.74769 0
8.75343 0
8.75916 0
8.7649 0
8.77064 0
8.77637 0
8.78211 0
8.78784 0
8.79358 0
8.79932 0
8.80505 0
8.81079 0
8.81652 0
8.82226 0
8.828 0
8.83373 0
8.83947 0
8.84521 0
8.85094 0
8.85668 0
8.86241 0
8.86815 0
8.87389 0
8.87962 0
8.88536 0
8.8911 0
8.89683 0
8.90257 0
8.9083 0
8.91404 0
8.91978 0
8.92551 0
8.93125 0
8.93698 0
8.94272 0
8.94846 0
8.95419 0
8.95993 0
8.96567 0
8.9714 0
8.97714 0
8.98287 0
8.98861 0
8.99435 0
9.00008 0
9.00582 0
9.01156 0
9.01729 0
9.02303 0
9.02876 0
9.0345 0
9.04024 0
9.04597 0
9.05171 0
9.05744 0
9.06318 0
9.06892 0
9.07465 0
9.08039 0
9.08613 0
9.09186 0
9.0976 0
9.10333 0
9.10907 0
9.11481 0
9.12054 0
9.12628 0
9.13202 0
9.13775 0
9.14349 0
9.14922 0
9.15496 0
9.1607 0
9.16643 0
9.17217 0
9.1779 0
9.18364 0
9.18938 0
9.19511 0
9.20085 0
9.20659 0
9.21232 0
9.21806 0
9.22379 0
9.22953 0
9.23527 0
9.241 0
9.24674 0
9.25248 0
9.25821 0
9.26395 0
9.26968 0
9.27542 0
9.28116 0
9.28689 0
9.29263 0
9.29836 0
9.3041 0
9.30984 0
9.31557 0
9.32131 0
9.32705 0
9.33278 0
9.33852 0
9.34425 0
9.34999 0
9.35573 0
9.36146 0
9.3672 0
9.37294 0
9.37867 0
9.38441 0
9.39014 0
9.39588 0
9.40162 0
9.40735 0
9.41309 0
9.41882 0
9.42456 0
9.4303 0
9.43603 0
9.44177 0
9.44751 0
9.45324 0
9.45898 0
9.46471 0
9.47045 0
9.47619 0
9.48192 0
9.48766 0
9.4934 0
9.49913 0
9.50487 0
9.5106 0
9.51634 0
9.52208 0
9.52781 0
9.53355 0
9.53928 0
9.54502 0
9.55076 0
9.55649 0
9.56223 0
9.56797 0
9.5737 0
9.57944 0
9.58517 0
9.59091 0
9.59665 0
9.60238 0
9.60812 0
9.61386 0
9.61959 0
9.62533 0
9.63106 0
9.6368 0
9.64254 0
9.64827 0
9.65401 0
9.65974 0
9.66548 0
9.67122 0
9.67695 0
9.68269 0
9.68843 0
9.69416 0
9.6999 0
9.70563 0
9.71137 0
9.71711 0
9.72284 0
9.72858 0
9.73432 0
9.74005 0
9.74579 0
9.75152 0
9.75726 0
9.763 0
9.76873 0
9.77447 0
9.7802 0
9.78594 0
9.79168 0
9.79741 0
9.80315 0
9.80889 0
9.81462 0
9.82036 0
9.82609 0
9.83183 0
9.83757 0
9.8433 0
9.84904 0
9.85478 0
9.86051 0
9.86625 0
9.87198 0
9.87772 0
9.88346 0
9.88919 0
9.89493 0
9.90066 0
9.9064 0
9.91214 0
9.91787 0
9.92361 0
9.92935 0
9.93508 0
9.94082 0
9.94655 0
9.95229 0
9.95803 0
9.96376 0
9.9695 0
9.97524 0
9.98097 0
9.98671 0
9.99244 0
9.99818 0
10.0039 0
10.0097 0
10.0154 0
10.0211 0
10.0269 0
10.0326 0
10.0383 0
10.0441 0
10.0498 0
10.0555 0
10.0613 0
10.067 0
10.0728 0
10.0785 0
10.0842 0
10.09 0
10.0957 0
10.1014 0
10.1072 0
10.1129 0
10.1186 0
10.1244 0
10.1301 0
10.1358 0
10.1416 0
10.1473 0
10.1531 0
10.1588 0
10.1645 0
10.1703 0
10.176 0
10.1817 0
10.1875 0
10.1932 0
10.1989 0
10.2047 0
10.2104 0
10.2162 0
10.2219 0
10.2276 0
10.2334 0
10.2391 0
10.2448 0
10.2506 0
10.2563 0
10.262 0
10.2678 0
10.2735 0
10.2793 0
10.285 0
10.2907 0
10.2965 0
10.3022 0
10.3079 0
10.3137 0
10.3194 0
10.3251 0
10.3309 0
10.3366 0
10.3424 0
10.3481 0
10.3538 0
10.3596 0
10.3653 0
10.371 0
10.3768 0
10.3825 0
10.3882 0
10.394 0
10.3997 0
10.4054 0
10.4112 0
10.4169 0
10.4227 0
10.4284 0
10.4341 0
10.4399 0
10.4456 0
10.4513 0
10.4571 0
10.4628 0
10.4685 0
10.4743 0
10.48 0
10.4858 0
10.4915 0
10.4972 0
10.503 0
10.5087 0
10.5144 0
10.5202 0
10.5259 0
10.5316 0
10.5374 0
10.5431 0
10.5489 0
10.5546 0
10.5603 0
10.5661 0
10.5718 0
10.5775 0
10.5833 0
10.589 0
10.5947 0
10.6005 0
10.6062 0
10.612 0
10.6177 0
10.6234 0
10.6292 0
10.6349 0
10.6406 0
10.6464 0
10.6521 0
10.6578 0
10.6636 0
10.6693 0
10.6751 0
10.6808 0
10.6865 0
10.6923 0
10.698 0
10.7037 0
10.7095 0
10.7152 0
10.7209 0
10.7267 0
10.7324 0
10.7381 0
10.7439 0
10.7496 0
10.7554 0
10.7611 0
10.7668 0
10.7726 0
10.7783 0
10.784 0
10.7898 0
10.7955 0
10.8012 0
10.807 0
10.8127 0
10.8185 0
10.8242 0
10.8299 0
10.8357 0
10.8414 0
10.8471 0
10.8529 0
10.8586 0
10.8643 0
10.8701 0
10.8758 0
10.8816 0
10.8873 0
10.893 0
10.8988 0
10.9045 0
10.9102 0
10.916 0
10.9217 0
10.9274 0
10.9332 0
10.9389 0
10.9447 0
10.9504 0
10.9561 0
10.9619 0
10.9676 0
10.9733 0
10.9791 0
10.9848 0
10.9905 0
10.9963 0
11.002 0
11.0077 0
11.0135 0
11.0192 0
11.025 0
11.0307 0
11.0364 0
11.0422 0
11.0479 0
11.0536 0
11.0594 0
11.0651 0
11.0708 0
11.0766 0
11.0823 0
11.0881 0
11.0938 0
11.0995 0
11.1053 0
11.111 0
11.1167 0
11.1225 0
11.1282 0
11.1339 0
11.1397 0
11.1454 0
11.1512 0
11.1569 0
11.1626 0
11.1684 0
11.1741 0
11.1798 0
11.1856 0
11.1913 0
11.197 0
11.2028 0
11.2085 0
11.2143 0
11.22 0
11.2257 0
11.2315 0
11.2372 0
11.2429 0
11.2487 0
11.2544 0
11.2601 0
11.2659 0
11.2716 0
11.2774 0
11.2831 0
11.2888 0
11.2946 0
11.3003 0
11.306 0
11.3118 0
11.3175 0
11.3232 0
11.329 0
11.3347 0
11.3404 0
11.3462 0
11.3519 0
11.3577 0
11.3634 0
11.3691 0
11.3749 0
11.3806 0
11.3863 0
11.3921 0
11.3978 0
11.4035 0
11.4093 0
11.415 0
11.4208 0
11.4265 0
11.4322 0
11.438 0
11.4437 0
11.4494 0
11.4552 0
11.4609 0
11.4666 0
11.4724 0
11.4781 0
11.4839 0
11.4896 0
11.4953 0
11.5011 0
11.5068 0
11.5125 0
11.5183 0
11.524 0
11.5297 0
11.5355 0
11.5412 0
11.547 0
11.5527 0
11.5584 0
11.5642 0
11.5699 0
11.5756 0
11.5814 0
11.5871 0
11.5928 0
11.5986 0
11.6043 0
11.61 0
11.6158 0
11.6215 0
11.6273 0
11.633 0
11.6387 0
11.6445 0
11.6502 0
11.6559 0
11.6617 0
11.6674 0
11.6731 0
11.6789 0
11.6846 0
11.6904 0
11.6961 0
11.7018 0
11.7076 0
11.7133 0
11.719 0
11.7248 0
11.7305 0
11.7362 0
11.742 0
