0 0
0.00573619 31
0.0114724 9
0.0172086 0
0.0229448 35
0.028681 15
0.0344171 0
0.0401533 -8
0.0458895 -27
0.0516257 20
0.0573619 0
0.0630981 -8
0.0688343 10
0.0745705 0
0.0803067 12
0.0860429 5
0.091779 0
0.0975152 -9.33333
0.103251 -4
0.108988 1
0.114724 0
0.12046 6
0.126196 -2.33333
0.131932 0
0.137669 -3
0.143405 3.66667
0.149141 -15
0.154877 2
0.160613 1
0.16635 0.333333
0.172086 0
0.177822 4
0.183558 -12.25
0.189294 0
0.19503 0.2
0.200767 -3
0.206503 4
0.212239 3.5
0.217975 -1.8
0.223711 0.6
0.229448 0
0.235184 -3.6
0.24092 8.2
0.246656 0
0.252392 9.2
0.258129 6.4
0.263865 12
0.269601 0
0.275337 25
0.281073 11.8571
0.28681 0
0.292546 -5.28571
0.298282 16.2857
0.304018 -19
0.309754 0.5
0.31549 -1.71429
0.321227 10.5714
0.326963 0
0.332699 -4.14286
0.338435 5.71429
0.344171 0
0.349908 7.14286
0.355644 3.42857
0.36138 -1.4
0.367116 -15.5
0.372852 -1.125
0.378589 -12.5714
0.384325 6.5
0.390061 0
0.395797 -2.44444
0.401533 0
0.40727 1.22222
0.413006 5.22222
0.418742 -8.14286
0.424478 9.5
0.430214 5.11111
0.43595 -0.666667
0.441687 0
0.447423 10.7778
0.453159 11.1111
0.458895 12.6667
0.464631 12.7143
0.470368 0.909091
0.476104 7.11111
0.48184 8
0.487576 15.4545
0.493312 4.27273
0.499049 0
0.504785 5.90909
0.510521 13.1818
0.516257 11
0.521993 15.5
0.52773 24.7273
0.533466 5.77778
0.539202 29
0.544938 18.9091
0.550674 7.54545
0.55641 0
0.562147 6.91667
0.567883 14.3846
0.573619 11.5714
0.579355 12
0.585091 14.8462
0.590828 8.54545
0.596564 6.5
0.6023 9.15385
0.608036 17.3077
0.613772 17.2
0.619509 5.5
0.625245 13.2308
0.630981 20.3333
0.636717 16.25
0.642453 11.9231
0.64819 13.6923
0.653926 25
0.659662 9.73333
0.665398 18.2667
0.671134 21.7143
0.67687 18.875
0.682607 18
0.688343 13
0.694079 11
0.699815 20.7333
0.705551 26
0.711288 45
0.717024 26.6429
0.72276 10.0667
0.728496 14.7778
0.734232 27.1667
0.739969 13.375
0.745705 19.1538
0.751441 18.6667
0.757177 15.6471
0.762913 7.70588
0.76865 20.4
0.774386 17.3333
0.780122 17.9412
0.785858 18.6364
0.791594 5.83333
0.79733 12.4118
0.803067 17.6
0.808803 11
0.814539 18.2941
0.820275 23.3529
0.826011 26.3333
0.831748 13.75
0.837484 19.1667
0.84322 18.5385
0.848956 31.5
0.854692 17.3684
0.860429 21.4706
0.866165 32.4
0.871901 12.3125
0.877637 21.8947
0.883373 22.9091
0.88911 29.375
0.894846 14.7895
0.900582 14.4
0.906318 24.5
0.912054 6.36842
0.91779 13
0.923527 19.3333
0.929263 30
0.934999 19.85
0.940735 15.8462
0.946471 20.375
0.952208 16.9524
0.957944 20.1765
0.96368 19.75
0.969416 13.8571
0.975152 18.3684
0.980889 24.1818
0.986625 22.4167
0.992361 24.381
0.998097 17.8667
1.00383 22.6667
1.00957 17.7619
1.01531 24.5882
1.02104 16.9
1.02678 20.6471
1.03251 18.619
1.03825 16.5385
1.04399 19.9167
1.04972 15.2174
1.05546 18.3529
1.0612 26.1667
1.06693 13.3043
1.07267 17.7368
1.0784 22.0769
1.08414 19.7143
1.08988 21.0435
1.09561 25.8667
1.10135 19.375
1.10708 21.6957
1.11282 21.8824
1.11856 17.8571
1.12429 18.9167
1.13003 19.4762
1.13577 14.8
1.1415 15.2143
1.14724 16.16
1.15297 10.4
1.15871 24.2
1.16445 17.44
1.17018 27.5789
1.17592 23.3077
1.18166 20.0556
1.18739 18.3478
1.19313 16.5333
1.19886 12.9167
1.2046 17.56
1.21034 20.8889
1.21607 18.3333
1.22181 21.4444
1.22754 19.2857
1.23328 19.2941
1.23902 15.75
1.24475 17.24
1.25049 17.2941
1.25623 14.4167
1.26196 14.8889
1.2677 21.3684
1.27343 20.6923
1.27917 18.8182
1.28491 26.8261
1.29064 24.2353
1.29638 19.2667
1.30212 10.7037
1.30785 17.1667
1.31359 23.1818
1.31932 14.6897
1.32506 22.2857
1.3308 20.2941
1.33653 22.8
1.34227 21.28
1.348 22.2105
1.35374 27.5
1.35948 15.4444
1.36521 7.04762
1.37095 19.9
1.37669 17.1034
1.38242 20.3478
1.38816 18.9412
1.39389 15.9474
1.39963 15.8148
1.40537 23.9
1.4111 9.57143
1.41684 11.5172
1.42258 16.6087
1.42831 18.5294
1.43405 19.125
1.43978 18.32
1.44552 17.619
1.45126 13.9375
1.45699 16.2414
1.46273 14.5714
1.46846 13.3333
1.4742 15.871
1.47994 9.04348
1.48567 23.25
1.49141 15.3333
1.49715 12.7407
1.50288 12.8636
1.50862 20.4375
1.51435 10.7241
1.52009 20.28
1.52583 26.2
1.53156 18.3
1.5373 15.72
1.54304 16.1429
1.54877 24.45
1.55451 18.2759
1.56024 21.2174
1.56598 22.2857
1.57172 12.9032
1.57745 15.5
1.58319 18.3
1.58892 19
1.59466 11.4815
1.6004 15.52
1.60613 19.1667
1.61187 24.1935
1.61761 20.48
1.62334 22.6429
1.62908 16.8182
1.63481 20.4444
1.64055 20.3913
1.64629 21.5909
1.65202 18.2414
1.65776 13.36
1.6635 17.6875
1.66923 17.0323
1.67497 17.6786
1.6807 23.2
1.68644 19.25
1.69218 18.6429
1.69791 16.8
1.70365 21.1818
1.70938 15.2903
1.71512 15
1.72086 9.25
1.72659 16.3333
1.73233 14.3103
1.73807 17.7826
1.7438 16.9615
1.74954 20.1034
1.75527 13.7037
1.76101 17.2632
1.76675 16
1.77248 19.4286
1.77822 14
1.78396 22.1667
1.78969 15.6774
1.79543 19.1111
1.80116 17.2917
1.8069 10.3548
1.81264 14.8966
1.81837 24.8889
1.82411 13.0286
1.82984 20.3103
1.83558 15.28
1.84132 19.6538
1.84705 18.0645
1.85279 16.7143
1.85853 16.6522
1.86426 21.697
1.87 20.7
1.87573 11.2941
1.88147 20.9429
1.88721 19.9091
1.89294 16
1.89868 18.6923
1.90442 16.697
1.91015 21.9677
1.91589 19.7
1.92162 18.7429
1.92736 27.9032
1.9331 18.48
1.93883 21.1429
1.94457 22.7879
1.9503 20.1667
1.95604 23
1.96178 16.5294
1.96751 18.7188
1.97325 21.15
1.97899 15.3784
1.98472 27.2727
1.99046 17.6207
1.99619 19.0769
2.00193 20.0571
2.00767 22
2.0134 16.875
2.01914 20.0286
2.02488 15.9697
2.03061 18
2.03635 18.5312
2.04208 22.4412
2.04782 16.4688
2.05356 19.375
2.05929 18.8056
2.06503 18.5588
2.07076 15.1818
2.0765 25.5405
2.08224 18.7429
2.08797 15.6897
2.09371 25.25
2.09945 19.027
2.10518 20.6364
2.11092 22.875
2.11665 19.2703
2.12239 15.0571
2.12813 17.087
2.13386 20.2162
2.1396 17.9444
2.14534 24.4062
2.15107 24.5385
2.15681 21.7632
2.16254 20.9722
2.16828 17.2727
2.17402 19.7179
2.17975 23.2973
2.18549 19.6129
2.19122 16.6667
2.19696 22.6216
2.2027 24.2857
2.20843 25.9167
2.21417 48.641
2.21991 44.6757
2.22564 23.3182
2.23138 23.875
2.23711 19.4474
2.24285 21.9706
2.24859 19.4286
2.25432 23.7105
2.26006 21.2821
2.2658 15.7727
2.27153 22.0488
2.27727 15.0256
2.283 17.2903
2.28874 26.5312
2.29448 19.2821
2.30021 13.2162
2.30595 18.7692
2.31168 20.359
2.31742 18.375
2.32316 16.6818
2.32889 25.381
2.33463 21.25
2.34037 20.6944
2.3461 15.6071
2.35184 24.1429
2.35757 22.3784
2.36331 26.4231
2.36905 28.2683
2.37478 19.2683
2.38052 21.0323
2.38626 22.5294
2.39199 18.9535
2.39773 20.8649
2.40346 25.4615
2.4092 20.8864
2.41494 22.85
2.42067 27.5909
2.42641 20.75
2.43214 26.5
2.43788 23.2
2.44362 25
2.44935 19.9778
2.45509 22.9744
2.46083 12.5769
2.46656 24.3111
2.4723 24.0976
2.47803 21.2759
2.48377 19.6
2.48951 22.7907
2.49524 20.5128
2.50098 21.5385
2.50672 21.1957
2.51245 19.5476
2.51819 19.6667
2.52392 22.8261
2.52966 25.4318
2.5354 27.9394
2.54113 19.1429
2.54687 20.8
2.5526 23.6585
2.55834 24.1154
2.56408 25.6383
2.56981 21.6047
2.57555 17.8966
2.58129 17.9286
2.58702 22.3778
2.59276 25.5676
2.59849 19.8182
2.60423 23.2391
2.60997 22.3636
2.6157 24.9583
2.62144 21.9583
2.62718 25.4565
2.63291 19.0571
2.63865 21.9722
2.64438 20.8511
2.65012 21.2927
2.65586 19
2.66159 27.3404
2.66733 22.2444
2.67306 25.4
2.6788 18.3125
2.68454 18.8542
2.69027 23.7436
2.69601 22.6364
2.70175 22.9375
2.70748 18.3333
2.71322 19.3333
2.71895 25.5833
2.72469 23.8125
2.73043 29.6286
2.73616 22.2105
2.7419 19.6531
2.74764 18.8605
2.75337 20.8667
2.75911 22.1224
2.76484 22.7755
2.77058 20.9167
2.77632 17.2449
2.78205 24.84
2.78779 22.1795
2.79352 23.6857
2.79926 26.5769
2.805 22.9111
2.81073 26.7778
2.81647 20.1923
2.82221 22.5102
2.82794 24.027
2.83368 18.4211
2.83941 24.4717
2.84515 18.8293
2.85089 26.2812
2.85662 26.6981
2.86236 23.2449
2.8681 22.125
2.87383 23.9815
2.87957 24.48
2.8853 22.0488
2.89104 21.3514
2.89678 27.8846
2.90251 22.9778
2.90825 25.4138
2.91398 26.7778
2.91972 25.3137
2.92546 24.1351
2.93119 24.9048
2.93693 24.3585
2.94267 25.6444
2.9484 27.0312
2.95414 24.566
2.95987 24.1633
2.96561 25.4444
2.97135 26.0536
2.97708 26.2222
2.98282 25.0256
2.98856 26.9744
2.99429 28.6481
3.00003 27.9149
3.00576 24.0323
3.0115 24.0182
3.01724 20.9057
3.02297 27.2703
3.02871 29.7045
3.03444 26.0364
3.04018 28.9333
3.04592 24.7059
3.05165 26.2545
3.05739 29.2941
3.06313 21.3448
3.06886 23.9286
3.0746 21.1273
3.08033 29.25
3.08607 25.4865
3.09181 29.5
3.09754 28.6327
3.10328 34
3.10902 30.7627
3.11475 31.7547
3.12049 31.1026
3.12622 34.7826
3.13196 35.0182
3.1377 29.1915
3.14343 29.9444
3.14917 30.0862
3.1549 31.2157
3.16064 29.4483
3.16638 35.3667
3.17211 31.9818
3.17785 31.4318
3.18359 32.4146
3.18932 31.5517
3.19506 33.4898
3.20079 30.2353
3.20653 31.1356
3.21227 28.0943
3.218 28.5122
3.22374 28.9375
3.22948 31.5254
3.23521 33.1556
3.24095 38.5897
3.24668 34.65
3.25242 34.7925
3.25816 34
3.26389 36.0702
3.26963 30.4035
3.27536 34.7174
3.2811 35.3659
3.28684 38.55
3.29257 39.1633
3.29831 36.7222
3.30405 40.6825
3.30978 42.0727
3.31552 41.7674
3.32125 41.8333
3.32699 43.6667
3.33273 44.3922
3.33846 40.7949
3.3442 43.2742
3.34994 45.3137
3.35567 41.8158
3.36141 41.0169
3.36714 41.9825
3.37288 43.9167
3.37862 45.3953
3.38435 38.4918
3.39009 42.9434
3.39582 49.4722
3.40156 43.381
3.4073 46.5091
3.41303 47.5319
3.41877 42.3958
3.42451 46.9508
3.43024 41.64
3.43598 43.9756
3.44171 46.5238
3.44745 45.6786
3.45319 41.2381
3.45892 46.7273
3.46466 42.7458
3.4704 44.52
3.47613 46.093
3.48187 49.6825
3.4876 45.3396
3.49334 47.2632
3.49908 47.2388
3.50481 51.0526
3.51055 44.2979
3.51628 46.2745
3.52202 49.7869
3.52776 54.1296
3.53349 60.7073
3.53923 62.3846
3.54497 69.0926
3.5507 76.1042
3.55644 69.9273
3.56217 65.9322
3.56791 58.4615
3.57365 53.9348
3.57938 52.4
3.58512 52.2
3.59086 50.9211
3.59659 54.4776
3.60233 55.5593
3.60806 56.6078
3.6138 57.3265
3.61954 54.9683
3.62527 57.1964
3.63101 59.6585
3.63674 65.1791
3.64248 71.8276
3.64822 73.0833
3.65395 73.9825
3.65969 81.1148
3.66543 71.2778
3.67116 74.9565
3.6769 71.1746
3.68263 72.1475
3.68837 74.1316
3.69411 77.029
3.69984 76.0339
3.70558 71.4444
3.71132 72.2353
3.71705 74.7231
3.72279 80.875
3.72852 77.8605
3.73426 76.5373
3.74 82.2903
3.74573 79.36
3.75147 86.6
3.7572 79.9841
3.76294 85.2373
3.76868 85.0227
3.77441 90.8358
3.78015 93.8305
3.78589 91.1489
3.79162 101.5
3.79736 109.75
3.80309 104.946
3.80883 110.667
3.81457 120.708
3.8203 124.783
3.82604 137.233
3.83178 152.203
3.83751 178.581
3.84325 219.161
3.84898 326.717
3.85472 520.587
3.86046 491.23
3.86619 398.717
3.87193 558.696
3.87766 754.721
3.8834 1000.92
3.88914 1264.5
3.89487 1503.27
3.90061 1347.27
3.90635 1100.73
3.91208 817.776
3.91782 587.703
3.92355 441.317
3.92929 350.986
3.93503 278.5
3.94076 225.017
3.9465 200.333
3.95224 169.851
3.95797 154.063
3.96371 139.348
3.96944 137.831
3.97518 132.714
3.98092 125.607
3.98665 115.552
3.99239 114.206
3.99812 112.323
4.00386 110.857
4.0096 109.043
4.01533 100.5
4.02107 98.14
4.02681 96.4848
4.03254 97.9848
4.03828 96.8833
4.04401 95.8846
4.04975 98.9296
4.05549 98.8
4.06122 97.9783
4.06696 88.9855
4.0727 90.2714
4.07843 86.1167
4.08417 90.8214
4.0899 92.1324
4.09564 92.1875
4.10138 86.98
4.10711 87.3472
4.11285 84.4394
4.11858 83.375
4.12432 89.1129
4.13006 90.75
4.13579 84.3333
4.14153 87.8654
4.14727 80.5753
4.153 84.6716
4.15874 83.6136
4.16447 83.9452
4.17021 84.6389
4.17595 81.4355
4.18168 80.7321
4.18742 84.9857
4.19316 82.7576
4.19889 86.38
4.20463 90.1216
4.21036 90.5
4.2161 91.1167
4.22184 81.931
4.22757 90.2639
4.23331 86.8358
4.23904 84.56
4.24478 84.04
4.25052 85.942
4.25625 90.9464
4.26199 84.8906
4.26773 86.9306
4.27346 84.5909
4.2792 85.9107
4.28493 90.375
4.29067 91.8429
4.29641 93.1458
4.30214 87.6316
4.30788 90.7
4.31362 93.2812
4.31935 90.0714
4.32509 89.9189
4.33082 96.8986
4.33656 96.24
4.3423 93.68
4.34803 100.851
4.35377 96.9677
4.3595 96.75
4.36524 101.527
4.37098 103.757
4.37671 103.833
4.38245 105.865
4.38819 111.681
4.39392 120.263
4.39966 119.957
4.40539 118.944
4.41113 131.603
4.41687 139.556
4.4226 145.714
4.42834 208.712
4.43408 307.604
4.43981 572.429
4.44555 1357.29
4.45128 803.062
4.45702 1298.78
4.46276 468.632
4.46849 257.417
4.47423 283.574
4.47996 277.842
4.4857 280.338
4.49144 303.785
4.49717 317.683
4.50291 324.066
4.50865 314.614
4.51438 299.962
4.52012 256.051
4.52585 220.853
4.53159 194.982
4.53733 170.169
4.54306 152.337
4.5488 142.985
4.55454 126.772
4.56027 113.2
4.56601 106.784
4.57174 101.115
4.57748 96.5513
4.58322 89.0256
4.58895 90.8507
4.59469 82
4.60042 86.7179
4.60616 83.36
4.6119 81.48
4.61763 75.759
4.62337 77.7692
4.62911 76.7143
4.63484 71.8462
4.64058 72.4634
4.64631 74.4722
4.65205 70.0179
4.65779 68.925
4.66352 67.1026
4.66926 68.0328
4.675 65.1408
4.68073 66.3205
4.68647 69.8356
4.6922 69.1404
4.69794 69.0875
4.70368 67.0649
4.70941 66.38
4.71515 70.7765
4.72088 67.9875
4.72662 68.6812
4.73236 69.6508
4.73809 66.0122
4.74383 68.6667
4.74957 68.3846
4.7553 67.5238
4.76104 66.8875
4.76677 67.2687
4.77251 59.2308
4.77825 62.0244
4.78398 61.56
4.78972 55.8182
4.79546 60.3176
4.80119 56.4684
4.80693 51.9077
4.81266 58.4789
4.8184 55.6429
4.82414 59.6712
4.82987 57.6066
4.83561 57.0476
4.84134 53.1875
4.84708 55.0566
4.85282 56.1059
4.85855 59.8902
4.86429 55.0423
4.87003 52.3934
4.87576 57.2791
4.8815 60.7692
4.88723 53.6111
4.89297 54.2588
4.89871 55.8571
4.90444 54.0282
4.91018 49.0149
4.91592 53.3929
4.92165 52.3544
4.92739 49.5439
4.93312 48.8953
4.93886 51.7262
4.9446 52.9701
4.95033 53.6338
4.95607 51.0698
4.9618 51.6623
4.96754 48.3051
4.97328 52.314
4.97901 50.7952
4.98475 50.3115
4.99049 51.8462
4.99622 53.2614
5.00196 54.9589
5.00769 52.5079
5.01343 51.7841
5.01917 50.1928
5.0249 51.2264
5.03064 49.0778
5.03638 50.4535
5.04211 47.5333
5.04785 49.0615
5.05358 48.5581
5.05932 48.0864
5.06506 45.9298
5.07079 51.9886
5.07653 51.3218
5.08226 50.3099
5.088 48.5634
5.09374 48.8667
5.09947 46.3507
5.10521 48.5079
5.11095 49.2667
5.11668 47.0235
5.12242 49.1515
5.12815 48.7792
5.13389 46.9556
5.13963 46.8961
5.14536 49.8197
5.1511 45.4891
5.15684 47.6506
5.16257 47.9516
5.16831 49.5595
5.17404 46.4494
5.17978 47.3718
5.18552 46.5075
5.19125 47.8111
5.19699 46.3133
5.20272 47.0847
5.20846 49.4674
5.2142 43.9888
5.21993 50.9342
5.22567 46.1449
5.23141 51.6522
5.23714 50.0741
5.24288 49.7377
5.24861 48.4022
5.25435 49.3708
5.26009 47.4714
5.26582 50.4868
5.27156 46.4066
5.2773 48.3625
5.28303 51.5385
5.28877 49.3936
5.2945 46.6207
5.30024 46.4306
5.30598 47.7215
5.31171 44.9101
5.31745 50.0244
5.32318 50.8308
5.32892 49.2021
5.33466 50.4943
5.34039 50.4242
5.34613 47.8471
5.35187 46.1868
5.3576 49.7531
5.36334 49.806
5.36907 48.1042
5.37481 51.8118
5.38055 48.2295
5.38628 51.4792
5.39202 48.8571
5.39776 52.5125
5.40349 49.0423
5.40923 56.2083
5.41496 48.8642
5.4207 48.5873
5.42644 47.551
5.43217 47
5.43791 47.5
5.44364 47.6301
5.44938 50.7629
5.45512 49.378
5.46085 49.7612
5.46659 48.2959
5.47233 47.2022
5.47806 49.3289
5.4838 46.1728
5.48953 46.4516
5.49527 48.2857
5.50101 45.9552
5.50674 45.1327
5.51248 47.6854
5.51822 48.3378
5.52395 45.8072
5.52969 46.0323
5.53542 51.5714
5.54116 49.4853
5.5469 49.5051
5.55263 49.7444
5.55837 48.8611
5.5641 47.7191
5.56984 47.7312
5.57558 48.4286
5.58131 49.589
5.58705 47.3939
5.59279 50.5909
5.59852 51.3968
5.60426 46.61
5.60999 50.5161
5.61573 48.9146
5.62147 49.9333
5.6272 48.4227
5.63294 54.3256
5.63868 53.3433
5.64441 51.9314
5.65015 48.4731
5.65588 47.8333
5.66162 52.1429
5.66736 51.202
5.67309 50.5465
5.67883 52.4493
5.68456 50.1584
5.6903 47.4111
5.69604 46.4512
5.70177 52.8795
5.70751 51.5789
5.71325 50.8068
5.71898 56.7183
5.72472 52.8586
5.73045 51.5914
5.73619 49.0875
5.74193 54.7865
5.74766 56.5579
5.7534 51.2273
5.75914 51.7887
5.76487 53.3168
5.77061 54.9149
5.77634 58.5256
5.78208 57.6517
5.78782 55.1443
5.79355 57.3256
5.79929 55.24
5.80502 58.2277
5.81076 59.0761
5.8165 53.9189
5.82223 54.4792
5.82797 54.7347
5.83371 55.8953
5.83944 53.5443
5.84518 57.9798
5.85091 58.3125
5.85665 55.9385
5.86239 58.1619
5.86812 60.0204
5.87386 58.6395
5.8796 55.0886
5.88533 54.4653
5.89107 59.3261
5.8968 54.3333
5.90254 60.3429
5.90828 56.2143
5.91401 57.907
5.91975 58.5542
5.92548 61.8384
5.93122 60.3191
5.93696 58.6301
5.94269 60.1143
5.94843 62.9688
5.95417 60.6023
5.9599 60.9059
5.96564 61.1515
5.97137 59.0745
5.97711 62.3425
5.98285 62.9709
5.98858 60
5.99432 65.9762
6.00006 68.8652
6.00579 64.8889
6.01153 70.5638
6.01726 70.0267
6.023 69.5238
6.02874 68.0938
6.03447 68.1705
6.04021 70.0778
6.04594 67.9286
6.05168 64.6979
6.05742 67.4545
6.06315 68.1333
6.06889 69.7083
6.07463 69.75
6.08036 75.2234
6.0861 68.2755
6.09183 70.4271
6.09757 70.859
6.10331 70.1509
6.10904 71.6667
6.11478 73.9884
6.12052 75.4583
6.12625 74.55
6.13199 73.8723
6.13772 74.6098
6.14346 75.951
6.1492 79.49
6.15493 81.6125
6.16067 77.1078
6.1664 81.9184
6.17214 86.7979
6.17788 82.5476
6.18361 83.1373
6.18935 85.4343
6.19509 90.7467
6.20082 86.3761
6.20656 90.1471
6.21229 93.8958
6.21803 100.171
6.22377 97.783
6.2295 102.26
6.23524 111.64
6.24098 104.037
6.24671 110.069
6.25245 119.66
6.25818 123.895
6.26392 122
6.26966 179.912
6.27539 435.08
6.28113 181.284
6.28686 1767.97
6.2926 5610.97
6.29834 631.534
6.30407 1038.49
6.30981 659.314
6.31555 417.385
6.32128 200.556
6.32702 193.74
6.33275 184.677
6.33849 186.023
6.34423 175.433
6.34996 186.412
6.3557 204.192
6.36144 215.685
6.36717 240.327
6.37291 269
6.37864 268.856
6.38438 250.896
6.39012 227.235
6.39585 210.875
6.40159 189.833
6.40732 169.63
6.41306 153.468
6.4188 137.402
6.42453 126.877
6.43027 121.5
6.43601 114.659
6.44174 117.255
6.44748 113.917
6.45321 106.511
6.45895 109.576
6.46469 102.486
6.47042 97.9612
6.47616 99.3095
6.4819 95.7909
6.48763 94.213
6.49337 91.5914
6.4991 89.8211
6.50484 90.1019
6.51058 87.6274
6.51631 89.0714
6.52205 88.5182
6.52778 88.3148
6.53352 84.6739
6.53926 87.5417
6.54499 86.4259
6.55073 89.4118
6.55647 87.119
6.5622 89.1593
6.56794 87.4259
6.57367 87.4516
6.57941 87.8632
6.58515 84.5804
6.59088 88.5673
6.59662 86.869
6.60236 85.9386
6.60809 85.4151
6.61383 86.3226
6.61956 85.1134
6.6253 83.3571
6.63104 84.2647
6.63677 81.686
6.64251 82.7807
6.64824 82.5607
6.65398 82.8681
6.65972 85.549
6.66545 83.4643
6.67119 84.9615
6.67693 86.2326
6.68266 80.7155
6.6884 84.9352
6.69413 87.011
6.69987 83.0874
6.70561 83.1964
6.71134 82.3462
6.71708 81.1818
6.72282 82.4386
6.72855 81
6.73429 84.6629
6.74002 84.3208
6.74576 86.7652
6.7515 84.1845
6.75723 81.2809
6.76297 80.4052
6.7687 81.6875
6.77444 82.7528
6.78018 83.5905
6.78591 83.1034
6.79165 84.0935
6.79739 83.5862
6.80312 83.807
6.80886 84.3036
6.81459 81.011
6.82033 80.6952
6.82607 81.6466
6.8318 87.2476
6.83754 83.5909
6.84328 78.4615
6.84901 79.7321
6.85475 81.5604
6.86048 80.945
6.86622 80.7069
6.87196 80.7383
6.87769 83.4023
6.88343 81.322
6.88916 81.3333
6.8949 85.2069
6.90064 81.8496
6.90637 84.114
6.91211 84.972
6.91785 84.977
6.92358 84.3554
6.92932 84.4071
6.93505 85.236
6.94079 84.5841
6.94653 84.3103
6.95226 81.5981
6.958 85.2967
6.96374 83.725
6.96947 84.1667
6.97521 81.9231
6.98094 84.2162
6.98668 81.2759
6.99242 87.5596
6.99815 85.0449
7.00389 84.4583
7.00962 88.3448
7.01536 84.413
7.0211 85.8909
7.02683 86.4793
7.03257 86.8692
7.03831 83.6237
7.04404 88.8852
7.04978 85.7826
7.05551 85.6702
7.06125 84.6422
7.06699 89.8771
7.07272 88.9358
7.07846 87.191
7.0842 87.2541
7.08993 88.8448
7.09567 87.2903
7.1014 90.0354
7.10714 87.3698
7.11288 90.7064
7.11861 90.8804
7.12435 92.9597
7.13008 90.2564
7.13582 91.125
7.14156 92.2252
7.14729 90.2667
7.15303 93.2018
7.15877 91.6774
7.1645 95.2581
7.17024 92.0588
7.17597 99.7959
7.18171 97.3458
7.18745 97.9426
7.19318 98.5946
7.19892 97.4783
7.20466 95.5433
7.21039 98.3932
7.21613 99.4444
7.22186 97.6789
7.2276 99.0556
7.23334 99.036
7.23907 96.6044
7.24481 98.5317
7.25054 100.529
7.25628 104.05
7.26202 100.874
7.26775 103.344
7.27349 108.973
7.27923 105.301
7.28496 107.394
7.2907 108.008
7.29643 109.515
7.30217 108.815
7.30791 110.96
7.31364 113.94
7.31938 108.663
7.32512 117.285
7.33085 118.719
7.33659 122.673
7.34232 116.905
7.34806 125.946
7.3538 133.108
7.35953 122.968
7.36527 144.828
7.371 177.504
7.37674 417.673
7.38248 179.455
7.38821 1481.49
7.39395 1150.05
7.39969 657.63
7.40542 1343.12
7.41116 560.878
7.41689 344.34
7.42263 229.869
7.42837 201.357
7.4341 193.58
7.43984 179.281
7.44558 188.537
7.45131 198.182
7.45705 216.8
7.46278 229.68
7.46852 254.069
7.47426 276.347
7.47999 288.122
7.48573 283.305
7.49146 263.104
7.4972 235.545
7.50294 217.215
7.50867 189.219
7.51441 172.571
7.52015 157.341
7.52588 147.371
7.53162 134.592
7.53735 128.589
7.54309 122.689
7.54883 115.652
7.55456 109.504
7.5603 116.189
7.56604 107.748
7.57177 103.96
7.57751 99.8957
7.58324 96.7353
7.58898 100.374
7.59472 98.1639
7.60045 98.77
7.60619 95.0244
7.61192 96.6977
7.61766 92.431
7.6234 88.2178
7.62913 88.3182
7.63487 90.2397
7.64061 87.4902
7.64634 86.8293
7.65208 83.6434
7.65781 89.7647
7.66355 89.2449
7.66929 84.0672
7.67502 87.9677
7.68076 90.5755
7.6865 88.3866
7.69223 88.9542
7.69797 90.2966
7.7037 91.4257
7.70944 94.8358
7.71518 111.878
7.72091 153.836
7.72665 191.128
7.73238 416.14
7.73812 153.189
7.74386 142.888
7.74959 166.652
7.75533 120.341
7.76107 117.495
7.7668 110.693
7.77254 117.191
7.77827 117.148
7.78401 124.808
7.78975 129.615
7.79548 140.133
7.80122 156.664
7.80696 158.928
7.81269 162.782
7.81843 155.774
7.82416 151.379
7.8299 131.15
7.83564 122.047
7.84137 112.128
7.84711 101.645
7.85284 97.916
7.85858 90.5591
7.86432 89.4124
7.87005 85.6835
7.87579 84.3594
7.88153 81.582
7.88726 80.5888
7.893 77.8963
7.89873 81.3203
7.90447 76.1569
7.91021 75.2481
7.91594 74.2137
7.92168 75.3667
7.92742 74.434
7.93315 74.8175
7.93889 70
7.94462 73.4956
7.95036 73.6612
7.9561 74.6818
7.96183 74.3175
7.96757 69.781
7.9733 71.9343
7.97904 76.2308
7.98478 70.1339
7.99051 71.456
7.99625 73.9624
8.00199 70.5645
8.00772 71.0594
8.01346 70.3165
8.01919 69.1504
8.02493 68.7311
8.03067 65.7876
8.0364 69.0882
8.04214 67.8661
8.04788 68.3204
8.05361 65.5468
8.05935 64.9118
8.06508 65.8898
8.07082 66.8803
8.07656 64.9197
8.08229 62.1875
8.08803 62.5152
8.09376 59.4336
8.0995 59.1364
8.10524 56.122
8.11097 48.0708
8.11671 48.0217
8.12245 43.7132
8.12818 40.6937
8.13392 36.2727
8.13965 34.3139
8.14539 31.7581
8.15113 33.2883
8.15686 17.0511
8.1626 18.0617
8.16834 16.6271
8.17407 9.44737
8.17981 3.05263
8.18554 0
8.19128 0
8.19702 0
8.20275 0
8.20849 0
8.21422 0
8.21996 0
8.2257 0
8.23143 0
8.23717 0
8.24291 0
8.24864 0
8.25438 0
8.26011 0
8.26585 0
8.27159 0
8.27732 0
8.28306 0
8.2888 0
8.29453 0
8.30027 0
8.306 0
8.31174 0
8.31748 0
8.32321 0
8.32895 0
8.33468 0
8.34042 0
8.34616 0
8.35189 0
8.35763 0
8.36337 0
8.3691 0
8.37484 0
8.38057 0
8.38631 0
8.39205 0
8.39778 0
8.40352 0
8.40926 0
8.41499 0
8.42073 0
8.42646 0
8.4322 0
8.43794 0
8.44367 0
8.44941 0
8.45514 0
8.46088 0
8.46662 0
8.47235 0
8.47809 0
8.48383 0
8.48956 0
8.4953 0
8.50103 0
8.50677 0
8.51251 0
8.51824 0
8.52398 0
8.52972 0
8.53545 0
8.54119 0
8.54692 0
8.55266 0
8.5584 0
8.56413 0
8.56987 0
8.5756 0
8.58134 0
8.58708 0
8.59281 0
8.59855 0
8.60429 0
8.61002 0
8.61576 0
8.62149 0
8.62723 0
8.63297 0
8.6387 0
8.64444 0
8.65018 0
8.65591 0
8.66165 0
8.66738 0
8.67312 0
8.67886 0
8.68459 0
8.69033 0
8.69606 0
8.7018 0
8.70754 0
8.71327 0
8.71901 0
8.72475 0
8.73048 0
8.73622 0
8.74195 0
8.74769 0
8.75343 0
8.75916 0
8.7649 0
8.77064 0
8.77637 0
8.78211 0
8.78784 0
8.79358 0
8.79932 0
8.80505 0
8.81079 0
8.81652 0
8.82226 0
8.828 0
8.83373 0
8.83947 0
8.84521 0
8.85094 0
8.85668 0
8.86241 0
8.86815 0
8.87389 0
8.87962 0
8.88536 0
8.8911 0
8.89683 0
8.90257 0
8.9083 0
8.91404 0
8.91978 0
8.92551 0
8.93125 0
8.93698 0
8.94272 0
8.94846 0
8.95419 0
8.95993 0
8.96567 0
8.9714 0
8.97714 0
8.98287 0
8.98861 0
8.99435 0
9.00008 0
9.00582 0
9.01156 0
9.01729 0
9.02303 0
9.02876 0
9.0345 0
9.04024 0
9.04597 0
9.05171 0
9.05744 0
9.06318 0
9.06892 0
9.07465 0
9.08039 0
9.08613 0
9.09186 0
9.0976 0
9.10333 0
9.10907 0
9.11481 0
9.12054 0
9.12628 0
9.13202 0
9.13775 0
9.14349 0
9.14922 0
9.15496 0
9.1607 0
9.16643 0
9.17217 0
9.1779 0
9.18364 0
9.18938 0
9.19511 0
9.20085 0
9.20659 0
9.21232 0
9.21806 0
9.22379 0
9.22953 0
9.23527 0
9.241 0
9.24674 0
9.25248 0
9.25821 0
9.26395 0
9.26968 0
9.27542 0
9.28116 0
9.28689 0
9.29263 0
9.29836 0
9.3041 0
9.30984 0
9.31557 0
9.32131 0
9.32705 0
9.33278 0
9.33852 0
9.34425 0
9.34999 0
9.35573 0
9.36146 0
9.3672 0
9.37294 0
9.37867 0
9.38441 0
9.39014 0
9.39588 0
9.40162 0
9.40735 0
9.41309 0
9.41882 0
9.42456 0
9.4303 0
9.43603 0
9.44177 0
9.44751 0
9.45324 0
9.45898 0
9.46471 0
9.47045 0
9.47619 0
9.48192 0
9.48766 0
9.4934 0
9.49913 0
9.50487 0
9.5106 0
9.51634 0
9.52208 0
9.52781 0
9.53355 0
9.53928 0
9.54502 0
9.55076 0
9.55649 0
9.56223 0
9.56797 0
9.5737 0
9.57944 0
9.58517 0
9.59091 0
9.59665 0
9.60238 0
9.60812 0
9.61386 0
9.61959 0
9.62533 0
9.63106 0
9.6368 0
9.64254 0
9.64827 0
9.65401 0
9.65974 0
9.66548 0
9.67122 0
9.67695 0
9.68269 0
9.68843 0
9.69416 0
9.6999 0
9.70563 0
9.71137 0
9.71711 0
9.72284 0
9.72858 0
9.73432 0
9.74005 0
9.74579 0
9.75152 0
9.75726 0
9.763 0
9.76873 0
9.77447 0
9.7802 0
9.78594 0
9.79168 0
9.79741 0
9.80315 0
9.80889 0
9.81462 0
9.82036 0
9.82609 0
9.83183 0
9.83757 0
9.8433 0
9.84904 0
9.85478 0
9.86051 0
9.86625 0
9.87198 0
9.87772 0
9.88346 0
9.88919 0
9.89493 0
9.90066 0
9.9064 0
9.91214 0
9.91787 0
9.92361 0
9.92935 0
9.93508 0
9.94082 0
9.94655 0
9.95229 0
9.95803 0
9.96376 0
9.9695 0
9.97524 0
9.98097 0
9.98671 0
9.99244 0
9.99818 0
10.0039 0
10.0097 0
10.0154 0
10.0211 0
10.0269 0
10.0326 0
10.0383 0
10.0441 0
10.0498 0
10.0555 0
10.0613 0
10.067 0
10.0728 0
10.0785 0
10.0842 0
10.09 0
10.0957 0
10.1014 0
10.1072 0
10.1129 0
10.1186 0
10.1244 0
10.1301 0
10.1358 0
10.1416 0
10.1473 0
10.1531 0
10.1588 0
10.1645 0
10.1703 0
10.176 0
10.1817 0
10.1875 0
10.1932 0
10.1989 0
10.2047 0
10.2104 0
10.2162 0
10.2219 0
10.2276 0
10.2334 0
10.2391 0
10.2448 0
10.2506 0
10.2563 0
10.262 0
10.2678 0
10.2735 0
10.2793 0
10.285 0
10.2907 0
10.2965 0
10.3022 0
10.3079 0
10.3137 0
10.3194 0
10.3251 0
10.3309 0
10.3366 0
10.3424 0
10.3481 0
10.3538 0
10.3596 0
10.3653 0
10.371 0
10.3768 0
10.3825 0
10.3882 0
10.394 0
10.3997 0
10.4054 0
10.4112 0
10.4169 0
10.4227 0
10.4284 0
10.4341 0
10.4399 0
10.4456 0
10.4513 0
10.4571 0
10.4628 0
10.4685 0
10.4743 0
10.48 0
10.4858 0
10.4915 0
10.4972 0
10.503 0
10.5087 0
10.5144 0
10.5202 0
10.5259 0
10.5316 0
10.5374 0
10.5431 0
10.5489 0
10.5546 0
10.5603 0
10.5661 0
10.5718 0
10.5775 0
10.5833 0
10.589 0
10.5947 0
10.6005 0
10.6062 0
10.612 0
10.6177 0
10.6234 0
10.6292 0
10.6349 0
10.6406 0
10.6464 0
10.6521 0
10.6578 0
10.6636 0
10.6693 0
10.6751 0
10.6808 0
10.6865 0
10.6923 0
10.698 0
10.7037 0
10.7095 0
10.7152 0
10.7209 0
10.7267 0
10.7324 0
10.7381 0
10.7439 0
10.7496 0
10.7554 0
10.7611 0
10.7668 0
10.7726 0
10.7783 0
10.784 0
10.7898 0
10.7955 0
10.8012 0
10.807 0
10.8127 0
10.8185 0
10.8242 0
10.8299 0
10.8357 0
10.8414 0
10.8471 0
10.8529 0
10.8586 0
10.8643 0
10.8701 0
10.8758 0
10.8816 0
10.8873 0
10.893 0
10.8988 0
10.9045 0
10.9102 0
10.916 0
10.9217 0
10.9274 0
10.9332 0
10.9389 0
10.9447 0
10.9504 0
10.9561 0
10.9619 0
10.9676 0
10.9733 0
10.9791 0
10.9848 0
10.9905 0
10.9963 0
11.002 0
11.0077 0
11.0135 0
11.0192 0
11.025 0
11.0307 0
11.0364 0
11.0422 0
11.0479 0
11.0536 0
11.0594 0
11.0651 0
11.0708 0
11.0766 0
11.0823 0
11.0881 0
11.0938 0
11.0995 0
11.1053 0
11.111 0
11.1167 0
11.1225 0
11.1282 0
11.1339 0
11.1397 0
11.1454 0
11.1512 0
11.1569 0
11.1626 0
11.1684 0
11.1741 0
11.1798 0
11.1856 0
11.1913 0
11.197 0
11.2028 0
11.2085 0
11.2143 0
11.22 0
11.2257 0
11.2315 0
11.2372 0
11.2429 0
11.2487 0
11.2544 0
11.2601 0
11.2659 0
11.2716 0
11.2774 0
11.2831 0
11.2888 0
11.2946 0
11.3003 0
11.306 0
11.3118 0
11.3175 0
11.3232 0
11.329 0
11.3347 0
11.3404 0
11.3462 0
11.3519 0
11.3577 0
11.3634 0
11.3691 0
11.3749 0
11.3806 0
11.3863 0
11.3921 0
11.3978 0
11.4035 0
11.4093 0
11.415 0
11.4208 0
11.4265 0
11.4322 0
11.438 0
11.4437 0
11.4494 0
11.4552 0
11.4609 0
11.4666 0
11.4724 0
11.4781 0
11.4839 0
11.4896 0
11.4953 0
11.5011 0
11.5068 0
11.5125 0
11.5183 0
11.524 0
11.5297 0
11.5355 0
11.5412 0
11.547 0
11.5527 0
11.5584 0
11.5642 0
11.5699 0
11.5756 0
11.5814 0
11.5871 0
11.5928 0
11.5986 0
11.6043 0
11.61 0
11.6158 0
11.6215 0
11.6273 0
11.633 0
11.6387 0
11.6445 0
11.6502 0
11.6559 0
11.6617 0
11.6674 0
11.6731 0
11.6789 0
11.6846 0
11.6904 0
11.6961 0
11.7018 0
11.7076 0
11.7133 0
11.719 0
11.7248 0
11.7305 0
11.7362 0
11.742 0
