0 0
0.00573619 3
0.0114724 4
0.0172086 0
0.0229448 10
0.028681 27
0.0344171 0
0.0401533 -4
0.0458895 -19
0.0516257 25
0.0573619 0
0.0630981 6
0.0688343 12
0.0745705 0
0.0803067 33
0.0860429 24
0.091779 0
0.0975152 -6.66667
0.103251 10.3333
0.108988 7.66667
0.114724 0
0.12046 5.33333
0.126196 0.333333
0.131932 0
0.137669 -4.66667
0.143405 -6.66667
0.149141 -4
0.154877 -17
0.160613 9.33333
0.16635 11
0.172086 0
0.177822 8.33333
0.183558 0
0.189294 0
0.19503 0.2
0.200767 -2.8
0.206503 4.66667
0.212239 -13
0.217975 6.8
0.223711 2.8
0.229448 0
0.235184 -2.8
0.24092 -5.6
0.246656 0
0.252392 10.6
0.258129 2.6
0.263865 18
0.269601 0
0.275337 -5.8
0.281073 -2.14286
0.28681 0
0.292546 3.42857
0.298282 -1.42857
0.304018 2.33333
0.309754 -3.25
0.31549 -5.14286
0.321227 8.71429
0.326963 0
0.332699 0.571429
0.338435 -0.428571
0.344171 0
0.349908 -4.71429
0.355644 3.42857
0.36138 2
0.367116 4.5
0.372852 9.625
0.378589 2.57143
0.384325 8.5
0.390061 4.88889
0.395797 11.7778
0.401533 0
0.40727 8.66667
0.413006 8.77778
0.418742 13.8571
0.424478 29
0.430214 15.8889
0.43595 21.7778
0.441687 0
0.447423 17.6667
0.453159 12.7778
0.458895 21.6667
0.464631 13.2857
0.470368 17.7273
0.476104 6.77778
0.48184 29
0.487576 14.7273
0.493312 24.3636
0.499049 0
0.504785 16.6364
0.510521 24.2727
0.516257 15
0.521993 27.6667
0.52773 17.9091
0.533466 23.4444
0.539202 7
0.544938 19.2727
0.550674 8.63636
0.55641 0
0.562147 20
0.567883 27
0.573619 14.4286
0.579355 14.6667
0.585091 20.3077
0.590828 22.6364
0.596564 16
0.6023 9.92308
0.608036 11.4615
0.613772 16.4
0.619509 9.75
0.625245 14.6154
0.630981 11.8889
0.636717 11.75
0.642453 16.4615
0.64819 21.6923
0.653926 50
0.659662 23.4
0.665398 25.2
0.671134 20.7143
0.67687 40.5
0.682607 22.0667
0.688343 25.9091
0.694079 28
0.699815 29.1333
0.705551 37.0667
0.711288 30
0.717024 32
0.72276 22.5333
0.728496 23.6667
0.734232 18.1667
0.739969 34.4375
0.745705 31.3077
0.751441 31
0.757177 30.5294
0.762913 21.1765
0.76865 25.2
0.774386 23.3333
0.780122 21.7647
0.785858 20.9091
0.791594 21.3333
0.79733 27.5882
0.803067 21.7333
0.808803 11.5
0.814539 29.1765
0.820275 21.1176
0.826011 15.1111
0.831748 20.375
0.837484 33.4444
0.84322 33.4615
0.848956 22.5
0.854692 28.6316
0.860429 29.1176
0.866165 23.6
0.871901 24.125
0.877637 27.3684
0.883373 33.6364
0.88911 20.5
0.894846 23.8421
0.900582 30.1333
0.906318 15.5
0.912054 32.2632
0.91779 23.2941
0.923527 24.7778
0.929263 20.6154
0.934999 27.9
0.940735 27.3846
0.946471 34.125
0.952208 20.2381
0.957944 26.4706
0.96368 24
0.969416 27.0952
0.975152 35.7895
0.980889 14.6364
0.986625 31.5
0.992361 28.2381
0.998097 35.3333
1.00383 32.6667
1.00957 22.8095
1.01531 29.7647
1.02104 25.2
1.02678 31.0588
1.03251 24.0476
1.03825 20.9231
1.04399 23.8333
1.04972 25.7391
1.05546 29.2353
1.0612 28
1.06693 28.6522
1.07267 32.2105
1.0784 27
1.08414 28.7143
1.08988 27.1739
1.09561 29
1.10135 17.75
1.10708 25.913
1.11282 26.1176
1.11856 24.2857
1.12429 28.2083
1.13003 35.6667
1.13577 29.9333
1.1415 34.0714
1.14724 26.04
1.15297 22.6667
1.15871 18.9
1.16445 25.48
1.17018 27
1.17592 24.3846
1.18166 28.8333
1.18739 28.087
1.19313 13.5333
1.19886 37.25
1.2046 24.44
1.21034 25.8889
1.21607 27.1111
1.22181 32.1111
1.22754 21.3333
1.23328 25.1176
1.23902 26.75
1.24475 31.04
1.25049 33.8235
1.25623 28.0833
1.26196 22.7037
1.2677 30.5789
1.27343 22.3846
1.27917 30.7273
1.28491 22.5217
1.29064 31.8235
1.29638 29.8
1.30212 26.4074
1.30785 27.8333
1.31359 23
1.31932 28.8276
1.32506 20
1.3308 22
1.33653 29
1.34227 28.12
1.348 27.2105
1.35374 30.5
1.35948 22.5185
1.36521 34.8095
1.37095 35.9
1.37669 29.2759
1.38242 22.1739
1.38816 30.7059
1.39389 29.3158
1.39963 27.037
1.40537 22.5
1.4111 22.6429
1.41684 18.5862
1.42258 26.6957
1.42831 31.7647
1.43405 24.75
1.43978 23.8
1.44552 22.0476
1.45126 25.0625
1.45699 22.7931
1.46273 27.9048
1.46846 24.5
1.4742 26.2903
1.47994 27.1739
1.48567 22.75
1.49141 27.4286
1.49715 23.8889
1.50288 29.9091
1.50862 20.8125
1.51435 22.2759
1.52009 20.6
1.52583 31.5333
1.53156 28
1.5373 24.28
1.54304 28.9048
1.54877 29.8
1.55451 32.1034
1.56024 30.4783
1.56598 25
1.57172 28.4516
1.57745 23
1.58319 27.15
1.58892 22.88
1.59466 27.2963
1.6004 24.72
1.60613 26.6111
1.61187 25
1.61761 23.76
1.62334 26.0714
1.62908 31.6667
1.63481 25.1111
1.64055 32.3043
1.64629 32.7727
1.65202 26.5517
1.65776 24.76
1.6635 22.125
1.66923 27.6774
1.67497 31.9643
1.6807 25.6
1.68644 22.3214
1.69218 32.4286
1.69791 25.12
1.70365 17.9545
1.70938 25.6774
1.71512 30.7037
1.72086 24.5
1.72659 24.2424
1.73233 30.6207
1.73807 31.1304
1.7438 24.6538
1.74954 26.6552
1.75527 25.963
1.76101 24.0526
1.76675 23.9697
1.77248 30.8214
1.77822 34.1
1.78396 26.1667
1.78969 24.8387
1.79543 28.6296
1.80116 24.0833
1.8069 25.2581
1.81264 25.4483
1.81837 31.5556
1.82411 22.7143
1.82984 26.0345
1.83558 28.12
1.84132 22.4615
1.84705 32.7742
1.85279 30.75
1.85853 26.1304
1.86426 26.5758
1.87 31.5
1.87573 24.8235
1.88147 30.7429
1.88721 29.6667
1.89294 28.5556
1.89868 29.1154
1.90442 32.9394
1.91015 33.4516
1.91589 32.4
1.92162 33.1143
1.92736 31.0645
1.9331 35.24
1.93883 42.8214
1.94457 41.303
1.9503 29.2333
1.95604 31.7917
1.96178 27.1765
1.96751 32.0938
1.97325 30.25
1.97899 29.7568
1.98472 22.6061
1.99046 33.5172
1.99619 29.2692
2.00193 28.2286
2.00767 24.0645
2.0134 28.5
2.01914 22.2
2.02488 26.6667
2.03061 28.52
2.03635 26.6875
2.04208 24.7059
2.04782 26.7812
2.05356 34.9583
2.05929 26.5556
2.06503 29.2353
2.07076 29.4091
2.0765 28.2162
2.08224 31.2857
2.08797 25.1034
2.09371 30.8571
2.09945 28.1892
2.10518 29.9697
2.11092 31.0417
2.11665 30.4324
2.12239 25.5429
2.12813 28.3913
2.13386 25.7027
2.1396 30.3611
2.14534 29.4375
2.15107 32.9231
2.15681 31.1579
2.16254 33.1111
2.16828 31.7273
2.17402 26.2564
2.17975 28.2703
2.18549 32.7097
2.19122 38.8333
2.19696 31.6757
2.2027 36.6286
2.20843 30.875
2.21417 66.2051
2.21991 72.5946
2.22564 35.7727
2.23138 38.025
2.23711 33.3421
2.24285 30.5
2.24859 34.5714
2.25432 33.8947
2.26006 29.8718
2.2658 29.6818
2.27153 34.3902
2.27727 34.8205
2.283 33.2581
2.28874 33.7188
2.29448 31.9744
2.30021 29.7027
2.30595 31.8077
2.31168 39.7692
2.31742 32.875
2.32316 31.6364
2.32889 40.8571
2.33463 37.85
2.34037 41.2222
2.3461 43.1071
2.35184 39.9762
2.35757 48.4054
2.36331 45.0769
2.36905 47.2927
2.37478 46.0488
2.38052 37.7097
2.38626 37.7941
2.39199 41
2.39773 41.2703
2.40346 39.8846
2.4092 43.8182
2.41494 32.625
2.42067 32.7273
2.42641 35.0455
2.43214 32.881
2.43788 37.2857
2.44362 36.3871
2.44935 35.0667
2.45509 30.641
2.46083 33.2308
2.46656 30.9111
2.4723 27.1463
2.47803 31.3793
2.48377 33.875
2.48951 32.2093
2.49524 33.4103
2.50098 34.7308
2.50672 33.0435
2.51245 34.6905
2.51819 33.1667
2.52392 36.3696
2.52966 36.8864
2.5354 33.697
2.54113 33.3429
2.54687 33.0667
2.5526 35.1951
2.55834 34.3846
2.56408 38
2.56981 32.1395
2.57555 32.2069
2.58129 38.3095
2.58702 36.0444
2.59276 31.5946
2.59849 32.3939
2.60423 33.8043
2.60997 33.7273
2.6157 32.75
2.62144 34.0417
2.62718 35.8261
2.63291 38.7429
2.63865 30.0833
2.64438 36.1915
2.65012 31
2.65586 39.0333
2.66159 40.8723
2.66733 37.2667
2.67306 36.44
2.6788 37.25
2.68454 32.5625
2.69027 37.6154
2.69601 34.3939
2.70175 36.5625
2.70748 39.9333
2.71322 30
2.71895 38.3958
2.72469 40.5625
2.73043 37.4571
2.73616 38.0263
2.7419 38.2041
2.74764 37.5814
2.75337 34.0667
2.75911 41.3673
2.76484 38.3673
2.77058 40.4167
2.77632 35.3061
2.78205 36.88
2.78779 38.5128
2.79352 32.8571
2.79926 34.4038
2.805 33.4
2.81073 36.3333
2.81647 36.8462
2.82221 34.9796
2.82794 32.1622
2.83368 37.1053
2.83941 32.4151
2.84515 37.4878
2.85089 36.6875
2.85662 37.3585
2.86236 39.3265
2.8681 35.25
2.87383 40.537
2.87957 36.56
2.8853 41.0244
2.89104 39.1081
2.89678 36.3846
2.90251 37.7556
2.90825 38.6897
2.91398 39.4259
2.91972 38.0196
2.92546 35.9189
2.93119 33.7619
2.93693 42.6038
2.94267 42.8
2.9484 35.375
2.95414 38.7358
2.95987 41.4286
2.96561 36.5185
2.97135 39.9464
2.97708 42.3889
2.98282 37.1795
2.98856 37.4615
2.99429 38.5926
3.00003 41.3617
3.00576 46.7097
3.0115 40.4909
3.01724 38.9245
3.02297 37.6216
3.02871 40.7045
3.03444 40.1091
3.04018 40.5778
3.04592 42.3824
3.05165 39.3091
3.05739 40.6471
3.06313 38.6897
3.06886 45.1786
3.0746 41.7818
3.08033 46.0227
3.08607 41.4865
3.09181 49.4286
3.09754 54.4898
3.10328 54.871
3.10902 68.4237
3.11475 61.9057
3.12049 46.5897
3.12622 49.4348
3.13196 47.0364
3.1377 45.8723
3.14343 52.8611
3.14917 49.1379
3.1549 48.1176
3.16064 42.6552
3.16638 50.9167
3.17211 46.7273
3.17785 47.3409
3.18359 44.6829
3.18932 55.5
3.19506 51.5714
3.20079 44.7353
3.20653 45.3898
3.21227 52.2642
3.218 47.1707
3.22374 55.3958
3.22948 53.0847
3.23521 52.4222
3.24095 49.7692
3.24668 56.2667
3.25242 58.0943
3.25816 51.3235
3.26389 53.807
3.26963 54.9123
3.27536 56.5
3.2811 57.1707
3.28684 61.75
3.29257 58.9796
3.29831 59.0833
3.30405 64.9841
3.30978 70.9818
3.31552 72.9302
3.32125 72.25
3.32699 81.2105
3.33273 75.4314
3.33846 76.8205
3.3442 76.9355
3.34994 77.1176
3.35567 77.1579
3.36141 70.4915
3.36714 73.1754
3.37288 66.3958
3.37862 73.093
3.38435 66.918
3.39009 66.9245
3.39582 62.8889
3.40156 64.1746
3.4073 65.4
3.41303 71.8511
3.41877 70.9792
3.42451 73.9016
3.43024 67.2
3.43598 73.1951
3.44171 63.9524
3.44745 66.9643
3.45319 68.8571
3.45892 67.2727
3.46466 66.6949
3.4704 65
3.47613 69.2791
3.48187 71.0317
3.4876 72.3962
3.49334 73.3158
3.49908 69.4478
3.50481 77.9825
3.51055 78.5532
3.51628 77.4706
3.52202 85.2295
3.52776 89.6667
3.53349 98.0976
3.53923 117.692
3.54497 151.833
3.5507 160.292
3.55644 153.982
3.56217 122.695
3.56791 102.442
3.57365 94.6957
3.57938 91.1385
3.58512 92
3.59086 89.5526
3.59659 90.9104
3.60233 87.2034
3.60806 95.451
3.6138 92.7143
3.61954 93.4921
3.62527 99.5179
3.63101 108.317
3.63674 118.91
3.64248 133.121
3.64822 144.646
3.65395 154.175
3.65969 152.459
3.66543 138.296
3.67116 138.87
3.6769 137.46
3.68263 141.492
3.68837 138.816
3.69411 142.101
3.69984 137.186
3.70558 138.13
3.71132 139.039
3.71705 139.969
3.72279 146.75
3.72852 145.256
3.73426 148.552
3.74 152.032
3.74573 150.38
3.75147 158.582
3.7572 161.46
3.76294 173
3.76868 175.75
3.77441 178.642
3.78015 193.068
3.78589 197.404
3.79162 206.375
3.79736 219.328
3.80309 230.857
3.80883 252.078
3.81457 274.108
3.8203 309.65
3.82604 316.605
3.83178 370.609
3.83751 452.839
3.84325 560.643
3.84898 914.076
3.85472 1463.68
3.86046 1497.64
3.86619 1509.37
3.87193 1829.64
3.87766 2156.25
3.8834 2780.06
3.88914 3471.7
3.89487 4169.62
3.90061 3769.47
3.90635 3029.92
3.91208 2176
3.91782 1488.09
3.92355 1102.83
3.92929 870.141
3.93503 678.375
3.94076 544.259
3.9465 481.407
3.95224 427.194
3.95797 372.762
3.96371 335.696
3.96944 310.296
3.97518 291.365
3.98092 265.518
3.98665 255.948
3.99239 240.544
3.99812 236.065
4.00386 219.714
4.0096 215.29
4.01533 210.797
4.02107 202.2
4.02681 200.136
4.03254 201.258
4.03828 196.217
4.04401 189.558
4.04975 181.761
4.05549 181.892
4.06122 170.587
4.06696 170.667
4.0727 161.514
4.07843 154.883
4.08417 157.268
4.0899 157.5
4.09564 161.922
4.10138 154.74
4.10711 153.833
4.11285 150.515
4.11858 141.464
4.12432 144.468
4.13006 148.691
4.13579 149.937
4.14153 144.308
4.14727 147.37
4.153 146.388
4.15874 143.045
4.16447 140.986
4.17021 143.681
4.17595 139.355
4.18168 138.482
4.18742 140.114
4.19316 144.03
4.19889 141.7
4.20463 142.257
4.21036 141.235
4.2161 139.317
4.22184 141.414
4.22757 140.708
4.23331 136.821
4.23904 140.52
4.24478 141.413
4.25052 145.536
4.25625 138.911
4.26199 140.594
4.26773 142.458
4.27346 144.303
4.2792 138.357
4.28493 143.153
4.29067 146.071
4.29641 147.271
4.30214 148.934
4.30788 149.743
4.31362 149.234
4.31935 153.839
4.32509 153
4.33082 156.478
4.33656 160.9
4.3423 158.28
4.34803 165.865
4.35377 164.758
4.3595 163.233
4.36524 173.027
4.37098 184.957
4.37671 184.426
4.38245 192.392
4.38819 200.347
4.39392 210.053
4.39966 207.725
4.40539 230.847
4.41113 249.588
4.41687 254.87
4.4226 302.364
4.42834 464.329
4.43408 708.083
4.43981 1532.9
4.44555 4686.55
4.45128 1971.42
4.45702 4148.73
4.46276 1098.22
4.46849 628.986
4.47423 623.333
4.47996 639.105
4.4857 705.581
4.49144 748.862
4.49717 787.143
4.50291 805.184
4.50865 773.686
4.51438 702.942
4.52012 596.24
4.52585 492.92
4.53159 401.719
4.53733 352.324
4.54306 301.388
4.5488 266.866
4.55454 236.877
4.56027 216.212
4.56601 196.743
4.57174 187.154
4.57748 173.103
4.58322 161.474
4.58895 157.313
4.59469 148.689
4.60042 145.962
4.60616 140.853
4.6119 131.88
4.61763 132.819
4.62337 132.769
4.62911 132.714
4.63484 128.277
4.64058 123.268
4.64631 117.625
4.65205 114.304
4.65779 109.65
4.66352 108.436
4.66926 106.574
4.675 108.07
4.68073 99.6538
4.68647 107.479
4.6922 102.772
4.69794 109.7
4.70368 108.26
4.70941 103.38
4.71515 107.306
4.72088 112.613
4.72662 111.188
4.73236 112.492
4.73809 107.695
4.74383 107.103
4.74957 104.731
4.7553 107.726
4.76104 106.45
4.76677 100.358
4.77251 97.8
4.77825 95.8171
4.78398 96.0533
4.78972 93.1636
4.79546 89.0824
4.80119 89.6835
4.80693 83.2308
4.81266 84.3662
4.8184 83.2143
4.82414 81.4931
4.82987 79.4262
4.83561 82.3214
4.84134 80.7875
4.84708 85.8491
4.85282 82.3294
4.85855 80.9268
4.86429 76.5352
4.87003 78.8525
4.87576 80.8837
4.8815 77.0385
4.88723 78.9074
4.89297 81.2824
4.89871 76.2738
4.90444 76.6901
4.91018 75.1642
4.91592 73.3929
4.92165 76.3165
4.92739 77.2632
4.93312 72.6047
4.93886 75.1429
4.9446 73.7313
4.95033 72.4648
4.95607 72.2326
4.9618 77.7143
4.96754 74.8475
4.97328 76.6977
4.97901 69.8193
4.98475 74.8852
4.99049 72.3846
4.99622 75.1932
5.00196 73.5205
5.00769 74.6825
5.01343 73.3068
5.01917 73.988
5.0249 69.4717
5.03064 73.2111
5.03638 71.1628
5.04211 73.5733
5.04785 71.0154
5.05358 74.1395
5.05932 69.5802
5.06506 70.7018
5.07079 65.8068
5.07653 72.4253
5.08226 72.4084
5.088 73.0563
5.09374 69.9222
5.09947 72.7662
5.10521 69.8571
5.11095 69.9111
5.11668 73.9412
5.12242 70.9545
5.12815 72.0519
5.13389 72.6111
5.13963 71.6753
5.14536 66.6885
5.1511 71.9565
5.15684 74.6867
5.16257 71.2419
5.16831 74.1667
5.17404 72.2135
5.17978 73
5.18552 77.1045
5.19125 71.8889
5.19699 72.1807
5.20272 69.7288
5.20846 71.6087
5.2142 67.2135
5.21993 71.2368
5.22567 71.6087
5.23141 69.1087
5.23714 71.0494
5.24288 68.7213
5.24861 69.6739
5.25435 71.3933
5.26009 72.2143
5.26582 70.5
5.27156 72.1319
5.2773 71.875
5.28303 71.6154
5.28877 69.8085
5.2945 76.1724
5.30024 74.8611
5.30598 71.7721
5.31171 78.0787
5.31745 78.5366
5.32318 75.1077
5.32892 68.6383
5.33466 67.8736
5.34039 72.0758
5.34613 71.6706
5.35187 70.9121
5.3576 72.4691
5.36334 64.9552
5.36907 70.625
5.37481 76.4824
5.38055 75.7705
5.38628 80.1667
5.39202 86.8681
5.39776 94.1125
5.40349 90.4084
5.40923 80.375
5.41496 75.7654
5.4207 72.0635
5.42644 71.8061
5.43217 69.7753
5.43791 71.6154
5.44364 73.1096
5.44938 76.9794
5.45512 76.3902
5.46085 75.7761
5.46659 70
5.47233 68.5955
5.47806 69.1447
5.4838 71.5926
5.48953 70.8925
5.49527 74.2976
5.50101 71.7313
5.50674 70.4082
5.51248 71.3708
5.51822 69.3378
5.52395 69.7229
5.52969 73
5.53542 71.6905
5.54116 71.5147
5.5469 71.2727
5.55263 72.4
5.55837 67.4861
5.5641 72.6854
5.56984 71.9462
5.57558 70.4524
5.58131 71.2466
5.58705 71.6465
5.59279 72.6364
5.59852 73.2064
5.60426 73.35
5.60999 68.8817
5.61573 71.6463
5.62147 74.0533
5.6272 71.2165
5.63294 76.2093
5.63868 72.2836
5.64441 75.9902
5.65015 76.8925
5.65588 78.9762
5.66162 73.026
5.66736 72.1111
5.67309 74.3488
5.67883 71.3768
5.68456 71.4257
5.6903 72.9222
5.69604 76.3049
5.70177 79.012
5.70751 77.6316
5.71325 77.625
5.71898 79.9014
5.72472 79.5859
5.73045 79.5269
5.73619 80.0625
5.74193 75.7978
5.74766 81.979
5.7534 84.4886
5.75914 82.5352
5.76487 79.8812
5.77061 81.3723
5.77634 82.0128
5.78208 84.0225
5.78782 82.9794
5.79355 85.186
5.79929 82.5333
5.80502 85.2475
5.81076 81.3696
5.8165 79.6081
5.82223 81.2708
5.82797 84.4388
5.83371 81.4884
5.83944 81.1646
5.84518 83.5859
5.85091 80.5833
5.85665 82.7538
5.86239 81.2286
5.86812 79.449
5.87386 83.2209
5.8796 81.0253
5.88533 80.9505
5.89107 84.3261
5.8968 82.7681
5.90254 84.5238
5.90828 85.6327
5.91401 87.407
5.91975 85.3855
5.92548 82.4242
5.93122 87.4468
5.93696 85.9315
5.94269 86.6762
5.94843 87.4167
5.95417 84.3523
5.9599 86.9529
5.96564 86.303
5.97137 88.2979
5.97711 86.8904
5.98285 87.534
5.98858 93.3061
5.99432 96.6667
6.00006 96.7079
6.00579 99.8485
6.01153 101.5
6.01726 104.133
6.023 100.086
6.02874 100.198
6.03447 98.9432
6.04021 96.6556
6.04594 96.9184
6.05168 96.6354
6.05742 98.7143
6.06315 101.095
6.06889 101.833
6.07463 101.202
6.08036 104.447
6.0861 104.02
6.09183 105.031
6.09757 108.538
6.10331 103.387
6.10904 105.781
6.11478 110.5
6.12052 112.531
6.12625 105.33
6.13199 110.979
6.13772 112.037
6.14346 110.588
6.1492 115.84
6.15493 119.637
6.16067 115.343
6.1664 116.796
6.17214 122.085
6.17788 121.988
6.18361 120.529
6.18935 127.939
6.19509 136.253
6.20082 129.468
6.20656 143.99
6.21229 152.802
6.21803 155.244
6.22377 155.509
6.2295 162.18
6.23524 177.147
6.24098 164.404
6.24671 169.471
6.25245 184.096
6.25818 198.081
6.26392 190.755
6.26966 256.422
6.27539 524.76
6.28113 291.413
6.28686 1778
6.2926 6022.44
6.29834 1531.89
6.30407 4114.68
6.30981 2184.29
6.31555 2019.41
6.32128 694.657
6.32702 496.375
6.33275 519.146
6.33849 393.636
6.34423 413.51
6.34996 433.471
6.3557 467.333
6.36144 509.315
6.36717 603.058
6.37291 675.632
6.37864 673.533
6.38438 615.519
6.39012 536.245
6.39585 461.825
6.40159 395.843
6.40732 326.815
6.41306 287.032
6.4188 254.435
6.42453 225.519
6.43027 211.529
6.43601 197.878
6.44174 195.151
6.44748 187.157
6.45321 179.33
6.45895 181.641
6.46469 171.514
6.47042 170.233
6.47616 169.571
6.4819 154.464
6.48763 149.333
6.49337 148.527
6.4991 145.842
6.50484 142.861
6.51058 139.382
6.51631 138.321
6.52205 132.864
6.52778 135.574
6.53352 134.63
6.53926 130.76
6.54499 132.88
6.55073 131.294
6.55647 129.381
6.5622 133.602
6.56794 132.75
6.57367 135.151
6.57941 132.2
6.58515 128.411
6.59088 127.144
6.59662 129.702
6.60236 125.447
6.60809 124.557
6.61383 126.602
6.61956 123.464
6.6253 123.902
6.63104 123.765
6.63677 120.442
6.64251 117.018
6.64824 117.327
6.65398 124.275
6.65972 121.627
6.66545 120.848
6.67119 127.769
6.67693 123.919
6.68266 127.612
6.6884 125.139
6.69413 126.857
6.69987 124.32
6.70561 125.312
6.71134 125.154
6.71708 123.682
6.72282 122.07
6.72855 122.731
6.73429 127
6.74002 122.132
6.74576 121.296
6.7515 120.214
6.75723 118.753
6.76297 116.966
6.7687 122.714
6.77444 117.169
6.78018 117.343
6.78591 116.922
6.79165 120.664
6.79739 120.598
6.80312 119.044
6.80886 119.143
6.81459 119.022
6.82033 118.095
6.82607 121.905
6.8318 116.4
6.83754 115.648
6.84328 119.838
6.84901 119.098
6.85475 120.484
6.86048 121.349
6.86622 119.276
6.87196 122.196
6.87769 121.92
6.88343 116.153
6.88916 120.447
6.8949 122.506
6.90064 120
6.90637 116.877
6.91211 124.084
6.91785 118.92
6.92358 125.793
6.92932 124.531
6.93505 125.843
6.94079 118.336
6.94653 121.914
6.95226 123.28
6.958 119.462
6.96374 120.325
6.96947 121.404
6.97521 121.22
6.98094 122.072
6.98668 121.112
6.99242 123.138
6.99815 118.169
7.00389 124.417
7.00962 127.879
7.01536 127.424
7.0211 123.209
7.02683 122.545
7.03257 128.29
7.03831 125.634
7.04404 128.262
7.04978 126.583
7.05551 132.734
7.06125 127.972
7.06699 127.82
7.07272 129.734
7.07846 126
7.0842 127.402
7.08993 128.638
7.09567 130.892
7.1014 129.761
7.10714 133.588
7.11288 136.037
7.11861 136.109
7.12435 138.573
7.13008 135.085
7.13582 137.49
7.14156 137.703
7.14729 140.008
7.15303 139.945
7.15877 137.731
7.1645 139.532
7.17024 140.504
7.17597 146.02
7.18171 139.495
7.18745 144.697
7.19318 142.036
7.19892 144.88
7.20466 144.52
7.21039 147.419
7.21613 148.505
7.22186 146.734
7.2276 147.937
7.23334 148.703
7.23907 149.374
7.24481 152.111
7.25054 150.672
7.25628 150.29
7.26202 152.396
7.26775 158.303
7.27349 159.685
7.27923 160.161
7.28496 161.677
7.2907 167.639
7.29643 167.573
7.30217 167.917
7.30791 174.565
7.31364 179.957
7.31938 173.989
7.32512 186.808
7.33085 190.727
7.33659 198
7.34232 183.6
7.34806 203.846
7.3538 220.595
7.35953 207.72
7.36527 245.703
7.371 347.273
7.37674 1049.21
7.38248 492.164
7.38821 3833.26
7.39395 2572.21
7.39969 2177.29
7.40542 1952.15
7.41116 978.992
7.41689 759.509
7.42263 539.056
7.42837 432.238
7.4341 424.689
7.43984 413.315
7.44558 410.037
7.45131 446.496
7.45705 506.164
7.46278 551.175
7.46852 636.631
7.47426 718.856
7.47999 756.956
7.48573 739.153
7.49146 656.096
7.4972 560.482
7.50294 474.654
7.50867 401.867
7.51441 344.966
7.52015 305.044
7.52588 277.75
7.53162 248.44
7.53735 233.188
7.54309 215.883
7.54883 202.977
7.55456 194.815
7.5603 187.3
7.56604 183.859
7.57177 175.416
7.57751 169.643
7.58324 164.235
7.58898 162.359
7.59472 162.828
7.60045 158.9
7.60619 153.341
7.61192 148.961
7.61766 151.509
7.6234 148.683
7.62913 145.25
7.63487 148.083
7.64061 140.941
7.64634 145.211
7.65208 141.233
7.65781 146.613
7.66355 143.939
7.66929 145.433
7.67502 148.298
7.68076 149.632
7.6865 145
7.69223 148.595
7.69797 158.271
7.7037 155.119
7.70944 173.918
7.71518 295.878
7.72091 489.009
7.72665 859.111
7.73238 1645.97
7.73812 428.861
7.74386 215.327
7.74959 231.993
7.75533 208.722
7.76107 201.649
7.7668 199.702
7.77254 213.832
7.77827 220.975
7.78401 240.707
7.78975 265.496
7.79548 301.672
7.80122 339.086
7.80696 366.243
7.81269 383.835
7.81843 367.976
7.82416 339.789
7.8299 290.936
7.83564 243.672
7.84137 215.829
7.84711 190.164
7.85284 172.298
7.85858 157.74
7.86432 152.619
7.87005 141.403
7.87579 136.172
7.88153 136.148
7.88726 130.159
7.893 127.933
7.89873 122.586
7.90447 122.676
7.91021 120.459
7.91594 116.718
7.92168 119.025
7.92742 112.189
7.93315 115.394
7.93889 112.362
7.94462 111.018
7.95036 111.314
7.9561 111.477
7.96183 111.706
7.96757 109.133
7.9733 107.526
7.97904 107.885
7.98478 108.821
7.99051 106.848
7.99625 103.97
8.00199 103.161
8.00772 105.505
8.01346 103.906
8.01919 101.789
8.02493 104.008
8.03067 104.841
8.0364 102.581
8.04214 101.906
8.04788 101.155
8.05361 99.0719
8.05935 100.154
8.06508 98.6102
8.07082 98.453
8.07656 96.9197
8.08229 97.1953
8.08803 99.0606
8.09376 93.8671
8.0995 86.7955
8.10524 79.9268
8.11097 78.0973
8.11671 70.6812
8.12245 65.9845
8.12818 62.4144
8.13392 60.4773
8.13965 51.9489
8.14539 47.7903
8.15113 46.8378
8.15686 21.7007
8.1626 23.679
8.16834 21.5085
8.17407 18.3158
8.17981 2.94737
8.18554 0
8.19128 0
8.19702 0
8.20275 0
8.20849 0
8.21422 0
8.21996 0
8.2257 0
8.23143 0
8.23717 0
8.24291 0
8.24864 0
8.25438 0
8.26011 0
8.26585 0
8.27159 0
8.27732 0
8.28306 0
8.2888 0
8.29453 0
8.30027 0
8.306 0
8.31174 0
8.31748 0
8.32321 0
8.32895 0
8.33468 0
8.34042 0
8.34616 0
8.35189 0
8.35763 0
8.36337 0
8.3691 0
8.37484 0
8.38057 0
8.38631 0
8.39205 0
8.39778 0
8.40352 0
8.40926 0
8.41499 0
8.42073 0
8.42646 0
8.4322 0
8.43794 0
8.44367 0
8.44941 0
8.45514 0
8.46088 0
8.46662 0
8.47235 0
8.47809 0
8.48383 0
8.48956 0
8.4953 0
8.50103 0
8.50677 0
8.51251 0
8.51824 0
8.52398 0
8.52972 0
8.53545 0
8.54119 0
8.54692 0
8.55266 0
8.5584 0
8.56413 0
8.56987 0
8.5756 0
8.58134 0
8.58708 0
8.59281 0
8.59855 0
8.60429 0
8.61002 0
8.61576 0
8.62149 0
8.62723 0
8.63297 0
8.6387 0
8.64444 0
8.65018 0
8.65591 0
8.66165 0
8.66738 0
8.67312 0
8.67886 0
8.68459 0
8.69033 0
8.69606 0
8.7018 0
8.70754 0
8.71327 0
8.71901 0
8.72475 0
8.73048 0
8.73622 0
8.74195 0
8.74769 0
8.75343 0
8.75916 0
8.7649 0
8.77064 0
8.77637 0
8.78211 0
8.78784 0
8.79358 0
8.79932 0
8.80505 0
8.81079 0
8.81652 0
8.82226 0
8.828 0
8.83373 0
8.83947 0
8.84521 0
8.85094 0
8.85668 0
8.86241 0
8.86815 0
8.87389 0
8.87962 0
8.88536 0
8.8911 0
8.89683 0
8.90257 0
8.9083 0
8.91404 0
8.91978 0
8.92551 0
8.93125 0
8.93698 0
8.94272 0
8.94846 0
8.95419 0
8.95993 0
8.96567 0
8.9714 0
8.97714 0
8.98287 0
8.98861 0
8.99435 0
9.00008 0
9.00582 0
9.01156 0
9.01729 0
9.02303 0
9.02876 0
9.0345 0
9.04024 0
9.04597 0
9.05171 0
9.05744 0
9.06318 0
9.06892 0
9.07465 0
9.08039 0
9.08613 0
9.09186 0
9.0976 0
9.10333 0
9.10907 0
9.11481 0
9.12054 0
9.12628 0
9.13202 0
9.13775 0
9.14349 0
9.14922 0
9.15496 0
9.1607 0
9.16643 0
9.17217 0
9.1779 0
9.18364 0
9.18938 0
9.19511 0
9.20085 0
9.20659 0
9.21232 0
9.21806 0
9.22379 0
9.22953 0
9.23527 0
9.241 0
9.24674 0
9.25248 0
9.25821 0
9.26395 0
9.26968 0
9.27542 0
9.28116 0
9.28689 0
9.29263 0
9.29836 0
9.3041 0
9.30984 0
9.31557 0
9.32131 0
9.32705 0
9.33278 0
9.33852 0
9.34425 0
9.34999 0
9.35573 0
9.36146 0
9.3672 0
9.37294 0
9.37867 0
9.38441 0
9.39014 0
9.39588 0
9.40162 0
9.40735 0
9.41309 0
9.41882 0
9.42456 0
9.4303 0
9.43603 0
9.44177 0
9.44751 0
9.45324 0
9.45898 0
9.46471 0
9.47045 0
9.47619 0
9.48192 0
9.48766 0
9.4934 0
9.49913 0
9.50487 0
9.5106 0
9.51634 0
9.52208 0
9.52781 0
9.53355 0
9.53928 0
9.54502 0
9.55076 0
9.55649 0
9.56223 0
9.56797 0
9.5737 0
9.57944 0
9.58517 0
9.59091 0
9.59665 0
9.60238 0
9.60812 0
9.61386 0
9.61959 0
9.62533 0
9.63106 0
9.6368 0
9.64254 0
9.64827 0
9.65401 0
9.65974 0
9.66548 0
9.67122 0
9.67695 0
9.68269 0
9.68843 0
9.69416 0
9.6999 0
9.70563 0
9.71137 0
9.71711 0
9.72284 0
9.72858 0
9.73432 0
9.74005 0
9.74579 0
9.75152 0
9.75726 0
9.763 0
9.76873 0
9.77447 0
9.7802 0
9.78594 0
9.79168 0
9.79741 0
9.80315 0
9.80889 0
9.81462 0
9.82036 0
9.82609 0
9.83183 0
9.83757 0
9.8433 0
9.84904 0
9.85478 0
9.86051 0
9.86625 0
9.87198 0
9.87772 0
9.88346 0
9.88919 0
9.89493 0
9.90066 0
9.9064 0
9.91214 0
9.91787 0
9.92361 0
9.92935 0
9.93508 0
9.94082 0
9.94655 0
9.95229 0
9.95803 0
9.96376 0
9.9695 0
9.97524 0
9.98097 0
9.98671 0
9.99244 0
9.99818 0
10.0039 0
10.0097 0
10.0154 0
10.0211 0
10.0269 0
10.0326 0
10.0383 0
10.0441 0
10.0498 0
10.0555 0
10.0613 0
10.067 0
10.0728 0
10.0785 0
10.0842 0
10.09 0
10.0957 0
10.1014 0
10.1072 0
10.1129 0
10.1186 0
10.1244 0
10.1301 0
10.1358 0
10.1416 0
10.1473 0
10.1531 0
10.1588 0
10.1645 0
10.1703 0
10.176 0
10.1817 0
10.1875 0
10.1932 0
10.1989 0
10.2047 0
10.2104 0
10.2162 0
10.2219 0
10.2276 0
10.2334 0
10.2391 0
10.2448 0
10.2506 0
10.2563 0
10.262 0
10.2678 0
10.2735 0
10.2793 0
10.285 0
10.2907 0
10.2965 0
10.3022 0
10.3079 0
10.3137 0
10.3194 0
10.3251 0
10.3309 0
10.3366 0
10.3424 0
10.3481 0
10.3538 0
10.3596 0
10.3653 0
10.371 0
10.3768 0
10.3825 0
10.3882 0
10.394 0
10.3997 0
10.4054 0
10.4112 0
10.4169 0
10.4227 0
10.4284 0
10.4341 0
10.4399 0
10.4456 0
10.4513 0
10.4571 0
10.4628 0
10.4685 0
10.4743 0
10.48 0
10.4858 0
10.4915 0
10.4972 0
10.503 0
10.5087 0
10.5144 0
10.5202 0
10.5259 0
10.5316 0
10.5374 0
10.5431 0
10.5489 0
10.5546 0
10.5603 0
10.5661 0
10.5718 0
10.5775 0
10.5833 0
10.589 0
10.5947 0
10.6005 0
10.6062 0
10.612 0
10.6177 0
10.6234 0
10.6292 0
10.6349 0
10.6406 0
10.6464 0
10.6521 0
10.6578 0
10.6636 0
10.6693 0
10.6751 0
10.6808 0
10.6865 0
10.6923 0
10.698 0
10.7037 0
10.7095 0
10.7152 0
10.7209 0
10.7267 0
10.7324 0
10.7381 0
10.7439 0
10.7496 0
10.7554 0
10.7611 0
10.7668 0
10.7726 0
10.7783 0
10.784 0
10.7898 0
10.7955 0
10.8012 0
10.807 0
10.8127 0
10.8185 0
10.8242 0
10.8299 0
10.8357 0
10.8414 0
10.8471 0
10.8529 0
10.8586 0
10.8643 0
10.8701 0
10.8758 0
10.8816 0
10.8873 0
10.893 0
10.8988 0
10.9045 0
10.9102 0
10.916 0
10.9217 0
10.9274 0
10.9332 0
10.9389 0
10.9447 0
10.9504 0
10.9561 0
10.9619 0
10.9676 0
10.9733 0
10.9791 0
10.9848 0
10.9905 0
10.9963 0
11.002 0
11.0077 0
11.0135 0
11.0192 0
11.025 0
11.0307 0
11.0364 0
11.0422 0
11.0479 0
11.0536 0
11.0594 0
11.0651 0
11.0708 0
11.0766 0
11.0823 0
11.0881 0
11.0938 0
11.0995 0
11.1053 0
11.111 0
11.1167 0
11.1225 0
11.1282 0
11.1339 0
11.1397 0
11.1454 0
11.1512 0
11.1569 0
11.1626 0
11.1684 0
11.1741 0
11.1798 0
11.1856 0
11.1913 0
11.197 0
11.2028 0
11.2085 0
11.2143 0
11.22 0
11.2257 0
11.2315 0
11.2372 0
11.2429 0
11.2487 0
11.2544 0
11.2601 0
11.2659 0
11.2716 0
11.2774 0
11.2831 0
11.2888 0
11.2946 0
11.3003 0
11.306 0
11.3118 0
11.3175 0
11.3232 0
11.329 0
11.3347 0
11.3404 0
11.3462 0
11.3519 0
11.3577 0
11.3634 0
11.3691 0
11.3749 0
11.3806 0
11.3863 0
11.3921 0
11.3978 0
11.4035 0
11.4093 0
11.415 0
11.4208 0
11.4265 0
11.4322 0
11.438 0
11.4437 0
11.4494 0
11.4552 0
11.4609 0
11.4666 0
11.4724 0
11.4781 0
11.4839 0
11.4896 0
11.4953 0
11.5011 0
11.5068 0
11.5125 0
11.5183 0
11.524 0
11.5297 0
11.5355 0
11.5412 0
11.547 0
11.5527 0
11.5584 0
11.5642 0
11.5699 0
11.5756 0
11.5814 0
11.5871 0
11.5928 0
11.5986 0
11.6043 0
11.61 0
11.6158 0
11.6215 0
11.6273 0
11.633 0
11.6387 0
11.6445 0
11.6502 0
11.6559 0
11.6617 0
11.6674 0
11.6731 0
11.6789 0
11.6846 0
11.6904 0
11.6961 0
11.7018 0
11.7076 0
11.7133 0
11.719 0
11.7248 0
11.7305 0
11.7362 0
11.742 0
