0 0
0.00573619 -13
0.0114724 13
0.0172086 0
0.0229448 -7
0.028681 -26
0.0344171 0
0.0401533 7
0.0458895 -36
0.0516257 0
0.0573619 0
0.0630981 -27
0.0688343 6
0.0745705 0
0.0803067 -3
0.0860429 16
0.091779 0
0.0975152 -8
0.103251 -9
0.108988 -19
0.114724 0
0.12046 -1.33333
0.126196 11
0.131932 0
0.137669 5.33333
0.143405 16.3333
0.149141 30
0.154877 -1
0.160613 5
0.16635 -2
0.172086 0
0.177822 -3.33333
0.183558 -7.25
0.189294 0
0.19503 3.8
0.200767 -4.4
0.206503 -4.66667
0.212239 2
0.217975 11.2
0.223711 10.4
0.229448 0
0.235184 6.8
0.24092 2.8
0.246656 0
0.252392 9
0.258129 5
0.263865 8.4
0.269601 0
0.275337 -0.6
0.281073 11.4286
0.28681 0
0.292546 -14.8571
0.298282 -3.57143
0.304018 13
0.309754 6.25
0.31549 -4.85714
0.321227 7.57143
0.326963 0
0.332699 -2.85714
0.338435 -4.85714
0.344171 0
0.349908 1.71429
0.355644 0.142857
0.36138 -14.6
0.367116 4.5
0.372852 -8.875
0.378589 1.85714
0.384325 3.5
0.390061 -5.11111
0.395797 0.333333
0.401533 0
0.40727 8.11111
0.413006 -4.88889
0.418742 -4.57143
0.424478 11
0.430214 12.4444
0.43595 6.55556
0.441687 0
0.447423 4.11111
0.453159 9.11111
0.458895 6.66667
0.464631 7
0.470368 18.0909
0.476104 6.44444
0.48184 16
0.487576 11.2727
0.493312 10.9091
0.499049 0
0.504785 2.36364
0.510521 12.4545
0.516257 14.6
0.521993 13.6667
0.52773 20.7273
0.533466 18.1111
0.539202 18
0.544938 16.0909
0.550674 16.2727
0.55641 0
0.562147 19.75
0.567883 21.3077
0.573619 2.85714
0.579355 8.5
0.585091 5.61538
0.590828 14.6364
0.596564 10
0.6023 5.84615
0.608036 9.53846
0.613772 7.6
0.619509 6.75
0.625245 14.5385
0.630981 9.11111
0.636717 10
0.642453 7.69231
0.64819 15.7692
0.653926 46
0.659662 15.2667
0.665398 14.4
0.671134 22.4286
0.67687 24.125
0.682607 21.4667
0.688343 27.8182
0.694079 15.75
0.699815 17.2
0.705551 23.9333
0.711288 31
0.717024 22.7857
0.72276 24.3333
0.728496 23.7778
0.734232 13.1667
0.739969 19.5625
0.745705 19.6154
0.751441 17.6667
0.757177 19.1176
0.762913 19.2941
0.76865 34.2
0.774386 21
0.780122 20.9412
0.785858 21.0909
0.791594 20.1667
0.79733 18.0588
0.803067 29.8
0.808803 22
0.814539 20.4118
0.820275 15.1765
0.826011 25.8889
0.831748 26.625
0.837484 11.1667
0.84322 17.8462
0.848956 20.1667
0.854692 17.6842
0.860429 22.2353
0.866165 20.4
0.871901 20.1875
0.877637 26.6316
0.883373 22.6364
0.88911 20
0.894846 26.5789
0.900582 21.3333
0.906318 6.5
0.912054 25.4737
0.91779 24.4706
0.923527 23.5556
0.929263 20.3846
0.934999 21.6
0.940735 12.5385
0.946471 24.25
0.952208 22.4286
0.957944 22.6471
0.96368 17.75
0.969416 26.381
0.975152 28.5263
0.980889 12.1818
0.986625 20.25
0.992361 13.8095
0.998097 17.8
1.00383 25
1.00957 20.5238
1.01531 18.8235
1.02104 15
1.02678 23.3529
1.03251 20.4286
1.03825 19.8462
1.04399 25.8333
1.04972 20.4348
1.05546 12
1.0612 17.1667
1.06693 18
1.07267 13.5263
1.0784 16.5385
1.08414 19.0714
1.08988 19.7826
1.09561 17.8667
1.10135 26.25
1.10708 14.6522
1.11282 23.9412
1.11856 25.5714
1.12429 23.4583
1.13003 27.619
1.13577 22.6667
1.1415 25.2143
1.14724 19
1.15297 25.8667
1.15871 26.5
1.16445 22.96
1.17018 25.5263
1.17592 19.3846
1.18166 16.1667
1.18739 17.6087
1.19313 21.2
1.19886 25.9167
1.2046 18.48
1.21034 20.0556
1.21607 17.7778
1.22181 25.8519
1.22754 15.4762
1.23328 24.8824
1.23902 22
1.24475 19.16
1.25049 18.7059
1.25623 20.75
1.26196 22.4074
1.2677 25.2632
1.27343 18.3077
1.27917 20.7273
1.28491 21.7826
1.29064 13
1.29638 21
1.30212 18.6667
1.30785 21.8889
1.31359 19.5455
1.31932 25.7586
1.32506 20.4286
1.3308 18.4706
1.33653 12.95
1.34227 22.56
1.348 27.4211
1.35374 15.6429
1.35948 24.4815
1.36521 20.381
1.37095 21.4
1.37669 16.5862
1.38242 20.087
1.38816 19.5882
1.39389 16.5789
1.39963 17.8519
1.40537 23.95
1.4111 17.9286
1.41684 17.3793
1.42258 26.3913
1.42831 17.4118
1.43405 17.6667
1.43978 21.6
1.44552 26.4286
1.45126 14
1.45699 24.8276
1.46273 20.9524
1.46846 20.25
1.4742 18.8065
1.47994 20.3913
1.48567 14
1.49141 18.381
1.49715 20.7037
1.50288 23.9545
1.50862 20.4375
1.51435 24.2414
1.52009 19.16
1.52583 20.3333
1.53156 24.7333
1.5373 24.6
1.54304 23.619
1.54877 28.2
1.55451 18.7586
1.56024 18.8696
1.56598 22.1429
1.57172 17.6452
1.57745 14.6538
1.58319 15.15
1.58892 17.64
1.59466 14.2222
1.6004 23.16
1.60613 27.5
1.61187 21.5161
1.61761 16.56
1.62334 11.4286
1.62908 19.9697
1.63481 18.6296
1.64055 18.087
1.64629 18.8636
1.65202 15.931
1.65776 19.32
1.6635 20.5625
1.66923 27.9677
1.67497 27.6429
1.6807 20.45
1.68644 22.1786
1.69218 22.5
1.69791 24.76
1.70365 15.9545
1.70938 21.2581
1.71512 17.1852
1.72086 30.0625
1.72659 25.5758
1.73233 20.1724
1.73807 22.3043
1.7438 24.4231
1.74954 18.5172
1.75527 21.5556
1.76101 28.3684
1.76675 24.303
1.77248 19.1786
1.77822 24.9
1.78396 19.6333
1.78969 24.3871
1.79543 20.1481
1.80116 16.0833
1.8069 23
1.81264 23.6897
1.81837 26.6667
1.82411 17.3429
1.82984 27.7931
1.83558 23.76
1.84132 21.4231
1.84705 27.8065
1.85279 22.5357
1.85853 24.2609
1.86426 20.2121
1.87 18.4667
1.87573 22.4118
1.88147 22.6
1.88721 23.7576
1.89294 26.5185
1.89868 23.7308
1.90442 20.9091
1.91015 23.3871
1.91589 23.4
1.92162 23.3429
1.92736 27.6774
1.9331 32.6
1.93883 23.7857
1.94457 24.2424
1.9503 23.5
1.95604 21.25
1.96178 20.1176
1.96751 21.125
1.97325 15.7
1.97899 19.9459
1.98472 18.6667
1.99046 22.5172
1.99619 20.7692
2.00193 14.9143
2.00767 22.3548
2.0134 23.6667
2.01914 17.9429
2.02488 21.1515
2.03061 18.04
2.03635 21.75
2.04208 13.9118
2.04782 21.7188
2.05356 25.125
2.05929 19.9444
2.06503 22.9118
2.07076 19.5
2.0765 26.3784
2.08224 22.9143
2.08797 20.2414
2.09371 21.0357
2.09945 22.5135
2.10518 24.6364
2.11092 20.875
2.11665 19.2703
2.12239 23.2
2.12813 17.5652
2.13386 24.7838
2.1396 21.6944
2.14534 25.5312
2.15107 19.1538
2.15681 24.1053
2.16254 17.6944
2.16828 14.8636
2.17402 24.1538
2.17975 24.1892
2.18549 23.9355
2.19122 21.3
2.19696 26.0811
2.2027 31.4286
2.20843 21.8333
2.21417 52.7179
2.21991 44.2162
2.22564 31.3636
2.23138 26.275
2.23711 25.4474
2.24285 27.3235
2.24859 26.4643
2.25432 25.6053
2.26006 26.9744
2.2658 23.4545
2.27153 23.7073
2.27727 26.4615
2.283 20.1935
2.28874 20.4375
2.29448 20.3077
2.30021 25.1892
2.30595 17.0769
2.31168 22.3333
2.31742 23.55
2.32316 24.4091
2.32889 29.6429
2.33463 29.05
2.34037 30.6389
2.3461 25.9643
2.35184 31.1667
2.35757 30.2432
2.36331 32.7308
2.36905 37.7317
2.37478 36.122
2.38052 33.7742
2.38626 29
2.39199 26.0465
2.39773 30.2973
2.40346 26.0769
2.4092 25.7727
2.41494 20.525
2.42067 31.7727
2.42641 25.9773
2.43214 23.5476
2.43788 19.5143
2.44362 22.8387
2.44935 25.6222
2.45509 20.7179
2.46083 25.8077
2.46656 24.2667
2.4723 26.1707
2.47803 24.8276
2.48377 27.175
2.48951 25.8605
2.49524 27.0256
2.50098 20.9231
2.50672 28
2.51245 23.2619
2.51819 24.375
2.52392 24.3696
2.52966 19.1818
2.5354 20.6061
2.54113 22
2.54687 22.8
2.5526 29.1951
2.55834 30.5769
2.56408 26.4468
2.56981 29.0233
2.57555 26.3103
2.58129 29.8095
2.58702 27.1333
2.59276 20.6486
2.59849 29.9091
2.60423 25.4348
2.60997 21.1818
2.6157 19.5
2.62144 22.8333
2.62718 25.7609
2.63291 23.4571
2.63865 25.9167
2.64438 25.4043
2.65012 22.4878
2.65586 24.8
2.66159 25
2.66733 30.8444
2.67306 28.76
2.6788 24.25
2.68454 20.8958
2.69027 20.6154
2.69601 28.1212
2.70175 25.3542
2.70748 24.9778
2.71322 28.1481
2.71895 30.6042
2.72469 26.6458
2.73043 24.6571
2.73616 26.2632
2.7419 29.6531
2.74764 26.8372
2.75337 27.0333
2.75911 32.5714
2.76484 30.4898
2.77058 24.5833
2.77632 24.1429
2.78205 31.84
2.78779 31.3846
2.79352 25.0857
2.79926 32.2692
2.805 25.7778
2.81073 22.7778
2.81647 25.4231
2.82221 26.6327
2.82794 24.6216
2.83368 27.1053
2.83941 28.566
2.84515 26.7561
2.85089 24.0625
2.85662 33.3396
2.86236 29.0408
2.8681 27.8333
2.87383 25.0556
2.87957 27.74
2.8853 28.6829
2.89104 25.7297
2.89678 27.3846
2.90251 28
2.90825 24.6207
2.91398 28.3148
2.91972 27.451
2.92546 34.4595
2.93119 30.6667
2.93693 32.8302
2.94267 32.4889
2.9484 29.8125
2.95414 33.0943
2.95987 31.898
2.96561 33
2.97135 32.2679
2.97708 31.2593
2.98282 26.5128
2.98856 30.1538
2.99429 29.8519
3.00003 30.4681
3.00576 30.0323
3.0115 29.9455
3.01724 29.4717
3.02297 26.3784
3.02871 33.0227
3.03444 32.0364
3.04018 33.5556
3.04592 31.5
3.05165 35.2909
3.05739 34.0588
3.06313 33.931
3.06886 36.6786
3.0746 36.7636
3.08033 34
3.08607 36.2973
3.09181 32.8571
3.09754 43.8571
3.10328 37.3871
3.10902 41.5593
3.11475 44.6792
3.12049 37.6667
3.12622 35.3261
3.13196 40.9091
3.1377 39.9149
3.14343 44.0278
3.14917 36.7414
3.1549 35.1961
3.16064 32.8276
3.16638 38.4333
3.17211 39.6364
3.17785 38.6136
3.18359 37.6585
3.18932 38.1552
3.19506 32.1633
3.20079 38.8824
3.20653 35.5763
3.21227 36.717
3.218 38.4878
3.22374 37.9375
3.22948 44.3898
3.23521 42.6889
3.24095 42.6154
3.24668 39.4667
3.25242 38.7547
3.25816 39.0294
3.26389 39.9825
3.26963 42.4737
3.27536 38.3261
3.2811 41.9756
3.28684 44.4
3.29257 43.8163
3.29831 40.7222
3.30405 50.9841
3.30978 49.9455
3.31552 53.4651
3.32125 51.6875
3.32699 54.9825
3.33273 51.5294
3.33846 54.4872
3.3442 50.6452
3.34994 51.5686
3.35567 56.3947
3.36141 50.9492
3.36714 52.2982
3.37288 46.8542
3.37862 52.2558
3.38435 52.1311
3.39009 53.0943
3.39582 44.4722
3.40156 48.2381
3.4073 54.2364
3.41303 53.617
3.41877 52.3125
3.42451 56.2951
3.43024 52
3.43598 56.3171
3.44171 56.5079
3.44745 54.4643
3.45319 51.8571
3.45892 58.5818
3.46466 52.0847
3.4704 53.08
3.47613 57.1163
3.48187 54.9048
3.4876 57.7736
3.49334 54.1579
3.49908 56.5522
3.50481 57.8772
3.51055 54.8723
3.51628 59.5882
3.52202 61.6557
3.52776 61.537
3.53349 68.0488
3.53923 78.3846
3.54497 93.1852
3.5507 100.042
3.55644 91.6727
3.56217 76.5254
3.56791 72.4423
3.57365 64.087
3.57938 68.5846
3.58512 64.9636
3.59086 68.6053
3.59659 64.1045
3.60233 64.8644
3.60806 66.7255
3.6138 68.0408
3.61954 70.2222
3.62527 71.4464
3.63101 75.0976
3.63674 79.5075
3.64248 88.9138
3.64822 92.9792
3.65395 99.5614
3.65969 104.557
3.66543 90.4444
3.67116 97.6304
3.6769 94.1905
3.68263 90.4098
3.68837 91.0526
3.69411 93.2174
3.69984 92.1017
3.70558 88.963
3.71132 87.6274
3.71705 89.8462
3.72279 94.5536
3.72852 96.2791
3.73426 98.0597
3.74 103.274
3.74573 97.24
3.75147 107.255
3.7572 105.794
3.76294 110.661
3.76868 110.568
3.77441 110.91
3.78015 118.661
3.78589 118.447
3.79162 126.172
3.79736 137.344
3.80309 137.339
3.80883 144.275
3.81457 156.708
3.8203 168.933
3.82604 181.349
3.83178 201.942
3.83751 245.629
3.84325 280.446
3.84898 415.585
3.85472 673.476
3.86046 686.492
3.86619 572.478
3.87193 799.986
3.87766 1083.72
3.8834 1409.14
3.88914 1789.48
3.89487 2164.91
3.90061 1940.47
3.90635 1590.92
3.91208 1162.69
3.91782 806.844
3.92355 603.829
3.92929 478.577
3.93503 375.281
3.94076 299.983
3.9465 270.685
3.95224 233.254
3.95797 207.635
3.96371 187.804
3.96944 181.648
3.97518 174.206
3.98092 160.214
3.98665 147.207
3.99239 147.059
3.99812 143.597
4.00386 136.327
4.0096 133.348
4.01533 136.312
4.02107 127.42
4.02681 127.439
4.03254 128.561
4.03828 122.75
4.04401 126.885
4.04975 120.155
4.05549 120.231
4.06122 115.022
4.06696 114.536
4.0727 109.643
4.07843 107.65
4.08417 105.661
4.0899 107.75
4.09564 110.047
4.10138 106.08
4.10711 109.514
4.11285 112.561
4.11858 102.589
4.12432 102.387
4.13006 99.8824
4.13579 105.143
4.14153 103.769
4.14727 105
4.153 106.149
4.15874 103.159
4.16447 101.068
4.17021 103.931
4.17595 101.613
4.18168 101.518
4.18742 104.086
4.19316 103.409
4.19889 104.38
4.20463 102.23
4.21036 101.985
4.2161 101
4.22184 99.9483
4.22757 100.986
4.23331 105.119
4.23904 102.58
4.24478 99
4.25052 105.188
4.25625 105.143
4.26199 101.875
4.26773 99.3333
4.27346 104.697
4.2792 103.143
4.28493 101.944
4.29067 107.529
4.29641 109.396
4.30214 102.579
4.30788 109.071
4.31362 101.766
4.31935 113.232
4.32509 112.581
4.33082 116.478
4.33656 116.48
4.3423 113.72
4.34803 118.203
4.35377 116.323
4.3595 123.45
4.36524 122.311
4.37098 133.471
4.37671 132.426
4.38245 135.392
4.38819 145.097
4.39392 150.825
4.39966 147.812
4.40539 151.042
4.41113 171.088
4.41687 177.296
4.4226 195.065
4.42834 290.726
4.43408 449.333
4.43981 909.104
4.44555 2457
4.45128 1278.8
4.45702 1949.95
4.46276 599.25
4.46849 378.806
4.47423 380.407
4.47996 386.434
4.4857 402.689
4.49144 422.846
4.49717 448.064
4.50291 460.421
4.50865 445.671
4.51438 407.096
4.52012 355.595
4.52585 300.253
4.53159 253.561
4.53733 226.845
4.54306 195.238
4.5488 174.821
4.55454 157.667
4.56027 139.337
4.56601 138.014
4.57174 126.423
4.57748 117.359
4.58322 108.577
4.58895 106.851
4.59469 107.41
4.60042 103.308
4.60616 99.4933
4.6119 95.14
4.61763 95.0241
4.62337 99.8077
4.62911 96.5238
4.63484 90.2154
4.64058 89.2561
4.64631 87.875
4.65205 77.6786
4.65779 83.125
4.66352 80.8846
4.66926 77.7705
4.675 81.8451
4.68073 79.1667
4.68647 80.4658
4.6922 78.386
4.69794 74.425
4.70368 78.5195
4.70941 79.28
4.71515 80.6588
4.72088 75.375
4.72662 82.029
4.73236 78.746
4.73809 76.4146
4.74383 80.2692
4.74957 76.2308
4.7553 75.3452
4.76104 84.85
4.76677 74.4328
4.77251 72.1077
4.77825 72.8537
4.78398 69.48
4.78972 68.4545
4.79546 67.5176
4.80119 68.5949
4.80693 65.2769
4.81266 64.1408
4.8184 62.4524
4.82414 62.3836
4.82987 60.2623
4.83561 61.0119
4.84134 66.7625
4.84708 64.5472
4.85282 64.0588
4.85855 62.5488
4.86429 61.1127
4.87003 59.3607
4.87576 62.0233
4.8815 59.0128
4.88723 61.8333
4.89297 62.6235
4.89871 59.4643
4.90444 62.1408
4.91018 60.5075
4.91592 56.7143
4.92165 60.519
4.92739 61.4386
4.93312 61.8488
4.93886 61.2262
4.9446 54.0299
4.95033 58.9296
4.95607 55.2209
4.9618 59.013
4.96754 61.339
4.97328 58.7907
4.97901 58.5542
4.98475 61.1639
4.99049 58.3718
4.99622 57.4205
5.00196 59.2329
5.00769 61.3968
5.01343 58.2955
5.01917 59.2289
5.0249 60.5094
5.03064 58.0222
5.03638 60.6163
5.04211 58.4667
5.04785 57.8
5.05358 54.7209
5.05932 56.3333
5.06506 55.807
5.07079 58.5227
5.07653 60.7701
5.08226 57.9296
5.088 56.7324
5.09374 50.6444
5.09947 56.2078
5.10521 56.8571
5.11095 58.5667
5.11668 54.3412
5.12242 56.2273
5.12815 57.1688
5.13389 54.7889
5.13963 58.2338
5.14536 58.2623
5.1511 54.8043
5.15684 55.6747
5.16257 56.8387
5.16831 52.9167
5.17404 55.6067
5.17978 53.5385
5.18552 53.1791
5.19125 55.0667
5.19699 55.3373
5.20272 59.4576
5.20846 57.4022
5.2142 52.427
5.21993 56.3026
5.22567 55.6957
5.23141 54.8913
5.23714 55.9753
5.24288 55.1311
5.24861 54.8261
5.25435 57.4382
5.26009 56.8857
5.26582 55.6842
5.27156 56.3626
5.2773 56.9
5.28303 53.7385
5.28877 57.1702
5.2945 58.0805
5.30024 58.375
5.30598 62.5443
5.31171 56.8989
5.31745 58.8537
5.32318 58.3077
5.32892 55.1277
5.33466 55.6322
5.34039 54.3939
5.34613 59.3529
5.35187 56.011
5.3576 57.0617
5.36334 57.3731
5.36907 59.0208
5.37481 54.6588
5.38055 57.9508
5.38628 62.7604
5.39202 58.7143
5.39776 67.6375
5.40349 65.1408
5.40923 59.8646
5.41496 60.6543
5.4207 58.4286
5.42644 55.7143
5.43217 55.0225
5.43791 56.1282
5.44364 57.9178
5.44938 58.6082
5.45512 62.1951
5.46085 58.6866
5.46659 54.9388
5.47233 56.8764
5.47806 53.8553
5.4838 57.0123
5.48953 55.8925
5.49527 57.4405
5.50101 56.8806
5.50674 56.8469
5.51248 56.4157
5.51822 57.5135
5.52395 55.5663
5.52969 57.7957
5.53542 57.0714
5.54116 52.75
5.5469 56.202
5.55263 56.8111
5.55837 55.125
5.5641 57.1236
5.56984 57.9355
5.57558 61.2262
5.58131 56.2055
5.58705 54.5051
5.59279 58.0455
5.59852 54.3175
5.60426 56.36
5.60999 57.5376
5.61573 60.5976
5.62147 58.9067
5.6272 55.701
5.63294 59.9884
5.63868 58.8806
5.64441 60.1373
5.65015 56.0753
5.65588 61.7024
5.66162 58.7273
5.66736 55.8384
5.67309 57.6744
5.67883 56.7826
5.68456 58.6436
5.6903 59.9222
5.69604 58.4146
5.70177 60.6265
5.70751 58.6105
5.71325 63.0909
5.71898 64.0282
5.72472 61.8586
5.73045 61.4731
5.73619 61.3
5.74193 58.9326
5.74766 62.4842
5.7534 59.8523
5.75914 60.2676
5.76487 64.2673
5.77061 66.2872
5.77634 62.3846
5.78208 61.5056
5.78782 61.2887
5.79355 66.5349
5.79929 64.8933
5.80502 64.3663
5.81076 66.5652
5.8165 63.5405
5.82223 63.4583
5.82797 67.7449
5.83371 65.2791
5.83944 67.038
5.84518 67.6162
5.85091 70.2604
5.85665 66.9846
5.86239 67.7429
5.86812 66.4082
5.87386 69.3953
5.8796 68.7721
5.88533 69.0594
5.89107 67.2391
5.8968 70.5797
5.90254 68.8381
5.90828 68.6939
5.91401 68.6047
5.91975 68.0361
5.92548 67.4949
5.93122 67.8191
5.93696 63.5479
5.94269 69.8667
5.94843 69.4792
5.95417 71.3409
5.9599 70.8706
5.96564 69.3838
5.97137 70.9362
5.97711 70.7397
5.98285 69.6796
5.98858 70.8878
5.99432 70.631
6.00006 73.573
6.00579 77.3131
6.01153 80.9787
6.01726 79.7067
6.023 79.9143
6.02874 76.5833
6.03447 75.1477
6.04021 75.9
6.04594 76.5714
6.05168 79.7396
6.05742 74.5065
6.06315 78.0381
6.06889 78.5833
6.07463 82.5833
6.08036 81.3404
6.0861 84.6122
6.09183 87.5312
6.09757 88.6795
6.10331 84.7642
6.10904 85.7188
6.11478 85.9767
6.12052 84.6458
6.12625 88.97
6.13199 89.3085
6.13772 91.8659
6.14346 89.7843
6.1492 88.78
6.15493 91.3125
6.16067 91.8529
6.1664 92
6.17214 92.3191
6.17788 98.9881
6.18361 97.1863
6.18935 100.04
6.19509 106.653
6.20082 102.835
6.20656 102.186
6.21229 112.083
6.21803 117.061
6.22377 116.877
6.2295 122.94
6.23524 135.093
6.24098 125.183
6.24671 130.794
6.25245 140.319
6.25818 155.058
6.26392 151.373
6.26966 221.627
6.27539 530.373
6.28113 228.725
6.28686 2170.5
6.2926 6879.06
6.29834 865.205
6.30407 1525.91
6.30981 1037.39
6.31555 700.308
6.32128 309.676
6.32702 280.885
6.33275 266.854
6.33849 254.773
6.34423 236.26
6.34996 252.569
6.3557 278.231
6.36144 289.667
6.36717 330.538
6.37291 376.116
6.37864 377.167
6.38438 354.283
6.39012 317.696
6.39585 283.638
6.40159 244.843
6.40732 210.769
6.41306 191.287
6.4188 172.141
6.42453 154.5
6.43027 151.167
6.43601 142.622
6.44174 137.736
6.44748 139.87
6.45321 130.021
6.45895 132.217
6.46469 128.705
6.47042 123.068
6.47616 124.012
6.4819 113.845
6.48763 110.037
6.49337 113.237
6.4991 105.411
6.50484 110.685
6.51058 103.951
6.51631 102.5
6.52205 103.445
6.52778 109.463
6.53352 105.348
6.53926 103.448
6.54499 99.6944
6.55073 98.1667
6.55647 98.2738
6.5622 103.496
6.56794 103.833
6.57367 105.29
6.57941 103.968
6.58515 102.554
6.59088 102.442
6.59662 101.31
6.60236 97.0877
6.60809 98.5472
6.61383 98.2581
6.61956 100.629
6.6253 96.3036
6.63104 98.9412
6.63677 92.6395
6.64251 97.2281
6.64824 97.2897
6.65398 100.011
6.65972 97.0686
6.66545 98.8661
6.67119 100.087
6.67693 102.593
6.68266 99.9224
6.6884 95.9074
6.69413 100.769
6.69987 96.5631
6.70561 97.0089
6.71134 95.5577
6.71708 97.2386
6.72282 97.4035
6.72855 92.6574
6.73429 95.8876
6.74002 98.6415
6.74576 96.8609
6.7515 97.1845
6.75723 92.1798
6.76297 94.319
6.7687 92.0089
6.77444 93.764
6.78018 93.9238
6.78591 94.8879
6.79165 92.5047
6.79739 95.0575
6.80312 95.7105
6.80886 92.8571
6.81459 95.4835
6.82033 94.6095
6.82607 95.4569
6.8318 100.105
6.83754 96.2386
6.84328 97.9915
6.84901 97.4554
6.85475 99.6923
6.86048 95.9817
6.86622 98.4138
6.87196 95.6262
6.87769 98.4138
6.88343 97.0847
6.88916 96.1667
6.8949 99.6207
6.90064 99.5133
6.90637 100.509
6.91211 102.411
6.91785 97.6897
6.92358 99.9339
6.92932 98.4513
6.93505 99.4831
6.94079 98.9204
6.94653 98.9828
6.95226 101.019
6.958 99.2198
6.96374 100.075
6.96947 101.895
6.97521 100.758
6.98094 100.811
6.98668 97.9397
6.99242 100.706
6.99815 97.8539
7.00389 101.892
7.00962 100.862
7.01536 102.75
7.0211 103.618
7.02683 101.455
7.03257 104.421
7.03831 98.9032
7.04404 103.869
7.04978 104.626
7.05551 107.564
7.06125 102.165
7.06699 101.41
7.07272 102.578
7.07846 102.472
7.0842 103.426
7.08993 109.069
7.09567 107.398
7.1014 107.655
7.10714 109.042
7.11288 108.128
7.11861 105.196
7.12435 111.976
7.13008 110.128
7.13582 110.448
7.14156 111.802
7.14729 112.575
7.15303 114.982
7.15877 112.957
7.1645 108.677
7.17024 112.79
7.17597 113.704
7.18171 111.523
7.18745 112.246
7.19318 116.811
7.19892 111.457
7.20466 118.433
7.21039 119.41
7.21613 118.253
7.22186 118.78
7.2276 120.984
7.23334 121.405
7.23907 119.264
7.24481 122.365
7.25054 122.303
7.25628 125.09
7.26202 124.279
7.26775 123.689
7.27349 126.928
7.27923 126
7.28496 130.165
7.2907 130.361
7.29643 128.757
7.30217 131.37
7.30791 133.476
7.31364 142.273
7.31938 136.191
7.32512 140.723
7.33085 142.248
7.33659 147.365
7.34232 141.629
7.34806 151.531
7.3538 161.396
7.35953 150.742
7.36527 176.297
7.371 235.463
7.37674 613.096
7.38248 260.164
7.38821 2219.68
7.39395 1642.52
7.39969 1090.74
7.40542 1923.02
7.41116 781.098
7.41689 494.104
7.42263 323.523
7.42837 281.579
7.4341 271.05
7.43984 241.921
7.44558 262.769
7.45131 279.24
7.45705 298.018
7.46278 318.097
7.46852 358.546
7.47426 391.873
7.47999 413.944
7.48573 403.87
7.49146 365.88
7.4972 326.345
7.50294 289.037
7.50867 253.352
7.51441 222.798
7.52015 205.989
7.52588 187.75
7.53162 168.832
7.53735 159.911
7.54309 145.864
7.54883 144.038
7.55456 136.067
7.5603 136.522
7.56604 133.341
7.57177 127.992
7.57751 121.504
7.58324 116.971
7.58898 116.466
7.59472 115.582
7.60045 118.21
7.60619 115.008
7.61192 116.349
7.61766 113.103
7.6234 108.396
7.62913 109.924
7.63487 111.347
7.64061 111.382
7.64634 108.724
7.65208 106.907
7.65781 109.017
7.66355 103.388
7.66929 105.53
7.67502 105.694
7.68076 110.406
7.6865 105.479
7.69223 109.832
7.69797 112.458
7.7037 110.366
7.70944 120.224
7.71518 159.902
7.72091 209.436
7.72665 352
7.73238 695.946
7.73812 228.984
7.74386 155.704
7.74959 170.283
7.75533 143.27
7.76107 134.568
7.7668 131.035
7.77254 141.168
7.77827 145.287
7.78401 155.758
7.78975 167.081
7.79548 184.781
7.80122 201.267
7.80696 213.568
7.81269 220.865
7.81843 211.815
7.82416 192.537
7.8299 176.471
7.83564 152.273
7.84137 141.846
7.84711 130.636
7.85284 118.817
7.85858 116.417
7.86432 110.835
7.87005 104.022
7.87579 100.945
7.88153 100.77
7.88726 94.8598
7.893 94.3481
7.89873 96.9141
7.90447 95.0098
7.91021 90.5564
7.91594 87.8092
7.92168 89.725
7.92742 87.566
7.93315 90.146
7.93889 89.2205
7.94462 88.8761
7.95036 87.7686
7.9561 88.0985
7.96183 86.0873
7.96757 82.1333
7.9733 84.854
7.97904 83.5923
7.98478 86.625
7.99051 80.792
7.99625 82.9474
8.00199 85.5484
8.00772 83.2277
8.01346 79.9856
8.01919 82.5714
8.02493 81.8739
8.03067 80.531
8.0364 80.8676
8.04214 81.7559
8.04788 81.6893
8.05361 80.1655
8.05935 80.7426
8.06508 80.0847
8.07082 81.7265
8.07656 79.3796
8.08229 78.5391
8.08803 76.2727
8.09376 72.0629
8.0995 70.0758
8.10524 67.0976
8.11097 63.354
8.11671 56.5362
8.12245 52.9457
8.12818 49.2072
8.13392 46.3106
8.13965 45.1606
8.14539 39.1532
8.15113 37.9369
8.15686 18.1314
8.1626 23.0864
8.16834 17.8305
8.17407 15.8421
8.17981 0.894737
8.18554 0
8.19128 0
8.19702 0
8.20275 0
8.20849 0
8.21422 0
8.21996 0
8.2257 0
8.23143 0
8.23717 0
8.24291 0
8.24864 0
8.25438 0
8.26011 0
8.26585 0
8.27159 0
8.27732 0
8.28306 0
8.2888 0
8.29453 0
8.30027 0
8.306 0
8.31174 0
8.31748 0
8.32321 0
8.32895 0
8.33468 0
8.34042 0
8.34616 0
8.35189 0
8.35763 0
8.36337 0
8.3691 0
8.37484 0
8.38057 0
8.38631 0
8.39205 0
8.39778 0
8.40352 0
8.40926 0
8.41499 0
8.42073 0
8.42646 0
8.4322 0
8.43794 0
8.44367 0
8.44941 0
8.45514 0
8.46088 0
8.46662 0
8.47235 0
8.47809 0
8.48383 0
8.48956 0
8.4953 0
8.50103 0
8.50677 0
8.51251 0
8.51824 0
8.52398 0
8.52972 0
8.53545 0
8.54119 0
8.54692 0
8.55266 0
8.5584 0
8.56413 0
8.56987 0
8.5756 0
8.58134 0
8.58708 0
8.59281 0
8.59855 0
8.60429 0
8.61002 0
8.61576 0
8.62149 0
8.62723 0
8.63297 0
8.6387 0
8.64444 0
8.65018 0
8.65591 0
8.66165 0
8.66738 0
8.67312 0
8.67886 0
8.68459 0
8.69033 0
8.69606 0
8.7018 0
8.70754 0
8.71327 0
8.71901 0
8.72475 0
8.73048 0
8.73622 0
8.74195 0
8.74769 0
8.75343 0
8.75916 0
8.7649 0
8.77064 0
8.77637 0
8.78211 0
8.78784 0
8.79358 0
8.79932 0
8.80505 0
8.81079 0
8.81652 0
8.82226 0
8.828 0
8.83373 0
8.83947 0
8.84521 0
8.85094 0
8.85668 0
8.86241 0
8.86815 0
8.87389 0
8.87962 0
8.88536 0
8.8911 0
8.89683 0
8.90257 0
8.9083 0
8.91404 0
8.91978 0
8.92551 0
8.93125 0
8.93698 0
8.94272 0
8.94846 0
8.95419 0
8.95993 0
8.96567 0
8.9714 0
8.97714 0
8.98287 0
8.98861 0
8.99435 0
9.00008 0
9.00582 0
9.01156 0
9.01729 0
9.02303 0
9.02876 0
9.0345 0
9.04024 0
9.04597 0
9.05171 0
9.05744 0
9.06318 0
9.06892 0
9.07465 0
9.08039 0
9.08613 0
9.09186 0
9.0976 0
9.10333 0
9.10907 0
9.11481 0
9.12054 0
9.12628 0
9.13202 0
9.13775 0
9.14349 0
9.14922 0
9.15496 0
9.1607 0
9.16643 0
9.17217 0
9.1779 0
9.18364 0
9.18938 0
9.19511 0
9.20085 0
9.20659 0
9.21232 0
9.21806 0
9.22379 0
9.22953 0
9.23527 0
9.241 0
9.24674 0
9.25248 0
9.25821 0
9.26395 0
9.26968 0
9.27542 0
9.28116 0
9.28689 0
9.29263 0
9.29836 0
9.3041 0
9.30984 0
9.31557 0
9.32131 0
9.32705 0
9.33278 0
9.33852 0
9.34425 0
9.34999 0
9.35573 0
9.36146 0
9.3672 0
9.37294 0
9.37867 0
9.38441 0
9.39014 0
9.39588 0
9.40162 0
9.40735 0
9.41309 0
9.41882 0
9.42456 0
9.4303 0
9.43603 0
9.44177 0
9.44751 0
9.45324 0
9.45898 0
9.46471 0
9.47045 0
9.47619 0
9.48192 0
9.48766 0
9.4934 0
9.49913 0
9.50487 0
9.5106 0
9.51634 0
9.52208 0
9.52781 0
9.53355 0
9.53928 0
9.54502 0
9.55076 0
9.55649 0
9.56223 0
9.56797 0
9.5737 0
9.57944 0
9.58517 0
9.59091 0
9.59665 0
9.60238 0
9.60812 0
9.61386 0
9.61959 0
9.62533 0
9.63106 0
9.6368 0
9.64254 0
9.64827 0
9.65401 0
9.65974 0
9.66548 0
9.67122 0
9.67695 0
9.68269 0
9.68843 0
9.69416 0
9.6999 0
9.70563 0
9.71137 0
9.71711 0
9.72284 0
9.72858 0
9.73432 0
9.74005 0
9.74579 0
9.75152 0
9.75726 0
9.763 0
9.76873 0
9.77447 0
9.7802 0
9.78594 0
9.79168 0
9.79741 0
9.80315 0
9.80889 0
9.81462 0
9.82036 0
9.82609 0
9.83183 0
9.83757 0
9.8433 0
9.84904 0
9.85478 0
9.86051 0
9.86625 0
9.87198 0
9.87772 0
9.88346 0
9.88919 0
9.89493 0
9.90066 0
9.9064 0
9.91214 0
9.91787 0
9.92361 0
9.92935 0
9.93508 0
9.94082 0
9.94655 0
9.95229 0
9.95803 0
9.96376 0
9.9695 0
9.97524 0
9.98097 0
9.98671 0
9.99244 0
9.99818 0
10.0039 0
10.0097 0
10.0154 0
10.0211 0
10.0269 0
10.0326 0
10.0383 0
10.0441 0
10.0498 0
10.0555 0
10.0613 0
10.067 0
10.0728 0
10.0785 0
10.0842 0
10.09 0
10.0957 0
10.1014 0
10.1072 0
10.1129 0
10.1186 0
10.1244 0
10.1301 0
10.1358 0
10.1416 0
10.1473 0
10.1531 0
10.1588 0
10.1645 0
10.1703 0
10.176 0
10.1817 0
10.1875 0
10.1932 0
10.1989 0
10.2047 0
10.2104 0
10.2162 0
10.2219 0
10.2276 0
10.2334 0
10.2391 0
10.2448 0
10.2506 0
10.2563 0
10.262 0
10.2678 0
10.2735 0
10.2793 0
10.285 0
10.2907 0
10.2965 0
10.3022 0
10.3079 0
10.3137 0
10.3194 0
10.3251 0
10.3309 0
10.3366 0
10.3424 0
10.3481 0
10.3538 0
10.3596 0
10.3653 0
10.371 0
10.3768 0
10.3825 0
10.3882 0
10.394 0
10.3997 0
10.4054 0
10.4112 0
10.4169 0
10.4227 0
10.4284 0
10.4341 0
10.4399 0
10.4456 0
10.4513 0
10.4571 0
10.4628 0
10.4685 0
10.4743 0
10.48 0
10.4858 0
10.4915 0
10.4972 0
10.503 0
10.5087 0
10.5144 0
10.5202 0
10.5259 0
10.5316 0
10.5374 0
10.5431 0
10.5489 0
10.5546 0
10.5603 0
10.5661 0
10.5718 0
10.5775 0
10.5833 0
10.589 0
10.5947 0
10.6005 0
10.6062 0
10.612 0
10.6177 0
10.6234 0
10.6292 0
10.6349 0
10.6406 0
10.6464 0
10.6521 0
10.6578 0
10.6636 0
10.6693 0
10.6751 0
10.6808 0
10.6865 0
10.6923 0
10.698 0
10.7037 0
10.7095 0
10.7152 0
10.7209 0
10.7267 0
10.7324 0
10.7381 0
10.7439 0
10.7496 0
10.7554 0
10.7611 0
10.7668 0
10.7726 0
10.7783 0
10.784 0
10.7898 0
10.7955 0
10.8012 0
10.807 0
10.8127 0
10.8185 0
10.8242 0
10.8299 0
10.8357 0
10.8414 0
10.8471 0
10.8529 0
10.8586 0
10.8643 0
10.8701 0
10.8758 0
10.8816 0
10.8873 0
10.893 0
10.8988 0
10.9045 0
10.9102 0
10.916 0
10.9217 0
10.9274 0
10.9332 0
10.9389 0
10.9447 0
10.9504 0
10.9561 0
10.9619 0
10.9676 0
10.9733 0
10.9791 0
10.9848 0
10.9905 0
10.9963 0
11.002 0
11.0077 0
11.0135 0
11.0192 0
11.025 0
11.0307 0
11.0364 0
11.0422 0
11.0479 0
11.0536 0
11.0594 0
11.0651 0
11.0708 0
11.0766 0
11.0823 0
11.0881 0
11.0938 0
11.0995 0
11.1053 0
11.111 0
11.1167 0
11.1225 0
11.1282 0
11.1339 0
11.1397 0
11.1454 0
11.1512 0
11.1569 0
11.1626 0
11.1684 0
11.1741 0
11.1798 0
11.1856 0
11.1913 0
11.197 0
11.2028 0
11.2085 0
11.2143 0
11.22 0
11.2257 0
11.2315 0
11.2372 0
11.2429 0
11.2487 0
11.2544 0
11.2601 0
11.2659 0
11.2716 0
11.2774 0
11.2831 0
11.2888 0
11.2946 0
11.3003 0
11.306 0
11.3118 0
11.3175 0
11.3232 0
11.329 0
11.3347 0
11.3404 0
11.3462 0
11.3519 0
11.3577 0
11.3634 0
11.3691 0
11.3749 0
11.3806 0
11.3863 0
11.3921 0
11.3978 0
11.4035 0
11.4093 0
11.415 0
11.4208 0
11.4265 0
11.4322 0
11.438 0
11.4437 0
11.4494 0
11.4552 0
11.4609 0
11.4666 0
11.4724 0
11.4781 0
11.4839 0
11.4896 0
11.4953 0
11.5011 0
11.5068 0
11.5125 0
11.5183 0
11.524 0
11.5297 0
11.5355 0
11.5412 0
11.547 0
11.5527 0
11.5584 0
11.5642 0
11.5699 0
11.5756 0
11.5814 0
11.5871 0
11.5928 0
11.5986 0
11.6043 0
11.61 0
11.6158 0
11.6215 0
11.6273 0
11.633 0
11.6387 0
11.6445 0
11.6502 0
11.6559 0
11.6617 0
11.6674 0
11.6731 0
11.6789 0
11.6846 0
11.6904 0
11.6961 0
11.7018 0
11.7076 0
11.7133 0
11.719 0
11.7248 0
11.7305 0
11.7362 0
11.742 0
