0 0
0.00573619 18
0.0114724 -6
0.0172086 0
0.0229448 -9
0.028681 -13
0.0344171 0
0.0401533 -3
0.0458895 -15
0.0516257 -1
0.0573619 0
0.0630981 4
0.0688343 13
0.0745705 0
0.0803067 21
0.0860429 5
0.091779 0
0.0975152 3
0.103251 2
0.108988 9.66667
0.114724 0
0.12046 2.33333
0.126196 -5.66667
0.131932 0
0.137669 -9
0.143405 -20
0.149141 12
0.154877 26.5
0.160613 3
0.16635 3
0.172086 0
0.177822 1.33333
0.183558 22.75
0.189294 0
0.19503 -0.8
0.200767 14
0.206503 17.3333
0.212239 15.5
0.217975 6
0.223711 7.8
0.229448 0
0.235184 10
0.24092 0
0.246656 0
0.252392 4
0.258129 11.6
0.263865 -0.2
0.269601 0
0.275337 -0.4
0.281073 14
0.28681 0
0.292546 0.285714
0.298282 6.14286
0.304018 12.3333
0.309754 2.75
0.31549 11.2857
0.321227 6.14286
0.326963 0
0.332699 -0.857143
0.338435 6.57143
0.344171 0
0.349908 13.4286
0.355644 0.428571
0.36138 0.2
0.367116 2.5
0.372852 4.125
0.378589 -1.42857
0.384325 3
0.390061 1.55556
0.395797 -5
0.401533 0
0.40727 2.88889
0.413006 14.1111
0.418742 12.4286
0.424478 6.5
0.430214 11.1111
0.43595 14.1111
0.441687 0
0.447423 19.6667
0.453159 22.1111
0.458895 20
0.464631 19.5714
0.470368 14.0909
0.476104 23.5556
0.48184 29.5
0.487576 19.5455
0.493312 27
0.499049 0
0.504785 19.5455
0.510521 18.9091
0.516257 15
0.521993 8.66667
0.52773 33.4545
0.533466 30.6667
0.539202 30.5
0.544938 30.6364
0.550674 22.3636
0.55641 0
0.562147 32.9167
0.567883 26.3077
0.573619 25.2857
0.579355 22.5
0.585091 25.9231
0.590828 14.4545
0.596564 19.5
0.6023 18.6154
0.608036 19.7692
0.613772 19.2
0.619509 20.75
0.625245 17.6154
0.630981 13.2222
0.636717 31.25
0.642453 24.8462
0.64819 27.8462
0.653926 16
0.659662 29.2667
0.665398 27.2
0.671134 32.7143
0.67687 28.125
0.682607 28.8
0.688343 27.2727
0.694079 13.25
0.699815 27.5333
0.705551 30.9333
0.711288 31
0.717024 26.7857
0.72276 38
0.728496 32.6667
0.734232 27.1667
0.739969 31.4375
0.745705 31.0769
0.751441 21.6667
0.757177 27.1765
0.762913 27.2353
0.76865 26.4
0.774386 28.25
0.780122 28.1176
0.785858 33.8182
0.791594 30.5
0.79733 27.4118
0.803067 37.4
0.808803 44
0.814539 30.7647
0.820275 21.6471
0.826011 25.6667
0.831748 27.75
0.837484 28.7222
0.84322 29.3077
0.848956 26.8333
0.854692 30.7368
0.860429 19.6471
0.866165 21.2
0.871901 20.125
0.877637 26.7368
0.883373 30.6364
0.88911 21.125
0.894846 35.7368
0.900582 30.8
0.906318 22.25
0.912054 35.0526
0.91779 32.4706
0.923527 37.6667
0.929263 30.6154
0.934999 30.55
0.940735 28.3846
0.946471 35.375
0.952208 30.0952
0.957944 35.8824
0.96368 43.75
0.969416 32.2381
0.975152 37.4211
0.980889 34.0909
0.986625 31.0833
0.992361 31.7619
0.998097 25.8667
1.00383 35
1.00957 32.6667
1.01531 20
1.02104 26.4
1.02678 25.4706
1.03251 33.7619
1.03825 28.6923
1.04399 27.5833
1.04972 31.5652
1.05546 26.8235
1.0612 31.6667
1.06693 26.3913
1.07267 33.6316
1.0784 40.7692
1.08414 45.3571
1.08988 35.8261
1.09561 26.7333
1.10135 33.5
1.10708 32
1.11282 32.7059
1.11856 26
1.12429 30.2083
1.13003 30.4762
1.13577 33.1333
1.1415 15.2143
1.14724 33.4
1.15297 26.2667
1.15871 20.7
1.16445 28.52
1.17018 26.2632
1.17592 25.7692
1.18166 31.7222
1.18739 30.5652
1.19313 22.2667
1.19886 30.1667
1.2046 31.56
1.21034 30.8889
1.21607 34.5556
1.22181 41.2222
1.22754 32.5714
1.23328 31.4706
1.23902 27.4375
1.24475 30.72
1.25049 31.0588
1.25623 33.3333
1.26196 28.8519
1.2677 31.4737
1.27343 34.3846
1.27917 33.5909
1.28491 28.8261
1.29064 25.6471
1.29638 32.9333
1.30212 31.1111
1.30785 21.3889
1.31359 20.0909
1.31932 23.8276
1.32506 31.8095
1.3308 26.7059
1.33653 34.5
1.34227 36.84
1.348 31.2632
1.35374 30.2857
1.35948 32.4815
1.36521 34.4286
1.37095 31.1
1.37669 32.7931
1.38242 28.1304
1.38816 37.8235
1.39389 25.8947
1.39963 33.8519
1.40537 24.65
1.4111 33.0714
1.41684 35.6207
1.42258 30.6087
1.42831 33.8235
1.43405 34.2083
1.43978 31.44
1.44552 28.1905
1.45126 30.6875
1.45699 34.1724
1.46273 31
1.46846 31.25
1.4742 28.0645
1.47994 26.3043
1.48567 28.9
1.49141 29.5714
1.49715 28.8519
1.50288 30.4091
1.50862 30.4375
1.51435 29.069
1.52009 32.44
1.52583 31.2
1.53156 29.7333
1.5373 31.32
1.54304 33
1.54877 32.65
1.55451 29.931
1.56024 36.0435
1.56598 28.6429
1.57172 33.2258
1.57745 29.3462
1.58319 37.55
1.58892 30.28
1.59466 24.3333
1.6004 31.96
1.60613 35.1111
1.61187 31.4516
1.61761 33.6
1.62334 32.5714
1.62908 30.3636
1.63481 32.1481
1.64055 33.8261
1.64629 24.8182
1.65202 29.0345
1.65776 28.72
1.6635 26.375
1.66923 28.129
1.67497 28.6786
1.6807 25.55
1.68644 32.8214
1.69218 31
1.69791 33.68
1.70365 31.9091
1.70938 30.8387
1.71512 33.5185
1.72086 33.3125
1.72659 31.6364
1.73233 26.6897
1.73807 31.8261
1.7438 32.1923
1.74954 30.8621
1.75527 29.7037
1.76101 29.1579
1.76675 25.3939
1.77248 31.5357
1.77822 35.45
1.78396 33.1333
1.78969 29.5806
1.79543 30.7037
1.80116 35.0417
1.8069 31.3226
1.81264 25.4483
1.81837 31.0556
1.82411 29.7429
1.82984 28.7586
1.83558 31.4
1.84132 27.8077
1.84705 28.9355
1.85279 30.8929
1.85853 31.6957
1.86426 32.3939
1.87 29.4667
1.87573 34.7059
1.88147 31.8286
1.88721 27.5455
1.89294 30.9259
1.89868 24
1.90442 27.3636
1.91015 32.1613
1.91589 25.8
1.92162 34.1714
1.92736 33.7097
1.9331 35.88
1.93883 34.8214
1.94457 38.5152
1.9503 39.6667
1.95604 34.375
1.96178 32.2647
1.96751 31.4375
1.97325 34.8
1.97899 36.4054
1.98472 24.7576
1.99046 34.5517
1.99619 32.9231
2.00193 19.8286
2.00767 35.5806
2.0134 36.5833
2.01914 33
2.02488 32.0303
2.03061 27.92
2.03635 23.6562
2.04208 32.0882
2.04782 29.1562
2.05356 27.5417
2.05929 30.4444
2.06503 31.4118
2.07076 28
2.0765 28.6216
2.08224 32.9429
2.08797 36.6207
2.09371 39.7143
2.09945 32.973
2.10518 31.7576
2.11092 33.125
2.11665 29.3514
2.12239 31.1143
2.12813 31.1304
2.13386 35.8108
2.1396 29.8611
2.14534 32.9375
2.15107 34.5769
2.15681 30.5
2.16254 32.1389
2.16828 24.3636
2.17402 31.4872
2.17975 29.4324
2.18549 33
2.19122 27.5
2.19696 37.4595
2.2027 37.8857
2.20843 35.0833
2.21417 58.359
2.21991 57.1892
2.22564 34.4545
2.23138 34.925
2.23711 25.5526
2.24285 33.2941
2.24859 30.8929
2.25432 31.8947
2.26006 28.2308
2.2658 23.4091
2.27153 32.9268
2.27727 28.5641
2.283 31.9677
2.28874 30.2188
2.29448 29.9487
2.30021 29.2432
2.30595 25.2308
2.31168 32.9231
2.31742 35.275
2.32316 30.2273
2.32889 34.7381
2.33463 32.625
2.34037 30.6667
2.3461 35.6071
2.35184 42.2143
2.35757 32.6757
2.36331 39.9615
2.36905 33.9024
2.37478 38.7317
2.38052 38.9032
2.38626 37.6471
2.39199 29.8837
2.39773 35.7838
2.40346 27.6923
2.4092 33.1818
2.41494 32.05
2.42067 28.6818
2.42641 32.0682
2.43214 33.3333
2.43788 32.6286
2.44362 26.0323
2.44935 36.6667
2.45509 33.5897
2.46083 34.5
2.46656 30.2889
2.4723 32.1707
2.47803 35.931
2.48377 32.75
2.48951 30.8837
2.49524 33.1026
2.50098 27.4615
2.50672 35.9348
2.51245 33.2143
2.51819 34.75
2.52392 37.8043
2.52966 34.2955
2.5354 31.6364
2.54113 32.6286
2.54687 37.1333
2.5526 37.8293
2.55834 38.6923
2.56408 32.1489
2.56981 29.8372
2.57555 31.5172
2.58129 32.9048
2.58702 36.5111
2.59276 32.4865
2.59849 30.4848
2.60423 32.8696
2.60997 31.25
2.6157 31.625
2.62144 37.9167
2.62718 34.1739
2.63291 34.2571
2.63865 38.8611
2.64438 36.6596
2.65012 31.7073
2.65586 34.2333
2.66159 34.7234
2.66733 33.7333
2.67306 36.64
2.6788 36.1042
2.68454 33.8542
2.69027 38.9231
2.69601 34.9697
2.70175 39.8958
2.70748 35.4889
2.71322 35.1111
2.71895 37.3542
2.72469 38.9167
2.73043 36.1143
2.73616 36.7105
2.7419 41.1837
2.74764 34.1163
2.75337 39.2333
2.75911 31.9388
2.76484 36.7755
2.77058 29.1667
2.77632 35.6735
2.78205 33.28
2.78779 33.641
2.79352 35.6
2.79926 35.0577
2.805 35.0889
2.81073 42.0741
2.81647 38.6731
2.82221 40.6939
2.82794 40.7568
2.83368 39.1842
2.83941 43.5094
2.84515 37.5122
2.85089 38.125
2.85662 39.0377
2.86236 35.8367
2.8681 34.875
2.87383 41.6111
2.87957 34.5
2.8853 39.1463
2.89104 43.1622
2.89678 40.7692
2.90251 40.0889
2.90825 36.4483
2.91398 43.1296
2.91972 37.7647
2.92546 37.8649
2.93119 42.5
2.93693 44.1887
2.94267 37.8222
2.9484 41.0312
2.95414 42.717
2.95987 39.449
2.96561 42.2593
2.97135 40.9821
2.97708 43.2963
2.98282 44.9744
2.98856 49.2821
2.99429 51.5926
3.00003 44.7234
3.00576 42.8064
3.0115 46.8727
3.01724 42.6604
3.02297 48.4595
3.02871 41.7273
3.03444 44.4727
3.04018 43.1778
3.04592 47.7353
3.05165 46.8545
3.05739 39.902
3.06313 46.2759
3.06886 46
3.0746 49.2545
3.08033 45.1591
3.08607 48.0541
3.09181 48.2679
3.09754 46.2857
3.10328 54.8387
3.10902 52.661
3.11475 53.5472
3.12049 48.7692
3.12622 52.3261
3.13196 50.6545
3.1377 48.4043
3.14343 49.4167
3.14917 52.2931
3.1549 55.5882
3.16064 42.8276
3.16638 50.0833
3.17211 53.7091
3.17785 49
3.18359 51.3659
3.18932 49.7931
3.19506 52.3061
3.20079 54.9412
3.20653 55.4915
3.21227 51.2075
3.218 53.6585
3.22374 56.2292
3.22948 56.5932
3.23521 54.8444
3.24095 52.5385
3.24668 54.4833
3.25242 57.9623
3.25816 53.0588
3.26389 59.0526
3.26963 54.9825
3.27536 54.8261
3.2811 54.2439
3.28684 63.3
3.29257 60.9796
3.29831 61.3056
3.30405 59.0476
3.30978 68.8909
3.31552 67.7442
3.32125 69.4167
3.32699 68.614
3.33273 68.3922
3.33846 69.5897
3.3442 71.6452
3.34994 71.549
3.35567 65.8421
3.36141 64.0847
3.36714 65.4561
3.37288 67.5417
3.37862 61.907
3.38435 62.918
3.39009 64.2453
3.39582 62.8889
3.40156 71.6984
3.4073 77.1091
3.41303 70.4894
3.41877 73.2292
3.42451 77.8033
3.43024 72.86
3.43598 71.1463
3.44171 68.127
3.44745 69.1786
3.45319 70.2857
3.45892 71.0364
3.46466 72.3729
3.4704 73.92
3.47613 73.2558
3.48187 75.4444
3.4876 79.0566
3.49334 71.7632
3.49908 76.3134
3.50481 83.5789
3.51055 78.1915
3.51628 77.1373
3.52202 82.4098
3.52776 87.4444
3.53349 84.3902
3.53923 95.9692
3.54497 107.389
3.5507 114.875
3.55644 102.4
3.56217 102.102
3.56791 93.1154
3.57365 87.1522
3.57938 88.6308
3.58512 92.2
3.59086 86.5
3.59659 88.5224
3.60233 91.5085
3.60806 90.6863
3.6138 92.1225
3.61954 95.4921
3.62527 94.4464
3.63101 93.8049
3.63674 104.582
3.64248 114.483
3.64822 123.125
3.65395 124.702
3.65969 130.508
3.66543 121.63
3.67116 120.457
3.6769 118.698
3.68263 121.23
3.68837 114.132
3.69411 126.986
3.69984 120.864
3.70558 118.278
3.71132 118.51
3.71705 124.8
3.72279 130.786
3.72852 123.581
3.73426 127.955
3.74 129.016
3.74573 132.38
3.75147 128.745
3.7572 136.222
3.76294 140.593
3.76868 136.364
3.77441 143.299
3.78015 151.356
3.78589 154.404
3.79162 157.234
3.79736 166.875
3.80309 171.732
3.80883 175.137
3.81457 188.723
3.8203 198.867
3.82604 210.721
3.83178 229.101
3.83751 266.613
3.84325 319.893
3.84898 410.415
3.85472 818.302
3.86046 627.918
3.86619 511.848
3.87193 630.319
3.87766 783.246
3.8834 949.529
3.88914 1146.88
3.89487 1412.97
3.90061 1452.45
3.90635 1350.18
3.91208 1120.57
3.91782 862.734
3.92355 683.585
3.92929 565.563
3.93503 457.188
3.94076 384.086
3.9465 334.796
3.95224 295.104
3.95797 272.159
3.96371 243.565
3.96944 225.127
3.97518 208.683
3.98092 198.661
3.98665 186.707
3.99239 179.118
3.99812 177.29
4.00386 171.878
4.0096 165.116
4.01533 161.797
4.02107 161.54
4.02681 159.333
4.03254 158.212
4.03828 159.1
4.04401 154.096
4.04975 155.901
4.05549 151.969
4.06122 146.043
4.06696 142.783
4.0727 144.543
4.07843 140.467
4.08417 141.732
4.0899 142
4.09564 144.219
4.10138 140.52
4.10711 137.431
4.11285 145.773
4.11858 140.232
4.12432 135.79
4.13006 134.412
4.13579 142.349
4.14153 138.673
4.14727 142.11
4.153 140.418
4.15874 138.909
4.16447 137.767
4.17021 140.139
4.17595 136.661
4.18168 136.875
4.18742 137.7
4.19316 140.409
4.19889 138.24
4.20463 138.716
4.21036 144.897
4.2161 153.233
4.22184 138.483
4.22757 148.486
4.23331 139.94
4.23904 135.96
4.24478 139.573
4.25052 145.362
4.25625 144.375
4.26199 143
4.26773 142.139
4.27346 153.879
4.2792 147.179
4.28493 144.958
4.29067 146.057
4.29641 150.146
4.30214 150.737
4.30788 150.8
4.31362 151.656
4.31935 155.321
4.32509 151.959
4.33082 158.884
4.33656 158.1
4.3423 153.52
4.34803 162.5
4.35377 163.129
4.3595 176.117
4.36524 176.324
4.37098 186.286
4.37671 184.537
4.38245 182.973
4.38819 200.403
4.39392 204.579
4.39966 204.29
4.40539 212.056
4.41113 239.088
4.41687 247.444
4.4226 277.156
4.42834 417.548
4.43408 832.083
4.43981 1089.7
4.44555 5911.78
4.45128 6349.62
4.45702 4683.58
4.46276 2012.41
4.46849 635.764
4.47423 501.093
4.47996 405.526
4.4857 397.838
4.49144 407.692
4.49717 413.905
4.50291 431.645
4.50865 447.729
4.51438 418.346
4.52012 388.063
4.52585 351
4.53159 308.351
4.53733 277.324
4.54306 252.325
4.5488 233.343
4.55454 217.281
4.56027 197.637
4.56601 187.581
4.57174 174.596
4.57748 166.846
4.58322 155.795
4.58895 170.582
4.59469 152.574
4.60042 137.833
4.60616 136.307
4.6119 130.86
4.61763 128.41
4.62337 130.603
4.62911 128.302
4.63484 127.277
4.64058 119.256
4.64631 118.736
4.65205 121.929
4.65779 115.45
4.66352 113.833
4.66926 113.885
4.675 112.451
4.68073 108.654
4.68647 112.178
4.6922 111.263
4.69794 104.85
4.70368 110.909
4.70941 107.14
4.71515 103.882
4.72088 106.125
4.72662 106.725
4.73236 107.698
4.73809 102.488
4.74383 102.833
4.74957 107.731
4.7553 102.25
4.76104 101.787
4.76677 100.194
4.77251 102.169
4.77825 95.4024
4.78398 94.7333
4.78972 95.6727
4.79546 99.4235
4.80119 97.2025
4.80693 93.5846
4.81266 90.4507
4.8184 95.3571
4.82414 92.9178
4.82987 90.2951
4.83561 93.369
4.84134 95.225
4.84708 94.6981
4.85282 95.3882
4.85855 91.5854
4.86429 90
4.87003 91.5902
4.87576 88.1744
4.8815 95.359
4.88723 89.463
4.89297 87.4353
4.89871 87.1786
4.90444 86.8592
4.91018 82.1045
4.91592 89.6667
4.92165 82.6076
4.92739 84.0702
4.93312 83.2791
4.93886 88.2619
4.9446 88.5075
4.95033 85.3662
4.95607 88.6395
4.9618 92.3247
4.96754 84.0508
4.97328 86.5465
4.97901 83.8675
4.98475 80.6229
4.99049 82.2949
4.99622 79.2273
5.00196 77.6027
5.00769 79.0635
5.01343 82.0682
5.01917 83.5542
5.0249 85.0943
5.03064 83.4556
5.03638 80.0814
5.04211 83.56
5.04785 80.9231
5.05358 83.2558
5.05932 80.4938
5.06506 80.2807
5.07079 79.6818
5.07653 79.908
5.08226 85.2113
5.088 79.2676
5.09374 78.8333
5.09947 81.5584
5.10521 78.9206
5.11095 78.5
5.11668 81.0941
5.12242 82.0152
5.12815 79.8442
5.13389 81.8222
5.13963 79.4545
5.14536 79.2295
5.1511 79.5652
5.15684 80.9398
5.16257 80.4032
5.16831 81.9524
5.17404 80.5281
5.17978 81.7692
5.18552 73.3582
5.19125 77.2111
5.19699 79.0602
5.20272 83.5763
5.20846 79.5217
5.2142 78.6517
5.21993 79.4737
5.22567 79.8696
5.23141 81.0109
5.23714 81.0864
5.24288 77.8033
5.24861 77.6739
5.25435 78.4719
5.26009 81.7714
5.26582 81.6842
5.27156 78.989
5.2773 77.8875
5.28303 83.0154
5.28877 83.1064
5.2945 83.1034
5.30024 82.4861
5.30598 79.8734
5.31171 81.3708
5.31745 83.1585
5.32318 78.6154
5.32892 79.3191
5.33466 79.6782
5.34039 82.6061
5.34613 79.9412
5.35187 78.1429
5.3576 76.1605
5.36334 79.4328
5.36907 82.2396
5.37481 81.2118
5.38055 79.8689
5.38628 83.7292
5.39202 84.4396
5.39776 87.3375
5.40349 84.9296
5.40923 83.5208
5.41496 81.963
5.4207 83.1587
5.42644 78.2755
5.43217 78.8202
5.43791 82.5769
5.44364 81.7808
5.44938 86.7938
5.45512 86.3659
5.46085 80.2687
5.46659 83.6531
5.47233 82.2247
5.47806 83.0921
5.4838 78.5802
5.48953 82.3979
5.49527 83.8095
5.50101 79.1045
5.50674 82.4796
5.51248 82.1461
5.51822 86.0135
5.52395 85.5422
5.52969 84.9032
5.53542 82.1905
5.54116 82.0735
5.5469 80.4545
5.55263 81.1778
5.55837 85.8611
5.5641 81.9775
5.56984 78.1613
5.57558 81.9643
5.58131 82.9863
5.58705 83.101
5.59279 78.7159
5.59852 82.0317
5.60426 82.4
5.60999 81.3118
5.61573 86.8415
5.62147 82.0133
5.6272 83.1959
5.63294 85.7907
5.63868 86.0746
5.64441 84.0294
5.65015 82
5.65588 85.2381
5.66162 82.2597
5.66736 84.2323
5.67309 89.2209
5.67883 84.1449
5.68456 85.1881
5.6903 87.0222
5.69604 90.2805
5.70177 90.9518
5.70751 89.6526
5.71325 88.7614
5.71898 88.1268
5.72472 88.0707
5.73045 89.6774
5.73619 89.4875
5.74193 89.2921
5.74766 89.0421
5.7534 89.8864
5.75914 88.1549
5.76487 91.1485
5.77061 90.9681
5.77634 90.5256
5.78208 86.5955
5.78782 92.8763
5.79355 92.5349
5.79929 91.7467
5.80502 92.495
5.81076 89.7609
5.8165 92.1757
5.82223 90.4583
5.82797 93.2551
5.83371 98.0465
5.83944 93.8608
5.84518 95.2323
5.85091 95.125
5.85665 91.0308
5.86239 94.2286
5.86812 93.0714
5.87386 94.814
5.8796 95.3797
5.88533 97.9703
5.89107 100.37
5.8968 98.5217
5.90254 99.1143
5.90828 94.4184
5.91401 97.3023
5.91975 98.012
5.92548 96.9293
5.93122 103.309
5.93696 97.137
5.94269 102.048
5.94843 101.323
5.95417 106.25
5.9599 101.729
5.96564 107.465
5.97137 106.734
5.97711 108.219
5.98285 106.563
5.98858 104.827
5.99432 104.869
6.00006 109.966
6.00579 107.586
6.01153 113.085
6.01726 112.56
6.023 115.724
6.02874 115.344
6.03447 113.909
6.04021 111.633
6.04594 112.52
6.05168 114.74
6.05742 112.87
6.06315 112.8
6.06889 116.927
6.07463 118.845
6.08036 118.862
6.0861 119.52
6.09183 121.958
6.09757 118.538
6.10331 121.358
6.10904 121.042
6.11478 126.186
6.12052 120.646
6.12625 122.33
6.13199 126.894
6.13772 127.659
6.14346 127.196
6.1492 128.7
6.15493 133.8
6.16067 131.892
6.1664 135.673
6.17214 143.436
6.17788 144.202
6.18361 138.833
6.18935 143.859
6.19509 152.52
6.20082 145.119
6.20656 153.02
6.21229 160.125
6.21803 161.305
6.22377 162.981
6.2295 170.39
6.23524 185.387
6.24098 176.101
6.24671 184.157
6.25245 208.798
6.25818 213.081
6.26392 205.431
6.26966 299.137
6.27539 665.04
6.28113 322.486
6.28686 2620.22
6.2926 9274.09
6.29834 1243.16
6.30407 2317.63
6.30981 1694.23
6.31555 1008.26
6.32128 383.352
6.32702 308.212
6.33275 284.156
6.33849 271.716
6.34423 252.952
6.34996 263.422
6.3557 282.782
6.36144 278.639
6.36717 314.087
6.37291 340.2
6.37864 357.922
6.38438 360.83
6.39012 349.275
6.39585 327.312
6.40159 300.231
6.40732 273.509
6.41306 252.532
6.4188 230.337
6.42453 212.104
6.43027 207.853
6.43601 195.744
6.44174 188.33
6.44748 187.556
6.45321 182.202
6.45895 181.478
6.46469 173.476
6.47042 173.573
6.47616 170.095
6.4819 163.418
6.48763 155.787
6.49337 155.505
6.4991 146.684
6.50484 143.463
6.51058 152.412
6.51631 149.94
6.52205 146.236
6.52778 145.833
6.53352 147.391
6.53926 147.667
6.54499 148.759
6.55073 146.069
6.55647 148.524
6.5622 145.283
6.56794 148.167
6.57367 148.925
6.57941 143.684
6.58515 148.241
6.59088 144.183
6.59662 138.345
6.60236 141.719
6.60809 139.613
6.61383 138.903
6.61956 139.495
6.6253 138.312
6.63104 137.667
6.63677 132.837
6.64251 138.509
6.64824 138.065
6.65398 142.824
6.65972 139.029
6.66545 139.161
6.67119 140.279
6.67693 142.57
6.68266 139.224
6.6884 139.435
6.69413 137.681
6.69987 138.34
6.70561 138.33
6.71134 137.317
6.71708 142.023
6.72282 137.526
6.72855 138.037
6.73429 140.64
6.74002 136.764
6.74576 136.591
6.7515 139.485
6.75723 135.225
6.76297 136
6.7687 137.732
6.77444 139.539
6.78018 134.752
6.78591 137.819
6.79165 138.486
6.79739 134.506
6.80312 135.175
6.80886 136.089
6.81459 136.791
6.82033 132.876
6.82607 135.862
6.8318 136.143
6.83754 140.42
6.84328 137.675
6.84901 133.393
6.85475 136.549
6.86048 137.605
6.86622 139.552
6.87196 134.85
6.87769 137.402
6.88343 135.551
6.88916 135.298
6.8949 142.069
6.90064 139.885
6.90637 138.158
6.91211 139.271
6.91785 135.575
6.92358 137.43
6.92932 141.168
6.93505 142.18
6.94079 141.619
6.94653 139.06
6.95226 141.103
6.958 136.187
6.96374 137.008
6.96947 138.307
6.97521 143.209
6.98094 139.631
6.98668 144.043
6.99242 141.578
6.99815 139.146
7.00389 144.225
7.00962 141.845
7.01536 144.696
7.0211 141.036
7.02683 145.256
7.03257 148.299
7.03831 145.484
7.04404 143.934
7.04978 147.739
7.05551 145.096
7.06125 144.202
7.06699 146.033
7.07272 146.688
7.07846 144.18
7.0842 149.352
7.08993 151.552
7.09567 151.194
7.1014 151.434
7.10714 154.235
7.11288 156.899
7.11861 150.022
7.12435 153.903
7.13008 154.393
7.13582 154.083
7.14156 156.892
7.14729 155.808
7.15303 157.908
7.15877 155.914
7.1645 157.137
7.17024 159.941
7.17597 156.99
7.18171 159.682
7.18745 158.689
7.19318 160.892
7.19892 159.185
7.20466 163.52
7.21039 163.444
7.21613 166.404
7.22186 169.339
7.2276 168.516
7.23334 169
7.23907 167.615
7.24481 167.865
7.25054 171.235
7.25628 168.01
7.26202 175.532
7.26775 204.762
7.27349 235.135
7.27923 195.247
7.28496 211.701
7.2907 187.857
7.29643 185.437
7.30217 182.352
7.30791 186.169
7.31364 190.154
7.31938 188.64
7.32512 189.869
7.33085 199.521
7.33659 201.99
7.34232 195.171
7.34806 204.315
7.3538 213.117
7.35953 210.29
7.36527 223.984
7.371 266.736
7.37674 486.837
7.38248 414
7.38821 1303.54
7.39395 1639.55
7.39969 2293.39
7.40542 1647.12
7.41116 1034.5
7.41689 534.34
7.42263 332.009
7.42837 292.675
7.4341 283.664
7.43984 275.551
7.44558 270.418
7.45131 274.992
7.45705 297.927
7.46278 298.99
7.46852 323.154
7.47426 349.72
7.47999 368.844
7.48573 376.496
7.49146 377.848
7.4972 362.773
7.50294 333.393
7.50867 307.5
7.51441 281.05
7.52015 267.934
7.52588 247.614
7.53162 228.624
7.53735 217.545
7.54309 204.835
7.54883 200.902
7.55456 187.504
7.5603 204.833
7.56604 189.474
7.57177 174.416
7.57751 176.643
7.58324 168.569
7.58898 163.656
7.59472 161.73
7.60045 162.31
7.60619 157.911
7.61192 159.225
7.61766 158.017
7.6234 150.416
7.62913 152.879
7.63487 151.455
7.64061 146.961
7.64634 150.333
7.65208 150.651
7.65781 148.941
7.66355 149.224
7.66929 150.284
7.67502 150.863
7.68076 153.925
7.6865 149.042
7.69223 152.664
7.69797 158.729
7.7037 150.248
7.70944 166.903
7.71518 227.366
7.72091 309.145
7.72665 543.701
7.73238 1089.23
7.73812 307.254
7.74386 266.48
7.74959 277.254
7.75533 178.825
7.76107 171.937
7.7668 164.588
7.77254 168.595
7.77827 169.451
7.78401 175.697
7.78975 183.859
7.79548 193.07
7.80122 200.767
7.80696 211.333
7.81269 217
7.81843 218.532
7.82416 215.768
7.8299 204.364
7.83564 192.508
7.84137 182.273
7.84711 169.482
7.85284 161.824
7.85858 151.63
7.86432 146.134
7.87005 142.338
7.87579 142.836
7.88153 137.516
7.88726 136.103
7.893 132.785
7.89873 131.141
7.90447 127.147
7.91021 127.09
7.91594 123.45
7.92168 124.933
7.92742 120.972
7.93315 125.489
7.93889 121.835
7.94462 122.584
7.95036 121.76
7.9561 122.129
7.96183 121.698
7.96757 120.733
7.9733 120.204
7.97904 117.615
7.98478 118.589
7.99051 116.008
7.99625 117.361
8.00199 118.653
8.00772 115.416
8.01346 113.41
8.01919 116.316
8.02493 115.294
8.03067 113.301
8.0364 114.89
8.04214 115.819
8.04788 111.971
8.05361 113.209
8.05935 112.897
8.06508 112.712
8.07082 112.726
8.07656 108.737
8.08229 107.453
8.08803 108.081
8.09376 103.531
8.0995 96.4015
8.10524 92.8862
8.11097 89.9469
8.11671 81.3188
8.12245 74.6589
8.12818 76.9369
8.13392 65.0909
8.13965 62.438
8.14539 59
8.15113 54.6396
8.15686 27.7445
8.1626 30.4691
8.16834 27.2712
8.17407 22.7105
8.17981 3.21053
8.18554 0
8.19128 0
8.19702 0
8.20275 0
8.20849 0
8.21422 0
8.21996 0
8.2257 0
8.23143 0
8.23717 0
8.24291 0
8.24864 0
8.25438 0
8.26011 0
8.26585 0
8.27159 0
8.27732 0
8.28306 0
8.2888 0
8.29453 0
8.30027 0
8.306 0
8.31174 0
8.31748 0
8.32321 0
8.32895 0
8.33468 0
8.34042 0
8.34616 0
8.35189 0
8.35763 0
8.36337 0
8.3691 0
8.37484 0
8.38057 0
8.38631 0
8.39205 0
8.39778 0
8.40352 0
8.40926 0
8.41499 0
8.42073 0
8.42646 0
8.4322 0
8.43794 0
8.44367 0
8.44941 0
8.45514 0
8.46088 0
8.46662 0
8.47235 0
8.47809 0
8.48383 0
8.48956 0
8.4953 0
8.50103 0
8.50677 0
8.51251 0
8.51824 0
8.52398 0
8.52972 0
8.53545 0
8.54119 0
8.54692 0
8.55266 0
8.5584 0
8.56413 0
8.56987 0
8.5756 0
8.58134 0
8.58708 0
8.59281 0
8.59855 0
8.60429 0
8.61002 0
8.61576 0
8.62149 0
8.62723 0
8.63297 0
8.6387 0
8.64444 0
8.65018 0
8.65591 0
8.66165 0
8.66738 0
8.67312 0
8.67886 0
8.68459 0
8.69033 0
8.69606 0
8.7018 0
8.70754 0
8.71327 0
8.71901 0
8.72475 0
8.73048 0
8.73622 0
8.74195 0
8.74769 0
8.75343 0
8.75916 0
8.7649 0
8.77064 0
8.77637 0
8.78211 0
8.78784 0
8.79358 0
8.79932 0
8.80505 0
8.81079 0
8.81652 0
8.82226 0
8.828 0
8.83373 0
8.83947 0
8.84521 0
8.85094 0
8.85668 0
8.86241 0
8.86815 0
8.87389 0
8.87962 0
8.88536 0
8.8911 0
8.89683 0
8.90257 0
8.9083 0
8.91404 0
8.91978 0
8.92551 0
8.93125 0
8.93698 0
8.94272 0
8.94846 0
8.95419 0
8.95993 0
8.96567 0
8.9714 0
8.97714 0
8.98287 0
8.98861 0
8.99435 0
9.00008 0
9.00582 0
9.01156 0
9.01729 0
9.02303 0
9.02876 0
9.0345 0
9.04024 0
9.04597 0
9.05171 0
9.05744 0
9.06318 0
9.06892 0
9.07465 0
9.08039 0
9.08613 0
9.09186 0
9.0976 0
9.10333 0
9.10907 0
9.11481 0
9.12054 0
9.12628 0
9.13202 0
9.13775 0
9.14349 0
9.14922 0
9.15496 0
9.1607 0
9.16643 0
9.17217 0
9.1779 0
9.18364 0
9.18938 0
9.19511 0
9.20085 0
9.20659 0
9.21232 0
9.21806 0
9.22379 0
9.22953 0
9.23527 0
9.241 0
9.24674 0
9.25248 0
9.25821 0
9.26395 0
9.26968 0
9.27542 0
9.28116 0
9.28689 0
9.29263 0
9.29836 0
9.3041 0
9.30984 0
9.31557 0
9.32131 0
9.32705 0
9.33278 0
9.33852 0
9.34425 0
9.34999 0
9.35573 0
9.36146 0
9.3672 0
9.37294 0
9.37867 0
9.38441 0
9.39014 0
9.39588 0
9.40162 0
9.40735 0
9.41309 0
9.41882 0
9.42456 0
9.4303 0
9.43603 0
9.44177 0
9.44751 0
9.45324 0
9.45898 0
9.46471 0
9.47045 0
9.47619 0
9.48192 0
9.48766 0
9.4934 0
9.49913 0
9.50487 0
9.5106 0
9.51634 0
9.52208 0
9.52781 0
9.53355 0
9.53928 0
9.54502 0
9.55076 0
9.55649 0
9.56223 0
9.56797 0
9.5737 0
9.57944 0
9.58517 0
9.59091 0
9.59665 0
9.60238 0
9.60812 0
9.61386 0
9.61959 0
9.62533 0
9.63106 0
9.6368 0
9.64254 0
9.64827 0
9.65401 0
9.65974 0
9.66548 0
9.67122 0
9.67695 0
9.68269 0
9.68843 0
9.69416 0
9.6999 0
9.70563 0
9.71137 0
9.71711 0
9.72284 0
9.72858 0
9.73432 0
9.74005 0
9.74579 0
9.75152 0
9.75726 0
9.763 0
9.76873 0
9.77447 0
9.7802 0
9.78594 0
9.79168 0
9.79741 0
9.80315 0
9.80889 0
9.81462 0
9.82036 0
9.82609 0
9.83183 0
9.83757 0
9.8433 0
9.84904 0
9.85478 0
9.86051 0
9.86625 0
9.87198 0
9.87772 0
9.88346 0
9.88919 0
9.89493 0
9.90066 0
9.9064 0
9.91214 0
9.91787 0
9.92361 0
9.92935 0
9.93508 0
9.94082 0
9.94655 0
9.95229 0
9.95803 0
9.96376 0
9.9695 0
9.97524 0
9.98097 0
9.98671 0
9.99244 0
9.99818 0
10.0039 0
10.0097 0
10.0154 0
10.0211 0
10.0269 0
10.0326 0
10.0383 0
10.0441 0
10.0498 0
10.0555 0
10.0613 0
10.067 0
10.0728 0
10.0785 0
10.0842 0
10.09 0
10.0957 0
10.1014 0
10.1072 0
10.1129 0
10.1186 0
10.1244 0
10.1301 0
10.1358 0
10.1416 0
10.1473 0
10.1531 0
10.1588 0
10.1645 0
10.1703 0
10.176 0
10.1817 0
10.1875 0
10.1932 0
10.1989 0
10.2047 0
10.2104 0
10.2162 0
10.2219 0
10.2276 0
10.2334 0
10.2391 0
10.2448 0
10.2506 0
10.2563 0
10.262 0
10.2678 0
10.2735 0
10.2793 0
10.285 0
10.2907 0
10.2965 0
10.3022 0
10.3079 0
10.3137 0
10.3194 0
10.3251 0
10.3309 0
10.3366 0
10.3424 0
10.3481 0
10.3538 0
10.3596 0
10.3653 0
10.371 0
10.3768 0
10.3825 0
10.3882 0
10.394 0
10.3997 0
10.4054 0
10.4112 0
10.4169 0
10.4227 0
10.4284 0
10.4341 0
10.4399 0
10.4456 0
10.4513 0
10.4571 0
10.4628 0
10.4685 0
10.4743 0
10.48 0
10.4858 0
10.4915 0
10.4972 0
10.503 0
10.5087 0
10.5144 0
10.5202 0
10.5259 0
10.5316 0
10.5374 0
10.5431 0
10.5489 0
10.5546 0
10.5603 0
10.5661 0
10.5718 0
10.5775 0
10.5833 0
10.589 0
10.5947 0
10.6005 0
10.6062 0
10.612 0
10.6177 0
10.6234 0
10.6292 0
10.6349 0
10.6406 0
10.6464 0
10.6521 0
10.6578 0
10.6636 0
10.6693 0
10.6751 0
10.6808 0
10.6865 0
10.6923 0
10.698 0
10.7037 0
10.7095 0
10.7152 0
10.7209 0
10.7267 0
10.7324 0
10.7381 0
10.7439 0
10.7496 0
10.7554 0
10.7611 0
10.7668 0
10.7726 0
10.7783 0
10.784 0
10.7898 0
10.7955 0
10.8012 0
10.807 0
10.8127 0
10.8185 0
10.8242 0
10.8299 0
10.8357 0
10.8414 0
10.8471 0
10.8529 0
10.8586 0
10.8643 0
10.8701 0
10.8758 0
10.8816 0
10.8873 0
10.893 0
10.8988 0
10.9045 0
10.9102 0
10.916 0
10.9217 0
10.9274 0
10.9332 0
10.9389 0
10.9447 0
10.9504 0
10.9561 0
10.9619 0
10.9676 0
10.9733 0
10.9791 0
10.9848 0
10.9905 0
10.9963 0
11.002 0
11.0077 0
11.0135 0
11.0192 0
11.025 0
11.0307 0
11.0364 0
11.0422 0
11.0479 0
11.0536 0
11.0594 0
11.0651 0
11.0708 0
11.0766 0
11.0823 0
11.0881 0
11.0938 0
11.0995 0
11.1053 0
11.111 0
11.1167 0
11.1225 0
11.1282 0
11.1339 0
11.1397 0
11.1454 0
11.1512 0
11.1569 0
11.1626 0
11.1684 0
11.1741 0
11.1798 0
11.1856 0
11.1913 0
11.197 0
11.2028 0
11.2085 0
11.2143 0
11.22 0
11.2257 0
11.2315 0
11.2372 0
11.2429 0
11.2487 0
11.2544 0
11.2601 0
11.2659 0
11.2716 0
11.2774 0
11.2831 0
11.2888 0
11.2946 0
11.3003 0
11.306 0
11.3118 0
11.3175 0
11.3232 0
11.329 0
11.3347 0
11.3404 0
11.3462 0
11.3519 0
11.3577 0
11.3634 0
11.3691 0
11.3749 0
11.3806 0
11.3863 0
11.3921 0
11.3978 0
11.4035 0
11.4093 0
11.415 0
11.4208 0
11.4265 0
11.4322 0
11.438 0
11.4437 0
11.4494 0
11.4552 0
11.4609 0
11.4666 0
11.4724 0
11.4781 0
11.4839 0
11.4896 0
11.4953 0
11.5011 0
11.5068 0
11.5125 0
11.5183 0
11.524 0
11.5297 0
11.5355 0
11.5412 0
11.547 0
11.5527 0
11.5584 0
11.5642 0
11.5699 0
11.5756 0
11.5814 0
11.5871 0
11.5928 0
11.5986 0
11.6043 0
11.61 0
11.6158 0
11.6215 0
11.6273 0
11.633 0
11.6387 0
11.6445 0
11.6502 0
11.6559 0
11.6617 0
11.6674 0
11.6731 0
11.6789 0
11.6846 0
11.6904 0
11.6961 0
11.7018 0
11.7076 0
11.7133 0
11.719 0
11.7248 0
11.7305 0
11.7362 0
11.742 0
