0 0
0.00573619 -1
0.0114724 9
0.0172086 0
0.0229448 -2
0.028681 -24
0.0344171 0
0.0401533 -6
0.0458895 0
0.0516257 2
0.0573619 0
0.0630981 -12
0.0688343 7
0.0745705 0
0.0803067 -19
0.0860429 -10
0.091779 0
0.0975152 -0.333333
0.103251 -0.666667
0.108988 -7.33333
0.114724 0
0.12046 7.66667
0.126196 10.3333
0.131932 0
0.137669 12.3333
0.143405 -1
0.149141 -5
0.154877 -37
0.160613 12
0.16635 -12.3333
0.172086 0
0.177822 18.6667
0.183558 5.5
0.189294 0
0.19503 -1
0.200767 15.8
0.206503 -6
0.212239 7
0.217975 -10.6
0.223711 -2.6
0.229448 0
0.235184 -0.8
0.24092 -1.8
0.246656 0
0.252392 0.6
0.258129 -2
0.263865 -1
0.269601 0
0.275337 1
0.281073 13.8571
0.28681 0
0.292546 -7
0.298282 2
0.304018 12
0.309754 16.5
0.31549 6.85714
0.321227 -3.14286
0.326963 0
0.332699 0.285714
0.338435 -2
0.344171 0
0.349908 11.7143
0.355644 10
0.36138 -3.8
0.367116 2
0.372852 8.375
0.378589 3.85714
0.384325 7
0.390061 4.11111
0.395797 0.222222
0.401533 0
0.40727 3.22222
0.413006 13.4444
0.418742 6.14286
0.424478 7
0.430214 15.2222
0.43595 11.2222
0.441687 0
0.447423 11.2222
0.453159 22.1111
0.458895 36
0.464631 9
0.470368 13.4545
0.476104 14
0.48184 27
0.487576 21.0909
0.493312 16.9091
0.499049 0
0.504785 28.8182
0.510521 20
0.516257 25.4
0.521993 26.5
0.52773 32.1818
0.533466 19.1111
0.539202 28
0.544938 27.7273
0.550674 18.1818
0.55641 0
0.562147 20.1667
0.567883 15.0769
0.573619 27
0.579355 21.1667
0.585091 27.8462
0.590828 16.9091
0.596564 14
0.6023 18.4615
0.608036 23.2308
0.613772 21.2
0.619509 27.5
0.625245 11.4615
0.630981 4.55556
0.636717 8.5
0.642453 27.3846
0.64819 23.7692
0.653926 -7
0.659662 29.9333
0.665398 28.6
0.671134 16.7143
0.67687 23.625
0.682607 38.1333
0.688343 25.5455
0.694079 18.75
0.699815 28.1333
0.705551 33.9333
0.711288 47
0.717024 30.7857
0.72276 18.1333
0.728496 24.6667
0.734232 32.1667
0.739969 33.1875
0.745705 30
0.751441 12.3333
0.757177 22.1765
0.762913 30
0.76865 32.2
0.774386 21.1667
0.780122 32.5294
0.785858 34.4545
0.791594 41.5
0.79733 34.9412
0.803067 30.6
0.808803 47
0.814539 33.2941
0.820275 29
0.826011 29.1111
0.831748 27.875
0.837484 25.6111
0.84322 30.2308
0.848956 27.1667
0.854692 21.4211
0.860429 30.1176
0.866165 31.8
0.871901 29.5625
0.877637 27.8947
0.883373 28
0.88911 30.125
0.894846 29.6842
0.900582 35.2
0.906318 12.5
0.912054 33.2105
0.91779 24.5882
0.923527 33
0.929263 24.0769
0.934999 30.25
0.940735 28.7692
0.946471 21.125
0.952208 23.381
0.957944 25.2941
0.96368 29.5
0.969416 29.6667
0.975152 28.5789
0.980889 40.9091
0.986625 35.4167
0.992361 27.8571
0.998097 29.4667
1.00383 22.8333
1.00957 34.1905
1.01531 23.5294
1.02104 30.2
1.02678 31.6471
1.03251 28.1905
1.03825 30.7692
1.04399 23.25
1.04972 20.8261
1.05546 26.4706
1.0612 32.8333
1.06693 27.6957
1.07267 32.1579
1.0784 33.6154
1.08414 27.1429
1.08988 33.7826
1.09561 41
1.10135 28.25
1.10708 33.7826
1.11282 30.9412
1.11856 27.2857
1.12429 27.9583
1.13003 30.7619
1.13577 29.6667
1.1415 33.5714
1.14724 27.12
1.15297 32.7333
1.15871 28.9
1.16445 28.48
1.17018 27.9474
1.17592 31.1538
1.18166 28.7222
1.18739 27.4783
1.19313 31.3333
1.19886 31.3333
1.2046 33.88
1.21034 33
1.21607 31.5556
1.22181 31.2963
1.22754 33.3333
1.23328 23.5294
1.23902 31.3125
1.24475 27.52
1.25049 33.3529
1.25623 30.75
1.26196 33.8148
1.2677 23.4737
1.27343 25.9231
1.27917 34.4091
1.28491 21.8696
1.29064 25
1.29638 32.3333
1.30212 33.1111
1.30785 30
1.31359 24.6364
1.31932 28.6897
1.32506 22.4762
1.3308 29.1765
1.33653 35.35
1.34227 31.08
1.348 33.1579
1.35374 25.0714
1.35948 30.7778
1.36521 25
1.37095 23.6
1.37669 33.4483
1.38242 26.9565
1.38816 34.9412
1.39389 37
1.39963 32.0741
1.40537 26.75
1.4111 40.0714
1.41684 31.8276
1.42258 29.1304
1.42831 29.8235
1.43405 23.7083
1.43978 32.76
1.44552 25.4762
1.45126 27.125
1.45699 29
1.46273 30.4286
1.46846 34.5
1.4742 30.2903
1.47994 32.8696
1.48567 27.95
1.49141 28.1905
1.49715 32.1111
1.50288 29.1818
1.50862 24.6875
1.51435 29.2759
1.52009 28.32
1.52583 27.4667
1.53156 29.7333
1.5373 28.72
1.54304 35.7619
1.54877 31
1.55451 24.3103
1.56024 28.1739
1.56598 32.1429
1.57172 29.7419
1.57745 31.4615
1.58319 30.45
1.58892 23.08
1.59466 27.8148
1.6004 28.12
1.60613 24.5
1.61187 27.6774
1.61761 27.96
1.62334 30.5
1.62908 24.6667
1.63481 25.7407
1.64055 30.3043
1.64629 27.3182
1.65202 24.8621
1.65776 27
1.6635 31.9375
1.66923 27.0645
1.67497 34.4286
1.6807 26.8
1.68644 28.1071
1.69218 33.6786
1.69791 35.24
1.70365 26.7727
1.70938 27.7742
1.71512 31.8519
1.72086 18.8125
1.72659 22.697
1.73233 25.3103
1.73807 25.2609
1.7438 25.2308
1.74954 34.7931
1.75527 33.2963
1.76101 28.8421
1.76675 26.3636
1.77248 26.1786
1.77822 26.2
1.78396 34.3667
1.78969 27.6452
1.79543 27.1111
1.80116 22.5833
1.8069 25.9355
1.81264 27.9655
1.81837 27.7222
1.82411 31.0857
1.82984 27.931
1.83558 33.6
1.84132 28.6923
1.84705 32.7742
1.85279 30
1.85853 34.2174
1.86426 30.7879
1.87 35.0333
1.87573 26.2353
1.88147 31.9143
1.88721 31.9697
1.89294 29.1111
1.89868 32.4231
1.90442 31.2424
1.91015 32.8064
1.91589 34.15
1.92162 40.2
1.92736 36.871
1.9331 41.2
1.93883 46.25
1.94457 42.3939
1.9503 37.6333
1.95604 36.9167
1.96178 28.8824
1.96751 36.5938
1.97325 24.4
1.97899 33.1892
1.98472 33.9091
1.99046 24.8276
1.99619 29.0769
2.00193 24.6571
2.00767 32.0645
2.0134 32.5417
2.01914 26.0571
2.02488 33.5758
2.03061 29
2.03635 36.9062
2.04208 28.2353
2.04782 25.875
2.05356 30.25
2.05929 28.5
2.06503 33.0294
2.07076 31.1818
2.0765 31.0811
2.08224 32.2857
2.08797 35.9655
2.09371 39.7143
2.09945 30.3514
2.10518 32.1515
2.11092 31.75
2.11665 29.7568
2.12239 28.7143
2.12813 33.4783
2.13386 33.1351
2.1396 28.3333
2.14534 31.6875
2.15107 29.1154
2.15681 36.1316
2.16254 34.4722
2.16828 32.3182
2.17402 37.5641
2.17975 36.5405
2.18549 36.1936
2.19122 36.3333
2.19696 35.2432
2.2027 41.6857
2.20843 43.8333
2.21417 74.1026
2.21991 77.7027
2.22564 32.5455
2.23138 45.4
2.23711 35.2105
2.24285 31.8235
2.24859 33.6071
2.25432 34.9474
2.26006 36.5385
2.2658 33.6818
2.27153 38.1951
2.27727 36.3077
2.283 34.0645
2.28874 36.5
2.29448 35.2051
2.30021 34.1622
2.30595 38.5385
2.31168 35.3333
2.31742 37.15
2.32316 31.1364
2.32889 40.4286
2.33463 42.95
2.34037 40.5556
2.3461 39.6429
2.35184 51.6429
2.35757 48.5946
2.36331 47.7692
2.36905 48.2683
2.37478 44.439
2.38052 45.7742
2.38626 46.0588
2.39199 42.0233
2.39773 37.3784
2.40346 37.5385
2.4092 36.8409
2.41494 35.325
2.42067 33.3636
2.42641 35.7727
2.43214 37.1905
2.43788 35.5714
2.44362 36.1936
2.44935 42.6222
2.45509 37.1538
2.46083 35.1154
2.46656 37.6
2.4723 36.2195
2.47803 34.069
2.48377 30.275
2.48951 39.5116
2.49524 34.8718
2.50098 39.8462
2.50672 39.3696
2.51245 36.2143
2.51819 39.4583
2.52392 40.6957
2.52966 35.5682
2.5354 37.1212
2.54113 36.9714
2.54687 38.8889
2.5526 38.878
2.55834 36.1923
2.56408 37.2766
2.56981 39.0233
2.57555 40.4483
2.58129 38.4524
2.58702 40.5556
2.59276 39.8649
2.59849 40.2727
2.60423 43.4565
2.60997 39.8182
2.6157 42
2.62144 36.9375
2.62718 38.3478
2.63291 39.4571
2.63865 37.6389
2.64438 37.7021
2.65012 39.2683
2.65586 37.7
2.66159 33.6809
2.66733 40.8444
2.67306 37.68
2.6788 34.8125
2.68454 39.1875
2.69027 41.5641
2.69601 39.3939
2.70175 38.8125
2.70748 37
2.71322 37.5556
2.71895 38.0417
2.72469 42.9167
2.73043 39.3429
2.73616 37.8947
2.7419 41.1429
2.74764 39.0698
2.75337 39.3333
2.75911 41.4694
2.76484 41.4694
2.77058 39.9583
2.77632 40.9796
2.78205 36.76
2.78779 39.4103
2.79352 41.4571
2.79926 42.5192
2.805 38.5778
2.81073 42
2.81647 40.1923
2.82221 41.6735
2.82794 39.3514
2.83368 41.2632
2.83941 34.7925
2.84515 34
2.85089 43.2812
2.85662 45.3585
2.86236 39.5306
2.8681 39.6667
2.87383 41.5
2.87957 42.94
2.8853 45.5122
2.89104 44.8108
2.89678 44.0385
2.90251 38.8889
2.90825 41.4483
2.91398 45.8148
2.91972 45.4314
2.92546 45.7568
2.93119 42.1667
2.93693 41.5283
2.94267 41.2667
2.9484 46
2.95414 48.3208
2.95987 45.6939
2.96561 40.1111
2.97135 44.75
2.97708 48.7222
2.98282 46.6667
2.98856 45.359
2.99429 47.3519
3.00003 40.8298
3.00576 45.7742
3.0115 45.5273
3.01724 46.5472
3.02297 41.2432
3.02871 44.0682
3.03444 41.4727
3.04018 49.4444
3.04592 41.0294
3.05165 47.6182
3.05739 52.6275
3.06313 50.0345
3.06886 50.1429
3.0746 50.7818
3.08033 53.8409
3.08607 54.7027
3.09181 54.25
3.09754 57.449
3.10328 59.9677
3.10902 69.1017
3.11475 65.3019
3.12049 60.7436
3.12622 54.1522
3.13196 54.6727
3.1377 59.7447
3.14343 60.3611
3.14917 59.3276
3.1549 57.9412
3.16064 51.1724
3.16638 52.7333
3.17211 54.3636
3.17785 55.1136
3.18359 56.7561
3.18932 49.5345
3.19506 54.5102
3.20079 52.5588
3.20653 57.8644
3.21227 56.1132
3.218 54
3.22374 62.875
3.22948 57.6441
3.23521 58.9556
3.24095 59.6154
3.24668 63.9333
3.25242 64.3019
3.25816 61.5
3.26389 59.0702
3.26963 64.3333
3.27536 66.6739
3.2811 57.9268
3.28684 68.3833
3.29257 65.8571
3.29831 68.6667
3.30405 68.3175
3.30978 76.6364
3.31552 82.2093
3.32125 84.625
3.32699 84.2105
3.33273 86.7647
3.33846 84.1538
3.3442 82.7097
3.34994 82.9412
3.35567 81.5789
3.36141 77.6271
3.36714 76.7193
3.37288 74.9375
3.37862 74.9302
3.38435 77.2951
3.39009 81.6981
3.39582 75.1111
3.40156 75.0794
3.4073 78.5091
3.41303 78.1915
3.41877 77.7083
3.42451 78.4262
3.43024 76.64
3.43598 77.1951
3.44171 74.0952
3.44745 77.3929
3.45319 73.4762
3.45892 74.8727
3.46466 83.3898
3.4704 76.96
3.47613 83.5116
3.48187 85.6667
3.4876 78.9434
3.49334 82.7105
3.49908 86.7015
3.50481 87.5789
3.51055 85.9362
3.51628 93.7255
3.52202 97.0984
3.52776 102.759
3.53349 112.659
3.53923 129.431
3.54497 155.778
3.5507 168.938
3.55644 166.473
3.56217 140.932
3.56791 113.788
3.57365 107.978
3.57938 106.738
3.58512 104.691
3.59086 99.0526
3.59659 104.254
3.60233 103.305
3.60806 106.353
3.6138 107.918
3.61954 111.762
3.62527 118.929
3.63101 119.244
3.63674 128.567
3.64248 152.103
3.64822 164.625
3.65395 176.333
3.65969 177.148
3.66543 162.778
3.67116 155.457
3.6769 154.73
3.68263 158.328
3.68837 153.526
3.69411 155.87
3.69984 151.712
3.70558 154
3.71132 151.863
3.71705 158.354
3.72279 167.732
3.72852 160.233
3.73426 173.299
3.74 168.823
3.74573 175.68
3.75147 185.273
3.7572 181.587
3.76294 194.695
3.76868 192.977
3.77441 207.731
3.78015 216.644
3.78589 226.468
3.79162 232.391
3.79736 254.797
3.80309 263.036
3.80883 281.294
3.81457 305.8
3.8203 343.433
3.82604 361.419
3.83178 416.261
3.83751 520.21
3.84325 673.732
3.84898 936.264
3.85472 1578.83
3.86046 1303.66
3.86619 1229.15
3.87193 1536.17
3.87766 2067.95
3.8834 2614.55
3.88914 3278.93
3.89487 4001.09
3.90061 3794.87
3.90635 3188.55
3.91208 2406.97
3.91782 1686.62
3.92355 1270.22
3.92929 1006.07
3.93503 792.875
3.94076 646.276
3.9465 555.685
3.95224 490.284
3.95797 432.762
3.96371 385.63
3.96944 353.831
3.97518 333.365
3.98092 303.946
3.98665 286.414
3.99239 279.456
3.99812 266.242
4.00386 250.735
4.0096 242.464
4.01533 234.734
4.02107 225.74
4.02681 228.47
4.03254 230.667
4.03828 221.667
4.04401 216.288
4.04975 207.831
4.05549 199.954
4.06122 189.435
4.06696 188.913
4.0727 187.286
4.07843 180.433
4.08417 179.625
4.0899 177.765
4.09564 179.797
4.10138 170.42
4.10711 171.889
4.11285 175.939
4.11858 164.286
4.12432 166.968
4.13006 160.162
4.13579 166.143
4.14153 166.846
4.14727 161.575
4.153 166.955
4.15874 155.727
4.16447 162.973
4.17021 163.097
4.17595 157.968
4.18168 156.268
4.18742 159.143
4.19316 159.273
4.19889 159.66
4.20463 157.324
4.21036 160.147
4.2161 155.533
4.22184 155.828
4.22757 158.778
4.23331 153.418
4.23904 154
4.24478 161.533
4.25052 164.884
4.25625 159.054
4.26199 160.828
4.26773 160.028
4.27346 168.288
4.2792 161.196
4.28493 155.306
4.29067 165.271
4.29641 160.958
4.30214 164.474
4.30788 169.7
4.31362 167.125
4.31935 170.196
4.32509 174.351
4.33082 176.536
4.33656 179.32
4.3423 176.827
4.34803 186.095
4.35377 185.952
4.3595 188.717
4.36524 198.797
4.37098 207.186
4.37671 213.056
4.38245 213.743
4.38819 225.097
4.39392 232.702
4.39966 242.29
4.40539 256.569
4.41113 283.485
4.41687 291.148
4.4226 339.143
4.42834 507.452
4.43408 768.938
4.43981 1679.56
4.44555 5096.53
4.45128 2153.68
4.45702 4566.31
4.46276 1234.13
4.46849 679.764
4.47423 648.167
4.47996 662.75
4.4857 710.892
4.49144 759.031
4.49717 805.063
4.50291 820.5
4.50865 803.029
4.51438 730.346
4.52012 644.114
4.52585 537.44
4.53159 454.544
4.53733 396.394
4.54306 346.475
4.5488 307.388
4.55454 275.316
4.56027 246.712
4.56601 229.014
4.57174 210.712
4.57748 199.103
4.58322 180.231
4.58895 176.179
4.59469 165.459
4.60042 162.936
4.60616 156.907
4.6119 155.94
4.61763 150.265
4.62337 152.064
4.62911 141.556
4.63484 142.2
4.64058 133.841
4.64631 133.167
4.65205 126.036
4.65779 123.075
4.66352 130.923
4.66926 124.344
4.675 119.028
4.68073 122.538
4.68647 120.37
4.6922 118.491
4.69794 118.012
4.70368 122.182
4.70941 116.76
4.71515 119.565
4.72088 123.062
4.72662 125.159
4.73236 120.619
4.73809 122.122
4.74383 122.615
4.74957 116.385
4.7553 114.952
4.76104 113.275
4.76677 108.493
4.77251 107.431
4.77825 104.537
4.78398 99.64
4.78972 100.564
4.79546 95.6588
4.80119 99.6582
4.80693 96.4615
4.81266 93.5634
4.8184 92.7976
4.82414 94.4247
4.82987 88.5246
4.83561 90.0833
4.84134 93.85
4.84708 91.1321
4.85282 93.2824
4.85855 90.1341
4.86429 89.9437
4.87003 83.1967
4.87576 88.8605
4.8815 88.2051
4.88723 79.8704
4.89297 90.8118
4.89871 86.2976
4.90444 87.7747
4.91018 81.3284
4.91592 83.6905
4.92165 83.3418
4.92739 80.3333
4.93312 82.5465
4.93886 83.5357
4.9446 86.3731
4.95033 84.3662
4.95607 83.3721
4.9618 86.3117
4.96754 84.1186
4.97328 83.9419
4.97901 83.6265
4.98475 83.7377
4.99049 82
4.99622 79.6136
5.00196 84.4931
5.00769 77.9206
5.01343 77.4205
5.01917 82.0241
5.0249 77.2642
5.03064 74.5333
5.03638 75.1628
5.04211 79.32
5.04785 79.6615
5.05358 77.1977
5.05932 79.963
5.06506 80.4035
5.07079 80.7727
5.07653 78.6092
5.08226 78.5493
5.088 80.4084
5.09374 82.2222
5.09947 83.8571
5.10521 78.4286
5.11095 76.9333
5.11668 75.4353
5.12242 76.6061
5.12815 79.3247
5.13389 80.3222
5.13963 76.7403
5.14536 72.3934
5.1511 79.3152
5.15684 81.4819
5.16257 82.4032
5.16831 81.5119
5.17404 85.6854
5.17978 84.4872
5.18552 78.8657
5.19125 78.7667
5.19699 78.4819
5.20272 79.7966
5.20846 82.5
5.2142 79.5393
5.21993 80.2632
5.22567 79.0725
5.23141 81.9022
5.23714 80.1852
5.24288 79.5738
5.24861 81.6848
5.25435 79.427
5.26009 80.8571
5.26582 78.4342
5.27156 79.6813
5.2773 80.8875
5.28303 77.0462
5.28877 78.7447
5.2945 82.7701
5.30024 84.0278
5.30598 79.8861
5.31171 81.8427
5.31745 81.6829
5.32318 79.3077
5.32892 80.4681
5.33466 85.1379
5.34039 75.0606
5.34613 79.9529
5.35187 78.2088
5.3576 79.4938
5.36334 78.3582
5.36907 82.4271
5.37481 86.9529
5.38055 92.0164
5.38628 91.1458
5.39202 97.6593
5.39776 104.238
5.40349 99.2394
5.40923 92.0104
5.41496 85.1481
5.4207 80.8254
5.42644 81.3673
5.43217 78.2809
5.43791 83.3333
5.44364 83.0411
5.44938 88.0928
5.45512 86.1951
5.46085 85.7463
5.46659 81.3367
5.47233 80.7528
5.47806 83.1974
5.4838 82.4074
5.48953 77.2258
5.49527 80.9881
5.50101 77.9254
5.50674 81.2449
5.51248 79.1685
5.51822 82.5405
5.52395 75.7108
5.52969 80.871
5.53542 81.4881
5.54116 81.5
5.5469 81.1515
5.55263 80.3111
5.55837 79.7917
5.5641 80.9101
5.56984 81.6021
5.57558 81.4643
5.58131 76.589
5.58705 79.6465
5.59279 80.8977
5.59852 80.4762
5.60426 80.25
5.60999 82.4194
5.61573 81.2073
5.62147 81.44
5.6272 79.0206
5.63294 84.7209
5.63868 82.209
5.64441 84.7353
5.65015 79.9032
5.65588 79.1786
5.66162 80.7662
5.66736 81.8384
5.67309 82.3488
5.67883 80.2899
5.68456 87.3069
5.6903 82.6889
5.69604 85.0366
5.70177 87.2048
5.70751 84.5684
5.71325 83.625
5.71898 84.9155
5.72472 84.9596
5.73045 86.9677
5.73619 88
5.74193 86.4607
5.74766 91.6105
5.7534 89.0909
5.75914 91.7042
5.76487 88.7129
5.77061 92.3298
5.77634 95.2308
5.78208 95.9775
5.78782 93.9691
5.79355 95.7558
5.79929 92.1067
5.80502 94.5446
5.81076 97.2174
5.8165 91.7162
5.82223 91
5.82797 91.8775
5.83371 91.0233
5.83944 91.8228
5.84518 90.7778
5.85091 94.9896
5.85665 93.8769
5.86239 92.181
5.86812 91.2653
5.87386 91.5
5.8796 90.3671
5.88533 90.5545
5.89107 94.2174
5.8968 96.8986
5.90254 94.3048
5.90828 96.8163
5.91401 96.3605
5.91975 94.9398
5.92548 98.1919
5.93122 98.234
5.93696 97.2329
5.94269 98.2857
5.94843 96.8542
5.95417 98.0568
5.9599 97.7176
5.96564 100.828
5.97137 101.426
5.97711 105.041
5.98285 105.32
5.98858 110.296
5.99432 108.143
6.00006 110.843
6.00579 112.424
6.01153 114.691
6.01726 116.64
6.023 113.781
6.02874 113.667
6.03447 115.909
6.04021 108.378
6.04594 107.796
6.05168 109.146
6.05742 111.909
6.06315 114.829
6.06889 109.615
6.07463 113.988
6.08036 110.521
6.0861 111.235
6.09183 117.146
6.09757 121.628
6.10331 118.142
6.10904 119.115
6.11478 119.512
6.12052 120.333
6.12625 126.03
6.13199 124.723
6.13772 125.89
6.14346 125.951
6.1492 126.46
6.15493 133.688
6.16067 131.539
6.1664 134.408
6.17214 137.287
6.17788 142.786
6.18361 139.088
6.18935 145.626
6.19509 150.627
6.20082 153.688
6.20656 159.363
6.21229 168.635
6.21803 173.841
6.22377 178.623
6.2295 183.85
6.23524 194.147
6.24098 185.239
6.24671 187.794
6.25245 209.968
6.25818 222.012
6.26392 220.343
6.26966 304.686
6.27539 619.027
6.28113 350.147
6.28686 2173.5
6.2926 7920.97
6.29834 1701.84
6.30407 3911.71
6.30981 2580.11
6.31555 1617.9
6.32128 618.389
6.32702 440.327
6.33275 405.031
6.33849 387.08
6.34423 396.106
6.34996 423.5
6.3557 478.564
6.36144 517.565
6.36717 604.712
6.37291 682.379
6.37864 700.444
6.38438 660.585
6.39012 586.098
6.39585 512.987
6.40159 445.685
6.40732 375.935
6.41306 333.309
6.4188 296.011
6.42453 264.783
6.43027 241.108
6.43601 228.902
6.44174 219.925
6.44748 208.5
6.45321 203.947
6.45895 202.174
6.46469 202.324
6.47042 193.573
6.47616 192.345
6.4819 179.836
6.48763 174.593
6.49337 165.925
6.4991 165.432
6.50484 159.37
6.51058 155.843
6.51631 151.095
6.52205 148.636
6.52778 145.009
6.53352 152.772
6.53926 147.177
6.54499 153.602
6.55073 152.99
6.55647 149.226
6.5622 151.717
6.56794 150.269
6.57367 154.677
6.57941 152
6.58515 149.911
6.59088 145
6.59662 142.988
6.60236 138.939
6.60809 140.481
6.61383 141.624
6.61956 134.031
6.6253 135.348
6.63104 134.588
6.63677 135.628
6.64251 135.184
6.64824 134.514
6.65398 140.198
6.65972 137.529
6.66545 138.429
6.67119 142.298
6.67693 144.802
6.68266 142.767
6.6884 139.12
6.69413 147.055
6.69987 134.942
6.70561 136.589
6.71134 135.24
6.71708 134.58
6.72282 135.684
6.72855 135.407
6.73429 137.539
6.74002 137.425
6.74576 134.93
6.7515 134.194
6.75723 132.067
6.76297 134.267
6.7687 132.982
6.77444 132.551
6.78018 130.01
6.78591 133.836
6.79165 130.654
6.79739 131.494
6.80312 129.535
6.80886 128.911
6.81459 133.143
6.82033 133.838
6.82607 134.216
6.8318 135.448
6.83754 133.864
6.84328 131.162
6.84901 135.938
6.85475 133.088
6.86048 133.56
6.86622 133.155
6.87196 132.318
6.87769 137.977
6.88343 130.941
6.88916 133.544
6.8949 134.747
6.90064 133.858
6.90637 134.675
6.91211 136.187
6.91785 134.414
6.92358 137.322
6.92932 131.575
6.93505 136.573
6.94079 131.867
6.94653 135.491
6.95226 135.439
6.958 133.11
6.96374 138.625
6.96947 135.658
6.97521 137.791
6.98094 141.297
6.98668 139.931
6.99242 137.844
6.99815 137.337
7.00389 138.475
7.00962 139.164
7.01536 140.707
7.0211 140.836
7.02683 140.033
7.03257 143.804
7.03831 139.817
7.04404 141.631
7.04978 142.026
7.05551 142.149
7.06125 142.963
7.06699 142.926
7.07272 143.78
7.07846 145.82
7.0842 145.336
7.08993 142.983
7.09567 147.226
7.1014 149.027
7.10714 153.496
7.11288 153.569
7.11861 150.793
7.12435 155.565
7.13008 155.333
7.13582 157.302
7.14156 156.261
7.14729 157.675
7.15303 159.284
7.15877 155.366
7.1645 152.919
7.17024 153.496
7.17597 160.092
7.18171 156.159
7.18745 162.549
7.19318 161.063
7.19892 160.728
7.20466 162.85
7.21039 163.641
7.21613 166.525
7.22186 168.468
7.2276 167.532
7.23334 171.324
7.23907 172.659
7.24481 172.056
7.25054 173.118
7.25628 178.56
7.26202 174.694
7.26775 181.115
7.27349 181.577
7.27923 178.925
7.28496 184.118
7.2907 186.555
7.29643 190.35
7.30217 188.88
7.30791 194.548
7.31364 205.291
7.31938 196.899
7.32512 204.485
7.33085 212.744
7.33659 223.077
7.34232 214.219
7.34806 227.223
7.3538 250.964
7.35953 241.215
7.36527 268.5
7.371 359.256
7.37674 976.702
7.38248 525.473
7.38821 3393.69
7.39395 2848.99
7.39969 3626.26
7.40542 1680.28
7.41116 1156.15
7.41689 745.906
7.42263 487.832
7.42837 425.73
7.4341 439.655
7.43984 432.933
7.44558 428.679
7.45131 469.025
7.45705 522.009
7.46278 562.019
7.46852 637.977
7.47426 715.508
7.47999 766.167
7.48573 760.977
7.49146 700
7.4972 616.809
7.50294 529.757
7.50867 459.602
7.51441 397.084
7.52015 351.484
7.52588 315.735
7.53162 284.752
7.53735 261.92
7.54309 246.777
7.54883 232.803
7.55456 217.168
7.5603 219.822
7.56604 208.778
7.57177 195.976
7.57751 192.496
7.58324 184.588
7.58898 183.053
7.59472 180.402
7.60045 176.27
7.60619 171.927
7.61192 170.07
7.61766 170.216
7.6234 169.554
7.62913 166.917
7.63487 168.231
7.64061 171.186
7.64634 166.358
7.65208 163.357
7.65781 166.672
7.66355 164.306
7.66929 160.769
7.67502 164.492
7.68076 166.651
7.6865 166.403
7.69223 170.16
7.69797 177.593
7.7037 176.782
7.70944 202.53
7.71518 362.39
7.72091 642.8
7.72665 1112.56
7.73238 2195.16
7.73812 512.016
7.74386 269.724
7.74959 249.812
7.75533 218.238
7.76107 208.64
7.7668 215.57
7.77254 225.527
7.77827 242.746
7.78401 255.919
7.78975 278.141
7.79548 307.133
7.80122 344.922
7.80696 371.928
7.81269 395.226
7.81843 384.774
7.82416 362.495
7.8299 322.121
7.83564 272.797
7.84137 243.41
7.84711 220.564
7.85284 198.802
7.85858 185.906
7.86432 175
7.87005 164.101
7.87579 162.664
7.88153 154.221
7.88726 143.168
7.893 146.4
7.89873 136.312
7.90447 134.382
7.91021 134.812
7.91594 130.931
7.92168 130.117
7.92742 124.151
7.93315 128.818
7.93889 125.504
7.94462 125
7.95036 127.017
7.9561 124.068
7.96183 121.286
7.96757 118.276
7.9733 122.511
7.97904 117.1
7.98478 119.384
7.99051 116.84
7.99625 120.812
8.00199 116.476
8.00772 119.069
8.01346 117.612
8.01919 113.654
8.02493 118.571
8.03067 114.327
8.0364 118.096
8.04214 113.835
8.04788 109.816
8.05361 111
8.05935 110.669
8.06508 111.822
8.07082 111.034
8.07656 110.197
8.08229 110.68
8.08803 107.818
8.09376 101.783
8.0995 97.7576
8.10524 96.5122
8.11097 88.4248
8.11671 81.3116
8.12245 73.0078
8.12818 70.964
8.13392 68.1742
8.13965 61.1022
8.14539 57.9758
8.15113 53.2793
8.15686 26.0438
8.1626 30.0123
8.16834 25.678
8.17407 21.5789
8.17981 3.47368
8.18554 0
8.19128 0
8.19702 0
8.20275 0
8.20849 0
8.21422 0
8.21996 0
8.2257 0
8.23143 0
8.23717 0
8.24291 0
8.24864 0
8.25438 0
8.26011 0
8.26585 0
8.27159 0
8.27732 0
8.28306 0
8.2888 0
8.29453 0
8.30027 0
8.306 0
8.31174 0
8.31748 0
8.32321 0
8.32895 0
8.33468 0
8.34042 0
8.34616 0
8.35189 0
8.35763 0
8.36337 0
8.3691 0
8.37484 0
8.38057 0
8.38631 0
8.39205 0
8.39778 0
8.40352 0
8.40926 0
8.41499 0
8.42073 0
8.42646 0
8.4322 0
8.43794 0
8.44367 0
8.44941 0
8.45514 0
8.46088 0
8.46662 0
8.47235 0
8.47809 0
8.48383 0
8.48956 0
8.4953 0
8.50103 0
8.50677 0
8.51251 0
8.51824 0
8.52398 0
8.52972 0
8.53545 0
8.54119 0
8.54692 0
8.55266 0
8.5584 0
8.56413 0
8.56987 0
8.5756 0
8.58134 0
8.58708 0
8.59281 0
8.59855 0
8.60429 0
8.61002 0
8.61576 0
8.62149 0
8.62723 0
8.63297 0
8.6387 0
8.64444 0
8.65018 0
8.65591 0
8.66165 0
8.66738 0
8.67312 0
8.67886 0
8.68459 0
8.69033 0
8.69606 0
8.7018 0
8.70754 0
8.71327 0
8.71901 0
8.72475 0
8.73048 0
8.73622 0
8.74195 0
8.74769 0
8.75343 0
8.75916 0
8.7649 0
8.77064 0
8.77637 0
8.78211 0
8.78784 0
8.79358 0
8.79932 0
8.80505 0
8.81079 0
8.81652 0
8.82226 0
8.828 0
8.83373 0
8.83947 0
8.84521 0
8.85094 0
8.85668 0
8.86241 0
8.86815 0
8.87389 0
8.87962 0
8.88536 0
8.8911 0
8.89683 0
8.90257 0
8.9083 0
8.91404 0
8.91978 0
8.92551 0
8.93125 0
8.93698 0
8.94272 0
8.94846 0
8.95419 0
8.95993 0
8.96567 0
8.9714 0
8.97714 0
8.98287 0
8.98861 0
8.99435 0
9.00008 0
9.00582 0
9.01156 0
9.01729 0
9.02303 0
9.02876 0
9.0345 0
9.04024 0
9.04597 0
9.05171 0
9.05744 0
9.06318 0
9.06892 0
9.07465 0
9.08039 0
9.08613 0
9.09186 0
9.0976 0
9.10333 0
9.10907 0
9.11481 0
9.12054 0
9.12628 0
9.13202 0
9.13775 0
9.14349 0
9.14922 0
9.15496 0
9.1607 0
9.16643 0
9.17217 0
9.1779 0
9.18364 0
9.18938 0
9.19511 0
9.20085 0
9.20659 0
9.21232 0
9.21806 0
9.22379 0
9.22953 0
9.23527 0
9.241 0
9.24674 0
9.25248 0
9.25821 0
9.26395 0
9.26968 0
9.27542 0
9.28116 0
9.28689 0
9.29263 0
9.29836 0
9.3041 0
9.30984 0
9.31557 0
9.32131 0
9.32705 0
9.33278 0
9.33852 0
9.34425 0
9.34999 0
9.35573 0
9.36146 0
9.3672 0
9.37294 0
9.37867 0
9.38441 0
9.39014 0
9.39588 0
9.40162 0
9.40735 0
9.41309 0
9.41882 0
9.42456 0
9.4303 0
9.43603 0
9.44177 0
9.44751 0
9.45324 0
9.45898 0
9.46471 0
9.47045 0
9.47619 0
9.48192 0
9.48766 0
9.4934 0
9.49913 0
9.50487 0
9.5106 0
9.51634 0
9.52208 0
9.52781 0
9.53355 0
9.53928 0
9.54502 0
9.55076 0
9.55649 0
9.56223 0
9.56797 0
9.5737 0
9.57944 0
9.58517 0
9.59091 0
9.59665 0
9.60238 0
9.60812 0
9.61386 0
9.61959 0
9.62533 0
9.63106 0
9.6368 0
9.64254 0
9.64827 0
9.65401 0
9.65974 0
9.66548 0
9.67122 0
9.67695 0
9.68269 0
9.68843 0
9.69416 0
9.6999 0
9.70563 0
9.71137 0
9.71711 0
9.72284 0
9.72858 0
9.73432 0
9.74005 0
9.74579 0
9.75152 0
9.75726 0
9.763 0
9.76873 0
9.77447 0
9.7802 0
9.78594 0
9.79168 0
9.79741 0
9.80315 0
9.80889 0
9.81462 0
9.82036 0
9.82609 0
9.83183 0
9.83757 0
9.8433 0
9.84904 0
9.85478 0
9.86051 0
9.86625 0
9.87198 0
9.87772 0
9.88346 0
9.88919 0
9.89493 0
9.90066 0
9.9064 0
9.91214 0
9.91787 0
9.92361 0
9.92935 0
9.93508 0
9.94082 0
9.94655 0
9.95229 0
9.95803 0
9.96376 0
9.9695 0
9.97524 0
9.98097 0
9.98671 0
9.99244 0
9.99818 0
10.0039 0
10.0097 0
10.0154 0
10.0211 0
10.0269 0
10.0326 0
10.0383 0
10.0441 0
10.0498 0
10.0555 0
10.0613 0
10.067 0
10.0728 0
10.0785 0
10.0842 0
10.09 0
10.0957 0
10.1014 0
10.1072 0
10.1129 0
10.1186 0
10.1244 0
10.1301 0
10.1358 0
10.1416 0
10.1473 0
10.1531 0
10.1588 0
10.1645 0
10.1703 0
10.176 0
10.1817 0
10.1875 0
10.1932 0
10.1989 0
10.2047 0
10.2104 0
10.2162 0
10.2219 0
10.2276 0
10.2334 0
10.2391 0
10.2448 0
10.2506 0
10.2563 0
10.262 0
10.2678 0
10.2735 0
10.2793 0
10.285 0
10.2907 0
10.2965 0
10.3022 0
10.3079 0
10.3137 0
10.3194 0
10.3251 0
10.3309 0
10.3366 0
10.3424 0
10.3481 0
10.3538 0
10.3596 0
10.3653 0
10.371 0
10.3768 0
10.3825 0
10.3882 0
10.394 0
10.3997 0
10.4054 0
10.4112 0
10.4169 0
10.4227 0
10.4284 0
10.4341 0
10.4399 0
10.4456 0
10.4513 0
10.4571 0
10.4628 0
10.4685 0
10.4743 0
10.48 0
10.4858 0
10.4915 0
10.4972 0
10.503 0
10.5087 0
10.5144 0
10.5202 0
10.5259 0
10.5316 0
10.5374 0
10.5431 0
10.5489 0
10.5546 0
10.5603 0
10.5661 0
10.5718 0
10.5775 0
10.5833 0
10.589 0
10.5947 0
10.6005 0
10.6062 0
10.612 0
10.6177 0
10.6234 0
10.6292 0
10.6349 0
10.6406 0
10.6464 0
10.6521 0
10.6578 0
10.6636 0
10.6693 0
10.6751 0
10.6808 0
10.6865 0
10.6923 0
10.698 0
10.7037 0
10.7095 0
10.7152 0
10.7209 0
10.7267 0
10.7324 0
10.7381 0
10.7439 0
10.7496 0
10.7554 0
10.7611 0
10.7668 0
10.7726 0
10.7783 0
10.784 0
10.7898 0
10.7955 0
10.8012 0
10.807 0
10.8127 0
10.8185 0
10.8242 0
10.8299 0
10.8357 0
10.8414 0
10.8471 0
10.8529 0
10.8586 0
10.8643 0
10.8701 0
10.8758 0
10.8816 0
10.8873 0
10.893 0
10.8988 0
10.9045 0
10.9102 0
10.916 0
10.9217 0
10.9274 0
10.9332 0
10.9389 0
10.9447 0
10.9504 0
10.9561 0
10.9619 0
10.9676 0
10.9733 0
10.9791 0
10.9848 0
10.9905 0
10.9963 0
11.002 0
11.0077 0
11.0135 0
11.0192 0
11.025 0
11.0307 0
11.0364 0
11.0422 0
11.0479 0
11.0536 0
11.0594 0
11.0651 0
11.0708 0
11.0766 0
11.0823 0
11.0881 0
11.0938 0
11.0995 0
11.1053 0
11.111 0
11.1167 0
11.1225 0
11.1282 0
11.1339 0
11.1397 0
11.1454 0
11.1512 0
11.1569 0
11.1626 0
11.1684 0
11.1741 0
11.1798 0
11.1856 0
11.1913 0
11.197 0
11.2028 0
11.2085 0
11.2143 0
11.22 0
11.2257 0
11.2315 0
11.2372 0
11.2429 0
11.2487 0
11.2544 0
11.2601 0
11.2659 0
11.2716 0
11.2774 0
11.2831 0
11.2888 0
11.2946 0
11.3003 0
11.306 0
11.3118 0
11.3175 0
11.3232 0
11.329 0
11.3347 0
11.3404 0
11.3462 0
11.3519 0
11.3577 0
11.3634 0
11.3691 0
11.3749 0
11.3806 0
11.3863 0
11.3921 0
11.3978 0
11.4035 0
11.4093 0
11.415 0
11.4208 0
11.4265 0
11.4322 0
11.438 0
11.4437 0
11.4494 0
11.4552 0
11.4609 0
11.4666 0
11.4724 0
11.4781 0
11.4839 0
11.4896 0
11.4953 0
11.5011 0
11.5068 0
11.5125 0
11.5183 0
11.524 0
11.5297 0
11.5355 0
11.5412 0
11.547 0
11.5527 0
11.5584 0
11.5642 0
11.5699 0
11.5756 0
11.5814 0
11.5871 0
11.5928 0
11.5986 0
11.6043 0
11.61 0
11.6158 0
11.6215 0
11.6273 0
11.633 0
11.6387 0
11.6445 0
11.6502 0
11.6559 0
11.6617 0
11.6674 0
11.6731 0
11.6789 0
11.6846 0
11.6904 0
11.6961 0
11.7018 0
11.7076 0
11.7133 0
11.719 0
11.7248 0
11.7305 0
11.7362 0
11.742 0
