0 0
0.00573619 -25
0.0114724 -3
0.0172086 0
0.0229448 -6
0.028681 -23
0.0344171 0
0.0401533 -11
0.0458895 16
0.0516257 -7
0.0573619 0
0.0630981 -1
0.0688343 25
0.0745705 0
0.0803067 16
0.0860429 10
0.091779 0
0.0975152 -3.33333
0.103251 4
0.108988 9.66667
0.114724 0
0.12046 -13
0.126196 13
0.131932 0
0.137669 -9
0.143405 1.66667
0.149141 0
0.154877 -1
0.160613 1.33333
0.16635 -8
0.172086 0
0.177822 2
0.183558 3.25
0.189294 0
0.19503 7.2
0.200767 -4
0.206503 16.6667
0.212239 0.5
0.217975 3.8
0.223711 0.6
0.229448 0
0.235184 -7.2
0.24092 5.4
0.246656 0
0.252392 8.8
0.258129 -10.2
0.263865 -15.4
0.269601 0
0.275337 -2.6
0.281073 -0.857143
0.28681 0
0.292546 19.5714
0.298282 -13.2857
0.304018 16
0.309754 4
0.31549 -0.428571
0.321227 9
0.326963 0
0.332699 3.28571
0.338435 4.42857
0.344171 0
0.349908 -3.28571
0.355644 11.5714
0.36138 5.2
0.367116 -2
0.372852 3.5
0.378589 5.57143
0.384325 -4
0.390061 -3.33333
0.395797 10.1111
0.401533 0
0.40727 1.22222
0.413006 -0.888889
0.418742 10.2857
0.424478 -1
0.430214 15.4444
0.43595 14.8889
0.441687 0
0.447423 21.6667
0.453159 12.3333
0.458895 12.3333
0.464631 13.1429
0.470368 9.27273
0.476104 12.1111
0.48184 33.5
0.487576 16.7273
0.493312 16.0909
0.499049 0
0.504785 11.0909
0.510521 6.81818
0.516257 10.2
0.521993 2.83333
0.52773 16.3636
0.533466 17.5556
0.539202 -1.5
0.544938 11.6364
0.550674 12.9091
0.55641 0
0.562147 13.8333
0.567883 13.6154
0.573619 12.1429
0.579355 5.66667
0.585091 17.2308
0.590828 13.2727
0.596564 9.5
0.6023 14
0.608036 5.53846
0.613772 13.2
0.619509 18.75
0.625245 12.5385
0.630981 13.4444
0.636717 4.5
0.642453 13.9231
0.64819 4.92308
0.653926 16
0.659662 17.0667
0.665398 12.8
0.671134 14.8571
0.67687 23
0.682607 27.0667
0.688343 10.4545
0.694079 8.5
0.699815 24.4
0.705551 15.8
0.711288 19
0.717024 15.5
0.72276 24.4667
0.728496 16.5556
0.734232 24.1667
0.739969 24.8125
0.745705 26.3846
0.751441 25.3333
0.757177 23.7059
0.762913 18.0588
0.76865 16.6
0.774386 15.75
0.780122 15.6471
0.785858 19.3636
0.791594 11
0.79733 20
0.803067 21.0667
0.808803 17
0.814539 21.5882
0.820275 14.1765
0.826011 20.7778
0.831748 24.375
0.837484 21.0556
0.84322 12.6923
0.848956 16.1667
0.854692 18.2632
0.860429 15.1176
0.866165 27
0.871901 20.8125
0.877637 21.5789
0.883373 17
0.88911 14.25
0.894846 17.8947
0.900582 13.0667
0.906318 10.25
0.912054 20.3684
0.91779 19.2353
0.923527 16.7778
0.929263 19.9231
0.934999 19.2
0.940735 17.3846
0.946471 16.125
0.952208 22.0476
0.957944 16.6471
0.96368 24
0.969416 16.2857
0.975152 26.5263
0.980889 14
0.986625 12.75
0.992361 18.6667
0.998097 17.9333
1.00383 13
1.00957 22.4286
1.01531 16
1.02104 22.2
1.02678 22.7059
1.03251 18.3333
1.03825 16.2308
1.04399 28.3333
1.04972 20.8261
1.05546 21.2941
1.0612 26.6667
1.06693 21.5217
1.07267 20.1053
1.0784 27.0769
1.08414 21.4286
1.08988 23.1304
1.09561 24.6
1.10135 23.625
1.10708 21.3913
1.11282 23.2941
1.11856 14
1.12429 23.7917
1.13003 23.381
1.13577 10
1.1415 15.4286
1.14724 15.56
1.15297 21.7333
1.15871 19.1
1.16445 21
1.17018 20.9474
1.17592 16.2308
1.18166 18.6111
1.18739 21.5217
1.19313 23.9333
1.19886 21.6667
1.2046 17.8
1.21034 14
1.21607 27.3333
1.22181 14.5185
1.22754 17.7143
1.23328 22.7059
1.23902 23.8125
1.24475 20.52
1.25049 22.9412
1.25623 26.1667
1.26196 14.3704
1.2677 19.8421
1.27343 12
1.27917 17.8636
1.28491 17.9565
1.29064 14.1765
1.29638 20.4667
1.30212 21.3704
1.30785 21.0556
1.31359 19.4545
1.31932 17.7586
1.32506 20.619
1.3308 15
1.33653 20.1
1.34227 19.72
1.348 23.2105
1.35374 14.3571
1.35948 18.0741
1.36521 15.9524
1.37095 16.3
1.37669 10.6207
1.38242 20.1739
1.38816 20.4118
1.39389 18.6316
1.39963 19.0741
1.40537 20.4
1.4111 25.8571
1.41684 20.6552
1.42258 17.913
1.42831 20.8824
1.43405 20
1.43978 23.84
1.44552 19.381
1.45126 18.5
1.45699 18.3793
1.46273 20.2857
1.46846 18.75
1.4742 24.2258
1.47994 23.6957
1.48567 11.25
1.49141 21.381
1.49715 21.3333
1.50288 24.0909
1.50862 15.0625
1.51435 17.931
1.52009 22.44
1.52583 17.5333
1.53156 17.3333
1.5373 20.08
1.54304 14.4762
1.54877 16.6
1.55451 21.2414
1.56024 16.6957
1.56598 24.6429
1.57172 23.129
1.57745 18.6154
1.58319 23.65
1.58892 16.16
1.59466 12.5556
1.6004 18.68
1.60613 18.6667
1.61187 18
1.61761 25.88
1.62334 22.4286
1.62908 17.2424
1.63481 16.7778
1.64055 17.6522
1.64629 10.3636
1.65202 18.4828
1.65776 19.88
1.6635 15.3125
1.66923 11.8065
1.67497 14.3214
1.6807 21.45
1.68644 20.9643
1.69218 28.3571
1.69791 18.76
1.70365 17.5909
1.70938 15.3871
1.71512 21.1481
1.72086 19.3125
1.72659 24.1818
1.73233 15.2414
1.73807 18.5217
1.7438 18.4615
1.74954 20.6207
1.75527 17.5926
1.76101 21.3684
1.76675 18.5152
1.77248 19.5
1.77822 13.7
1.78396 21.6
1.78969 17.3226
1.79543 20.8889
1.80116 17.5417
1.8069 21.129
1.81264 24.7931
1.81837 22.5
1.82411 16.1714
1.82984 24.1379
1.83558 24
1.84132 18.1923
1.84705 20.3871
1.85279 18.75
1.85853 16.9565
1.86426 18.5152
1.87 22.5333
1.87573 25.8824
1.88147 21.4286
1.88721 19.4545
1.89294 17.5185
1.89868 15.8846
1.90442 23.5758
1.91015 20.0645
1.91589 27.55
1.92162 21.2286
1.92736 26.1935
1.9331 26.32
1.93883 26.5
1.94457 28.8788
1.9503 23.7
1.95604 19.0417
1.96178 22.2059
1.96751 17.1562
1.97325 21.15
1.97899 25.7838
1.98472 16.9697
1.99046 20.8276
1.99619 25.9231
2.00193 18.4857
2.00767 18.2258
2.0134 21.5417
2.01914 18.3429
2.02488 19.3939
2.03061 12.6
2.03635 21.8125
2.04208 20.0294
2.04782 19.125
2.05356 19.0417
2.05929 20.3611
2.06503 18.8529
2.07076 14.6364
2.0765 13.8649
2.08224 17.2571
2.08797 21.2414
2.09371 26.75
2.09945 24.1892
2.10518 17.5455
2.11092 17.5833
2.11665 22.9459
2.12239 21
2.12813 20.3913
2.13386 19.5405
2.1396 16
2.14534 16.5
2.15107 22
2.15681 19.7632
2.16254 23.3889
2.16828 21.2727
2.17402 15.5128
2.17975 22.3514
2.18549 23.9032
2.19122 21.0333
2.19696 24.8108
2.2027 29.3143
2.20843 31.0417
2.21417 48.1795
2.21991 39.8919
2.22564 27
2.23138 19.425
2.23711 17.8158
2.24285 23.8824
2.24859 21.9643
2.25432 19.8421
2.26006 22.359
2.2658 18.0909
2.27153 23.9756
2.27727 22.8718
2.283 25.5806
2.28874 26.5625
2.29448 26.641
2.30021 22.6486
2.30595 20.3462
2.31168 26.5897
2.31742 27.1
2.32316 18.1364
2.32889 21
2.33463 22.825
2.34037 18.6111
2.3461 27.2143
2.35184 28.8095
2.35757 26.6216
2.36331 22.2308
2.36905 27.5122
2.37478 26.9268
2.38052 29.5806
2.38626 27.5882
2.39199 23.4651
2.39773 25.5135
2.40346 25.2308
2.4092 23.4091
2.41494 20.5
2.42067 24.2273
2.42641 20
2.43214 23.3095
2.43788 24.7143
2.44362 25.9355
2.44935 24.6222
2.45509 28.9744
2.46083 18.9231
2.46656 25.5111
2.4723 19.561
2.47803 17
2.48377 23.375
2.48951 23.0465
2.49524 19.6923
2.50098 16.9231
2.50672 24.1087
2.51245 27.7381
2.51819 20.4583
2.52392 20.0217
2.52966 24.8636
2.5354 22.7576
2.54113 25.1714
2.54687 24.3778
2.5526 25.9268
2.55834 29.9231
2.56408 24.9362
2.56981 24
2.57555 25.7586
2.58129 19.4286
2.58702 21.5333
2.59276 21.0811
2.59849 26.7879
2.60423 23.1304
2.60997 29.4091
2.6157 29
2.62144 25.7292
2.62718 22.7609
2.63291 24.8571
2.63865 25.8056
2.64438 25.5957
2.65012 26.4878
2.65586 26.7
2.66159 28.1277
2.66733 19.2
2.67306 28.8
2.6788 23.5417
2.68454 26.3333
2.69027 26.1795
2.69601 26.2121
2.70175 24.875
2.70748 20.0667
2.71322 26.3704
2.71895 29.4792
2.72469 24
2.73043 28.1143
2.73616 26.7368
2.7419 23.5306
2.74764 24.6512
2.75337 23.5
2.75911 26.3878
2.76484 30.5306
2.77058 22.1667
2.77632 26.3469
2.78205 26.08
2.78779 30.3333
2.79352 32.7429
2.79926 27.1154
2.805 28.5333
2.81073 25.037
2.81647 22.8654
2.82221 27.4898
2.82794 26.3514
2.83368 30.6842
2.83941 25.8302
2.84515 24.9512
2.85089 27.1562
2.85662 26.4906
2.86236 27.898
2.8681 28.4583
2.87383 31.0926
2.87957 27.5
2.8853 27.8537
2.89104 32.8649
2.89678 25.4038
2.90251 28.6222
2.90825 27.7931
2.91398 30.1852
2.91972 28.7255
2.92546 24.7027
2.93119 28.5
2.93693 30.0943
2.94267 28.0444
2.9484 30.5312
2.95414 28.3962
2.95987 28.4082
2.96561 27.5185
2.97135 31.2679
2.97708 30.8333
2.98282 27.9744
2.98856 29.4615
2.99429 27.8519
3.00003 26.1915
3.00576 28.4516
3.0115 33.6545
3.01724 33.6792
3.02297 31.1351
3.02871 28.8864
3.03444 33.6727
3.04018 28.6444
3.04592 32.8529
3.05165 31.0727
3.05739 30.2157
3.06313 28.6897
3.06886 30.2857
3.0746 33.3818
3.08033 31.1364
3.08607 31.5405
3.09181 30.625
3.09754 30.7959
3.10328 36.8387
3.10902 38.0508
3.11475 33.9434
3.12049 35.5385
3.12622 32.2174
3.13196 37.7455
3.1377 37.4681
3.14343 37.9444
3.14917 40.0172
3.1549 32.7059
3.16064 37.069
3.16638 35.1667
3.17211 32.2909
3.17785 33.8636
3.18359 32.4634
3.18932 36.2241
3.19506 40.1633
3.20079 34.5294
3.20653 34.0508
3.21227 35.5283
3.218 37.0976
3.22374 40.4167
3.22948 34.8136
3.23521 35.8
3.24095 42.359
3.24668 35.8667
3.25242 40.6038
3.25816 39.4118
3.26389 42.3509
3.26963 40.0877
3.27536 41.7609
3.2811 41.9756
3.28684 38.3833
3.29257 41.9388
3.29831 45.2222
3.30405 40.7619
3.30978 43.0545
3.31552 50.2093
3.32125 51.4792
3.32699 48.5789
3.33273 50.2941
3.33846 50.4103
3.3442 48.3064
3.34994 50.098
3.35567 48.9211
3.36141 47.4407
3.36714 47.3684
3.37288 48.1042
3.37862 44.814
3.38435 45.3279
3.39009 48.9057
3.39582 49.6111
3.40156 47.873
3.4073 50.4182
3.41303 50.3191
3.41877 52.75
3.42451 48.8525
3.43024 54.28
3.43598 46.1463
3.44171 49.1587
3.44745 52.4107
3.45319 53
3.45892 51.6182
3.46466 48.1186
3.4704 50.54
3.47613 51.4651
3.48187 55.2857
3.4876 53.3774
3.49334 48.6316
3.49908 49.7463
3.50481 54.6316
3.51055 52.3617
3.51628 60.8235
3.52202 54.9836
3.52776 60.0926
3.53349 64.4146
3.53923 73.1538
3.54497 86.7963
3.5507 84.8542
3.55644 91.1273
3.56217 80.1017
3.56791 66.5577
3.57365 63.3478
3.57938 66.9077
3.58512 61.2182
3.59086 64.8947
3.59659 57.3134
3.60233 66.5085
3.60806 63.8039
3.6138 63.8367
3.61954 65.3651
3.62527 70.875
3.63101 72.1219
3.63674 76.209
3.64248 87.8103
3.64822 87.875
3.65395 91.5789
3.65969 92.2131
3.66543 83.6481
3.67116 88.7391
3.6769 87.9524
3.68263 87.0328
3.68837 80.9474
3.69411 89.3478
3.69984 87.2203
3.70558 85.4444
3.71132 89.7059
3.71705 84.7385
3.72279 88.1786
3.72852 88.5581
3.73426 88.9254
3.74 93.7097
3.74573 93.02
3.75147 95.4909
3.7572 100.032
3.76294 100.22
3.76868 95.4545
3.77441 107.896
3.78015 107.322
3.78589 104.149
3.79162 117.875
3.79736 124.906
3.80309 120.661
3.80883 130.02
3.81457 142.708
3.8203 154.55
3.82604 162.279
3.83178 176.841
3.83751 207.355
3.84325 255.107
3.84898 357.226
3.85472 566.46
3.86046 554.984
3.86619 499.326
3.87193 700.928
3.87766 952.738
3.8834 1245.02
3.88914 1593.2
3.89487 1903.67
3.90061 1711.77
3.90635 1394.41
3.91208 1027.06
3.91782 719.953
3.92355 546.561
3.92929 430.465
3.93503 337.531
3.94076 271.241
3.9465 243.63
3.95224 212.866
3.95797 188.333
3.96371 172.935
3.96944 159.563
3.97518 149.841
3.98092 142.732
3.98665 136.845
3.99239 133.324
3.99812 127.742
4.00386 124.959
4.0096 123
4.01533 119.266
4.02107 119.76
4.02681 111.53
4.03254 116.015
4.03828 113.183
4.04401 114
4.04975 111.817
4.05549 107.985
4.06122 106.848
4.06696 106.362
4.0727 106.329
4.07843 100.333
4.08417 97.9821
4.0899 97.5735
4.09564 101.234
4.10138 100.92
4.10711 99.7778
4.11285 98.1364
4.11858 101.911
4.12432 99.3548
4.13006 99.1912
4.13579 103.048
4.14153 97.8077
4.14727 92.2192
4.153 90.4478
4.15874 95.1364
4.16447 102
4.17021 96.2222
4.17595 96.3064
4.18168 92.3571
4.18742 90.1286
4.19316 99.9697
4.19889 95.56
4.20463 96.4054
4.21036 101.309
4.2161 100.883
4.22184 93.2931
4.22757 95.0833
4.23331 95.1045
4.23904 96.44
4.24478 95.1333
4.25052 97.5652
4.25625 95.2679
4.26199 102.547
4.26773 99.8056
4.27346 98.6364
4.2792 102.196
4.28493 103.292
4.29067 99
4.29641 104.188
4.30214 97.6447
4.30788 103.029
4.31362 98.9844
4.31935 100.089
4.32509 99.5946
4.33082 104.043
4.33656 103.74
4.3423 103.16
4.34803 113.365
4.35377 112.532
4.3595 111.517
4.36524 113.635
4.37098 122.329
4.37671 127.037
4.38245 126.284
4.38819 133.431
4.39392 136.614
4.39966 131.739
4.40539 137.125
4.41113 152.015
4.41687 161.963
4.4226 177.429
4.42834 262.644
4.43408 398.729
4.43981 775.052
4.44555 2016.09
4.45128 1094.98
4.45702 1610.93
4.46276 553.684
4.46849 339.208
4.47423 340.815
4.47996 369.539
4.4857 375.162
4.49144 386.323
4.49717 408.381
4.50291 414.276
4.50865 404.757
4.51438 369.712
4.52012 324.848
4.52585 272.547
4.53159 237.842
4.53733 203.493
4.54306 176.4
4.5488 158.269
4.55454 147.439
4.56027 134
4.56601 130.595
4.57174 117.808
4.57748 106.756
4.58322 99.6538
4.58895 99.1642
4.59469 98.7869
4.60042 91.8974
4.60616 92.36
4.6119 93.52
4.61763 86.5904
4.62337 87.8462
4.62911 87.6508
4.63484 91.3231
4.64058 83.6951
4.64631 81.6111
4.65205 77.2857
4.65779 81
4.66352 75.5897
4.66926 72.8689
4.675 73.0845
4.68073 72.8462
4.68647 72.3425
4.6922 73.0526
4.69794 80.9375
4.70368 79.8052
4.70941 81.46
4.71515 78.2
4.72088 75.95
4.72662 79.2609
4.73236 74.9365
4.73809 74.6098
4.74383 72.4103
4.74957 70.7885
4.7553 75.4524
4.76104 75.4125
4.76677 73.3582
4.77251 71.1846
4.77825 68.5244
4.78398 63.9867
4.78972 62.6182
4.79546 68.3294
4.80119 65.3797
4.80693 63.4462
4.81266 62.662
4.8184 58.7262
4.82414 66.3151
4.82987 61.2131
4.83561 60.631
4.84134 63.0875
4.84708 62.1321
4.85282 60.1059
4.85855 63.2927
4.86429 60.5352
4.87003 62.1475
4.87576 59.2558
4.8815 57.8077
4.88723 57.7407
4.89297 59.9412
4.89871 57.4048
4.90444 61.5634
4.91018 58.3433
4.91592 56.4881
4.92165 55.6582
4.92739 56.0702
4.93312 57.8372
4.93886 59.8214
4.9446 55.9254
4.95033 58.1268
4.95607 58.7558
4.9618 55.7273
4.96754 53.1864
4.97328 57.6279
4.97901 57.5301
4.98475 52.9508
4.99049 53.5385
4.99622 52.4886
5.00196 53.9589
5.00769 53.4127
5.01343 55.2841
5.01917 53.9518
5.0249 56.6038
5.03064 57.8333
5.03638 54.7442
5.04211 55.5333
5.04785 52.7692
5.05358 53.4651
5.05932 56.037
5.06506 56.4912
5.07079 54.8182
5.07653 54.6552
5.08226 51.9577
5.088 56.0563
5.09374 50.8556
5.09947 53
5.10521 51.2063
5.11095 51.3556
5.11668 54.5882
5.12242 53.803
5.12815 54.2597
5.13389 53.2444
5.13963 52.7013
5.14536 54.1148
5.1511 53.5326
5.15684 54.2651
5.16257 55.7903
5.16831 52.381
5.17404 52.4157
5.17978 52.2564
5.18552 54.9851
5.19125 54.7778
5.19699 53.5783
5.20272 55.4068
5.20846 48.0543
5.2142 51.1011
5.21993 52.8816
5.22567 51.8986
5.23141 55.6522
5.23714 52.2593
5.24288 51.9508
5.24861 51.4022
5.25435 53.9775
5.26009 51.7429
5.26582 53.5395
5.27156 56.7033
5.2773 55.6125
5.28303 57.7692
5.28877 59.2234
5.2945 56.2644
5.30024 58.5694
5.30598 52.2785
5.31171 52.8876
5.31745 55.5854
5.32318 56.7077
5.32892 53.8723
5.33466 58.2644
5.34039 49.7424
5.34613 52.6588
5.35187 53.6813
5.3576 55.1852
5.36334 53.6567
5.36907 54.5938
5.37481 54.3412
5.38055 56.2787
5.38628 59.2188
5.39202 62.5604
5.39776 61.875
5.40349 57.3944
5.40923 57.25
5.41496 53
5.4207 54.9841
5.42644 50.8776
5.43217 53.7528
5.43791 51.5513
5.44364 55.6575
5.44938 56.5773
5.45512 57.2439
5.46085 54.4925
5.46659 55.449
5.47233 55.427
5.47806 55.1842
5.4838 55.0988
5.48953 56.1398
5.49527 54.119
5.50101 54.2537
5.50674 52.2347
5.51248 53.4944
5.51822 58.4189
5.52395 51.3133
5.52969 55.2258
5.53542 54.4167
5.54116 57.25
5.5469 55.0808
5.55263 52.1556
5.55837 55.5972
5.5641 55.6292
5.56984 52.8817
5.57558 52.8452
5.58131 54.4931
5.58705 52.8889
5.59279 50.5
5.59852 56.5238
5.60426 53.2
5.60999 58.4086
5.61573 55.939
5.62147 55.56
5.6272 57.9794
5.63294 56.9767
5.63868 59.5373
5.64441 57.549
5.65015 56.7204
5.65588 56.6429
5.66162 57.0649
5.66736 59.4949
5.67309 56.9767
5.67883 54.4348
5.68456 54.7426
5.6903 54.8556
5.69604 55.878
5.70177 59.4819
5.70751 62.1368
5.71325 59.3182
5.71898 57.6479
5.72472 63.2626
5.73045 61.3979
5.73619 59.5375
5.74193 59.2472
5.74766 56.2842
5.7534 61.6591
5.75914 60.831
5.76487 58.3564
5.77061 58.6277
5.77634 62.3077
5.78208 62.2584
5.78782 62.4124
5.79355 65.0698
5.79929 62.76
5.80502 61.6337
5.81076 63.2391
5.8165 58.6757
5.82223 62.9583
5.82797 62.1224
5.83371 63.4186
5.83944 64.4177
5.84518 66.6263
5.85091 64.2292
5.85665 65.0308
5.86239 62.2857
5.86812 62.2347
5.87386 65.2674
5.8796 65.3291
5.88533 63.3267
5.89107 63.913
5.8968 64.029
5.90254 64.6571
5.90828 61.5714
5.91401 67.1395
5.91975 63.747
5.92548 65.7879
5.93122 66.266
5.93696 66.0959
5.94269 64.9809
5.94843 67.0208
5.95417 69.5341
5.9599 72.0118
5.96564 68.9394
5.97137 71.8191
5.97711 70.0822
5.98285 71.2039
5.98858 72.3571
5.99432 72.9643
6.00006 73.2135
6.00579 69.4747
6.01153 74.6809
6.01726 79.2267
6.023 75.8952
6.02874 77.3854
6.03447 74.2841
6.04021 75.2889
6.04594 76.5102
6.05168 78.125
6.05742 72.4935
6.06315 72.2762
6.06889 75.2396
6.07463 81.2024
6.08036 79.7021
6.0861 74.3571
6.09183 82.0417
6.09757 78.141
6.10331 80.8491
6.10904 82.3542
6.11478 81.7907
6.12052 79.2396
6.12625 84.77
6.13199 84.8511
6.13772 82.3293
6.14346 85.1471
6.1492 85
6.15493 89.0625
6.16067 87.049
6.1664 88.3163
6.17214 91.2447
6.17788 95.0595
6.18361 90.8529
6.18935 99.3535
6.19509 98.96
6.20082 97.3486
6.20656 99.7157
6.21229 105.938
6.21803 111.451
6.22377 111.972
6.2295 115.24
6.23524 128.32
6.24098 115.073
6.24671 122.931
6.25245 138.947
6.25818 145.419
6.26392 141.176
6.26966 205.294
6.27539 505.733
6.28113 211
6.28686 2052.35
6.2926 6534.46
6.29834 787.011
6.30407 1293.72
6.30981 969.657
6.31555 571.244
6.32128 270.481
6.32702 243.712
6.33275 234.281
6.33849 235.795
6.34423 215.952
6.34996 223.735
6.3557 248.256
6.36144 260.787
6.36717 292.721
6.37291 332.389
6.37864 335.556
6.38438 308.566
6.39012 283.627
6.39585 259.013
6.40159 222.444
6.40732 191.731
6.41306 175.989
6.4188 159.902
6.42453 149.198
6.43027 140.922
6.43601 131.463
6.44174 133.585
6.44748 133.194
6.45321 124.511
6.45895 119.989
6.46469 119.286
6.47042 118.689
6.47616 112.738
6.4819 108.564
6.48763 103.287
6.49337 104.957
6.4991 99.9895
6.50484 102.509
6.51058 99.2255
6.51631 99.8214
6.52205 99.0455
6.52778 96.6111
6.53352 98.6848
6.53926 97.4271
6.54499 99.3611
6.55073 96.8333
6.55647 98.5714
6.5622 97.9115
6.56794 96.3426
6.57367 96.9462
6.57941 95.6947
6.58515 93.2946
6.59088 96.25
6.59662 97.1786
6.60236 96.5614
6.60809 95.7924
6.61383 99.4624
6.61956 90.0515
6.6253 90.1071
6.63104 96.8333
6.63677 90.1395
6.64251 92.1404
6.64824 89.785
6.65398 94.0879
6.65972 91.5686
6.66545 90.7946
6.67119 95.75
6.67693 94.8721
6.68266 94.7845
6.6884 95.2963
6.69413 95.4725
6.69987 96.5728
6.70561 93.5089
6.71134 94.7981
6.71708 91.5114
6.72282 96
6.72855 92.3704
6.73429 94.1798
6.74002 94.2264
6.74576 90.287
6.7515 93.9417
6.75723 93.1798
6.76297 90.5172
6.7687 90.9554
6.77444 90.5281
6.78018 93.7524
6.78591 92.4741
6.79165 90.5888
6.79739 90.8506
6.80312 87.3684
6.80886 87.4821
6.81459 91.8242
6.82033 86.5143
6.82607 89.5259
6.8318 83.7238
6.83754 87.8295
6.84328 91.0427
6.84901 90.4196
6.85475 93.8901
6.86048 92.3578
6.86622 91.2414
6.87196 90.0654
6.87769 89.4483
6.88343 91.5847
6.88916 90.7719
6.8949 94.1839
6.90064 91.9292
6.90637 93.0965
6.91211 95.3925
6.91785 91.8391
6.92358 91.1736
6.92932 95.9557
6.93505 98.2584
6.94079 93.0708
6.94653 94.9397
6.95226 98.6822
6.958 95.1978
6.96374 95.225
6.96947 95.1667
6.97521 98.1978
6.98094 92.4324
6.98668 94.8966
6.99242 95.5872
6.99815 96.4607
7.00389 96.1
7.00962 94.8707
7.01536 97.7391
7.0211 94.5727
7.02683 100.248
7.03257 99.8037
7.03831 93.9462
7.04404 98.6311
7.04978 101.722
7.05551 98.1596
7.06125 98.5046
7.06699 101.41
7.07272 100.514
7.07846 98.9213
7.0842 98.5656
7.08993 101.526
7.09567 100.054
7.1014 100.08
7.10714 102.471
7.11288 101.523
7.11861 103.663
7.12435 105.484
7.13008 102.359
7.13582 103.938
7.14156 105.045
7.14729 105.008
7.15303 106.413
7.15877 103.527
7.1645 104.097
7.17024 104.891
7.17597 105.276
7.18171 106.804
7.18745 108.434
7.19318 106.838
7.19892 103.38
7.20466 107.528
7.21039 108.786
7.21613 112.727
7.22186 112.018
7.2276 112.365
7.23334 112.811
7.23907 111.473
7.24481 114.627
7.25054 114.403
7.25628 115.81
7.26202 113.153
7.26775 117.287
7.27349 119.568
7.27923 119.731
7.28496 122.906
7.2907 123.874
7.29643 125.961
7.30217 126.824
7.30791 128.331
7.31364 130.504
7.31938 128.989
7.32512 131.992
7.33085 138.132
7.33659 137.75
7.34232 131.333
7.34806 142.692
7.3538 150.937
7.35953 142.333
7.36527 166.719
7.371 210.446
7.37674 541.404
7.38248 216.991
7.38821 1935.64
7.39395 1397.1
7.39969 852.12
7.40542 1602.57
7.41116 700.724
7.41689 434.764
7.42263 288.243
7.42837 245.111
7.4341 239.655
7.43984 229.697
7.44558 236.776
7.45131 242.777
7.45705 265.855
7.46278 282.495
7.46852 316.008
7.47426 352.695
7.47999 363.122
7.48573 350.237
7.49146 326.256
7.4972 293.073
7.50294 263.57
7.50867 231.086
7.51441 203.403
7.52015 186.703
7.52588 171.061
7.53162 154.216
7.53735 148.268
7.54309 136.835
7.54883 135.742
7.55456 128.832
7.5603 133.044
7.56604 129.052
7.57177 117.8
7.57751 116.27
7.58324 113.441
7.58898 111.794
7.59472 109.016
7.60045 109.18
7.60619 107.846
7.61192 103.977
7.61766 107.664
7.6234 107.287
7.62913 103.371
7.63487 105.694
7.64061 105.225
7.64634 99.3496
7.65208 99.9302
7.65781 102.395
7.66355 95.9184
7.66929 99.4403
7.67502 98.5484
7.68076 98.4811
7.6865 101.361
7.69223 101.672
7.69797 105.585
7.7037 106.089
7.70944 113.44
7.71518 145.366
7.72091 203.973
7.72665 300
7.73238 655.124
7.73812 202.943
7.74386 151.704
7.74959 161.935
7.75533 132.198
7.76107 126.775
7.7668 135.86
7.77254 137.588
7.77827 135.721
7.78401 151.02
7.78975 157.711
7.79548 171.367
7.80122 188.172
7.80696 196.36
7.81269 200.962
7.81843 194.629
7.82416 181.316
7.8299 157.936
7.83564 142.391
7.84137 131.171
7.84711 120.009
7.85284 112.305
7.85858 110.181
7.86432 100.814
7.87005 99.8633
7.87579 94.3203
7.88153 93.3033
7.88726 90.972
7.893 89.2889
7.89873 87.1094
7.90447 88.5
7.91021 87.3534
7.91594 89.7557
7.92168 86.175
7.92742 85.6038
7.93315 83.562
7.93889 84.2441
7.94462 81.5398
7.95036 82.9587
7.9561 81.1515
7.96183 82.746
7.96757 81.819
7.9733 83.0292
7.97904 80.3538
7.98478 82.5179
7.99051 78.28
7.99625 77.015
8.00199 76.4919
8.00772 73.9802
8.01346 78.6763
8.01919 78.7669
8.02493 78.1008
8.03067 77.7788
8.0364 75.2721
8.04214 76.7402
8.04788 74.6796
8.05361 75.0072
8.05935 71.5515
8.06508 75.9661
8.07082 75.6581
8.07656 74.1898
8.08229 71.8281
8.08803 73.9798
8.09376 68.2867
8.0995 65.2727
8.10524 65.2033
8.11097 59.8673
8.11671 54.087
8.12245 52.3411
8.12818 47.3153
8.13392 44.0455
8.13965 41.562
8.14539 36.0645
8.15113 34.1712
8.15686 16.0584
8.1626 19.9012
8.16834 18.2034
8.17407 16.2895
8.17981 2
8.18554 0
8.19128 0
8.19702 0
8.20275 0
8.20849 0
8.21422 0
8.21996 0
8.2257 0
8.23143 0
8.23717 0
8.24291 0
8.24864 0
8.25438 0
8.26011 0
8.26585 0
8.27159 0
8.27732 0
8.28306 0
8.2888 0
8.29453 0
8.30027 0
8.306 0
8.31174 0
8.31748 0
8.32321 0
8.32895 0
8.33468 0
8.34042 0
8.34616 0
8.35189 0
8.35763 0
8.36337 0
8.3691 0
8.37484 0
8.38057 0
8.38631 0
8.39205 0
8.39778 0
8.40352 0
8.40926 0
8.41499 0
8.42073 0
8.42646 0
8.4322 0
8.43794 0
8.44367 0
8.44941 0
8.45514 0
8.46088 0
8.46662 0
8.47235 0
8.47809 0
8.48383 0
8.48956 0
8.4953 0
8.50103 0
8.50677 0
8.51251 0
8.51824 0
8.52398 0
8.52972 0
8.53545 0
8.54119 0
8.54692 0
8.55266 0
8.5584 0
8.56413 0
8.56987 0
8.5756 0
8.58134 0
8.58708 0
8.59281 0
8.59855 0
8.60429 0
8.61002 0
8.61576 0
8.62149 0
8.62723 0
8.63297 0
8.6387 0
8.64444 0
8.65018 0
8.65591 0
8.66165 0
8.66738 0
8.67312 0
8.67886 0
8.68459 0
8.69033 0
8.69606 0
8.7018 0
8.70754 0
8.71327 0
8.71901 0
8.72475 0
8.73048 0
8.73622 0
8.74195 0
8.74769 0
8.75343 0
8.75916 0
8.7649 0
8.77064 0
8.77637 0
8.78211 0
8.78784 0
8.79358 0
8.79932 0
8.80505 0
8.81079 0
8.81652 0
8.82226 0
8.828 0
8.83373 0
8.83947 0
8.84521 0
8.85094 0
8.85668 0
8.86241 0
8.86815 0
8.87389 0
8.87962 0
8.88536 0
8.8911 0
8.89683 0
8.90257 0
8.9083 0
8.91404 0
8.91978 0
8.92551 0
8.93125 0
8.93698 0
8.94272 0
8.94846 0
8.95419 0
8.95993 0
8.96567 0
8.9714 0
8.97714 0
8.98287 0
8.98861 0
8.99435 0
9.00008 0
9.00582 0
9.01156 0
9.01729 0
9.02303 0
9.02876 0
9.0345 0
9.04024 0
9.04597 0
9.05171 0
9.05744 0
9.06318 0
9.06892 0
9.07465 0
9.08039 0
9.08613 0
9.09186 0
9.0976 0
9.10333 0
9.10907 0
9.11481 0
9.12054 0
9.12628 0
9.13202 0
9.13775 0
9.14349 0
9.14922 0
9.15496 0
9.1607 0
9.16643 0
9.17217 0
9.1779 0
9.18364 0
9.18938 0
9.19511 0
9.20085 0
9.20659 0
9.21232 0
9.21806 0
9.22379 0
9.22953 0
9.23527 0
9.241 0
9.24674 0
9.25248 0
9.25821 0
9.26395 0
9.26968 0
9.27542 0
9.28116 0
9.28689 0
9.29263 0
9.29836 0
9.3041 0
9.30984 0
9.31557 0
9.32131 0
9.32705 0
9.33278 0
9.33852 0
9.34425 0
9.34999 0
9.35573 0
9.36146 0
9.3672 0
9.37294 0
9.37867 0
9.38441 0
9.39014 0
9.39588 0
9.40162 0
9.40735 0
9.41309 0
9.41882 0
9.42456 0
9.4303 0
9.43603 0
9.44177 0
9.44751 0
9.45324 0
9.45898 0
9.46471 0
9.47045 0
9.47619 0
9.48192 0
9.48766 0
9.4934 0
9.49913 0
9.50487 0
9.5106 0
9.51634 0
9.52208 0
9.52781 0
9.53355 0
9.53928 0
9.54502 0
9.55076 0
9.55649 0
9.56223 0
9.56797 0
9.5737 0
9.57944 0
9.58517 0
9.59091 0
9.59665 0
9.60238 0
9.60812 0
9.61386 0
9.61959 0
9.62533 0
9.63106 0
9.6368 0
9.64254 0
9.64827 0
9.65401 0
9.65974 0
9.66548 0
9.67122 0
9.67695 0
9.68269 0
9.68843 0
9.69416 0
9.6999 0
9.70563 0
9.71137 0
9.71711 0
9.72284 0
9.72858 0
9.73432 0
9.74005 0
9.74579 0
9.75152 0
9.75726 0
9.763 0
9.76873 0
9.77447 0
9.7802 0
9.78594 0
9.79168 0
9.79741 0
9.80315 0
9.80889 0
9.81462 0
9.82036 0
9.82609 0
9.83183 0
9.83757 0
9.8433 0
9.84904 0
9.85478 0
9.86051 0
9.86625 0
9.87198 0
9.87772 0
9.88346 0
9.88919 0
9.89493 0
9.90066 0
9.9064 0
9.91214 0
9.91787 0
9.92361 0
9.92935 0
9.93508 0
9.94082 0
9.94655 0
9.95229 0
9.95803 0
9.96376 0
9.9695 0
9.97524 0
9.98097 0
9.98671 0
9.99244 0
9.99818 0
10.0039 0
10.0097 0
10.0154 0
10.0211 0
10.0269 0
10.0326 0
10.0383 0
10.0441 0
10.0498 0
10.0555 0
10.0613 0
10.067 0
10.0728 0
10.0785 0
10.0842 0
10.09 0
10.0957 0
10.1014 0
10.1072 0
10.1129 0
10.1186 0
10.1244 0
10.1301 0
10.1358 0
10.1416 0
10.1473 0
10.1531 0
10.1588 0
10.1645 0
10.1703 0
10.176 0
10.1817 0
10.1875 0
10.1932 0
10.1989 0
10.2047 0
10.2104 0
10.2162 0
10.2219 0
10.2276 0
10.2334 0
10.2391 0
10.2448 0
10.2506 0
10.2563 0
10.262 0
10.2678 0
10.2735 0
10.2793 0
10.285 0
10.2907 0
10.2965 0
10.3022 0
10.3079 0
10.3137 0
10.3194 0
10.3251 0
10.3309 0
10.3366 0
10.3424 0
10.3481 0
10.3538 0
10.3596 0
10.3653 0
10.371 0
10.3768 0
10.3825 0
10.3882 0
10.394 0
10.3997 0
10.4054 0
10.4112 0
10.4169 0
10.4227 0
10.4284 0
10.4341 0
10.4399 0
10.4456 0
10.4513 0
10.4571 0
10.4628 0
10.4685 0
10.4743 0
10.48 0
10.4858 0
10.4915 0
10.4972 0
10.503 0
10.5087 0
10.5144 0
10.5202 0
10.5259 0
10.5316 0
10.5374 0
10.5431 0
10.5489 0
10.5546 0
10.5603 0
10.5661 0
10.5718 0
10.5775 0
10.5833 0
10.589 0
10.5947 0
10.6005 0
10.6062 0
10.612 0
10.6177 0
10.6234 0
10.6292 0
10.6349 0
10.6406 0
10.6464 0
10.6521 0
10.6578 0
10.6636 0
10.6693 0
10.6751 0
10.6808 0
10.6865 0
10.6923 0
10.698 0
10.7037 0
10.7095 0
10.7152 0
10.7209 0
10.7267 0
10.7324 0
10.7381 0
10.7439 0
10.7496 0
10.7554 0
10.7611 0
10.7668 0
10.7726 0
10.7783 0
10.784 0
10.7898 0
10.7955 0
10.8012 0
10.807 0
10.8127 0
10.8185 0
10.8242 0
10.8299 0
10.8357 0
10.8414 0
10.8471 0
10.8529 0
10.8586 0
10.8643 0
10.8701 0
10.8758 0
10.8816 0
10.8873 0
10.893 0
10.8988 0
10.9045 0
10.9102 0
10.916 0
10.9217 0
10.9274 0
10.9332 0
10.9389 0
10.9447 0
10.9504 0
10.9561 0
10.9619 0
10.9676 0
10.9733 0
10.9791 0
10.9848 0
10.9905 0
10.9963 0
11.002 0
11.0077 0
11.0135 0
11.0192 0
11.025 0
11.0307 0
11.0364 0
11.0422 0
11.0479 0
11.0536 0
11.0594 0
11.0651 0
11.0708 0
11.0766 0
11.0823 0
11.0881 0
11.0938 0
11.0995 0
11.1053 0
11.111 0
11.1167 0
11.1225 0
11.1282 0
11.1339 0
11.1397 0
11.1454 0
11.1512 0
11.1569 0
11.1626 0
11.1684 0
11.1741 0
11.1798 0
11.1856 0
11.1913 0
11.197 0
11.2028 0
11.2085 0
11.2143 0
11.22 0
11.2257 0
11.2315 0
11.2372 0
11.2429 0
11.2487 0
11.2544 0
11.2601 0
11.2659 0
11.2716 0
11.2774 0
11.2831 0
11.2888 0
11.2946 0
11.3003 0
11.306 0
11.3118 0
11.3175 0
11.3232 0
11.329 0
11.3347 0
11.3404 0
11.3462 0
11.3519 0
11.3577 0
11.3634 0
11.3691 0
11.3749 0
11.3806 0
11.3863 0
11.3921 0
11.3978 0
11.4035 0
11.4093 0
11.415 0
11.4208 0
11.4265 0
11.4322 0
11.438 0
11.4437 0
11.4494 0
11.4552 0
11.4609 0
11.4666 0
11.4724 0
11.4781 0
11.4839 0
11.4896 0
11.4953 0
11.5011 0
11.5068 0
11.5125 0
11.5183 0
11.524 0
11.5297 0
11.5355 0
11.5412 0
11.547 0
11.5527 0
11.5584 0
11.5642 0
11.5699 0
11.5756 0
11.5814 0
11.5871 0
11.5928 0
11.5986 0
11.6043 0
11.61 0
11.6158 0
11.6215 0
11.6273 0
11.633 0
11.6387 0
11.6445 0
11.6502 0
11.6559 0
11.6617 0
11.6674 0
11.6731 0
11.6789 0
11.6846 0
11.6904 0
11.6961 0
11.7018 0
11.7076 0
11.7133 0
11.719 0
11.7248 0
11.7305 0
11.7362 0
11.742 0
