0 0
0.00573619 6
0.0114724 0
0.0172086 0
0.0229448 30
0.028681 11
0.0344171 0
0.0401533 9
0.0458895 24
0.0516257 14
0.0573619 0
0.0630981 12
0.0688343 17
0.0745705 0
0.0803067 -10
0.0860429 -20
0.091779 0
0.0975152 1.66667
0.103251 -1.33333
0.108988 12.3333
0.114724 0
0.12046 -4.66667
0.126196 4
0.131932 0
0.137669 -0.333333
0.143405 -2.66667
0.149141 10
0.154877 10.5
0.160613 -3.66667
0.16635 0.666667
0.172086 0
0.177822 9.66667
0.183558 16.5
0.189294 0
0.19503 2.4
0.200767 11.2
0.206503 -4.33333
0.212239 -3.5
0.217975 -2.4
0.223711 9.2
0.229448 0
0.235184 11
0.24092 3.4
0.246656 0
0.252392 -5.4
0.258129 -7.2
0.263865 8
0.269601 0
0.275337 2.8
0.281073 10
0.28681 0
0.292546 13.4286
0.298282 -6.71429
0.304018 2
0.309754 22.75
0.31549 0
0.321227 -4.14286
0.326963 0
0.332699 4.71429
0.338435 2
0.344171 0
0.349908 4.85714
0.355644 10.8571
0.36138 -0.4
0.367116 21
0.372852 6.625
0.378589 3.28571
0.384325 5.5
0.390061 3.33333
0.395797 -1
0.401533 0
0.40727 4.55556
0.413006 5.11111
0.418742 7.71429
0.424478 9
0.430214 17.6667
0.43595 4.33333
0.441687 0
0.447423 10
0.453159 10.1111
0.458895 12
0.464631 1.57143
0.470368 25.9091
0.476104 8.77778
0.48184 34
0.487576 11.1818
0.493312 7.81818
0.499049 0
0.504785 24.1818
0.510521 29.5455
0.516257 28
0.521993 22.5
0.52773 24.7273
0.533466 33
0.539202 31.5
0.544938 17.4545
0.550674 22.2727
0.55641 0
0.562147 18.3333
0.567883 23.6923
0.573619 12.7143
0.579355 13.1667
0.585091 21
0.590828 15.7273
0.596564 31
0.6023 8.46154
0.608036 19.3846
0.613772 20.4
0.619509 15.25
0.625245 21.7692
0.630981 18.7778
0.636717 20.5
0.642453 30.9231
0.64819 18.7692
0.653926 42
0.659662 23.5333
0.665398 22.4667
0.671134 35.5714
0.67687 28.25
0.682607 26.0667
0.688343 22.1818
0.694079 21.75
0.699815 29.8667
0.705551 29.6667
0.711288 30
0.717024 32.1429
0.72276 31.3333
0.728496 23.4444
0.734232 28.3333
0.739969 20.9375
0.745705 33.9231
0.751441 27.6667
0.757177 22.7059
0.762913 38.6471
0.76865 18.6
0.774386 28.6667
0.780122 28.5882
0.785858 30.3636
0.791594 26.3333
0.79733 26.1765
0.803067 24.4667
0.808803 20.5
0.814539 18.0588
0.820275 31.2353
0.826011 26.3333
0.831748 38.875
0.837484 32.1667
0.84322 27.0769
0.848956 24.6667
0.854692 27.2632
0.860429 24.7647
0.866165 30.2
0.871901 22.5625
0.877637 29.8947
0.883373 34.3636
0.88911 27.375
0.894846 23.3684
0.900582 20.6667
0.906318 21.5
0.912054 35.1053
0.91779 39.2941
0.923527 31.4444
0.929263 25.0769
0.934999 29.35
0.940735 36.1538
0.946471 29.125
0.952208 30.1429
0.957944 29.7647
0.96368 18.75
0.969416 31.8571
0.975152 25.7368
0.980889 35.6364
0.986625 35.5
0.992361 30.2857
0.998097 30
1.00383 24.8333
1.00957 28.6667
1.01531 25.0588
1.02104 25.7
1.02678 26.5882
1.03251 31.8571
1.03825 20.5385
1.04399 28.9167
1.04972 31.6957
1.05546 32.4118
1.0612 30
1.06693 30
1.07267 29.1579
1.0784 41.5385
1.08414 22.6429
1.08988 25.4348
1.09561 26.2
1.10135 33.5
1.10708 29.2609
1.11282 27
1.11856 29.5714
1.12429 32.0417
1.13003 34.6667
1.13577 32.1333
1.1415 30.8571
1.14724 31.68
1.15297 22.6667
1.15871 28.3
1.16445 26.72
1.17018 29.5789
1.17592 29.7692
1.18166 30.8333
1.18739 27.5217
1.19313 23.8
1.19886 32.9167
1.2046 25.8
1.21034 26.7778
1.21607 29.3333
1.22181 28.9259
1.22754 26.381
1.23328 35.4118
1.23902 23.6875
1.24475 25.36
1.25049 25.0588
1.25623 30.5833
1.26196 30.4444
1.2677 30.9474
1.27343 27.2308
1.27917 23.8636
1.28491 20.5652
1.29064 31.6471
1.29638 23.7333
1.30212 30.1852
1.30785 30.7222
1.31359 29.2727
1.31932 25.9655
1.32506 29.8571
1.3308 27.8824
1.33653 31.85
1.34227 31.72
1.348 26.0526
1.35374 33.6429
1.35948 28.3333
1.36521 23.8095
1.37095 22.8
1.37669 24.4828
1.38242 32.2174
1.38816 36.2941
1.39389 27.7368
1.39963 27.7037
1.40537 31.5
1.4111 22.5
1.41684 29.4483
1.42258 30.5652
1.42831 27.8235
1.43405 30.125
1.43978 32.12
1.44552 33.6667
1.45126 22.5625
1.45699 28.4483
1.46273 17.5714
1.46846 27.3333
1.4742 25.5161
1.47994 27.7391
1.48567 28.55
1.49141 28.5238
1.49715 25.4444
1.50288 23.1364
1.50862 26.0625
1.51435 26.3793
1.52009 23.8
1.52583 25.3333
1.53156 26.0333
1.5373 27.04
1.54304 30.2381
1.54877 31.3
1.55451 29.2759
1.56024 27.2174
1.56598 32
1.57172 33.4516
1.57745 29.7692
1.58319 28.6
1.58892 29.44
1.59466 27.2222
1.6004 28.72
1.60613 33.3333
1.61187 27.2903
1.61761 22.28
1.62334 25.6429
1.62908 26.8788
1.63481 31.4074
1.64055 37.4783
1.64629 35.6364
1.65202 31
1.65776 27.24
1.6635 29.6875
1.66923 28.8065
1.67497 21.5714
1.6807 31.7
1.68644 28.3214
1.69218 29.3571
1.69791 33.48
1.70365 25.0909
1.70938 25.8387
1.71512 32.7407
1.72086 19.875
1.72659 32.6061
1.73233 31.6207
1.73807 23.7391
1.7438 24.5
1.74954 24.6552
1.75527 32
1.76101 30.7368
1.76675 34.1212
1.77248 24.8214
1.77822 29.05
1.78396 21.9
1.78969 31.5806
1.79543 27
1.80116 26.9167
1.8069 26.5806
1.81264 28.2759
1.81837 24.2222
1.82411 31.8571
1.82984 28.7241
1.83558 26.08
1.84132 30.8077
1.84705 34.2258
1.85279 28.6071
1.85853 29.4348
1.86426 33.0303
1.87 28.8
1.87573 23.5882
1.88147 27.3429
1.88721 31.6061
1.89294 30
1.89868 27.3846
1.90442 31.2121
1.91015 26.7742
1.91589 28.3
1.92162 29.8286
1.92736 41.4194
1.9331 44.4
1.93883 39.0357
1.94457 40.6667
1.9503 44.0667
1.95604 41.0417
1.96178 32.6176
1.96751 31.9062
1.97325 27
1.97899 36.9189
1.98472 31.4242
1.99046 29.1724
1.99619 27.6538
2.00193 30.5714
2.00767 34.6452
2.0134 25.625
2.01914 31.9714
2.02488 28.9697
2.03061 26.76
2.03635 28.1875
2.04208 24.0294
2.04782 27.0625
2.05356 30.7083
2.05929 32.2222
2.06503 32.5294
2.07076 24.3636
2.0765 34.6486
2.08224 35.5143
2.08797 27.6207
2.09371 33.5714
2.09945 30.027
2.10518 30.0303
2.11092 31.9167
2.11665 30.4324
2.12239 31.8571
2.12813 36.3478
2.13386 29.5405
2.1396 32.8889
2.14534 34.3438
2.15107 31
2.15681 31.5
2.16254 25.5833
2.16828 28.4545
2.17402 34
2.17975 33.1622
2.18549 30.6774
2.19122 28.0333
2.19696 33.9459
2.2027 38.3714
2.20843 38.9583
2.21417 74.7949
2.21991 80.5676
2.22564 31
2.23138 40.925
2.23711 38.7105
2.24285 36.0882
2.24859 38.3929
2.25432 38.7895
2.26006 30.3333
2.2658 32.6364
2.27153 36.8293
2.27727 30.5128
2.283 27.0323
2.28874 37.1875
2.29448 32.8718
2.30021 34.4054
2.30595 40.3462
2.31168 38.0769
2.31742 41.625
2.32316 37.6364
2.32889 42.8333
2.33463 41.175
2.34037 39.75
2.3461 43.8929
2.35184 45.7381
2.35757 47.8378
2.36331 48.5
2.36905 56.8293
2.37478 45.6829
2.38052 43.9032
2.38626 51.5588
2.39199 43.0233
2.39773 41.7027
2.40346 37.7692
2.4092 43.5682
2.41494 39.1
2.42067 39.8636
2.42641 37.3409
2.43214 37.0952
2.43788 37.2857
2.44362 31.3226
2.44935 37.2
2.45509 42.2051
2.46083 34.4231
2.46656 37.8667
2.4723 33.3415
2.47803 37.1034
2.48377 36.475
2.48951 37.9302
2.49524 34.5897
2.50098 38.5385
2.50672 39
2.51245 33.5238
2.51819 38.2083
2.52392 41
2.52966 35.8636
2.5354 34.3939
2.54113 39.4
2.54687 39
2.5526 37.4878
2.55834 35.2692
2.56408 32.4681
2.56981 36.6512
2.57555 36.5862
2.58129 37.4762
2.58702 40.4
2.59276 37.973
2.59849 37.0909
2.60423 37.1957
2.60997 39.6364
2.6157 41.8333
2.62144 43.0208
2.62718 38.6739
2.63291 37.8857
2.63865 38.8056
2.64438 38.234
2.65012 37.4878
2.65586 31.1333
2.66159 34.4043
2.66733 35.6
2.67306 37.44
2.6788 36.4167
2.68454 36
2.69027 33.5897
2.69601 37.303
2.70175 41.0208
2.70748 40.4
2.71322 39.3333
2.71895 42.0417
2.72469 37.125
2.73043 40.9714
2.73616 37.8158
2.7419 38.3469
2.74764 34.093
2.75337 34.5333
2.75911 39.5714
2.76484 37
2.77058 29.2083
2.77632 34.6939
2.78205 35.32
2.78779 40.8974
2.79352 35.8
2.79926 41.1154
2.805 34.9333
2.81073 35.2963
2.81647 38.6538
2.82221 36.898
2.82794 38.7568
2.83368 35.8421
2.83941 38.434
2.84515 38.5854
2.85089 39.0312
2.85662 40.7925
2.86236 38.4898
2.8681 38.9583
2.87383 35.7222
2.87957 40.54
2.8853 37.9756
2.89104 43.5946
2.89678 38.1923
2.90251 42.9778
2.90825 36.7931
2.91398 38
2.91972 48
2.92546 47.9459
2.93119 43.1905
2.93693 40.2264
2.94267 45.7111
2.9484 45.4688
2.95414 44.6981
2.95987 44.8163
2.96561 43.4815
2.97135 45.2321
2.97708 43.963
2.98282 44.0513
2.98856 45.3846
2.99429 46.3333
3.00003 43.1064
3.00576 42.6774
3.0115 43.4909
3.01724 45.5472
3.02297 39.4054
3.02871 42.4318
3.03444 42.9636
3.04018 43.9333
3.04592 41.7647
3.05165 47.8182
3.05739 45.4706
3.06313 43.9655
3.06886 47.625
3.0746 43.5636
3.08033 51.2045
3.08607 55.2162
3.09181 55.4643
3.09754 61.9592
3.10328 61.3871
3.10902 65.7966
3.11475 63.5472
3.12049 63.3846
3.12622 53.4783
3.13196 49.8909
3.1377 54.2979
3.14343 54.7222
3.14917 52.6552
3.1549 59.4706
3.16064 48.3103
3.16638 59.5
3.17211 54.5455
3.17785 53.9545
3.18359 51.3902
3.18932 54.9138
3.19506 49.3878
3.20079 55.3529
3.20653 58.1356
3.21227 57.6604
3.218 56.2195
3.22374 53.0625
3.22948 58.5593
3.23521 58.6667
3.24095 56.3077
3.24668 56.6
3.25242 61.2075
3.25816 55.1765
3.26389 59.9825
3.26963 57.7368
3.27536 60.913
3.2811 59.9024
3.28684 62.25
3.29257 62.898
3.29831 65.1111
3.30405 71.3651
3.30978 77.5818
3.31552 80.9535
3.32125 81.3958
3.32699 88.7368
3.33273 81.2157
3.33846 85.7436
3.3442 86.4032
3.34994 89.0196
3.35567 75.4737
3.36141 80.5254
3.36714 76.9825
3.37288 75.7292
3.37862 75.186
3.38435 71.1967
3.39009 74.9245
3.39582 70.3889
3.40156 72.9524
3.4073 68.7818
3.41303 74.7234
3.41877 77.7708
3.42451 80.3934
3.43024 79.8
3.43598 73
3.44171 74.6349
3.44745 70.9643
3.45319 80.6429
3.45892 73.3091
3.46466 77.678
3.4704 74.06
3.47613 74.814
3.48187 77.8413
3.4876 79.4151
3.49334 79.8947
3.49908 82.2537
3.50481 81.614
3.51055 83.617
3.51628 84.0588
3.52202 90.541
3.52776 101.722
3.53349 113.561
3.53923 136.2
3.54497 172.167
3.5507 181.688
3.55644 169.691
3.56217 140.814
3.56791 113.269
3.57365 102.848
3.57938 96.0154
3.58512 101.909
3.59086 96.1053
3.59659 96.7313
3.60233 103.847
3.60806 98.5098
3.6138 103.367
3.61954 107.381
3.62527 111.857
3.63101 121.854
3.63674 129.254
3.64248 146.379
3.64822 165.583
3.65395 175.123
3.65969 177.639
3.66543 161.833
3.67116 163.717
3.6769 150.635
3.68263 151.148
3.68837 150.921
3.69411 152.217
3.69984 151.119
3.70558 154.926
3.71132 153.961
3.71705 156.092
3.72279 160
3.72852 160.721
3.73426 165.388
3.74 173.694
3.74573 173.5
3.75147 170.891
3.7572 185.54
3.76294 197.305
3.76868 195.068
3.77441 206.821
3.78015 218.424
3.78589 225.064
3.79162 233.062
3.79736 257.219
3.80309 267.036
3.80883 291.529
3.81457 314.031
3.8203 347.633
3.82604 374.209
3.83178 428
3.83751 536.258
3.84325 669.339
3.84898 1037.75
3.85472 1516.43
3.86046 1500.3
3.86619 1355.8
3.87193 1814.67
3.87766 2462.26
3.8834 3175.06
3.88914 4067.2
3.89487 4894.95
3.90061 4393.1
3.90635 3550.02
3.91208 2560.6
3.91782 1747.58
3.92355 1306.12
3.92929 1015.62
3.93503 787.703
3.94076 637.328
3.9465 560.259
3.95224 491.791
3.95797 445.429
3.96371 391.391
3.96944 362.704
3.97518 337.016
3.98092 310.107
3.98665 291.379
3.99239 276.294
3.99812 262.806
4.00386 248.673
4.0096 245.855
4.01533 236.359
4.02107 224.7
4.02681 223.909
4.03254 223.53
4.03828 218.733
4.04401 212.481
4.04975 206.789
4.05549 201.015
4.06122 185.978
4.06696 181.696
4.0727 182.7
4.07843 183.883
4.08417 173.375
4.0899 169.662
4.09564 174.359
4.10138 165.22
4.10711 163.944
4.11285 170.288
4.11858 160.857
4.12432 159.565
4.13006 162.235
4.13579 165.254
4.14153 152.404
4.14727 158.11
4.153 161.358
4.15874 152.091
4.16447 153.945
4.17021 159.333
4.17595 150.242
4.18168 152.875
4.18742 149.6
4.19316 152.424
4.19889 154.52
4.20463 152.932
4.21036 155.441
4.2161 149.6
4.22184 149.397
4.22757 149.319
4.23331 152.612
4.23904 149.74
4.24478 150.253
4.25052 150.145
4.25625 150.375
4.26199 150.266
4.26773 151.125
4.27346 156.5
4.2792 149.536
4.28493 157.792
4.29067 158.957
4.29641 159.104
4.30214 158.921
4.30788 159.714
4.31362 155.016
4.31935 157.071
4.32509 157.081
4.33082 168.043
4.33656 165.92
4.3423 176.333
4.34803 181.176
4.35377 185.565
4.3595 184.25
4.36524 189.784
4.37098 201.471
4.37671 201.611
4.38245 205
4.38819 221.056
4.39392 226.737
4.39966 227.87
4.40539 245.208
4.41113 266.412
4.41687 287.333
4.4226 332.493
4.42834 504.973
4.43408 753.146
4.43981 1617.86
4.44555 4951.95
4.45128 2133.17
4.45702 4408.17
4.46276 1238.93
4.46849 745.306
4.47423 762.407
4.47996 733.474
4.4857 813.284
4.49144 853.231
4.49717 899.413
4.50291 927.355
4.50865 882.057
4.51438 794.596
4.52012 680.342
4.52585 553.56
4.53159 457.509
4.53733 389.366
4.54306 332.925
4.5488 293.104
4.55454 268.86
4.56027 243.45
4.56601 228.041
4.57174 205.865
4.57748 191.5
4.58322 177.795
4.58895 169.06
4.59469 163.607
4.60042 155.064
4.60616 153.707
4.6119 146.12
4.61763 146.855
4.62337 147.577
4.62911 139.571
4.63484 133.154
4.64058 133.573
4.64631 123.25
4.65205 120.214
4.65779 121.287
4.66352 115.333
4.66926 111.869
4.675 115.901
4.68073 113.987
4.68647 111.753
4.6922 114.667
4.69794 113.162
4.70368 116.104
4.70941 116.76
4.71515 117.941
4.72088 115.225
4.72662 124.13
4.73236 123.127
4.73809 121.183
4.74383 117.846
4.74957 110.404
4.7553 116.286
4.76104 108.512
4.76677 108.209
4.77251 100.585
4.77825 97.2195
4.78398 101
4.78972 97.0545
4.79546 93.9529
4.80119 91.3165
4.80693 89.6154
4.81266 88.4084
4.8184 85.0952
4.82414 87.9041
4.82987 89.5082
4.83561 84.0476
4.84134 86.0375
4.84708 84.4151
4.85282 81.9647
4.85855 83.3415
4.86429 81.5916
4.87003 79.6885
4.87576 81.7442
4.8815 84.6154
4.88723 81.9074
4.89297 83.4235
4.89871 82.8095
4.90444 82.2958
4.91018 79.3134
4.91592 82.5476
4.92165 77.9494
4.92739 83.2632
4.93312 78.3023
4.93886 80.119
4.9446 80.3881
4.95033 73.6901
4.95607 79.1279
4.9618 75.974
4.96754 70.3051
4.97328 76.7674
4.97901 77.0723
4.98475 74.2295
4.99049 75.7179
4.99622 76.4545
5.00196 76.7808
5.00769 77.0159
5.01343 76.0227
5.01917 78.0964
5.0249 75.6226
5.03064 77.2778
5.03638 74.8953
5.04211 76.48
5.04785 73.9077
5.05358 75.0581
5.05932 75.8395
5.06506 71.1754
5.07079 78.2386
5.07653 78.3793
5.08226 75.6761
5.088 77.3239
5.09374 69.1222
5.09947 77.2727
5.10521 73.4921
5.11095 75.3333
5.11668 76.5294
5.12242 69.9848
5.12815 73.1818
5.13389 70.3444
5.13963 71.5714
5.14536 67.0492
5.1511 72.6413
5.15684 76.1446
5.16257 74.4516
5.16831 78.1667
5.17404 75.0337
5.17978 79.3462
5.18552 75.403
5.19125 72.9
5.19699 76.3373
5.20272 70.0339
5.20846 72.1196
5.2142 72.8764
5.21993 71.9079
5.22567 72.8261
5.23141 72.6848
5.23714 71.2346
5.24288 71.8525
5.24861 69.4674
5.25435 71.3596
5.26009 75.0714
5.26582 73.1711
5.27156 72.0989
5.2773 76.7625
5.28303 74.2923
5.28877 74
5.2945 74.023
5.30024 79.8194
5.30598 77.4557
5.31171 76.0562
5.31745 76.9756
5.32318 73.8923
5.32892 77.6383
5.33466 78.4368
5.34039 74.0606
5.34613 73.6824
5.35187 73.8462
5.3576 73.4568
5.36334 74.403
5.36907 73.0312
5.37481 78.6118
5.38055 74.4426
5.38628 87.5312
5.39202 92.7692
5.39776 101.113
5.40349 93.7183
5.40923 84.9062
5.41496 79.8642
5.4207 75.7936
5.42644 74.1429
5.43217 70.5955
5.43791 73.8333
5.44364 75.0137
5.44938 74.9588
5.45512 79.4024
5.46085 77.194
5.46659 76.1225
5.47233 75.0899
5.47806 76.6447
5.4838 78.0988
5.48953 74.8925
5.49527 76.1071
5.50101 68.5075
5.50674 71.4184
5.51248 75.382
5.51822 75.4054
5.52395 74.0843
5.52969 78.4301
5.53542 73.8214
5.54116 71.5441
5.5469 74.5152
5.55263 75.2778
5.55837 74.5833
5.5641 73.9775
5.56984 75.129
5.57558 74.2857
5.58131 76.6712
5.58705 74.2828
5.59279 77.1023
5.59852 73.1429
5.60426 76.44
5.60999 72.7204
5.61573 77.7927
5.62147 77.4
5.6272 76.1959
5.63294 77.3605
5.63868 77.5821
5.64441 73.7451
5.65015 70.871
5.65588 78.0714
5.66162 71.5974
5.66736 74.6566
5.67309 76.0581
5.67883 77.5942
5.68456 75.8812
5.6903 76.7889
5.69604 78.7683
5.70177 79
5.70751 81.8737
5.71325 79.0455
5.71898 79.4507
5.72472 82.0404
5.73045 83.6021
5.73619 82.55
5.74193 83.0674
5.74766 83.4737
5.7534 84.6477
5.75914 82.4789
5.76487 85
5.77061 84.6596
5.77634 86.3077
5.78208 87.8764
5.78782 89.1649
5.79355 88.5698
5.79929 85.5067
5.80502 85.5149
5.81076 87.6196
5.8165 84.9054
5.82223 87.3646
5.82797 86
5.83371 87.5581
5.83944 84.3797
5.84518 86.8485
5.85091 85.9688
5.85665 86.8
5.86239 87.1524
5.86812 88.4898
5.87386 86.7093
5.8796 85.5063
5.88533 84.4158
5.89107 85.837
5.8968 84.8986
5.90254 88.1048
5.90828 87.051
5.91401 89.5465
5.91975 90.4819
5.92548 90.7778
5.93122 92.1915
5.93696 91
5.94269 88.9619
5.94843 90.1354
5.95417 91.25
5.9599 88.0118
5.96564 94.1313
5.97137 92.0638
5.97711 93.3699
5.98285 97.3786
5.98858 98.9286
5.99432 98.2143
6.00006 100.27
6.00579 103.444
6.01153 107.798
6.01726 110.973
6.023 110.371
6.02874 105.229
6.03447 104.784
6.04021 100.711
6.04594 100.071
6.05168 105.573
6.05742 98.2208
6.06315 101.257
6.06889 105.99
6.07463 104.464
6.08036 104.202
6.0861 110.255
6.09183 112.281
6.09757 108.372
6.10331 111.038
6.10904 112.688
6.11478 115.64
6.12052 110.771
6.12625 112.52
6.13199 117.223
6.13772 116.61
6.14346 115.02
6.1492 119.41
6.15493 127.525
6.16067 126.412
6.1664 122.235
6.17214 125.734
6.17788 126.238
6.18361 126.922
6.18935 132.879
6.19509 136.08
6.20082 144.927
6.20656 145.667
6.21229 158.5
6.21803 161.415
6.22377 168.632
6.2295 173.34
6.23524 185.72
6.24098 178
6.24671 175.52
6.25245 193.766
6.25818 204.302
6.26392 204.206
6.26966 263.755
6.27539 508.4
6.28113 299.22
6.28686 1715.48
6.2926 5979.54
6.29834 1499.7
6.30407 4315.05
6.30981 2387.47
6.31555 1888.08
6.32128 713.574
6.32702 518.163
6.33275 561.354
6.33849 418.375
6.34423 463.76
6.34996 481.971
6.3557 522.18
6.36144 575.037
6.36717 680.413
6.37291 766.411
6.37864 772.078
6.38438 708.443
6.39012 611.176
6.39585 520.425
6.40159 446.009
6.40732 371.324
6.41306 313.085
6.4188 279.12
6.42453 250.972
6.43027 233.069
6.43601 219.317
6.44174 209.17
6.44748 204.102
6.45321 193.66
6.45895 192.783
6.46469 191.838
6.47042 183.301
6.47616 180.179
6.4819 169.418
6.48763 161.102
6.49337 157.591
6.4991 154.211
6.50484 148.556
6.51058 147.353
6.51631 147.119
6.52205 141.955
6.52778 138.426
6.53352 139.989
6.53926 138.667
6.54499 136.074
6.55073 143.755
6.55647 140.31
6.5622 141.867
6.56794 147.435
6.57367 149.57
6.57941 141.316
6.58515 140.848
6.59088 135.471
6.59662 128.19
6.60236 129.386
6.60809 131.406
6.61383 129.817
6.61956 129.278
6.6253 130.098
6.63104 128.676
6.63677 128.372
6.64251 124.877
6.64824 126.187
6.65398 132.538
6.65972 129.99
6.66545 129.304
6.67119 134.971
6.67693 130.012
6.68266 131.5
6.6884 132.731
6.69413 133.989
6.69987 131.456
6.70561 129.464
6.71134 129.202
6.71708 126.489
6.72282 125.123
6.72855 129.074
6.73429 128.169
6.74002 126.689
6.74576 124.661
6.7515 122.583
6.75723 123.427
6.76297 124.966
6.7687 122.991
6.77444 124.978
6.78018 121.038
6.78591 121.069
6.79165 120.972
6.79739 121.931
6.80312 121.219
6.80886 122.866
6.81459 125.967
6.82033 122.99
6.82607 122.009
6.8318 122.562
6.83754 121.773
6.84328 123.829
6.84901 123.705
6.85475 123.593
6.86048 125.734
6.86622 125.121
6.87196 128.738
6.87769 124.299
6.88343 126.136
6.88916 123.825
6.8949 123.253
6.90064 123.416
6.90637 126.728
6.91211 126.935
6.91785 123.862
6.92358 125.116
6.92932 128.451
6.93505 125.382
6.94079 127.142
6.94653 127.698
6.95226 126.561
6.958 128.011
6.96374 126.133
6.96947 126.079
6.97521 127.912
6.98094 126.613
6.98668 126.466
6.99242 125.56
6.99815 121.629
7.00389 128.142
7.00962 123.94
7.01536 128.935
7.0211 127.045
7.02683 132.273
7.03257 133.393
7.03831 129.409
7.04404 128.615
7.04978 131.835
7.05551 131.936
7.06125 130.477
7.06699 133.656
7.07272 134.294
7.07846 132.854
7.0842 133.287
7.08993 136.948
7.09567 139.559
7.1014 134.115
7.10714 137.538
7.11288 143.853
7.11861 141.413
7.12435 146.597
7.13008 143.325
7.13582 144.219
7.14156 145.378
7.14729 140.158
7.15303 144.661
7.15877 143.021
7.1645 141.661
7.17024 146.143
7.17597 148.255
7.18171 144.551
7.18745 143.033
7.19318 147.063
7.19892 147.424
7.20466 152
7.21039 150.615
7.21613 152.949
7.22186 157.009
7.2276 158.595
7.23334 159.586
7.23907 155.824
7.24481 156.817
7.25054 156.311
7.25628 159.86
7.26202 164.189
7.26775 165.639
7.27349 168.351
7.27923 162.968
7.28496 171.378
7.2907 173.227
7.29643 174.097
7.30217 176.843
7.30791 184.427
7.31364 190.718
7.31938 187.618
7.32512 191.854
7.33085 200.298
7.33659 210.115
7.34232 201.829
7.34806 216.169
7.3538 238.405
7.35953 219.28
7.36527 263.703
7.371 375.752
7.37674 1157.36
7.38248 526.364
7.38821 4251.17
7.39395 2927.22
7.39969 2549.85
7.40542 1846.55
7.41116 1124.29
7.41689 854.67
7.42263 611.234
7.42837 491.635
7.4341 497.521
7.43984 464.708
7.44558 465.858
7.45131 504.777
7.45705 581.245
7.46278 627.476
7.46852 731.031
7.47426 826.475
7.47999 864.544
7.48573 845.511
7.49146 741.824
7.4972 637.018
7.50294 535.738
7.50867 452.055
7.51441 380.487
7.52015 346.22
7.52588 303.477
7.53162 273.752
7.53735 249.75
7.54309 231.311
7.54883 219.038
7.55456 210.681
7.5603 198.022
7.56604 194.311
7.57177 184.36
7.57751 180.574
7.58324 178.333
7.58898 170
7.59472 169.762
7.60045 170.78
7.60619 166.431
7.61192 164.512
7.61766 160.302
7.6234 161.049
7.62913 157.871
7.63487 156.339
7.64061 156.118
7.64634 154.423
7.65208 151.419
7.65781 158.63
7.66355 158.633
7.66929 154.396
7.67502 154.895
7.68076 157.953
7.6865 156.294
7.69223 160.328
7.69797 170.703
7.7037 162.644
7.70944 194.284
7.71518 346.602
7.72091 663.518
7.72665 1008.86
7.73238 2086.24
7.73812 508.246
7.74386 235.01
7.74959 254.29
7.75533 222.341
7.76107 219.523
7.7668 219.588
7.77254 230.382
7.77827 245.639
7.78401 272.525
7.78975 297.326
7.79548 341.906
7.80122 388.647
7.80696 421.73
7.81269 440.248
7.81843 421.75
7.82416 391.832
7.8299 331.957
7.83564 276.758
7.84137 240.214
7.84711 212.909
7.85284 182.588
7.85858 166.906
7.86432 159.062
7.87005 151.043
7.87579 145.922
7.88153 140.951
7.88726 137.579
7.893 137.156
7.89873 129.531
7.90447 129.431
7.91021 127.707
7.91594 122.336
7.92168 126.117
7.92742 123.009
7.93315 120.27
7.93889 117.606
7.94462 114.319
7.95036 111.959
7.9561 112.091
7.96183 116.524
7.96757 109.038
7.9733 114.073
7.97904 113.608
7.98478 113.089
7.99051 111.272
7.99625 110.098
8.00199 111.669
8.00772 107.941
8.01346 109.957
8.01919 107.346
8.02493 107.773
8.03067 107.195
8.0364 104.169
8.04214 104.008
8.04788 103.748
8.05361 105.058
8.05935 102.757
8.06508 102.178
8.07082 103.103
8.07656 100.051
8.08229 101.82
8.08803 104.02
8.09376 100.832
8.0995 88.4091
8.10524 84.0569
8.11097 82.885
8.11671 72.8406
8.12245 65.9767
8.12818 64.9189
8.13392 61.553
8.13965 56.0657
8.14539 52.9516
8.15113 50.0721
8.15686 25.0584
8.1626 29.3704
8.16834 24.8305
8.17407 18.1579
8.17981 2.10526
8.18554 0
8.19128 0
8.19702 0
8.20275 0
8.20849 0
8.21422 0
8.21996 0
8.2257 0
8.23143 0
8.23717 0
8.24291 0
8.24864 0
8.25438 0
8.26011 0
8.26585 0
8.27159 0
8.27732 0
8.28306 0
8.2888 0
8.29453 0
8.30027 0
8.306 0
8.31174 0
8.31748 0
8.32321 0
8.32895 0
8.33468 0
8.34042 0
8.34616 0
8.35189 0
8.35763 0
8.36337 0
8.3691 0
8.37484 0
8.38057 0
8.38631 0
8.39205 0
8.39778 0
8.40352 0
8.40926 0
8.41499 0
8.42073 0
8.42646 0
8.4322 0
8.43794 0
8.44367 0
8.44941 0
8.45514 0
8.46088 0
8.46662 0
8.47235 0
8.47809 0
8.48383 0
8.48956 0
8.4953 0
8.50103 0
8.50677 0
8.51251 0
8.51824 0
8.52398 0
8.52972 0
8.53545 0
8.54119 0
8.54692 0
8.55266 0
8.5584 0
8.56413 0
8.56987 0
8.5756 0
8.58134 0
8.58708 0
8.59281 0
8.59855 0
8.60429 0
8.61002 0
8.61576 0
8.62149 0
8.62723 0
8.63297 0
8.6387 0
8.64444 0
8.65018 0
8.65591 0
8.66165 0
8.66738 0
8.67312 0
8.67886 0
8.68459 0
8.69033 0
8.69606 0
8.7018 0
8.70754 0
8.71327 0
8.71901 0
8.72475 0
8.73048 0
8.73622 0
8.74195 0
8.74769 0
8.75343 0
8.75916 0
8.7649 0
8.77064 0
8.77637 0
8.78211 0
8.78784 0
8.79358 0
8.79932 0
8.80505 0
8.81079 0
8.81652 0
8.82226 0
8.828 0
8.83373 0
8.83947 0
8.84521 0
8.85094 0
8.85668 0
8.86241 0
8.86815 0
8.87389 0
8.87962 0
8.88536 0
8.8911 0
8.89683 0
8.90257 0
8.9083 0
8.91404 0
8.91978 0
8.92551 0
8.93125 0
8.93698 0
8.94272 0
8.94846 0
8.95419 0
8.95993 0
8.96567 0
8.9714 0
8.97714 0
8.98287 0
8.98861 0
8.99435 0
9.00008 0
9.00582 0
9.01156 0
9.01729 0
9.02303 0
9.02876 0
9.0345 0
9.04024 0
9.04597 0
9.05171 0
9.05744 0
9.06318 0
9.06892 0
9.07465 0
9.08039 0
9.08613 0
9.09186 0
9.0976 0
9.10333 0
9.10907 0
9.11481 0
9.12054 0
9.12628 0
9.13202 0
9.13775 0
9.14349 0
9.14922 0
9.15496 0
9.1607 0
9.16643 0
9.17217 0
9.1779 0
9.18364 0
9.18938 0
9.19511 0
9.20085 0
9.20659 0
9.21232 0
9.21806 0
9.22379 0
9.22953 0
9.23527 0
9.241 0
9.24674 0
9.25248 0
9.25821 0
9.26395 0
9.26968 0
9.27542 0
9.28116 0
9.28689 0
9.29263 0
9.29836 0
9.3041 0
9.30984 0
9.31557 0
9.32131 0
9.32705 0
9.33278 0
9.33852 0
9.34425 0
9.34999 0
9.35573 0
9.36146 0
9.3672 0
9.37294 0
9.37867 0
9.38441 0
9.39014 0
9.39588 0
9.40162 0
9.40735 0
9.41309 0
9.41882 0
9.42456 0
9.4303 0
9.43603 0
9.44177 0
9.44751 0
9.45324 0
9.45898 0
9.46471 0
9.47045 0
9.47619 0
9.48192 0
9.48766 0
9.4934 0
9.49913 0
9.50487 0
9.5106 0
9.51634 0
9.52208 0
9.52781 0
9.53355 0
9.53928 0
9.54502 0
9.55076 0
9.55649 0
9.56223 0
9.56797 0
9.5737 0
9.57944 0
9.58517 0
9.59091 0
9.59665 0
9.60238 0
9.60812 0
9.61386 0
9.61959 0
9.62533 0
9.63106 0
9.6368 0
9.64254 0
9.64827 0
9.65401 0
9.65974 0
9.66548 0
9.67122 0
9.67695 0
9.68269 0
9.68843 0
9.69416 0
9.6999 0
9.70563 0
9.71137 0
9.71711 0
9.72284 0
9.72858 0
9.73432 0
9.74005 0
9.74579 0
9.75152 0
9.75726 0
9.763 0
9.76873 0
9.77447 0
9.7802 0
9.78594 0
9.79168 0
9.79741 0
9.80315 0
9.80889 0
9.81462 0
9.82036 0
9.82609 0
9.83183 0
9.83757 0
9.8433 0
9.84904 0
9.85478 0
9.86051 0
9.86625 0
9.87198 0
9.87772 0
9.88346 0
9.88919 0
9.89493 0
9.90066 0
9.9064 0
9.91214 0
9.91787 0
9.92361 0
9.92935 0
9.93508 0
9.94082 0
9.94655 0
9.95229 0
9.95803 0
9.96376 0
9.9695 0
9.97524 0
9.98097 0
9.98671 0
9.99244 0
9.99818 0
10.0039 0
10.0097 0
10.0154 0
10.0211 0
10.0269 0
10.0326 0
10.0383 0
10.0441 0
10.0498 0
10.0555 0
10.0613 0
10.067 0
10.0728 0
10.0785 0
10.0842 0
10.09 0
10.0957 0
10.1014 0
10.1072 0
10.1129 0
10.1186 0
10.1244 0
10.1301 0
10.1358 0
10.1416 0
10.1473 0
10.1531 0
10.1588 0
10.1645 0
10.1703 0
10.176 0
10.1817 0
10.1875 0
10.1932 0
10.1989 0
10.2047 0
10.2104 0
10.2162 0
10.2219 0
10.2276 0
10.2334 0
10.2391 0
10.2448 0
10.2506 0
10.2563 0
10.262 0
10.2678 0
10.2735 0
10.2793 0
10.285 0
10.2907 0
10.2965 0
10.3022 0
10.3079 0
10.3137 0
10.3194 0
10.3251 0
10.3309 0
10.3366 0
10.3424 0
10.3481 0
10.3538 0
10.3596 0
10.3653 0
10.371 0
10.3768 0
10.3825 0
10.3882 0
10.394 0
10.3997 0
10.4054 0
10.4112 0
10.4169 0
10.4227 0
10.4284 0
10.4341 0
10.4399 0
10.4456 0
10.4513 0
10.4571 0
10.4628 0
10.4685 0
10.4743 0
10.48 0
10.4858 0
10.4915 0
10.4972 0
10.503 0
10.5087 0
10.5144 0
10.5202 0
10.5259 0
10.5316 0
10.5374 0
10.5431 0
10.5489 0
10.5546 0
10.5603 0
10.5661 0
10.5718 0
10.5775 0
10.5833 0
10.589 0
10.5947 0
10.6005 0
10.6062 0
10.612 0
10.6177 0
10.6234 0
10.6292 0
10.6349 0
10.6406 0
10.6464 0
10.6521 0
10.6578 0
10.6636 0
10.6693 0
10.6751 0
10.6808 0
10.6865 0
10.6923 0
10.698 0
10.7037 0
10.7095 0
10.7152 0
10.7209 0
10.7267 0
10.7324 0
10.7381 0
10.7439 0
10.7496 0
10.7554 0
10.7611 0
10.7668 0
10.7726 0
10.7783 0
10.784 0
10.7898 0
10.7955 0
10.8012 0
10.807 0
10.8127 0
10.8185 0
10.8242 0
10.8299 0
10.8357 0
10.8414 0
10.8471 0
10.8529 0
10.8586 0
10.8643 0
10.8701 0
10.8758 0
10.8816 0
10.8873 0
10.893 0
10.8988 0
10.9045 0
10.9102 0
10.916 0
10.9217 0
10.9274 0
10.9332 0
10.9389 0
10.9447 0
10.9504 0
10.9561 0
10.9619 0
10.9676 0
10.9733 0
10.9791 0
10.9848 0
10.9905 0
10.9963 0
11.002 0
11.0077 0
11.0135 0
11.0192 0
11.025 0
11.0307 0
11.0364 0
11.0422 0
11.0479 0
11.0536 0
11.0594 0
11.0651 0
11.0708 0
11.0766 0
11.0823 0
11.0881 0
11.0938 0
11.0995 0
11.1053 0
11.111 0
11.1167 0
11.1225 0
11.1282 0
11.1339 0
11.1397 0
11.1454 0
11.1512 0
11.1569 0
11.1626 0
11.1684 0
11.1741 0
11.1798 0
11.1856 0
11.1913 0
11.197 0
11.2028 0
11.2085 0
11.2143 0
11.22 0
11.2257 0
11.2315 0
11.2372 0
11.2429 0
11.2487 0
11.2544 0
11.2601 0
11.2659 0
11.2716 0
11.2774 0
11.2831 0
11.2888 0
11.2946 0
11.3003 0
11.306 0
11.3118 0
11.3175 0
11.3232 0
11.329 0
11.3347 0
11.3404 0
11.3462 0
11.3519 0
11.3577 0
11.3634 0
11.3691 0
11.3749 0
11.3806 0
11.3863 0
11.3921 0
11.3978 0
11.4035 0
11.4093 0
11.415 0
11.4208 0
11.4265 0
11.4322 0
11.438 0
11.4437 0
11.4494 0
11.4552 0
11.4609 0
11.4666 0
11.4724 0
11.4781 0
11.4839 0
11.4896 0
11.4953 0
11.5011 0
11.5068 0
11.5125 0
11.5183 0
11.524 0
11.5297 0
11.5355 0
11.5412 0
11.547 0
11.5527 0
11.5584 0
11.5642 0
11.5699 0
11.5756 0
11.5814 0
11.5871 0
11.5928 0
11.5986 0
11.6043 0
11.61 0
11.6158 0
11.6215 0
11.6273 0
11.633 0
11.6387 0
11.6445 0
11.6502 0
11.6559 0
11.6617 0
11.6674 0
11.6731 0
11.6789 0
11.6846 0
11.6904 0
11.6961 0
11.7018 0
11.7076 0
11.7133 0
11.719 0
11.7248 0
11.7305 0
11.7362 0
11.742 0
