0 0
0.00573619 -3.003
0.0114724 -8.008
0.0172086 0
0.0229448 2.002
0.028681 -12.012
0.0344171 0
0.0401533 -2.002
0.0458895 -20.02
0.0516257 2.002
0.0573619 0
0.0630981 -26.026
0.0688343 18.018
0.0745705 0
0.0803067 -13.013
0.0860429 -4.004
0.091779 0
0.0975152 3.67033
0.103251 7.67433
0.108988 12.3457
0.114724 0
0.12046 -15.3487
0.126196 10.01
0.131932 0
0.137669 3.33667
0.143405 -0.333667
0.149141 18.018
0.154877 8.5085
0.160613 0.667333
0.16635 5.67233
0.172086 0
0.177822 -3.003
0.183558 3.25325
0.189294 0
0.19503 17.8178
0.200767 -1.4014
0.206503 -3.67033
0.212239 -3.5035
0.217975 -10.4104
0.223711 -13.013
0.229448 0
0.235184 -7.8078
0.24092 6.8068
0.246656 0
0.252392 -10.4104
0.258129 -7.6076
0.263865 -6.8068
0.269601 0
0.275337 11.011
0.281073 -4.004
0.28681 0
0.292546 -7.722
0.298282 7.722
0.304018 0
0.309754 1.5015
0.31549 -3.003
0.321227 11.011
0.326963 0
0.332699 -3.861
0.338435 -2.145
0.344171 0
0.349908 6.006
0.355644 -0.715
0.36138 -1.001
0.367116 -4.004
0.372852 1.62662
0.378589 5.863
0.384325 5.005
0.390061 3.22544
0.395797 0.667333
0.401533 0
0.40727 -0.444889
0.413006 5.33867
0.418742 18.018
0.424478 7.007
0.430214 21.7996
0.43595 28.5841
0.441687 0
0.447423 18.3517
0.453159 21.6883
0.458895 2.66933
0.464631 17.875
0.470368 16.107
0.476104 25.3587
0.48184 -1.5015
0.487576 16.926
0.493312 14.742
0.499049 0
0.504785 20.293
0.510521 23.569
0.516257 25.6256
0.521993 26.8602
0.52773 22.386
0.533466 27.3607
0.539202 26.5265
0.544938 27.664
0.550674 22.022
0.55641 0
0.562147 27.1104
0.567883 21.406
0.573619 23.738
0.579355 26.3597
0.585091 17.71
0.590828 12.012
0.596564 2.5025
0.6023 21.098
0.608036 15.323
0.613772 24.2242
0.619509 31.7817
0.625245 17.325
0.630981 22.3557
0.636717 23.7738
0.642453 30.415
0.64819 27.566
0.653926 45.045
0.659662 29.6963
0.665398 29.2959
0.671134 41.613
0.67687 28.2782
0.682607 28.0947
0.688343 35.763
0.694079 39.5395
0.699815 28.6286
0.705551 26.4264
0.711288 32.032
0.717024 26.8125
0.72276 31.8318
0.728496 25.8036
0.734232 38.8722
0.739969 39.7272
0.745705 21.945
0.751441 31.3647
0.757177 27.0859
0.762913 37.5669
0.76865 28.8288
0.774386 40.2902
0.780122 36.4482
0.785858 36.582
0.791594 38.038
0.79733 38.4502
0.803067 32.5659
0.808803 28.028
0.814539 32.032
0.820275 33.2685
0.826011 27.4719
0.831748 33.2832
0.837484 31.2534
0.84322 32.186
0.848956 46.7133
0.854692 32.2954
0.860429 25.4961
0.866165 25.2252
0.871901 27.3398
0.877637 29.2924
0.883373 32.851
0.88911 28.7787
0.894846 23.7079
0.900582 29.2292
0.906318 30.5305
0.912054 32.2427
0.91779 31.9731
0.923527 34.9238
0.929263 34.419
0.934999 39.4894
0.940735 31.801
0.946471 30.03
0.952208 33.6527
0.957944 30.2066
0.96368 22.7728
0.969416 33.3667
0.975152 19.4405
0.980889 30.212
0.986625 31.4481
0.992361 34.9873
0.998097 28.028
1.00383 34.034
1.00957 32.0797
1.01531 40.3344
1.02104 29.2292
1.02678 26.9092
1.03251 34.5583
1.03825 32.571
1.04399 31.9486
1.04972 35.9925
1.05546 36.3893
1.0612 34.8682
1.06693 34.4257
1.07267 21.0737
1.0784 35.805
1.08414 42.8285
1.08988 28.942
1.09561 32.6326
1.10135 32.7827
1.10708 35.6878
1.11282 43.4552
1.11856 39.039
1.12429 30.9059
1.13003 31.3647
1.13577 26.4264
1.1415 29.887
1.14724 35.5956
1.15297 38.9055
1.15871 33.1331
1.16445 29.9499
1.17018 32.1374
1.17592 27.874
1.18166 38.3161
1.18739 35.8184
1.19313 35.9693
1.19886 35.2853
1.2046 30.7107
1.21034 33.033
1.21607 28.9178
1.22181 26.6563
1.22754 34.2723
1.23328 40.3933
1.23902 40.9784
1.24475 37.5175
1.25049 36.5071
1.25623 33.7837
1.26196 31.0681
1.2677 36.7736
1.27343 45.738
1.27917 35.4445
1.28491 28.5067
1.29064 25.4372
1.29638 40.2402
1.30212 34.7384
1.30785 37.2038
1.31359 34.58
1.31932 34.0685
1.32506 41.4223
1.3308 27.6158
1.33653 41.1411
1.34227 43.8838
1.348 33.7706
1.35374 34.9635
1.35948 37.3336
1.36521 37.466
1.37095 33.033
1.37669 32.2391
1.38242 31.0745
1.38816 32.032
1.39389 36.5102
1.39963 37.1482
1.40537 34.5345
1.4111 48.8345
1.41684 33.4127
1.42258 33.947
1.42831 37.1548
1.43405 24.5662
1.43978 38.5986
1.44552 32.89
1.45126 36.5991
1.45699 29.961
1.46273 28.743
1.46846 30.3637
1.4742 29.9331
1.47994 28.5503
1.48567 37.1371
1.49141 34.2723
1.49715 27.9909
1.50288 30.485
1.50862 30.7808
1.51435 31.2726
1.52009 41.6016
1.52583 44.5779
1.53156 31.5982
1.5373 30.6306
1.54304 31.7937
1.54877 32.4324
1.55451 30.962
1.56024 38.6908
1.56598 31.8175
1.57172 38.3609
1.57745 32.802
1.58319 31.2312
1.58892 29.7497
1.59466 34.0711
1.6004 28.4684
1.60613 38.3161
1.61187 32.6455
1.61761 36.8368
1.62334 38.038
1.62908 26.6933
1.63481 30.9569
1.64055 35.7749
1.64629 33.852
1.65202 34.6208
1.65776 29.2292
1.6635 24.2117
1.66923 28.1895
1.67497 30.1015
1.6807 30.8308
1.68644 31.2455
1.69218 33.6765
1.69791 33.6336
1.70365 34.1705
1.70938 33.259
1.71512 32.2544
1.72086 38.2257
1.72659 32.2747
1.73233 31.5833
1.73807 35.0785
1.7438 31.6085
1.74954 28.3041
1.75527 30.7344
1.76101 36.8263
1.76675 29.2413
1.77248 35.75
1.77822 33.5335
1.78396 30.5639
1.78969 29.5134
1.79543 30.9939
1.80116 37.6626
1.8069 34.2923
1.81264 32.4117
1.81837 43.5991
1.82411 35.6928
1.82984 28.8909
1.83558 33.9539
1.84132 34.9195
1.84705 32.3549
1.85279 33.9982
1.85853 32.8154
1.86426 34.762
1.87 27.8945
1.87573 35.9182
1.88147 34.32
1.88721 31.8197
1.89294 37.9639
1.89868 33.7645
1.90442 32.4567
1.91015 38.9744
1.91589 38.5385
1.92162 41.4414
1.92736 36.4558
1.9331 42.4824
1.93883 42.2207
1.94457 38.675
1.9503 40.04
1.95604 33.9923
1.96178 34.4167
1.96751 36.0986
1.97325 28.7287
1.97899 30.0571
1.98472 32.305
1.99046 35.104
1.99619 37.576
2.00193 30.03
2.00767 31.9674
2.0134 35.2435
2.01914 34.9206
2.02488 33.5487
2.03061 35.035
2.03635 38.4447
2.04208 35.5944
2.04782 36.9744
2.05356 35.2435
2.05929 32.3935
2.06503 34.2106
2.07076 30.8035
2.0765 32.3296
2.08224 40.7836
2.08797 36.7609
2.09371 34.9992
2.09945 41.555
2.10518 36.3697
2.11092 38.1631
2.11665 34.9268
2.12239 30.2874
2.12813 31.3792
2.13386 33.2224
2.1396 33.1998
2.14534 39.7272
2.15107 32.1475
2.15681 37.037
2.16254 39.5951
2.16828 37.31
2.17402 39.4497
2.17975 35.522
2.18549 31.6445
2.19122 35.8692
2.19696 36.1713
2.2027 45.8172
2.20843 51.4264
2.21417 81.5943
2.21991 77.0499
2.22564 30.212
2.23138 41.9419
2.23711 39.8556
2.24285 39.9222
2.24859 41.47
2.25432 38.5122
2.26006 36.2413
2.2658 35.126
2.27153 40.8701
2.27727 39.3727
2.283 34.7444
2.28874 41.2912
2.29448 37.6787
2.30021 39.9047
2.30595 36.4595
2.31168 35.5997
2.31742 40.3904
2.32316 34.4435
2.32889 41.2317
2.33463 41.066
2.34037 42.5703
2.3461 41.5415
2.35184 45.0927
2.35757 41.5821
2.36331 44.1595
2.36905 43.2139
2.37478 38.1112
2.38052 35.7777
2.38626 41.6887
2.39199 40.8548
2.39773 37.0099
2.40346 35.112
2.4092 39.2892
2.41494 38.5385
2.42067 45.3635
2.42641 42.8155
2.43214 39.3727
2.43788 40.4118
2.44362 41.8483
2.44935 37.1927
2.45509 33.8543
2.46083 32.263
2.46656 36.7923
2.4723 39.2587
2.47803 42.3527
2.48377 42.2672
2.48951 41.1341
2.49524 42.2217
2.50098 38.6925
2.50672 41.4327
2.51245 38.8722
2.51819 47.8812
2.52392 46.3507
2.52966 42.3605
2.5354 43.6193
2.54113 43.9868
2.54687 42.4424
2.5526 40.4795
2.55834 42.8505
2.56408 40.5937
2.56981 41.0177
2.57555 41.6278
2.58129 42.5902
2.58702 45.7791
2.59276 42.4749
2.59849 42.5577
2.60423 42.3249
2.60997 42.8155
2.6157 36.5365
2.62144 38.6845
2.62718 38.5603
2.63291 41.4986
2.63865 40.8742
2.64438 43.9162
2.65012 44.0928
2.65586 34.401
2.66159 40.8493
2.66733 41.6194
2.67306 39.5195
2.6788 41.4581
2.68454 44.9824
2.69027 45.9947
2.69601 42.133
2.70175 46.2545
2.70748 42.4202
2.71322 44.044
2.71895 46.046
2.72469 43.0639
2.73043 43.615
2.73616 42.4371
2.7419 46.9244
2.74764 44.6493
2.75337 41.408
2.75911 45.6783
2.76484 48.2523
2.77058 39.1224
2.77632 47.476
2.78205 49.5895
2.78779 41.4773
2.79352 48.6772
2.79926 44.0825
2.805 41.4636
2.81073 40.9298
2.81647 47.355
2.82221 48.3544
2.82794 47.8586
2.83368 46.8626
2.83941 45.1772
2.84515 46.9005
2.85089 43.8563
2.85662 47.8591
2.86236 43.4516
2.8681 45.5872
2.87383 49.9944
2.87957 50.8708
2.8853 50.0012
2.89104 45.5049
2.89678 52.206
2.90251 46.4019
2.90825 45.7353
2.91398 46.1572
2.91972 50.5603
2.92546 47.7234
2.93119 54.0302
2.93693 50.9566
2.94267 52.9195
2.9484 48.2044
2.95414 50.5033
2.95987 49.764
2.96561 47.7885
2.97135 50.765
2.97708 53.4052
2.98282 52.6423
2.98856 47.7913
2.99429 51.6256
3.00003 50.05
3.00576 56.9278
3.0115 51.142
3.01724 47.4058
3.02297 54.8927
3.02871 54.9868
3.03444 56.2744
3.04018 56.6788
3.04592 54.8195
3.05165 56.5838
3.05739 51.6202
3.06313 55.7108
3.06886 54.1076
3.0746 56.4928
3.08033 53.326
3.08607 49.8065
3.09181 56.056
3.09754 55.055
3.10328 62.4495
3.10902 60.7217
3.11475 71.5432
3.12049 59.9317
3.12622 61.6268
3.13196 56.42
3.1377 59.3998
3.14343 70.3759
3.14917 62.7006
3.1549 66.6156
3.16064 63.4772
3.16638 62.6626
3.17211 64.2096
3.17785 61.607
3.18359 68.0924
3.18932 66.601
3.19506 67.8024
3.20079 62.7097
3.20653 60.043
3.21227 64.404
3.218 63.8687
3.22374 64.7313
3.22948 64.8953
3.23521 65.6434
3.24095 63.448
3.24668 69.5194
3.25242 73.3185
3.25816 62.7391
3.26389 67.3304
3.26963 71.1412
3.27536 73.1383
3.2811 67.8971
3.28684 72.2889
3.29257 69.3754
3.29831 73.7959
3.30405 75.1703
3.30978 80.4076
3.31552 79.4282
3.32125 78.8496
3.32699 82.802
3.33273 82.0035
3.33846 86.471
3.3442 83.0346
3.34994 83.9466
3.35567 81.8713
3.36141 82.5401
3.36714 80.3434
3.37288 78.6619
3.37862 81.5
3.38435 80.359
3.39009 83.7252
3.39582 83.8894
3.40156 86.8804
3.4073 85.9404
3.41303 84.3822
3.41877 82.9579
3.42451 89.5321
3.43024 86.6065
3.43598 93.6057
3.44171 89.5498
3.44745 90.376
3.45319 90.519
3.45892 89.271
3.46466 92.092
3.4704 91.3112
3.47613 95.3976
3.48187 89.5021
3.4876 93.8862
3.49334 93.8833
3.49908 94.4376
3.50481 100.82
3.51055 94.3496
3.51628 100.61
3.52202 105.351
3.52776 110.221
3.53349 119.803
3.53923 125.602
3.54497 141.771
3.5507 151.422
3.55644 152.516
3.56217 140.785
3.56791 131.632
3.57365 124.059
3.57938 120.197
3.58512 123.123
3.59086 119.988
3.59659 118.805
3.60233 121.851
3.60806 119.492
3.6138 119.752
3.61954 127.413
3.62527 135.492
3.63101 138.724
3.63674 144.532
3.64248 159.573
3.64822 171.4
3.65395 184.588
3.65969 190.682
3.66543 181.2
3.67116 171.497
3.6769 166.007
3.68263 173.55
3.68837 172.989
3.69411 181.239
3.69984 177.856
3.70558 173.284
3.71132 181.161
3.71705 183.106
3.72279 189.868
3.72852 187.629
3.73426 186.545
3.74 199.393
3.74573 204.504
3.75147 203.749
3.7572 213.642
3.76294 223.579
3.76868 219.947
3.77441 237.491
3.78015 248.078
3.78589 258.897
3.79162 271.521
3.79736 293.825
3.80309 301.48
3.80883 317.749
3.81457 353.969
3.8203 385.552
3.82604 390.762
3.83178 459.474
3.83751 585.811
3.84325 884.276
3.84898 997.393
3.85472 2203.84
3.86046 1355.14
3.86619 1145.01
3.87193 1289.62
3.87766 1516.22
3.8834 1698.4
3.88914 1946.73
3.89487 2266.05
3.90061 2365.45
3.90635 2300.03
3.91208 2050.11
3.91782 1668.85
3.92355 1356.72
3.92929 1137.43
3.93503 942.238
3.94076 778.692
3.9465 688.91
3.95224 591.158
3.95797 523.714
3.96371 469.97
3.96944 433.179
3.97518 399.526
3.98092 371.103
3.98665 354.803
3.99239 329.506
3.99812 319.545
4.00386 295.601
4.0096 288.767
4.01533 282.47
4.02107 271.892
4.02681 264.734
4.03254 264.901
4.03828 252.152
4.04401 249.249
4.04975 244.611
4.05549 240.825
4.06122 229.425
4.06696 229.229
4.0727 222.079
4.07843 210.927
4.08417 210.46
4.0899 213.051
4.09564 212.149
4.10138 206.466
4.10711 203.551
4.11285 204.629
4.11858 196.625
4.12432 202.283
4.13006 199.979
4.13579 201.821
4.14153 194.637
4.14727 194.496
4.153 199.498
4.15874 188.825
4.16447 190.19
4.17021 193.054
4.17595 187.187
4.18168 188.42
4.18742 186.601
4.19316 193.375
4.19889 184.364
4.20463 189.432
4.21036 191.103
4.2161 189.306
4.22184 183.252
4.22757 184.434
4.23331 190.07
4.23904 189.75
4.24478 190.484
4.25052 196.065
4.25625 190.977
4.26199 193.365
4.26773 191.58
4.27346 192.935
4.2792 192.174
4.28493 193.554
4.29067 199.156
4.29641 200.826
4.30214 200.701
4.30788 208.766
4.31362 206.237
4.31935 204.115
4.32509 203.798
4.33082 215.215
4.33656 216.416
4.3423 215.495
4.34803 231.299
4.35377 225.403
4.3595 232.899
4.36524 242.526
4.37098 252.681
4.37671 249.453
4.38245 262.303
4.38819 277.068
4.39392 288.13
4.39966 284.168
4.40539 311.422
4.41113 343.696
4.41687 326.901
4.4226 420.368
4.42834 659.138
4.43408 856.189
4.43981 2317.46
4.44555 9492.85
4.45128 5562.31
4.45702 4438.5
4.46276 1856.96
4.46849 744.104
4.47423 579.097
4.47996 573.942
4.4857 564.253
4.49144 561.13
4.49717 564.437
4.50291 592.447
4.50865 597.211
4.51438 574.131
4.52012 551.222
4.52585 510.216
4.53159 455.718
4.53733 409.451
4.54306 372.034
4.5488 335.813
4.55454 307.096
4.56027 289.001
4.56601 272.827
4.57174 248.652
4.57748 243.679
4.58322 221.388
4.58895 222.371
4.59469 207.42
4.60042 194.926
4.60616 189.696
4.6119 181.501
4.61763 177.768
4.62337 173.584
4.62911 168.12
4.63484 166.982
4.64058 161.649
4.64631 156.837
4.65205 148.809
4.65779 145.27
4.66352 148.533
4.66926 137.153
4.675 139.816
4.68073 138.01
4.68647 133.873
4.6922 132.501
4.69794 133.033
4.70368 130.52
4.70941 126.206
4.71515 130.377
4.72088 123.924
4.72662 128.592
4.73236 128.446
4.73809 124.222
4.74383 126.87
4.74957 124.086
4.7553 121.586
4.76104 125.738
4.76677 120.284
4.77251 118.38
4.77825 117.288
4.78398 115.969
4.78972 112.403
4.79546 111.464
4.80119 112.758
4.80693 107.523
4.81266 108.799
4.8184 109.121
4.82414 106.929
4.82987 105.729
4.83561 106.213
4.84134 109.247
4.84708 105.974
4.85282 109.745
4.85855 108.047
4.86429 108.489
4.87003 108.715
4.87576 102.928
4.8815 103.783
4.88723 105.531
4.89297 101.019
4.89871 102.781
4.90444 98.676
4.91018 102.012
4.91592 101.399
4.92165 96.7295
4.92739 100.767
4.93312 98.4937
4.93886 98.8011
4.9446 91.2105
4.95033 97.3367
4.95607 100.298
4.9618 95.576
4.96754 96.7237
4.97328 98.9128
4.97901 98.508
4.98475 95.8991
4.99049 94.479
4.99622 94.2419
5.00196 94.5465
5.00769 94.5071
5.01343 92.0579
5.01917 95.3483
5.0249 96.3038
5.03064 90.6127
5.03638 94.9902
5.04211 91.6916
5.04785 94.0632
5.05358 93.6401
5.05932 96.5038
5.06506 95.8501
5.07079 93.5139
5.07653 90.8724
5.08226 95.8422
5.088 90.6116
5.09374 93.8382
5.09947 91.442
5.10521 90.6302
5.11095 90.6239
5.11668 91.2441
5.12242 90.1203
5.12815 94.419
5.13389 95.6734
5.13963 93.99
5.14536 89.5813
5.1511 92.6034
5.15684 93.889
5.16257 93.5128
5.16831 92.7712
5.17404 96.4559
5.17978 95.942
5.18552 94.6319
5.19125 95.7957
5.19699 92.7312
5.20272 94.9084
5.20846 92.3858
5.2142 88.6166
5.21993 90.1954
5.22567 86.2021
5.23141 89.8724
5.23714 86.4691
5.24288 90.1228
5.24861 90.9604
5.25435 94.0265
5.26009 91.8489
5.26582 92.2501
5.27156 91.014
5.2773 93.2807
5.28303 91.0602
5.28877 90.5692
5.2945 86.7648
5.30024 91.5081
5.30598 90.6982
5.31171 91.5296
5.31745 95.6443
5.32318 95.9266
5.32892 95.1057
5.33466 92.7478
5.34039 93.0778
5.34613 92.3393
5.35187 93.511
5.3576 94.7366
5.36334 90.1498
5.36907 94.9282
5.37481 94.4826
5.38055 95.0786
5.38628 96.6069
5.39202 102.817
5.39776 109.647
5.40349 107.177
5.40923 104.271
5.41496 101.509
5.4207 101.053
5.42644 92.9296
5.43217 96.0848
5.43791 93.7988
5.44364 94.1763
5.44938 98.5933
5.45512 99.1356
5.46085 99.8759
5.46659 93.5833
5.47233 93.6441
5.47806 93.5276
5.4838 92.8582
5.48953 91.6076
5.49527 94.5945
5.50101 93.0332
5.50674 95.1256
5.51248 91.1697
5.51822 92.0785
5.52395 90.681
5.52969 92.9638
5.53542 92.5806
5.54116 91.7829
5.5469 92.8301
5.55263 96.0738
5.55837 91.4525
5.5641 93.0705
5.56984 94.3416
5.57558 96.6561
5.58131 96.9324
5.58705 97.1476
5.59279 97.2449
5.59852 97.0811
5.60426 94.074
5.60999 95.4825
5.61573 96.096
5.62147 91.8117
5.6272 92.2262
5.63294 95.1299
5.63868 94.4227
5.64441 90.9438
5.65015 93.9433
5.65588 96.9778
5.66162 98.371
5.66736 96.915
5.67309 96.5732
5.67883 96.1105
5.68456 98.4944
5.6903 100.334
5.69604 97.6585
5.70177 96.1442
5.70751 100.416
5.71325 103.433
5.71898 99.9872
5.72472 103.74
5.73045 101.833
5.73619 107.195
5.74193 101.9
5.74766 100.111
5.7534 105.196
5.75914 102.638
5.76487 107.93
5.77061 105.03
5.77634 107.89
5.78208 109.818
5.78782 110.234
5.79355 110.995
5.79929 108.735
5.80502 105.799
5.81076 108.772
5.8165 105.078
5.82223 107.566
5.82797 107.413
5.83371 104.523
5.83944 106.486
5.84518 107.178
5.85091 110.527
5.85665 109.463
5.86239 104.018
5.86812 108.598
5.87386 109.435
5.8796 107.107
5.88533 108.752
5.89107 109.163
5.8968 108.239
5.90254 112.169
5.90828 113.767
5.91401 116.407
5.91975 115.923
5.92548 116.864
5.93122 116.35
5.93696 117.021
5.94269 116.364
5.94843 116.262
5.95417 122.27
5.9599 117.529
5.96564 116.288
5.97137 121.43
5.97711 120.614
5.98285 120.674
5.98858 121.591
5.99432 124.458
6.00006 124.743
6.00579 130.191
6.01153 133.239
6.01726 132.586
6.023 128.481
6.02874 130.943
6.03447 131.848
6.04021 129.741
6.04594 131.775
6.05168 131.871
6.05742 131.625
6.06315 132.637
6.06889 132.268
6.07463 135.802
6.08036 135.018
6.0861 138.649
6.09183 142.872
6.09757 143.079
6.10331 144.068
6.10904 142.632
6.11478 147.566
6.12052 146.782
6.12625 146.777
6.13199 154.58
6.13772 153.129
6.14346 153.173
6.1492 153.984
6.15493 160.198
6.16067 155.175
6.1664 165.941
6.17214 165.793
6.17788 170.337
6.18361 170.612
6.18935 173.709
6.19509 184.104
6.20082 180.29
6.20656 183.065
6.21229 196.154
6.21803 208.086
6.22377 209.152
6.2295 217.087
6.23524 241.228
6.24098 225.62
6.24671 234.911
6.25245 259.323
6.25818 276.963
6.26392 268.798
6.26966 377.073
6.27539 810.289
6.28113 431.89
6.28686 2966.55
6.2926 10136.1
6.29834 2654.28
6.30407 4120.99
6.30981 5658.46
6.31555 2408.78
6.32128 623.039
6.32702 509.499
6.33275 452.546
6.33849 400.946
6.34423 386.049
6.34996 408.251
6.3557 429.519
6.36144 425.267
6.36717 453.549
6.37291 494.094
6.37864 504.07
6.38438 509.896
6.39012 510.706
6.39585 494.507
6.40159 454.315
6.40732 413.543
6.41306 380.284
6.4188 344.148
6.42453 317.26
6.43027 300.29
6.43601 284.174
6.44174 267.286
6.44748 265.209
6.45321 249.59
6.45895 245.55
6.46469 233.576
6.47042 228.597
6.47616 224.212
6.4819 213.486
6.48763 207.133
6.49337 201.987
6.4991 193.867
6.50484 191.219
6.51058 189.945
6.51631 185.34
6.52205 182.783
6.52778 182.386
6.53352 182.378
6.53926 181.483
6.54499 178.521
6.55073 181.74
6.55647 183.421
6.5622 179.161
6.56794 177.196
6.57367 180.88
6.57941 176.45
6.58515 177.49
6.59088 170.363
6.59662 167.191
6.60236 166.886
6.60809 166.298
6.61383 169.761
6.61956 163.462
6.6253 162.189
6.63104 161.063
6.63677 163.71
6.64251 160.669
6.64824 159.215
6.65398 160.193
6.65972 158.109
6.66545 160.544
6.67119 161.575
6.67693 163.035
6.68266 163.715
6.6884 162.014
6.69413 162.811
6.69987 156.729
6.70561 159.016
6.71134 161.671
6.71708 159.364
6.72282 160.502
6.72855 158.964
6.73429 160.801
6.74002 158.007
6.74576 156.121
6.7515 163.639
6.75723 155.785
6.76297 154.749
6.7687 156.031
6.77444 155.954
6.78018 161.094
6.78591 157.028
6.79165 158.485
6.79739 160.022
6.80312 155.875
6.80886 156.951
6.81459 155.837
6.82033 157.262
6.82607 155.776
6.8318 161.028
6.83754 158.556
6.84328 156.139
6.84901 158.256
6.85475 160.952
6.86048 159.352
6.86622 156.199
6.87196 154.856
6.87769 154.384
6.88343 156.962
6.88916 158
6.8949 159.355
6.90064 157.263
6.90637 156.534
6.91211 161.011
6.91785 156.294
6.92358 162.154
6.92932 161.568
6.93505 158.574
6.94079 162.233
6.94653 157.709
6.95226 157.793
6.958 159.632
6.96374 156.915
6.96947 156.367
6.97521 163.097
6.98094 157.545
6.98668 160.177
6.99242 160.298
6.99815 161.026
7.00389 160.26
7.00962 158.866
7.01536 160.595
7.0211 158.258
7.02683 159.341
7.03257 165.698
7.03831 162.84
7.04404 164.763
7.04978 164.094
7.05551 166.762
7.06125 162.162
7.06699 165.091
7.07272 171.208
7.07846 168.955
7.0842 172.033
7.08993 170.084
7.09567 172.786
7.1014 165.51
7.10714 170.969
7.11288 174.587
7.11861 172.041
7.12435 178.662
7.13008 177.04
7.13582 179.815
7.14156 177.989
7.14729 182.115
7.15303 183.78
7.15877 175.928
7.1645 180.148
7.17024 183.082
7.17597 184.756
7.18171 180.405
7.18745 180.319
7.19318 183.535
7.19892 185.86
7.20466 188.763
7.21039 188.051
7.21613 195.417
7.22186 189.905
7.2276 193.352
7.23334 198.198
7.23907 192.885
7.24481 200.208
7.25054 195.893
7.25628 206.837
7.26202 199.677
7.26775 202.563
7.27349 210.381
7.27923 207.562
7.28496 211.503
7.2907 215.265
7.29643 218.422
7.30217 220.665
7.30791 221.092
7.31364 233.686
7.31938 229.499
7.32512 241.318
7.33085 244.972
7.33659 258.508
7.34232 246.751
7.34806 260.722
7.3538 280.704
7.35953 272.929
7.36527 300.23
7.371 379.147
7.37674 883.142
7.38248 557.821
7.38821 2658.86
7.39395 2979.65
7.39969 5264.28
7.40542 2393.61
7.41116 1527.09
7.41689 831.425
7.42263 485.897
7.42837 408.63
7.4341 412.496
7.43984 401.075
7.44558 397.92
7.45131 411.146
7.45705 439.885
7.46278 448.565
7.46852 474.274
7.47426 503.07
7.47999 529.863
7.48573 539.845
7.49146 546.434
7.4972 537.683
7.50294 503.138
7.50867 468.413
7.51441 424.517
7.52015 390.676
7.52588 365.001
7.53162 337.569
7.53735 314.028
7.54309 295.732
7.54883 280.106
7.55456 263.49
7.5603 274.118
7.56604 250.954
7.57177 235.756
7.57751 231.779
7.58324 220.446
7.58898 215.184
7.59472 211.572
7.60045 205.465
7.60619 199.728
7.61192 195.792
7.61766 196.999
7.6234 198
7.62913 193.451
7.63487 192.391
7.64061 192.261
7.64634 188.229
7.65208 187.8
7.65781 186.203
7.66355 185.992
7.66929 184.535
7.67502 186.46
7.68076 189.869
7.6865 187.002
7.69223 189.548
7.69797 198.911
7.7037 198.723
7.70944 221.445
7.71518 341.528
7.72091 469.342
7.72665 1023.44
7.73238 1702.03
7.73812 442.015
7.74386 283.732
7.74959 248.364
7.75533 224.391
7.76107 220.436
7.7668 222.442
7.77254 225.072
7.77827 233.947
7.78401 241.008
7.78975 247.447
7.79548 262.872
7.80122 268.794
7.80696 280.127
7.81269 290.952
7.81843 292.3
7.82416 298.593
7.8299 287.316
7.83564 271.224
7.84137 260.089
7.84711 237.838
7.85284 222.78
7.85858 203.684
7.86432 196.691
7.87005 184.22
7.87579 182.596
7.88153 172.435
7.88726 169.917
7.893 162.637
7.89873 161.278
7.90447 159.051
7.91021 156.179
7.91594 152.771
7.92168 151.268
7.92742 149.111
7.93315 149.178
7.93889 145.137
7.94462 144.888
7.95036 140.355
7.9561 140.201
7.96183 139.425
7.96757 141.799
7.9733 140.505
7.97904 137.299
7.98478 139.872
7.99051 139.195
7.99625 137.987
8.00199 138.501
8.00772 136.295
8.01346 134.725
8.01919 132.749
8.02493 131.728
8.03067 130.298
8.0364 131.889
8.04214 129.413
8.04788 128.886
8.05361 127.653
8.05935 122.188
8.06508 130.317
8.07082 128.462
8.07656 123.963
8.08229 121.434
8.08803 123.356
8.09376 115.437
8.0995 108.207
8.10524 102.24
8.11097 96.0428
8.11671 88.4072
8.12245 85.6515
8.12818 80.1161
8.13392 75.3177
8.13965 70.5668
8.14539 65.1296
8.15113 60.8806
8.15686 29.6866
8.1626 38.4087
8.16834 32.7615
8.17407 29.3978
8.17981 2.58153
8.18554 0
8.19128 0
8.19702 0
8.20275 0
8.20849 0
8.21422 0
8.21996 0
8.2257 0
8.23143 0
8.23717 0
8.24291 0
8.24864 0
8.25438 0
8.26011 0
8.26585 0
8.27159 0
8.27732 0
8.28306 0
8.2888 0
8.29453 0
8.30027 0
8.306 0
8.31174 0
8.31748 0
8.32321 0
8.32895 0
8.33468 0
8.34042 0
8.34616 0
8.35189 0
8.35763 0
8.36337 0
8.3691 0
8.37484 0
8.38057 0
8.38631 0
8.39205 0
8.39778 0
8.40352 0
8.40926 0
8.41499 0
8.42073 0
8.42646 0
8.4322 0
8.43794 0
8.44367 0
8.44941 0
8.45514 0
8.46088 0
8.46662 0
8.47235 0
8.47809 0
8.48383 0
8.48956 0
8.4953 0
8.50103 0
8.50677 0
8.51251 0
8.51824 0
8.52398 0
8.52972 0
8.53545 0
8.54119 0
8.54692 0
8.55266 0
8.5584 0
8.56413 0
8.56987 0
8.5756 0
8.58134 0
8.58708 0
8.59281 0
8.59855 0
8.60429 0
8.61002 0
8.61576 0
8.62149 0
8.62723 0
8.63297 0
8.6387 0
8.64444 0
8.65018 0
8.65591 0
8.66165 0
8.66738 0
8.67312 0
8.67886 0
8.68459 0
8.69033 0
8.69606 0
8.7018 0
8.70754 0
8.71327 0
8.71901 0
8.72475 0
8.73048 0
8.73622 0
8.74195 0
8.74769 0
8.75343 0
8.75916 0
8.7649 0
8.77064 0
8.77637 0
8.78211 0
8.78784 0
8.79358 0
8.79932 0
8.80505 0
8.81079 0
8.81652 0
8.82226 0
8.828 0
8.83373 0
8.83947 0
8.84521 0
8.85094 0
8.85668 0
8.86241 0
8.86815 0
8.87389 0
8.87962 0
8.88536 0
8.8911 0
8.89683 0
8.90257 0
8.9083 0
8.91404 0
8.91978 0
8.92551 0
8.93125 0
8.93698 0
8.94272 0
8.94846 0
8.95419 0
8.95993 0
8.96567 0
8.9714 0
8.97714 0
8.98287 0
8.98861 0
8.99435 0
9.00008 0
9.00582 0
9.01156 0
9.01729 0
9.02303 0
9.02876 0
9.0345 0
9.04024 0
9.04597 0
9.05171 0
9.05744 0
9.06318 0
9.06892 0
9.07465 0
9.08039 0
9.08613 0
9.09186 0
9.0976 0
9.10333 0
9.10907 0
9.11481 0
9.12054 0
9.12628 0
9.13202 0
9.13775 0
9.14349 0
9.14922 0
9.15496 0
9.1607 0
9.16643 0
9.17217 0
9.1779 0
9.18364 0
9.18938 0
9.19511 0
9.20085 0
9.20659 0
9.21232 0
9.21806 0
9.22379 0
9.22953 0
9.23527 0
9.241 0
9.24674 0
9.25248 0
9.25821 0
9.26395 0
9.26968 0
9.27542 0
9.28116 0
9.28689 0
9.29263 0
9.29836 0
9.3041 0
9.30984 0
9.31557 0
9.32131 0
9.32705 0
9.33278 0
9.33852 0
9.34425 0
9.34999 0
9.35573 0
9.36146 0
9.3672 0
9.37294 0
9.37867 0
9.38441 0
9.39014 0
9.39588 0
9.40162 0
9.40735 0
9.41309 0
9.41882 0
9.42456 0
9.4303 0
9.43603 0
9.44177 0
9.44751 0
9.45324 0
9.45898 0
9.46471 0
9.47045 0
9.47619 0
9.48192 0
9.48766 0
9.4934 0
9.49913 0
9.50487 0
9.5106 0
9.51634 0
9.52208 0
9.52781 0
9.53355 0
9.53928 0
9.54502 0
9.55076 0
9.55649 0
9.56223 0
9.56797 0
9.5737 0
9.57944 0
9.58517 0
9.59091 0
9.59665 0
9.60238 0
9.60812 0
9.61386 0
9.61959 0
9.62533 0
9.63106 0
9.6368 0
9.64254 0
9.64827 0
9.65401 0
9.65974 0
9.66548 0
9.67122 0
9.67695 0
9.68269 0
9.68843 0
9.69416 0
9.6999 0
9.70563 0
9.71137 0
9.71711 0
9.72284 0
9.72858 0
9.73432 0
9.74005 0
9.74579 0
9.75152 0
9.75726 0
9.763 0
9.76873 0
9.77447 0
9.7802 0
9.78594 0
9.79168 0
9.79741 0
9.80315 0
9.80889 0
9.81462 0
9.82036 0
9.82609 0
9.83183 0
9.83757 0
9.8433 0
9.84904 0
9.85478 0
9.86051 0
9.86625 0
9.87198 0
9.87772 0
9.88346 0
9.88919 0
9.89493 0
9.90066 0
9.9064 0
9.91214 0
9.91787 0
9.92361 0
9.92935 0
9.93508 0
9.94082 0
9.94655 0
9.95229 0
9.95803 0
9.96376 0
9.9695 0
9.97524 0
9.98097 0
9.98671 0
9.99244 0
9.99818 0
10.0039 0
10.0097 0
10.0154 0
10.0211 0
10.0269 0
10.0326 0
10.0383 0
10.0441 0
10.0498 0
10.0555 0
10.0613 0
10.067 0
10.0728 0
10.0785 0
10.0842 0
10.09 0
10.0957 0
10.1014 0
10.1072 0
10.1129 0
10.1186 0
10.1244 0
10.1301 0
10.1358 0
10.1416 0
10.1473 0
10.1531 0
10.1588 0
10.1645 0
10.1703 0
10.176 0
10.1817 0
10.1875 0
10.1932 0
10.1989 0
10.2047 0
10.2104 0
10.2162 0
10.2219 0
10.2276 0
10.2334 0
10.2391 0
10.2448 0
10.2506 0
10.2563 0
10.262 0
10.2678 0
10.2735 0
10.2793 0
10.285 0
10.2907 0
10.2965 0
10.3022 0
10.3079 0
10.3137 0
10.3194 0
10.3251 0
10.3309 0
10.3366 0
10.3424 0
10.3481 0
10.3538 0
10.3596 0
10.3653 0
10.371 0
10.3768 0
10.3825 0
10.3882 0
10.394 0
10.3997 0
10.4054 0
10.4112 0
10.4169 0
10.4227 0
10.4284 0
10.4341 0
10.4399 0
10.4456 0
10.4513 0
10.4571 0
10.4628 0
10.4685 0
10.4743 0
10.48 0
10.4858 0
10.4915 0
10.4972 0
10.503 0
10.5087 0
10.5144 0
10.5202 0
10.5259 0
10.5316 0
10.5374 0
10.5431 0
10.5489 0
10.5546 0
10.5603 0
10.5661 0
10.5718 0
10.5775 0
10.5833 0
10.589 0
10.5947 0
10.6005 0
10.6062 0
10.612 0
10.6177 0
10.6234 0
10.6292 0
10.6349 0
10.6406 0
10.6464 0
10.6521 0
10.6578 0
10.6636 0
10.6693 0
10.6751 0
10.6808 0
10.6865 0
10.6923 0
10.698 0
10.7037 0
10.7095 0
10.7152 0
10.7209 0
10.7267 0
10.7324 0
10.7381 0
10.7439 0
10.7496 0
10.7554 0
10.7611 0
10.7668 0
10.7726 0
10.7783 0
10.784 0
10.7898 0
10.7955 0
10.8012 0
10.807 0
10.8127 0
10.8185 0
10.8242 0
10.8299 0
10.8357 0
10.8414 0
10.8471 0
10.8529 0
10.8586 0
10.8643 0
10.8701 0
10.8758 0
10.8816 0
10.8873 0
10.893 0
10.8988 0
10.9045 0
10.9102 0
10.916 0
10.9217 0
10.9274 0
10.9332 0
10.9389 0
10.9447 0
10.9504 0
10.9561 0
10.9619 0
10.9676 0
10.9733 0
10.9791 0
10.9848 0
10.9905 0
10.9963 0
11.002 0
11.0077 0
11.0135 0
11.0192 0
11.025 0
11.0307 0
11.0364 0
11.0422 0
11.0479 0
11.0536 0
11.0594 0
11.0651 0
11.0708 0
11.0766 0
11.0823 0
11.0881 0
11.0938 0
11.0995 0
11.1053 0
11.111 0
11.1167 0
11.1225 0
11.1282 0
11.1339 0
11.1397 0
11.1454 0
11.1512 0
11.1569 0
11.1626 0
11.1684 0
11.1741 0
11.1798 0
11.1856 0
11.1913 0
11.197 0
11.2028 0
11.2085 0
11.2143 0
11.22 0
11.2257 0
11.2315 0
11.2372 0
11.2429 0
11.2487 0
11.2544 0
11.2601 0
11.2659 0
11.2716 0
11.2774 0
11.2831 0
11.2888 0
11.2946 0
11.3003 0
11.306 0
11.3118 0
11.3175 0
11.3232 0
11.329 0
11.3347 0
11.3404 0
11.3462 0
11.3519 0
11.3577 0
11.3634 0
11.3691 0
11.3749 0
11.3806 0
11.3863 0
11.3921 0
11.3978 0
11.4035 0
11.4093 0
11.415 0
11.4208 0
11.4265 0
11.4322 0
11.438 0
11.4437 0
11.4494 0
11.4552 0
11.4609 0
11.4666 0
11.4724 0
11.4781 0
11.4839 0
11.4896 0
11.4953 0
11.5011 0
11.5068 0
11.5125 0
11.5183 0
11.524 0
11.5297 0
11.5355 0
11.5412 0
11.547 0
11.5527 0
11.5584 0
11.5642 0
11.5699 0
11.5756 0
11.5814 0
11.5871 0
11.5928 0
11.5986 0
11.6043 0
11.61 0
11.6158 0
11.6215 0
11.6273 0
11.633 0
11.6387 0
11.6445 0
11.6502 0
11.6559 0
11.6617 0
11.6674 0
11.6731 0
11.6789 0
11.6846 0
11.6904 0
11.6961 0
11.7018 0
11.7076 0
11.7133 0
11.719 0
11.7248 0
11.7305 0
11.7362 0
11.742 0
