0 0
0.00573619 4
0.0114724 8
0.0172086 0
0.0229448 25
0.028681 7
0.0344171 0
0.0401533 -23
0.0458895 -8
0.0516257 1
0.0573619 0
0.0630981 -32
0.0688343 -5
0.0745705 0
0.0803067 28
0.0860429 9
0.091779 0
0.0975152 -9.66667
0.103251 1
0.108988 1
0.114724 0
0.12046 1
0.126196 10
0.131932 0
0.137669 9.33333
0.143405 7
0.149141 -19
0.154877 16.5
0.160613 -5
0.16635 7
0.172086 0
0.177822 4.66667
0.183558 12.5
0.189294 0
0.19503 8.8
0.200767 0.8
0.206503 -12.6667
0.212239 5
0.217975 1.2
0.223711 2.8
0.229448 0
0.235184 2
0.24092 2.2
0.246656 0
0.252392 -5.2
0.258129 -7.6
0.263865 -14.4
0.269601 0
0.275337 8.4
0.281073 5.57143
0.28681 0
0.292546 8
0.298282 3.57143
0.304018 5.33333
0.309754 3
0.31549 17
0.321227 0.428571
0.326963 0
0.332699 -5
0.338435 3
0.344171 0
0.349908 10
0.355644 14.8571
0.36138 -4.6
0.367116 -6
0.372852 2.125
0.378589 0.285714
0.384325 -9
0.390061 4.77778
0.395797 4.44444
0.401533 0
0.40727 8.33333
0.413006 9.33333
0.418742 17.4286
0.424478 -7
0.430214 5.22222
0.43595 7.22222
0.441687 0
0.447423 23
0.453159 17
0.458895 1.33333
0.464631 3.85714
0.470368 23.9091
0.476104 25.1111
0.48184 18.5
0.487576 15.6364
0.493312 6.36364
0.499049 0
0.504785 22.3636
0.510521 18.1818
0.516257 22.4
0.521993 19.1667
0.52773 20.1818
0.533466 20
0.539202 36.5
0.544938 24.9091
0.550674 15.7273
0.55641 0
0.562147 17
0.567883 22.3077
0.573619 9.85714
0.579355 19.3333
0.585091 26
0.590828 14
0.596564 -3
0.6023 15.9231
0.608036 14.6923
0.613772 14.6
0.619509 18.25
0.625245 17.8462
0.630981 23.3333
0.636717 25.75
0.642453 28.6154
0.64819 17
0.653926 -3
0.659662 25.0667
0.665398 26.2
0.671134 13.1429
0.67687 19.125
0.682607 21.6667
0.688343 20.4545
0.694079 33.75
0.699815 25.1333
0.705551 23.6667
0.711288 16
0.717024 17.7143
0.72276 16.3333
0.728496 33.7778
0.734232 30.8333
0.739969 24.1875
0.745705 33.3846
0.751441 41
0.757177 29
0.762913 22
0.76865 32.8
0.774386 25.25
0.780122 24.0588
0.785858 24.1818
0.791594 16.1667
0.79733 27.8235
0.803067 23.0667
0.808803 18.5
0.814539 30.3529
0.820275 30.9412
0.826011 31
0.831748 25.375
0.837484 23.2222
0.84322 32.2308
0.848956 32.3333
0.854692 23.6842
0.860429 22.5882
0.866165 25.4
0.871901 24.75
0.877637 25
0.883373 15.5455
0.88911 30.25
0.894846 22.2632
0.900582 35.5333
0.906318 22.25
0.912054 28.4211
0.91779 27.9412
0.923527 18.2222
0.929263 28.9231
0.934999 26.65
0.940735 30.1538
0.946471 22.375
0.952208 30.9524
0.957944 28.2941
0.96368 16
0.969416 31.381
0.975152 26.8947
0.980889 22.6364
0.986625 17.5
0.992361 30.2857
0.998097 35.7333
1.00383 24.6667
1.00957 20.5238
1.01531 23.4118
1.02104 17.7
1.02678 22
1.03251 24.4286
1.03825 23.9231
1.04399 33.75
1.04972 28.5652
1.05546 33.7647
1.0612 30.8333
1.06693 31.0435
1.07267 30.1579
1.0784 15.0769
1.08414 20.0714
1.08988 21.8696
1.09561 24.6667
1.10135 34.5
1.10708 23.1304
1.11282 35.5294
1.11856 31.4286
1.12429 28.75
1.13003 23.3333
1.13577 28.4667
1.1415 18.4286
1.14724 20.76
1.15297 25.2667
1.15871 26.6
1.16445 21.96
1.17018 22.7368
1.17592 23.4615
1.18166 18.5
1.18739 25.7826
1.19313 31.4667
1.19886 30.8333
1.2046 26.24
1.21034 24.7222
1.21607 28.8889
1.22181 27.4815
1.22754 22.7143
1.23328 32.4118
1.23902 22.125
1.24475 19.8
1.25049 29.1176
1.25623 22.8333
1.26196 27.2963
1.2677 21.6842
1.27343 20.9231
1.27917 19.9545
1.28491 28.8696
1.29064 23.4706
1.29638 19
1.30212 24.8148
1.30785 23.3333
1.31359 18.3636
1.31932 34.7586
1.32506 29.1429
1.3308 26.8235
1.33653 20.75
1.34227 28.24
1.348 26.8421
1.35374 21.3571
1.35948 20.2222
1.36521 27.4762
1.37095 24.1
1.37669 21.4483
1.38242 26.087
1.38816 24.6471
1.39389 29.1053
1.39963 27.7778
1.40537 26
1.4111 28
1.41684 30.4828
1.42258 29.3913
1.42831 26.1765
1.43405 22.7083
1.43978 26
1.44552 30
1.45126 25.8125
1.45699 25.3793
1.46273 19.8095
1.46846 20.3333
1.4742 27.0645
1.47994 24.913
1.48567 22.6
1.49141 22.381
1.49715 24.963
1.50288 26.1364
1.50862 23.5
1.51435 28.4483
1.52009 27.6
1.52583 28.9333
1.53156 26.9
1.5373 24.68
1.54304 30.4762
1.54877 21.9
1.55451 28.4483
1.56024 24.2609
1.56598 24.5
1.57172 28
1.57745 25.8462
1.58319 30.5
1.58892 24.64
1.59466 21.7407
1.6004 27.2
1.60613 22.2778
1.61187 20.9355
1.61761 30.64
1.62334 26.5
1.62908 30
1.63481 30.8889
1.64055 31.2174
1.64629 22.5455
1.65202 23.7931
1.65776 25.12
1.6635 30.6875
1.66923 27
1.67497 23.8214
1.6807 23.6
1.68644 27.2857
1.69218 30.1071
1.69791 29.96
1.70365 25.9545
1.70938 29.5806
1.71512 27.8148
1.72086 21.875
1.72659 23.6364
1.73233 28.4483
1.73807 30.087
1.7438 27.8077
1.74954 19.8621
1.75527 24.5926
1.76101 25
1.76675 33.2727
1.77248 26.9643
1.77822 27.15
1.78396 31.4
1.78969 26.8065
1.79543 28.8148
1.80116 24.4167
1.8069 22.1613
1.81264 28.1379
1.81837 31.9444
1.82411 29.7429
1.82984 29.2759
1.83558 26.76
1.84132 22.1538
1.84705 28.8387
1.85279 27.8571
1.85853 30
1.86426 24.697
1.87 21.7
1.87573 32.8235
1.88147 30.2857
1.88721 25.9697
1.89294 25.5556
1.89868 23.1154
1.90442 33.7576
1.91015 27.871
1.91589 21.8
1.92162 37.2
1.92736 37.1613
1.9331 40.56
1.93883 41.6071
1.94457 38.1515
1.9503 38.6
1.95604 31.625
1.96178 30.2941
1.96751 28.3125
1.97325 26.6
1.97899 33.7838
1.98472 29.7879
1.99046 27.4138
1.99619 29.7692
2.00193 25.7429
2.00767 27
2.0134 28.75
2.01914 28.9714
2.02488 28.8485
2.03061 25.92
2.03635 25.2812
2.04208 31.6471
2.04782 26.8438
2.05356 32
2.05929 29.1111
2.06503 25.1471
2.07076 27.8182
2.0765 28.1622
2.08224 26.1714
2.08797 25.7586
2.09371 22.9643
2.09945 28.4865
2.10518 27.4848
2.11092 28.375
2.11665 33.7568
2.12239 32.2
2.12813 30.2609
2.13386 36.9459
2.1396 28.6944
2.14534 33
2.15107 32.8077
2.15681 28.4737
2.16254 32.8889
2.16828 26.4091
2.17402 29.359
2.17975 24.0541
2.18549 29.5484
2.19122 26.8333
2.19696 28.1622
2.2027 36.7143
2.20843 34.9167
2.21417 64.6667
2.21991 65.027
2.22564 30.9545
2.23138 40.425
2.23711 33.5789
2.24285 31.2353
2.24859 22.5357
2.25432 29.2632
2.26006 27.9744
2.2658 28.3636
2.27153 28.3659
2.27727 28.6923
2.283 28.6452
2.28874 27.7188
2.29448 31.5641
2.30021 29.0541
2.30595 36.8077
2.31168 32.7949
2.31742 31
2.32316 30.6364
2.32889 39.5
2.33463 32.15
2.34037 33.4167
2.3461 36.5
2.35184 40
2.35757 39.2432
2.36331 41.6538
2.36905 42.8537
2.37478 43.1463
2.38052 36.9355
2.38626 33.3235
2.39199 32.4419
2.39773 34
2.40346 30.6923
2.4092 32.2727
2.41494 32.575
2.42067 35.7727
2.42641 28.2273
2.43214 29.7381
2.43788 31.4857
2.44362 33.4194
2.44935 31.6
2.45509 32.4103
2.46083 29.8077
2.46656 35.4222
2.4723 34.9756
2.47803 37.7241
2.48377 34.425
2.48951 33.2093
2.49524 32.0256
2.50098 29.9231
2.50672 35.0435
2.51245 32.9048
2.51819 36.125
2.52392 33.8043
2.52966 30.25
2.5354 34.0606
2.54113 34.5429
2.54687 35.6444
2.5526 31.9512
2.55834 28.2308
2.56408 33.1702
2.56981 30.8372
2.57555 36.4828
2.58129 35.7857
2.58702 31.7778
2.59276 32.4054
2.59849 30.8485
2.60423 35.1739
2.60997 36.7273
2.6157 35.3333
2.62144 34.6667
2.62718 32.413
2.63291 29.5429
2.63865 32.6111
2.64438 33.9787
2.65012 28.7561
2.65586 32.5333
2.66159 32.5745
2.66733 30.5778
2.67306 31.76
2.6788 33.9375
2.68454 34.1875
2.69027 32.6154
2.69601 30.8485
2.70175 34.8542
2.70748 32.4667
2.71322 32.9259
2.71895 31.2083
2.72469 29.3958
2.73043 35.8
2.73616 31.6579
2.7419 36.0204
2.74764 34.7674
2.75337 28.3
2.75911 34.0408
2.76484 35.6122
2.77058 33.9167
2.77632 34.5918
2.78205 31.52
2.78779 30.7179
2.79352 34.5714
2.79926 34.8269
2.805 33.8222
2.81073 32.2593
2.81647 36.0192
2.82221 37.9592
2.82794 36.6486
2.83368 30.3421
2.83941 32.5849
2.84515 35.4146
2.85089 28.8125
2.85662 37.1509
2.86236 35.1429
2.8681 33.2083
2.87383 36.8148
2.87957 36.74
2.8853 32.6341
2.89104 36.5405
2.89678 33.4615
2.90251 36.5333
2.90825 27.7586
2.91398 36.5556
2.91972 40.3529
2.92546 28.7027
2.93119 35.881
2.93693 30.0377
2.94267 33.9333
2.9484 34.6875
2.95414 39.6792
2.95987 39.5714
2.96561 36.7407
2.97135 37.8571
2.97708 40.1852
2.98282 34.3333
2.98856 37.5128
2.99429 37.6667
3.00003 38.8298
3.00576 34
3.0115 34.2364
3.01724 42.8679
3.02297 41.5405
3.02871 41.2727
3.03444 42.5273
3.04018 41.1111
3.04592 35.8529
3.05165 38.5636
3.05739 39.8039
3.06313 35.0345
3.06886 36.1607
3.0746 42.2727
3.08033 45.9318
3.08607 42.1351
3.09181 45.9643
3.09754 48.6735
3.10328 51.1936
3.10902 52.2542
3.11475 48.566
3.12049 46.1282
3.12622 49.3043
3.13196 44.7273
3.1377 47.5106
3.14343 51.0278
3.14917 44.5
3.1549 41.8039
3.16064 43.3448
3.16638 46.6167
3.17211 46.4364
3.17785 48.7955
3.18359 44.0732
3.18932 43.1034
3.19506 45.2041
3.20079 46.0882
3.20653 50.2373
3.21227 49.6792
3.218 45.5122
3.22374 45.8125
3.22948 48.4915
3.23521 44.9333
3.24095 49.359
3.24668 50.8333
3.25242 50.9434
3.25816 52.5294
3.26389 55.5965
3.26963 52.193
3.27536 46.7174
3.2811 52.6829
3.28684 55
3.29257 53.449
3.29831 57.4444
3.30405 56.4762
3.30978 57.6545
3.31552 63
3.32125 65.8958
3.32699 68.9123
3.33273 69.3529
3.33846 65.7436
3.3442 65.5323
3.34994 63.5294
3.35567 64.4737
3.36141 69.0339
3.36714 62.1579
3.37288 61.3333
3.37862 55.6744
3.38435 59.1803
3.39009 54.7736
3.39582 60.0556
3.40156 64.0159
3.4073 67.9455
3.41303 63.5319
3.41877 65.9583
3.42451 65.8033
3.43024 65.9
3.43598 59.3659
3.44171 65.2857
3.44745 67.9286
3.45319 68.0952
3.45892 63.6364
3.46466 67.2712
3.4704 65.22
3.47613 66.0233
3.48187 63.1746
3.4876 68.8491
3.49334 66.2895
3.49908 72.4925
3.50481 69.3509
3.51055 72.0426
3.51628 71.6667
3.52202 75.7869
3.52776 78.7963
3.53349 85.3902
3.53923 103.2
3.54497 132.093
3.5507 133.312
3.55644 125.818
3.56217 106.797
3.56791 90.2885
3.57365 84.1957
3.57938 85.1385
3.58512 81.1455
3.59086 80.6316
3.59659 85.403
3.60233 85.1356
3.60806 83.0392
3.6138 87.8163
3.61954 86.0317
3.62527 87.5893
3.63101 90.7805
3.63674 97.1642
3.64248 112.81
3.64822 122.958
3.65395 128.965
3.65969 133.967
3.66543 124.37
3.67116 121.087
3.6769 121.222
3.68263 122.59
3.68837 112.526
3.69411 121.406
3.69984 118.661
3.70558 114.148
3.71132 115.922
3.71705 121
3.72279 124.714
3.72852 125.674
3.73426 128.448
3.74 133.387
3.74573 131.74
3.75147 133.309
3.7572 139.206
3.76294 150.254
3.76868 145.591
3.77441 151.522
3.78015 160.051
3.78589 159.681
3.79162 167.188
3.79736 187.969
3.80309 193.125
3.80883 203.686
3.81457 217.769
3.8203 249.417
3.82604 256.442
3.83178 293.928
3.83751 359.629
3.84325 426.786
3.84898 660.019
3.85472 1075.13
3.86046 1122.3
3.86619 1012.74
3.87193 1197.81
3.87766 1583.28
3.8834 2065.22
3.88914 2654.45
3.89487 3199.24
3.90061 2880.53
3.90635 2332.06
3.91208 1683.13
3.91782 1158.91
3.92355 877.341
3.92929 676.789
3.93503 538.078
3.94076 426.983
3.9465 384.389
3.95224 327.97
3.95797 297.333
3.96371 269.543
3.96944 251.056
3.97518 235.698
3.98092 220.732
3.98665 205.655
3.99239 195
3.99812 189.21
4.00386 176.163
4.0096 179.333
4.01533 178.016
4.02107 167.38
4.02681 161
4.03254 164.97
4.03828 167.617
4.04401 159.442
4.04975 159.507
4.05549 153.508
4.06122 144.13
4.06696 144.768
4.0727 141.4
4.07843 140.717
4.08417 137.196
4.0899 134.838
4.09564 138.391
4.10138 134.42
4.10711 133.347
4.11285 133.061
4.11858 129.804
4.12432 128.484
4.13006 128.985
4.13579 134.397
4.14153 129.692
4.14727 128.014
4.153 127.09
4.15874 121.477
4.16447 123.63
4.17021 130.069
4.17595 124.565
4.18168 123.089
4.18742 121.986
4.19316 128.833
4.19889 123.98
4.20463 125.419
4.21036 130.162
4.2161 125.9
4.22184 120.431
4.22757 126.125
4.23331 127.672
4.23904 121.58
4.24478 121.907
4.25052 125.014
4.25625 128.107
4.26199 119.891
4.26773 127.069
4.27346 130.258
4.2792 124.196
4.28493 126.708
4.29067 130.157
4.29641 125.583
4.30214 130.329
4.30788 130.671
4.31362 129.375
4.31935 134.982
4.32509 136.608
4.33082 138.087
4.33656 136.9
4.3423 139.48
4.34803 148.243
4.35377 144.565
4.3595 151.867
4.36524 154.149
4.37098 166.557
4.37671 168.185
4.38245 171.135
4.38819 175.347
4.39392 184.246
4.39966 187.87
4.40539 197.5
4.41113 218.853
4.41687 226.204
4.4226 265.312
4.42834 402.918
4.43408 618.583
4.43981 1310.45
4.44555 3831.47
4.45128 1748.75
4.45702 3490.42
4.46276 943.079
4.46849 511.167
4.47423 493.481
4.47996 528.974
4.4857 570.135
4.49144 605.646
4.49717 634.603
4.50291 655.263
4.50865 624.171
4.51438 564.808
4.52012 492.291
4.52585 405.147
4.53159 337.965
4.53733 292.141
4.54306 257.3
4.5488 225.552
4.55454 203.053
4.56027 183.5
4.56601 172.595
4.57174 155.635
4.57748 152.077
4.58322 144.564
4.58895 139.836
4.59469 128.213
4.60042 126.59
4.60616 122.92
4.6119 115.26
4.61763 115.337
4.62337 114.026
4.62911 115.365
4.63484 114.462
4.64058 112.305
4.64631 111.181
4.65205 104.518
4.65779 97.7375
4.66352 97.3718
4.66926 99.6229
4.675 101.437
4.68073 93.6538
4.68647 95.411
4.6922 93.0351
4.69794 94.45
4.70368 99.1558
4.70941 93.56
4.71515 98.0824
4.72088 98.8375
4.72662 101.043
4.73236 96.0476
4.73809 100.841
4.74383 99.5769
4.74957 92.2692
4.7553 91.2143
4.76104 95.4875
4.76677 92.3134
4.77251 88.5385
4.77825 87.3293
4.78398 85.52
4.78972 81.5636
4.79546 82.3882
4.80119 80.9367
4.80693 81.6308
4.81266 81.7183
4.8184 78.75
4.82414 79.3562
4.82987 79.1475
4.83561 76.2381
4.84134 77.7125
4.84708 77.1321
4.85282 76.1647
4.85855 73.8049
4.86429 73.2253
4.87003 72.0984
4.87576 73.4419
4.8815 71.7692
4.88723 73.2778
4.89297 76.8
4.89871 70.75
4.90444 71.4084
4.91018 71.5224
4.91592 70.5952
4.92165 77.2152
4.92739 68.6491
4.93312 69.0581
4.93886 65.131
4.9446 67.5672
4.95033 67.338
4.95607 71.2558
4.9618 68.1039
4.96754 64.4407
4.97328 66.8721
4.97901 71.2289
4.98475 69.3607
4.99049 69.3077
4.99622 69.2727
5.00196 68.0411
5.00769 68.4603
5.01343 67.9091
5.01917 70.4699
5.0249 68.434
5.03064 67.7111
5.03638 71.2326
5.04211 65.5067
5.04785 66
5.05358 71.593
5.05932 68.5185
5.06506 69.9123
5.07079 63.2955
5.07653 67.5172
5.08226 64.8592
5.088 65.7465
5.09374 65.6667
5.09947 68.961
5.10521 65.9841
5.11095 69.1778
5.11668 65.1176
5.12242 67
5.12815 65.8571
5.13389 68.1778
5.13963 67.5195
5.14536 64.0656
5.1511 66.5435
5.15684 64.9518
5.16257 65.2581
5.16831 68.0119
5.17404 66.4944
5.17978 70.6026
5.18552 68.806
5.19125 68.2889
5.19699 66.9036
5.20272 66.6441
5.20846 64.6087
5.2142 63.6292
5.21993 63.4737
5.22567 66.5942
5.23141 67.25
5.23714 67.963
5.24288 62.9836
5.24861 64.4783
5.25435 66.8427
5.26009 65.4
5.26582 66.6579
5.27156 67.1209
5.2773 65.9375
5.28303 65.0462
5.28877 65.7872
5.2945 64.7471
5.30024 67.8056
5.30598 63.6203
5.31171 67.9663
5.31745 65.8171
5.32318 68.5385
5.32892 68.1596
5.33466 67
5.34039 69.9697
5.34613 64.1765
5.35187 64.3736
5.3576 67.0123
5.36334 60.209
5.36907 71.9375
5.37481 69.1412
5.38055 65.7377
5.38628 75.2812
5.39202 79.956
5.39776 79.675
5.40349 75.2394
5.40923 74.1146
5.41496 70.4938
5.4207 71.1429
5.42644 67.1429
5.43217 66.8315
5.43791 66.9487
5.44364 65.7123
5.44938 69.5361
5.45512 69.1829
5.46085 68.1343
5.46659 67.5612
5.47233 65.3483
5.47806 68.75
5.4838 67.6667
5.48953 67.9032
5.49527 66.869
5.50101 66.1493
5.50674 67.949
5.51248 65.2584
5.51822 67.0405
5.52395 66.8193
5.52969 66.6882
5.53542 68.5714
5.54116 66.7353
5.5469 67.8485
5.55263 66.1556
5.55837 63.2917
5.5641 64.8764
5.56984 65.043
5.57558 68.8452
5.58131 67.3151
5.58705 66.0101
5.59279 64.25
5.59852 60.873
5.60426 66.57
5.60999 69.0968
5.61573 68.8049
5.62147 69.48
5.6272 64.1031
5.63294 65.2907
5.63868 62.5821
5.64441 69.5294
5.65015 66.4624
5.65588 67.9524
5.66162 66.5714
5.66736 70.0202
5.67309 68.0465
5.67883 68.1739
5.68456 71.8812
5.6903 68.1
5.69604 70.4024
5.70177 68.9398
5.70751 73.3474
5.71325 75.3636
5.71898 73.1831
5.72472 73.7374
5.73045 71.1828
5.73619 69.1625
5.74193 71.4607
5.74766 72.3158
5.7534 76.9545
5.75914 71.4225
5.76487 73.5149
5.77061 78.117
5.77634 75.3718
5.78208 74.8989
5.78782 76.299
5.79355 77.5465
5.79929 81.4933
5.80502 76.4158
5.81076 78.2174
5.8165 78.9054
5.82223 76.1042
5.82797 75.9796
5.83371 78.407
5.83944 76.4557
5.84518 78.2727
5.85091 81.0938
5.85665 71.1231
5.86239 83.5524
5.86812 77.0612
5.87386 73.6628
5.8796 73.8354
5.88533 81.1584
5.89107 77.8043
5.8968 77.4058
5.90254 76.4571
5.90828 77.398
5.91401 80.686
5.91975 81.0482
5.92548 82.1818
5.93122 81.6064
5.93696 82.6164
5.94269 79.7905
5.94843 81.2188
5.95417 84.8409
5.9599 83.5882
5.96564 83.3939
5.97137 86.6489
5.97711 82.2466
5.98285 82.5534
5.98858 89.551
5.99432 88.4524
6.00006 91.1124
6.00579 90.4343
6.01153 100
6.01726 101.147
6.023 96.4381
6.02874 94.8854
6.03447 94.6364
6.04021 91.5556
6.04594 91.3469
6.05168 91.2292
6.05742 89.6234
6.06315 94.9524
6.06889 93.4792
6.07463 97.4405
6.08036 95.883
6.0861 94.8061
6.09183 100.76
6.09757 99.4615
6.10331 102.038
6.10904 99.7917
6.11478 98.2558
6.12052 99.6354
6.12625 96.58
6.13199 105.564
6.13772 105.354
6.14346 105.647
6.1492 107.07
6.15493 111.938
6.16067 111.235
6.1664 107.867
6.17214 114.543
6.17788 119.167
6.18361 114.598
6.18935 119.242
6.19509 126.707
6.20082 125.44
6.20656 129.196
6.21229 138.01
6.21803 141.122
6.22377 141.745
6.2295 147.86
6.23524 159.467
6.24098 154.706
6.24671 155.373
6.25245 172.543
6.25818 182.081
6.26392 179.725
6.26966 247.52
6.27539 536.76
6.28113 271.404
6.28686 1950.2
6.2926 6268.97
6.29834 1449.82
6.30407 3723.26
6.30981 1953.81
6.31555 2035.9
6.32128 643.417
6.32702 469.067
6.33275 484.083
6.33849 339.159
6.34423 339.942
6.34996 360.059
6.3557 383.487
6.36144 404.25
6.36717 476.99
6.37291 530.895
6.37864 533.9
6.38438 490.434
6.39012 437.108
6.39585 387.1
6.40159 330.454
6.40732 280.046
6.41306 248.223
6.4188 217.283
6.42453 201.575
6.43027 189.98
6.43601 174.171
6.44174 171.972
6.44748 171.481
6.45321 161.628
6.45895 159.054
6.46469 154.543
6.47042 150.961
6.47616 144.119
6.4819 139.082
6.48763 132.519
6.49337 136.226
6.4991 128.663
6.50484 130.259
6.51058 127.284
6.51631 124.512
6.52205 123.891
6.52778 118.75
6.53352 123.348
6.53926 119.583
6.54499 123.083
6.55073 120.412
6.55647 125.536
6.5622 125.389
6.56794 123.889
6.57367 126.849
6.57941 125.368
6.58515 122.5
6.59088 121.49
6.59662 118.298
6.60236 116.974
6.60809 116.906
6.61383 118.204
6.61956 113.639
6.6253 111.143
6.63104 115.422
6.63677 111.453
6.64251 112.693
6.64824 111.047
6.65398 113.945
6.65972 113.745
6.66545 114.946
6.67119 114.962
6.67693 112.802
6.68266 113.948
6.6884 118.917
6.69413 118.615
6.69987 114.184
6.70561 111.92
6.71134 116.913
6.71708 119.068
6.72282 115.939
6.72855 112.38
6.73429 117.371
6.74002 114.217
6.74576 113.617
6.7515 115.35
6.75723 109.393
6.76297 113.009
6.7687 110.205
6.77444 114.056
6.78018 113.629
6.78591 110.974
6.79165 111.813
6.79739 110.943
6.80312 107.842
6.80886 112.679
6.81459 111.286
6.82033 108.8
6.82607 115.681
6.8318 114.019
6.83754 110.989
6.84328 113.838
6.84901 111.027
6.85475 118.648
6.86048 115.633
6.86622 116.276
6.87196 108.318
6.87769 112.322
6.88343 114.898
6.88916 111.728
6.8949 110.851
6.90064 112.832
6.90637 113.825
6.91211 113.916
6.91785 110.805
6.92358 110.281
6.92932 113.611
6.93505 112.584
6.94079 110.513
6.94653 112.69
6.95226 109.776
6.958 113.264
6.96374 115.275
6.96947 115.754
6.97521 117.593
6.98094 115.333
6.98668 116.129
6.99242 113.44
6.99815 113.966
7.00389 115.367
7.00962 115.44
7.01536 109.652
7.0211 113.936
7.02683 115.793
7.03257 116.15
7.03831 112.075
7.04404 117.262
7.04978 117.635
7.05551 116.309
7.06125 118.275
7.06699 120.066
7.07272 120.771
7.07846 120.742
7.0842 122.975
7.08993 122.724
7.09567 120.559
7.1014 122.186
7.10714 122.84
7.11288 125.101
7.11861 125.293
7.12435 129.605
7.13008 128.573
7.13582 129.125
7.14156 129.784
7.14729 130.358
7.15303 130.936
7.15877 130.903
7.1645 127.661
7.17024 132.059
7.17597 130.918
7.18171 129.224
7.18745 130.115
7.19318 133.946
7.19892 132.489
7.20466 133.331
7.21039 131.957
7.21613 135.232
7.22186 135.679
7.2276 135.619
7.23334 144.207
7.23907 139.978
7.24481 141.016
7.25054 140.538
7.25628 144.52
7.26202 145.108
7.26775 143.951
7.27349 148.838
7.27923 146.097
7.28496 148.882
7.2907 151.437
7.29643 154.592
7.30217 150.852
7.30791 160.379
7.31364 164.94
7.31938 157.64
7.32512 168.369
7.33085 175.686
7.33659 180.625
7.34232 167.714
7.34806 183.285
7.3538 200.559
7.35953 182.763
7.36527 220.703
7.371 298.463
7.37674 852.135
7.38248 383.118
7.38821 3122.77
7.39395 2285.09
7.39969 1807.8
7.40542 2000.31
7.41116 960.496
7.41689 659.462
7.42263 435.486
7.42837 362.476
7.4341 354.639
7.43984 348.978
7.44558 343.597
7.45131 367.942
7.45705 410.009
7.46278 440.107
7.46852 504.038
7.47426 570.856
7.47999 594.956
7.48573 582.992
7.49146 517.4
7.4972 451.582
7.50294 384.664
7.50867 336.203
7.51441 287.571
7.52015 261.297
7.52588 234.508
7.53162 216.16
7.53735 201.67
7.54309 186.282
7.54883 178.515
7.55456 169.328
7.5603 168.956
7.56604 160.037
7.57177 151.68
7.57751 150.922
7.58324 145.755
7.58898 147.748
7.59472 143.344
7.60045 139.7
7.60619 135.902
7.61192 135.364
7.61766 140.638
7.6234 135.257
7.62913 133.492
7.63487 133.074
7.64061 130.833
7.64634 131.317
7.65208 129.426
7.65781 129.471
7.66355 128
7.66929 132.425
7.67502 128.46
7.68076 130.443
7.6865 132.37
7.69223 133.672
7.69797 142.229
7.7037 138.109
7.70944 155.634
7.71518 247.699
7.72091 349.682
7.72665 734.197
7.73238 1271.85
7.73812 357.27
7.74386 177.949
7.74959 204.768
7.75533 183.437
7.76107 166.514
7.7668 169.553
7.77254 179.695
7.77827 190.23
7.78401 203.636
7.78975 220.77
7.79548 244.688
7.80122 273.655
7.80696 293.009
7.81269 304.85
7.81843 298.734
7.82416 276.642
7.8299 238.786
7.83564 204.125
7.84137 180.735
7.84711 165
7.85284 149.618
7.85858 139.795
7.86432 132.866
7.87005 126.173
7.87579 125.141
7.88153 120.164
7.88726 115.766
7.893 116.867
7.89873 113.125
7.90447 109.196
7.91021 109.045
7.91594 105.534
7.92168 106.983
7.92742 103.717
7.93315 105.978
7.93889 105.472
7.94462 104.442
7.95036 101.76
7.9561 98.4545
7.96183 101.452
7.96757 99.0095
7.9733 99.3285
7.97904 95.8769
7.98478 96.4554
7.99051 95.888
7.99625 98.1053
8.00199 97.9194
8.00772 93.0891
8.01346 94.6115
8.01919 94.1654
8.02493 94.9748
8.03067 98.1062
8.0364 94.2721
8.04214 93.2205
8.04788 92.8447
8.05361 94.9856
8.05935 95.4926
8.06508 94.3644
8.07082 90.7949
8.07656 91.6934
8.08229 89.8672
8.08803 87.0101
8.09376 85.5105
8.0995 79.2197
8.10524 78.6098
8.11097 74.2124
8.11671 66.6739
8.12245 61.5349
8.12818 59.6396
8.13392 56.1515
8.13965 49.7007
8.14539 48.5968
8.15113 44.4324
8.15686 21.5328
8.1626 27.1235
8.16834 23.6441
8.17407 19.2368
8.17981 0.263158
8.18554 0
8.19128 0
8.19702 0
8.20275 0
8.20849 0
8.21422 0
8.21996 0
8.2257 0
8.23143 0
8.23717 0
8.24291 0
8.24864 0
8.25438 0
8.26011 0
8.26585 0
8.27159 0
8.27732 0
8.28306 0
8.2888 0
8.29453 0
8.30027 0
8.306 0
8.31174 0
8.31748 0
8.32321 0
8.32895 0
8.33468 0
8.34042 0
8.34616 0
8.35189 0
8.35763 0
8.36337 0
8.3691 0
8.37484 0
8.38057 0
8.38631 0
8.39205 0
8.39778 0
8.40352 0
8.40926 0
8.41499 0
8.42073 0
8.42646 0
8.4322 0
8.43794 0
8.44367 0
8.44941 0
8.45514 0
8.46088 0
8.46662 0
8.47235 0
8.47809 0
8.48383 0
8.48956 0
8.4953 0
8.50103 0
8.50677 0
8.51251 0
8.51824 0
8.52398 0
8.52972 0
8.53545 0
8.54119 0
8.54692 0
8.55266 0
8.5584 0
8.56413 0
8.56987 0
8.5756 0
8.58134 0
8.58708 0
8.59281 0
8.59855 0
8.60429 0
8.61002 0
8.61576 0
8.62149 0
8.62723 0
8.63297 0
8.6387 0
8.64444 0
8.65018 0
8.65591 0
8.66165 0
8.66738 0
8.67312 0
8.67886 0
8.68459 0
8.69033 0
8.69606 0
8.7018 0
8.70754 0
8.71327 0
8.71901 0
8.72475 0
8.73048 0
8.73622 0
8.74195 0
8.74769 0
8.75343 0
8.75916 0
8.7649 0
8.77064 0
8.77637 0
8.78211 0
8.78784 0
8.79358 0
8.79932 0
8.80505 0
8.81079 0
8.81652 0
8.82226 0
8.828 0
8.83373 0
8.83947 0
8.84521 0
8.85094 0
8.85668 0
8.86241 0
8.86815 0
8.87389 0
8.87962 0
8.88536 0
8.8911 0
8.89683 0
8.90257 0
8.9083 0
8.91404 0
8.91978 0
8.92551 0
8.93125 0
8.93698 0
8.94272 0
8.94846 0
8.95419 0
8.95993 0
8.96567 0
8.9714 0
8.97714 0
8.98287 0
8.98861 0
8.99435 0
9.00008 0
9.00582 0
9.01156 0
9.01729 0
9.02303 0
9.02876 0
9.0345 0
9.04024 0
9.04597 0
9.05171 0
9.05744 0
9.06318 0
9.06892 0
9.07465 0
9.08039 0
9.08613 0
9.09186 0
9.0976 0
9.10333 0
9.10907 0
9.11481 0
9.12054 0
9.12628 0
9.13202 0
9.13775 0
9.14349 0
9.14922 0
9.15496 0
9.1607 0
9.16643 0
9.17217 0
9.1779 0
9.18364 0
9.18938 0
9.19511 0
9.20085 0
9.20659 0
9.21232 0
9.21806 0
9.22379 0
9.22953 0
9.23527 0
9.241 0
9.24674 0
9.25248 0
9.25821 0
9.26395 0
9.26968 0
9.27542 0
9.28116 0
9.28689 0
9.29263 0
9.29836 0
9.3041 0
9.30984 0
9.31557 0
9.32131 0
9.32705 0
9.33278 0
9.33852 0
9.34425 0
9.34999 0
9.35573 0
9.36146 0
9.3672 0
9.37294 0
9.37867 0
9.38441 0
9.39014 0
9.39588 0
9.40162 0
9.40735 0
9.41309 0
9.41882 0
9.42456 0
9.4303 0
9.43603 0
9.44177 0
9.44751 0
9.45324 0
9.45898 0
9.46471 0
9.47045 0
9.47619 0
9.48192 0
9.48766 0
9.4934 0
9.49913 0
9.50487 0
9.5106 0
9.51634 0
9.52208 0
9.52781 0
9.53355 0
9.53928 0
9.54502 0
9.55076 0
9.55649 0
9.56223 0
9.56797 0
9.5737 0
9.57944 0
9.58517 0
9.59091 0
9.59665 0
9.60238 0
9.60812 0
9.61386 0
9.61959 0
9.62533 0
9.63106 0
9.6368 0
9.64254 0
9.64827 0
9.65401 0
9.65974 0
9.66548 0
9.67122 0
9.67695 0
9.68269 0
9.68843 0
9.69416 0
9.6999 0
9.70563 0
9.71137 0
9.71711 0
9.72284 0
9.72858 0
9.73432 0
9.74005 0
9.74579 0
9.75152 0
9.75726 0
9.763 0
9.76873 0
9.77447 0
9.7802 0
9.78594 0
9.79168 0
9.79741 0
9.80315 0
9.80889 0
9.81462 0
9.82036 0
9.82609 0
9.83183 0
9.83757 0
9.8433 0
9.84904 0
9.85478 0
9.86051 0
9.86625 0
9.87198 0
9.87772 0
9.88346 0
9.88919 0
9.89493 0
9.90066 0
9.9064 0
9.91214 0
9.91787 0
9.92361 0
9.92935 0
9.93508 0
9.94082 0
9.94655 0
9.95229 0
9.95803 0
9.96376 0
9.9695 0
9.97524 0
9.98097 0
9.98671 0
9.99244 0
9.99818 0
10.0039 0
10.0097 0
10.0154 0
10.0211 0
10.0269 0
10.0326 0
10.0383 0
10.0441 0
10.0498 0
10.0555 0
10.0613 0
10.067 0
10.0728 0
10.0785 0
10.0842 0
10.09 0
10.0957 0
10.1014 0
10.1072 0
10.1129 0
10.1186 0
10.1244 0
10.1301 0
10.1358 0
10.1416 0
10.1473 0
10.1531 0
10.1588 0
10.1645 0
10.1703 0
10.176 0
10.1817 0
10.1875 0
10.1932 0
10.1989 0
10.2047 0
10.2104 0
10.2162 0
10.2219 0
10.2276 0
10.2334 0
10.2391 0
10.2448 0
10.2506 0
10.2563 0
10.262 0
10.2678 0
10.2735 0
10.2793 0
10.285 0
10.2907 0
10.2965 0
10.3022 0
10.3079 0
10.3137 0
10.3194 0
10.3251 0
10.3309 0
10.3366 0
10.3424 0
10.3481 0
10.3538 0
10.3596 0
10.3653 0
10.371 0
10.3768 0
10.3825 0
10.3882 0
10.394 0
10.3997 0
10.4054 0
10.4112 0
10.4169 0
10.4227 0
10.4284 0
10.4341 0
10.4399 0
10.4456 0
10.4513 0
10.4571 0
10.4628 0
10.4685 0
10.4743 0
10.48 0
10.4858 0
10.4915 0
10.4972 0
10.503 0
10.5087 0
10.5144 0
10.5202 0
10.5259 0
10.5316 0
10.5374 0
10.5431 0
10.5489 0
10.5546 0
10.5603 0
10.5661 0
10.5718 0
10.5775 0
10.5833 0
10.589 0
10.5947 0
10.6005 0
10.6062 0
10.612 0
10.6177 0
10.6234 0
10.6292 0
10.6349 0
10.6406 0
10.6464 0
10.6521 0
10.6578 0
10.6636 0
10.6693 0
10.6751 0
10.6808 0
10.6865 0
10.6923 0
10.698 0
10.7037 0
10.7095 0
10.7152 0
10.7209 0
10.7267 0
10.7324 0
10.7381 0
10.7439 0
10.7496 0
10.7554 0
10.7611 0
10.7668 0
10.7726 0
10.7783 0
10.784 0
10.7898 0
10.7955 0
10.8012 0
10.807 0
10.8127 0
10.8185 0
10.8242 0
10.8299 0
10.8357 0
10.8414 0
10.8471 0
10.8529 0
10.8586 0
10.8643 0
10.8701 0
10.8758 0
10.8816 0
10.8873 0
10.893 0
10.8988 0
10.9045 0
10.9102 0
10.916 0
10.9217 0
10.9274 0
10.9332 0
10.9389 0
10.9447 0
10.9504 0
10.9561 0
10.9619 0
10.9676 0
10.9733 0
10.9791 0
10.9848 0
10.9905 0
10.9963 0
11.002 0
11.0077 0
11.0135 0
11.0192 0
11.025 0
11.0307 0
11.0364 0
11.0422 0
11.0479 0
11.0536 0
11.0594 0
11.0651 0
11.0708 0
11.0766 0
11.0823 0
11.0881 0
11.0938 0
11.0995 0
11.1053 0
11.111 0
11.1167 0
11.1225 0
11.1282 0
11.1339 0
11.1397 0
11.1454 0
11.1512 0
11.1569 0
11.1626 0
11.1684 0
11.1741 0
11.1798 0
11.1856 0
11.1913 0
11.197 0
11.2028 0
11.2085 0
11.2143 0
11.22 0
11.2257 0
11.2315 0
11.2372 0
11.2429 0
11.2487 0
11.2544 0
11.2601 0
11.2659 0
11.2716 0
11.2774 0
11.2831 0
11.2888 0
11.2946 0
11.3003 0
11.306 0
11.3118 0
11.3175 0
11.3232 0
11.329 0
11.3347 0
11.3404 0
11.3462 0
11.3519 0
11.3577 0
11.3634 0
11.3691 0
11.3749 0
11.3806 0
11.3863 0
11.3921 0
11.3978 0
11.4035 0
11.4093 0
11.415 0
11.4208 0
11.4265 0
11.4322 0
11.438 0
11.4437 0
11.4494 0
11.4552 0
11.4609 0
11.4666 0
11.4724 0
11.4781 0
11.4839 0
11.4896 0
11.4953 0
11.5011 0
11.5068 0
11.5125 0
11.5183 0
11.524 0
11.5297 0
11.5355 0
11.5412 0
11.547 0
11.5527 0
11.5584 0
11.5642 0
11.5699 0
11.5756 0
11.5814 0
11.5871 0
11.5928 0
11.5986 0
11.6043 0
11.61 0
11.6158 0
11.6215 0
11.6273 0
11.633 0
11.6387 0
11.6445 0
11.6502 0
11.6559 0
11.6617 0
11.6674 0
11.6731 0
11.6789 0
11.6846 0
11.6904 0
11.6961 0
11.7018 0
11.7076 0
11.7133 0
11.719 0
11.7248 0
11.7305 0
11.7362 0
11.742 0
