0 0
0.00573619 6
0.0114724 -39
0.0172086 0
0.0229448 8
0.028681 -13
0.0344171 0
0.0401533 -27
0.0458895 -27
0.0516257 2
0.0573619 0
0.0630981 4
0.0688343 0
0.0745705 0
0.0803067 23
0.0860429 -30
0.091779 0
0.0975152 11
0.103251 16.6667
0.108988 11
0.114724 0
0.12046 -18
0.126196 2.33333
0.131932 0
0.137669 -4
0.143405 6
0.149141 -31
0.154877 10
0.160613 6.33333
0.16635 -0.666667
0.172086 0
0.177822 5.66667
0.183558 3
0.189294 0
0.19503 9
0.200767 7.4
0.206503 0.333333
0.212239 3.5
0.217975 -1.8
0.223711 4.8
0.229448 0
0.235184 -4.6
0.24092 -3.4
0.246656 0
0.252392 2.4
0.258129 4
0.263865 -12
0.269601 0
0.275337 -15
0.281073 -0.142857
0.28681 0
0.292546 7.85714
0.298282 -4.57143
0.304018 -0.333333
0.309754 4.25
0.31549 -8.14286
0.321227 2
0.326963 0
0.332699 -0.571429
0.338435 1.28571
0.344171 0
0.349908 0.857143
0.355644 2.57143
0.36138 5.4
0.367116 9
0.372852 4.375
0.378589 3.28571
0.384325 20.5
0.390061 -0.333333
0.395797 2.66667
0.401533 0
0.40727 -2.55556
0.413006 8.55556
0.418742 17.5714
0.424478 13.5
0.430214 12.8889
0.43595 15
0.441687 0
0.447423 18.3333
0.453159 24.7778
0.458895 17
0.464631 12.4286
0.470368 22
0.476104 16
0.48184 15.5
0.487576 15.3636
0.493312 19.9091
0.499049 0
0.504785 22.4545
0.510521 24.0909
0.516257 5.6
0.521993 27.5
0.52773 10.3636
0.533466 12.8889
0.539202 23.5
0.544938 22.4545
0.550674 29.6364
0.55641 0
0.562147 24.6667
0.567883 27.5385
0.573619 26.1429
0.579355 24
0.585091 21.0769
0.590828 16.6364
0.596564 28
0.6023 16.5385
0.608036 25.7692
0.613772 21.6
0.619509 18.25
0.625245 20
0.630981 26.2222
0.636717 24.75
0.642453 23.5385
0.64819 35.4615
0.653926 43
0.659662 25.2
0.665398 33.5333
0.671134 33.7143
0.67687 31.75
0.682607 24.4667
0.688343 23.5455
0.694079 36
0.699815 38.3333
0.705551 32.4
0.711288 21
0.717024 36.1429
0.72276 26.1333
0.728496 32
0.734232 27.8333
0.739969 28.625
0.745705 33.2308
0.751441 31
0.757177 29.7059
0.762913 30.2941
0.76865 24.8
0.774386 27
0.780122 19.2941
0.785858 29.5455
0.791594 19.3333
0.79733 28.3529
0.803067 28.1333
0.808803 29.5
0.814539 24.5294
0.820275 30.4118
0.826011 15.6667
0.831748 27.75
0.837484 28.3889
0.84322 26.1538
0.848956 34
0.854692 33.2105
0.860429 33.9412
0.866165 34.8
0.871901 33.6875
0.877637 29.3158
0.883373 35
0.88911 29
0.894846 33
0.900582 25.8667
0.906318 45
0.912054 25
0.91779 26.0588
0.923527 37.8889
0.929263 29.5385
0.934999 25.4
0.940735 23.3077
0.946471 44.25
0.952208 29.381
0.957944 28.2353
0.96368 30
0.969416 31.8571
0.975152 25.1053
0.980889 28.9091
0.986625 19.0833
0.992361 33.1905
0.998097 34
1.00383 30.5
1.00957 30.2857
1.01531 27.5882
1.02104 26.5
1.02678 30.1765
1.03251 21.4286
1.03825 24.6154
1.04399 26.8333
1.04972 34.5652
1.05546 34.5882
1.0612 24.1667
1.06693 30.3043
1.07267 30.3684
1.0784 32.3077
1.08414 38.2143
1.08988 32.1304
1.09561 25.6667
1.10135 23.75
1.10708 26.1304
1.11282 25
1.11856 31.5714
1.12429 34.0417
1.13003 25.5714
1.13577 26.4
1.1415 30.4286
1.14724 27.2
1.15297 29.8667
1.15871 21.5
1.16445 30.44
1.17018 33.8421
1.17592 33
1.18166 26.8333
1.18739 32.913
1.19313 32
1.19886 25.5833
1.2046 29.16
1.21034 36.6667
1.21607 31.7778
1.22181 27.5185
1.22754 31.619
1.23328 31.7059
1.23902 29.8125
1.24475 33.84
1.25049 37.1765
1.25623 31.75
1.26196 25.7407
1.2677 25.4211
1.27343 36.5385
1.27917 29.4091
1.28491 30.8696
1.29064 28.2941
1.29638 29.6
1.30212 27.9259
1.30785 31.7778
1.31359 25.1818
1.31932 29.4138
1.32506 34
1.3308 26.6471
1.33653 33.05
1.34227 32.52
1.348 32.1053
1.35374 32.0714
1.35948 28.4444
1.36521 23.7143
1.37095 27.6
1.37669 25.1379
1.38242 32.1304
1.38816 34.7647
1.39389 34.7895
1.39963 28.3333
1.40537 29.45
1.4111 29.5
1.41684 30.3103
1.42258 36
1.42831 32.0588
1.43405 26.2083
1.43978 23.04
1.44552 19.4762
1.45126 31.0625
1.45699 34.1034
1.46273 33.5238
1.46846 33.9167
1.4742 31.871
1.47994 29.087
1.48567 35.8
1.49141 33.3333
1.49715 23.6667
1.50288 30.0455
1.50862 29.1875
1.51435 36.2759
1.52009 29.8
1.52583 24.9333
1.53156 32.3333
1.5373 28.68
1.54304 25
1.54877 28.9
1.55451 29.4828
1.56024 33.3043
1.56598 27.6429
1.57172 24.6774
1.57745 30.3462
1.58319 33.3
1.58892 30.48
1.59466 23.5556
1.6004 29.12
1.60613 31.5
1.61187 31.1613
1.61761 34.4
1.62334 32.4286
1.62908 25.9697
1.63481 25.0741
1.64055 24.7826
1.64629 28.6818
1.65202 28.8966
1.65776 22.36
1.6635 27.75
1.66923 25.7419
1.67497 30.6429
1.6807 29.2
1.68644 26.9643
1.69218 31.0357
1.69791 33.96
1.70365 28.8636
1.70938 28.6452
1.71512 35.2963
1.72086 32.5625
1.72659 29.9394
1.73233 24.8966
1.73807 28.7826
1.7438 30.6154
1.74954 31.6552
1.75527 30.6296
1.76101 29.7895
1.76675 32.9697
1.77248 30.1786
1.77822 28.35
1.78396 26.1333
1.78969 31.6129
1.79543 32.5556
1.80116 31.3333
1.8069 30.7742
1.81264 27.4138
1.81837 26.9444
1.82411 23.2
1.82984 30.6552
1.83558 34.08
1.84132 26.3462
1.84705 30.2903
1.85279 26.5714
1.85853 21.6957
1.86426 28.9697
1.87 31.3667
1.87573 29.2941
1.88147 28.5714
1.88721 31.7879
1.89294 37.3704
1.89868 32.6154
1.90442 36.3939
1.91015 39.3226
1.91589 31.25
1.92162 38.2
1.92736 40.2903
1.9331 34.6
1.93883 41.7857
1.94457 42.2727
1.9503 33.2
1.95604 32.5
1.96178 33.4412
1.96751 27.875
1.97325 29.4
1.97899 40.1622
1.98472 28.4848
1.99046 33.3448
1.99619 31.6538
2.00193 33.3429
2.00767 32.7742
2.0134 29.3333
2.01914 32.1143
2.02488 32.3636
2.03061 31.16
2.03635 30.0625
2.04208 31.0294
2.04782 28.375
2.05356 33.0417
2.05929 35.8056
2.06503 31.7941
2.07076 29.5455
2.0765 34.027
2.08224 32.4
2.08797 28.4828
2.09371 34.5
2.09945 30.6757
2.10518 36.0909
2.11092 31.125
2.11665 33.027
2.12239 35.9143
2.12813 27.913
2.13386 29.8649
2.1396 31.3333
2.14534 33.25
2.15107 33.0385
2.15681 31.7368
2.16254 32.7778
2.16828 29.6364
2.17402 35.2564
2.17975 38
2.18549 32.5161
2.19122 31.6
2.19696 34.9459
2.2027 41.5143
2.20843 41.75
2.21417 73.359
2.21991 80.4054
2.22564 33.5455
2.23138 39.1
2.23711 31.3421
2.24285 35.3235
2.24859 39.0714
2.25432 37.6842
2.26006 29.7436
2.2658 31.0455
2.27153 45.6341
2.27727 39.7436
2.283 29.7097
2.28874 34.0625
2.29448 32.4872
2.30021 36.2432
2.30595 29.7692
2.31168 39.641
2.31742 37.825
2.32316 36.6364
2.32889 44.9524
2.33463 43.825
2.34037 44.1389
2.3461 49.8929
2.35184 44.0952
2.35757 48.1892
2.36331 47.3077
2.36905 52.4878
2.37478 45.0732
2.38052 40.9032
2.38626 48.9706
2.39199 43.814
2.39773 42.7568
2.40346 41.5769
2.4092 35.2045
2.41494 34.6
2.42067 35.2727
2.42641 37.3636
2.43214 33.0238
2.43788 33.6286
2.44362 38.7419
2.44935 37.2667
2.45509 38.8718
2.46083 34.6923
2.46656 40.6222
2.4723 36.9268
2.47803 32.6897
2.48377 37.625
2.48951 41.9535
2.49524 34.4103
2.50098 33.3846
2.50672 35.6739
2.51245 37.881
2.51819 33.7083
2.52392 36.0217
2.52966 36.2955
2.5354 41.1818
2.54113 32.3429
2.54687 35.4889
2.5526 32.9024
2.55834 37.4615
2.56408 40.3404
2.56981 35.1395
2.57555 36.4138
2.58129 36.3333
2.58702 39.6222
2.59276 38.5135
2.59849 36.0303
2.60423 35.3261
2.60997 36.6364
2.6157 35.4583
2.62144 41.7083
2.62718 39.0435
2.63291 37.2571
2.63865 34.5
2.64438 39.617
2.65012 38.1707
2.65586 29.0667
2.66159 41.9362
2.66733 35.7556
2.67306 44.28
2.6788 38.8958
2.68454 39.6875
2.69027 37.9487
2.69601 40.1818
2.70175 38.6458
2.70748 37.2889
2.71322 41.0741
2.71895 40.3333
2.72469 36.6458
2.73043 44.8857
2.73616 40.1053
2.7419 39.3469
2.74764 37.907
2.75337 39.3
2.75911 36.1429
2.76484 38.7551
2.77058 44.2917
2.77632 41.9796
2.78205 34.2
2.78779 39.359
2.79352 37.1143
2.79926 38.4808
2.805 44.0889
2.81073 36.963
2.81647 37.9808
2.82221 37.1837
2.82794 36.7027
2.83368 37.0526
2.83941 43.4906
2.84515 46.122
2.85089 34.5938
2.85662 43.2264
2.86236 41.102
2.8681 40.1667
2.87383 42.0185
2.87957 38.5
2.8853 43.5854
2.89104 42.0541
2.89678 47.6731
2.90251 42.3111
2.90825 38.9655
2.91398 44.4444
2.91972 42.549
2.92546 42.9459
2.93119 42.5952
2.93693 47.8113
2.94267 47.3111
2.9484 42.0312
2.95414 41.3208
2.95987 42.6939
2.96561 48.4074
2.97135 44.9821
2.97708 43.6667
2.98282 41.0769
2.98856 41.7436
2.99429 47.6296
3.00003 43.8298
3.00576 46.2581
3.0115 44
3.01724 47.7358
3.02297 45.027
3.02871 46.8409
3.03444 43.2545
3.04018 45.2889
3.04592 46.1471
3.05165 41.9818
3.05739 48.451
3.06313 48.8621
3.06886 47.9464
3.0746 51.0909
3.08033 51.5682
3.08607 49.8649
3.09181 55.1607
3.09754 57.551
3.10328 52.9677
3.10902 54.8475
3.11475 63.8302
3.12049 57.1795
3.12622 57.7609
3.13196 54.2364
3.1377 54.4043
3.14343 54.9722
3.14917 57.3621
3.1549 55.1373
3.16064 52.2069
3.16638 54.85
3.17211 56.0727
3.17785 54.2045
3.18359 57.2439
3.18932 54.3103
3.19506 54.9796
3.20079 53.6471
3.20653 57.3559
3.21227 56.566
3.218 55.4878
3.22374 56.25
3.22948 59.9153
3.23521 56.1556
3.24095 59.3333
3.24668 58.4
3.25242 57.7925
3.25816 53.4706
3.26389 56.8947
3.26963 65.5614
3.27536 58.2174
3.2811 67.7073
3.28684 66.05
3.29257 66.7551
3.29831 70.8611
3.30405 72.9206
3.30978 72.4182
3.31552 73.3256
3.32125 76.3542
3.32699 81.5789
3.33273 78.7843
3.33846 79.6923
3.3442 79
3.34994 84.5098
3.35567 81.2105
3.36141 74.6949
3.36714 78.0877
3.37288 76.875
3.37862 76.5349
3.38435 71.0164
3.39009 75.5849
3.39582 70.9167
3.40156 73
3.4073 75
3.41303 73.4468
3.41877 74.6042
3.42451 81.5738
3.43024 76.52
3.43598 79.2195
3.44171 75.1587
3.44745 77.9821
3.45319 74.7619
3.45892 79.8909
3.46466 79.322
3.4704 77.72
3.47613 81.2558
3.48187 78.127
3.4876 77.1132
3.49334 78.0789
3.49908 81.8209
3.50481 83.4912
3.51055 89.6383
3.51628 88.1373
3.52202 94.2295
3.52776 97.7593
3.53349 108.488
3.53923 122.785
3.54497 151.63
3.5507 160.417
3.55644 157.564
3.56217 130.458
3.56791 115.654
3.57365 107.348
3.57938 102.108
3.58512 102
3.59086 98.7368
3.59659 100.239
3.60233 100.542
3.60806 99.0196
3.6138 102.408
3.61954 108.587
3.62527 108.75
3.63101 112.902
3.63674 122.776
3.64248 142.052
3.64822 146.021
3.65395 160.053
3.65969 167.426
3.66543 151.926
3.67116 147.065
3.6769 149.19
3.68263 149.967
3.68837 144
3.69411 143.304
3.69984 137.559
3.70558 143.352
3.71132 141.608
3.71705 148.554
3.72279 159.286
3.72852 156.047
3.73426 160.388
3.74 163.645
3.74573 162.3
3.75147 167.291
3.7572 170.317
3.76294 179.203
3.76868 179.114
3.77441 188.239
3.78015 199.525
3.78589 203.085
3.79162 214.219
3.79736 227.875
3.80309 242.929
3.80883 252.784
3.81457 275.523
3.8203 306.067
3.82604 316.279
3.83178 358.217
3.83751 452.419
3.84325 573.589
3.84898 819.528
3.85472 1356.02
3.86046 1141.26
3.86619 1037.24
3.87193 1352.7
3.87766 1811.75
3.8834 2334.39
3.88914 2929.97
3.89487 3609.45
3.90061 3406.1
3.90635 2878.59
3.91208 2146.22
3.91782 1500.61
3.92355 1141.88
3.92929 901.451
3.93503 709.172
3.94076 573.966
3.9465 493.963
3.95224 431.164
3.95797 386.175
3.96371 344.957
3.96944 320.972
3.97518 300.286
3.98092 275.911
3.98665 267.276
3.99239 250.985
3.99812 243.726
4.00386 228.694
4.0096 221.87
4.01533 217.047
4.02107 210.36
4.02681 202.864
4.03254 207.636
4.03828 203.567
4.04401 195.365
4.04975 191.887
4.05549 193.738
4.06122 181.565
4.06696 175.087
4.0727 173.429
4.07843 173.617
4.08417 169.107
4.0899 171.618
4.09564 170.875
4.10138 165
4.10711 161.361
4.11285 165.652
4.11858 159.661
4.12432 160.145
4.13006 164.353
4.13579 162.571
4.14153 157.385
4.14727 156.822
4.153 160.597
4.15874 147.386
4.16447 150.534
4.17021 151.069
4.17595 147.161
4.18168 144.893
4.18742 152.6
4.19316 156.682
4.19889 150.98
4.20463 152.081
4.21036 154.015
4.2161 147.683
4.22184 150.172
4.22757 151.597
4.23331 150.179
4.23904 143.4
4.24478 157.72
4.25052 158.275
4.25625 152.071
4.26199 154.109
4.26773 151.208
4.27346 159.212
4.2792 154.643
4.28493 151.625
4.29067 155.957
4.29641 154.354
4.30214 158.342
4.30788 159.457
4.31362 158.219
4.31935 157.75
4.32509 157.689
4.33082 165.986
4.33656 162.22
4.3423 166.053
4.34803 179.257
4.35377 180.032
4.3595 179.2
4.36524 190.635
4.37098 196.286
4.37671 200.389
4.38245 200.784
4.38819 212.222
4.39392 217.895
4.39966 225.333
4.40539 241.333
4.41113 261.779
4.41687 269.148
4.4226 314.727
4.42834 470.521
4.43408 711.562
4.43981 1551
4.44555 4577.51
4.45128 2017.62
4.45702 4082.58
4.46276 1131.3
4.46849 629.75
4.47423 635.593
4.47996 621.355
4.4857 665.122
4.49144 713.369
4.49717 737.968
4.50291 764.553
4.50865 738.886
4.51438 673.635
4.52012 590.139
4.52585 500.187
4.53159 419.982
4.53733 366.521
4.54306 321.362
4.5488 280.149
4.55454 250.702
4.56027 232.025
4.56601 213.973
4.57174 197.365
4.57748 188.013
4.58322 173.372
4.58895 167.448
4.59469 159.131
4.60042 156.756
4.60616 152.093
4.6119 146.38
4.61763 139.687
4.62337 144.308
4.62911 140.476
4.63484 138.092
4.64058 129.561
4.64631 127.625
4.65205 116.179
4.65779 116.975
4.66352 116.936
4.66926 117.393
4.675 113.366
4.68073 115.256
4.68647 117.274
4.6922 114.491
4.69794 110.975
4.70368 111.468
4.70941 117.34
4.71515 114.224
4.72088 115.537
4.72662 123.565
4.73236 117.063
4.73809 118.244
4.74383 120.551
4.74957 118.962
4.7553 111.774
4.76104 109.2
4.76677 108.716
4.77251 108.277
4.77825 107.512
4.78398 100.92
4.78972 95.5455
4.79546 100.565
4.80119 94.5949
4.80693 92.4615
4.81266 92.2676
4.8184 91.5833
4.82414 97.3699
4.82987 87.4098
4.83561 91.9405
4.84134 95.0375
4.84708 88.7736
4.85282 95.5882
4.85855 95.2561
4.86429 88.7606
4.87003 88.3115
4.87576 87.6512
4.8815 87.6154
4.88723 87.2593
4.89297 88.7294
4.89871 81.8214
4.90444 87.9014
4.91018 83.4627
4.91592 82.0714
4.92165 84.1646
4.92739 84.9298
4.93312 86.8488
4.93886 84.4167
4.9446 82.9851
4.95033 78.4507
4.95607 82.0814
4.9618 80.3636
4.96754 82.1186
4.97328 85.3837
4.97901 83.7108
4.98475 81.0656
4.99049 82.5897
4.99622 81.3409
5.00196 79.5342
5.00769 79.6984
5.01343 80.1705
5.01917 81.8434
5.0249 77.6415
5.03064 80.0111
5.03638 82.8256
5.04211 78.08
5.04785 78.7692
5.05358 78.907
5.05932 83.5926
5.06506 79.4211
5.07079 85.1136
5.07653 77.0345
5.08226 81.2113
5.088 74
5.09374 79.7222
5.09947 81.4545
5.10521 77.9524
5.11095 75.0444
5.11668 79.0353
5.12242 76.5303
5.12815 81.3247
5.13389 80.9444
5.13963 78.1688
5.14536 75.7705
5.1511 78.8696
5.15684 76.9157
5.16257 78.7419
5.16831 79.1786
5.17404 77.8764
5.17978 82.8718
5.18552 81.2239
5.19125 80.5222
5.19699 82.4458
5.20272 77.6102
5.20846 78.5978
5.2142 79.4045
5.21993 79.5526
5.22567 76.5217
5.23141 81.5652
5.23714 80.4938
5.24288 75.1967
5.24861 76.9239
5.25435 76.6404
5.26009 81.9571
5.26582 80.0658
5.27156 80.4615
5.2773 76.9625
5.28303 78.8308
5.28877 77.6064
5.2945 79.8046
5.30024 80.1667
5.30598 82.2785
5.31171 80.4831
5.31745 82.2317
5.32318 77.6615
5.32892 79.3404
5.33466 80.8046
5.34039 78.3333
5.34613 82.0588
5.35187 79.3846
5.3576 78.4568
5.36334 80.9701
5.36907 79.6667
5.37481 79.5882
5.38055 84.2623
5.38628 88.2708
5.39202 92.6593
5.39776 101.512
5.40349 97.3099
5.40923 91.7917
5.41496 85.3704
5.4207 79.7619
5.42644 79.4898
5.43217 80.2472
5.43791 80.2692
5.44364 81.4795
5.44938 82.9072
5.45512 82.9878
5.46085 82.791
5.46659 80.5612
5.47233 80.7978
5.47806 80.8816
5.4838 79.7284
5.48953 83.4301
5.49527 77.7381
5.50101 78.2836
5.50674 75.0204
5.51248 76.2135
5.51822 79.1351
5.52395 80.2771
5.52969 80.2796
5.53542 82.2619
5.54116 77.5441
5.5469 78.1414
5.55263 80.7556
5.55837 78.5
5.5641 79.7528
5.56984 75.7419
5.57558 79.131
5.58131 79.9178
5.58705 77.5354
5.59279 79.2727
5.59852 77.6984
5.60426 79.51
5.60999 78.9893
5.61573 83.4512
5.62147 83.7333
5.6272 80.4845
5.63294 80.814
5.63868 81.4478
5.64441 79.5
5.65015 78.6344
5.65588 78.1071
5.66162 79.7922
5.66736 80.8081
5.67309 79.7791
5.67883 82.3043
5.68456 83.7525
5.6903 82.1889
5.69604 84.439
5.70177 79.4458
5.70751 82.6211
5.71325 85.5682
5.71898 84.7183
5.72472 82.3939
5.73045 81.7849
5.73619 88.25
5.74193 86.6404
5.74766 87.3789
5.7534 89.3977
5.75914 89.6761
5.76487 90.9604
5.77061 93.9043
5.77634 94.6282
5.78208 93.0337
5.78782 91.2062
5.79355 98.4302
5.79929 91.8
5.80502 91.0891
5.81076 89.6413
5.8165 87.8919
5.82223 92
5.82797 89.8265
5.83371 92.6512
5.83944 89.3544
5.84518 94.4747
5.85091 93.4375
5.85665 90.3846
5.86239 91.4857
5.86812 98.1633
5.87386 96.3837
5.8796 92.6835
5.88533 91.5941
5.89107 94.2717
5.8968 96.0145
5.90254 93.8
5.90828 95.6837
5.91401 97.7558
5.91975 96.4337
5.92548 100.384
5.93122 97.2447
5.93696 97.2329
5.94269 101.562
5.94843 96.3542
5.95417 101.364
5.9599 97.7765
5.96564 99.6061
5.97137 102.404
5.97711 103.384
5.98285 104.437
5.98858 105.245
5.99432 108.476
6.00006 107.73
6.00579 109.747
6.01153 111.67
6.01726 110.6
6.023 108.686
6.02874 111.75
6.03447 112.136
6.04021 108.467
6.04594 111.347
6.05168 110.969
6.05742 110.481
6.06315 114.876
6.06889 111.104
6.07463 110.524
6.08036 109.319
6.0861 112.173
6.09183 116.667
6.09757 115.295
6.10331 117.17
6.10904 122.229
6.11478 122.384
6.12052 126.688
6.12625 123.66
6.13199 126.936
6.13772 130.037
6.14346 128.01
6.1492 127.85
6.15493 132.525
6.16067 129.882
6.1664 130.418
6.17214 136.628
6.17788 138.845
6.18361 140.392
6.18935 145.535
6.19509 151.467
6.20082 151.119
6.20656 154.578
6.21229 169.229
6.21803 168.012
6.22377 172.396
6.2295 181.63
6.23524 192.44
6.24098 182.881
6.24671 189.235
6.25245 205.979
6.25818 215.744
6.26392 213.755
6.26966 292.108
6.27539 622.507
6.28113 330.486
6.28686 2271.86
6.2926 8006.14
6.29834 1615.35
6.30407 3789.43
6.30981 2478.36
6.31555 1653.37
6.32128 650.083
6.32702 459.048
6.33275 404.698
6.33849 377.034
6.34423 367.394
6.34996 402.657
6.3557 434
6.36144 479.926
6.36717 554.038
6.37291 625.463
6.37864 644.056
6.38438 602.764
6.39012 545.931
6.39585 478.212
6.40159 421.833
6.40732 356.759
6.41306 311.064
6.4188 273.489
6.42453 245.038
6.43027 233.118
6.43601 225.024
6.44174 208.755
6.44748 206.593
6.45321 191.755
6.45895 194.935
6.46469 189.895
6.47042 180.932
6.47616 183.44
6.4819 170.355
6.48763 165.667
6.49337 163.086
6.4991 157.558
6.50484 153.546
6.51058 152.539
6.51631 153.845
6.52205 149.7
6.52778 149.546
6.53352 147.989
6.53926 148.021
6.54499 144.269
6.55073 149.971
6.55647 146.845
6.5622 146.664
6.56794 153.815
6.57367 155.108
6.57941 144.947
6.58515 146.875
6.59088 145.76
6.59662 139.155
6.60236 139.947
6.60809 137.264
6.61383 135.473
6.61956 135.887
6.6253 134.795
6.63104 136.01
6.63677 135.209
6.64251 139.553
6.64824 135.346
6.65398 139.374
6.65972 136.912
6.66545 136.661
6.67119 140.365
6.67693 138.093
6.68266 137.371
6.6884 137.25
6.69413 138.308
6.69987 136.35
6.70561 136.411
6.71134 139.577
6.71708 137.693
6.72282 132.667
6.72855 131.333
6.73429 137.427
6.74002 134.104
6.74576 131.374
6.7515 133.437
6.75723 134.461
6.76297 129.94
6.7687 132.161
6.77444 134.989
6.78018 129.152
6.78591 129.534
6.79165 134.121
6.79739 131.092
6.80312 131.57
6.80886 131.196
6.81459 138.143
6.82033 133.133
6.82607 131.276
6.8318 137.267
6.83754 133.67
6.84328 133.863
6.84901 133.304
6.85475 134.703
6.86048 131.67
6.86622 135.845
6.87196 136.346
6.87769 134.92
6.88343 133.025
6.88916 132.14
6.8949 137.943
6.90064 133.159
6.90637 136.044
6.91211 134.262
6.91785 134.184
6.92358 135.959
6.92932 137.903
6.93505 134.034
6.94079 136.752
6.94653 135.871
6.95226 136.224
6.958 133.824
6.96374 134.283
6.96947 134.175
6.97521 136.176
6.98094 133.333
6.98668 137.078
6.99242 138.312
6.99815 139.18
7.00389 137.958
7.00962 138.578
7.01536 137.685
7.0211 138.182
7.02683 135.562
7.03257 137.28
7.03831 138.699
7.04404 141.68
7.04978 142.522
7.05551 140.34
7.06125 142.183
7.06699 144.246
7.07272 143.468
7.07846 141.045
7.0842 147.861
7.08993 145.034
7.09567 146.538
7.1014 149.097
7.10714 150.109
7.11288 153.697
7.11861 147.641
7.12435 154.75
7.13008 150.154
7.13582 151.938
7.14156 152.189
7.14729 156.25
7.15303 153.569
7.15877 154.226
7.1645 151.532
7.17024 154.16
7.17597 159.102
7.18171 157.561
7.18745 160.361
7.19318 159.73
7.19892 156.478
7.20466 160.89
7.21039 164
7.21613 162.545
7.22186 163.541
7.2276 167.937
7.23334 166.387
7.23907 168.714
7.24481 167.119
7.25054 169.202
7.25628 174.44
7.26202 169.631
7.26775 174.369
7.27349 178.351
7.27923 175.043
7.28496 181.921
7.2907 183.42
7.29643 188.602
7.30217 182.407
7.30791 194.008
7.31364 200.385
7.31938 194.933
7.32512 203.638
7.33085 208.835
7.33659 217.029
7.34232 208.657
7.34806 221.292
7.3538 241.261
7.35953 230.667
7.36527 262.328
7.371 346.992
7.37674 908.298
7.38248 464.745
7.38821 3178.96
7.39395 2499.4
7.39969 2872.29
7.40542 1869.72
7.41116 1083.98
7.41689 716.528
7.42263 463.86
7.42837 394.849
7.4341 398.723
7.43984 390.539
7.44558 394.157
7.45131 427.041
7.45705 482.418
7.46278 508.447
7.46852 586.346
7.47426 665.322
7.47999 704.978
7.48573 692.023
7.49146 634.72
7.4972 564.573
7.50294 493.262
7.50867 422.008
7.51441 367.731
7.52015 334.516
7.52588 299.636
7.53162 271.64
7.53735 251.161
7.54309 234.126
7.54883 220.659
7.55456 210.857
7.5603 212.378
7.56604 195.459
7.57177 187.96
7.57751 186.461
7.58324 179.706
7.58898 174.565
7.59472 172.549
7.60045 171.17
7.60619 169.537
7.61192 164.442
7.61766 165.784
7.6234 165
7.62913 163.955
7.63487 160.116
7.64061 163.765
7.64634 157.317
7.65208 157.178
7.65781 157.975
7.66355 154.112
7.66929 155.56
7.67502 159.306
7.68076 161.283
7.6865 160.866
7.69223 165.664
7.69797 166.797
7.7037 169.663
7.70944 193.724
7.71518 329.276
7.72091 543.536
7.72665 1004.42
7.73238 1917.77
7.73812 453.738
7.74386 245.898
7.74959 240.087
7.75533 209.508
7.76107 201.523
7.7668 208.491
7.77254 210.718
7.77827 226.795
7.78401 240.707
7.78975 261.089
7.79548 288.398
7.80122 319.474
7.80696 339.613
7.81269 359.774
7.81843 354.048
7.82416 337.263
7.8299 297.671
7.83564 254.062
7.84137 226.256
7.84711 202.427
7.85284 184.756
7.85858 171.583
7.86432 160.67
7.87005 153.763
7.87579 150.133
7.88153 146.533
7.88726 143.318
7.893 142.978
7.89873 138.32
7.90447 137.971
7.91021 134.301
7.91594 128.695
7.92168 128.592
7.92742 124.377
7.93315 124.35
7.93889 123.583
7.94462 120.363
7.95036 121.769
7.9561 119.871
7.96183 124.214
7.96757 119.343
7.9733 119.547
7.97904 113.469
7.98478 119.429
7.99051 115.44
7.99625 115.564
8.00199 116.492
8.00772 117.01
8.01346 114.475
8.01919 114.602
8.02493 118.639
8.03067 113.602
8.0364 113.772
8.04214 113.559
8.04788 111.214
8.05361 110.453
8.05935 112.382
8.06508 109.644
8.07082 109.496
8.07656 105.511
8.08229 106
8.08803 105.111
8.09376 106.357
8.0995 95.5303
8.10524 92.0732
8.11097 85.9557
8.11671 77.1449
8.12245 71.3488
8.12818 72.6036
8.13392 63.803
8.13965 60.5693
8.14539 56.9113
8.15113 54.2703
8.15686 27.0146
8.1626 29.321
8.16834 28.5593
8.17407 20.2368
8.17981 1.73684
8.18554 0
8.19128 0
8.19702 0
8.20275 0
8.20849 0
8.21422 0
8.21996 0
8.2257 0
8.23143 0
8.23717 0
8.24291 0
8.24864 0
8.25438 0
8.26011 0
8.26585 0
8.27159 0
8.27732 0
8.28306 0
8.2888 0
8.29453 0
8.30027 0
8.306 0
8.31174 0
8.31748 0
8.32321 0
8.32895 0
8.33468 0
8.34042 0
8.34616 0
8.35189 0
8.35763 0
8.36337 0
8.3691 0
8.37484 0
8.38057 0
8.38631 0
8.39205 0
8.39778 0
8.40352 0
8.40926 0
8.41499 0
8.42073 0
8.42646 0
8.4322 0
8.43794 0
8.44367 0
8.44941 0
8.45514 0
8.46088 0
8.46662 0
8.47235 0
8.47809 0
8.48383 0
8.48956 0
8.4953 0
8.50103 0
8.50677 0
8.51251 0
8.51824 0
8.52398 0
8.52972 0
8.53545 0
8.54119 0
8.54692 0
8.55266 0
8.5584 0
8.56413 0
8.56987 0
8.5756 0
8.58134 0
8.58708 0
8.59281 0
8.59855 0
8.60429 0
8.61002 0
8.61576 0
8.62149 0
8.62723 0
8.63297 0
8.6387 0
8.64444 0
8.65018 0
8.65591 0
8.66165 0
8.66738 0
8.67312 0
8.67886 0
8.68459 0
8.69033 0
8.69606 0
8.7018 0
8.70754 0
8.71327 0
8.71901 0
8.72475 0
8.73048 0
8.73622 0
8.74195 0
8.74769 0
8.75343 0
8.75916 0
8.7649 0
8.77064 0
8.77637 0
8.78211 0
8.78784 0
8.79358 0
8.79932 0
8.80505 0
8.81079 0
8.81652 0
8.82226 0
8.828 0
8.83373 0
8.83947 0
8.84521 0
8.85094 0
8.85668 0
8.86241 0
8.86815 0
8.87389 0
8.87962 0
8.88536 0
8.8911 0
8.89683 0
8.90257 0
8.9083 0
8.91404 0
8.91978 0
8.92551 0
8.93125 0
8.93698 0
8.94272 0
8.94846 0
8.95419 0
8.95993 0
8.96567 0
8.9714 0
8.97714 0
8.98287 0
8.98861 0
8.99435 0
9.00008 0
9.00582 0
9.01156 0
9.01729 0
9.02303 0
9.02876 0
9.0345 0
9.04024 0
9.04597 0
9.05171 0
9.05744 0
9.06318 0
9.06892 0
9.07465 0
9.08039 0
9.08613 0
9.09186 0
9.0976 0
9.10333 0
9.10907 0
9.11481 0
9.12054 0
9.12628 0
9.13202 0
9.13775 0
9.14349 0
9.14922 0
9.15496 0
9.1607 0
9.16643 0
9.17217 0
9.1779 0
9.18364 0
9.18938 0
9.19511 0
9.20085 0
9.20659 0
9.21232 0
9.21806 0
9.22379 0
9.22953 0
9.23527 0
9.241 0
9.24674 0
9.25248 0
9.25821 0
9.26395 0
9.26968 0
9.27542 0
9.28116 0
9.28689 0
9.29263 0
9.29836 0
9.3041 0
9.30984 0
9.31557 0
9.32131 0
9.32705 0
9.33278 0
9.33852 0
9.34425 0
9.34999 0
9.35573 0
9.36146 0
9.3672 0
9.37294 0
9.37867 0
9.38441 0
9.39014 0
9.39588 0
9.40162 0
9.40735 0
9.41309 0
9.41882 0
9.42456 0
9.4303 0
9.43603 0
9.44177 0
9.44751 0
9.45324 0
9.45898 0
9.46471 0
9.47045 0
9.47619 0
9.48192 0
9.48766 0
9.4934 0
9.49913 0
9.50487 0
9.5106 0
9.51634 0
9.52208 0
9.52781 0
9.53355 0
9.53928 0
9.54502 0
9.55076 0
9.55649 0
9.56223 0
9.56797 0
9.5737 0
9.57944 0
9.58517 0
9.59091 0
9.59665 0
9.60238 0
9.60812 0
9.61386 0
9.61959 0
9.62533 0
9.63106 0
9.6368 0
9.64254 0
9.64827 0
9.65401 0
9.65974 0
9.66548 0
9.67122 0
9.67695 0
9.68269 0
9.68843 0
9.69416 0
9.6999 0
9.70563 0
9.71137 0
9.71711 0
9.72284 0
9.72858 0
9.73432 0
9.74005 0
9.74579 0
9.75152 0
9.75726 0
9.763 0
9.76873 0
9.77447 0
9.7802 0
9.78594 0
9.79168 0
9.79741 0
9.80315 0
9.80889 0
9.81462 0
9.82036 0
9.82609 0
9.83183 0
9.83757 0
9.8433 0
9.84904 0
9.85478 0
9.86051 0
9.86625 0
9.87198 0
9.87772 0
9.88346 0
9.88919 0
9.89493 0
9.90066 0
9.9064 0
9.91214 0
9.91787 0
9.92361 0
9.92935 0
9.93508 0
9.94082 0
9.94655 0
9.95229 0
9.95803 0
9.96376 0
9.9695 0
9.97524 0
9.98097 0
9.98671 0
9.99244 0
9.99818 0
10.0039 0
10.0097 0
10.0154 0
10.0211 0
10.0269 0
10.0326 0
10.0383 0
10.0441 0
10.0498 0
10.0555 0
10.0613 0
10.067 0
10.0728 0
10.0785 0
10.0842 0
10.09 0
10.0957 0
10.1014 0
10.1072 0
10.1129 0
10.1186 0
10.1244 0
10.1301 0
10.1358 0
10.1416 0
10.1473 0
10.1531 0
10.1588 0
10.1645 0
10.1703 0
10.176 0
10.1817 0
10.1875 0
10.1932 0
10.1989 0
10.2047 0
10.2104 0
10.2162 0
10.2219 0
10.2276 0
10.2334 0
10.2391 0
10.2448 0
10.2506 0
10.2563 0
10.262 0
10.2678 0
10.2735 0
10.2793 0
10.285 0
10.2907 0
10.2965 0
10.3022 0
10.3079 0
10.3137 0
10.3194 0
10.3251 0
10.3309 0
10.3366 0
10.3424 0
10.3481 0
10.3538 0
10.3596 0
10.3653 0
10.371 0
10.3768 0
10.3825 0
10.3882 0
10.394 0
10.3997 0
10.4054 0
10.4112 0
10.4169 0
10.4227 0
10.4284 0
10.4341 0
10.4399 0
10.4456 0
10.4513 0
10.4571 0
10.4628 0
10.4685 0
10.4743 0
10.48 0
10.4858 0
10.4915 0
10.4972 0
10.503 0
10.5087 0
10.5144 0
10.5202 0
10.5259 0
10.5316 0
10.5374 0
10.5431 0
10.5489 0
10.5546 0
10.5603 0
10.5661 0
10.5718 0
10.5775 0
10.5833 0
10.589 0
10.5947 0
10.6005 0
10.6062 0
10.612 0
10.6177 0
10.6234 0
10.6292 0
10.6349 0
10.6406 0
10.6464 0
10.6521 0
10.6578 0
10.6636 0
10.6693 0
10.6751 0
10.6808 0
10.6865 0
10.6923 0
10.698 0
10.7037 0
10.7095 0
10.7152 0
10.7209 0
10.7267 0
10.7324 0
10.7381 0
10.7439 0
10.7496 0
10.7554 0
10.7611 0
10.7668 0
10.7726 0
10.7783 0
10.784 0
10.7898 0
10.7955 0
10.8012 0
10.807 0
10.8127 0
10.8185 0
10.8242 0
10.8299 0
10.8357 0
10.8414 0
10.8471 0
10.8529 0
10.8586 0
10.8643 0
10.8701 0
10.8758 0
10.8816 0
10.8873 0
10.893 0
10.8988 0
10.9045 0
10.9102 0
10.916 0
10.9217 0
10.9274 0
10.9332 0
10.9389 0
10.9447 0
10.9504 0
10.9561 0
10.9619 0
10.9676 0
10.9733 0
10.9791 0
10.9848 0
10.9905 0
10.9963 0
11.002 0
11.0077 0
11.0135 0
11.0192 0
11.025 0
11.0307 0
11.0364 0
11.0422 0
11.0479 0
11.0536 0
11.0594 0
11.0651 0
11.0708 0
11.0766 0
11.0823 0
11.0881 0
11.0938 0
11.0995 0
11.1053 0
11.111 0
11.1167 0
11.1225 0
11.1282 0
11.1339 0
11.1397 0
11.1454 0
11.1512 0
11.1569 0
11.1626 0
11.1684 0
11.1741 0
11.1798 0
11.1856 0
11.1913 0
11.197 0
11.2028 0
11.2085 0
11.2143 0
11.22 0
11.2257 0
11.2315 0
11.2372 0
11.2429 0
11.2487 0
11.2544 0
11.2601 0
11.2659 0
11.2716 0
11.2774 0
11.2831 0
11.2888 0
11.2946 0
11.3003 0
11.306 0
11.3118 0
11.3175 0
11.3232 0
11.329 0
11.3347 0
11.3404 0
11.3462 0
11.3519 0
11.3577 0
11.3634 0
11.3691 0
11.3749 0
11.3806 0
11.3863 0
11.3921 0
11.3978 0
11.4035 0
11.4093 0
11.415 0
11.4208 0
11.4265 0
11.4322 0
11.438 0
11.4437 0
11.4494 0
11.4552 0
11.4609 0
11.4666 0
11.4724 0
11.4781 0
11.4839 0
11.4896 0
11.4953 0
11.5011 0
11.5068 0
11.5125 0
11.5183 0
11.524 0
11.5297 0
11.5355 0
11.5412 0
11.547 0
11.5527 0
11.5584 0
11.5642 0
11.5699 0
11.5756 0
11.5814 0
11.5871 0
11.5928 0
11.5986 0
11.6043 0
11.61 0
11.6158 0
11.6215 0
11.6273 0
11.633 0
11.6387 0
11.6445 0
11.6502 0
11.6559 0
11.6617 0
11.6674 0
11.6731 0
11.6789 0
11.6846 0
11.6904 0
11.6961 0
11.7018 0
11.7076 0
11.7133 0
11.719 0
11.7248 0
11.7305 0
11.7362 0
11.742 0
