0 0
0.00573619 -5.005
0.0114724 -4.004
0.0172086 0
0.0229448 -12.012
0.028681 0
0.0344171 0
0.0401533 -9.009
0.0458895 9.009
0.0516257 7.007
0.0573619 0
0.0630981 -3.003
0.0688343 -21.021
0.0745705 0
0.0803067 13.013
0.0860429 0
0.091779 0
0.0975152 14.6813
0.103251 13.6803
0.108988 2.66933
0.114724 0
0.12046 -3.67033
0.126196 4.67133
0.131932 0
0.137669 -3.67033
0.143405 -0.333667
0.149141 11.011
0.154877 -2.5025
0.160613 -2.66933
0.16635 4.004
0.172086 0
0.177822 -11.011
0.183558 2.25225
0.189294 0
0.19503 0.8008
0.200767 -1.6016
0.206503 -9.67633
0.212239 8.5085
0.217975 -2.4024
0.223711 3.8038
0.229448 0
0.235184 15.6156
0.24092 -3.003
0.246656 0
0.252392 2.2022
0.258129 -2.6026
0.263865 0
0.269601 0
0.275337 8.6086
0.281073 8.008
0.28681 0
0.292546 2.002
0.298282 0.429
0.304018 -4.33767
0.309754 -3.25325
0.31549 4.862
0.321227 3.575
0.326963 0
0.332699 3.432
0.338435 -9.438
0.344171 0
0.349908 0.143
0.355644 -8.723
0.36138 -2.6026
0.367116 6.006
0.372852 9.38437
0.378589 6.149
0.384325 18.5185
0.390061 6.67333
0.395797 -2.66933
0.401533 0
0.40727 17.9068
0.413006 10.8998
0.418742 7.722
0.424478 15.015
0.430214 18.5741
0.43595 13.3467
0.441687 0
0.447423 8.78656
0.453159 14.4589
0.458895 14.014
0.464631 25.74
0.470368 20.111
0.476104 22.3557
0.48184 30.03
0.487576 27.664
0.493312 25.025
0.499049 0
0.504785 15.47
0.510521 20.475
0.516257 33.6336
0.521993 22.022
0.52773 32.578
0.533466 29.029
0.539202 21.5215
0.544938 34.125
0.550674 32.305
0.55641 0
0.562147 22.9396
0.567883 22.176
0.573619 25.883
0.579355 20.5205
0.585091 23.1
0.590828 28.119
0.596564 27.5275
0.6023 21.406
0.608036 17.633
0.613772 16.2162
0.619509 22.2722
0.625245 22.715
0.630981 27.9168
0.636717 30.7808
0.642453 30.415
0.64819 28.875
0.653926 5.005
0.659662 31.7651
0.665398 29.8298
0.671134 36.608
0.67687 30.7808
0.682607 33.0997
0.688343 26.481
0.694079 24.024
0.699815 34.3677
0.705551 40.7741
0.711288 48.048
0.717024 35.9645
0.72276 34.6346
0.728496 28.4729
0.734232 26.3597
0.739969 34.7848
0.745705 38.346
0.751441 37.3707
0.757177 39.3334
0.762913 39.4512
0.76865 36.6366
0.774386 46.6299
0.780122 42.7486
0.785858 27.027
0.791594 27.3607
0.79733 34.9172
0.803067 36.1695
0.808803 26.5265
0.814539 29.1468
0.820275 38.8624
0.826011 30.1412
0.831748 40.1651
0.837484 32.8106
0.84322 23.947
0.848956 31.5315
0.854692 31.6632
0.860429 35.9182
0.866165 42.8428
0.871901 27.2147
0.877637 36.6682
0.883373 29.211
0.88911 27.027
0.894846 30.7149
0.900582 31.2312
0.906318 40.7907
0.912054 35.8253
0.91779 35.3294
0.923527 22.8006
0.929263 33.572
0.934999 39.8398
0.940735 28.336
0.946471 40.6656
0.952208 41.9467
0.957944 35.6238
0.96368 36.036
0.969416 25.168
0.975152 31.4525
0.980889 33.306
0.986625 32.5325
0.992361 43.472
0.998097 29.0957
1.00383 30.5305
1.00957 31.2693
1.01531 37.5669
1.02104 35.8358
1.02678 33.7396
1.03251 40.9933
1.03825 45.969
1.04399 28.1948
1.04972 33.6423
1.05546 35.1528
1.0612 28.028
1.06693 37.8204
1.07267 37.4058
1.0784 39.732
1.08414 42.2565
1.08988 40.5187
1.09561 33.1665
1.10135 25.1501
1.10708 38.5167
1.11282 39.9222
1.11856 35.321
1.12429 32.2822
1.13003 35.2257
1.13577 39.4394
1.1415 36.2505
1.14724 32.5926
1.15297 20.8208
1.15871 27.1271
1.16445 30.3904
1.17018 35.4565
1.17592 34.65
1.18166 32.9218
1.18739 33.5117
1.19313 26.0927
1.19886 24.1074
1.2046 37.2372
1.21034 33.033
1.21607 37.5931
1.22181 28.7324
1.22754 36.2267
1.23328 41.5121
1.23902 25.1501
1.24475 32.5926
1.25049 31.6198
1.25623 29.4461
1.26196 32.1061
1.2677 39.5132
1.27343 34.727
1.27917 31.0765
1.28491 32.9024
1.29064 25.3194
1.29638 34.8348
1.30212 40.4107
1.30785 41.5971
1.31359 39.767
1.31932 37.969
1.32506 41.9467
1.3308 38.2146
1.33653 40.8408
1.34227 35.7157
1.348 39.0917
1.35374 27.3845
1.35948 34.0711
1.36521 25.9307
1.37095 37.9379
1.37669 30.6513
1.38242 32.2496
1.38816 39.5689
1.39389 48.2587
1.39963 31.55
1.40537 31.031
1.4111 23.738
1.41684 34.966
1.42258 30.3347
1.42831 39.4512
1.43405 38.4134
1.43978 32.072
1.44552 28.171
1.45126 27.5901
1.45699 35.4147
1.46273 40.2307
1.46846 27.7778
1.4742 33.1622
1.47994 37.2981
1.48567 37.2873
1.49141 32.4133
1.49715 26.7675
1.50288 35.8085
1.50862 28.1531
1.51435 34.034
1.52009 36.7167
1.52583 36.8368
1.53156 30.397
1.5373 34.074
1.54304 39.5633
1.54877 32.6827
1.55451 33.1711
1.56024 34.9915
1.56598 23.738
1.57172 32.7424
1.57745 36.806
1.58319 35.5855
1.58892 37.037
1.59466 38.7424
1.6004 36.9569
1.60613 33.033
1.61187 36.6495
1.61761 37.6776
1.62334 34.892
1.62908 29.0897
1.63481 34.0711
1.64055 32.9024
1.64629 32.0775
1.65202 32.2391
1.65776 28.3884
1.6635 33.6586
1.66923 32.4195
1.67497 31.746
1.6807 34.4845
1.68644 27.3487
1.69218 32.7827
1.69791 40.7607
1.70365 33.3515
1.70938 38.1995
1.71512 29.6222
1.72086 31.4689
1.72659 29.3323
1.73233 29.2706
1.73807 33.2506
1.7438 36.729
1.74954 33.033
1.75527 31.9208
1.76101 32.2427
1.76675 36.1573
1.77248 36.0718
1.77822 34.2842
1.78396 26.1595
1.78969 34.6798
1.79543 31.3647
1.80116 35.7858
1.8069 33.2913
1.81264 33.2401
1.81837 35.1462
1.82411 34.9492
1.82984 35.6908
1.83558 31.7918
1.84132 35.8435
1.84705 35.2287
1.85279 34.8563
1.85853 31.9014
1.86426 38.9177
1.87 33.5335
1.87573 37.2725
1.88147 35.9788
1.88721 35.854
1.89294 38.6312
1.89868 38.654
1.90442 31.6073
1.91015 32.8715
1.91589 37.3373
1.92162 35.0636
1.92736 40.3952
1.9331 38.9589
1.93883 39.2892
1.94457 37.1887
1.9503 38.0046
1.95604 37.037
1.96178 42.7486
1.96751 33.7837
1.97325 33.6837
1.97899 29.7865
1.98472 34.9137
1.99046 39.3497
1.99619 36.421
2.00193 31.7174
2.00767 33.4851
2.0134 31.9903
2.01914 39.9542
2.02488 33.9127
2.03061 29.5896
2.03635 33.9714
2.04208 30.6188
2.04782 37.819
2.05356 37.9546
2.05929 34.7291
2.06503 35.7416
2.07076 30.394
2.0765 33.4929
2.08224 38.4098
2.08797 37.1406
2.09371 39.182
2.09945 37.7404
2.10518 42.3757
2.11092 29.5712
2.11665 45.6131
2.12239 41.4986
2.12813 35.4702
2.13386 36.9288
2.1396 36.8424
2.14534 33.7525
2.15107 38.885
2.15681 35.6145
2.16254 35.1462
2.16828 41.2685
2.17402 37.884
2.17975 38.0651
2.18549 40.5889
2.19122 38.1715
2.19696 40.9598
2.2027 45.331
2.20843 39.5812
2.21417 78.7197
2.21991 77.7533
2.22564 35.8085
2.23138 41.8168
2.23711 40.1981
2.24285 42.3953
2.24859 35.2853
2.25432 39.6185
2.26006 33.7773
2.2658 37.1735
2.27153 41.3828
2.27727 37.4733
2.283 33.5174
2.28874 37.8816
2.29448 40.04
2.30021 38.0921
2.30595 44.4675
2.31168 43.3767
2.31742 36.9869
2.32316 37.401
2.32889 34.2962
2.33463 41.6166
2.34037 43.9884
2.3461 37.3587
2.35184 40.9218
2.35757 40.6622
2.36331 38.6925
2.36905 43.7022
2.37478 44.1661
2.38052 42.268
2.38626 37.0959
2.39199 38.2708
2.39773 40.3917
2.40346 38.731
2.4092 43.1795
2.41494 40.3403
2.42067 39.4485
2.42641 47.1608
2.43214 42.471
2.43788 39.039
2.44362 36.5526
2.44935 36.9703
2.45509 39.347
2.46083 44.198
2.46656 41.1967
2.4723 38.1357
2.47803 44.976
2.48377 38.038
2.48951 41.5531
2.49524 39.0647
2.50098 33.726
2.50672 33.7729
2.51245 38.9198
2.51819 39.9566
2.52392 42.8472
2.52966 38.4702
2.5354 37.401
2.54113 39.5824
2.54687 39.951
2.5526 44.1417
2.55834 44.044
2.56408 40.7428
2.56981 39.877
2.57555 38.9009
2.58129 33.462
2.58702 43.955
2.59276 42.1773
2.59849 41.5263
2.60423 41.7591
2.60997 42.5197
2.6157 42.751
2.62144 46.2962
2.62718 38.6473
2.63291 41.7846
2.63865 40.6517
2.64438 44.9598
2.65012 43.6045
2.65586 41.0744
2.66159 40.8706
2.66733 42.5981
2.67306 38.1982
2.6788 39.6646
2.68454 46.4422
2.69027 38.3973
2.69601 33.2757
2.70175 40.1234
2.70748 42.6204
2.71322 44.6743
2.71895 45.8375
2.72469 39.7272
2.73043 39.325
2.73616 40.2244
2.7419 45.0041
2.74764 46.6047
2.75337 41.7417
2.75911 43.6354
2.76484 42.3689
2.77058 41.75
2.77632 41.9194
2.78205 43.1831
2.78779 40.656
2.79352 43.901
2.79926 44.0055
2.805 43.8438
2.81073 44.3035
2.81647 41.3683
2.82221 43.1247
2.82794 40.4999
2.83368 40.3298
2.83941 43.7796
2.84515 45.9972
2.85089 43.1681
2.85662 46.5748
2.86236 44.5751
2.8681 46.7133
2.87383 47.4734
2.87957 44.4844
2.8853 42.8477
2.89104 43.3676
2.89678 54.593
2.90251 48.6264
2.90825 45.0105
2.91398 40.9854
2.91972 48.0087
2.92546 49.6442
2.93119 48.2863
2.93693 50.6733
2.94267 50.0722
2.9484 44.826
2.95414 46.7259
2.95987 48.3953
2.96561 41.8196
2.97135 49.8534
2.97708 48.9378
2.98282 47.3293
2.98856 51.7953
2.99429 49.9573
3.00003 47.6859
3.00576 38.3286
3.0115 46.2644
3.01724 49.9745
3.02297 47.534
3.02871 51.597
3.03444 52.5252
3.04018 53.3867
3.04592 53.2296
3.05165 52.9802
3.05739 48.7938
3.06313 53.7088
3.06886 50.8365
3.0746 55.3826
3.08033 51.4832
3.08607 54.7304
3.09181 50.6399
3.09754 57.5473
3.10328 61.2225
3.10902 63.2496
3.11475 67.5581
3.12049 65.5527
3.12622 63.2153
3.13196 61.8618
3.1377 58.8034
3.14343 70.9042
3.14917 60.8712
3.1549 59.7067
3.16064 60.4397
3.16638 58.8421
3.17211 60.6242
3.17785 59.514
3.18359 62.062
3.18932 59.6976
3.19506 59.059
3.20079 56.9981
3.20653 63.4363
3.21227 64.9895
3.218 65.6754
3.22374 64.6271
3.22948 60.1788
3.23521 62.2177
3.24095 62.0363
3.24668 62.2455
3.25242 68.0491
3.25816 63.2691
3.26389 65.8377
3.26963 68.5422
3.27536 67.981
3.2811 68.7028
3.28684 72.1387
3.29257 66.1273
3.29831 67.7065
3.30405 76.0919
3.30978 78.1144
3.31552 81.8725
3.32125 74.929
3.32699 80.642
3.33273 81.3165
3.33846 75.768
3.3442 81.3878
3.34994 82.8278
3.35567 79.8956
3.36141 76.3984
3.36714 83.083
3.37288 75.221
3.37862 74.912
3.38435 74.6976
3.39009 78.5879
3.39582 74.1574
3.40156 80.4613
3.4073 80.9536
3.41303 82.4015
3.41877 82.082
3.42451 85.167
3.43024 85.8057
3.43598 82.0088
3.44171 86.7851
3.44745 86.3363
3.45319 85.9668
3.45892 80.5714
3.46466 87.3076
3.4704 86.9469
3.47613 83.6184
3.48187 85.1327
3.4876 91.431
3.49334 88.3514
3.49908 92.092
3.50481 97.0092
3.51055 93.7319
3.51628 95.2716
3.52202 100.707
3.52776 105.661
3.53349 105.691
3.53923 118.195
3.54497 139.806
3.5507 144.102
3.55644 138.993
3.56217 130.317
3.56791 120.909
3.57365 112.264
3.57938 115.438
3.58512 113.168
3.59086 111.585
3.59659 111.245
3.60233 108.753
3.60806 111.425
3.6138 116.116
3.61954 116.148
3.62527 127.431
3.63101 120.437
3.63674 134.702
3.64248 142.608
3.64822 155.572
3.65395 172.593
3.65969 175.979
3.66543 164.349
3.67116 149.889
3.6769 155.743
3.68263 156.845
3.68837 150.598
3.69411 160.639
3.69984 160.126
3.70558 158.214
3.71132 160.239
3.71705 163.964
3.72279 165.737
3.72852 167.539
3.73426 175.877
3.74 181.665
3.74573 183.043
3.75147 188.497
3.7572 193.638
3.76294 199.386
3.76868 194.148
3.77441 204.802
3.78015 214.401
3.78589 217.409
3.79162 231.075
3.79736 250.234
3.80309 259.259
3.80883 271.016
3.81457 290.059
3.8203 319.719
3.82604 328.98
3.83178 379.263
3.83751 473.053
3.84325 688.956
3.84898 780.931
3.85472 1706.77
3.86046 1150.03
3.86619 920.507
3.87193 1102.29
3.87766 1307.45
3.8834 1495.53
3.88914 1757.44
3.89487 2099.84
3.90061 2191.11
3.90635 2082.26
3.91208 1815.98
3.91782 1441.3
3.92355 1139.46
3.92929 955.983
3.93503 773.085
3.94076 639.622
3.9465 562.729
3.95224 482.96
3.95797 433.083
3.96371 382.708
3.96944 359.754
3.97518 329.408
3.98092 307.253
3.98665 290.031
3.99239 276.497
3.99812 269.818
4.00386 253.559
4.0096 246.841
4.01533 242.164
4.02107 231.371
4.02681 230.776
4.03254 231.064
4.03828 225.425
4.04401 215.484
4.04975 215.596
4.05549 209.394
4.06122 205.684
4.06696 200.215
4.0727 197.411
4.07843 192.943
4.08417 193.944
4.0899 189.027
4.09564 187.25
4.10138 181.461
4.10711 182.891
4.11285 181.424
4.11858 182.093
4.12432 181.488
4.13006 179.164
4.13579 179.211
4.14153 172.307
4.14727 178.109
4.153 179.851
4.15874 171.171
4.16447 174.544
4.17021 172.52
4.17595 172.027
4.18168 173.495
4.18742 174.331
4.19316 174.583
4.19889 171.151
4.20463 169.994
4.21036 175.734
4.2161 174.124
4.22184 171.81
4.22757 173.604
4.23331 172.097
4.23904 173.113
4.24478 170.317
4.25052 175.538
4.25625 172.798
4.26199 171.03
4.26773 172.631
4.27346 177.495
4.2792 172.458
4.28493 175.94
4.29067 175.747
4.29641 170.775
4.30214 174.727
4.30788 186.901
4.31362 184.293
4.31935 183.505
4.32509 186.957
4.33082 191.394
4.33656 194.174
4.3423 201.495
4.34803 204.447
4.35377 207.708
4.3595 205.605
4.36524 213.24
4.37098 227.027
4.37671 228.339
4.38245 222.574
4.38819 245.412
4.39392 253.85
4.39966 257.228
4.40539 279.946
4.41113 302.39
4.41687 302.506
4.4226 369.252
4.42834 569.788
4.43408 755.776
4.43981 1905.25
4.44555 7839.73
4.45128 4805.65
4.45702 4126.09
4.46276 1699.4
4.46849 679.526
4.47423 536.87
4.47996 528.607
4.4857 523.645
4.49144 526.341
4.49717 533.279
4.50291 560.679
4.50865 574.989
4.51438 543.235
4.52012 514.729
4.52585 464.771
4.53159 408.952
4.53733 372.865
4.54306 333.821
4.5488 307.187
4.55454 280.491
4.56027 260.06
4.56601 243.879
4.57174 228.94
4.57748 222.029
4.58322 201.124
4.58895 208.372
4.59469 186.317
4.60042 175.65
4.60616 172.759
4.6119 167.447
4.61763 163.247
4.62337 162.136
4.62911 151.675
4.63484 148.81
4.64058 146.451
4.64631 146.938
4.65205 138.156
4.65779 136.286
4.66352 134.917
4.66926 132.411
4.675 136.376
4.68073 135.725
4.68647 127.675
4.6922 125.055
4.69794 127.94
4.70368 127.049
4.70941 117.858
4.71515 123.076
4.72088 122.597
4.72662 123.167
4.73236 124.299
4.73809 120.108
4.74383 126.703
4.74957 121.198
4.7553 114.257
4.76104 114.389
4.76677 114.413
4.77251 113.005
4.77825 113.125
4.78398 114.421
4.78972 110.037
4.79546 109.368
4.80119 106.131
4.80693 106.953
4.81266 108.954
4.8184 104.938
4.82414 104.968
4.82987 98.6231
4.83561 102.388
4.84134 100.363
4.84708 102.706
4.85282 102.832
4.85855 104.666
4.86429 105.302
4.87003 101.61
4.87576 100.717
4.8815 97.9183
4.88723 93.0003
4.89297 98.5455
4.89871 99.5518
4.90444 97.3367
4.91018 100.055
4.91592 97.3592
4.92165 99.4031
4.92739 93.7428
4.93312 90.218
4.93886 92.664
4.9446 95.4984
4.95033 94.9963
4.95607 94.4083
4.9618 99.619
4.96754 93.4663
4.97328 92.3597
4.97901 93.093
4.98475 93.0109
4.99049 92.2845
4.99622 92.1034
5.00196 91.0087
5.00769 94.2052
5.01343 90.9659
5.01917 90.7413
5.0249 88.6546
5.03064 86.6199
5.03638 89.8921
5.04211 94.0406
5.04785 95.326
5.05358 91.1492
5.05932 90.6708
5.06506 91.4422
5.07079 91.2503
5.07653 89.089
5.08226 91.6267
5.088 87.3408
5.09374 84.9293
5.09947 91.936
5.10521 87.7226
5.11095 86.9424
5.11668 87.3814
5.12242 87.633
5.12815 87.802
5.13389 91.0131
5.13963 87.945
5.14536 88.2521
5.1511 91.4065
5.15684 95.0709
5.16257 89.7025
5.16831 88.5051
5.17404 91.4397
5.17978 93.0802
5.18552 88.4017
5.19125 86.2195
5.19699 90.5724
5.20272 88.1559
5.20846 86.1948
5.2142 90.8661
5.21993 88.4436
5.22567 83.6053
5.23141 84.4539
5.23714 84.2817
5.24288 86.8737
5.24861 85.7487
5.25435 84.9163
5.26009 83.7837
5.26582 89.3392
5.27156 84.876
5.2773 90.2402
5.28303 85.7626
5.28877 85.8411
5.2945 86.063
5.30024 89.8815
5.30598 86.2507
5.31171 89.4377
5.31745 90.5417
5.32318 86.317
5.32892 88.5672
5.33466 90.9184
5.34039 92.3347
5.34613 88.4413
5.35187 91.19
5.3576 89.3979
5.36334 86.7284
5.36907 91.0076
5.37481 91.0086
5.38055 93.0109
5.38628 95.7936
5.39202 102.267
5.39776 107.019
5.40349 103.145
5.40923 100.361
5.41496 93.439
5.4207 86.8804
5.42644 93.4914
5.43217 90.9335
5.43791 89.7563
5.44364 87.896
5.44938 94.0114
5.45512 92.1775
5.46085 92.6448
5.46659 89.5486
5.47233 89.8763
5.47806 91.9208
5.4838 90.5472
5.48953 91.2309
5.49527 91.5438
5.50101 86.848
5.50674 88.2106
5.51248 88.6616
5.51822 88.5209
5.52395 89.4749
5.52969 91.0157
5.53542 90.4475
5.54116 87.7053
5.5469 88.3408
5.55263 91.1911
5.55837 88.0185
5.5641 88.7853
5.56984 93.1145
5.57558 91.2102
5.58131 86.1957
5.58705 89.7361
5.59279 91.4778
5.59852 90.5826
5.60426 91.2311
5.60999 91.1986
5.61573 91.7868
5.62147 88.4884
5.6272 95.5284
5.63294 96.2939
5.63868 93.3022
5.64441 98.1176
5.65015 93.2652
5.65588 93.0573
5.66162 95.576
5.66736 90.5248
5.67309 92.9417
5.67883 94.9354
5.68456 92.4191
5.6903 97.1637
5.69604 94.2405
5.70177 95.6739
5.70751 102.629
5.71325 100.509
5.71898 101.637
5.72472 99.7461
5.73045 100.315
5.73619 100.776
5.74193 97.8731
5.74766 99.373
5.7534 102.739
5.75914 99.1977
5.76487 98.8215
5.77061 101.708
5.77634 102.025
5.78208 103.688
5.78782 106.57
5.79355 102.952
5.79929 105.799
5.80502 103.123
5.81076 106.781
5.8165 106.769
5.82223 105.22
5.82797 101.561
5.83371 106.735
5.83944 105.067
5.84518 104.225
5.85091 103.51
5.85665 103.981
5.86239 108.67
5.86812 106.484
5.87386 111.204
5.8796 106.803
5.88533 104.738
5.89107 105.018
5.8968 107.397
5.90254 107.221
5.90828 109.415
5.91401 110.133
5.91975 108.952
5.92548 111.151
5.93122 114.838
5.93696 110.028
5.94269 112.922
5.94843 112.3
5.95417 113.659
5.9599 111.641
5.96564 113.922
5.97137 115.935
5.97711 118.091
5.98285 118.235
5.98858 122.132
5.99432 122.408
6.00006 122.662
6.00579 124.185
6.01153 131.333
6.01726 128.422
6.023 129.901
6.02874 123.06
6.03447 125.5
6.04021 124.235
6.04594 129.129
6.05168 132.09
6.05742 130.117
6.06315 126.736
6.06889 129.421
6.07463 128.366
6.08036 129.8
6.0861 132.449
6.09183 135.74
6.09757 134.237
6.10331 136.835
6.10904 136.209
6.11478 141.048
6.12052 142.006
6.12625 140.44
6.13199 143.92
6.13772 143.9
6.14346 145.861
6.1492 145.966
6.15493 157.395
6.16067 153.369
6.1664 152.326
6.17214 163.301
6.17788 165.737
6.18361 162.378
6.18935 166.56
6.19509 177.057
6.20082 171.823
6.20656 177.619
6.21229 195.059
6.21803 200.566
6.22377 199.426
6.2295 207.297
6.23524 233.62
6.24098 215.518
6.24671 216.736
6.25245 248.557
6.25818 262.867
6.26392 255.441
6.26966 375.62
6.27539 832.285
6.28113 418.161
6.28686 3240.11
6.2926 11236.1
6.29834 2369.12
6.30407 4227.75
6.30981 6154.57
6.31555 2503.39
6.32128 610.832
6.32702 494.696
6.33275 437.948
6.33849 384.964
6.34423 361.679
6.34996 378.182
6.3557 393.111
6.36144 394.338
6.36717 430.18
6.37291 467.678
6.37864 484.228
6.38438 488.771
6.39012 479.93
6.39585 457.657
6.40159 417.769
6.40732 377.989
6.41306 342.427
6.4188 312.584
6.42453 287.438
6.43027 275.481
6.43601 255.389
6.44174 245.547
6.44748 239.452
6.45321 227.472
6.45895 225.584
6.46469 215.148
6.47042 213.932
6.47616 204.061
6.4819 196.069
6.48763 188.364
6.49337 189.856
6.4991 182.372
6.50484 180.82
6.51058 180.131
6.51631 175.354
6.52205 170.934
6.52778 172.969
6.53352 176.22
6.53926 172.547
6.54499 169.002
6.55073 168.865
6.55647 171.683
6.5622 171.924
6.56794 170.596
6.57367 173.948
6.57941 166.25
6.58515 168.865
6.59088 166.262
6.59662 163.699
6.60236 158.176
6.60809 157.393
6.61383 161.645
6.61956 159.912
6.6253 157.577
6.63104 158.256
6.63677 162.639
6.64251 155.612
6.64824 155.969
6.65398 157.19
6.65972 155.283
6.66545 156.076
6.67119 155.713
6.67693 155.446
6.68266 159.202
6.6884 159.474
6.69413 160.798
6.69987 160.452
6.70561 156.576
6.71134 155.088
6.71708 158.226
6.72282 157.315
6.72855 153.348
6.73429 155.684
6.74002 149.442
6.74576 152.587
6.7515 151.598
6.75723 153.209
6.76297 150.021
6.7687 149.864
6.77444 152.546
6.78018 152.581
6.78591 151.082
6.79165 155.286
6.79739 154.177
6.80312 150.809
6.80886 152.894
6.81459 156.233
6.82033 150.617
6.82607 149.71
6.8318 156.032
6.83754 150.309
6.84328 150.86
6.84901 151.884
6.85475 149.479
6.86048 153.465
6.86622 154.258
6.87196 155.389
6.87769 153.97
6.88343 152.093
6.88916 150.132
6.8949 158.676
6.90064 155.669
6.90637 153.768
6.91211 156.932
6.91785 154.637
6.92358 153.608
6.92932 156.103
6.93505 157.483
6.94079 159.132
6.94653 156.406
6.95226 155.894
6.958 156.871
6.96374 158.65
6.96947 154.119
6.97521 158.081
6.98094 153.965
6.98668 157.735
6.99242 160.022
6.99815 154.435
7.00389 157.824
7.00962 159.608
7.01536 162.282
7.0211 160.479
7.02683 159.333
7.03257 162.433
7.03831 161.635
7.04404 159.2
7.04978 158.271
7.05551 162.215
7.06125 162.07
7.06699 164.131
7.07272 165.009
7.07846 162.218
7.0842 169.538
7.08993 169.186
7.09567 166.855
7.1014 167.876
7.10714 166.46
7.11288 171.621
7.11861 168.092
7.12435 171.236
7.13008 173.31
7.13582 174.633
7.14156 175.996
7.14729 176.176
7.15303 176.892
7.15877 171.763
7.1645 176.515
7.17024 175.545
7.17597 180.18
7.18171 179.057
7.18745 176.988
7.19318 178.16
7.19892 178.885
7.20466 181.867
7.21039 183.311
7.21613 190.332
7.22186 187.178
7.2276 190.222
7.23334 191.227
7.23907 192.621
7.24481 190.508
7.25054 192.89
7.25628 192.612
7.26202 193.779
7.26775 197.968
7.27349 202.166
7.27923 199.468
7.28496 203.644
7.2907 204.944
7.29643 213.3
7.30217 209.487
7.30791 216.111
7.31364 225.319
7.31938 220.884
7.32512 226.819
7.33085 234.689
7.33659 247.757
7.34232 236.922
7.34806 245.869
7.3538 267.565
7.35953 262.09
7.36527 278.802
7.371 352.426
7.37674 783.071
7.38248 524.77
7.38821 2349.74
7.39395 2896.32
7.39969 5377.79
7.40542 2516.66
7.41116 1613.47
7.41689 810.394
7.42263 450.515
7.42837 381.135
7.4341 386.134
7.43984 369.459
7.44558 368.316
7.45131 380.943
7.45705 409.819
7.46278 412.101
7.46852 438.153
7.47426 472.659
7.47999 499.243
7.48573 516.134
7.49146 514.69
7.4972 502.193
7.50294 470.04
7.50867 428.35
7.51441 388.539
7.52015 361.526
7.52588 329.556
7.53162 301.629
7.53735 282.032
7.54309 268.433
7.54883 256.423
7.55456 240.568
7.5603 264.286
7.56604 236.592
7.57177 214.59
7.57751 213.883
7.58324 206.314
7.58898 197.854
7.59472 195.195
7.60045 195.635
7.60619 188.595
7.61192 186.923
7.61766 185.435
7.6234 182.41
7.62913 180.635
7.63487 179.03
7.64061 178.845
7.64634 178.162
7.65208 177.743
7.65781 177.53
7.66355 175.594
7.66929 176.983
7.67502 176.612
7.68076 175.203
7.6865 173.518
7.69223 181.319
7.69797 187.365
7.7037 185.413
7.70944 204.891
7.71518 314.591
7.72091 427.09
7.72665 904.596
7.73238 1694.46
7.73812 430.725
7.74386 265.847
7.74959 238.485
7.75533 207.382
7.76107 203.401
7.7668 201.64
7.77254 210.5
7.77827 210.899
7.78401 224.719
7.78975 228.725
7.79548 239.372
7.80122 259.233
7.80696 267.934
7.81269 275.087
7.81843 281.475
7.82416 283.936
7.8299 267.825
7.83564 253.394
7.84137 240.539
7.84711 218.391
7.85284 204.968
7.85858 192.98
7.86432 183.142
7.87005 173.843
7.87579 170.186
7.88153 164.386
7.88726 160.45
7.893 154.384
7.89873 156.57
7.90447 148.364
7.91021 145.092
7.91594 149.164
7.92168 146.071
7.92742 143.389
7.93315 141.835
7.93889 139.62
7.94462 141.132
7.95036 134.151
7.9561 135.833
7.96183 136.517
7.96757 130.14
7.9733 132.081
7.97904 131.231
7.98478 133.419
7.99051 134.254
7.99625 131.711
8.00199 136.741
8.00772 132.746
8.01346 129.734
8.01919 126.179
8.02493 128.767
8.03067 128.341
8.0364 125.243
8.04214 126.512
8.04788 127.292
8.05361 124.606
8.05935 123.086
8.06508 121.749
8.07082 124.954
8.07656 124.687
8.08229 121.496
8.08803 119.038
8.09376 117.194
8.0995 106.106
8.10524 102.745
8.11097 94.6344
8.11671 89.1906
8.12245 82.7881
8.12818 79.0519
8.13392 71.1241
8.13965 69.4782
8.14539 60.7704
8.15113 61.6382
8.15686 29.3651
8.1626 32.3904
8.16834 31.8454
8.17407 27.2904
8.17981 2.63421
8.18554 0
8.19128 0
8.19702 0
8.20275 0
8.20849 0
8.21422 0
8.21996 0
8.2257 0
8.23143 0
8.23717 0
8.24291 0
8.24864 0
8.25438 0
8.26011 0
8.26585 0
8.27159 0
8.27732 0
8.28306 0
8.2888 0
8.29453 0
8.30027 0
8.306 0
8.31174 0
8.31748 0
8.32321 0
8.32895 0
8.33468 0
8.34042 0
8.34616 0
8.35189 0
8.35763 0
8.36337 0
8.3691 0
8.37484 0
8.38057 0
8.38631 0
8.39205 0
8.39778 0
8.40352 0
8.40926 0
8.41499 0
8.42073 0
8.42646 0
8.4322 0
8.43794 0
8.44367 0
8.44941 0
8.45514 0
8.46088 0
8.46662 0
8.47235 0
8.47809 0
8.48383 0
8.48956 0
8.4953 0
8.50103 0
8.50677 0
8.51251 0
8.51824 0
8.52398 0
8.52972 0
8.53545 0
8.54119 0
8.54692 0
8.55266 0
8.5584 0
8.56413 0
8.56987 0
8.5756 0
8.58134 0
8.58708 0
8.59281 0
8.59855 0
8.60429 0
8.61002 0
8.61576 0
8.62149 0
8.62723 0
8.63297 0
8.6387 0
8.64444 0
8.65018 0
8.65591 0
8.66165 0
8.66738 0
8.67312 0
8.67886 0
8.68459 0
8.69033 0
8.69606 0
8.7018 0
8.70754 0
8.71327 0
8.71901 0
8.72475 0
8.73048 0
8.73622 0
8.74195 0
8.74769 0
8.75343 0
8.75916 0
8.7649 0
8.77064 0
8.77637 0
8.78211 0
8.78784 0
8.79358 0
8.79932 0
8.80505 0
8.81079 0
8.81652 0
8.82226 0
8.828 0
8.83373 0
8.83947 0
8.84521 0
8.85094 0
8.85668 0
8.86241 0
8.86815 0
8.87389 0
8.87962 0
8.88536 0
8.8911 0
8.89683 0
8.90257 0
8.9083 0
8.91404 0
8.91978 0
8.92551 0
8.93125 0
8.93698 0
8.94272 0
8.94846 0
8.95419 0
8.95993 0
8.96567 0
8.9714 0
8.97714 0
8.98287 0
8.98861 0
8.99435 0
9.00008 0
9.00582 0
9.01156 0
9.01729 0
9.02303 0
9.02876 0
9.0345 0
9.04024 0
9.04597 0
9.05171 0
9.05744 0
9.06318 0
9.06892 0
9.07465 0
9.08039 0
9.08613 0
9.09186 0
9.0976 0
9.10333 0
9.10907 0
9.11481 0
9.12054 0
9.12628 0
9.13202 0
9.13775 0
9.14349 0
9.14922 0
9.15496 0
9.1607 0
9.16643 0
9.17217 0
9.1779 0
9.18364 0
9.18938 0
9.19511 0
9.20085 0
9.20659 0
9.21232 0
9.21806 0
9.22379 0
9.22953 0
9.23527 0
9.241 0
9.24674 0
9.25248 0
9.25821 0
9.26395 0
9.26968 0
9.27542 0
9.28116 0
9.28689 0
9.29263 0
9.29836 0
9.3041 0
9.30984 0
9.31557 0
9.32131 0
9.32705 0
9.33278 0
9.33852 0
9.34425 0
9.34999 0
9.35573 0
9.36146 0
9.3672 0
9.37294 0
9.37867 0
9.38441 0
9.39014 0
9.39588 0
9.40162 0
9.40735 0
9.41309 0
9.41882 0
9.42456 0
9.4303 0
9.43603 0
9.44177 0
9.44751 0
9.45324 0
9.45898 0
9.46471 0
9.47045 0
9.47619 0
9.48192 0
9.48766 0
9.4934 0
9.49913 0
9.50487 0
9.5106 0
9.51634 0
9.52208 0
9.52781 0
9.53355 0
9.53928 0
9.54502 0
9.55076 0
9.55649 0
9.56223 0
9.56797 0
9.5737 0
9.57944 0
9.58517 0
9.59091 0
9.59665 0
9.60238 0
9.60812 0
9.61386 0
9.61959 0
9.62533 0
9.63106 0
9.6368 0
9.64254 0
9.64827 0
9.65401 0
9.65974 0
9.66548 0
9.67122 0
9.67695 0
9.68269 0
9.68843 0
9.69416 0
9.6999 0
9.70563 0
9.71137 0
9.71711 0
9.72284 0
9.72858 0
9.73432 0
9.74005 0
9.74579 0
9.75152 0
9.75726 0
9.763 0
9.76873 0
9.77447 0
9.7802 0
9.78594 0
9.79168 0
9.79741 0
9.80315 0
9.80889 0
9.81462 0
9.82036 0
9.82609 0
9.83183 0
9.83757 0
9.8433 0
9.84904 0
9.85478 0
9.86051 0
9.86625 0
9.87198 0
9.87772 0
9.88346 0
9.88919 0
9.89493 0
9.90066 0
9.9064 0
9.91214 0
9.91787 0
9.92361 0
9.92935 0
9.93508 0
9.94082 0
9.94655 0
9.95229 0
9.95803 0
9.96376 0
9.9695 0
9.97524 0
9.98097 0
9.98671 0
9.99244 0
9.99818 0
10.0039 0
10.0097 0
10.0154 0
10.0211 0
10.0269 0
10.0326 0
10.0383 0
10.0441 0
10.0498 0
10.0555 0
10.0613 0
10.067 0
10.0728 0
10.0785 0
10.0842 0
10.09 0
10.0957 0
10.1014 0
10.1072 0
10.1129 0
10.1186 0
10.1244 0
10.1301 0
10.1358 0
10.1416 0
10.1473 0
10.1531 0
10.1588 0
10.1645 0
10.1703 0
10.176 0
10.1817 0
10.1875 0
10.1932 0
10.1989 0
10.2047 0
10.2104 0
10.2162 0
10.2219 0
10.2276 0
10.2334 0
10.2391 0
10.2448 0
10.2506 0
10.2563 0
10.262 0
10.2678 0
10.2735 0
10.2793 0
10.285 0
10.2907 0
10.2965 0
10.3022 0
10.3079 0
10.3137 0
10.3194 0
10.3251 0
10.3309 0
10.3366 0
10.3424 0
10.3481 0
10.3538 0
10.3596 0
10.3653 0
10.371 0
10.3768 0
10.3825 0
10.3882 0
10.394 0
10.3997 0
10.4054 0
10.4112 0
10.4169 0
10.4227 0
10.4284 0
10.4341 0
10.4399 0
10.4456 0
10.4513 0
10.4571 0
10.4628 0
10.4685 0
10.4743 0
10.48 0
10.4858 0
10.4915 0
10.4972 0
10.503 0
10.5087 0
10.5144 0
10.5202 0
10.5259 0
10.5316 0
10.5374 0
10.5431 0
10.5489 0
10.5546 0
10.5603 0
10.5661 0
10.5718 0
10.5775 0
10.5833 0
10.589 0
10.5947 0
10.6005 0
10.6062 0
10.612 0
10.6177 0
10.6234 0
10.6292 0
10.6349 0
10.6406 0
10.6464 0
10.6521 0
10.6578 0
10.6636 0
10.6693 0
10.6751 0
10.6808 0
10.6865 0
10.6923 0
10.698 0
10.7037 0
10.7095 0
10.7152 0
10.7209 0
10.7267 0
10.7324 0
10.7381 0
10.7439 0
10.7496 0
10.7554 0
10.7611 0
10.7668 0
10.7726 0
10.7783 0
10.784 0
10.7898 0
10.7955 0
10.8012 0
10.807 0
10.8127 0
10.8185 0
10.8242 0
10.8299 0
10.8357 0
10.8414 0
10.8471 0
10.8529 0
10.8586 0
10.8643 0
10.8701 0
10.8758 0
10.8816 0
10.8873 0
10.893 0
10.8988 0
10.9045 0
10.9102 0
10.916 0
10.9217 0
10.9274 0
10.9332 0
10.9389 0
10.9447 0
10.9504 0
10.9561 0
10.9619 0
10.9676 0
10.9733 0
10.9791 0
10.9848 0
10.9905 0
10.9963 0
11.002 0
11.0077 0
11.0135 0
11.0192 0
11.025 0
11.0307 0
11.0364 0
11.0422 0
11.0479 0
11.0536 0
11.0594 0
11.0651 0
11.0708 0
11.0766 0
11.0823 0
11.0881 0
11.0938 0
11.0995 0
11.1053 0
11.111 0
11.1167 0
11.1225 0
11.1282 0
11.1339 0
11.1397 0
11.1454 0
11.1512 0
11.1569 0
11.1626 0
11.1684 0
11.1741 0
11.1798 0
11.1856 0
11.1913 0
11.197 0
11.2028 0
11.2085 0
11.2143 0
11.22 0
11.2257 0
11.2315 0
11.2372 0
11.2429 0
11.2487 0
11.2544 0
11.2601 0
11.2659 0
11.2716 0
11.2774 0
11.2831 0
11.2888 0
11.2946 0
11.3003 0
11.306 0
11.3118 0
11.3175 0
11.3232 0
11.329 0
11.3347 0
11.3404 0
11.3462 0
11.3519 0
11.3577 0
11.3634 0
11.3691 0
11.3749 0
11.3806 0
11.3863 0
11.3921 0
11.3978 0
11.4035 0
11.4093 0
11.415 0
11.4208 0
11.4265 0
11.4322 0
11.438 0
11.4437 0
11.4494 0
11.4552 0
11.4609 0
11.4666 0
11.4724 0
11.4781 0
11.4839 0
11.4896 0
11.4953 0
11.5011 0
11.5068 0
11.5125 0
11.5183 0
11.524 0
11.5297 0
11.5355 0
11.5412 0
11.547 0
11.5527 0
11.5584 0
11.5642 0
11.5699 0
11.5756 0
11.5814 0
11.5871 0
11.5928 0
11.5986 0
11.6043 0
11.61 0
11.6158 0
11.6215 0
11.6273 0
11.633 0
11.6387 0
11.6445 0
11.6502 0
11.6559 0
11.6617 0
11.6674 0
11.6731 0
11.6789 0
11.6846 0
11.6904 0
11.6961 0
11.7018 0
11.7076 0
11.7133 0
11.719 0
11.7248 0
11.7305 0
11.7362 0
11.742 0
