0 0
0.00573619 -30
0.0114724 16
0.0172086 0
0.0229448 -14
0.028681 -10
0.0344171 0
0.0401533 -8
0.0458895 -8
0.0516257 -17
0.0573619 0
0.0630981 -8
0.0688343 11
0.0745705 0
0.0803067 -8
0.0860429 -2
0.091779 0
0.0975152 -1.33333
0.103251 -0.666667
0.108988 3.66667
0.114724 0
0.12046 2.66667
0.126196 7.33333
0.131932 0
0.137669 -6
0.143405 3.66667
0.149141 -1
0.154877 -8
0.160613 -1
0.16635 -14.3333
0.172086 0
0.177822 -3.66667
0.183558 -8.5
0.189294 0
0.19503 -3
0.200767 3.4
0.206503 -12.3333
0.212239 -20
0.217975 -6.4
0.223711 3.4
0.229448 0
0.235184 7.8
0.24092 2.2
0.246656 0
0.252392 3.4
0.258129 5.4
0.263865 1.6
0.269601 0
0.275337 4
0.281073 6.57143
0.28681 0
0.292546 5
0.298282 2.28571
0.304018 4.66667
0.309754 -5.75
0.31549 11.2857
0.321227 0.428571
0.326963 0
0.332699 -2
0.338435 -0.714286
0.344171 0
0.349908 -4.42857
0.355644 -3
0.36138 6.4
0.367116 -28.5
0.372852 7.625
0.378589 9.57143
0.384325 16
0.390061 -6.77778
0.395797 -10.3333
0.401533 0
0.40727 9.77778
0.413006 -2.66667
0.418742 11.4286
0.424478 3
0.430214 11.2222
0.43595 7.33333
0.441687 0
0.447423 12
0.453159 11.4444
0.458895 -10
0.464631 0.857143
0.470368 20.0909
0.476104 19.4444
0.48184 17.5
0.487576 15.7273
0.493312 11
0.499049 0
0.504785 16.4545
0.510521 9.90909
0.516257 13.6
0.521993 12.1667
0.52773 17.0909
0.533466 19.3333
0.539202 20.5
0.544938 28.2727
0.550674 16.1818
0.55641 0
0.562147 4.75
0.567883 9.69231
0.573619 9.14286
0.579355 21
0.585091 9.46154
0.590828 15.2727
0.596564 10.5
0.6023 10.9231
0.608036 15.0769
0.613772 26.6
0.619509 12.75
0.625245 10.3077
0.630981 11.6667
0.636717 8
0.642453 24.5385
0.64819 20.3846
0.653926 35
0.659662 14.4
0.665398 11.7333
0.671134 15.8571
0.67687 10.75
0.682607 18.0667
0.688343 24.4545
0.694079 24.75
0.699815 19.3333
0.705551 20.4
0.711288 5
0.717024 19.1429
0.72276 18.6
0.728496 18.6667
0.734232 23.5
0.739969 23.9375
0.745705 21.6923
0.751441 10
0.757177 21.1176
0.762913 23.4706
0.76865 21.4
0.774386 20.4167
0.780122 25.5882
0.785858 19.7273
0.791594 19.8333
0.79733 18.1176
0.803067 18
0.808803 19.5
0.814539 22.8235
0.820275 25.2353
0.826011 14.2222
0.831748 15.375
0.837484 20.0556
0.84322 12.8462
0.848956 20
0.854692 26.2632
0.860429 15
0.866165 25.4
0.871901 20.0625
0.877637 17.7895
0.883373 19.6364
0.88911 29.5
0.894846 12.5263
0.900582 23.3333
0.906318 26.75
0.912054 14.7368
0.91779 24.3529
0.923527 18.3333
0.929263 16.8462
0.934999 14.8
0.940735 20.2308
0.946471 26.375
0.952208 23.5238
0.957944 18.0588
0.96368 21.5
0.969416 21.8095
0.975152 22.5263
0.980889 24.6364
0.986625 22.3333
0.992361 23.9048
0.998097 18.3333
1.00383 21
1.00957 22.5238
1.01531 21.1765
1.02104 13.8
1.02678 16.4118
1.03251 17.3333
1.03825 20.2308
1.04399 18.5833
1.04972 16.1304
1.05546 16.8235
1.0612 19.6667
1.06693 24.2174
1.07267 15.6842
1.0784 26.5385
1.08414 14.5
1.08988 13.6522
1.09561 26.6667
1.10135 28.75
1.10708 16.4348
1.11282 25.2353
1.11856 21.1429
1.12429 20.6667
1.13003 21.4286
1.13577 14.2667
1.1415 20.0714
1.14724 13.84
1.15297 27.8
1.15871 29.7
1.16445 21.16
1.17018 19.3158
1.17592 22.3846
1.18166 13.1111
1.18739 27.2609
1.19313 24.3333
1.19886 29.25
1.2046 11.92
1.21034 20.1667
1.21607 20.3333
1.22181 20.2222
1.22754 16.6667
1.23328 11.2941
1.23902 18.5
1.24475 21.76
1.25049 21.7059
1.25623 20.1667
1.26196 19.037
1.2677 21.7368
1.27343 24.2308
1.27917 22.9091
1.28491 19.8696
1.29064 14.7647
1.29638 19
1.30212 7.85185
1.30785 27.2222
1.31359 21.8182
1.31932 17.5172
1.32506 19.5238
1.3308 16.2941
1.33653 19.2
1.34227 15.76
1.348 22.5263
1.35374 28.9286
1.35948 14.5556
1.36521 14.8571
1.37095 17.9
1.37669 26.3793
1.38242 28.3913
1.38816 12.7059
1.39389 22.8947
1.39963 18.6667
1.40537 21.25
1.4111 24.3571
1.41684 23.3448
1.42258 11.8261
1.42831 18.1176
1.43405 18.2083
1.43978 22.32
1.44552 16.6667
1.45126 16.0625
1.45699 23.0345
1.46273 23.6667
1.46846 17.0833
1.4742 20.2903
1.47994 22.3913
1.48567 23.8
1.49141 20.0952
1.49715 22.1111
1.50288 27.6818
1.50862 24.5625
1.51435 16.0345
1.52009 17.52
1.52583 17.4
1.53156 21.7667
1.5373 18.2
1.54304 13.2381
1.54877 19.2
1.55451 15.3103
1.56024 20.3913
1.56598 18.3571
1.57172 20.3871
1.57745 16.8846
1.58319 22.3
1.58892 21.04
1.59466 22.3333
1.6004 23.64
1.60613 24.6667
1.61187 17.3871
1.61761 17
1.62334 17.0714
1.62908 16.9394
1.63481 24.7407
1.64055 16
1.64629 21.4091
1.65202 21.931
1.65776 21.4
1.6635 19.6875
1.66923 20.871
1.67497 26
1.6807 24.05
1.68644 21.2857
1.69218 25.4286
1.69791 20.16
1.70365 22.6818
1.70938 15.9355
1.71512 23.7407
1.72086 18.4375
1.72659 25.2121
1.73233 21.6207
1.73807 20.6522
1.7438 22.3462
1.74954 25.3103
1.75527 23.1481
1.76101 17.6316
1.76675 19.7273
1.77248 19.9286
1.77822 22.5
1.78396 18.6667
1.78969 26.0968
1.79543 19.2963
1.80116 16.25
1.8069 21.3871
1.81264 17.7241
1.81837 28.2778
1.82411 18.2857
1.82984 19.4828
1.83558 14.68
1.84132 18.9231
1.84705 20.4194
1.85279 24.3214
1.85853 20.2609
1.86426 17.8788
1.87 19.3667
1.87573 26.7059
1.88147 24.8286
1.88721 21.3333
1.89294 21.037
1.89868 14.3077
1.90442 23.7273
1.91015 20.6452
1.91589 25.2
1.92162 22.4286
1.92736 21.8387
1.9331 20.4
1.93883 26.4286
1.94457 31.9697
1.9503 25
1.95604 21.625
1.96178 14.5
1.96751 21.875
1.97325 22.15
1.97899 19.1622
1.98472 21.4848
1.99046 21.9655
1.99619 26.2308
2.00193 20.7143
2.00767 23.4194
2.0134 22.0417
2.01914 16.4571
2.02488 16
2.03061 26.76
2.03635 20.2812
2.04208 18.2059
2.04782 21.5
2.05356 16.2083
2.05929 22.5278
2.06503 22.9412
2.07076 23.8182
2.0765 13.3784
2.08224 25.7429
2.08797 21.931
2.09371 19.6429
2.09945 19.8378
2.10518 21.9394
2.11092 24.9583
2.11665 22.9189
2.12239 18.8286
2.12813 23.8261
2.13386 25.6757
2.1396 21
2.14534 22.4062
2.15107 21.5
2.15681 24.7368
2.16254 26.7222
2.16828 20
2.17402 22.6154
2.17975 26.4054
2.18549 22.2258
2.19122 20.4667
2.19696 21.9459
2.2027 30.9429
2.20843 25.4583
2.21417 54.7949
2.21991 38.0811
2.22564 28.3182
2.23138 27.4
2.23711 23.6316
2.24285 23.2353
2.24859 25.6786
2.25432 27.9211
2.26006 24.1795
2.2658 21.5
2.27153 19.0244
2.27727 19.5128
2.283 23
2.28874 28.125
2.29448 21.8718
2.30021 20.9189
2.30595 21.5769
2.31168 22.5641
2.31742 20.55
2.32316 17.0909
2.32889 22.5952
2.33463 22.675
2.34037 31.1389
2.3461 25.2143
2.35184 30.8095
2.35757 25.4324
2.36331 30.7692
2.36905 27.9512
2.37478 29.9512
2.38052 32.5484
2.38626 29.8235
2.39199 21.4884
2.39773 23.0811
2.40346 21.0385
2.4092 26.9318
2.41494 29.55
2.42067 24.9091
2.42641 21.3864
2.43214 21.2619
2.43788 23.7429
2.44362 20.9355
2.44935 29.7778
2.45509 20.7436
2.46083 21.4231
2.46656 24.1556
2.4723 26.1707
2.47803 25.7931
2.48377 24.375
2.48951 24.3953
2.49524 24.4359
2.50098 21.7692
2.50672 26.8043
2.51245 24
2.51819 25.25
2.52392 22.1304
2.52966 24.5909
2.5354 23.7273
2.54113 30.2286
2.54687 24.0667
2.5526 26.6829
2.55834 25
2.56408 24.9362
2.56981 28.8837
2.57555 21.4483
2.58129 28.0476
2.58702 24.9111
2.59276 23.1622
2.59849 24.5152
2.60423 25.0652
2.60997 26.3864
2.6157 21.4167
2.62144 24.3125
2.62718 25.8696
2.63291 32.4286
2.63865 25.7778
2.64438 27.4468
2.65012 23.5122
2.65586 19
2.66159 25.8085
2.66733 30.8
2.67306 20.12
2.6788 20.3958
2.68454 20.9167
2.69027 22.7179
2.69601 24.7879
2.70175 23.3542
2.70748 23.3333
2.71322 25.1111
2.71895 24.9583
2.72469 25.1875
2.73043 21.9429
2.73616 29.8947
2.7419 26.8367
2.74764 22.3953
2.75337 29.9
2.75911 24.8571
2.76484 23.7347
2.77058 28.5417
2.77632 28.2449
2.78205 23.58
2.78779 25.6154
2.79352 21.3429
2.79926 24.2115
2.805 30.1556
2.81073 21.6296
2.81647 28.3462
2.82221 25.8571
2.82794 27.027
2.83368 25.1053
2.83941 24.9623
2.84515 25.3659
2.85089 27.3438
2.85662 24.5849
2.86236 24.9592
2.8681 26.7083
2.87383 23.6667
2.87957 26.32
2.8853 32.8537
2.89104 30
2.89678 25.7308
2.90251 25.7778
2.90825 27.2759
2.91398 28.8519
2.91972 33.3333
2.92546 29.9189
2.93119 28.0952
2.93693 25.1698
2.94267 30.8222
2.9484 28.8125
2.95414 30.2453
2.95987 30.2245
2.96561 25.4815
2.97135 27.8929
2.97708 30.8148
2.98282 32.359
2.98856 32
2.99429 29.7407
3.00003 28.1702
3.00576 27.6452
3.0115 32.8909
3.01724 31.3208
3.02297 26.4054
3.02871 24.5682
3.03444 31.4
3.04018 33.5111
3.04592 30.8824
3.05165 27.1091
3.05739 29.0588
3.06313 29.4483
3.06886 27.75
3.0746 29.5455
3.08033 33.0909
3.08607 32.027
3.09181 29.1786
3.09754 35.3673
3.10328 33.9032
3.10902 38.3729
3.11475 32.2264
3.12049 36.641
3.12622 36.1739
3.13196 36.5091
3.1377 34.1702
3.14343 36.5
3.14917 33.2586
3.1549 33.3725
3.16064 37.7586
3.16638 36.1833
3.17211 35.2182
3.17785 33.3864
3.18359 34.7317
3.18932 40.5172
3.19506 39.3673
3.20079 39.5588
3.20653 33.8983
3.21227 34.8302
3.218 32.0732
3.22374 38.9583
3.22948 37.1356
3.23521 37.6889
3.24095 41.6154
3.24668 34.5167
3.25242 41.1887
3.25816 36.1765
3.26389 37.1228
3.26963 41.2632
3.27536 38.413
3.2811 41.5366
3.28684 36.8167
3.29257 41.6122
3.29831 38.4167
3.30405 42.6032
3.30978 42.6909
3.31552 39.4186
3.32125 45.3542
3.32699 45.4561
3.33273 47.902
3.33846 45.2564
3.3442 41.9194
3.34994 47.4706
3.35567 49.2895
3.36141 47.7458
3.36714 45.4386
3.37288 46.1667
3.37862 46.7442
3.38435 47.0164
3.39009 51.0566
3.39582 49.9444
3.40156 46.4127
3.4073 46.6727
3.41303 46.8085
3.41877 49.4792
3.42451 49.3115
3.43024 49.56
3.43598 50.1707
3.44171 47.4286
3.44745 54.8929
3.45319 48.5952
3.45892 51.4
3.46466 45.7966
3.4704 48.14
3.47613 55.3023
3.48187 54.9206
3.4876 50.5283
3.49334 56.5
3.49908 50.5224
3.50481 54.3333
3.51055 57.766
3.51628 57.2549
3.52202 59.8197
3.52776 59.7778
3.53349 56.8293
3.53923 69.6308
3.54497 83.8148
3.5507 81.1875
3.55644 74.2182
3.56217 73.5932
3.56791 67.3462
3.57365 60.3696
3.57938 60.8
3.58512 56.2
3.59086 56.5789
3.59659 60.6567
3.60233 63.5085
3.60806 66.098
3.6138 64.1837
3.61954 63.254
3.62527 67.3929
3.63101 66.7073
3.63674 68.4328
3.64248 79.4483
3.64822 82.6042
3.65395 85.3684
3.65969 89.1967
3.66543 77.6852
3.67116 79.5652
3.6769 74.2698
3.68263 83.7377
3.68837 76.6053
3.69411 87.6522
3.69984 83.8983
3.70558 78.5
3.71132 81.7843
3.71705 80.2769
3.72279 81.4821
3.72852 82.6279
3.73426 83.7164
3.74 86.629
3.74573 88.72
3.75147 90.4545
3.7572 90.3968
3.76294 94.1695
3.76868 100.432
3.77441 95
3.78015 99.5763
3.78589 100.064
3.79162 105.984
3.79736 114.203
3.80309 116.071
3.80883 119.667
3.81457 125.615
3.8203 145.783
3.82604 149.535
3.83178 163.841
3.83751 195.839
3.84325 232.304
3.84898 335.887
3.85472 485.508
3.86046 510.393
3.86619 449.109
3.87193 608.29
3.87766 826.426
3.8834 1083.08
3.88914 1400.58
3.89487 1661.35
3.90061 1497.87
3.90635 1223.27
3.91208 911.925
3.91782 640.906
3.92355 493.415
3.92929 387.479
3.93503 309.688
3.94076 245.621
3.9465 221.963
3.95224 187.925
3.95797 175.841
3.96371 164.13
3.96944 148.141
3.97518 140.873
3.98092 134.661
3.98665 128.845
3.99239 123.809
3.99812 121.226
4.00386 113.857
4.0096 111.232
4.01533 110.25
4.02107 107.98
4.02681 109
4.03254 104.091
4.03828 108.633
4.04401 101.5
4.04975 102.014
4.05549 99.3077
4.06122 97.4565
4.06696 101.014
4.0727 100.871
4.07843 99.3833
4.08417 96.6429
4.0899 96.9853
4.09564 94
4.10138 90.16
4.10711 95.2222
4.11285 95.5909
4.11858 97.4821
4.12432 91.9355
4.13006 92.2794
4.13579 93.5873
4.14153 91.9231
4.14727 91
4.153 92.403
4.15874 89
4.16447 92.7808
4.17021 91.5972
4.17595 89.3387
4.18168 88.5893
4.18742 90.3714
4.19316 97.4545
4.19889 94.04
4.20463 93.4865
4.21036 94.7206
4.2161 94.9833
4.22184 94.0345
4.22757 96.6111
4.23331 95.9104
4.23904 90.58
4.24478 87.9867
4.25052 93.4783
4.25625 90.6071
4.26199 91.0781
4.26773 91.1111
4.27346 92.7576
4.2792 87.4821
4.28493 93.4861
4.29067 95.7857
4.29641 95.125
4.30214 96.1053
4.30788 96.2571
4.31362 101.406
4.31935 102.5
4.32509 100.135
4.33082 103.609
4.33656 99.66
4.3423 99.3733
4.34803 108.473
4.35377 107.258
4.3595 108.867
4.36524 107.311
4.37098 112.771
4.37671 116.444
4.38245 114.527
4.38819 125.292
4.39392 128.579
4.39966 128.072
4.40539 127.597
4.41113 149.765
4.41687 153.778
4.4226 160.662
4.42834 232.932
4.43408 348.271
4.43981 657.442
4.44555 1631.78
4.45128 916.385
4.45702 1387.32
4.46276 546.684
4.46849 362.014
4.47423 316.093
4.47996 329.579
4.4857 319.473
4.49144 340.046
4.49717 355.778
4.50291 363.592
4.50865 355.629
4.51438 327.827
4.52012 286.646
4.52585 249.493
4.53159 217.088
4.53733 187.732
4.54306 162.3
4.5488 151.239
4.55454 138.439
4.56027 124.3
4.56601 112.176
4.57174 112.846
4.57748 101.974
4.58322 99.2821
4.58895 98.5224
4.59469 91.5082
4.60042 88.6923
4.60616 85.9733
4.6119 88.14
4.61763 82.7349
4.62337 84.9359
4.62911 84.873
4.63484 83.2
4.64058 84.2927
4.64631 79.2778
4.65205 73.5
4.65779 71.1
4.66352 77.1923
4.66926 71.3115
4.675 74.0282
4.68073 70.6538
4.68647 71.3973
4.6922 70.8772
4.69794 69.6375
4.70368 72.4805
4.70941 72.22
4.71515 70.0941
4.72088 70.0375
4.72662 71.8261
4.73236 72.4603
4.73809 69.9268
4.74383 77.3462
4.74957 67.0962
4.7553 71.4881
4.76104 71.3
4.76677 65.3284
4.77251 71.2154
4.77825 65.4512
4.78398 66
4.78972 60.4545
4.79546 61.4235
4.80119 60.1899
4.80693 58.2462
4.81266 64.5211
4.8184 66.881
4.82414 62
4.82987 59.9508
4.83561 59.6786
4.84134 62.6
4.84708 61.7358
4.85282 63.6353
4.85855 61.439
4.86429 58.0141
4.87003 58.8525
4.87576 54.3488
4.8815 57.5256
4.88723 58.0185
4.89297 58.9059
4.89871 56.7976
4.90444 56.2676
4.91018 54.2388
4.91592 56.369
4.92165 55.4051
4.92739 53.2807
4.93312 52.2558
4.93886 58.7262
4.9446 54.6269
4.95033 53.6479
4.95607 52.3721
4.9618 55.2338
4.96754 55.7458
4.97328 53.6628
4.97901 56.6386
4.98475 55.3934
4.99049 53.8718
4.99622 54.7386
5.00196 54.5616
5.00769 54.3175
5.01343 53.8068
5.01917 58.0602
5.0249 56.6415
5.03064 51.1
5.03638 52.2558
5.04211 55
5.04785 49.8
5.05358 47.5349
5.05932 52.2469
5.06506 49.9474
5.07079 50.5455
5.07653 50.931
5.08226 51.4366
5.088 56.8732
5.09374 53.3222
5.09947 53.5714
5.10521 49.4603
5.11095 51.6
5.11668 50.0941
5.12242 49.697
5.12815 52.4935
5.13389 50.9111
5.13963 51.7792
5.14536 51.0656
5.1511 52.4022
5.15684 52.2289
5.16257 54.1452
5.16831 54.1786
5.17404 51.7528
5.17978 51.359
5.18552 44.5373
5.19125 52.7222
5.19699 53.6747
5.20272 49.5424
5.20846 52.4022
5.2142 53.3596
5.21993 49.25
5.22567 56.8841
5.23141 51.4674
5.23714 50.0494
5.24288 47.7049
5.24861 46.9457
5.25435 54.1124
5.26009 56.4429
5.26582 53.4211
5.27156 50.3297
5.2773 49.0625
5.28303 44.8462
5.28877 51.5426
5.2945 50.5977
5.30024 51.5139
5.30598 52.8354
5.31171 50.5281
5.31745 52.0732
5.32318 55.2
5.32892 52.383
5.33466 51.5287
5.34039 53.5152
5.34613 49.5529
5.35187 55.0879
5.3576 50.5185
5.36334 48.597
5.36907 50.1146
5.37481 48.2
5.38055 50.4754
5.38628 52.5417
5.39202 53.6923
5.39776 63.8375
5.40349 57.7324
5.40923 55.1354
5.41496 51.9753
5.4207 48.0952
5.42644 51.8776
5.43217 52.3708
5.43791 52.8205
5.44364 53.0959
5.44938 51.6082
5.45512 54.939
5.46085 50.9254
5.46659 49.7551
5.47233 50.236
5.47806 54.3158
5.4838 55.9259
5.48953 50.6774
5.49527 52.8571
5.50101 50.209
5.50674 55.9082
5.51248 51.9888
5.51822 51.1622
5.52395 50.2651
5.52969 50.5269
5.53542 53.6548
5.54116 49.9706
5.5469 50.4141
5.55263 50.4667
5.55837 50.75
5.5641 52.3708
5.56984 50.871
5.57558 53.6786
5.58131 57.4658
5.58705 51.6162
5.59279 52.0227
5.59852 55.5714
5.60426 53.75
5.60999 54.4409
5.61573 51.6341
5.62147 51.7467
5.6272 56.3093
5.63294 56.5116
5.63868 56.7761
5.64441 56.1765
5.65015 55.2043
5.65588 54.869
5.66162 58.7662
5.66736 56.2424
5.67309 55.9419
5.67883 55.7536
5.68456 56.396
5.6903 58.5778
5.69604 58.3415
5.70177 56.0843
5.70751 56.8842
5.71325 56.8068
5.71898 55.2958
5.72472 56.6667
5.73045 59.9785
5.73619 56.675
5.74193 55.5281
5.74766 54.3263
5.7534 56.9773
5.75914 56.2676
5.76487 58.1386
5.77061 60.5319
5.77634 61.3718
5.78208 63.1685
5.78782 61.0412
5.79355 60.5581
5.79929 60.0133
5.80502 63.3069
5.81076 64.7717
5.8165 58.8649
5.82223 59.7812
5.82797 60.5612
5.83371 54.8837
5.83944 60.3165
5.84518 60.0606
5.85091 62.7812
5.85665 54.9231
5.86239 59.419
5.86812 65.1122
5.87386 63.2907
5.8796 62.8101
5.88533 62.0891
5.89107 64
5.8968 57.6232
5.90254 61.0667
5.90828 60.9592
5.91401 64.3837
5.91975 65.7711
5.92548 63.2121
5.93122 64.7766
5.93696 61.137
5.94269 63.781
5.94843 65.9688
5.95417 67.75
5.9599 66.1176
5.96564 63.6263
5.97137 71.4787
5.97711 67.9726
5.98285 68.7573
5.98858 69.6633
5.99432 71.4167
6.00006 70.6742
6.00579 72.4343
6.01153 75.0426
6.01726 71.44
6.023 73.9333
6.02874 71.7917
6.03447 71.8636
6.04021 70.8889
6.04594 70.9592
6.05168 75.9167
6.05742 71.4156
6.06315 76.3905
6.06889 73.0833
6.07463 78.5119
6.08036 72.8298
6.0861 74.6225
6.09183 79.4062
6.09757 80.3462
6.10331 79.9717
6.10904 78.5
6.11478 79.4419
6.12052 81.5104
6.12625 82.03
6.13199 82.9468
6.13772 83.4512
6.14346 84.2157
6.1492 81.59
6.15493 85.35
6.16067 86.4706
6.1664 82.6837
6.17214 90.9574
6.17788 90.7262
6.18361 92.7745
6.18935 92.8384
6.19509 98.3733
6.20082 90.8991
6.20656 96.3431
6.21229 102.052
6.21803 108.378
6.22377 110.679
6.2295 111.07
6.23524 119.24
6.24098 111.661
6.24671 114.235
6.25245 127.596
6.25818 136.233
6.26392 131.873
6.26966 196.441
6.27539 473.307
6.28113 201.11
6.28686 1924.33
6.2926 6104.67
6.29834 717.648
6.30407 1219.14
6.30981 836.471
6.31555 504.269
6.32128 239.213
6.32702 214.76
6.33275 206.302
6.33849 203.375
6.34423 194.442
6.34996 205.804
6.3557 229.038
6.36144 232.472
6.36717 267.01
6.37291 296.526
6.37864 298.389
6.38438 281.245
6.39012 256.794
6.39585 236.413
6.40159 208.972
6.40732 184.278
6.41306 169.819
6.4188 147.609
6.42453 138.321
6.43027 133.608
6.43601 124.293
6.44174 120.547
6.44748 121.306
6.45321 113.574
6.45895 113.272
6.46469 111.486
6.47042 109.864
6.47616 107.702
6.4819 100.964
6.48763 97.7963
6.49337 101.72
6.4991 102.211
6.50484 95.4444
6.51058 98.0392
6.51631 97.7857
6.52205 95.9818
6.52778 93.3426
6.53352 97.4565
6.53926 90.875
6.54499 90.1111
6.55073 96.1961
6.55647 93.9048
6.5622 96.177
6.56794 92.963
6.57367 95.4086
6.57941 94.4632
6.58515 94.2411
6.59088 93.2019
6.59662 94.9643
6.60236 93.5614
6.60809 93.4057
6.61383 94.5161
6.61956 92.3093
6.6253 89.6875
6.63104 94.6176
6.63677 86.9884
6.64251 88.8684
6.64824 89.8037
6.65398 92.033
6.65972 88.3431
6.66545 88.2679
6.67119 93.2212
6.67693 92.2558
6.68266 89.5259
6.6884 92.5
6.69413 92.1209
6.69987 90.3398
6.70561 85.3304
6.71134 90.7019
6.71708 91.4773
6.72282 91.8509
6.72855 90.1389
6.73429 92.0562
6.74002 85
6.74576 87.1478
6.7515 92.6116
6.75723 90.4944
6.76297 87.9397
6.7687 87.9732
6.77444 89.1348
6.78018 89.3143
6.78591 90.3103
6.79165 90.3925
6.79739 87.0805
6.80312 87.5702
6.80886 88.1339
6.81459 89.0769
6.82033 87.1524
6.82607 88.2241
6.8318 93.8286
6.83754 87.6932
6.84328 91.6581
6.84901 88.1339
6.85475 89.3407
6.86048 89.8991
6.86622 88.5086
6.87196 87.4766
6.87769 90.5057
6.88343 90.5678
6.88916 86.3596
6.8949 92.977
6.90064 93.1504
6.90637 87.1491
6.91211 89
6.91785 91.9425
6.92358 92.4876
6.92932 90.7257
6.93505 90.8539
6.94079 90.4956
6.94653 88.4914
6.95226 92.0093
6.958 89.3297
6.96374 90.7833
6.96947 93.3158
6.97521 91.0659
6.98094 89.4324
6.98668 90.7069
6.99242 92.5229
6.99815 91.0787
7.00389 91.9417
7.00962 93.6724
7.01536 95.7065
7.0211 91.4
7.02683 91.8595
7.03257 90.9813
7.03831 95.7204
7.04404 92.2295
7.04978 93.6522
7.05551 95.3085
7.06125 97.5413
7.06699 97.4508
7.07272 95.1376
7.07846 93.382
7.0842 96.0902
7.08993 95.8534
7.09567 93.9677
7.1014 98.0885
7.10714 98.1681
7.11288 99.8624
7.11861 99.5652
7.12435 101.065
7.13008 101.171
7.13582 97.5521
7.14156 101.901
7.14729 104.525
7.15303 100.046
7.15877 102.839
7.1645 100.927
7.17024 101.824
7.17597 105.459
7.18171 105.729
7.18745 102.262
7.19318 103.036
7.19892 106.304
7.20466 103.268
7.21039 104.359
7.21613 108.303
7.22186 110.385
7.2276 107.278
7.23334 108.072
7.23907 110.901
7.24481 112.024
7.25054 109.353
7.25628 110.19
7.26202 110.171
7.26775 112.975
7.27349 116.378
7.27923 116.925
7.28496 117.071
7.2907 113.807
7.29643 116.67
7.30217 120.574
7.30791 120.29
7.31364 123.111
7.31938 119.562
7.32512 129.808
7.33085 127.322
7.33659 131.769
7.34232 128.676
7.34806 138.523
7.3538 144.937
7.35953 136.914
7.36527 155.75
7.371 197.653
7.37674 478.885
7.38248 194.055
7.38821 1721.68
7.39395 1312.19
7.39969 716.728
7.40542 1500.64
7.41116 628.854
7.41689 397.528
7.42263 259.374
7.42837 231.198
7.4341 216.857
7.43984 202.472
7.44558 214.955
7.45131 223.223
7.45705 244.255
7.46278 254.301
7.46852 286.946
7.47426 310.644
7.47999 326.322
7.48573 315.481
7.49146 291.464
7.4972 261.836
7.50294 236.187
7.50867 208.391
7.51441 190.899
7.52015 172.462
7.52588 160.008
7.53162 150.216
7.53735 139.018
7.54309 130.563
7.54883 125.53
7.55456 119.387
7.5603 129.889
7.56604 121.111
7.57177 113.472
7.57751 115.087
7.58324 106.402
7.58898 106.588
7.59472 103.549
7.60045 98.18
7.60619 99.8211
7.61192 98.0078
7.61766 100.474
7.6234 102.406
7.62913 100.712
7.63487 96.6033
7.64061 98.6176
7.64634 97.7236
7.65208 94.2093
7.65781 100.319
7.66355 93.3878
7.66929 95.2761
7.67502 97.5564
7.68076 96.1321
7.6865 93.2437
7.69223 97.374
7.69797 99.5085
7.7037 100.97
7.70944 105.769
7.71518 126.829
7.72091 176.2
7.72665 221.598
7.73238 492.806
7.73812 178.402
7.74386 141.949
7.74959 156.457
7.75533 124.381
7.76107 121.261
7.7668 117.421
7.77254 124.802
7.77827 130.533
7.78401 132.697
7.78975 144.311
7.79548 156.5
7.80122 170.5
7.80696 182.441
7.81269 183.872
7.81843 172.226
7.82416 164.653
7.8299 148.907
7.83564 131.148
7.84137 119.068
7.84711 111.618
7.85284 105.786
7.85858 102.244
7.86432 97.9485
7.87005 91.8633
7.87579 88.3594
7.88153 89.1557
7.88726 87.8598
7.893 86.3481
7.89873 81.3047
7.90447 82.9608
7.91021 82.9774
7.91594 83.4427
7.92168 82
7.92742 81.3019
7.93315 81.0803
7.93889 79.9449
7.94462 78.4513
7.95036 78.8595
7.9561 79.5758
7.96183 81.7619
7.96757 77.3143
7.9733 76.146
7.97904 77.6154
7.98478 76.1964
7.99051 75.712
7.99625 74.2632
8.00199 74.4194
8.00772 76.9406
8.01346 77
8.01919 76.6241
8.02493 73.3193
8.03067 74.4513
8.0364 71.0221
8.04214 74.5039
8.04788 75.3495
8.05361 76.0791
8.05935 73.8015
8.06508 73.2203
8.07082 73.6923
8.07656 70.8467
8.08229 72.9453
8.08803 70.798
8.09376 69.6364
8.0995 66.1515
8.10524 66.374
8.11097 57.4602
8.11671 53.3913
8.12245 47.7132
8.12818 47.6036
8.13392 46.5455
8.13965 40.3723
8.14539 40.7903
8.15113 35.8829
8.15686 18.2847
8.1626 19.7037
8.16834 19.4407
8.17407 14.6053
8.17981 3.42105
8.18554 0
8.19128 0
8.19702 0
8.20275 0
8.20849 0
8.21422 0
8.21996 0
8.2257 0
8.23143 0
8.23717 0
8.24291 0
8.24864 0
8.25438 0
8.26011 0
8.26585 0
8.27159 0
8.27732 0
8.28306 0
8.2888 0
8.29453 0
8.30027 0
8.306 0
8.31174 0
8.31748 0
8.32321 0
8.32895 0
8.33468 0
8.34042 0
8.34616 0
8.35189 0
8.35763 0
8.36337 0
8.3691 0
8.37484 0
8.38057 0
8.38631 0
8.39205 0
8.39778 0
8.40352 0
8.40926 0
8.41499 0
8.42073 0
8.42646 0
8.4322 0
8.43794 0
8.44367 0
8.44941 0
8.45514 0
8.46088 0
8.46662 0
8.47235 0
8.47809 0
8.48383 0
8.48956 0
8.4953 0
8.50103 0
8.50677 0
8.51251 0
8.51824 0
8.52398 0
8.52972 0
8.53545 0
8.54119 0
8.54692 0
8.55266 0
8.5584 0
8.56413 0
8.56987 0
8.5756 0
8.58134 0
8.58708 0
8.59281 0
8.59855 0
8.60429 0
8.61002 0
8.61576 0
8.62149 0
8.62723 0
8.63297 0
8.6387 0
8.64444 0
8.65018 0
8.65591 0
8.66165 0
8.66738 0
8.67312 0
8.67886 0
8.68459 0
8.69033 0
8.69606 0
8.7018 0
8.70754 0
8.71327 0
8.71901 0
8.72475 0
8.73048 0
8.73622 0
8.74195 0
8.74769 0
8.75343 0
8.75916 0
8.7649 0
8.77064 0
8.77637 0
8.78211 0
8.78784 0
8.79358 0
8.79932 0
8.80505 0
8.81079 0
8.81652 0
8.82226 0
8.828 0
8.83373 0
8.83947 0
8.84521 0
8.85094 0
8.85668 0
8.86241 0
8.86815 0
8.87389 0
8.87962 0
8.88536 0
8.8911 0
8.89683 0
8.90257 0
8.9083 0
8.91404 0
8.91978 0
8.92551 0
8.93125 0
8.93698 0
8.94272 0
8.94846 0
8.95419 0
8.95993 0
8.96567 0
8.9714 0
8.97714 0
8.98287 0
8.98861 0
8.99435 0
9.00008 0
9.00582 0
9.01156 0
9.01729 0
9.02303 0
9.02876 0
9.0345 0
9.04024 0
9.04597 0
9.05171 0
9.05744 0
9.06318 0
9.06892 0
9.07465 0
9.08039 0
9.08613 0
9.09186 0
9.0976 0
9.10333 0
9.10907 0
9.11481 0
9.12054 0
9.12628 0
9.13202 0
9.13775 0
9.14349 0
9.14922 0
9.15496 0
9.1607 0
9.16643 0
9.17217 0
9.1779 0
9.18364 0
9.18938 0
9.19511 0
9.20085 0
9.20659 0
9.21232 0
9.21806 0
9.22379 0
9.22953 0
9.23527 0
9.241 0
9.24674 0
9.25248 0
9.25821 0
9.26395 0
9.26968 0
9.27542 0
9.28116 0
9.28689 0
9.29263 0
9.29836 0
9.3041 0
9.30984 0
9.31557 0
9.32131 0
9.32705 0
9.33278 0
9.33852 0
9.34425 0
9.34999 0
9.35573 0
9.36146 0
9.3672 0
9.37294 0
9.37867 0
9.38441 0
9.39014 0
9.39588 0
9.40162 0
9.40735 0
9.41309 0
9.41882 0
9.42456 0
9.4303 0
9.43603 0
9.44177 0
9.44751 0
9.45324 0
9.45898 0
9.46471 0
9.47045 0
9.47619 0
9.48192 0
9.48766 0
9.4934 0
9.49913 0
9.50487 0
9.5106 0
9.51634 0
9.52208 0
9.52781 0
9.53355 0
9.53928 0
9.54502 0
9.55076 0
9.55649 0
9.56223 0
9.56797 0
9.5737 0
9.57944 0
9.58517 0
9.59091 0
9.59665 0
9.60238 0
9.60812 0
9.61386 0
9.61959 0
9.62533 0
9.63106 0
9.6368 0
9.64254 0
9.64827 0
9.65401 0
9.65974 0
9.66548 0
9.67122 0
9.67695 0
9.68269 0
9.68843 0
9.69416 0
9.6999 0
9.70563 0
9.71137 0
9.71711 0
9.72284 0
9.72858 0
9.73432 0
9.74005 0
9.74579 0
9.75152 0
9.75726 0
9.763 0
9.76873 0
9.77447 0
9.7802 0
9.78594 0
9.79168 0
9.79741 0
9.80315 0
9.80889 0
9.81462 0
9.82036 0
9.82609 0
9.83183 0
9.83757 0
9.8433 0
9.84904 0
9.85478 0
9.86051 0
9.86625 0
9.87198 0
9.87772 0
9.88346 0
9.88919 0
9.89493 0
9.90066 0
9.9064 0
9.91214 0
9.91787 0
9.92361 0
9.92935 0
9.93508 0
9.94082 0
9.94655 0
9.95229 0
9.95803 0
9.96376 0
9.9695 0
9.97524 0
9.98097 0
9.98671 0
9.99244 0
9.99818 0
10.0039 0
10.0097 0
10.0154 0
10.0211 0
10.0269 0
10.0326 0
10.0383 0
10.0441 0
10.0498 0
10.0555 0
10.0613 0
10.067 0
10.0728 0
10.0785 0
10.0842 0
10.09 0
10.0957 0
10.1014 0
10.1072 0
10.1129 0
10.1186 0
10.1244 0
10.1301 0
10.1358 0
10.1416 0
10.1473 0
10.1531 0
10.1588 0
10.1645 0
10.1703 0
10.176 0
10.1817 0
10.1875 0
10.1932 0
10.1989 0
10.2047 0
10.2104 0
10.2162 0
10.2219 0
10.2276 0
10.2334 0
10.2391 0
10.2448 0
10.2506 0
10.2563 0
10.262 0
10.2678 0
10.2735 0
10.2793 0
10.285 0
10.2907 0
10.2965 0
10.3022 0
10.3079 0
10.3137 0
10.3194 0
10.3251 0
10.3309 0
10.3366 0
10.3424 0
10.3481 0
10.3538 0
10.3596 0
10.3653 0
10.371 0
10.3768 0
10.3825 0
10.3882 0
10.394 0
10.3997 0
10.4054 0
10.4112 0
10.4169 0
10.4227 0
10.4284 0
10.4341 0
10.4399 0
10.4456 0
10.4513 0
10.4571 0
10.4628 0
10.4685 0
10.4743 0
10.48 0
10.4858 0
10.4915 0
10.4972 0
10.503 0
10.5087 0
10.5144 0
10.5202 0
10.5259 0
10.5316 0
10.5374 0
10.5431 0
10.5489 0
10.5546 0
10.5603 0
10.5661 0
10.5718 0
10.5775 0
10.5833 0
10.589 0
10.5947 0
10.6005 0
10.6062 0
10.612 0
10.6177 0
10.6234 0
10.6292 0
10.6349 0
10.6406 0
10.6464 0
10.6521 0
10.6578 0
10.6636 0
10.6693 0
10.6751 0
10.6808 0
10.6865 0
10.6923 0
10.698 0
10.7037 0
10.7095 0
10.7152 0
10.7209 0
10.7267 0
10.7324 0
10.7381 0
10.7439 0
10.7496 0
10.7554 0
10.7611 0
10.7668 0
10.7726 0
10.7783 0
10.784 0
10.7898 0
10.7955 0
10.8012 0
10.807 0
10.8127 0
10.8185 0
10.8242 0
10.8299 0
10.8357 0
10.8414 0
10.8471 0
10.8529 0
10.8586 0
10.8643 0
10.8701 0
10.8758 0
10.8816 0
10.8873 0
10.893 0
10.8988 0
10.9045 0
10.9102 0
10.916 0
10.9217 0
10.9274 0
10.9332 0
10.9389 0
10.9447 0
10.9504 0
10.9561 0
10.9619 0
10.9676 0
10.9733 0
10.9791 0
10.9848 0
10.9905 0
10.9963 0
11.002 0
11.0077 0
11.0135 0
11.0192 0
11.025 0
11.0307 0
11.0364 0
11.0422 0
11.0479 0
11.0536 0
11.0594 0
11.0651 0
11.0708 0
11.0766 0
11.0823 0
11.0881 0
11.0938 0
11.0995 0
11.1053 0
11.111 0
11.1167 0
11.1225 0
11.1282 0
11.1339 0
11.1397 0
11.1454 0
11.1512 0
11.1569 0
11.1626 0
11.1684 0
11.1741 0
11.1798 0
11.1856 0
11.1913 0
11.197 0
11.2028 0
11.2085 0
11.2143 0
11.22 0
11.2257 0
11.2315 0
11.2372 0
11.2429 0
11.2487 0
11.2544 0
11.2601 0
11.2659 0
11.2716 0
11.2774 0
11.2831 0
11.2888 0
11.2946 0
11.3003 0
11.306 0
11.3118 0
11.3175 0
11.3232 0
11.329 0
11.3347 0
11.3404 0
11.3462 0
11.3519 0
11.3577 0
11.3634 0
11.3691 0
11.3749 0
11.3806 0
11.3863 0
11.3921 0
11.3978 0
11.4035 0
11.4093 0
11.415 0
11.4208 0
11.4265 0
11.4322 0
11.438 0
11.4437 0
11.4494 0
11.4552 0
11.4609 0
11.4666 0
11.4724 0
11.4781 0
11.4839 0
11.4896 0
11.4953 0
11.5011 0
11.5068 0
11.5125 0
11.5183 0
11.524 0
11.5297 0
11.5355 0
11.5412 0
11.547 0
11.5527 0
11.5584 0
11.5642 0
11.5699 0
11.5756 0
11.5814 0
11.5871 0
11.5928 0
11.5986 0
11.6043 0
11.61 0
11.6158 0
11.6215 0
11.6273 0
11.633 0
11.6387 0
11.6445 0
11.6502 0
11.6559 0
11.6617 0
11.6674 0
11.6731 0
11.6789 0
11.6846 0
11.6904 0
11.6961 0
11.7018 0
11.7076 0
11.7133 0
11.719 0
11.7248 0
11.7305 0
11.7362 0
11.742 0
