0 0
0.00573619 2
0.0114724 16
0.0172086 0
0.0229448 3
0.028681 21
0.0344171 0
0.0401533 -4
0.0458895 20
0.0516257 -1
0.0573619 0
0.0630981 2
0.0688343 16
0.0745705 0
0.0803067 -7
0.0860429 -5
0.091779 0
0.0975152 3
0.103251 -7
0.108988 -9.33333
0.114724 0
0.12046 14.6667
0.126196 -9.66667
0.131932 0
0.137669 7.33333
0.143405 1.66667
0.149141 10
0.154877 7
0.160613 6.66667
0.16635 4.66667
0.172086 0
0.177822 0
0.183558 5.5
0.189294 0
0.19503 8.8
0.200767 5
0.206503 12.6667
0.212239 16
0.217975 12.2
0.223711 4.2
0.229448 0
0.235184 5
0.24092 2.8
0.246656 0
0.252392 6.2
0.258129 -2.6
0.263865 0.4
0.269601 0
0.275337 5.4
0.281073 10.7143
0.28681 0
0.292546 3.28571
0.298282 6
0.304018 2.66667
0.309754 3
0.31549 2.85714
0.321227 3.14286
0.326963 0
0.332699 -3.71429
0.338435 0.142857
0.344171 0
0.349908 1.28571
0.355644 2.28571
0.36138 -0.6
0.367116 10
0.372852 0.125
0.378589 7.28571
0.384325 -5
0.390061 -4.11111
0.395797 10.7778
0.401533 0
0.40727 9.77778
0.413006 4.33333
0.418742 28.8571
0.424478 4.5
0.430214 4.77778
0.43595 11.4444
0.441687 0
0.447423 11.1111
0.453159 15.5556
0.458895 23
0.464631 9.28571
0.470368 24.0909
0.476104 20.4444
0.48184 18
0.487576 15.7273
0.493312 11.9091
0.499049 0
0.504785 20.3636
0.510521 27.6364
0.516257 17.6
0.521993 14
0.52773 28
0.533466 21.3333
0.539202 29.5
0.544938 33.3636
0.550674 26
0.55641 0
0.562147 25.9167
0.567883 16.3077
0.573619 18.5714
0.579355 18.3333
0.585091 15.8462
0.590828 9
0.596564 17
0.6023 16.6154
0.608036 18.0769
0.613772 23
0.619509 28.875
0.625245 15.6923
0.630981 10.6667
0.636717 7.75
0.642453 14.6154
0.64819 25
0.653926 17
0.659662 24
0.665398 26.6667
0.671134 18.4286
0.67687 23.5
0.682607 29.8667
0.688343 31.1818
0.694079 25.75
0.699815 27.4
0.705551 31.1333
0.711288 25
0.717024 25.5
0.72276 29.5333
0.728496 27.4444
0.734232 18
0.739969 23.625
0.745705 27.6154
0.751441 27
0.757177 25.4118
0.762913 23.1176
0.76865 5.8
0.774386 29.9167
0.780122 31
0.785858 13.2727
0.791594 24.3333
0.79733 25.8235
0.803067 30.4
0.808803 29
0.814539 27.8235
0.820275 23.5882
0.826011 21.2222
0.831748 31
0.837484 24.6111
0.84322 24.1538
0.848956 21.6667
0.854692 28.5789
0.860429 23.0588
0.866165 23.8
0.871901 23.875
0.877637 22.2632
0.883373 27.5455
0.88911 31.75
0.894846 27.0526
0.900582 29.1333
0.906318 24.75
0.912054 29.0526
0.91779 26.7059
0.923527 34.4444
0.929263 22.4615
0.934999 22.5
0.940735 31.8462
0.946471 28
0.952208 20.4286
0.957944 26.1176
0.96368 23.5
0.969416 25.7619
0.975152 30
0.980889 24.8182
0.986625 28.5833
0.992361 30.2381
0.998097 33.8667
1.00383 31
1.00957 28.3333
1.01531 26.5882
1.02104 32.1
1.02678 29.2941
1.03251 27.9048
1.03825 24.6923
1.04399 29.75
1.04972 30.1739
1.05546 25.7059
1.0612 31.3333
1.06693 23.5652
1.07267 29.9474
1.0784 28.4615
1.08414 28.2857
1.08988 24.0435
1.09561 20.2
1.10135 21.625
1.10708 31.6522
1.11282 29.0588
1.11856 17.8571
1.12429 33.3333
1.13003 26
1.13577 20.2
1.1415 28.1429
1.14724 26.68
1.15297 31.0667
1.15871 33.2
1.16445 26.08
1.17018 32.8421
1.17592 27.3846
1.18166 27
1.18739 20.1304
1.19313 21.1333
1.19886 35.4167
1.2046 24.88
1.21034 27.2778
1.21607 28.1111
1.22181 37.4444
1.22754 19.5238
1.23328 32.5294
1.23902 27.375
1.24475 26.84
1.25049 33.9412
1.25623 23.3333
1.26196 23.8519
1.2677 30.7895
1.27343 33.3077
1.27917 29.8182
1.28491 25.1739
1.29064 31.0588
1.29638 25.6
1.30212 29.037
1.30785 30.8333
1.31359 30.0909
1.31932 25.3793
1.32506 33.5238
1.3308 27.5294
1.33653 30.8
1.34227 31.88
1.348 26
1.35374 27.5714
1.35948 30.6296
1.36521 33.3333
1.37095 31.7
1.37669 30.069
1.38242 27.8261
1.38816 35.0588
1.39389 37.4211
1.39963 31.3333
1.40537 27.85
1.4111 24.5
1.41684 22.7586
1.42258 25.7391
1.42831 23.9412
1.43405 26
1.43978 35.16
1.44552 26.2857
1.45126 27.25
1.45699 29.7586
1.46273 24.6667
1.46846 26.5833
1.4742 28.7097
1.47994 24.4348
1.48567 24.1
1.49141 29.1905
1.49715 30.0741
1.50288 30.4091
1.50862 24.8125
1.51435 30.7241
1.52009 35.36
1.52583 34.2
1.53156 35
1.5373 30.44
1.54304 28.4762
1.54877 27.15
1.55451 18.7931
1.56024 23.0435
1.56598 26.3571
1.57172 25.1613
1.57745 32.3077
1.58319 26.5
1.58892 24.68
1.59466 27.0741
1.6004 27.92
1.60613 23.7778
1.61187 26.0968
1.61761 27
1.62334 24.7857
1.62908 30.5455
1.63481 25.3704
1.64055 27.6522
1.64629 24.8636
1.65202 29.1724
1.65776 32.68
1.6635 19.625
1.66923 27.9355
1.67497 34
1.6807 36.3
1.68644 32.2857
1.69218 30.1429
1.69791 30.36
1.70365 31.1364
1.70938 24
1.71512 25.963
1.72086 33.75
1.72659 32
1.73233 29
1.73807 24.2609
1.7438 21.6538
1.74954 33.1724
1.75527 32.4444
1.76101 25.7895
1.76675 32.3636
1.77248 27.7857
1.77822 30.3
1.78396 31.6333
1.78969 32
1.79543 33.5556
1.80116 27.25
1.8069 35.9032
1.81264 34.4828
1.81837 32.8889
1.82411 24.7714
1.82984 27.8621
1.83558 28.44
1.84132 31
1.84705 31.871
1.85279 26.1429
1.85853 34.3043
1.86426 30.8485
1.87 29.5
1.87573 23.2353
1.88147 34.0571
1.88721 28.6061
1.89294 31.4444
1.89868 32.6923
1.90442 31.6061
1.91015 33.129
1.91589 29.7
1.92162 38.8
1.92736 33.7097
1.9331 39.56
1.93883 35.5714
1.94457 38.697
1.9503 42.6
1.95604 40.4583
1.96178 37
1.96751 29.2188
1.97325 32.9
1.97899 28.5946
1.98472 29.8182
1.99046 30.6897
1.99619 30.1154
2.00193 32.8286
2.00767 30.9032
2.0134 33.2083
2.01914 30.4
2.02488 27.4242
2.03061 35.88
2.03635 27.7188
2.04208 31.6471
2.04782 34.4062
2.05356 32.2083
2.05929 30.4167
2.06503 26.9412
2.07076 33.8636
2.0765 26.7297
2.08224 34.1714
2.08797 37.2414
2.09371 36.0357
2.09945 33.6757
2.10518 29.8485
2.11092 28
2.11665 27.9459
2.12239 30.8
2.12813 35.1304
2.13386 35.7027
2.1396 30.5833
2.14534 29.3438
2.15107 40.8462
2.15681 29.9211
2.16254 34.5
2.16828 31.3182
2.17402 32.7436
2.17975 35.5405
2.18549 31.1935
2.19122 30.5667
2.19696 33.6486
2.2027 37.3143
2.20843 42.875
2.21417 77.3846
2.21991 78.8649
2.22564 36
2.23138 46.075
2.23711 33.6053
2.24285 35.0588
2.24859 33.4286
2.25432 36.2368
2.26006 36.359
2.2658 37.8636
2.27153 36.2195
2.27727 33.2564
2.283 34.0645
2.28874 35.25
2.29448 32.7692
2.30021 31.9459
2.30595 38.9615
2.31168 41.6154
2.31742 41.4
2.32316 44.6818
2.32889 36.119
2.33463 43.925
2.34037 44.6389
2.3461 40.8571
2.35184 51.3095
2.35757 56.0541
2.36331 52.6154
2.36905 56.878
2.37478 52.9024
2.38052 55.2258
2.38626 54.5
2.39199 46.4186
2.39773 43.7568
2.40346 40.6154
2.4092 43.0682
2.41494 37.875
2.42067 39.3182
2.42641 39.9318
2.43214 40.5238
2.43788 37.1714
2.44362 29.0968
2.44935 37.1556
2.45509 35.2308
2.46083 42.9231
2.46656 37.4222
2.4723 40.5122
2.47803 38.6897
2.48377 34.525
2.48951 33.1628
2.49524 39.5897
2.50098 37.0769
2.50672 37.1087
2.51245 36.9524
2.51819 31.9583
2.52392 39.5217
2.52966 31.5227
2.5354 34.9091
2.54113 41
2.54687 39.0444
2.5526 38.8537
2.55834 38.8077
2.56408 41.383
2.56981 28.6977
2.57555 34.1034
2.58129 36.5
2.58702 35.0667
2.59276 33.2703
2.59849 36.8788
2.60423 38.3696
2.60997 33.25
2.6157 32.2083
2.62144 37.1875
2.62718 41.4348
2.63291 37.6571
2.63865 35.3889
2.64438 41.9149
2.65012 35.1707
2.65586 39.4333
2.66159 39.1915
2.66733 34.7111
2.67306 33.12
2.6788 35.2917
2.68454 39.0625
2.69027 39.359
2.69601 41.9394
2.70175 39.2917
2.70748 42.8444
2.71322 33.8889
2.71895 43.2083
2.72469 41.8125
2.73043 42.3143
2.73616 36.6579
2.7419 40.0408
2.74764 37.9302
2.75337 41.7
2.75911 39.1837
2.76484 36.2245
2.77058 32.2917
2.77632 39.4286
2.78205 42.88
2.78779 38.2308
2.79352 34.8571
2.79926 38.6154
2.805 36.2889
2.81073 37.4444
2.81647 38.0385
2.82221 38.898
2.82794 36.3243
2.83368 40.7632
2.83941 41.2264
2.84515 39.2683
2.85089 39.9062
2.85662 43.5472
2.86236 40.4082
2.8681 41.125
2.87383 41.9259
2.87957 45.26
2.8853 40.4146
2.89104 42.3784
2.89678 38.9423
2.90251 46.8222
2.90825 39.7241
2.91398 46.5
2.91972 44.2353
2.92546 44.6486
2.93119 41.2143
2.93693 40.283
2.94267 42.8667
2.9484 45.5312
2.95414 41.7925
2.95987 43.0612
2.96561 42.8519
2.97135 42.6429
2.97708 42.5185
2.98282 41.9231
2.98856 42.7692
2.99429 44.3333
3.00003 47.4894
3.00576 41.2258
3.0115 48.3818
3.01724 43.1887
3.02297 42.7838
3.02871 43.7045
3.03444 48.4727
3.04018 44.4889
3.04592 44.7353
3.05165 49.3455
3.05739 44.2353
3.06313 47.5517
3.06886 45.1964
3.0746 45.2
3.08033 49.9091
3.08607 49.3784
3.09181 56.1429
3.09754 54.8367
3.10328 62.2581
3.10902 66.9661
3.11475 64.2264
3.12049 57.8974
3.12622 56.7174
3.13196 50.6545
3.1377 57.0213
3.14343 57.5833
3.14917 48.7759
3.1549 54.0784
3.16064 49.2759
3.16638 47.9667
3.17211 58.4727
3.17785 51.9091
3.18359 52.122
3.18932 57.0862
3.19506 55.3469
3.20079 49.4706
3.20653 52.5593
3.21227 56.8868
3.218 58.7317
3.22374 58.7917
3.22948 55.8305
3.23521 60.8889
3.24095 53.7949
3.24668 58.8833
3.25242 64.8491
3.25816 63.8235
3.26389 58.9298
3.26963 61.7719
3.27536 64.6087
3.2811 63.0488
3.28684 67
3.29257 66.1429
3.29831 64.9722
3.30405 74.2381
3.30978 77.3273
3.31552 83.6977
3.32125 90.1042
3.32699 88.1754
3.33273 92.2549
3.33846 87.7436
3.3442 89.5645
3.34994 84.0196
3.35567 81.8947
3.36141 81.2881
3.36714 78.0877
3.37288 74.8333
3.37862 76.1628
3.38435 72.4098
3.39009 70.8491
3.39582 69.8889
3.40156 71.3016
3.4073 78.1818
3.41303 71.6809
3.41877 80.1875
3.42451 78.9672
3.43024 79.32
3.43598 75.2683
3.44171 64.8413
3.44745 78.1786
3.45319 78.5714
3.45892 77.7091
3.46466 77.4576
3.4704 79.38
3.47613 78.907
3.48187 77.9206
3.4876 85.1132
3.49334 78.6579
3.49908 83.0149
3.50481 82.4035
3.51055 85.0213
3.51628 86.4706
3.52202 96.4754
3.52776 108.241
3.53349 112.951
3.53923 137.862
3.54497 175.815
3.5507 179.458
3.55644 172
3.56217 140.102
3.56791 116.135
3.57365 111.283
3.57938 103.308
3.58512 103.236
3.59086 103.342
3.59659 100.567
3.60233 105.559
3.60806 105.98
3.6138 104.184
3.61954 111.143
3.62527 120.054
3.63101 119.39
3.63674 130.254
3.64248 149.862
3.64822 165.958
3.65395 181.07
3.65969 178.705
3.66543 166.037
3.67116 159.543
3.6769 161.159
3.68263 160.197
3.68837 154.658
3.69411 159.145
3.69984 156.881
3.70558 156.389
3.71132 155.176
3.71705 158.338
3.72279 164.982
3.72852 162.023
3.73426 173.94
3.74 178.984
3.74573 181.74
3.75147 185.255
3.7572 184.952
3.76294 200.831
3.76868 199.659
3.77441 214.925
3.78015 224.847
3.78589 230.234
3.79162 248.766
3.79736 265.625
3.80309 283.321
3.80883 305.216
3.81457 328.877
3.8203 370.9
3.82604 391.721
3.83178 447.145
3.83751 563.387
3.84325 694.339
3.84898 1069.74
3.85472 1557.84
3.86046 1531.36
3.86619 1396.43
3.87193 1882.58
3.87766 2549.59
3.8834 3335.51
3.88914 4244.65
3.89487 5119.73
3.90061 4596.3
3.90635 3697.73
3.91208 2656.81
3.91782 1817.25
3.92355 1357.12
3.92929 1058.55
3.93503 830.875
3.94076 675.569
3.9465 585.5
3.95224 513.403
3.95797 452.444
3.96371 408.587
3.96944 380.352
3.97518 353.73
3.98092 320.482
3.98665 303.672
3.99239 288.75
3.99812 277.742
4.00386 254.245
4.0096 253.319
4.01533 248.281
4.02107 231.56
4.02681 230.212
4.03254 233.394
4.03828 226.85
4.04401 216.288
4.04975 209.859
4.05549 203.431
4.06122 190.804
4.06696 194.493
4.0727 189.571
4.07843 182.733
4.08417 180.375
4.0899 173.338
4.09564 177.953
4.10138 171.58
4.10711 170.764
4.11285 176.47
4.11858 171.304
4.12432 167.629
4.13006 165.5
4.13579 164.857
4.14153 165.462
4.14727 162.699
4.153 159.776
4.15874 159.955
4.16447 158.603
4.17021 157.625
4.17595 157.613
4.18168 154.036
4.18742 154.086
4.19316 160.455
4.19889 155.58
4.20463 156.932
4.21036 157.941
4.2161 150.5
4.22184 152.672
4.22757 157.056
4.23331 156.791
4.23904 155.62
4.24478 156.613
4.25052 156.797
4.25625 151.429
4.26199 157.375
4.26773 153.125
4.27346 156.273
4.2792 161.929
4.28493 158.5
4.29067 162.371
4.29641 157.042
4.30214 159.026
4.30788 163.243
4.31362 163
4.31935 158.268
4.32509 172.527
4.33082 175.667
4.33656 175.62
4.3423 177.813
4.34803 181.932
4.35377 192
4.3595 192.967
4.36524 196.338
4.37098 205.7
4.37671 209.944
4.38245 212.824
4.38819 225.083
4.39392 235.088
4.39966 240.58
4.40539 257.75
4.41113 281.603
4.41687 290.056
4.4226 345.571
4.42834 514.027
4.43408 774.292
4.43981 1645.81
4.44555 5004.42
4.45128 2134.58
4.45702 4480.08
4.46276 1260.42
4.46849 771.278
4.47423 811.796
4.47996 755.829
4.4857 850.311
4.49144 908.338
4.49717 945.841
4.50291 958.526
4.50865 914.243
4.51438 810.654
4.52012 688.608
4.52585 569.213
4.53159 466.105
4.53733 409.93
4.54306 344.85
4.5488 306.433
4.55454 275.246
4.56027 254.9
4.56601 232.581
4.57174 207.885
4.57748 199.744
4.58322 180.41
4.58895 176.731
4.59469 161.607
4.60042 160.769
4.60616 158.147
4.6119 149.54
4.61763 149.819
4.62337 150.949
4.62911 149.651
4.63484 143.523
4.64058 134.073
4.64631 132.042
4.65205 124.411
4.65779 121.738
4.66352 120.923
4.66926 115.279
4.675 114.859
4.68073 121.218
4.68647 117.685
4.6922 113.614
4.69794 118.9
4.70368 116.26
4.70941 119.44
4.71515 116.718
4.72088 121.55
4.72662 125.464
4.73236 119.079
4.73809 125.463
4.74383 122.821
4.74957 117.019
4.7553 116.524
4.76104 116.025
4.76677 110.418
4.77251 104.954
4.77825 106.476
4.78398 100.613
4.78972 98.0727
4.79546 94.5882
4.80119 91.3924
4.80693 88.4462
4.81266 93.5211
4.8184 94.0119
4.82414 92.5479
4.82987 90.3443
4.83561 89.4405
4.84134 95.35
4.84708 84.5094
4.85282 88.3882
4.85855 85.6829
4.86429 84.169
4.87003 82.1311
4.87576 82.0465
4.8815 79.4872
4.88723 83.3148
4.89297 82.8941
4.89871 78.2024
4.90444 83.662
4.91018 80.4776
4.91592 80.1667
4.92165 80.2658
4.92739 80.7018
4.93312 81.8488
4.93886 84.8333
4.9446 79.8806
4.95033 77.4507
4.95607 79.5
4.9618 79.961
4.96754 79.7119
4.97328 78.6395
4.97901 81.7711
4.98475 74.0328
4.99049 79.1795
4.99622 75.2955
5.00196 76.1233
5.00769 75.2857
5.01343 73.875
5.01917 73.747
5.0249 70.1509
5.03064 75.1222
5.03638 76.4767
5.04211 75.4667
5.04785 77.3846
5.05358 77.1744
5.05932 78.0494
5.06506 74.9298
5.07079 70.8182
5.07653 77.069
5.08226 76.2394
5.088 73.8732
5.09374 75.7444
5.09947 74.4286
5.10521 73.1746
5.11095 72.2
5.11668 72.0353
5.12242 75.3636
5.12815 72.1169
5.13389 74.8778
5.13963 76.026
5.14536 75.082
5.1511 73.8913
5.15684 78.6145
5.16257 77
5.16831 80.5238
5.17404 76.764
5.17978 79.6923
5.18552 76
5.19125 74.2333
5.19699 75.4699
5.20272 75.6102
5.20846 74.2609
5.2142 76.6966
5.21993 73.7895
5.22567 73.4203
5.23141 71.8152
5.23714 76.963
5.24288 65.5902
5.24861 75.3696
5.25435 74.9213
5.26009 77.7286
5.26582 72.8289
5.27156 75.6264
5.2773 75.025
5.28303 72.4154
5.28877 76.8085
5.2945 76.5632
5.30024 76.1944
5.30598 77.6835
5.31171 79.6292
5.31745 81.6219
5.32318 80.1231
5.32892 80.234
5.33466 79.0115
5.34039 75.4091
5.34613 78.1765
5.35187 75.5275
5.3576 75.3086
5.36334 76.7463
5.36907 79.2396
5.37481 75.2588
5.38055 83.6885
5.38628 87.6771
5.39202 99.3956
5.39776 105.738
5.40349 98.5775
5.40923 84.9583
5.41496 82.9877
5.4207 81.4444
5.42644 74.6633
5.43217 75.809
5.43791 76.3718
5.44364 75.5479
5.44938 79.2474
5.45512 77
5.46085 76.3433
5.46659 74.102
5.47233 76.4944
5.47806 78.3684
5.4838 71.1975
5.48953 73.6129
5.49527 75.8095
5.50101 76.7313
5.50674 69.9898
5.51248 72.3034
5.51822 74.527
5.52395 71.988
5.52969 71.4194
5.53542 74.25
5.54116 70.3971
5.5469 73.7879
5.55263 73.6333
5.55837 69.8889
5.5641 74.6966
5.56984 74.8387
5.57558 74.3095
5.58131 69.6164
5.58705 75.5859
5.59279 77
5.59852 71.0317
5.60426 78.58
5.60999 76.0538
5.61573 78.7683
5.62147 78.28
5.6272 72.4845
5.63294 75.6395
5.63868 71.5373
5.64441 77.8137
5.65015 78.7204
5.65588 75.5595
5.66162 74.0519
5.66736 73.7071
5.67309 78.6047
5.67883 73.8841
5.68456 73.8416
5.6903 77.8667
5.69604 78.6219
5.70177 76.3253
5.70751 79.4632
5.71325 81.4432
5.71898 82.9014
5.72472 82.5556
5.73045 83.3979
5.73619 81.325
5.74193 85.6742
5.74766 81.6
5.7534 84.0114
5.75914 86.6479
5.76487 85.9208
5.77061 87.7872
5.77634 90.1538
5.78208 91.1124
5.78782 90.4845
5.79355 93.7093
5.79929 92.0133
5.80502 87.6337
5.81076 89.4022
5.8165 91.0946
5.82223 88.1562
5.82797 88.0816
5.83371 91.2907
5.83944 91.6709
5.84518 87.3434
5.85091 88.5521
5.85665 90.2
5.86239 88.3238
5.86812 85.7959
5.87386 88.8256
5.8796 89.1139
5.88533 85.9109
5.89107 89.3804
5.8968 88.7826
5.90254 90.3524
5.90828 84.3061
5.91401 89.4767
5.91975 86.2651
5.92548 90.2424
5.93122 91.6489
5.93696 86.274
5.94269 91.7238
5.94843 92.8854
5.95417 91.6023
5.9599 92.8824
5.96564 94.9091
5.97137 95.8936
5.97711 94.4521
5.98285 95.9515
5.98858 97.5714
5.99432 98.2619
6.00006 104.876
6.00579 101.404
6.01153 108.904
6.01726 111.013
6.023 107.838
6.02874 104.708
6.03447 103.705
6.04021 101.622
6.04594 105.02
6.05168 104.073
6.05742 103.013
6.06315 104.838
6.06889 103.083
6.07463 110.202
6.08036 107.351
6.0861 108.816
6.09183 112.417
6.09757 114.103
6.10331 112.792
6.10904 113.99
6.11478 116.419
6.12052 113.448
6.12625 117.07
6.13199 115.894
6.13772 115.902
6.14346 117.412
6.1492 121.63
6.15493 126.238
6.16067 123.725
6.1664 124.163
6.17214 128.947
6.17788 129.583
6.18361 130.02
6.18935 137.303
6.19509 139.04
6.20082 143.009
6.20656 149.647
6.21229 164.302
6.21803 166.585
6.22377 169.925
6.2295 173.25
6.23524 178.413
6.24098 175.055
6.24671 182.461
6.25245 193.404
6.25818 207.651
6.26392 207.343
6.26966 271.441
6.27539 513.733
6.28113 302.101
6.28686 1724.2
6.2926 6027.28
6.29834 1489.97
6.30407 4339.39
6.30981 2465.76
6.31555 1863.77
6.32128 734.491
6.32702 533.317
6.33275 552.281
6.33849 434.58
6.34423 465
6.34996 493.529
6.3557 527.423
6.36144 601.556
6.36717 710.846
6.37291 809.474
6.37864 802.5
6.38438 727.189
6.39012 630.608
6.39585 541.588
6.40159 457.139
6.40732 379.852
6.41306 322.213
6.4188 287.38
6.42453 257.028
6.43027 242.931
6.43601 228.463
6.44174 215.849
6.44748 208.778
6.45321 196.766
6.45895 202.446
6.46469 193.4
6.47042 193.029
6.47616 183.714
6.4819 168.145
6.48763 164.917
6.49337 160.591
6.4991 156.463
6.50484 153.991
6.51058 150.794
6.51631 149.69
6.52205 144.545
6.52778 147.472
6.53352 143.315
6.53926 143.427
6.54499 141.009
6.55073 145
6.55647 139.81
6.5622 144.08
6.56794 139.926
6.57367 146.301
6.57941 144.579
6.58515 142.348
6.59088 144.385
6.59662 134.917
6.60236 135.456
6.60809 130.057
6.61383 131.387
6.61956 133.485
6.6253 127.723
6.63104 134.333
6.63677 130.523
6.64251 133.412
6.64824 128.056
6.65398 133.187
6.65972 134.725
6.66545 133.634
6.67119 134.019
6.67693 130.36
6.68266 132.871
6.6884 131.296
6.69413 133.813
6.69987 135.796
6.70561 133.759
6.71134 128.029
6.71708 130.125
6.72282 127.886
6.72855 130.102
6.73429 131.18
6.74002 127.557
6.74576 128.304
6.7515 128.204
6.75723 124.854
6.76297 126.621
6.7687 126.607
6.77444 125.079
6.78018 126.419
6.78591 123.155
6.79165 126.215
6.79739 124.897
6.80312 125.86
6.80886 124.929
6.81459 126.352
6.82033 125.695
6.82607 121.026
6.8318 124.276
6.83754 122.557
6.84328 121.855
6.84901 127.277
6.85475 129.154
6.86048 127.128
6.86622 126.897
6.87196 127.794
6.87769 129.747
6.88343 128.424
6.88916 127.579
6.8949 127.701
6.90064 125.717
6.90637 126.667
6.91211 127.692
6.91785 126.483
6.92358 127.455
6.92932 127.779
6.93505 125.124
6.94079 129.646
6.94653 128.336
6.95226 128.953
6.958 124.099
6.96374 124.692
6.96947 125.614
6.97521 130.813
6.98094 128.793
6.98668 127.457
6.99242 130.046
6.99815 129.247
7.00389 130.092
7.00962 129.931
7.01536 134.011
7.0211 132.591
7.02683 132.388
7.03257 131.617
7.03831 129.72
7.04404 128.262
7.04978 130.861
7.05551 132.734
7.06125 133.064
7.06699 130.525
7.07272 137.853
7.07846 137.865
7.0842 135.754
7.08993 138.302
7.09567 141.914
7.1014 140.354
7.10714 144.017
7.11288 147.688
7.11861 144.391
7.12435 147.266
7.13008 144.393
7.13582 146.979
7.14156 143.153
7.14729 146.85
7.15303 146.321
7.15877 142
7.1645 142.702
7.17024 146.076
7.17597 146.265
7.18171 149.234
7.18745 147.934
7.19318 150.342
7.19892 149.739
7.20466 151.803
7.21039 154.504
7.21613 156.889
7.22186 156.211
7.2276 155.571
7.23334 162.775
7.23907 157.44
7.24481 160.46
7.25054 160.353
7.25628 165.09
7.26202 163.207
7.26775 167.016
7.27349 170.523
7.27923 166.484
7.28496 176.031
7.2907 180.513
7.29643 183.534
7.30217 179.213
7.30791 183.911
7.31364 193.077
7.31938 186.236
7.32512 197.685
7.33085 203.306
7.33659 213.788
7.34232 201.048
7.34806 219.231
7.3538 244.144
7.35953 226.226
7.36527 266.211
7.371 381.488
7.37674 1166.29
7.38248 537.636
7.38821 4263.23
7.39395 2998.32
7.39969 2724.98
7.40542 1762.02
7.41116 1097.11
7.41689 847.424
7.42263 598.486
7.42837 498.675
7.4341 502.336
7.43984 477.056
7.44558 484.478
7.45131 523.331
7.45705 598.909
7.46278 647.922
7.46852 753.015
7.47426 859.068
7.47999 899.878
7.48573 871.183
7.49146 770.904
7.4972 656.491
7.50294 555.935
7.50867 469.375
7.51441 396.395
7.52015 351.121
7.52588 314.492
7.53162 282.28
7.53735 262.929
7.54309 243.388
7.54883 226.833
7.55456 213.958
7.5603 206.189
7.56604 197.844
7.57177 190.848
7.57751 186.33
7.58324 182.608
7.58898 179.534
7.59472 170.689
7.60045 168.74
7.60619 167.455
7.61192 167.372
7.61766 169.31
7.6234 162.069
7.62913 162.523
7.63487 157.876
7.64061 162.794
7.64634 155.935
7.65208 160.403
7.65781 160.101
7.66355 156.765
7.66929 155.515
7.67502 158.556
7.68076 163.613
7.6865 160.655
7.69223 166.496
7.69797 175.263
7.7037 169.356
7.70944 198.007
7.71518 353.919
7.72091 687.755
7.72665 1047.3
7.73238 2151.54
7.73812 516.221
7.74386 245.337
7.74959 262.42
7.75533 230.357
7.76107 220.153
7.7668 228.333
7.77254 233.824
7.77827 257.057
7.78401 277.04
7.78975 308.015
7.79548 353.266
7.80122 401.914
7.80696 433.676
7.81269 453.519
7.81843 434.548
7.82416 398.6
7.8299 333.264
7.83564 281.258
7.84137 239.47
7.84711 216.7
7.85284 188.763
7.85858 173.638
7.86432 167.371
7.87005 155.863
7.87579 153.367
7.88153 143
7.88726 140.86
7.893 133.533
7.89873 129.68
7.90447 129.451
7.91021 129.759
7.91594 129.45
7.92168 127.242
7.92742 122.962
7.93315 122.883
7.93889 118.858
7.94462 118.416
7.95036 113.669
7.9561 116.227
7.96183 113.508
7.96757 112.352
7.9733 113.314
7.97904 112.446
7.98478 112.991
7.99051 111.704
7.99625 114.421
8.00199 113.323
8.00772 114.416
8.01346 110.525
8.01919 111.992
8.02493 112.025
8.03067 108.903
8.0364 106.485
8.04214 108.047
8.04788 104.796
8.05361 105.942
8.05935 104.904
8.06508 107.22
8.07082 104.009
8.07656 104.693
8.08229 103.148
8.08803 101.838
8.09376 98.6434
8.0995 91.9773
8.10524 88.0325
8.11097 81.2389
8.11671 73.6594
8.12245 68.6357
8.12818 67.8198
8.13392 60.9773
8.13965 55.6715
8.14539 52.5323
8.15113 51
8.15686 24.7299
8.1626 28.1235
8.16834 26.9831
8.17407 27.7105
8.17981 2.84211
8.18554 0
8.19128 0
8.19702 0
8.20275 0
8.20849 0
8.21422 0
8.21996 0
8.2257 0
8.23143 0
8.23717 0
8.24291 0
8.24864 0
8.25438 0
8.26011 0
8.26585 0
8.27159 0
8.27732 0
8.28306 0
8.2888 0
8.29453 0
8.30027 0
8.306 0
8.31174 0
8.31748 0
8.32321 0
8.32895 0
8.33468 0
8.34042 0
8.34616 0
8.35189 0
8.35763 0
8.36337 0
8.3691 0
8.37484 0
8.38057 0
8.38631 0
8.39205 0
8.39778 0
8.40352 0
8.40926 0
8.41499 0
8.42073 0
8.42646 0
8.4322 0
8.43794 0
8.44367 0
8.44941 0
8.45514 0
8.46088 0
8.46662 0
8.47235 0
8.47809 0
8.48383 0
8.48956 0
8.4953 0
8.50103 0
8.50677 0
8.51251 0
8.51824 0
8.52398 0
8.52972 0
8.53545 0
8.54119 0
8.54692 0
8.55266 0
8.5584 0
8.56413 0
8.56987 0
8.5756 0
8.58134 0
8.58708 0
8.59281 0
8.59855 0
8.60429 0
8.61002 0
8.61576 0
8.62149 0
8.62723 0
8.63297 0
8.6387 0
8.64444 0
8.65018 0
8.65591 0
8.66165 0
8.66738 0
8.67312 0
8.67886 0
8.68459 0
8.69033 0
8.69606 0
8.7018 0
8.70754 0
8.71327 0
8.71901 0
8.72475 0
8.73048 0
8.73622 0
8.74195 0
8.74769 0
8.75343 0
8.75916 0
8.7649 0
8.77064 0
8.77637 0
8.78211 0
8.78784 0
8.79358 0
8.79932 0
8.80505 0
8.81079 0
8.81652 0
8.82226 0
8.828 0
8.83373 0
8.83947 0
8.84521 0
8.85094 0
8.85668 0
8.86241 0
8.86815 0
8.87389 0
8.87962 0
8.88536 0
8.8911 0
8.89683 0
8.90257 0
8.9083 0
8.91404 0
8.91978 0
8.92551 0
8.93125 0
8.93698 0
8.94272 0
8.94846 0
8.95419 0
8.95993 0
8.96567 0
8.9714 0
8.97714 0
8.98287 0
8.98861 0
8.99435 0
9.00008 0
9.00582 0
9.01156 0
9.01729 0
9.02303 0
9.02876 0
9.0345 0
9.04024 0
9.04597 0
9.05171 0
9.05744 0
9.06318 0
9.06892 0
9.07465 0
9.08039 0
9.08613 0
9.09186 0
9.0976 0
9.10333 0
9.10907 0
9.11481 0
9.12054 0
9.12628 0
9.13202 0
9.13775 0
9.14349 0
9.14922 0
9.15496 0
9.1607 0
9.16643 0
9.17217 0
9.1779 0
9.18364 0
9.18938 0
9.19511 0
9.20085 0
9.20659 0
9.21232 0
9.21806 0
9.22379 0
9.22953 0
9.23527 0
9.241 0
9.24674 0
9.25248 0
9.25821 0
9.26395 0
9.26968 0
9.27542 0
9.28116 0
9.28689 0
9.29263 0
9.29836 0
9.3041 0
9.30984 0
9.31557 0
9.32131 0
9.32705 0
9.33278 0
9.33852 0
9.34425 0
9.34999 0
9.35573 0
9.36146 0
9.3672 0
9.37294 0
9.37867 0
9.38441 0
9.39014 0
9.39588 0
9.40162 0
9.40735 0
9.41309 0
9.41882 0
9.42456 0
9.4303 0
9.43603 0
9.44177 0
9.44751 0
9.45324 0
9.45898 0
9.46471 0
9.47045 0
9.47619 0
9.48192 0
9.48766 0
9.4934 0
9.49913 0
9.50487 0
9.5106 0
9.51634 0
9.52208 0
9.52781 0
9.53355 0
9.53928 0
9.54502 0
9.55076 0
9.55649 0
9.56223 0
9.56797 0
9.5737 0
9.57944 0
9.58517 0
9.59091 0
9.59665 0
9.60238 0
9.60812 0
9.61386 0
9.61959 0
9.62533 0
9.63106 0
9.6368 0
9.64254 0
9.64827 0
9.65401 0
9.65974 0
9.66548 0
9.67122 0
9.67695 0
9.68269 0
9.68843 0
9.69416 0
9.6999 0
9.70563 0
9.71137 0
9.71711 0
9.72284 0
9.72858 0
9.73432 0
9.74005 0
9.74579 0
9.75152 0
9.75726 0
9.763 0
9.76873 0
9.77447 0
9.7802 0
9.78594 0
9.79168 0
9.79741 0
9.80315 0
9.80889 0
9.81462 0
9.82036 0
9.82609 0
9.83183 0
9.83757 0
9.8433 0
9.84904 0
9.85478 0
9.86051 0
9.86625 0
9.87198 0
9.87772 0
9.88346 0
9.88919 0
9.89493 0
9.90066 0
9.9064 0
9.91214 0
9.91787 0
9.92361 0
9.92935 0
9.93508 0
9.94082 0
9.94655 0
9.95229 0
9.95803 0
9.96376 0
9.9695 0
9.97524 0
9.98097 0
9.98671 0
9.99244 0
9.99818 0
10.0039 0
10.0097 0
10.0154 0
10.0211 0
10.0269 0
10.0326 0
10.0383 0
10.0441 0
10.0498 0
10.0555 0
10.0613 0
10.067 0
10.0728 0
10.0785 0
10.0842 0
10.09 0
10.0957 0
10.1014 0
10.1072 0
10.1129 0
10.1186 0
10.1244 0
10.1301 0
10.1358 0
10.1416 0
10.1473 0
10.1531 0
10.1588 0
10.1645 0
10.1703 0
10.176 0
10.1817 0
10.1875 0
10.1932 0
10.1989 0
10.2047 0
10.2104 0
10.2162 0
10.2219 0
10.2276 0
10.2334 0
10.2391 0
10.2448 0
10.2506 0
10.2563 0
10.262 0
10.2678 0
10.2735 0
10.2793 0
10.285 0
10.2907 0
10.2965 0
10.3022 0
10.3079 0
10.3137 0
10.3194 0
10.3251 0
10.3309 0
10.3366 0
10.3424 0
10.3481 0
10.3538 0
10.3596 0
10.3653 0
10.371 0
10.3768 0
10.3825 0
10.3882 0
10.394 0
10.3997 0
10.4054 0
10.4112 0
10.4169 0
10.4227 0
10.4284 0
10.4341 0
10.4399 0
10.4456 0
10.4513 0
10.4571 0
10.4628 0
10.4685 0
10.4743 0
10.48 0
10.4858 0
10.4915 0
10.4972 0
10.503 0
10.5087 0
10.5144 0
10.5202 0
10.5259 0
10.5316 0
10.5374 0
10.5431 0
10.5489 0
10.5546 0
10.5603 0
10.5661 0
10.5718 0
10.5775 0
10.5833 0
10.589 0
10.5947 0
10.6005 0
10.6062 0
10.612 0
10.6177 0
10.6234 0
10.6292 0
10.6349 0
10.6406 0
10.6464 0
10.6521 0
10.6578 0
10.6636 0
10.6693 0
10.6751 0
10.6808 0
10.6865 0
10.6923 0
10.698 0
10.7037 0
10.7095 0
10.7152 0
10.7209 0
10.7267 0
10.7324 0
10.7381 0
10.7439 0
10.7496 0
10.7554 0
10.7611 0
10.7668 0
10.7726 0
10.7783 0
10.784 0
10.7898 0
10.7955 0
10.8012 0
10.807 0
10.8127 0
10.8185 0
10.8242 0
10.8299 0
10.8357 0
10.8414 0
10.8471 0
10.8529 0
10.8586 0
10.8643 0
10.8701 0
10.8758 0
10.8816 0
10.8873 0
10.893 0
10.8988 0
10.9045 0
10.9102 0
10.916 0
10.9217 0
10.9274 0
10.9332 0
10.9389 0
10.9447 0
10.9504 0
10.9561 0
10.9619 0
10.9676 0
10.9733 0
10.9791 0
10.9848 0
10.9905 0
10.9963 0
11.002 0
11.0077 0
11.0135 0
11.0192 0
11.025 0
11.0307 0
11.0364 0
11.0422 0
11.0479 0
11.0536 0
11.0594 0
11.0651 0
11.0708 0
11.0766 0
11.0823 0
11.0881 0
11.0938 0
11.0995 0
11.1053 0
11.111 0
11.1167 0
11.1225 0
11.1282 0
11.1339 0
11.1397 0
11.1454 0
11.1512 0
11.1569 0
11.1626 0
11.1684 0
11.1741 0
11.1798 0
11.1856 0
11.1913 0
11.197 0
11.2028 0
11.2085 0
11.2143 0
11.22 0
11.2257 0
11.2315 0
11.2372 0
11.2429 0
11.2487 0
11.2544 0
11.2601 0
11.2659 0
11.2716 0
11.2774 0
11.2831 0
11.2888 0
11.2946 0
11.3003 0
11.306 0
11.3118 0
11.3175 0
11.3232 0
11.329 0
11.3347 0
11.3404 0
11.3462 0
11.3519 0
11.3577 0
11.3634 0
11.3691 0
11.3749 0
11.3806 0
11.3863 0
11.3921 0
11.3978 0
11.4035 0
11.4093 0
11.415 0
11.4208 0
11.4265 0
11.4322 0
11.438 0
11.4437 0
11.4494 0
11.4552 0
11.4609 0
11.4666 0
11.4724 0
11.4781 0
11.4839 0
11.4896 0
11.4953 0
11.5011 0
11.5068 0
11.5125 0
11.5183 0
11.524 0
11.5297 0
11.5355 0
11.5412 0
11.547 0
11.5527 0
11.5584 0
11.5642 0
11.5699 0
11.5756 0
11.5814 0
11.5871 0
11.5928 0
11.5986 0
11.6043 0
11.61 0
11.6158 0
11.6215 0
11.6273 0
11.633 0
11.6387 0
11.6445 0
11.6502 0
11.6559 0
11.6617 0
11.6674 0
11.6731 0
11.6789 0
11.6846 0
11.6904 0
11.6961 0
11.7018 0
11.7076 0
11.7133 0
11.719 0
11.7248 0
11.7305 0
11.7362 0
11.742 0
