0 0
0.00573619 18
0.0114724 -33
0.0172086 0
0.0229448 -33
0.028681 -33
0.0344171 0
0.0401533 -26
0.0458895 -1
0.0516257 -21
0.0573619 0
0.0630981 -11
0.0688343 -39
0.0745705 0
0.0803067 -20
0.0860429 -27
0.091779 0
0.0975152 8.66667
0.103251 -16
0.108988 1
0.114724 0
0.12046 2.33333
0.126196 3.33333
0.131932 0
0.137669 1.33333
0.143405 3.66667
0.149141 -12
0.154877 6
0.160613 -1.66667
0.16635 12.6667
0.172086 0
0.177822 -1.66667
0.183558 6.5
0.189294 0
0.19503 2.2
0.200767 -4
0.206503 -9.66667
0.212239 3
0.217975 13.8
0.223711 6.6
0.229448 0
0.235184 3.6
0.24092 7.8
0.246656 0
0.252392 -8.8
0.258129 -15.4
0.263865 -7.4
0.269601 0
0.275337 -8.2
0.281073 -0.428571
0.28681 0
0.292546 2.28571
0.298282 -0.714286
0.304018 -4.33333
0.309754 -1
0.31549 3.71429
0.321227 0.285714
0.326963 0
0.332699 4.14286
0.338435 -1
0.344171 0
0.349908 2.42857
0.355644 5.42857
0.36138 12.4
0.367116 24.5
0.372852 -9.125
0.378589 -7.85714
0.384325 1
0.390061 5.11111
0.395797 1.22222
0.401533 0
0.40727 5.44444
0.413006 6.77778
0.418742 0.428571
0.424478 3
0.430214 14.2222
0.43595 0.888889
0.441687 0
0.447423 7.77778
0.453159 22.3333
0.458895 33.3333
0.464631 6.71429
0.470368 10.4545
0.476104 11.6667
0.48184 -1.5
0.487576 12.8182
0.493312 15.7273
0.499049 0
0.504785 24.0909
0.510521 17.6364
0.516257 32.4
0.521993 19.1667
0.52773 17.6364
0.533466 27.1111
0.539202 24.5
0.544938 14.8182
0.550674 24.9091
0.55641 0
0.562147 19.5833
0.567883 20.3077
0.573619 25.7143
0.579355 14.3333
0.585091 18.8462
0.590828 30.6364
0.596564 18
0.6023 19.5385
0.608036 15.7692
0.613772 14.2
0.619509 7.875
0.625245 12.4615
0.630981 26.6667
0.636717 21.75
0.642453 20.4615
0.64819 21
0.653926 35
0.659662 24.0667
0.665398 21.0667
0.671134 29.5714
0.67687 23.625
0.682607 29.6
0.688343 25.5455
0.694079 16.5
0.699815 23.9333
0.705551 22.4667
0.711288 46
0.717024 32.9286
0.72276 31.4667
0.728496 19.2222
0.734232 30.6667
0.739969 29.875
0.745705 31.3077
0.751441 15.3333
0.757177 27.1765
0.762913 32.2353
0.76865 36.6
0.774386 19.75
0.780122 28.3529
0.785858 29.3636
0.791594 20.1667
0.79733 26.1765
0.803067 32.2
0.808803 42.5
0.814539 29.8235
0.820275 29.2941
0.826011 34.7778
0.831748 33.125
0.837484 24.1111
0.84322 27.7692
0.848956 42.1667
0.854692 19.7368
0.860429 25.5882
0.866165 18.6
0.871901 24
0.877637 23.1579
0.883373 19.2727
0.88911 35.25
0.894846 25.6316
0.900582 19.7333
0.906318 41.5
0.912054 23.9474
0.91779 29.8235
0.923527 28.7778
0.929263 25.1538
0.934999 21.5
0.940735 27.0769
0.946471 29.125
0.952208 30.381
0.957944 28.8235
0.96368 42.25
0.969416 29
0.975152 25.1053
0.980889 18.5455
0.986625 29.5
0.992361 28.2857
0.998097 26.9333
1.00383 21.3333
1.00957 28.0952
1.01531 32.0588
1.02104 21.5
1.02678 29.7647
1.03251 26.1429
1.03825 38.5385
1.04399 27.5
1.04972 32.1304
1.05546 28.8235
1.0612 24.3333
1.06693 29.7826
1.07267 22.4211
1.0784 18.0769
1.08414 31.9286
1.08988 27.7391
1.09561 36.1333
1.10135 29.75
1.10708 28.4348
1.11282 33.4118
1.11856 40
1.12429 29.1667
1.13003 27.8571
1.13577 31.4
1.1415 31.2143
1.14724 30
1.15297 34.2
1.15871 24.6
1.16445 24.32
1.17018 30.3684
1.17592 37.1538
1.18166 34
1.18739 30.7826
1.19313 34
1.19886 35.25
1.2046 23.84
1.21034 25.8333
1.21607 31.7778
1.22181 26.4444
1.22754 29.2857
1.23328 20.3529
1.23902 27.5625
1.24475 23.4
1.25049 24.9412
1.25623 38.3333
1.26196 25.8889
1.2677 19.8947
1.27343 28
1.27917 22.6818
1.28491 27.3913
1.29064 25.8824
1.29638 22.9333
1.30212 28.963
1.30785 20.0556
1.31359 30.7273
1.31932 28.7586
1.32506 29.7619
1.3308 32.7059
1.33653 30.75
1.34227 28.44
1.348 25
1.35374 23.9286
1.35948 25
1.36521 35.4286
1.37095 25.6
1.37669 26.3448
1.38242 32.3913
1.38816 27
1.39389 38.6316
1.39963 29.4074
1.40537 32.1
1.4111 26.0714
1.41684 28.6552
1.42258 23.2609
1.42831 20.2353
1.43405 28.0417
1.43978 28.44
1.44552 27.1905
1.45126 30.3125
1.45699 25.931
1.46273 32.5238
1.46846 32.5833
1.4742 26.9355
1.47994 29.4348
1.48567 30.3
1.49141 30.0952
1.49715 24.1852
1.50288 25.6364
1.50862 30.625
1.51435 25.5517
1.52009 31.28
1.52583 25
1.53156 32.2667
1.5373 28.08
1.54304 29.1905
1.54877 28.35
1.55451 27.0345
1.56024 26.4783
1.56598 18.2143
1.57172 30.4516
1.57745 26.4231
1.58319 25.1
1.58892 23.52
1.59466 26.1852
1.6004 25.52
1.60613 29.2222
1.61187 28.2581
1.61761 24.52
1.62334 25.7857
1.62908 29.7576
1.63481 28.5185
1.64055 25.5217
1.64629 24.9091
1.65202 26.8276
1.65776 27.88
1.6635 34.0625
1.66923 28.2581
1.67497 29.6429
1.6807 30.3
1.68644 26.7143
1.69218 22.3929
1.69791 26.08
1.70365 27.9091
1.70938 32.6774
1.71512 25
1.72086 24.25
1.72659 28.2727
1.73233 28.6207
1.73807 31.8261
1.7438 29.7308
1.74954 25.1379
1.75527 28.1481
1.76101 26.9474
1.76675 32.0909
1.77248 29.2143
1.77822 30.4
1.78396 27
1.78969 32.7097
1.79543 32.5926
1.80116 29.0417
1.8069 24.5161
1.81264 28.8966
1.81837 27.2222
1.82411 29.6286
1.82984 27.3103
1.83558 36.28
1.84132 31.9615
1.84705 27.9032
1.85279 31.5714
1.85853 34.4783
1.86426 27.7879
1.87 21.7
1.87573 25.1176
1.88147 26.5429
1.88721 27.1515
1.89294 26.8148
1.89868 27.1538
1.90442 30.2424
1.91015 29.3226
1.91589 31.45
1.92162 36
1.92736 42.6129
1.9331 46.32
1.93883 45.9643
1.94457 42.3939
1.9503 35.3
1.95604 37.5
1.96178 30.5588
1.96751 29.8125
1.97325 29.9
1.97899 31.1351
1.98472 27.4848
1.99046 25.2414
1.99619 29.3846
2.00193 26.6857
2.00767 30.6452
2.0134 28.7083
2.01914 30.6
2.02488 33.5455
2.03061 25.8
2.03635 30.8438
2.04208 28.3824
2.04782 32.625
2.05356 30.5417
2.05929 34.1389
2.06503 28.8529
2.07076 31.1818
2.0765 30.7027
2.08224 32.4286
2.08797 28.8966
2.09371 28.8214
2.09945 29.6486
2.10518 34.0909
2.11092 33.2083
2.11665 32.1081
2.12239 28.2286
2.12813 27.913
2.13386 35.0811
2.1396 32.4722
2.14534 32.0625
2.15107 36.6923
2.15681 27.0263
2.16254 30.8056
2.16828 36.1818
2.17402 33.4615
2.17975 31.5946
2.18549 31.5161
2.19122 33.7333
2.19696 39.9459
2.2027 35.9429
2.20843 38.7917
2.21417 75.4872
2.21991 85.0541
2.22564 34.4545
2.23138 48.2
2.23711 34.2895
2.24285 34.5
2.24859 36
2.25432 35.1316
2.26006 38.3846
2.2658 33.6818
2.27153 36.6829
2.27727 35.4359
2.283 35.0645
2.28874 38.375
2.29448 35.9231
2.30021 37.9459
2.30595 37.0385
2.31168 37.641
2.31742 39.325
2.32316 34.3636
2.32889 41.0238
2.33463 41.45
2.34037 42.9444
2.3461 46.5
2.35184 50.619
2.35757 55.1892
2.36331 50.5385
2.36905 49.3902
2.37478 49.2195
2.38052 46.3871
2.38626 48.7941
2.39199 43.907
2.39773 41.8108
2.40346 45.3462
2.4092 39.3864
2.41494 39.6
2.42067 36.0455
2.42641 39.8409
2.43214 30.619
2.43788 37.7143
2.44362 41.5484
2.44935 38.9778
2.45509 42.6154
2.46083 35.0385
2.46656 39.8444
2.4723 34.6098
2.47803 33.069
2.48377 38.45
2.48951 38.6279
2.49524 36.9487
2.50098 38.5769
2.50672 33.7391
2.51245 33.9524
2.51819 37.8333
2.52392 38.6087
2.52966 35.0909
2.5354 33.1818
2.54113 37.4857
2.54687 36.7111
2.5526 36.4878
2.55834 33.8846
2.56408 37.7872
2.56981 35.8605
2.57555 32.1724
2.58129 36.9286
2.58702 41.5333
2.59276 34.4324
2.59849 38.8788
2.60423 37.8043
2.60997 42.8636
2.6157 34.9583
2.62144 44.2292
2.62718 41.2174
2.63291 38.8286
2.63865 42.8889
2.64438 35.7447
2.65012 31.0244
2.65586 35.3
2.66159 36.0851
2.66733 35.9111
2.67306 35.56
2.6788 34.1667
2.68454 39.6667
2.69027 40.5641
2.69601 37.7273
2.70175 38.3333
2.70748 44.7778
2.71322 43.0741
2.71895 41.9583
2.72469 43.3542
2.73043 40.2
2.73616 35.9737
2.7419 41.6939
2.74764 40.4651
2.75337 37.4
2.75911 41.6122
2.76484 40.6735
2.77058 35.625
2.77632 36.2653
2.78205 34.96
2.78779 41.0769
2.79352 35.0857
2.79926 40.3654
2.805 38.9556
2.81073 39.5185
2.81647 37.5962
2.82221 37.9184
2.82794 45.3243
2.83368 39.6579
2.83941 42.9245
2.84515 38.0244
2.85089 39.1562
2.85662 35.8868
2.86236 41.7551
2.8681 41.5417
2.87383 40.1852
2.87957 39.36
2.8853 43.878
2.89104 39.3243
2.89678 42.1731
2.90251 38.8889
2.90825 42.3793
2.91398 45.7222
2.91972 49.5882
2.92546 40.973
2.93119 42.2143
2.93693 41.5472
2.94267 41.4
2.9484 39.875
2.95414 42.2453
2.95987 40.2857
2.96561 42.7407
2.97135 45.8214
2.97708 46.5556
2.98282 44.7179
2.98856 39.8462
2.99429 44.5
3.00003 42.2553
3.00576 39.0645
3.0115 42.5273
3.01724 41.5283
3.02297 44.5135
3.02871 42.4773
3.03444 45.8182
3.04018 41.7111
3.04592 41.7059
3.05165 49.9455
3.05739 45.0784
3.06313 43.8276
3.06886 42.0357
3.0746 47.6
3.08033 48.1818
3.08607 49.1622
3.09181 57.3036
3.09754 57.0816
3.10328 69.3226
3.10902 69.0339
3.11475 64.3396
3.12049 57.0769
3.12622 54.6739
3.13196 53.1455
3.1377 53.766
3.14343 53
3.14917 55.569
3.1549 53.6471
3.16064 53.5862
3.16638 50.9667
3.17211 56.6
3.17785 56.9318
3.18359 57.3415
3.18932 53.8103
3.19506 49.8367
3.20079 55.2941
3.20653 53.8136
3.21227 53.8302
3.218 54.9268
3.22374 54.5625
3.22948 53.1017
3.23521 53.8667
3.24095 53.1795
3.24668 55.6667
3.25242 58.1698
3.25816 54.5294
3.26389 57.2982
3.26963 61.5965
3.27536 57.8478
3.2811 63.3415
3.28684 65.4
3.29257 67.0204
3.29831 63.2222
3.30405 64.7302
3.30978 77.0909
3.31552 76.814
3.32125 79.3542
3.32699 86.1228
3.33273 85.7451
3.33846 79.1282
3.3442 84.8871
3.34994 85.2549
3.35567 79.6316
3.36141 74.5085
3.36714 78.2456
3.37288 72.875
3.37862 68.5581
3.38435 73.1475
3.39009 75.2264
3.39582 68.1389
3.40156 71.8095
3.4073 73.5455
3.41303 78.0851
3.41877 75.375
3.42451 76.3115
3.43024 76.68
3.43598 74.2439
3.44171 72.0317
3.44745 71.6607
3.45319 74.4762
3.45892 72.6364
3.46466 77.1356
3.4704 77.82
3.47613 76.186
3.48187 76.8413
3.4876 75.6792
3.49334 83.3947
3.49908 80.7313
3.50481 83.2807
3.51055 82.6596
3.51628 81.5098
3.52202 93.7377
3.52776 103.611
3.53349 111.22
3.53923 137.585
3.54497 176.222
3.5507 183.042
3.55644 169.709
3.56217 137.017
3.56791 118.596
3.57365 103.304
3.57938 105.554
3.58512 102.964
3.59086 98.8158
3.59659 99.806
3.60233 97.3898
3.60806 96.9608
3.6138 100.653
3.61954 104.54
3.62527 109.946
3.63101 122.268
3.63674 128.045
3.64248 146.517
3.64822 165.292
3.65395 173.123
3.65969 170.672
3.66543 158.389
3.67116 155
3.6769 157.635
3.68263 154.393
3.68837 150.816
3.69411 150.449
3.69984 150.356
3.70558 149.315
3.71132 151.706
3.71705 162.508
3.72279 166.143
3.72852 164.442
3.73426 171.209
3.74 180.484
3.74573 174.24
3.75147 174.855
3.7572 184.825
3.76294 188.712
3.76868 198.75
3.77441 211.164
3.78015 224.22
3.78589 220.681
3.79162 237.438
3.79736 256.609
3.80309 267.482
3.80883 287.902
3.81457 316.6
3.8203 355.567
3.82604 378.279
3.83178 438.449
3.83751 543.5
3.84325 669.554
3.84898 1043.08
3.85472 1519.38
3.86046 1500.51
3.86619 1359.48
3.87193 1818.16
3.87766 2462
3.8834 3199.82
3.88914 4083.1
3.89487 4948.62
3.90061 4451.08
3.90635 3566.67
3.91208 2576.63
3.91782 1758.98
3.92355 1307.46
3.92929 1031.65
3.93503 801.031
3.94076 650.931
3.9465 559.222
3.95224 487.045
3.95797 437.587
3.96371 394.022
3.96944 361.746
3.97518 335.73
3.98092 312.304
3.98665 296.034
3.99239 279.162
3.99812 270.048
4.00386 248.776
4.0096 240.333
4.01533 241.328
4.02107 225.62
4.02681 222.788
4.03254 225.924
4.03828 219.417
4.04401 214.558
4.04975 206.845
4.05549 196.969
4.06122 190.457
4.06696 181.145
4.0727 184.029
4.07843 178.117
4.08417 175.946
4.0899 167.485
4.09564 172.219
4.10138 166.2
4.10711 164.056
4.11285 168.848
4.11858 163.429
4.12432 163.484
4.13006 159.603
4.13579 167.857
4.14153 160.077
4.14727 159.89
4.153 159.209
4.15874 156.045
4.16447 149.836
4.17021 152.417
4.17595 154.242
4.18168 151.929
4.18742 152.443
4.19316 158.273
4.19889 153.42
4.20463 155.716
4.21036 157.191
4.2161 149.717
4.22184 150.931
4.22757 152.042
4.23331 151.209
4.23904 147.9
4.24478 146.787
4.25052 151.725
4.25625 153.357
4.26199 152.812
4.26773 153.528
4.27346 156.348
4.2792 150.482
4.28493 149.194
4.29067 158.2
4.29641 155.458
4.30214 158.368
4.30788 165.857
4.31362 161.859
4.31935 164.179
4.32509 168.554
4.33082 168.652
4.33656 169.68
4.3423 174.44
4.34803 177.514
4.35377 180.694
4.3595 186.467
4.36524 190.973
4.37098 199.086
4.37671 199.963
4.38245 209.23
4.38819 218.653
4.39392 228.07
4.39966 223.739
4.40539 249.347
4.41113 272.471
4.41687 284.87
4.4226 331.623
4.42834 494.808
4.43408 754.792
4.43981 1622.69
4.44555 4959.03
4.45128 2126.38
4.45702 4426.61
4.46276 1255.74
4.46849 772.458
4.47423 789.63
4.47996 739.618
4.4857 825.432
4.49144 870.354
4.49717 912.905
4.50291 936.289
4.50865 888.371
4.51438 786.827
4.52012 679.582
4.52585 553.84
4.53159 459.912
4.53733 399.211
4.54306 337.1
4.5488 299.224
4.55454 266.035
4.56027 242.613
4.56601 222.973
4.57174 204.865
4.57748 191.372
4.58322 177.577
4.58895 176.955
4.59469 161.672
4.60042 157.692
4.60616 153.893
4.6119 147.12
4.61763 144.614
4.62337 142.987
4.62911 144.016
4.63484 138.815
4.64058 135.159
4.64631 126.764
4.65205 125.464
4.65779 118.613
4.66352 122.731
4.66926 113.016
4.675 113.662
4.68073 115.692
4.68647 112.822
4.6922 110.263
4.69794 112.713
4.70368 116.312
4.70941 115.22
4.71515 116.576
4.72088 118.625
4.72662 119.029
4.73236 118.016
4.73809 120.146
4.74383 120.397
4.74957 115.904
4.7553 116.476
4.76104 108.137
4.76677 106.806
4.77251 101.185
4.77825 102.976
4.78398 98.04
4.78972 94.9818
4.79546 94.7765
4.80119 92.1266
4.80693 88.8154
4.81266 88.831
4.8184 86.6905
4.82414 90.5205
4.82987 88.3607
4.83561 85.9286
4.84134 84.525
4.84708 83.8679
4.85282 85.4118
4.85855 88.7317
4.86429 82.338
4.87003 85.1475
4.87576 83.0698
4.8815 79.2308
4.88723 82.8889
4.89297 77.8
4.89871 80.7857
4.90444 80.1127
4.91018 79.4925
4.91592 75.9524
4.92165 79.8987
4.92739 75.2456
4.93312 77.8721
4.93886 75.5119
4.9446 74.7164
4.95033 77.6901
4.95607 76.7442
4.9618 76.2208
4.96754 74.7627
4.97328 77.814
4.97901 80.8072
4.98475 78.7377
4.99049 78.3077
4.99622 73.9773
5.00196 80.4521
5.00769 75.3333
5.01343 74.2159
5.01917 74.3373
5.0249 81.7736
5.03064 73.3667
5.03638 73.407
5.04211 69.2133
5.04785 73.3231
5.05358 74.5
5.05932 77.8642
5.06506 74.3333
5.07079 69.1932
5.07653 73.3448
5.08226 76.6761
5.088 73.7606
5.09374 71.3
5.09947 70.8701
5.10521 69
5.11095 69.5222
5.11668 74.9412
5.12242 72.9091
5.12815 72.4935
5.13389 72.7222
5.13963 71.4935
5.14536 76.918
5.1511 72.7174
5.15684 73.7952
5.16257 71.9032
5.16831 76.8452
5.17404 76.191
5.17978 80.6154
5.18552 77.4328
5.19125 72.2889
5.19699 74.3494
5.20272 70.4576
5.20846 71.1739
5.2142 73.7978
5.21993 74.4868
5.22567 69.913
5.23141 75.4565
5.23714 75.6173
5.24288 71.6066
5.24861 75.163
5.25435 74.7191
5.26009 76.4571
5.26582 73.8026
5.27156 73.3846
5.2773 79.425
5.28303 73.2
5.28877 74.9574
5.2945 75.2644
5.30024 76.9722
5.30598 78.4177
5.31171 77.5281
5.31745 77.6707
5.32318 71.1231
5.32892 77.4149
5.33466 78.2184
5.34039 78.1515
5.34613 71.5882
5.35187 71.022
5.3576 75.0988
5.36334 74.791
5.36907 77.5938
5.37481 76.4471
5.38055 80.3771
5.38628 88.5521
5.39202 100.703
5.39776 103.125
5.40349 97.4084
5.40923 85.1042
5.41496 79
5.4207 80.3492
5.42644 72.8469
5.43217 74.5618
5.43791 72.8205
5.44364 76.5616
5.44938 78.1237
5.45512 76.5366
5.46085 81.0299
5.46659 74.4286
5.47233 73.8989
5.47806 74.5526
5.4838 77.679
5.48953 74.6344
5.49527 74.381
5.50101 77.9851
5.50674 72.4286
5.51248 75.1348
5.51822 78.5405
5.52395 74.0482
5.52969 74.6774
5.53542 76.1667
5.54116 75.3088
5.5469 73.2828
5.55263 72.3111
5.55837 76.3056
5.5641 73.9775
5.56984 73.3118
5.57558 72.1905
5.58131 71.6712
5.58705 72.4242
5.59279 74.9432
5.59852 74.5873
5.60426 76.07
5.60999 75.086
5.61573 76.4146
5.62147 76.84
5.6272 74.701
5.63294 73.814
5.63868 79.9254
5.64441 76.1667
5.65015 76.2043
5.65588 71.631
5.66162 72.5714
5.66736 76.0909
5.67309 77.5814
5.67883 75.1304
5.68456 77.1386
5.6903 74.1889
5.69604 75.4756
5.70177 74.0723
5.70751 79.5368
5.71325 79.6818
5.71898 82.9437
5.72472 83.8687
5.73045 80.0107
5.73619 82.2375
5.74193 82.0787
5.74766 78.4421
5.7534 79.8977
5.75914 84.6901
5.76487 83.3564
5.77061 86.5851
5.77634 87.2436
5.78208 88.8202
5.78782 89.0103
5.79355 88.6047
5.79929 85.9333
5.80502 88.7525
5.81076 84.5543
5.8165 84.1892
5.82223 84.5625
5.82797 87.449
5.83371 85.0698
5.83944 86.3924
5.84518 85.3434
5.85091 83.4792
5.85665 85.0923
5.86239 83.6571
5.86812 85.7755
5.87386 86
5.8796 89.1013
5.88533 87.9901
5.89107 85.0109
5.8968 86.9855
5.90254 85.2286
5.90828 88.2551
5.91401 87.6163
5.91975 86.8554
5.92548 85.6263
5.93122 88.7766
5.93696 89.4521
5.94269 91.1238
5.94843 90.5208
5.95417 89.6932
5.9599 89.8235
5.96564 92.2323
5.97137 95.3723
5.97711 95.9041
5.98285 95.9709
5.98858 97.2857
5.99432 98.9881
6.00006 100.461
6.00579 104.354
6.01153 108.809
6.01726 107.88
6.023 106.486
6.02874 104.677
6.03447 105.25
6.04021 100.356
6.04594 103.306
6.05168 102.74
6.05742 101.494
6.06315 103.229
6.06889 105.281
6.07463 105
6.08036 105.266
6.0861 105.612
6.09183 107.406
6.09757 111.051
6.10331 108.934
6.10904 111.229
6.11478 112.174
6.12052 113.292
6.12625 113.2
6.13199 115.309
6.13772 118.378
6.14346 116.48
6.1492 121.91
6.15493 122.825
6.16067 121.745
6.1664 120.918
6.17214 126.798
6.17788 127.786
6.18361 128.941
6.18935 137.263
6.19509 141.68
6.20082 137.459
6.20656 145.794
6.21229 157.281
6.21803 162
6.22377 166.67
6.2295 175.44
6.23524 178.013
6.24098 175.349
6.24671 178.216
6.25245 193.457
6.25818 204.558
6.26392 200.549
6.26966 266.324
6.27539 507.04
6.28113 296.945
6.28686 1716.79
6.2926 5971.69
6.29834 1497.89
6.30407 4278.58
6.30981 2406.72
6.31555 1883.06
6.32128 717.232
6.32702 531
6.33275 557.896
6.33849 419.341
6.34423 457.135
6.34996 488.686
6.3557 521.82
6.36144 586.657
6.36717 696.798
6.37291 778.768
6.37864 774.811
6.38438 708.83
6.39012 612.137
6.39585 524.725
6.40159 449
6.40732 370.731
6.41306 317.362
6.4188 281.804
6.42453 252.726
6.43027 236.118
6.43601 218.5
6.44174 210.925
6.44748 200.676
6.45321 193.202
6.45895 198.141
6.46469 190.419
6.47042 185.845
6.47616 178.726
6.4819 166.245
6.48763 158.685
6.49337 156.968
6.4991 151.337
6.50484 148.704
6.51058 147.098
6.51631 144.607
6.52205 145.136
6.52778 141.824
6.53352 142.065
6.53926 141.438
6.54499 135.315
6.55073 141.108
6.55647 135.298
6.5622 138.664
6.56794 140.769
6.57367 141.806
6.57941 141.053
6.58515 135.821
6.59088 135.288
6.59662 135.655
6.60236 129.816
6.60809 128.991
6.61383 128.785
6.61956 127.031
6.6253 128.375
6.63104 126.059
6.63677 120.616
6.64251 123.298
6.64824 125.327
6.65398 128.077
6.65972 133.147
6.66545 133.071
6.67119 131.298
6.67693 129.837
6.68266 129.845
6.6884 130.287
6.69413 134.912
6.69987 132.01
6.70561 128.652
6.71134 130.365
6.71708 128.614
6.72282 125.167
6.72855 128.528
6.73429 122.719
6.74002 126.255
6.74576 123.765
6.7515 124.155
6.75723 121.596
6.76297 122.784
6.7687 124.589
6.77444 125.461
6.78018 125.181
6.78591 123.853
6.79165 122.411
6.79739 123.805
6.80312 120.842
6.80886 122.821
6.81459 123.341
6.82033 123.343
6.82607 123.336
6.8318 121.019
6.83754 117.432
6.84328 123.684
6.84901 123.045
6.85475 125.011
6.86048 126.11
6.86622 124.319
6.87196 125.206
6.87769 124.943
6.88343 124.347
6.88916 127.368
6.8949 125.816
6.90064 128.212
6.90637 129.912
6.91211 128.346
6.91785 127.103
6.92358 123.926
6.92932 123.407
6.93505 126.146
6.94079 123.673
6.94653 124.06
6.95226 124.804
6.958 121.143
6.96374 123.317
6.96947 125.263
6.97521 128.868
6.98094 122.324
6.98668 128.155
6.99242 130.294
6.99815 127.955
7.00389 129.45
7.00962 129.052
7.01536 129.587
7.0211 130.127
7.02683 131.025
7.03257 130.514
7.03831 127.376
7.04404 128.689
7.04978 126.722
7.05551 130.617
7.06125 131.532
7.06699 134.254
7.07272 132.284
7.07846 129.753
7.0842 132.713
7.08993 135.448
7.09567 134.624
7.1014 135.381
7.10714 140.176
7.11288 143.55
7.11861 141.12
7.12435 145.121
7.13008 145.658
7.13582 144.552
7.14156 143.856
7.14729 141.8
7.15303 140.44
7.15877 145.935
7.1645 145.516
7.17024 145.311
7.17597 143.235
7.18171 144.645
7.18745 149.221
7.19318 150.162
7.19892 147.348
7.20466 152.559
7.21039 148.855
7.21613 154.455
7.22186 156.587
7.2276 156.754
7.23334 160.937
7.23907 156.055
7.24481 158.579
7.25054 160.597
7.25628 158.42
7.26202 159.054
7.26775 159.91
7.27349 165.874
7.27923 158.484
7.28496 169.079
7.2907 170.714
7.29643 177.165
7.30217 176.13
7.30791 181.298
7.31364 188.188
7.31938 184.112
7.32512 189.792
7.33085 196.843
7.33659 211.846
7.34232 199.724
7.34806 213.238
7.3538 237.153
7.35953 220.495
7.36527 264.047
7.371 372.215
7.37674 1149.99
7.38248 526.564
7.38821 4215.65
7.39395 2940.48
7.39969 2606.84
7.40542 1780.12
7.41116 1101.91
7.41689 857.132
7.42263 612.617
7.42837 496.468
7.4341 498.672
7.43984 470.629
7.44558 468.963
7.45131 508.091
7.45705 578.991
7.46278 631.068
7.46852 733.477
7.47426 831.737
7.47999 877.644
7.48573 851.282
7.49146 745.968
7.4972 639.5
7.50294 539.318
7.50867 453.211
7.51441 382.235
7.52015 339.89
7.52588 303.538
7.53162 274.76
7.53735 256.152
7.54309 236.66
7.54883 222.227
7.55456 207.445
7.5603 201.656
7.56604 193.748
7.57177 188.792
7.57751 181.913
7.58324 177.99
7.58898 174.771
7.59472 168.205
7.60045 166.45
7.60619 165.073
7.61192 161.202
7.61766 163.75
7.6234 157.406
7.62913 158.5
7.63487 159.471
7.64061 158.108
7.64634 156.13
7.65208 155.589
7.65781 152.874
7.66355 153.653
7.66929 153.754
7.67502 153.629
7.68076 156.764
7.6865 154.445
7.69223 158.557
7.69797 167.339
7.7037 165.228
7.70944 197.187
7.71518 352.512
7.72091 668.527
7.72665 1029.91
7.73238 2114.43
7.73812 509.369
7.74386 239.449
7.74959 257.703
7.75533 224.302
7.76107 217.91
7.7668 220.456
7.77254 230.023
7.77827 250.967
7.78401 275.505
7.78975 296.052
7.79548 342.359
7.80122 389.026
7.80696 424.523
7.81269 445.594
7.81843 425.169
7.82416 385.589
7.8299 331.314
7.83564 275.094
7.84137 239.59
7.84711 212.218
7.85284 187.145
7.85858 172.362
7.86432 162.845
7.87005 154.23
7.87579 148.336
7.88153 145.426
7.88726 139.019
7.893 136.615
7.89873 130.516
7.90447 129.167
7.91021 126.241
7.91594 125.405
7.92168 123.65
7.92742 120.642
7.93315 120.912
7.93889 121.079
7.94462 120.088
7.95036 116.686
7.9561 113.871
7.96183 115.476
7.96757 112.514
7.9733 109.818
7.97904 113.062
7.98478 115.196
7.99051 114.84
7.99625 111.662
8.00199 107.516
8.00772 106.238
8.01346 107.029
8.01919 107.038
8.02493 108.277
8.03067 110.168
8.0364 107.235
8.04214 106.165
8.04788 104.874
8.05361 104.46
8.05935 105.316
8.06508 106.288
8.07082 101.718
8.07656 99.6861
8.08229 102.484
8.08803 103.586
8.09376 95.2238
8.0995 90.6212
8.10524 86.2358
8.11097 83.4425
8.11671 74.1232
8.12245 70
8.12818 65.3874
8.13392 64.3106
8.13965 57.0365
8.14539 52.6048
8.15113 48.036
8.15686 23.9343
8.1626 29.1235
8.16834 25.1864
8.17407 23.8421
8.17981 1.84211
8.18554 0
8.19128 0
8.19702 0
8.20275 0
8.20849 0
8.21422 0
8.21996 0
8.2257 0
8.23143 0
8.23717 0
8.24291 0
8.24864 0
8.25438 0
8.26011 0
8.26585 0
8.27159 0
8.27732 0
8.28306 0
8.2888 0
8.29453 0
8.30027 0
8.306 0
8.31174 0
8.31748 0
8.32321 0
8.32895 0
8.33468 0
8.34042 0
8.34616 0
8.35189 0
8.35763 0
8.36337 0
8.3691 0
8.37484 0
8.38057 0
8.38631 0
8.39205 0
8.39778 0
8.40352 0
8.40926 0
8.41499 0
8.42073 0
8.42646 0
8.4322 0
8.43794 0
8.44367 0
8.44941 0
8.45514 0
8.46088 0
8.46662 0
8.47235 0
8.47809 0
8.48383 0
8.48956 0
8.4953 0
8.50103 0
8.50677 0
8.51251 0
8.51824 0
8.52398 0
8.52972 0
8.53545 0
8.54119 0
8.54692 0
8.55266 0
8.5584 0
8.56413 0
8.56987 0
8.5756 0
8.58134 0
8.58708 0
8.59281 0
8.59855 0
8.60429 0
8.61002 0
8.61576 0
8.62149 0
8.62723 0
8.63297 0
8.6387 0
8.64444 0
8.65018 0
8.65591 0
8.66165 0
8.66738 0
8.67312 0
8.67886 0
8.68459 0
8.69033 0
8.69606 0
8.7018 0
8.70754 0
8.71327 0
8.71901 0
8.72475 0
8.73048 0
8.73622 0
8.74195 0
8.74769 0
8.75343 0
8.75916 0
8.7649 0
8.77064 0
8.77637 0
8.78211 0
8.78784 0
8.79358 0
8.79932 0
8.80505 0
8.81079 0
8.81652 0
8.82226 0
8.828 0
8.83373 0
8.83947 0
8.84521 0
8.85094 0
8.85668 0
8.86241 0
8.86815 0
8.87389 0
8.87962 0
8.88536 0
8.8911 0
8.89683 0
8.90257 0
8.9083 0
8.91404 0
8.91978 0
8.92551 0
8.93125 0
8.93698 0
8.94272 0
8.94846 0
8.95419 0
8.95993 0
8.96567 0
8.9714 0
8.97714 0
8.98287 0
8.98861 0
8.99435 0
9.00008 0
9.00582 0
9.01156 0
9.01729 0
9.02303 0
9.02876 0
9.0345 0
9.04024 0
9.04597 0
9.05171 0
9.05744 0
9.06318 0
9.06892 0
9.07465 0
9.08039 0
9.08613 0
9.09186 0
9.0976 0
9.10333 0
9.10907 0
9.11481 0
9.12054 0
9.12628 0
9.13202 0
9.13775 0
9.14349 0
9.14922 0
9.15496 0
9.1607 0
9.16643 0
9.17217 0
9.1779 0
9.18364 0
9.18938 0
9.19511 0
9.20085 0
9.20659 0
9.21232 0
9.21806 0
9.22379 0
9.22953 0
9.23527 0
9.241 0
9.24674 0
9.25248 0
9.25821 0
9.26395 0
9.26968 0
9.27542 0
9.28116 0
9.28689 0
9.29263 0
9.29836 0
9.3041 0
9.30984 0
9.31557 0
9.32131 0
9.32705 0
9.33278 0
9.33852 0
9.34425 0
9.34999 0
9.35573 0
9.36146 0
9.3672 0
9.37294 0
9.37867 0
9.38441 0
9.39014 0
9.39588 0
9.40162 0
9.40735 0
9.41309 0
9.41882 0
9.42456 0
9.4303 0
9.43603 0
9.44177 0
9.44751 0
9.45324 0
9.45898 0
9.46471 0
9.47045 0
9.47619 0
9.48192 0
9.48766 0
9.4934 0
9.49913 0
9.50487 0
9.5106 0
9.51634 0
9.52208 0
9.52781 0
9.53355 0
9.53928 0
9.54502 0
9.55076 0
9.55649 0
9.56223 0
9.56797 0
9.5737 0
9.57944 0
9.58517 0
9.59091 0
9.59665 0
9.60238 0
9.60812 0
9.61386 0
9.61959 0
9.62533 0
9.63106 0
9.6368 0
9.64254 0
9.64827 0
9.65401 0
9.65974 0
9.66548 0
9.67122 0
9.67695 0
9.68269 0
9.68843 0
9.69416 0
9.6999 0
9.70563 0
9.71137 0
9.71711 0
9.72284 0
9.72858 0
9.73432 0
9.74005 0
9.74579 0
9.75152 0
9.75726 0
9.763 0
9.76873 0
9.77447 0
9.7802 0
9.78594 0
9.79168 0
9.79741 0
9.80315 0
9.80889 0
9.81462 0
9.82036 0
9.82609 0
9.83183 0
9.83757 0
9.8433 0
9.84904 0
9.85478 0
9.86051 0
9.86625 0
9.87198 0
9.87772 0
9.88346 0
9.88919 0
9.89493 0
9.90066 0
9.9064 0
9.91214 0
9.91787 0
9.92361 0
9.92935 0
9.93508 0
9.94082 0
9.94655 0
9.95229 0
9.95803 0
9.96376 0
9.9695 0
9.97524 0
9.98097 0
9.98671 0
9.99244 0
9.99818 0
10.0039 0
10.0097 0
10.0154 0
10.0211 0
10.0269 0
10.0326 0
10.0383 0
10.0441 0
10.0498 0
10.0555 0
10.0613 0
10.067 0
10.0728 0
10.0785 0
10.0842 0
10.09 0
10.0957 0
10.1014 0
10.1072 0
10.1129 0
10.1186 0
10.1244 0
10.1301 0
10.1358 0
10.1416 0
10.1473 0
10.1531 0
10.1588 0
10.1645 0
10.1703 0
10.176 0
10.1817 0
10.1875 0
10.1932 0
10.1989 0
10.2047 0
10.2104 0
10.2162 0
10.2219 0
10.2276 0
10.2334 0
10.2391 0
10.2448 0
10.2506 0
10.2563 0
10.262 0
10.2678 0
10.2735 0
10.2793 0
10.285 0
10.2907 0
10.2965 0
10.3022 0
10.3079 0
10.3137 0
10.3194 0
10.3251 0
10.3309 0
10.3366 0
10.3424 0
10.3481 0
10.3538 0
10.3596 0
10.3653 0
10.371 0
10.3768 0
10.3825 0
10.3882 0
10.394 0
10.3997 0
10.4054 0
10.4112 0
10.4169 0
10.4227 0
10.4284 0
10.4341 0
10.4399 0
10.4456 0
10.4513 0
10.4571 0
10.4628 0
10.4685 0
10.4743 0
10.48 0
10.4858 0
10.4915 0
10.4972 0
10.503 0
10.5087 0
10.5144 0
10.5202 0
10.5259 0
10.5316 0
10.5374 0
10.5431 0
10.5489 0
10.5546 0
10.5603 0
10.5661 0
10.5718 0
10.5775 0
10.5833 0
10.589 0
10.5947 0
10.6005 0
10.6062 0
10.612 0
10.6177 0
10.6234 0
10.6292 0
10.6349 0
10.6406 0
10.6464 0
10.6521 0
10.6578 0
10.6636 0
10.6693 0
10.6751 0
10.6808 0
10.6865 0
10.6923 0
10.698 0
10.7037 0
10.7095 0
10.7152 0
10.7209 0
10.7267 0
10.7324 0
10.7381 0
10.7439 0
10.7496 0
10.7554 0
10.7611 0
10.7668 0
10.7726 0
10.7783 0
10.784 0
10.7898 0
10.7955 0
10.8012 0
10.807 0
10.8127 0
10.8185 0
10.8242 0
10.8299 0
10.8357 0
10.8414 0
10.8471 0
10.8529 0
10.8586 0
10.8643 0
10.8701 0
10.8758 0
10.8816 0
10.8873 0
10.893 0
10.8988 0
10.9045 0
10.9102 0
10.916 0
10.9217 0
10.9274 0
10.9332 0
10.9389 0
10.9447 0
10.9504 0
10.9561 0
10.9619 0
10.9676 0
10.9733 0
10.9791 0
10.9848 0
10.9905 0
10.9963 0
11.002 0
11.0077 0
11.0135 0
11.0192 0
11.025 0
11.0307 0
11.0364 0
11.0422 0
11.0479 0
11.0536 0
11.0594 0
11.0651 0
11.0708 0
11.0766 0
11.0823 0
11.0881 0
11.0938 0
11.0995 0
11.1053 0
11.111 0
11.1167 0
11.1225 0
11.1282 0
11.1339 0
11.1397 0
11.1454 0
11.1512 0
11.1569 0
11.1626 0
11.1684 0
11.1741 0
11.1798 0
11.1856 0
11.1913 0
11.197 0
11.2028 0
11.2085 0
11.2143 0
11.22 0
11.2257 0
11.2315 0
11.2372 0
11.2429 0
11.2487 0
11.2544 0
11.2601 0
11.2659 0
11.2716 0
11.2774 0
11.2831 0
11.2888 0
11.2946 0
11.3003 0
11.306 0
11.3118 0
11.3175 0
11.3232 0
11.329 0
11.3347 0
11.3404 0
11.3462 0
11.3519 0
11.3577 0
11.3634 0
11.3691 0
11.3749 0
11.3806 0
11.3863 0
11.3921 0
11.3978 0
11.4035 0
11.4093 0
11.415 0
11.4208 0
11.4265 0
11.4322 0
11.438 0
11.4437 0
11.4494 0
11.4552 0
11.4609 0
11.4666 0
11.4724 0
11.4781 0
11.4839 0
11.4896 0
11.4953 0
11.5011 0
11.5068 0
11.5125 0
11.5183 0
11.524 0
11.5297 0
11.5355 0
11.5412 0
11.547 0
11.5527 0
11.5584 0
11.5642 0
11.5699 0
11.5756 0
11.5814 0
11.5871 0
11.5928 0
11.5986 0
11.6043 0
11.61 0
11.6158 0
11.6215 0
11.6273 0
11.633 0
11.6387 0
11.6445 0
11.6502 0
11.6559 0
11.6617 0
11.6674 0
11.6731 0
11.6789 0
11.6846 0
11.6904 0
11.6961 0
11.7018 0
11.7076 0
11.7133 0
11.719 0
11.7248 0
11.7305 0
11.7362 0
11.742 0
