0 0
0.00573619 19
0.0114724 22
0.0172086 0
0.0229448 5
0.028681 -15
0.0344171 0
0.0401533 4
0.0458895 -15
0.0516257 20
0.0573619 0
0.0630981 -10
0.0688343 11
0.0745705 0
0.0803067 1
0.0860429 -3
0.091779 0
0.0975152 6.33333
0.103251 4.66667
0.108988 4.33333
0.114724 0
0.12046 -11
0.126196 -12.3333
0.131932 0
0.137669 11
0.143405 9
0.149141 1
0.154877 -1.5
0.160613 2
0.16635 -9.66667
0.172086 0
0.177822 3
0.183558 -4.75
0.189294 0
0.19503 -1.4
0.200767 -2.2
0.206503 -6.66667
0.212239 13
0.217975 11
0.223711 1.6
0.229448 0
0.235184 -1.2
0.24092 2.8
0.246656 0
0.252392 9.4
0.258129 -11.2
0.263865 -3
0.269601 0
0.275337 0.2
0.281073 -3.14286
0.28681 0
0.292546 -3.28571
0.298282 1.14286
0.304018 -6.66667
0.309754 8.75
0.31549 6.71429
0.321227 1.42857
0.326963 0
0.332699 5.71429
0.338435 -1.14286
0.344171 0
0.349908 7.85714
0.355644 -6.71429
0.36138 0.4
0.367116 24
0.372852 2
0.378589 -1
0.384325 7.5
0.390061 -6.55556
0.395797 1.77778
0.401533 0
0.40727 -1.44444
0.413006 4.77778
0.418742 8.71429
0.424478 21
0.430214 11.1111
0.43595 3.55556
0.441687 0
0.447423 -2.55556
0.453159 10.1111
0.458895 3
0.464631 12
0.470368 8.90909
0.476104 7.55556
0.48184 3.5
0.487576 8.81818
0.493312 9.63636
0.499049 0
0.504785 5.54545
0.510521 15.2727
0.516257 14.4
0.521993 8.66667
0.52773 2.90909
0.533466 10.1111
0.539202 19.5
0.544938 13.0909
0.550674 11.9091
0.55641 0
0.562147 14.5
0.567883 10.3846
0.573619 14.2857
0.579355 21
0.585091 3.30769
0.590828 9.54545
0.596564 15.5
0.6023 4.92308
0.608036 6.84615
0.613772 6.8
0.619509 6.125
0.625245 15.7692
0.630981 16.7778
0.636717 16
0.642453 11.1538
0.64819 16.1538
0.653926 19
0.659662 15.4
0.665398 10.0667
0.671134 24.7143
0.67687 18
0.682607 14.2667
0.688343 13.5455
0.694079 17.5
0.699815 10.7333
0.705551 26.5333
0.711288 28
0.717024 10
0.72276 16.2
0.728496 13
0.734232 7
0.739969 7.4375
0.745705 14.4615
0.751441 13.6667
0.757177 10.3529
0.762913 16.4706
0.76865 9.2
0.774386 14.3333
0.780122 17.9412
0.785858 11.6364
0.791594 12.8333
0.79733 18.1176
0.803067 14.4667
0.808803 -6
0.814539 14.5882
0.820275 12.2941
0.826011 16.5556
0.831748 17.125
0.837484 17.7778
0.84322 12.3077
0.848956 12.6667
0.854692 10.3158
0.860429 15.5294
0.866165 17
0.871901 16.375
0.877637 6.57895
0.883373 10.9091
0.88911 13.625
0.894846 16.3684
0.900582 11.6667
0.906318 18
0.912054 11.2632
0.91779 25.4706
0.923527 23.2222
0.929263 15.7692
0.934999 17.65
0.940735 15.6923
0.946471 15.625
0.952208 17.2381
0.957944 9.11765
0.96368 16
0.969416 15.5238
0.975152 18.2105
0.980889 10.3636
0.986625 16.9167
0.992361 11.4762
0.998097 7.6
1.00383 15.8333
1.00957 13.1429
1.01531 15.6471
1.02104 9.5
1.02678 14.9412
1.03251 14.6667
1.03825 21.8462
1.04399 13.5833
1.04972 14.3043
1.05546 10.7647
1.0612 5.33333
1.06693 10.6087
1.07267 13.4737
1.0784 26.3846
1.08414 6.14286
1.08988 16.3043
1.09561 10.7333
1.10135 6.875
1.10708 13
1.11282 10
1.11856 12
1.12429 7.79167
1.13003 14.0476
1.13577 19.2667
1.1415 17.9286
1.14724 15.68
1.15297 19.7333
1.15871 5.3
1.16445 12.6
1.17018 5.31579
1.17592 13.5385
1.18166 8.5
1.18739 8.82609
1.19313 19.1333
1.19886 20.25
1.2046 18.64
1.21034 15.6111
1.21607 17.7778
1.22181 14.3333
1.22754 9.57143
1.23328 12.1176
1.23902 21.75
1.24475 8.44
1.25049 15.2941
1.25623 15.5
1.26196 13.5926
1.2677 19.2632
1.27343 8.76923
1.27917 13.7727
1.28491 13.3478
1.29064 12.6471
1.29638 16.0667
1.30212 15.8889
1.30785 17.1667
1.31359 14.6364
1.31932 16.2414
1.32506 11.3333
1.3308 10.9412
1.33653 12.5
1.34227 11.56
1.348 13.9474
1.35374 19.4286
1.35948 14.4074
1.36521 12.381
1.37095 13.8
1.37669 11.8966
1.38242 16.5217
1.38816 19.7647
1.39389 13.9474
1.39963 15.1111
1.40537 14
1.4111 20.2857
1.41684 17.7931
1.42258 11.6522
1.42831 14
1.43405 10.125
1.43978 13.36
1.44552 13.5238
1.45126 7.5625
1.45699 9.7931
1.46273 16.7143
1.46846 15.8333
1.4742 11.3548
1.47994 11.2174
1.48567 10.05
1.49141 14.9524
1.49715 13.2222
1.50288 11
1.50862 10.5
1.51435 14.6897
1.52009 14.16
1.52583 7
1.53156 15.8
1.5373 12.92
1.54304 9.71429
1.54877 16.4
1.55451 14.931
1.56024 12.8696
1.56598 9.64286
1.57172 15.5161
1.57745 11.3462
1.58319 9.85
1.58892 13.04
1.59466 10.4444
1.6004 21.24
1.60613 15.2778
1.61187 14.5484
1.61761 11.76
1.62334 14
1.62908 9.15152
1.63481 8.48148
1.64055 21.8696
1.64629 11.2273
1.65202 17.2069
1.65776 14.64
1.6635 9.75
1.66923 11.9355
1.67497 18.1071
1.6807 9.35
1.68644 12
1.69218 14.3929
1.69791 15.44
1.70365 11.4091
1.70938 13.0968
1.71512 13.2963
1.72086 10.625
1.72659 10.5455
1.73233 12.6552
1.73807 12.0435
1.7438 11.4615
1.74954 13.3793
1.75527 2
1.76101 17.8947
1.76675 6.60606
1.77248 13.5357
1.77822 12.15
1.78396 12
1.78969 12.2258
1.79543 15.4815
1.80116 15
1.8069 11.0323
1.81264 8.51724
1.81837 17.7778
1.82411 12.6571
1.82984 11.1379
1.83558 16.56
1.84132 12.0769
1.84705 18.4839
1.85279 13.7143
1.85853 11.7391
1.86426 13.3636
1.87 20.1667
1.87573 10.6471
1.88147 18.4
1.88721 16.1818
1.89294 11.7037
1.89868 12.6154
1.90442 8.0303
1.91015 17.4839
1.91589 20.35
1.92162 10.2857
1.92736 19.2258
1.9331 12.04
1.93883 18.2857
1.94457 18.1818
1.9503 18.1
1.95604 20.25
1.96178 12.7353
1.96751 9.90625
1.97325 9.3
1.97899 9.2973
1.98472 15.4545
1.99046 12.6897
1.99619 13.0385
2.00193 15.5714
2.00767 9.90323
2.0134 18.9583
2.01914 15.6286
2.02488 15.0606
2.03061 16.08
2.03635 12.9688
2.04208 13.2353
2.04782 14.875
2.05356 15.1667
2.05929 14.9167
2.06503 16.3824
2.07076 20.0455
2.0765 7.62162
2.08224 12.9714
2.08797 21.9655
2.09371 17.6786
2.09945 14.1351
2.10518 13.8182
2.11092 11.7083
2.11665 18.2432
2.12239 17.4286
2.12813 14.9565
2.13386 12.5405
2.1396 7.97222
2.14534 14.5625
2.15107 15.5385
2.15681 15.3684
2.16254 16.6389
2.16828 15.8182
2.17402 15.8462
2.17975 15.1081
2.18549 13.8065
2.19122 16.6
2.19696 14.973
2.2027 14.2571
2.20843 13.7083
2.21417 36.3846
2.21991 25.8919
2.22564 17.5455
2.23138 17.575
2.23711 14.6579
2.24285 14.6765
2.24859 12.5357
2.25432 14.7368
2.26006 16.5128
2.2658 7.54545
2.27153 19.9756
2.27727 16
2.283 13.2258
2.28874 19.0625
2.29448 13.5641
2.30021 13.973
2.30595 13.2692
2.31168 15.1026
2.31742 13.75
2.32316 17.4545
2.32889 17.381
2.33463 10.95
2.34037 18.8889
2.3461 17.5714
2.35184 16.381
2.35757 18.1351
2.36331 13.2692
2.36905 16.9268
2.37478 15.0244
2.38052 20.5806
2.38626 19.5294
2.39199 19.1395
2.39773 13.973
2.40346 12.0385
2.4092 19.7273
2.41494 10.85
2.42067 17.2727
2.42641 10.4091
2.43214 17.8333
2.43788 17.0286
2.44362 16.4839
2.44935 15.1556
2.45509 13.1795
2.46083 9.46154
2.46656 12.9111
2.4723 16.4634
2.47803 13.2414
2.48377 18.225
2.48951 19.0465
2.49524 15.3333
2.50098 14.4615
2.50672 14.9783
2.51245 15.3333
2.51819 13.25
2.52392 16.913
2.52966 16.7045
2.5354 16.1212
2.54113 17.2857
2.54687 14.5778
2.5526 16.4878
2.55834 18.3462
2.56408 18.5745
2.56981 20.8837
2.57555 13
2.58129 12.5714
2.58702 14.4889
2.59276 14.0541
2.59849 13.6364
2.60423 17.8478
2.60997 19.7727
2.6157 13.9167
2.62144 22.8333
2.62718 15.8261
2.63291 11.1714
2.63865 14.0556
2.64438 13.0851
2.65012 14.2195
2.65586 12.0333
2.66159 14.8723
2.66733 18.6222
2.67306 19.4
2.6788 16.9167
2.68454 18.8125
2.69027 15.7436
2.69601 19.3636
2.70175 17.7292
2.70748 17.1778
2.71322 19.1481
2.71895 17.0208
2.72469 14.0833
2.73043 14.8286
2.73616 14.8158
2.7419 20.4694
2.74764 15.3721
2.75337 14.4667
2.75911 21.1837
2.76484 18.4694
2.77058 15.9583
2.77632 15.6327
2.78205 15.66
2.78779 13.3077
2.79352 12.6286
2.79926 13.6154
2.805 16.0889
2.81073 20.8889
2.81647 22.4231
2.82221 19.2653
2.82794 18.9459
2.83368 15.1842
2.83941 18.1698
2.84515 15.9268
2.85089 14.4688
2.85662 16.9057
2.86236 16.4286
2.8681 14.4583
2.87383 16.1667
2.87957 20.46
2.8853 14.2195
2.89104 16.1351
2.89678 13.9808
2.90251 17.4
2.90825 13.4828
2.91398 20.4259
2.91972 13.4706
2.92546 16.4054
2.93119 18.6429
2.93693 16.434
2.94267 16.1778
2.9484 15.75
2.95414 19.1509
2.95987 17.8776
2.96561 16.7037
2.97135 16.4643
2.97708 19.3333
2.98282 19.0256
2.98856 10.3846
2.99429 18.5556
3.00003 21.7021
3.00576 24.1935
3.0115 17.2
3.01724 22.0377
3.02297 20.5676
3.02871 23.2273
3.03444 21.4364
3.04018 20.3556
3.04592 24.1176
3.05165 17.7091
3.05739 19.4118
3.06313 28.4828
3.06886 22.1964
3.0746 19.7818
3.08033 24.4773
3.08607 17.7027
3.09181 24.5893
3.09754 24.9184
3.10328 24
3.10902 26.7458
3.11475 23.8302
3.12049 26.1538
3.12622 18.587
3.13196 25.6909
3.1377 25.9149
3.14343 25.4444
3.14917 21.8966
3.1549 31.451
3.16064 28.8621
3.16638 22.0167
3.17211 24.5818
3.17785 24.7727
3.18359 24.1463
3.18932 25.0862
3.19506 25.5714
3.20079 20.6765
3.20653 23.3051
3.21227 27.6415
3.218 25.9024
3.22374 21.3333
3.22948 24.6949
3.23521 27.4667
3.24095 23.1026
3.24668 27.8833
3.25242 29.8113
3.25816 25.9118
3.26389 25.9474
3.26963 26.1754
3.27536 29.3696
3.2811 28.5366
3.28684 32.3667
3.29257 28.0204
3.29831 27.8611
3.30405 29.6984
3.30978 28.0182
3.31552 29.2558
3.32125 27.8542
3.32699 34.193
3.33273 32.3922
3.33846 30.2564
3.3442 33.1613
3.34994 34.098
3.35567 35.5263
3.36141 33.9322
3.36714 38.0702
3.37288 34.1042
3.37862 32.6977
3.38435 33.8033
3.39009 40.6226
3.39582 56.1111
3.40156 39.8254
3.4073 36.2545
3.41303 37.4894
3.41877 39.25
3.42451 39.9508
3.43024 38.12
3.43598 29.2683
3.44171 37.4762
3.44745 32.5179
3.45319 32.1667
3.45892 35.7818
3.46466 38.0678
3.4704 36.02
3.47613 40.907
3.48187 35.7302
3.4876 31.1509
3.49334 34.3421
3.49908 38.0597
3.50481 35.8421
3.51055 34.9149
3.51628 36.8431
3.52202 34.5246
3.52776 37.3704
3.53349 42.7317
3.53923 46.5385
3.54497 50.6111
3.5507 60
3.55644 50.4
3.56217 46.4746
3.56791 43.7692
3.57365 43.3261
3.57938 44.1385
3.58512 42.1091
3.59086 42.7632
3.59659 44.5672
3.60233 40.322
3.60806 46.4314
3.6138 40.0408
3.61954 44.3651
3.62527 48.3929
3.63101 44.3415
3.63674 47.194
3.64248 54.7069
3.64822 56.7917
3.65395 55.0526
3.65969 60.5902
3.66543 60.0556
3.67116 53.5435
3.6769 54.254
3.68263 58.6885
3.68837 57.6842
3.69411 56.9275
3.69984 53.7288
3.70558 52.6852
3.71132 52.1961
3.71705 50.7846
3.72279 58
3.72852 55.3488
3.73426 55.1493
3.74 62.4194
3.74573 61.44
3.75147 58.1273
3.7572 63.0635
3.76294 65.678
3.76868 62.5
3.77441 65.4776
3.78015 65.678
3.78589 66.0638
3.79162 65.6719
3.79736 76.8281
3.80309 77.6429
3.80883 79.6863
3.81457 85.5538
3.8203 90
3.82604 92.4186
3.83178 107.826
3.83751 119.5
3.84325 141.982
3.84898 195.774
3.85472 192.111
3.86046 260.131
3.86619 281.5
3.87193 372.783
3.87766 530.459
3.8834 721.451
3.88914 905.45
3.89487 1062.26
3.90061 939.4
3.90635 754.02
3.91208 561.746
3.91782 410.891
3.92355 305
3.92929 249.099
3.93503 198.031
3.94076 162.397
3.9465 144.63
3.95224 132.194
3.95797 113.825
3.96371 102.13
3.96944 96.831
3.97518 90.9365
3.98092 90.3393
3.98665 80.5862
3.99239 83.2647
3.99812 80.6129
4.00386 76.9796
4.0096 75.5507
4.01533 78.1719
4.02107 80.96
4.02681 72.5152
4.03254 74.0606
4.03828 74.1667
4.04401 72.3077
4.04975 73.338
4.05549 71.5231
4.06122 67.8913
4.06696 62.3768
4.0727 68.0143
4.07843 64.9333
4.08417 60.9286
4.0899 66.0735
4.09564 70.1562
4.10138 66.26
4.10711 62.8194
4.11285 66.803
4.11858 67.75
4.12432 65.7097
4.13006 62.9118
4.13579 61.3492
4.14153 62.5192
4.14727 66.0137
4.153 70.7612
4.15874 66.4318
4.16447 67.9589
4.17021 65.3194
4.17595 66.7258
4.18168 67.1607
4.18742 64.9857
4.19316 66.7879
4.19889 69.1
4.20463 70.027
4.21036 67.8235
4.2161 74.2
4.22184 68.6724
4.22757 67.6111
4.23331 66
4.23904 62.78
4.24478 66.6667
4.25052 65.7246
4.25625 61.8929
4.26199 67.6094
4.26773 66.6111
4.27346 69.0455
4.2792 63.7857
4.28493 68.1111
4.29067 66.0143
4.29641 71.4583
4.30214 65.4474
4.30788 69.2857
4.31362 73.6875
4.31935 73.6964
4.32509 70.2027
4.33082 73.7246
4.33656 72.62
4.3423 70.4933
4.34803 71.5541
4.35377 77.0323
4.3595 75.5667
4.36524 76.2432
4.37098 82.7286
4.37671 80.6667
4.38245 84.973
4.38819 85.9583
4.39392 92.3333
4.39966 90.2029
4.40539 92.4722
4.41113 101.721
4.41687 106.13
4.4226 109.065
4.42834 139.726
4.43408 209.271
4.43981 342.623
4.44555 842.171
4.45128 724.585
4.45702 1037.81
4.46276 384.421
4.46849 184.653
4.47423 213.259
4.47996 192.368
4.4857 198.149
4.49144 211.8
4.49717 220.905
4.50291 227.25
4.50865 228.986
4.51438 208.558
4.52012 189.608
4.52585 167.867
4.53159 149.93
4.53733 131.577
4.54306 110.925
4.5488 103.881
4.55454 99.8596
4.56027 88.175
4.56601 85.6487
4.57174 78.6154
4.57748 72.5897
4.58322 73.2949
4.58895 68.1493
4.59469 65.8689
4.60042 60.2051
4.60616 57.2533
4.6119 62.26
4.61763 62.012
4.62337 59.8718
4.62911 61.5079
4.63484 60.8923
4.64058 55.3171
4.64631 56.2083
4.65205 56.6429
4.65779 51.0875
4.66352 55.9744
4.66926 51.459
4.675 48.0423
4.68073 50
4.68647 48.5205
4.6922 50.386
4.69794 51.85
4.70368 52.3247
4.70941 49.1
4.71515 51.8941
4.72088 49.6625
4.72662 50.6957
4.73236 51.7302
4.73809 52.622
4.74383 53.8846
4.74957 57.4423
4.7553 52.0714
4.76104 52.9375
4.76677 48.1493
4.77251 51.1385
4.77825 46.5732
4.78398 43.7867
4.78972 47.6727
4.79546 39.3412
4.80119 42.9494
4.80693 40.3385
4.81266 41.8451
4.8184 43.0357
4.82414 42.6849
4.82987 38.0984
4.83561 43.2143
4.84134 44.3625
4.84708 43.8868
4.85282 50.4824
4.85855 46.6707
4.86429 44.5634
4.87003 43.5246
4.87576 43.2209
4.8815 42.6923
4.88723 43.4259
4.89297 42.5647
4.89871 40.869
4.90444 40.0282
4.91018 41.3881
4.91592 39
4.92165 40.3165
4.92739 39.6667
4.93312 40.9302
4.93886 39.5952
4.9446 40.1493
4.95033 40.2676
4.95607 38.9302
4.9618 38.3247
4.96754 38.5763
4.97328 38.5814
4.97901 42.5301
4.98475 36.0656
4.99049 38.5641
4.99622 39.8068
5.00196 38.8219
5.00769 33.127
5.01343 38.4659
5.01917 41.1084
5.0249 37.8868
5.03064 39.2667
5.03638 36.3953
5.04211 38.24
5.04785 38.2769
5.05358 38.7326
5.05932 40.284
5.06506 36.3509
5.07079 40.125
5.07653 37.6437
5.08226 35.493
5.088 35.3521
5.09374 37.0889
5.09947 38.7532
5.10521 35.0476
5.11095 35.6
5.11668 33.0941
5.12242 34.1212
5.12815 38.0649
5.13389 36.6444
5.13963 36.7792
5.14536 35.7705
5.1511 37.9783
5.15684 37.5542
5.16257 40.1774
5.16831 37.1071
5.17404 39.1011
5.17978 40.5513
5.18552 34.5821
5.19125 38.8778
5.19699 33.9759
5.20272 35.661
5.20846 37.0761
5.2142 38.1798
5.21993 39.2895
5.22567 35.5797
5.23141 36.7609
5.23714 38.8889
5.24288 39.8525
5.24861 35.9022
5.25435 35.9888
5.26009 33.6714
5.26582 33.2368
5.27156 33.8462
5.2773 40.025
5.28303 41.1692
5.28877 37.8617
5.2945 35.5747
5.30024 35.6806
5.30598 36.1519
5.31171 34.1461
5.31745 39.2805
5.32318 38.9077
5.32892 38.117
5.33466 37.7816
5.34039 37.2879
5.34613 38.2706
5.35187 37.8132
5.3576 41.1728
5.36334 34.2687
5.36907 39.125
5.37481 34.5412
5.38055 38.6885
5.38628 37.6875
5.39202 37.011
5.39776 43.775
5.40349 37.3239
5.40923 41.9375
5.41496 40.0247
5.4207 35.3968
5.42644 39.102
5.43217 37.4719
5.43791 36.2051
5.44364 36.6027
5.44938 36.5979
5.45512 40
5.46085 37.6119
5.46659 37.8265
5.47233 37.764
5.47806 40.2895
5.4838 35.1728
5.48953 40.2043
5.49527 36.0714
5.50101 36.0746
5.50674 35.1429
5.51248 36.4831
5.51822 39.8784
5.52395 39
5.52969 40.2258
5.53542 39.2143
5.54116 34.1176
5.5469 35.8586
5.55263 36.0667
5.55837 35.9444
5.5641 37.809
5.56984 40.0968
5.57558 41.2262
5.58131 35.2055
5.58705 37.0909
5.59279 38.125
5.59852 36.9206
5.60426 37.83
5.60999 38.9785
5.61573 39.2927
5.62147 41.4533
5.6272 38.3814
5.63294 40.4651
5.63868 39.4478
5.64441 39.3627
5.65015 36.1613
5.65588 38.5357
5.66162 36.8052
5.66736 35.2424
5.67309 39.4535
5.67883 40.2029
5.68456 38.198
5.6903 36.4444
5.69604 39.8049
5.70177 41.747
5.70751 39.2632
5.71325 40.8977
5.71898 42.9437
5.72472 39.4545
5.73045 40.3548
5.73619 39.775
5.74193 39.8427
5.74766 41.6947
5.7534 38.4886
5.75914 41.5915
5.76487 40.198
5.77061 39.5106
5.77634 43.3974
5.78208 40.2809
5.78782 41.7216
5.79355 42.6512
5.79929 40.6
5.80502 42.6436
5.81076 43.6957
5.8165 45.1892
5.82223 44.3542
5.82797 41.8776
5.83371 45.7674
5.83944 43.519
5.84518 44.7273
5.85091 47.75
5.85665 47.3692
5.86239 43.5048
5.86812 42.7755
5.87386 46.1279
5.8796 42.6456
5.88533 45.7525
5.89107 44.9783
5.8968 42.2029
5.90254 44.1238
5.90828 45.3878
5.91401 48.5233
5.91975 46.1325
5.92548 44.0303
5.93122 42.9574
5.93696 45.4931
5.94269 42.3429
5.94843 47.3125
5.95417 51.3182
5.9599 47.6706
5.96564 49.7576
5.97137 50.0319
5.97711 49.9863
5.98285 54
5.98858 50.3265
5.99432 48.1786
6.00006 48.2809
6.00579 51.1111
6.01153 50.7128
6.01726 51.5467
6.023 49.3048
6.02874 54.3854
6.03447 54.1477
6.04021 52.5222
6.04594 51.1327
6.05168 54.3229
6.05742 52.5455
6.06315 53.6476
6.06889 53.4375
6.07463 51.6786
6.08036 53.3404
6.0861 53.7143
6.09183 53.5417
6.09757 56.2308
6.10331 54.434
6.10904 56.0417
6.11478 55.1279
6.12052 58.8646
6.12625 58.44
6.13199 56.7766
6.13772 60.8537
6.14346 57.7255
6.1492 61.48
6.15493 61.05
6.16067 58.3529
6.1664 60.2143
6.17214 64.1809
6.17788 64.25
6.18361 61.7745
6.18935 64.5859
6.19509 69.9467
6.20082 67.211
6.20656 67.5098
6.21229 73.5729
6.21803 70.0732
6.22377 70.8679
6.2295 75.94
6.23524 80.2267
6.24098 77.1193
6.24671 80.5686
6.25245 86.9787
6.25818 96.5814
6.26392 92.6961
6.26966 130.402
6.27539 297.507
6.28113 128.807
6.28686 1166.41
6.2926 3678.06
6.29834 430.784
6.30407 682.769
6.30981 533.922
6.31555 351.141
6.32128 138.639
6.32702 146.567
6.33275 129.312
6.33849 121.852
6.34423 117.683
6.34996 131.324
6.3557 137.808
6.36144 147.37
6.36717 165.913
6.37291 181.632
6.37864 187.867
6.38438 171.396
6.39012 163.676
6.39585 147.6
6.40159 137.769
6.40732 119.009
6.41306 110
6.4188 99.6522
6.42453 92.7453
6.43027 91.9804
6.43601 85.1585
6.44174 84.1604
6.44748 85.3333
6.45321 85.1809
6.45895 78.3696
6.46469 81.2952
6.47042 77.7961
6.47616 72.4048
6.4819 73.1545
6.48763 70.6019
6.49337 67.3656
6.4991 70.3474
6.50484 66.2222
6.51058 67
6.51631 64.0357
6.52205 67.2364
6.52778 65.0926
6.53352 66.5
6.53926 66.5312
6.54499 62.787
6.55073 63.8137
6.55647 63.119
6.5622 66
6.56794 62.3148
6.57367 66.172
6.57941 63.9684
6.58515 62.9286
6.59088 68.3077
6.59662 63.131
6.60236 62.9123
6.60809 62.9906
6.61383 64.7849
6.61956 61.6907
6.6253 59.3125
6.63104 62.1863
6.63677 61.9651
6.64251 61.7105
6.64824 61.4299
6.65398 62.6923
6.65972 60.2647
6.66545 59.8036
6.67119 62.6827
6.67693 61.4884
6.68266 60.0259
6.6884 62.7222
6.69413 65.6593
6.69987 63.3981
6.70561 62.4911
6.71134 63.5288
6.71708 63.3295
6.72282 61.6404
6.72855 63.4537
6.73429 64.5393
6.74002 65.934
6.74576 67.1043
6.7515 61.5728
6.75723 66
6.76297 62.3017
6.7687 62.125
6.77444 63.3933
6.78018 62.8857
6.78591 62.4569
6.79165 68.9813
6.79739 57.8506
6.80312 65.5175
6.80886 63.6875
6.81459 62.0549
6.82033 63.5333
6.82607 64.1293
6.8318 63.1619
6.83754 64.8068
6.84328 63.3162
6.84901 66.4911
6.85475 63.8462
6.86048 64.5321
6.86622 65.7414
6.87196 63.6822
6.87769 63.8391
6.88343 63.6441
6.88916 62.5965
6.8949 67.2989
6.90064 65.1858
6.90637 61.4035
6.91211 63.2897
6.91785 67.4368
6.92358 64.6281
6.92932 64.3009
6.93505 68.1573
6.94079 67.0354
6.94653 65.9138
6.95226 64.9065
6.958 63.7253
6.96374 62.725
6.96947 64.8158
6.97521 66.0549
6.98094 65.1532
6.98668 64.8793
6.99242 65.4404
6.99815 66.9663
7.00389 65.8333
7.00962 66.3793
7.01536 63.7935
7.0211 65.6091
7.02683 65.7603
7.03257 70.6822
7.03831 69.6344
7.04404 71.5082
7.04978 65.6957
7.05551 68.9681
7.06125 64.8165
7.06699 68.8607
7.07272 66.2385
7.07846 70.2809
7.0842 72.0164
7.08993 69.069
7.09567 70.6882
7.1014 69.2832
7.10714 71.1008
7.11288 71.1009
7.11861 70.5652
7.12435 72.371
7.13008 72.6838
7.13582 71.1354
7.14156 69.4865
7.14729 68.6917
7.15303 70.0917
7.15877 69.8172
7.1645 68.9436
7.17024 73.6302
7.17597 78.6633
7.18171 73.2056
7.18745 76.0246
7.19318 77.2072
7.19892 75.7826
7.20466 75.4252
7.21039 76.2137
7.21613 77.3333
7.22186 74.4862
7.2276 74.3413
7.23334 74.2973
7.23907 78.7473
7.24481 75.7222
7.25054 78.4706
7.25628 81.91
7.26202 80.6757
7.26775 79.3115
7.27349 79.5405
7.27923 80.871
7.28496 81.0236
7.2907 82.3193
7.29643 83.0874
7.30217 85.3148
7.30791 88.6048
7.31364 83.9915
7.31938 85.9551
7.32512 85.5923
7.33085 89.1322
7.33659 90.4712
7.34232 86.8286
7.34806 91.3846
7.3538 93.6847
7.35953 88.5269
7.36527 100.398
7.371 114.43
7.37674 224.933
7.38248 132.364
7.38821 688.669
7.39395 665.095
7.39969 288.152
7.40542 739.546
7.41116 362.065
7.41689 211.915
7.42263 148.009
7.42837 131.889
7.4341 133.773
7.43984 126.18
7.44558 131.515
7.45131 145.248
7.45705 156.936
7.46278 157.058
7.46852 173.038
7.47426 186.5
7.47999 194.967
7.48573 192.885
7.49146 178.448
7.4972 166.082
7.50294 147.617
7.50867 139.312
7.51441 126.479
7.52015 118.044
7.52588 108.341
7.53162 99.392
7.53735 98.4018
7.54309 90.3495
7.54883 90.4091
7.55456 86.1008
7.5603 87.7667
7.56604 80.6593
7.57177 76.448
7.57751 75.9044
7.58324 74.7157
7.58898 72.5496
7.59472 71.7869
7.60045 75.27
7.60619 71.1951
7.61192 68.0775
7.61766 70.8362
7.6234 70.8515
7.62913 64.3182
7.63487 68.2397
7.64061 68.1961
7.64634 66.252
7.65208 66.1318
7.65781 70.479
7.66355 64.3469
7.66929 67.9627
7.67502 69.2016
7.68076 68.8491
7.6865 62.8908
7.69223 65.1985
7.69797 71.3559
7.7037 66.5644
7.70944 70.9552
7.71518 81.374
7.72091 103.445
7.72665 124.179
7.73238 265.527
7.73812 103.656
7.74386 199.949
7.74959 196.478
7.75533 95.754
7.76107 89.9099
7.7668 88.4123
7.77254 86.4657
7.77827 87.9098
7.78401 94.6465
7.78975 100.4
7.79548 107.859
7.80122 113.569
7.80696 118.802
7.81269 120.346
7.81843 115.565
7.82416 105.842
7.8299 96.8
7.83564 87.0156
7.84137 83.641
7.84711 75.1727
7.85284 73.7405
7.85858 71.4331
7.86432 69.3608
7.87005 64.4748
7.87579 65.7891
7.88153 62.877
7.88726 62.4019
7.893 60.4222
7.89873 59.7578
7.90447 58.2843
7.91021 60.1429
7.91594 58.8015
7.92168 60.25
7.92742 59.3208
7.93315 58.073
7.93889 57.0157
7.94462 56.4336
7.95036 56.5537
7.9561 56.0152
7.96183 58.1349
7.96757 53.4381
7.9733 56.8832
7.97904 54.6769
7.98478 54.6964
7.99051 51.608
7.99625 52.782
8.00199 54.629
8.00772 52.7327
8.01346 56.3957
8.01919 56.3158
8.02493 55.7059
8.03067 51.4248
8.0364 54.9706
8.04214 51.5591
8.04788 51.9806
8.05361 53.3957
8.05935 52.2941
8.06508 50.8814
8.07082 54.8632
8.07656 52.7737
8.08229 51.6797
8.08803 50.7778
8.09376 48.6643
8.0995 44.7121
8.10524 43.2439
8.11097 39.646
8.11671 37.8768
8.12245 36.3643
8.12818 34.1892
8.13392 30.3258
8.13965 27.3942
8.14539 27.9516
8.15113 22.6847
8.15686 12.4453
8.1626 15.963
8.16834 14.4915
8.17407 12.4211
8.17981 1.68421
8.18554 0
8.19128 0
8.19702 0
8.20275 0
8.20849 0
8.21422 0
8.21996 0
8.2257 0
8.23143 0
8.23717 0
8.24291 0
8.24864 0
8.25438 0
8.26011 0
8.26585 0
8.27159 0
8.27732 0
8.28306 0
8.2888 0
8.29453 0
8.30027 0
8.306 0
8.31174 0
8.31748 0
8.32321 0
8.32895 0
8.33468 0
8.34042 0
8.34616 0
8.35189 0
8.35763 0
8.36337 0
8.3691 0
8.37484 0
8.38057 0
8.38631 0
8.39205 0
8.39778 0
8.40352 0
8.40926 0
8.41499 0
8.42073 0
8.42646 0
8.4322 0
8.43794 0
8.44367 0
8.44941 0
8.45514 0
8.46088 0
8.46662 0
8.47235 0
8.47809 0
8.48383 0
8.48956 0
8.4953 0
8.50103 0
8.50677 0
8.51251 0
8.51824 0
8.52398 0
8.52972 0
8.53545 0
8.54119 0
8.54692 0
8.55266 0
8.5584 0
8.56413 0
8.56987 0
8.5756 0
8.58134 0
8.58708 0
8.59281 0
8.59855 0
8.60429 0
8.61002 0
8.61576 0
8.62149 0
8.62723 0
8.63297 0
8.6387 0
8.64444 0
8.65018 0
8.65591 0
8.66165 0
8.66738 0
8.67312 0
8.67886 0
8.68459 0
8.69033 0
8.69606 0
8.7018 0
8.70754 0
8.71327 0
8.71901 0
8.72475 0
8.73048 0
8.73622 0
8.74195 0
8.74769 0
8.75343 0
8.75916 0
8.7649 0
8.77064 0
8.77637 0
8.78211 0
8.78784 0
8.79358 0
8.79932 0
8.80505 0
8.81079 0
8.81652 0
8.82226 0
8.828 0
8.83373 0
8.83947 0
8.84521 0
8.85094 0
8.85668 0
8.86241 0
8.86815 0
8.87389 0
8.87962 0
8.88536 0
8.8911 0
8.89683 0
8.90257 0
8.9083 0
8.91404 0
8.91978 0
8.92551 0
8.93125 0
8.93698 0
8.94272 0
8.94846 0
8.95419 0
8.95993 0
8.96567 0
8.9714 0
8.97714 0
8.98287 0
8.98861 0
8.99435 0
9.00008 0
9.00582 0
9.01156 0
9.01729 0
9.02303 0
9.02876 0
9.0345 0
9.04024 0
9.04597 0
9.05171 0
9.05744 0
9.06318 0
9.06892 0
9.07465 0
9.08039 0
9.08613 0
9.09186 0
9.0976 0
9.10333 0
9.10907 0
9.11481 0
9.12054 0
9.12628 0
9.13202 0
9.13775 0
9.14349 0
9.14922 0
9.15496 0
9.1607 0
9.16643 0
9.17217 0
9.1779 0
9.18364 0
9.18938 0
9.19511 0
9.20085 0
9.20659 0
9.21232 0
9.21806 0
9.22379 0
9.22953 0
9.23527 0
9.241 0
9.24674 0
9.25248 0
9.25821 0
9.26395 0
9.26968 0
9.27542 0
9.28116 0
9.28689 0
9.29263 0
9.29836 0
9.3041 0
9.30984 0
9.31557 0
9.32131 0
9.32705 0
9.33278 0
9.33852 0
9.34425 0
9.34999 0
9.35573 0
9.36146 0
9.3672 0
9.37294 0
9.37867 0
9.38441 0
9.39014 0
9.39588 0
9.40162 0
9.40735 0
9.41309 0
9.41882 0
9.42456 0
9.4303 0
9.43603 0
9.44177 0
9.44751 0
9.45324 0
9.45898 0
9.46471 0
9.47045 0
9.47619 0
9.48192 0
9.48766 0
9.4934 0
9.49913 0
9.50487 0
9.5106 0
9.51634 0
9.52208 0
9.52781 0
9.53355 0
9.53928 0
9.54502 0
9.55076 0
9.55649 0
9.56223 0
9.56797 0
9.5737 0
9.57944 0
9.58517 0
9.59091 0
9.59665 0
9.60238 0
9.60812 0
9.61386 0
9.61959 0
9.62533 0
9.63106 0
9.6368 0
9.64254 0
9.64827 0
9.65401 0
9.65974 0
9.66548 0
9.67122 0
9.67695 0
9.68269 0
9.68843 0
9.69416 0
9.6999 0
9.70563 0
9.71137 0
9.71711 0
9.72284 0
9.72858 0
9.73432 0
9.74005 0
9.74579 0
9.75152 0
9.75726 0
9.763 0
9.76873 0
9.77447 0
9.7802 0
9.78594 0
9.79168 0
9.79741 0
9.80315 0
9.80889 0
9.81462 0
9.82036 0
9.82609 0
9.83183 0
9.83757 0
9.8433 0
9.84904 0
9.85478 0
9.86051 0
9.86625 0
9.87198 0
9.87772 0
9.88346 0
9.88919 0
9.89493 0
9.90066 0
9.9064 0
9.91214 0
9.91787 0
9.92361 0
9.92935 0
9.93508 0
9.94082 0
9.94655 0
9.95229 0
9.95803 0
9.96376 0
9.9695 0
9.97524 0
9.98097 0
9.98671 0
9.99244 0
9.99818 0
10.0039 0
10.0097 0
10.0154 0
10.0211 0
10.0269 0
10.0326 0
10.0383 0
10.0441 0
10.0498 0
10.0555 0
10.0613 0
10.067 0
10.0728 0
10.0785 0
10.0842 0
10.09 0
10.0957 0
10.1014 0
10.1072 0
10.1129 0
10.1186 0
10.1244 0
10.1301 0
10.1358 0
10.1416 0
10.1473 0
10.1531 0
10.1588 0
10.1645 0
10.1703 0
10.176 0
10.1817 0
10.1875 0
10.1932 0
10.1989 0
10.2047 0
10.2104 0
10.2162 0
10.2219 0
10.2276 0
10.2334 0
10.2391 0
10.2448 0
10.2506 0
10.2563 0
10.262 0
10.2678 0
10.2735 0
10.2793 0
10.285 0
10.2907 0
10.2965 0
10.3022 0
10.3079 0
10.3137 0
10.3194 0
10.3251 0
10.3309 0
10.3366 0
10.3424 0
10.3481 0
10.3538 0
10.3596 0
10.3653 0
10.371 0
10.3768 0
10.3825 0
10.3882 0
10.394 0
10.3997 0
10.4054 0
10.4112 0
10.4169 0
10.4227 0
10.4284 0
10.4341 0
10.4399 0
10.4456 0
10.4513 0
10.4571 0
10.4628 0
10.4685 0
10.4743 0
10.48 0
10.4858 0
10.4915 0
10.4972 0
10.503 0
10.5087 0
10.5144 0
10.5202 0
10.5259 0
10.5316 0
10.5374 0
10.5431 0
10.5489 0
10.5546 0
10.5603 0
10.5661 0
10.5718 0
10.5775 0
10.5833 0
10.589 0
10.5947 0
10.6005 0
10.6062 0
10.612 0
10.6177 0
10.6234 0
10.6292 0
10.6349 0
10.6406 0
10.6464 0
10.6521 0
10.6578 0
10.6636 0
10.6693 0
10.6751 0
10.6808 0
10.6865 0
10.6923 0
10.698 0
10.7037 0
10.7095 0
10.7152 0
10.7209 0
10.7267 0
10.7324 0
10.7381 0
10.7439 0
10.7496 0
10.7554 0
10.7611 0
10.7668 0
10.7726 0
10.7783 0
10.784 0
10.7898 0
10.7955 0
10.8012 0
10.807 0
10.8127 0
10.8185 0
10.8242 0
10.8299 0
10.8357 0
10.8414 0
10.8471 0
10.8529 0
10.8586 0
10.8643 0
10.8701 0
10.8758 0
10.8816 0
10.8873 0
10.893 0
10.8988 0
10.9045 0
10.9102 0
10.916 0
10.9217 0
10.9274 0
10.9332 0
10.9389 0
10.9447 0
10.9504 0
10.9561 0
10.9619 0
10.9676 0
10.9733 0
10.9791 0
10.9848 0
10.9905 0
10.9963 0
11.002 0
11.0077 0
11.0135 0
11.0192 0
11.025 0
11.0307 0
11.0364 0
11.0422 0
11.0479 0
11.0536 0
11.0594 0
11.0651 0
11.0708 0
11.0766 0
11.0823 0
11.0881 0
11.0938 0
11.0995 0
11.1053 0
11.111 0
11.1167 0
11.1225 0
11.1282 0
11.1339 0
11.1397 0
11.1454 0
11.1512 0
11.1569 0
11.1626 0
11.1684 0
11.1741 0
11.1798 0
11.1856 0
11.1913 0
11.197 0
11.2028 0
11.2085 0
11.2143 0
11.22 0
11.2257 0
11.2315 0
11.2372 0
11.2429 0
11.2487 0
11.2544 0
11.2601 0
11.2659 0
11.2716 0
11.2774 0
11.2831 0
11.2888 0
11.2946 0
11.3003 0
11.306 0
11.3118 0
11.3175 0
11.3232 0
11.329 0
11.3347 0
11.3404 0
11.3462 0
11.3519 0
11.3577 0
11.3634 0
11.3691 0
11.3749 0
11.3806 0
11.3863 0
11.3921 0
11.3978 0
11.4035 0
11.4093 0
11.415 0
11.4208 0
11.4265 0
11.4322 0
11.438 0
11.4437 0
11.4494 0
11.4552 0
11.4609 0
11.4666 0
11.4724 0
11.4781 0
11.4839 0
11.4896 0
11.4953 0
11.5011 0
11.5068 0
11.5125 0
11.5183 0
11.524 0
11.5297 0
11.5355 0
11.5412 0
11.547 0
11.5527 0
11.5584 0
11.5642 0
11.5699 0
11.5756 0
11.5814 0
11.5871 0
11.5928 0
11.5986 0
11.6043 0
11.61 0
11.6158 0
11.6215 0
11.6273 0
11.633 0
11.6387 0
11.6445 0
11.6502 0
11.6559 0
11.6617 0
11.6674 0
11.6731 0
11.6789 0
11.6846 0
11.6904 0
11.6961 0
11.7018 0
11.7076 0
11.7133 0
11.719 0
11.7248 0
11.7305 0
11.7362 0
11.742 0
