0 0
0.00573619 19
0.0114724 3
0.0172086 0
0.0229448 13
0.028681 -16
0.0344171 0
0.0401533 8
0.0458895 -2
0.0516257 13
0.0573619 0
0.0630981 0
0.0688343 -15
0.0745705 0
0.0803067 1
0.0860429 10
0.091779 0
0.0975152 20.6667
0.103251 1.66667
0.108988 -2.66667
0.114724 0
0.12046 1
0.126196 -4
0.131932 0
0.137669 2.33333
0.143405 1.33333
0.149141 8
0.154877 4
0.160613 0.666667
0.16635 5
0.172086 0
0.177822 4
0.183558 15.25
0.189294 0
0.19503 -1.4
0.200767 -3.4
0.206503 0
0.212239 -5
0.217975 -6.2
0.223711 -4.6
0.229448 0
0.235184 -4.4
0.24092 5.2
0.246656 0
0.252392 7.8
0.258129 -7
0.263865 5
0.269601 0
0.275337 5.6
0.281073 8.85714
0.28681 0
0.292546 15.1429
0.298282 1.42857
0.304018 -5.66667
0.309754 5.25
0.31549 8.28571
0.321227 5.28571
0.326963 0
0.332699 4.42857
0.338435 -12.2857
0.344171 0
0.349908 11.1429
0.355644 0
0.36138 4.6
0.367116 -4
0.372852 -2.125
0.378589 8.57143
0.384325 2
0.390061 -4.44444
0.395797 5.66667
0.401533 0
0.40727 1.11111
0.413006 16.6667
0.418742 1.71429
0.424478 14
0.430214 15.6667
0.43595 17.4444
0.441687 0
0.447423 2.66667
0.453159 11.2222
0.458895 12
0.464631 5.57143
0.470368 20
0.476104 26.1111
0.48184 25
0.487576 12.2727
0.493312 14.3636
0.499049 0
0.504785 13
0.510521 18.9091
0.516257 4.6
0.521993 22.8333
0.52773 22.9091
0.533466 29.3333
0.539202 21.5
0.544938 33.0909
0.550674 26.3636
0.55641 0
0.562147 22.9167
0.567883 30.3077
0.573619 27
0.579355 26.3333
0.585091 22.3846
0.590828 23.3636
0.596564 10.5
0.6023 10.4615
0.608036 16.4615
0.613772 26.8
0.619509 18.375
0.625245 22.1538
0.630981 15.4444
0.636717 9.75
0.642453 21.2308
0.64819 26.9231
0.653926 24
0.659662 26.1333
0.665398 33.2667
0.671134 21.1429
0.67687 33.125
0.682607 36.1333
0.688343 30.7273
0.694079 29.5
0.699815 42.0667
0.705551 27
0.711288 36
0.717024 22.2143
0.72276 27.0667
0.728496 36.5556
0.734232 38.5
0.739969 26.25
0.745705 34.7692
0.751441 20.3333
0.757177 35.6471
0.762913 34.2353
0.76865 37.4
0.774386 36.25
0.780122 34.8824
0.785858 35.2727
0.791594 26.5
0.79733 29.1176
0.803067 37.3333
0.808803 24
0.814539 29.2353
0.820275 31.5882
0.826011 25.1111
0.831748 38.875
0.837484 27.3889
0.84322 33.0769
0.848956 28.8333
0.854692 32.5789
0.860429 29.7647
0.866165 13.8
0.871901 36.5
0.877637 27.7895
0.883373 31
0.88911 21.75
0.894846 34
0.900582 34.0667
0.906318 30
0.912054 36.7368
0.91779 30.2941
0.923527 31.7778
0.929263 34.3077
0.934999 30
0.940735 23.4615
0.946471 32.125
0.952208 30.0476
0.957944 29.1176
0.96368 49
0.969416 34.9048
0.975152 23.7895
0.980889 27
0.986625 36.9167
0.992361 34.0476
0.998097 26.4
1.00383 32.5
1.00957 31.7143
1.01531 31.3529
1.02104 30.8
1.02678 23.2353
1.03251 39.5238
1.03825 30.1538
1.04399 33.5
1.04972 32.6522
1.05546 30.9412
1.0612 16.5
1.06693 29.3478
1.07267 27.0526
1.0784 32.4615
1.08414 32.2143
1.08988 34.5652
1.09561 36.9333
1.10135 39.75
1.10708 35.4783
1.11282 32.9412
1.11856 29.7143
1.12429 35.4583
1.13003 37.7619
1.13577 35.4
1.1415 24.7143
1.14724 33.44
1.15297 31.5333
1.15871 35
1.16445 28.88
1.17018 37.4737
1.17592 37.6923
1.18166 31.1111
1.18739 30.3913
1.19313 29.5333
1.19886 22.0833
1.2046 30.16
1.21034 25.6111
1.21607 36
1.22181 36.6667
1.22754 33.0952
1.23328 27.7059
1.23902 28
1.24475 35.4
1.25049 31.4118
1.25623 25.8333
1.26196 30.2222
1.2677 25.8947
1.27343 32.9231
1.27917 31.5
1.28491 27.1304
1.29064 33.5882
1.29638 29.7333
1.30212 34.0741
1.30785 33.5556
1.31359 31.4545
1.31932 27.4483
1.32506 34.1429
1.3308 33.2941
1.33653 28.9
1.34227 32.6
1.348 32.0526
1.35374 26.0714
1.35948 33.037
1.36521 30.3333
1.37095 22.8
1.37669 28.8276
1.38242 27.0435
1.38816 32.5294
1.39389 35.7895
1.39963 33.963
1.40537 34.95
1.4111 29.5714
1.41684 31.3103
1.42258 29.6957
1.42831 33.5882
1.43405 35.1667
1.43978 30.36
1.44552 35.1429
1.45126 24.0625
1.45699 33.1034
1.46273 26.4762
1.46846 17.8333
1.4742 34.2258
1.47994 29.7826
1.48567 28.6
1.49141 28.1905
1.49715 27.9259
1.50288 27.0455
1.50862 29.75
1.51435 29.5172
1.52009 27.28
1.52583 25.2667
1.53156 31.0333
1.5373 33.56
1.54304 22.8571
1.54877 31.85
1.55451 27.9655
1.56024 33.4783
1.56598 18.2143
1.57172 25.5161
1.57745 32.6154
1.58319 39.5
1.58892 23.92
1.59466 35.5185
1.6004 32.92
1.60613 36.0556
1.61187 27.5806
1.61761 32.4
1.62334 30.8571
1.62908 25.303
1.63481 33.0741
1.64055 35.0435
1.64629 28.9091
1.65202 29.9655
1.65776 33.08
1.6635 29
1.66923 30.5484
1.67497 33.0714
1.6807 35.85
1.68644 31.4643
1.69218 20.0357
1.69791 28.04
1.70365 27.3182
1.70938 32.0645
1.71512 27.2222
1.72086 26.5625
1.72659 31.7879
1.73233 30.8621
1.73807 28
1.7438 29.9231
1.74954 30.931
1.75527 33
1.76101 29
1.76675 32.9697
1.77248 27.1786
1.77822 35.2
1.78396 33.9333
1.78969 30.2581
1.79543 26.4074
1.80116 28.625
1.8069 34.0323
1.81264 30.5172
1.81837 35.8889
1.82411 29.4857
1.82984 23.3448
1.83558 27.36
1.84132 18
1.84705 29.9677
1.85279 32.75
1.85853 29.2174
1.86426 27.4242
1.87 32.1
1.87573 38.7647
1.88147 34.1429
1.88721 22.0606
1.89294 25.3333
1.89868 27.3077
1.90442 29.5152
1.91015 28.9355
1.91589 33.05
1.92162 33.2
1.92736 31.8065
1.9331 34.16
1.93883 31.9643
1.94457 36.5455
1.9503 36.3667
1.95604 31.5
1.96178 32.5294
1.96751 29.0312
1.97325 27.75
1.97899 32.2973
1.98472 28.0303
1.99046 33.931
1.99619 33.2308
2.00193 34.6571
2.00767 28.0968
2.0134 35.8333
2.01914 30.8286
2.02488 30.6667
2.03061 33.88
2.03635 32.8125
2.04208 32.4706
2.04782 37.1875
2.05356 31.125
2.05929 29.8333
2.06503 28.6176
2.07076 33
2.0765 30.5676
2.08224 31.1429
2.08797 36.1379
2.09371 31.2857
2.09945 33.1351
2.10518 31.0606
2.11092 31.6667
2.11665 32.5135
2.12239 32.9143
2.12813 33.8261
2.13386 35.4054
2.1396 36.25
2.14534 29.6875
2.15107 31
2.15681 37.3684
2.16254 31.8889
2.16828 35.1364
2.17402 34.9744
2.17975 30.7838
2.18549 30.5161
2.19122 32.2667
2.19696 32.0541
2.2027 38.8857
2.20843 38.1667
2.21417 60.0256
2.21991 57.973
2.22564 31.1364
2.23138 40.225
2.23711 30.1842
2.24285 29.0588
2.24859 35.2143
2.25432 32.8684
2.26006 36.0256
2.2658 31
2.27153 31.1707
2.27727 31.2308
2.283 33.4194
2.28874 30.9375
2.29448 34.1282
2.30021 30.1351
2.30595 31.2308
2.31168 34.7692
2.31742 30.275
2.32316 38.8182
2.32889 38.9762
2.33463 27.725
2.34037 34.2778
2.3461 32.3214
2.35184 38.5238
2.35757 40.973
2.36331 36.2308
2.36905 35.0732
2.37478 35.6341
2.38052 35.129
2.38626 37.9412
2.39199 40.2326
2.39773 32.2162
2.40346 30.0769
2.4092 36.9318
2.41494 38.575
2.42067 33.4091
2.42641 36.0227
2.43214 34.2381
2.43788 28.5714
2.44362 39.0323
2.44935 37.1333
2.45509 36.8462
2.46083 26.8077
2.46656 34.6444
2.4723 34.0732
2.47803 36.4828
2.48377 37.85
2.48951 39.1628
2.49524 35.6667
2.50098 32.6538
2.50672 38.8261
2.51245 35.1905
2.51819 31.5
2.52392 38.5
2.52966 33.25
2.5354 27.7273
2.54113 36.6571
2.54687 38.5333
2.5526 35.4634
2.55834 30.3462
2.56408 35.1489
2.56981 36.7907
2.57555 36.069
2.58129 34.6905
2.58702 36.4889
2.59276 35.8649
2.59849 32.8182
2.60423 37.3261
2.60997 33.8409
2.6157 29.8333
2.62144 33.1458
2.62718 32.5
2.63291 36.7143
2.63865 40.5
2.64438 37.3617
2.65012 36.6585
2.65586 36.2667
2.66159 39.7021
2.66733 29.8
2.67306 36.84
2.6788 32.3542
2.68454 41.1667
2.69027 33.3846
2.69601 35.2727
2.70175 36.375
2.70748 41.2
2.71322 35.2963
2.71895 30.5625
2.72469 39.7917
2.73043 36.2
2.73616 35
2.7419 37.4694
2.74764 38.5116
2.75337 33.7333
2.75911 42.3673
2.76484 40.4898
2.77058 41.75
2.77632 39.4082
2.78205 42.18
2.78779 39.6923
2.79352 38.9143
2.79926 33.9423
2.805 38.0667
2.81073 35.4074
2.81647 42.6923
2.82221 38.2653
2.82794 37.5135
2.83368 35.8947
2.83941 38.1321
2.84515 36.9512
2.85089 39.875
2.85662 43.6226
2.86236 41.5714
2.8681 41.5833
2.87383 35.7963
2.87957 44.12
2.8853 34.9512
2.89104 38.8378
2.89678 37.5577
2.90251 39.7333
2.90825 41.7241
2.91398 41.1296
2.91972 46.902
2.92546 38.4595
2.93119 40.1667
2.93693 39.1887
2.94267 43.2667
2.9484 41.5625
2.95414 46.1698
2.95987 43.0816
2.96561 42.037
2.97135 42.4286
2.97708 42.1296
2.98282 45.4103
2.98856 44.2051
2.99429 45.6852
3.00003 46
3.00576 43.6129
3.0115 43.7091
3.01724 44.0566
3.02297 38.8649
3.02871 45.0682
3.03444 43.8
3.04018 45.9778
3.04592 45.6765
3.05165 47.0727
3.05739 44.8824
3.06313 35.8966
3.06886 48.25
3.0746 47.8364
3.08033 46.9318
3.08607 42.6216
3.09181 45.2321
3.09754 52.898
3.10328 53.4839
3.10902 52.2203
3.11475 53.6981
3.12049 44.641
3.12622 52.8261
3.13196 53.9818
3.1377 55.6383
3.14343 56.1111
3.14917 52.6034
3.1549 51.4118
3.16064 53.8966
3.16638 52.5333
3.17211 52.4727
3.17785 50.6818
3.18359 47
3.18932 53.8621
3.19506 51.6735
3.20079 52.1471
3.20653 47.8983
3.21227 56.1698
3.218 49.0488
3.22374 52.875
3.22948 55.7797
3.23521 52.8889
3.24095 54.4872
3.24668 55.9
3.25242 56.3208
3.25816 59.5294
3.26389 56.8947
3.26963 60.8596
3.27536 54.1739
3.2811 54.0244
3.28684 60.7167
3.29257 59.102
3.29831 63.9167
3.30405 59.1111
3.30978 60.1273
3.31552 60.7442
3.32125 69.5
3.32699 68.1754
3.33273 65.8431
3.33846 67.0513
3.3442 66.9032
3.34994 67.5294
3.35567 65.5789
3.36141 67.8305
3.36714 66.4912
3.37288 67.0208
3.37862 68.2791
3.38435 68.8525
3.39009 70.9057
3.39582 73.75
3.40156 68.3333
3.4073 70.2909
3.41303 70.7872
3.41877 69.1875
3.42451 71.9672
3.43024 72.98
3.43598 69.1951
3.44171 73.6032
3.44745 74.7679
3.45319 67.7143
3.45892 71.9455
3.46466 72.9153
3.4704 76.88
3.47613 74.8837
3.48187 77.873
3.4876 77.0377
3.49334 67.6053
3.49908 75.194
3.50481 80.4386
3.51055 77.2553
3.51628 82.0784
3.52202 82.541
3.52776 83.8519
3.53349 84.7561
3.53923 98.4923
3.54497 111.241
3.5507 109.833
3.55644 107.255
3.56217 102.339
3.56791 92.4038
3.57365 89.1087
3.57938 87.8769
3.58512 88.0364
3.59086 87.2105
3.59659 91.8955
3.60233 91.8644
3.60806 91.1373
3.6138 91.6122
3.61954 97.3492
3.62527 98.4821
3.63101 96.6829
3.63674 105.701
3.64248 118.017
3.64822 123.875
3.65395 124.439
3.65969 126.279
3.66543 117.815
3.67116 119.848
3.6769 120.857
3.68263 118.328
3.68837 116.132
3.69411 124.812
3.69984 127.559
3.70558 120.889
3.71132 116.824
3.71705 119.769
3.72279 123.464
3.72852 127.698
3.73426 125.149
3.74 129.823
3.74573 127.98
3.75147 126.491
3.7572 133.238
3.76294 141.153
3.76868 141.864
3.77441 147.328
3.78015 148.136
3.78589 150.298
3.79162 158.547
3.79736 166.688
3.80309 163.946
3.80883 177.196
3.81457 187.338
3.8203 202
3.82604 197.116
3.83178 228.449
3.83751 266.952
3.84325 316.786
3.84898 414.962
3.85472 834.651
3.86046 635.033
3.86619 506.435
3.87193 635.652
3.87766 788.164
3.8834 946.51
3.88914 1154.72
3.89487 1422.24
3.90061 1466.37
3.90635 1347.37
3.91208 1123.93
3.91782 867.906
3.92355 688.341
3.92929 560.268
3.93503 456.047
3.94076 381.052
3.9465 335.611
3.95224 290.851
3.95797 273.936
3.96371 240.261
3.96944 222.662
3.97518 209.317
3.98092 197.071
3.98665 188.672
3.99239 179.588
3.99812 180.774
4.00386 165.653
4.0096 170.594
4.01533 168.891
4.02107 163.04
4.02681 165.167
4.03254 163.364
4.03828 156.5
4.04401 159.423
4.04975 158.845
4.05549 159.585
4.06122 145.978
4.06696 150.319
4.0727 150.843
4.07843 144.917
4.08417 136.214
4.0899 141.147
4.09564 142.609
4.10138 137.44
4.10711 143.194
4.11285 147.409
4.11858 134.982
4.12432 139.613
4.13006 137.309
4.13579 143.841
4.14153 145.212
4.14727 140.959
4.153 140.299
4.15874 132.955
4.16447 142.644
4.17021 137.847
4.17595 137.371
4.18168 133.036
4.18742 132.014
4.19316 137.818
4.19889 134.88
4.20463 138
4.21036 143.176
4.2161 152.2
4.22184 136.741
4.22757 150.75
4.23331 144.701
4.23904 142.46
4.24478 141.493
4.25052 138.014
4.25625 140.179
4.26199 143.406
4.26773 140.639
4.27346 145.939
4.2792 141.643
4.28493 139.292
4.29067 147.471
4.29641 142.833
4.30214 145.724
4.30788 149.229
4.31362 145.406
4.31935 154.607
4.32509 155.203
4.33082 156.42
4.33656 163.82
4.3423 156.533
4.34803 166.946
4.35377 168.742
4.3595 166.817
4.36524 167.743
4.37098 176.971
4.37671 178.426
4.38245 185.73
4.38819 196.028
4.39392 202.211
4.39966 196.319
4.40539 210.986
4.41113 237.588
4.41687 242.759
4.4226 270.961
4.42834 383.644
4.43408 720.271
4.43981 1002.53
4.44555 4849.42
4.45128 5061.75
4.45702 4648.97
4.46276 1769.42
4.46849 589.542
4.47423 484.944
4.47996 388.632
4.4857 386.297
4.49144 396.262
4.49717 408.397
4.50291 417.645
4.50865 438.743
4.51438 408.654
4.52012 385.886
4.52585 347.573
4.53159 308.281
4.53733 278.239
4.54306 257.413
4.5488 232.06
4.55454 217.649
4.56027 196.125
4.56601 184.284
4.57174 171.442
4.57748 170.641
4.58322 157.115
4.58895 164.328
4.59469 150.918
4.60042 135.91
4.60616 136.187
4.6119 132.84
4.61763 130.687
4.62337 127.513
4.62911 129.317
4.63484 124.677
4.64058 124.317
4.64631 123.333
4.65205 117.929
4.65779 113.213
4.66352 117.603
4.66926 115.213
4.675 112
4.68073 112.769
4.68647 112.712
4.6922 109.474
4.69794 109.525
4.70368 105.052
4.70941 103.14
4.71515 109.776
4.72088 102.3
4.72662 105.667
4.73236 105.794
4.73809 103.622
4.74383 109.756
4.74957 109.558
4.7553 102.845
4.76104 102.738
4.76677 98.8358
4.77251 97.4769
4.77825 96.4268
4.78398 97.44
4.78972 97.0909
4.79546 97.8588
4.80119 94.6076
4.80693 92.2308
4.81266 89.7606
4.8184 93.4048
4.82414 93.9863
4.82987 91.7705
4.83561 93.3571
4.84134 94.1625
4.84708 87.8113
4.85282 96.1882
4.85855 91.9756
4.86429 90.5493
4.87003 87.5902
4.87576 84.7674
4.8815 84.8333
4.88723 88.5556
4.89297 87.3412
4.89871 85.1429
4.90444 88.3944
4.91018 82.5373
4.91592 90.75
4.92165 93.1519
4.92739 91.8947
4.93312 84.3837
4.93886 88.3929
4.9446 85.2985
4.95033 85.2113
4.95607 83.2093
4.9618 92.987
4.96754 86.2881
4.97328 84.0233
4.97901 83.2892
4.98475 81.8361
4.99049 80.2051
4.99622 80.1364
5.00196 80.8767
5.00769 80.0794
5.01343 83.3977
5.01917 85.2771
5.0249 79.7736
5.03064 80.8333
5.03638 84.593
5.04211 84.1867
5.04785 82.8615
5.05358 82.2093
5.05932 82.4444
5.06506 78.5789
5.07079 84.1364
5.07653 80.2184
5.08226 79.0423
5.088 77.6056
5.09374 77.7778
5.09947 78.7013
5.10521 78.3651
5.11095 77.9111
5.11668 82.7176
5.12242 78.7121
5.12815 77.4545
5.13389 77.8333
5.13963 79.8182
5.14536 80.7377
5.1511 81.6957
5.15684 80.8434
5.16257 80.871
5.16831 87.4524
5.17404 81.4045
5.17978 82.0641
5.18552 81.7015
5.19125 80.9333
5.19699 78.5663
5.20272 80.8475
5.20846 80.8587
5.2142 83.1348
5.21993 79.0658
5.22567 78.0725
5.23141 82.587
5.23714 76.4691
5.24288 77.918
5.24861 76.3804
5.25435 82.6067
5.26009 80.0857
5.26582 76.25
5.27156 80.3516
5.2773 77.2125
5.28303 74.7231
5.28877 81.4787
5.2945 82.8506
5.30024 83.9722
5.30598 80.5823
5.31171 76.2022
5.31745 83.4878
5.32318 80.5692
5.32892 83.2872
5.33466 81.8851
5.34039 81.8788
5.34613 76.3059
5.35187 81.5824
5.3576 80.5185
5.36334 75.2239
5.36907 75.3958
5.37481 82.1647
5.38055 81.3443
5.38628 85.0417
5.39202 87.4176
5.39776 90.425
5.40349 87.507
5.40923 81.7292
5.41496 84.0864
5.4207 82.6825
5.42644 83.0204
5.43217 82.2247
5.43791 81.9487
5.44364 82.5479
5.44938 83.3608
5.45512 88.4756
5.46085 81.7761
5.46659 78.9184
5.47233 77.8764
5.47806 81.2105
5.4838 81.2222
5.48953 81.5914
5.49527 82.1786
5.50101 79.4925
5.50674 81.3265
5.51248 82.5056
5.51822 80.6216
5.52395 78.6988
5.52969 79.2043
5.53542 82.2262
5.54116 82.9706
5.5469 81.5859
5.55263 78.4222
5.55837 80.3333
5.5641 77.1685
5.56984 78.0753
5.57558 78.5714
5.58131 79.863
5.58705 82.3333
5.59279 79.7955
5.59852 81.4921
5.60426 83.46
5.60999 83.8817
5.61573 84.4878
5.62147 81.1867
5.6272 87.4639
5.63294 82.0698
5.63868 79.0597
5.64441 84.8529
5.65015 85.7742
5.65588 82.7738
5.66162 88.7533
5.66736 83.9798
5.67309 87.5
5.67883 86.2464
5.68456 83.8614
5.6903 79.2222
5.69604 86.5366
5.70177 85.9277
5.70751 87.2737
5.71325 86.6818
5.71898 87.4084
5.72472 90.1919
5.73045 88.086
5.73619 87.0125
5.74193 89.3708
5.74766 85.9895
5.7534 90.7273
5.75914 92.0845
5.76487 90.8515
5.77061 85.7234
5.77634 91.859
5.78208 91.8764
5.78782 95.1546
5.79355 96.8372
5.79929 91.8933
5.80502 94.1188
5.81076 93.5109
5.8165 94.473
5.82223 92.9271
5.82797 93.7857
5.83371 93.593
5.83944 93.5316
5.84518 98.4747
5.85091 95.9062
5.85665 92.2
5.86239 95.7714
5.86812 94.449
5.87386 94.5698
5.8796 93.6456
5.88533 94.6238
5.89107 98.8696
5.8968 97.5652
5.90254 96.5905
5.90828 99.5612
5.91401 99.7093
5.91975 101.048
5.92548 97.7677
5.93122 103
5.93696 101.192
5.94269 99.7714
5.94843 100.26
5.95417 103.557
5.9599 103.247
5.96564 99.9697
5.97137 102.67
5.97711 105.781
5.98285 109.903
5.98858 104.939
5.99432 109.548
6.00006 106.315
6.00579 110.737
6.01153 112.128
6.01726 111.813
6.023 110.867
6.02874 111.656
6.03447 112.977
6.04021 111.767
6.04594 112.01
6.05168 116.365
6.05742 114.494
6.06315 116.562
6.06889 120.74
6.07463 121.333
6.08036 119.787
6.0861 119.571
6.09183 124.24
6.09757 123.859
6.10331 121.057
6.10904 120.302
6.11478 126.465
6.12052 124.865
6.12625 126.05
6.13199 133.202
6.13772 132.634
6.14346 127.814
6.1492 131.33
6.15493 139.587
6.16067 132.216
6.1664 132.398
6.17214 139.106
6.17788 143.012
6.18361 136.598
6.18935 145.98
6.19509 147.907
6.20082 150.881
6.20656 152.588
6.21229 160.562
6.21803 165.085
6.22377 163.84
6.2295 172.23
6.23524 188.627
6.24098 172.936
6.24671 183.078
6.25245 200.106
6.25818 211.453
6.26392 208.784
6.26966 296.686
6.27539 662.453
6.28113 322.982
6.28686 2607.81
6.2926 9221.77
6.29834 1265.08
6.30407 2319.27
6.30981 1709.25
6.31555 1034.17
6.32128 380.463
6.32702 308.125
6.33275 284.198
6.33849 265.614
6.34423 249.385
6.34996 264.784
6.3557 281.051
6.36144 283.102
6.36717 313.933
6.37291 345.842
6.37864 357.067
6.38438 353.075
6.39012 348.284
6.39585 328.638
6.40159 303.111
6.40732 271.963
6.41306 255.543
6.4188 234.207
6.42453 215.038
6.43027 204.608
6.43601 198.622
6.44174 188.887
6.44748 187.046
6.45321 180.362
6.45895 183.348
6.46469 177.248
6.47042 166.243
6.47616 167.821
6.4819 163.482
6.48763 159
6.49337 157.71
6.4991 151.021
6.50484 152.019
6.51058 152.275
6.51631 149.833
6.52205 144.155
6.52778 146.361
6.53352 146.663
6.53926 142.396
6.54499 144.435
6.55073 144.402
6.55647 145.333
6.5622 148.177
6.56794 149.565
6.57367 149.806
6.57941 150.168
6.58515 147.473
6.59088 145.635
6.59662 143.143
6.60236 140.123
6.60809 139.066
6.61383 140.785
6.61956 139.969
6.6253 142.893
6.63104 138.559
6.63677 141.767
6.64251 139.649
6.64824 136.393
6.65398 139.527
6.65972 137.549
6.66545 140.027
6.67119 140.933
6.67693 138.512
6.68266 138.724
6.6884 136.296
6.69413 140.286
6.69987 141.786
6.70561 143.205
6.71134 139.808
6.71708 138.125
6.72282 138.018
6.72855 134.565
6.73429 140.36
6.74002 139.736
6.74576 136.783
6.7515 139.68
6.75723 136.888
6.76297 136.362
6.7687 135.045
6.77444 136.899
6.78018 133.476
6.78591 133.457
6.79165 135.243
6.79739 132.839
6.80312 134.079
6.80886 132.955
6.81459 136.615
6.82033 136.162
6.82607 137.103
6.8318 138.333
6.83754 136.295
6.84328 138.778
6.84901 137.598
6.85475 139.132
6.86048 133.56
6.86622 137.319
6.87196 138.794
6.87769 136.575
6.88343 138.975
6.88916 140.167
6.8949 140.517
6.90064 140.274
6.90637 140.096
6.91211 141.495
6.91785 141.828
6.92358 139.174
6.92932 139.628
6.93505 144.753
6.94079 144.416
6.94653 140
6.95226 143.364
6.958 138.824
6.96374 142.867
6.96947 139.57
6.97521 141.78
6.98094 142.432
6.98668 141.552
6.99242 146.064
6.99815 142.101
7.00389 145.85
7.00962 144.672
7.01536 144.109
7.0211 146.055
7.02683 147
7.03257 144.374
7.03831 143.376
7.04404 141.607
7.04978 145.522
7.05551 146.511
7.06125 147.101
7.06699 144.172
7.07272 153.119
7.07846 148.427
7.0842 147.131
7.08993 148.19
7.09567 150.505
7.1014 153.805
7.10714 151.521
7.11288 154.367
7.11861 150.25
7.12435 155.024
7.13008 153.932
7.13582 156.719
7.14156 153.667
7.14729 153.475
7.15303 154.468
7.15877 156.398
7.1645 157.339
7.17024 158.597
7.17597 161
7.18171 158.542
7.18745 162.303
7.19318 165.099
7.19892 160.152
7.20466 166.669
7.21039 163.615
7.21613 169.707
7.22186 170.22
7.2276 170.063
7.23334 172.613
7.23907 169.385
7.24481 172.889
7.25054 172.387
7.25628 177.29
7.26202 177.748
7.26775 203.795
7.27349 233.432
7.27923 192.989
7.28496 213.583
7.2907 185.765
7.29643 185.097
7.30217 184.463
7.30791 186.645
7.31364 194.897
7.31938 190.393
7.32512 195.262
7.33085 199.397
7.33659 205.99
7.34232 198.305
7.34806 208.631
7.3538 220.405
7.35953 211.538
7.36527 231.164
7.371 266.95
7.37674 491.49
7.38248 432.055
7.38821 1307.68
7.39395 1674.97
7.39969 2356.1
7.40542 1648.15
7.41116 1040.76
7.41689 555.877
7.42263 341.178
7.42837 297.667
7.4341 286.454
7.43984 282.843
7.44558 273.403
7.45131 280.95
7.45705 293.618
7.46278 300.67
7.46852 322.277
7.47426 353.305
7.47999 374.633
7.48573 381.656
7.49146 372.712
7.4972 362.609
7.50294 338.71
7.50867 308.609
7.51441 282.513
7.52015 267.165
7.52588 246.356
7.53162 230.952
7.53735 216.312
7.54309 206.049
7.54883 201.659
7.55456 191.958
7.5603 206.678
7.56604 191.2
7.57177 176.28
7.57751 175.93
7.58324 169.098
7.58898 166.916
7.59472 164.82
7.60045 165.33
7.60619 161.203
7.61192 155.101
7.61766 156.353
7.6234 157.525
7.62913 156.394
7.63487 154.661
7.64061 150.51
7.64634 149.512
7.65208 149.581
7.65781 148.193
7.66355 147.041
7.66929 149.127
7.67502 150.274
7.68076 157.594
7.6865 148.563
7.69223 152.725
7.69797 153.229
7.7037 152.683
7.70944 165.612
7.71518 230.122
7.72091 311.127
7.72665 552.709
7.73238 1122.48
7.73812 313.672
7.74386 264.837
7.74959 272.435
7.75533 180.532
7.76107 175.514
7.7668 169.763
7.77254 170.313
7.77827 173.156
7.78401 176.343
7.78975 183.83
7.79548 190.773
7.80122 201.56
7.80696 208.712
7.81269 214.571
7.81843 218.516
7.82416 217.832
7.8299 203.421
7.83564 192.328
7.84137 182.735
7.84711 167.036
7.85284 162.641
7.85858 154
7.86432 153.423
7.87005 144.252
7.87579 140.109
7.88153 140.041
7.88726 134.28
7.893 135.022
7.89873 133.305
7.90447 131.745
7.91021 131.195
7.91594 129.511
7.92168 128.533
7.92742 124.34
7.93315 125.642
7.93889 124.047
7.94462 119.027
7.95036 121.041
7.9561 120.144
7.96183 120.873
7.96757 122.2
7.9733 120.182
7.97904 119.338
7.98478 117.857
7.99051 116.696
7.99625 118.271
8.00199 119.242
8.00772 116.743
8.01346 119.662
8.01919 117.158
8.02493 116.151
8.03067 118.31
8.0364 114.801
8.04214 118.055
8.04788 117.35
8.05361 116.022
8.05935 110.875
8.06508 112.161
8.07082 109.889
8.07656 110.029
8.08229 108.492
8.08803 108.768
8.09376 104.965
8.0995 97.1667
8.10524 91.7724
8.11097 85.5221
8.11671 78.7971
8.12245 75.4341
8.12818 71.2432
8.13392 66.697
8.13965 62.6861
8.14539 58.7419
8.15113 54.8739
8.15686 29.0584
8.1626 28.8025
8.16834 29.7458
8.17407 20.7895
8.17981 1.94737
8.18554 0
8.19128 0
8.19702 0
8.20275 0
8.20849 0
8.21422 0
8.21996 0
8.2257 0
8.23143 0
8.23717 0
8.24291 0
8.24864 0
8.25438 0
8.26011 0
8.26585 0
8.27159 0
8.27732 0
8.28306 0
8.2888 0
8.29453 0
8.30027 0
8.306 0
8.31174 0
8.31748 0
8.32321 0
8.32895 0
8.33468 0
8.34042 0
8.34616 0
8.35189 0
8.35763 0
8.36337 0
8.3691 0
8.37484 0
8.38057 0
8.38631 0
8.39205 0
8.39778 0
8.40352 0
8.40926 0
8.41499 0
8.42073 0
8.42646 0
8.4322 0
8.43794 0
8.44367 0
8.44941 0
8.45514 0
8.46088 0
8.46662 0
8.47235 0
8.47809 0
8.48383 0
8.48956 0
8.4953 0
8.50103 0
8.50677 0
8.51251 0
8.51824 0
8.52398 0
8.52972 0
8.53545 0
8.54119 0
8.54692 0
8.55266 0
8.5584 0
8.56413 0
8.56987 0
8.5756 0
8.58134 0
8.58708 0
8.59281 0
8.59855 0
8.60429 0
8.61002 0
8.61576 0
8.62149 0
8.62723 0
8.63297 0
8.6387 0
8.64444 0
8.65018 0
8.65591 0
8.66165 0
8.66738 0
8.67312 0
8.67886 0
8.68459 0
8.69033 0
8.69606 0
8.7018 0
8.70754 0
8.71327 0
8.71901 0
8.72475 0
8.73048 0
8.73622 0
8.74195 0
8.74769 0
8.75343 0
8.75916 0
8.7649 0
8.77064 0
8.77637 0
8.78211 0
8.78784 0
8.79358 0
8.79932 0
8.80505 0
8.81079 0
8.81652 0
8.82226 0
8.828 0
8.83373 0
8.83947 0
8.84521 0
8.85094 0
8.85668 0
8.86241 0
8.86815 0
8.87389 0
8.87962 0
8.88536 0
8.8911 0
8.89683 0
8.90257 0
8.9083 0
8.91404 0
8.91978 0
8.92551 0
8.93125 0
8.93698 0
8.94272 0
8.94846 0
8.95419 0
8.95993 0
8.96567 0
8.9714 0
8.97714 0
8.98287 0
8.98861 0
8.99435 0
9.00008 0
9.00582 0
9.01156 0
9.01729 0
9.02303 0
9.02876 0
9.0345 0
9.04024 0
9.04597 0
9.05171 0
9.05744 0
9.06318 0
9.06892 0
9.07465 0
9.08039 0
9.08613 0
9.09186 0
9.0976 0
9.10333 0
9.10907 0
9.11481 0
9.12054 0
9.12628 0
9.13202 0
9.13775 0
9.14349 0
9.14922 0
9.15496 0
9.1607 0
9.16643 0
9.17217 0
9.1779 0
9.18364 0
9.18938 0
9.19511 0
9.20085 0
9.20659 0
9.21232 0
9.21806 0
9.22379 0
9.22953 0
9.23527 0
9.241 0
9.24674 0
9.25248 0
9.25821 0
9.26395 0
9.26968 0
9.27542 0
9.28116 0
9.28689 0
9.29263 0
9.29836 0
9.3041 0
9.30984 0
9.31557 0
9.32131 0
9.32705 0
9.33278 0
9.33852 0
9.34425 0
9.34999 0
9.35573 0
9.36146 0
9.3672 0
9.37294 0
9.37867 0
9.38441 0
9.39014 0
9.39588 0
9.40162 0
9.40735 0
9.41309 0
9.41882 0
9.42456 0
9.4303 0
9.43603 0
9.44177 0
9.44751 0
9.45324 0
9.45898 0
9.46471 0
9.47045 0
9.47619 0
9.48192 0
9.48766 0
9.4934 0
9.49913 0
9.50487 0
9.5106 0
9.51634 0
9.52208 0
9.52781 0
9.53355 0
9.53928 0
9.54502 0
9.55076 0
9.55649 0
9.56223 0
9.56797 0
9.5737 0
9.57944 0
9.58517 0
9.59091 0
9.59665 0
9.60238 0
9.60812 0
9.61386 0
9.61959 0
9.62533 0
9.63106 0
9.6368 0
9.64254 0
9.64827 0
9.65401 0
9.65974 0
9.66548 0
9.67122 0
9.67695 0
9.68269 0
9.68843 0
9.69416 0
9.6999 0
9.70563 0
9.71137 0
9.71711 0
9.72284 0
9.72858 0
9.73432 0
9.74005 0
9.74579 0
9.75152 0
9.75726 0
9.763 0
9.76873 0
9.77447 0
9.7802 0
9.78594 0
9.79168 0
9.79741 0
9.80315 0
9.80889 0
9.81462 0
9.82036 0
9.82609 0
9.83183 0
9.83757 0
9.8433 0
9.84904 0
9.85478 0
9.86051 0
9.86625 0
9.87198 0
9.87772 0
9.88346 0
9.88919 0
9.89493 0
9.90066 0
9.9064 0
9.91214 0
9.91787 0
9.92361 0
9.92935 0
9.93508 0
9.94082 0
9.94655 0
9.95229 0
9.95803 0
9.96376 0
9.9695 0
9.97524 0
9.98097 0
9.98671 0
9.99244 0
9.99818 0
10.0039 0
10.0097 0
10.0154 0
10.0211 0
10.0269 0
10.0326 0
10.0383 0
10.0441 0
10.0498 0
10.0555 0
10.0613 0
10.067 0
10.0728 0
10.0785 0
10.0842 0
10.09 0
10.0957 0
10.1014 0
10.1072 0
10.1129 0
10.1186 0
10.1244 0
10.1301 0
10.1358 0
10.1416 0
10.1473 0
10.1531 0
10.1588 0
10.1645 0
10.1703 0
10.176 0
10.1817 0
10.1875 0
10.1932 0
10.1989 0
10.2047 0
10.2104 0
10.2162 0
10.2219 0
10.2276 0
10.2334 0
10.2391 0
10.2448 0
10.2506 0
10.2563 0
10.262 0
10.2678 0
10.2735 0
10.2793 0
10.285 0
10.2907 0
10.2965 0
10.3022 0
10.3079 0
10.3137 0
10.3194 0
10.3251 0
10.3309 0
10.3366 0
10.3424 0
10.3481 0
10.3538 0
10.3596 0
10.3653 0
10.371 0
10.3768 0
10.3825 0
10.3882 0
10.394 0
10.3997 0
10.4054 0
10.4112 0
10.4169 0
10.4227 0
10.4284 0
10.4341 0
10.4399 0
10.4456 0
10.4513 0
10.4571 0
10.4628 0
10.4685 0
10.4743 0
10.48 0
10.4858 0
10.4915 0
10.4972 0
10.503 0
10.5087 0
10.5144 0
10.5202 0
10.5259 0
10.5316 0
10.5374 0
10.5431 0
10.5489 0
10.5546 0
10.5603 0
10.5661 0
10.5718 0
10.5775 0
10.5833 0
10.589 0
10.5947 0
10.6005 0
10.6062 0
10.612 0
10.6177 0
10.6234 0
10.6292 0
10.6349 0
10.6406 0
10.6464 0
10.6521 0
10.6578 0
10.6636 0
10.6693 0
10.6751 0
10.6808 0
10.6865 0
10.6923 0
10.698 0
10.7037 0
10.7095 0
10.7152 0
10.7209 0
10.7267 0
10.7324 0
10.7381 0
10.7439 0
10.7496 0
10.7554 0
10.7611 0
10.7668 0
10.7726 0
10.7783 0
10.784 0
10.7898 0
10.7955 0
10.8012 0
10.807 0
10.8127 0
10.8185 0
10.8242 0
10.8299 0
10.8357 0
10.8414 0
10.8471 0
10.8529 0
10.8586 0
10.8643 0
10.8701 0
10.8758 0
10.8816 0
10.8873 0
10.893 0
10.8988 0
10.9045 0
10.9102 0
10.916 0
10.9217 0
10.9274 0
10.9332 0
10.9389 0
10.9447 0
10.9504 0
10.9561 0
10.9619 0
10.9676 0
10.9733 0
10.9791 0
10.9848 0
10.9905 0
10.9963 0
11.002 0
11.0077 0
11.0135 0
11.0192 0
11.025 0
11.0307 0
11.0364 0
11.0422 0
11.0479 0
11.0536 0
11.0594 0
11.0651 0
11.0708 0
11.0766 0
11.0823 0
11.0881 0
11.0938 0
11.0995 0
11.1053 0
11.111 0
11.1167 0
11.1225 0
11.1282 0
11.1339 0
11.1397 0
11.1454 0
11.1512 0
11.1569 0
11.1626 0
11.1684 0
11.1741 0
11.1798 0
11.1856 0
11.1913 0
11.197 0
11.2028 0
11.2085 0
11.2143 0
11.22 0
11.2257 0
11.2315 0
11.2372 0
11.2429 0
11.2487 0
11.2544 0
11.2601 0
11.2659 0
11.2716 0
11.2774 0
11.2831 0
11.2888 0
11.2946 0
11.3003 0
11.306 0
11.3118 0
11.3175 0
11.3232 0
11.329 0
11.3347 0
11.3404 0
11.3462 0
11.3519 0
11.3577 0
11.3634 0
11.3691 0
11.3749 0
11.3806 0
11.3863 0
11.3921 0
11.3978 0
11.4035 0
11.4093 0
11.415 0
11.4208 0
11.4265 0
11.4322 0
11.438 0
11.4437 0
11.4494 0
11.4552 0
11.4609 0
11.4666 0
11.4724 0
11.4781 0
11.4839 0
11.4896 0
11.4953 0
11.5011 0
11.5068 0
11.5125 0
11.5183 0
11.524 0
11.5297 0
11.5355 0
11.5412 0
11.547 0
11.5527 0
11.5584 0
11.5642 0
11.5699 0
11.5756 0
11.5814 0
11.5871 0
11.5928 0
11.5986 0
11.6043 0
11.61 0
11.6158 0
11.6215 0
11.6273 0
11.633 0
11.6387 0
11.6445 0
11.6502 0
11.6559 0
11.6617 0
11.6674 0
11.6731 0
11.6789 0
11.6846 0
11.6904 0
11.6961 0
11.7018 0
11.7076 0
11.7133 0
11.719 0
11.7248 0
11.7305 0
11.7362 0
11.742 0
