0 0
0.00573619 34
0.0114724 -36
0.0172086 0
0.0229448 -1
0.028681 -35
0.0344171 0
0.0401533 13
0.0458895 -15
0.0516257 -6
0.0573619 0
0.0630981 7
0.0688343 9
0.0745705 0
0.0803067 5
0.0860429 6
0.091779 0
0.0975152 2.66667
0.103251 3.66667
0.108988 17.3333
0.114724 0
0.12046 -7
0.126196 -16.6667
0.131932 0
0.137669 4.66667
0.143405 8.33333
0.149141 -11
0.154877 18
0.160613 5
0.16635 -6
0.172086 0
0.177822 1.33333
0.183558 -12.5
0.189294 0
0.19503 0
0.200767 -10.2
0.206503 -2
0.212239 -4.5
0.217975 4.8
0.223711 5.2
0.229448 0
0.235184 -18.4
0.24092 -17.2
0.246656 0
0.252392 19
0.258129 -5.6
0.263865 -5.4
0.269601 0
0.275337 1.8
0.281073 13.8571
0.28681 0
0.292546 -8.28571
0.298282 -6.71429
0.304018 -3
0.309754 -15
0.31549 6.71429
0.321227 -5.57143
0.326963 0
0.332699 -0.428571
0.338435 -5.28571
0.344171 0
0.349908 -3.28571
0.355644 0.571429
0.36138 -9.6
0.367116 -1.5
0.372852 -14.875
0.378589 9.71429
0.384325 6
0.390061 6.22222
0.395797 -6.55556
0.401533 0
0.40727 -1.55556
0.413006 2.44444
0.418742 2.42857
0.424478 6
0.430214 4.44444
0.43595 5.88889
0.441687 0
0.447423 19.4444
0.453159 8
0.458895 3.33333
0.464631 11.2857
0.470368 11.8182
0.476104 1.44444
0.48184 4.5
0.487576 12.3636
0.493312 13.4545
0.499049 0
0.504785 11.6364
0.510521 15.3636
0.516257 11.6
0.521993 21.5
0.52773 16.5455
0.533466 14.2222
0.539202 6.5
0.544938 15.6364
0.550674 16.8182
0.55641 0
0.562147 16.9167
0.567883 17.6923
0.573619 19.2857
0.579355 8.16667
0.585091 16.6154
0.590828 16
0.596564 25.5
0.6023 5.23077
0.608036 8.92308
0.613772 12
0.619509 16.625
0.625245 15.2308
0.630981 23.3333
0.636717 29.75
0.642453 14.4615
0.64819 16.3077
0.653926 44
0.659662 30.6
0.665398 22.2
0.671134 24.1429
0.67687 20.875
0.682607 20.6
0.688343 21.5455
0.694079 17.25
0.699815 22.6
0.705551 26.7333
0.711288 47
0.717024 29
0.72276 26.5333
0.728496 22.7778
0.734232 25.1667
0.739969 23.125
0.745705 25.0769
0.751441 15.3333
0.757177 23.7059
0.762913 22.8824
0.76865 24
0.774386 21.3333
0.780122 27.5294
0.785858 18.7273
0.791594 26.8333
0.79733 30.8824
0.803067 25.8
0.808803 23
0.814539 20.1765
0.820275 22.5294
0.826011 14.1111
0.831748 33
0.837484 18.5556
0.84322 23.1538
0.848956 12.3333
0.854692 27.8947
0.860429 23.7059
0.866165 22.6
0.871901 20.6875
0.877637 29.1579
0.883373 33
0.88911 25.375
0.894846 18.3158
0.900582 25.6
0.906318 25.25
0.912054 22.6842
0.91779 22.6471
0.923527 24.2222
0.929263 29.6923
0.934999 22
0.940735 28.8462
0.946471 19.5
0.952208 25.2857
0.957944 20.1176
0.96368 24.5
0.969416 25.1429
0.975152 20.7368
0.980889 18.2727
0.986625 26.9167
0.992361 24.3333
0.998097 30.1333
1.00383 20.8333
1.00957 29.6667
1.01531 29.8235
1.02104 32.3
1.02678 23.7647
1.03251 27
1.03825 24.0769
1.04399 23.5
1.04972 22.913
1.05546 16.0588
1.0612 31.8333
1.06693 28.6522
1.07267 26.6842
1.0784 25.0769
1.08414 16.9286
1.08988 17.3043
1.09561 26.1333
1.10135 34.875
1.10708 25.7826
1.11282 27.8824
1.11856 19.2857
1.12429 27.7083
1.13003 28.9048
1.13577 24.8667
1.1415 22
1.14724 27.88
1.15297 27
1.15871 23.8
1.16445 26.8
1.17018 23.8947
1.17592 17.4615
1.18166 27.3333
1.18739 25.9565
1.19313 20.4
1.19886 28.1667
1.2046 16.48
1.21034 25.2778
1.21607 15.8889
1.22181 18.5926
1.22754 27.619
1.23328 20.5294
1.23902 22.8125
1.24475 26.52
1.25049 28.8235
1.25623 30.6667
1.26196 24.2593
1.2677 25
1.27343 22.9231
1.27917 27.1818
1.28491 27.6522
1.29064 25.1176
1.29638 19.1333
1.30212 28.4074
1.30785 24.8333
1.31359 30
1.31932 28.931
1.32506 26.6667
1.3308 29.4118
1.33653 16.3
1.34227 24.4
1.348 32.9474
1.35374 37.7857
1.35948 22.3704
1.36521 23.0476
1.37095 28.5
1.37669 26
1.38242 25.4783
1.38816 25.5294
1.39389 27.5263
1.39963 24.1111
1.40537 24.3
1.4111 25.1429
1.41684 28.6207
1.42258 24.0435
1.42831 26.2353
1.43405 24.1667
1.43978 25.68
1.44552 27.0476
1.45126 22.6875
1.45699 26.1724
1.46273 26.1429
1.46846 28.5
1.4742 28.9032
1.47994 27.7391
1.48567 23.95
1.49141 27.5238
1.49715 26.4815
1.50288 26.7273
1.50862 24.625
1.51435 25.5517
1.52009 27.16
1.52583 23.1333
1.53156 22.9333
1.5373 27.28
1.54304 24.7619
1.54877 16.6
1.55451 16.9655
1.56024 27.1304
1.56598 23.7857
1.57172 28.9355
1.57745 23.5769
1.58319 20.25
1.58892 25.6
1.59466 25.5926
1.6004 29.16
1.60613 24.5556
1.61187 22.2903
1.61761 23.68
1.62334 20.9286
1.62908 29.7273
1.63481 28.0741
1.64055 29
1.64629 28.1818
1.65202 22.8621
1.65776 27.2
1.6635 28
1.66923 23.6452
1.67497 30
1.6807 22.1
1.68644 19
1.69218 27.5357
1.69791 23.08
1.70365 29
1.70938 20.0645
1.71512 31.8519
1.72086 25.5
1.72659 24.4545
1.73233 22.7241
1.73807 34.2174
1.7438 31.2308
1.74954 26.8276
1.75527 21.6296
1.76101 28.7368
1.76675 26.8788
1.77248 20.25
1.77822 31.95
1.78396 28.0667
1.78969 20.871
1.79543 31.3333
1.80116 28.125
1.8069 28.0323
1.81264 25.5517
1.81837 31.3889
1.82411 26.4857
1.82984 24.6207
1.83558 28.4
1.84132 28.6923
1.84705 25.2581
1.85279 25.9643
1.85853 17.913
1.86426 20.6364
1.87 25.3667
1.87573 26.7059
1.88147 27.6286
1.88721 22.7879
1.89294 23
1.89868 29.0385
1.90442 25.2121
1.91015 23.129
1.91589 33.7
1.92162 32.6857
1.92736 35.2581
1.9331 36.32
1.93883 46
1.94457 37
1.9503 36.1333
1.95604 36.5
1.96178 26.7941
1.96751 30
1.97325 32
1.97899 27.2432
1.98472 32.6364
1.99046 28.8966
1.99619 32.4231
2.00193 29.8
2.00767 26.9032
2.0134 29.125
2.01914 27.9143
2.02488 28.6061
2.03061 23.4
2.03635 29.9062
2.04208 24.7941
2.04782 16.3125
2.05356 26.4167
2.05929 30.7778
2.06503 25.9706
2.07076 21.1364
2.0765 37.8108
2.08224 27.9143
2.08797 26.069
2.09371 29.2857
2.09945 27.1081
2.10518 32.9697
2.11092 33.1667
2.11665 26.9459
2.12239 24.6
2.12813 22.8261
2.13386 31.4054
2.1396 27.8889
2.14534 23.875
2.15107 22.6923
2.15681 29.8158
2.16254 30.7222
2.16828 22.5
2.17402 28.4872
2.17975 27.9459
2.18549 27.1613
2.19122 33.1333
2.19696 28.1622
2.2027 35.9714
2.20843 35
2.21417 73.0769
2.21991 76.7568
2.22564 35.6364
2.23138 38.575
2.23711 31.9211
2.24285 33.2941
2.24859 29.5357
2.25432 34.1316
2.26006 30
2.2658 31.0455
2.27153 32.1951
2.27727 32.0256
2.283 23.7742
2.28874 33.4688
2.29448 37.7436
2.30021 34.7297
2.30595 30.8462
2.31168 31.9487
2.31742 32.1
2.32316 31.5
2.32889 37.0476
2.33463 34.1
2.34037 40.3056
2.3461 37.8571
2.35184 41.7143
2.35757 50.7297
2.36331 44.6923
2.36905 43.0732
2.37478 43.6341
2.38052 44.6129
2.38626 40.0294
2.39199 36.0698
2.39773 39.5405
2.40346 33.7692
2.4092 31.9318
2.41494 33.575
2.42067 35.5455
2.42641 37.6364
2.43214 35.4762
2.43788 33.6571
2.44362 31.6774
2.44935 38.3111
2.45509 37.4615
2.46083 34
2.46656 36.1111
2.4723 32.7805
2.47803 32.5172
2.48377 34.725
2.48951 30.5814
2.49524 31.3846
2.50098 33.0769
2.50672 37.2826
2.51245 35.119
2.51819 29.9583
2.52392 29.913
2.52966 31.8636
2.5354 37.0606
2.54113 33.4571
2.54687 34.2222
2.5526 30.8537
2.55834 27.2308
2.56408 34.6383
2.56981 33.0465
2.57555 31.2414
2.58129 29.619
2.58702 30.8222
2.59276 36.6486
2.59849 31.5455
2.60423 33.1957
2.60997 36.8182
2.6157 36.0417
2.62144 33.0417
2.62718 34.9565
2.63291 29.2857
2.63865 30.2222
2.64438 35.6383
2.65012 31.439
2.65586 31.3
2.66159 41.5957
2.66733 33.0444
2.67306 35.36
2.6788 37.75
2.68454 38.4583
2.69027 32.4615
2.69601 41.2727
2.70175 36.1042
2.70748 33.3778
2.71322 34.7037
2.71895 40.625
2.72469 40.2083
2.73043 38.5714
2.73616 35.0526
2.7419 35.1224
2.74764 32.6047
2.75337 34.1333
2.75911 34.9592
2.76484 31.9388
2.77058 35.4167
2.77632 35.3673
2.78205 38.36
2.78779 33.4103
2.79352 34.9143
2.79926 37.1154
2.805 39.7111
2.81073 31.4074
2.81647 34.6923
2.82221 37.0612
2.82794 31.4865
2.83368 32.7105
2.83941 33.1509
2.84515 35.3659
2.85089 32.25
2.85662 35.0943
2.86236 35.7143
2.8681 35.3333
2.87383 36.4444
2.87957 36.72
2.8853 36.2683
2.89104 33.8649
2.89678 42.1154
2.90251 36.4444
2.90825 35.5862
2.91398 41.1296
2.91972 41.6667
2.92546 33.4865
2.93119 38.8333
2.93693 37.9245
2.94267 41.3333
2.9484 39.9375
2.95414 38.2075
2.95987 40.2245
2.96561 38.6296
2.97135 37.8929
2.97708 43.5556
2.98282 37.0769
2.98856 38.8205
2.99429 40.7778
3.00003 40.234
3.00576 41.9355
3.0115 43.0727
3.01724 41.0755
3.02297 42.0811
3.02871 38.9545
3.03444 44.9273
3.04018 43.8222
3.04592 39.6765
3.05165 45.6545
3.05739 38.5686
3.06313 38.5517
3.06886 46.8036
3.0746 44.4909
3.08033 45.6591
3.08607 43.2973
3.09181 49.4464
3.09754 54.4082
3.10328 52.7742
3.10902 57.9153
3.11475 55.3585
3.12049 53.2821
3.12622 50.087
3.13196 46.5636
3.1377 45.3617
3.14343 54
3.14917 51.6379
3.1549 53.8431
3.16064 53.7241
3.16638 49.1167
3.17211 51.5455
3.17785 50.8864
3.18359 51.2927
3.18932 50.5
3.19506 45.7143
3.20079 53.2353
3.20653 48.3051
3.21227 51.5094
3.218 47.8293
3.22374 52.2708
3.22948 56.678
3.23521 52.9111
3.24095 52.9231
3.24668 54.4333
3.25242 55.9811
3.25816 48.1471
3.26389 62.0175
3.26963 53.2281
3.27536 53.7609
3.2811 59.0976
3.28684 56.4167
3.29257 65.8775
3.29831 58.0556
3.30405 60.4603
3.30978 65.7636
3.31552 70.9767
3.32125 69.7292
3.32699 74.807
3.33273 70.9804
3.33846 70.4615
3.3442 72.8871
3.34994 80.8627
3.35567 71.9211
3.36141 70.7627
3.36714 69.4912
3.37288 65.5625
3.37862 65.3721
3.38435 62.4098
3.39009 63.0189
3.39582 67.0278
3.40156 64.3333
3.4073 74.1091
3.41303 72.234
3.41877 73.8542
3.42451 70
3.43024 70.28
3.43598 70.5366
3.44171 66.6667
3.44745 67.75
3.45319 63.2381
3.45892 71.2
3.46466 72.2881
3.4704 71.92
3.47613 65.5116
3.48187 71
3.4876 75.3208
3.49334 77.0263
3.49908 69.8358
3.50481 75.2632
3.51055 72.8511
3.51628 79.3137
3.52202 83.3607
3.52776 88.7407
3.53349 95.1951
3.53923 122.4
3.54497 149.333
3.5507 165.729
3.55644 148.127
3.56217 123.949
3.56791 102.115
3.57365 92.3478
3.57938 92.0154
3.58512 90.7455
3.59086 81.2632
3.59659 92.403
3.60233 90.8983
3.60806 87.5686
3.6138 94.4898
3.61954 95.2381
3.62527 104.071
3.63101 103.463
3.63674 115.657
3.64248 128.414
3.64822 138.312
3.65395 147.386
3.65969 151.738
3.66543 141.444
3.67116 134.891
3.6769 136.984
3.68263 141.328
3.68837 129.316
3.69411 134.986
3.69984 137.186
3.70558 136.278
3.71132 137.196
3.71705 138.385
3.72279 143.518
3.72852 142.116
3.73426 147.015
3.74 150.79
3.74573 153.12
3.75147 153.527
3.7572 162.698
3.76294 168.881
3.76868 171.864
3.77441 174.821
3.78015 190.864
3.78589 194.532
3.79162 205.453
3.79736 221.922
3.80309 226.089
3.80883 244.392
3.81457 263.554
3.8203 296.917
3.82604 315.233
3.83178 363.261
3.83751 455.419
3.84325 555.143
3.84898 882.076
3.85472 1447.92
3.86046 1462.9
3.86619 1616.02
3.87193 1751.03
3.87766 2095.07
3.8834 2689.27
3.88914 3375.92
3.89487 4086.65
3.90061 3680.57
3.90635 2966.53
3.91208 2145.51
3.91782 1456.14
3.92355 1087.85
3.92929 854.366
3.93503 657.031
3.94076 537.741
3.9465 463.222
3.95224 403.896
3.95797 369.032
3.96371 320.87
3.96944 306.634
3.97518 286.048
3.98092 257.179
3.98665 249.741
3.99239 239.5
3.99812 229.952
4.00386 214.265
4.0096 214.145
4.01533 204.281
4.02107 197.06
4.02681 193.318
4.03254 192.167
4.03828 190.3
4.04401 185.942
4.04975 181.141
4.05549 167.508
4.06122 163.109
4.06696 166.739
4.0727 166.971
4.07843 159.367
4.08417 153.804
4.0899 150.235
4.09564 150.219
4.10138 143.6
4.10711 154.806
4.11285 148.682
4.11858 145.179
4.12432 145.984
4.13006 150
4.13579 143.429
4.14153 141.827
4.14727 138.89
4.153 144.015
4.15874 137.568
4.16447 140.082
4.17021 141.111
4.17595 139.758
4.18168 142.786
4.18742 139.071
4.19316 146.303
4.19889 142.98
4.20463 142.554
4.21036 139.838
4.2161 137.817
4.22184 136.862
4.22757 137.236
4.23331 144.657
4.23904 134.58
4.24478 136
4.25052 139.783
4.25625 134.5
4.26199 138.625
4.26773 140.639
4.27346 139.758
4.2792 137.804
4.28493 140.958
4.29067 142.343
4.29641 140.312
4.30214 140.158
4.30788 141.943
4.31362 145.016
4.31935 145.75
4.32509 152.5
4.33082 154.652
4.33656 153.94
4.3423 156.733
4.34803 162.162
4.35377 168.871
4.3595 172.167
4.36524 173.568
4.37098 178.586
4.37671 180.167
4.38245 188.311
4.38819 201.736
4.39392 207.281
4.39966 207.797
4.40539 224.653
4.41113 246.412
4.41687 255.556
4.4226 298.403
4.42834 458
4.43408 696.812
4.43981 1525.97
4.44555 4666.25
4.45128 1958.29
4.45702 4148.12
4.46276 1083.43
4.46849 616.375
4.47423 618.204
4.47996 626.184
4.4857 685.054
4.49144 726.569
4.49717 769.825
4.50291 792.132
4.50865 756.286
4.51438 684.731
4.52012 582.519
4.52585 475.36
4.53159 399.947
4.53733 340.211
4.54306 297.2
4.5488 262.343
4.55454 235.053
4.56027 212.988
4.56601 197.338
4.57174 179.673
4.57748 171.385
4.58322 159.538
4.58895 148.761
4.59469 144.18
4.60042 139.026
4.60616 138.32
4.6119 129.14
4.61763 131.59
4.62337 131.821
4.62911 129.238
4.63484 125.831
4.64058 120.5
4.64631 113.556
4.65205 110.071
4.65779 107.125
4.66352 107.962
4.66926 102.033
4.675 106.479
4.68073 102.949
4.68647 106.781
4.6922 104.684
4.69794 105.838
4.70368 107.234
4.70941 106.5
4.71515 104.6
4.72088 110.775
4.72662 111.855
4.73236 109.714
4.73809 108.402
4.74383 107.013
4.74957 105.404
4.7553 102.881
4.76104 105.1
4.76677 94.806
4.77251 100.108
4.77825 95.5854
4.78398 89.2533
4.78972 85.6909
4.79546 89.7412
4.80119 84.6076
4.80693 80.1692
4.81266 83.1127
4.8184 80.1667
4.82414 84.4795
4.82987 82.1639
4.83561 80.5714
4.84134 81.875
4.84708 75.6415
4.85282 81.3412
4.85855 80.3415
4.86429 83.493
4.87003 78.1148
4.87576 79.4302
4.8815 76.5385
4.88723 73.4444
4.89297 72.9647
4.89871 75.3452
4.90444 78.0282
4.91018 75.1194
4.91592 72.9762
4.92165 73.5316
4.92739 73.9298
4.93312 73.2791
4.93886 72.9286
4.9446 71.1493
4.95033 71.3521
4.95607 71.9186
4.9618 70.8442
4.96754 70.9322
4.97328 73.6512
4.97901 73.2651
4.98475 73.3934
4.99049 75.9615
4.99622 71.7841
5.00196 72.8767
5.00769 73.1905
5.01343 72.2614
5.01917 71.4699
5.0249 67.6038
5.03064 67.7556
5.03638 73.1512
5.04211 69.36
5.04785 71.2769
5.05358 72.6977
5.05932 71.8395
5.06506 70.6491
5.07079 69.8409
5.07653 70.7011
5.08226 74.3662
5.088 71.493
5.09374 72.6667
5.09947 68.5325
5.10521 67.873
5.11095 68.1111
5.11668 68.4353
5.12242 66.2424
5.12815 71.4675
5.13389 68.8667
5.13963 72.4675
5.14536 73.0328
5.1511 71.3587
5.15684 70.5422
5.16257 68.871
5.16831 74.119
5.17404 72.0449
5.17978 74.2051
5.18552 65.3284
5.19125 67.5778
5.19699 72.1566
5.20272 71.017
5.20846 67.0761
5.2142 67.5393
5.21993 68.9342
5.22567 67.8406
5.23141 65.9239
5.23714 70.6296
5.24288 66.5246
5.24861 67.7609
5.25435 67.6292
5.26009 70.7143
5.26582 67.2763
5.27156 69.2418
5.2773 71.4875
5.28303 73.7077
5.28877 71.5957
5.2945 72.9425
5.30024 75.3611
5.30598 71.2279
5.31171 74.6966
5.31745 79.3171
5.32318 70.8615
5.32892 75.2872
5.33466 72.8851
5.34039 67.4848
5.34613 70.9882
5.35187 68.3626
5.3576 67.6049
5.36334 67.0149
5.36907 66.9896
5.37481 70.7765
5.38055 70.7869
5.38628 78.3021
5.39202 86.8571
5.39776 88.7125
5.40349 87.2817
5.40923 83.5521
5.41496 75.6914
5.4207 71.8095
5.42644 70.1531
5.43217 71.2022
5.43791 71.7564
5.44364 72.9178
5.44938 75.0309
5.45512 71.1707
5.46085 67.1343
5.46659 68.8163
5.47233 66.1685
5.47806 68.8289
5.4838 70.0247
5.48953 69.0215
5.49527 71.0357
5.50101 73.0746
5.50674 70.9694
5.51248 68.2472
5.51822 72.6892
5.52395 68.1928
5.52969 68.8817
5.53542 68.9167
5.54116 69.2206
5.5469 72.3434
5.55263 65.9667
5.55837 68.75
5.5641 69
5.56984 68.5484
5.57558 69.2143
5.58131 68.2466
5.58705 69.9495
5.59279 71.2841
5.59852 72.254
5.60426 69.55
5.60999 68.6129
5.61573 73.5488
5.62147 72.7733
5.6272 68.9794
5.63294 69.7326
5.63868 67.9403
5.64441 69.6373
5.65015 68.7527
5.65588 71.381
5.66162 72.5974
5.66736 76.3636
5.67309 75.5349
5.67883 74.4783
5.68456 71.8119
5.6903 72.8444
5.69604 72.9512
5.70177 69.5783
5.70751 73.4
5.71325 76
5.71898 74.7042
5.72472 77.8283
5.73045 76.3011
5.73619 76.0625
5.74193 76.0449
5.74766 79.5263
5.7534 78.4318
5.75914 80.831
5.76487 78.5247
5.77061 82.2553
5.77634 83.5513
5.78208 85.2135
5.78782 83.4227
5.79355 86.5814
5.79929 84.84
5.80502 80.7426
5.81076 80.25
5.8165 75.5676
5.82223 80.6667
5.82797 76.9286
5.83371 81.0116
5.83944 78.5696
5.84518 83.3333
5.85091 85.125
5.85665 80.3692
5.86239 80.2
5.86812 87.2449
5.87386 83.7442
5.8796 81.962
5.88533 83.0396
5.89107 82.8913
5.8968 81.8696
5.90254 83.3048
5.90828 79.5204
5.91401 84.6977
5.91975 80.9036
5.92548 83.1414
5.93122 87.2128
5.93696 87
5.94269 85.3333
5.94843 85.8021
5.95417 88.4432
5.9599 87.7294
5.96564 90.202
5.97137 93.7021
5.97711 89.4658
5.98285 89.6214
5.98858 93.2653
5.99432 92.3214
6.00006 93.4045
6.00579 100.707
6.01153 102.585
6.01726 109.147
6.023 98.6667
6.02874 99.2396
6.03447 100.136
6.04021 95.9333
6.04594 95.1939
6.05168 96.2188
6.05742 98.0519
6.06315 99.2952
6.06889 99.6875
6.07463 97.5595
6.08036 99.6064
6.0861 100.429
6.09183 108.51
6.09757 103.859
6.10331 105.443
6.10904 103.99
6.11478 109.756
6.12052 108.938
6.12625 105.1
6.13199 105.894
6.13772 108.5
6.14346 109.804
6.1492 109.99
6.15493 117.625
6.16067 118.196
6.1664 118.224
6.17214 121.628
6.17788 124.06
6.18361 121.127
6.18935 123.333
6.19509 129.84
6.20082 132.761
6.20656 138.676
6.21229 146.062
6.21803 154.305
6.22377 157.66
6.2295 165.09
6.23524 177.667
6.24098 162.44
6.24671 168.176
6.25245 185.362
6.25818 194.64
6.26392 187.118
6.26966 255.157
6.27539 517.92
6.28113 283.183
6.28686 1788.98
6.2926 6041.38
6.29834 1494.85
6.30407 3857.47
6.30981 2151.35
6.31555 1939.6
6.32128 686.167
6.32702 494.49
6.33275 510.771
6.33849 392.17
6.34423 397.798
6.34996 416.284
6.3557 453.192
6.36144 496.13
6.36717 586.971
6.37291 656.947
6.37864 659.256
6.38438 606.151
6.39012 527.735
6.39585 451.763
6.40159 385.722
6.40732 323.333
6.41306 283.84
6.4188 247.663
6.42453 223.113
6.43027 206.51
6.43601 196.5
6.44174 188.689
6.44748 185.537
6.45321 177.5
6.45895 180.315
6.46469 175.762
6.47042 172.049
6.47616 163.524
6.4819 151.245
6.48763 148.25
6.49337 146.344
6.4991 140.274
6.50484 140.241
6.51058 139.049
6.51631 134.333
6.52205 134.627
6.52778 130.287
6.53352 139.163
6.53926 127.896
6.54499 129.194
6.55073 132.284
6.55647 131.44
6.5622 131.487
6.56794 132.639
6.57367 136.323
6.57941 134.379
6.58515 134.402
6.59088 128.365
6.59662 131.405
6.60236 124.447
6.60809 121.708
6.61383 121.634
6.61956 117.124
6.6253 120.393
6.63104 116.99
6.63677 115.674
6.64251 117.465
6.64824 116.075
6.65398 118.451
6.65972 121.294
6.66545 120.366
6.67119 127
6.67693 124.174
6.68266 124.776
6.6884 125.88
6.69413 123.099
6.69987 120.087
6.70561 115.875
6.71134 118.942
6.71708 122.761
6.72282 121.386
6.72855 120.713
6.73429 121.528
6.74002 116.745
6.74576 116.835
6.7515 120.029
6.75723 118.663
6.76297 117.267
6.7687 116.098
6.77444 118
6.78018 114.076
6.78591 117.569
6.79165 117.738
6.79739 117.126
6.80312 117.096
6.80886 117.08
6.81459 121.055
6.82033 119.305
6.82607 116.948
6.8318 118.695
6.83754 118.807
6.84328 116.427
6.84901 117.259
6.85475 117.231
6.86048 116.688
6.86622 112.922
6.87196 118.477
6.87769 117.839
6.88343 118.008
6.88916 117.982
6.8949 118.402
6.90064 120.46
6.90637 118.684
6.91211 120
6.91785 119.966
6.92358 120.446
6.92932 120.159
6.93505 123.719
6.94079 124.248
6.94653 120.621
6.95226 123.944
6.958 119.582
6.96374 117.633
6.96947 122.649
6.97521 122.857
6.98094 117.847
6.98668 121.147
6.99242 120.422
6.99815 120.169
7.00389 122.85
7.00962 120.586
7.01536 127.043
7.0211 123.618
7.02683 128.314
7.03257 126.542
7.03831 126.903
7.04404 125.541
7.04978 124.504
7.05551 129.34
7.06125 128.055
7.06699 126.885
7.07272 125.725
7.07846 128.573
7.0842 133.115
7.08993 131.112
7.09567 128.806
7.1014 134.956
7.10714 132.849
7.11288 135.248
7.11861 137.022
7.12435 138.242
7.13008 132.402
7.13582 134.719
7.14156 134.459
7.14729 134.833
7.15303 135.642
7.15877 137.151
7.1645 139.589
7.17024 139.294
7.17597 138.694
7.18171 139.402
7.18745 139.131
7.19318 141.541
7.19892 140.652
7.20466 141.276
7.21039 144.812
7.21613 145.414
7.22186 146.376
7.2276 147.96
7.23334 154
7.23907 149.549
7.24481 154.246
7.25054 153.227
7.25628 151.78
7.26202 155.09
7.26775 156.27
7.27349 160.505
7.27923 159.903
7.28496 158.299
7.2907 164.908
7.29643 167.903
7.30217 164.046
7.30791 166.734
7.31364 182.197
7.31938 175.517
7.32512 184.785
7.33085 186.455
7.33659 196.625
7.34232 190.581
7.34806 200.977
7.3538 217.901
7.35953 207.452
7.36527 243.195
7.371 342.405
7.37674 1020.28
7.38248 468.191
7.38821 3738.5
7.39395 2500.97
7.39969 2066.78
7.40542 1853.72
7.41116 955.943
7.41689 749.321
7.42263 532.664
7.42837 424.222
7.4341 415.176
7.43984 415.888
7.44558 398.791
7.45131 431.124
7.45705 497.291
7.46278 535.097
7.46852 624.415
7.47426 702.915
7.47999 742.933
7.48573 716.305
7.49146 637.56
7.4972 549.609
7.50294 466.486
7.50867 399.836
7.51441 336.017
7.52015 298.451
7.52588 270.25
7.53162 244.16
7.53735 231.411
7.54309 210.583
7.54883 200.439
7.55456 187.916
7.5603 184.233
7.56604 176.637
7.57177 168.848
7.57751 168.339
7.58324 162.137
7.58898 162.847
7.59472 156.262
7.60045 156.08
7.60619 150.488
7.61192 151.38
7.61766 150.431
7.6234 151.406
7.62913 147.402
7.63487 145.81
7.64061 145.412
7.64634 145.789
7.65208 146.326
7.65781 142.992
7.66355 141.429
7.66929 141.694
7.67502 142.323
7.68076 146.717
7.6865 144.235
7.69223 146.924
7.69797 154.424
7.7037 152.535
7.70944 171.619
7.71518 291.48
7.72091 475.309
7.72665 849.744
7.73238 1616.08
7.73812 426.721
7.74386 210.265
7.74959 229.355
7.75533 205.19
7.76107 200.414
7.7668 197.895
7.77254 207.725
7.77827 217.246
7.78401 238.01
7.78975 257.015
7.79548 294.352
7.80122 333.845
7.80696 359.829
7.81269 376.376
7.81843 358.242
7.82416 329.063
7.8299 284.329
7.83564 239.727
7.84137 210.513
7.84711 188.227
7.85284 170.069
7.85858 155.976
7.86432 148.557
7.87005 140.892
7.87579 135.867
7.88153 131.557
7.88726 130.738
7.893 124.474
7.89873 121.133
7.90447 119.637
7.91021 116.128
7.91594 116.084
7.92168 115.95
7.92742 116.613
7.93315 113.599
7.93889 111.575
7.94462 107.027
7.95036 109.545
7.9561 109.205
7.96183 110.214
7.96757 107.124
7.9733 105.372
7.97904 105.438
7.98478 103.509
7.99051 104.304
7.99625 99.0526
8.00199 101.5
8.00772 101.614
8.01346 100.59
8.01919 99.6992
8.02493 102.613
8.03067 99.5575
8.0364 102.868
8.04214 97.2756
8.04788 99.5437
8.05361 98.2086
8.05935 99.8456
8.06508 97.5339
8.07082 97.7009
8.07656 98.0073
8.08229 98.9688
8.08803 98.9596
8.09376 91.6504
8.0995 86.3636
8.10524 84.4634
8.11097 76.9557
8.11671 70.4783
8.12245 63.7209
8.12818 59.3964
8.13392 59.3409
8.13965 53.0438
8.14539 48.1774
8.15113 45.1892
8.15686 23.4964
8.1626 25.1111
8.16834 22.4746
8.17407 18.6316
8.17981 2.73684
8.18554 0
8.19128 0
8.19702 0
8.20275 0
8.20849 0
8.21422 0
8.21996 0
8.2257 0
8.23143 0
8.23717 0
8.24291 0
8.24864 0
8.25438 0
8.26011 0
8.26585 0
8.27159 0
8.27732 0
8.28306 0
8.2888 0
8.29453 0
8.30027 0
8.306 0
8.31174 0
8.31748 0
8.32321 0
8.32895 0
8.33468 0
8.34042 0
8.34616 0
8.35189 0
8.35763 0
8.36337 0
8.3691 0
8.37484 0
8.38057 0
8.38631 0
8.39205 0
8.39778 0
8.40352 0
8.40926 0
8.41499 0
8.42073 0
8.42646 0
8.4322 0
8.43794 0
8.44367 0
8.44941 0
8.45514 0
8.46088 0
8.46662 0
8.47235 0
8.47809 0
8.48383 0
8.48956 0
8.4953 0
8.50103 0
8.50677 0
8.51251 0
8.51824 0
8.52398 0
8.52972 0
8.53545 0
8.54119 0
8.54692 0
8.55266 0
8.5584 0
8.56413 0
8.56987 0
8.5756 0
8.58134 0
8.58708 0
8.59281 0
8.59855 0
8.60429 0
8.61002 0
8.61576 0
8.62149 0
8.62723 0
8.63297 0
8.6387 0
8.64444 0
8.65018 0
8.65591 0
8.66165 0
8.66738 0
8.67312 0
8.67886 0
8.68459 0
8.69033 0
8.69606 0
8.7018 0
8.70754 0
8.71327 0
8.71901 0
8.72475 0
8.73048 0
8.73622 0
8.74195 0
8.74769 0
8.75343 0
8.75916 0
8.7649 0
8.77064 0
8.77637 0
8.78211 0
8.78784 0
8.79358 0
8.79932 0
8.80505 0
8.81079 0
8.81652 0
8.82226 0
8.828 0
8.83373 0
8.83947 0
8.84521 0
8.85094 0
8.85668 0
8.86241 0
8.86815 0
8.87389 0
8.87962 0
8.88536 0
8.8911 0
8.89683 0
8.90257 0
8.9083 0
8.91404 0
8.91978 0
8.92551 0
8.93125 0
8.93698 0
8.94272 0
8.94846 0
8.95419 0
8.95993 0
8.96567 0
8.9714 0
8.97714 0
8.98287 0
8.98861 0
8.99435 0
9.00008 0
9.00582 0
9.01156 0
9.01729 0
9.02303 0
9.02876 0
9.0345 0
9.04024 0
9.04597 0
9.05171 0
9.05744 0
9.06318 0
9.06892 0
9.07465 0
9.08039 0
9.08613 0
9.09186 0
9.0976 0
9.10333 0
9.10907 0
9.11481 0
9.12054 0
9.12628 0
9.13202 0
9.13775 0
9.14349 0
9.14922 0
9.15496 0
9.1607 0
9.16643 0
9.17217 0
9.1779 0
9.18364 0
9.18938 0
9.19511 0
9.20085 0
9.20659 0
9.21232 0
9.21806 0
9.22379 0
9.22953 0
9.23527 0
9.241 0
9.24674 0
9.25248 0
9.25821 0
9.26395 0
9.26968 0
9.27542 0
9.28116 0
9.28689 0
9.29263 0
9.29836 0
9.3041 0
9.30984 0
9.31557 0
9.32131 0
9.32705 0
9.33278 0
9.33852 0
9.34425 0
9.34999 0
9.35573 0
9.36146 0
9.3672 0
9.37294 0
9.37867 0
9.38441 0
9.39014 0
9.39588 0
9.40162 0
9.40735 0
9.41309 0
9.41882 0
9.42456 0
9.4303 0
9.43603 0
9.44177 0
9.44751 0
9.45324 0
9.45898 0
9.46471 0
9.47045 0
9.47619 0
9.48192 0
9.48766 0
9.4934 0
9.49913 0
9.50487 0
9.5106 0
9.51634 0
9.52208 0
9.52781 0
9.53355 0
9.53928 0
9.54502 0
9.55076 0
9.55649 0
9.56223 0
9.56797 0
9.5737 0
9.57944 0
9.58517 0
9.59091 0
9.59665 0
9.60238 0
9.60812 0
9.61386 0
9.61959 0
9.62533 0
9.63106 0
9.6368 0
9.64254 0
9.64827 0
9.65401 0
9.65974 0
9.66548 0
9.67122 0
9.67695 0
9.68269 0
9.68843 0
9.69416 0
9.6999 0
9.70563 0
9.71137 0
9.71711 0
9.72284 0
9.72858 0
9.73432 0
9.74005 0
9.74579 0
9.75152 0
9.75726 0
9.763 0
9.76873 0
9.77447 0
9.7802 0
9.78594 0
9.79168 0
9.79741 0
9.80315 0
9.80889 0
9.81462 0
9.82036 0
9.82609 0
9.83183 0
9.83757 0
9.8433 0
9.84904 0
9.85478 0
9.86051 0
9.86625 0
9.87198 0
9.87772 0
9.88346 0
9.88919 0
9.89493 0
9.90066 0
9.9064 0
9.91214 0
9.91787 0
9.92361 0
9.92935 0
9.93508 0
9.94082 0
9.94655 0
9.95229 0
9.95803 0
9.96376 0
9.9695 0
9.97524 0
9.98097 0
9.98671 0
9.99244 0
9.99818 0
10.0039 0
10.0097 0
10.0154 0
10.0211 0
10.0269 0
10.0326 0
10.0383 0
10.0441 0
10.0498 0
10.0555 0
10.0613 0
10.067 0
10.0728 0
10.0785 0
10.0842 0
10.09 0
10.0957 0
10.1014 0
10.1072 0
10.1129 0
10.1186 0
10.1244 0
10.1301 0
10.1358 0
10.1416 0
10.1473 0
10.1531 0
10.1588 0
10.1645 0
10.1703 0
10.176 0
10.1817 0
10.1875 0
10.1932 0
10.1989 0
10.2047 0
10.2104 0
10.2162 0
10.2219 0
10.2276 0
10.2334 0
10.2391 0
10.2448 0
10.2506 0
10.2563 0
10.262 0
10.2678 0
10.2735 0
10.2793 0
10.285 0
10.2907 0
10.2965 0
10.3022 0
10.3079 0
10.3137 0
10.3194 0
10.3251 0
10.3309 0
10.3366 0
10.3424 0
10.3481 0
10.3538 0
10.3596 0
10.3653 0
10.371 0
10.3768 0
10.3825 0
10.3882 0
10.394 0
10.3997 0
10.4054 0
10.4112 0
10.4169 0
10.4227 0
10.4284 0
10.4341 0
10.4399 0
10.4456 0
10.4513 0
10.4571 0
10.4628 0
10.4685 0
10.4743 0
10.48 0
10.4858 0
10.4915 0
10.4972 0
10.503 0
10.5087 0
10.5144 0
10.5202 0
10.5259 0
10.5316 0
10.5374 0
10.5431 0
10.5489 0
10.5546 0
10.5603 0
10.5661 0
10.5718 0
10.5775 0
10.5833 0
10.589 0
10.5947 0
10.6005 0
10.6062 0
10.612 0
10.6177 0
10.6234 0
10.6292 0
10.6349 0
10.6406 0
10.6464 0
10.6521 0
10.6578 0
10.6636 0
10.6693 0
10.6751 0
10.6808 0
10.6865 0
10.6923 0
10.698 0
10.7037 0
10.7095 0
10.7152 0
10.7209 0
10.7267 0
10.7324 0
10.7381 0
10.7439 0
10.7496 0
10.7554 0
10.7611 0
10.7668 0
10.7726 0
10.7783 0
10.784 0
10.7898 0
10.7955 0
10.8012 0
10.807 0
10.8127 0
10.8185 0
10.8242 0
10.8299 0
10.8357 0
10.8414 0
10.8471 0
10.8529 0
10.8586 0
10.8643 0
10.8701 0
10.8758 0
10.8816 0
10.8873 0
10.893 0
10.8988 0
10.9045 0
10.9102 0
10.916 0
10.9217 0
10.9274 0
10.9332 0
10.9389 0
10.9447 0
10.9504 0
10.9561 0
10.9619 0
10.9676 0
10.9733 0
10.9791 0
10.9848 0
10.9905 0
10.9963 0
11.002 0
11.0077 0
11.0135 0
11.0192 0
11.025 0
11.0307 0
11.0364 0
11.0422 0
11.0479 0
11.0536 0
11.0594 0
11.0651 0
11.0708 0
11.0766 0
11.0823 0
11.0881 0
11.0938 0
11.0995 0
11.1053 0
11.111 0
11.1167 0
11.1225 0
11.1282 0
11.1339 0
11.1397 0
11.1454 0
11.1512 0
11.1569 0
11.1626 0
11.1684 0
11.1741 0
11.1798 0
11.1856 0
11.1913 0
11.197 0
11.2028 0
11.2085 0
11.2143 0
11.22 0
11.2257 0
11.2315 0
11.2372 0
11.2429 0
11.2487 0
11.2544 0
11.2601 0
11.2659 0
11.2716 0
11.2774 0
11.2831 0
11.2888 0
11.2946 0
11.3003 0
11.306 0
11.3118 0
11.3175 0
11.3232 0
11.329 0
11.3347 0
11.3404 0
11.3462 0
11.3519 0
11.3577 0
11.3634 0
11.3691 0
11.3749 0
11.3806 0
11.3863 0
11.3921 0
11.3978 0
11.4035 0
11.4093 0
11.415 0
11.4208 0
11.4265 0
11.4322 0
11.438 0
11.4437 0
11.4494 0
11.4552 0
11.4609 0
11.4666 0
11.4724 0
11.4781 0
11.4839 0
11.4896 0
11.4953 0
11.5011 0
11.5068 0
11.5125 0
11.5183 0
11.524 0
11.5297 0
11.5355 0
11.5412 0
11.547 0
11.5527 0
11.5584 0
11.5642 0
11.5699 0
11.5756 0
11.5814 0
11.5871 0
11.5928 0
11.5986 0
11.6043 0
11.61 0
11.6158 0
11.6215 0
11.6273 0
11.633 0
11.6387 0
11.6445 0
11.6502 0
11.6559 0
11.6617 0
11.6674 0
11.6731 0
11.6789 0
11.6846 0
11.6904 0
11.6961 0
11.7018 0
11.7076 0
11.7133 0
11.719 0
11.7248 0
11.7305 0
11.7362 0
11.742 0
