0 0
0.00573619 37
0.0114724 -16
0.0172086 0
0.0229448 -19
0.028681 -11
0.0344171 0
0.0401533 -12
0.0458895 12
0.0516257 22
0.0573619 0
0.0630981 -8
0.0688343 1
0.0745705 0
0.0803067 16
0.0860429 -18
0.091779 0
0.0975152 -2
0.103251 6
0.108988 0.666667
0.114724 0
0.12046 1.33333
0.126196 22
0.131932 0
0.137669 5.33333
0.143405 -7.66667
0.149141 31
0.154877 -5
0.160613 4.66667
0.16635 19.6667
0.172086 0
0.177822 4
0.183558 1
0.189294 0
0.19503 7.8
0.200767 4.6
0.206503 -8.66667
0.212239 -3.5
0.217975 0.8
0.223711 -0.8
0.229448 0
0.235184 -4.8
0.24092 6.8
0.246656 0
0.252392 -8.4
0.258129 -7.2
0.263865 8.4
0.269601 0
0.275337 5.6
0.281073 4.42857
0.28681 0
0.292546 10.5714
0.298282 11.2857
0.304018 1
0.309754 -0.5
0.31549 3
0.321227 19.1429
0.326963 0
0.332699 4.57143
0.338435 1.14286
0.344171 0
0.349908 4.57143
0.355644 -1.28571
0.36138 3.8
0.367116 -7
0.372852 -2
0.378589 7.14286
0.384325 6
0.390061 1.11111
0.395797 3.22222
0.401533 0
0.40727 11.5556
0.413006 9.22222
0.418742 18.1429
0.424478 16
0.430214 9.22222
0.43595 9.88889
0.441687 0
0.447423 8
0.453159 14.5556
0.458895 24.3333
0.464631 6.14286
0.470368 8.18182
0.476104 21.6667
0.48184 18.5
0.487576 15.9091
0.493312 14.9091
0.499049 0
0.504785 20.2727
0.510521 22.1818
0.516257 19.4
0.521993 18.6667
0.52773 20.5455
0.533466 20.3333
0.539202 23.5
0.544938 17.7273
0.550674 24.8182
0.55641 0
0.562147 17.5
0.567883 20.9231
0.573619 21.8571
0.579355 21.1667
0.585091 18.2308
0.590828 25.6364
0.596564 8.5
0.6023 12.8462
0.608036 12.0769
0.613772 12
0.619509 21.875
0.625245 7.92308
0.630981 25.3333
0.636717 25.25
0.642453 20.7692
0.64819 11.3077
0.653926 36
0.659662 19.3333
0.665398 22.4667
0.671134 21.2857
0.67687 16.125
0.682607 26.8
0.688343 16.5455
0.694079 18
0.699815 22.3333
0.705551 16.9333
0.711288 43
0.717024 22.8571
0.72276 24.5333
0.728496 22.6667
0.734232 19.8333
0.739969 18.125
0.745705 23.3077
0.751441 18.3333
0.757177 19.0588
0.762913 29.8824
0.76865 26.6
0.774386 24.9167
0.780122 22.2941
0.785858 24.8182
0.791594 25
0.79733 24.0588
0.803067 20.8
0.808803 16.5
0.814539 17.1176
0.820275 19.5882
0.826011 12.2222
0.831748 29.625
0.837484 17.3333
0.84322 23.4615
0.848956 24.3333
0.854692 22.0526
0.860429 28.0588
0.866165 22.6
0.871901 31.25
0.877637 27.2105
0.883373 24.2727
0.88911 21.375
0.894846 27.2632
0.900582 27
0.906318 16.5
0.912054 22.3684
0.91779 31
0.923527 15.7778
0.929263 24.0769
0.934999 21.85
0.940735 19.3846
0.946471 28
0.952208 19.7143
0.957944 23.0588
0.96368 27.5
0.969416 24.1905
0.975152 24.5263
0.980889 23.3636
0.986625 17.75
0.992361 25.8095
0.998097 23
1.00383 32.8333
1.00957 26.9048
1.01531 27.5882
1.02104 32.1
1.02678 13.1176
1.03251 25.9048
1.03825 29.2308
1.04399 30.75
1.04972 26.6522
1.05546 30.3529
1.0612 21.5
1.06693 25.087
1.07267 30.0526
1.0784 27.8462
1.08414 36.1429
1.08988 26.6957
1.09561 28.3333
1.10135 21.375
1.10708 28.4783
1.11282 29.3529
1.11856 22
1.12429 28.875
1.13003 30.619
1.13577 21.4667
1.1415 24.1429
1.14724 26.36
1.15297 24.7333
1.15871 21.5
1.16445 29.08
1.17018 20.8947
1.17592 28.9231
1.18166 29.6667
1.18739 21.6957
1.19313 24.4667
1.19886 21.5
1.2046 24.52
1.21034 26.5
1.21607 22.2222
1.22181 25.6296
1.22754 28.4762
1.23328 30.1765
1.23902 25.625
1.24475 25.08
1.25049 29.5294
1.25623 21.4167
1.26196 16.037
1.2677 18.6842
1.27343 21.7692
1.27917 23.8636
1.28491 23.3478
1.29064 27.6471
1.29638 22.6667
1.30212 30.8148
1.30785 24.7222
1.31359 16.1818
1.31932 28.8966
1.32506 27.8571
1.3308 23.7647
1.33653 18.9
1.34227 23.88
1.348 27.8421
1.35374 31.2143
1.35948 20.4074
1.36521 19.7143
1.37095 19.2
1.37669 19.931
1.38242 22.4783
1.38816 28.0588
1.39389 23.7368
1.39963 21.963
1.40537 23.45
1.4111 31.4286
1.41684 25.4828
1.42258 21.8261
1.42831 29.1765
1.43405 23.4583
1.43978 26.52
1.44552 24.9048
1.45126 25.625
1.45699 26.5862
1.46273 22.619
1.46846 20.25
1.4742 20.871
1.47994 23.6522
1.48567 23.65
1.49141 20.0952
1.49715 23.1111
1.50288 20.3182
1.50862 31.4375
1.51435 25.1034
1.52009 26.76
1.52583 27.0667
1.53156 26.5667
1.5373 23.88
1.54304 25.1905
1.54877 26.15
1.55451 25.1724
1.56024 27.6957
1.56598 23.5
1.57172 23.7097
1.57745 27.1923
1.58319 16.05
1.58892 19.84
1.59466 29.7037
1.6004 24.76
1.60613 22.7222
1.61187 22.3548
1.61761 17.72
1.62334 19.2857
1.62908 21.5758
1.63481 29.4444
1.64055 26
1.64629 20.5909
1.65202 25.5172
1.65776 29.64
1.6635 23.875
1.66923 22.7097
1.67497 25.4643
1.6807 23.75
1.68644 21.75
1.69218 23.3214
1.69791 22.2
1.70365 32.5909
1.70938 24
1.71512 23.4815
1.72086 19.375
1.72659 26.3939
1.73233 25.6207
1.73807 23.1304
1.7438 29.9615
1.74954 23.1034
1.75527 27.4074
1.76101 25.1053
1.76675 26.7879
1.77248 20.0714
1.77822 19.65
1.78396 25
1.78969 22.6452
1.79543 25.0741
1.80116 14.75
1.8069 25.5806
1.81264 23.2759
1.81837 24.5
1.82411 27.9143
1.82984 27.7586
1.83558 17.28
1.84132 23.7308
1.84705 23.7097
1.85279 29.4286
1.85853 21.7826
1.86426 25.7879
1.87 27.5333
1.87573 27.5294
1.88147 24.2857
1.88721 25.8485
1.89294 26.4815
1.89868 18.5769
1.90442 26.1515
1.91015 28.8387
1.91589 19.9
1.92162 31.6286
1.92736 28.5484
1.9331 32.84
1.93883 34.4643
1.94457 30.3939
1.9503 27.2333
1.95604 25.1667
1.96178 21.3529
1.96751 26.3125
1.97325 24.65
1.97899 26.2973
1.98472 25.6061
1.99046 20.8621
1.99619 22.8077
2.00193 22.1714
2.00767 27.1935
2.0134 27.5833
2.01914 28.9429
2.02488 25.303
2.03061 28.76
2.03635 27.75
2.04208 27.7647
2.04782 24.6875
2.05356 29.6667
2.05929 26.7778
2.06503 23.8529
2.07076 30.8182
2.0765 27.2703
2.08224 30.8286
2.08797 26.3793
2.09371 26.3929
2.09945 27.3784
2.10518 28.7879
2.11092 31.1667
2.11665 26.5405
2.12239 19.8286
2.12813 27.8261
2.13386 27.4595
2.1396 27.0556
2.14534 22.5938
2.15107 25.4615
2.15681 21.6579
2.16254 21.6111
2.16828 26.5455
2.17402 18.2308
2.17975 32.4054
2.18549 26.9355
2.19122 28.8333
2.19696 34.0541
2.2027 34.9429
2.20843 15.8333
2.21417 63.7179
2.21991 66.6216
2.22564 32.1818
2.23138 30.625
2.23711 27.2105
2.24285 30.7059
2.24859 25.3214
2.25432 30.7632
2.26006 25.1026
2.2658 23.8182
2.27153 29.878
2.27727 30.7436
2.283 29.8387
2.28874 31.625
2.29448 26.5897
2.30021 30.7027
2.30595 21.5385
2.31168 30.7692
2.31742 28.375
2.32316 32.7273
2.32889 32.9286
2.33463 29.675
2.34037 31.7222
2.3461 32.1429
2.35184 37.7619
2.35757 40.6757
2.36331 42.8462
2.36905 37.6098
2.37478 36.0244
2.38052 37.871
2.38626 33.3235
2.39199 32.8605
2.39773 30.027
2.40346 26.1923
2.4092 37.3636
2.41494 29.65
2.42067 30.6364
2.42641 33.3409
2.43214 25.6667
2.43788 27.4286
2.44362 29.3226
2.44935 30.8444
2.45509 29.4103
2.46083 24.0769
2.46656 28.3778
2.4723 30.8293
2.47803 31.8276
2.48377 26.35
2.48951 27.7907
2.49524 28.7692
2.50098 25.8462
2.50672 31.5435
2.51245 26.2857
2.51819 23.7083
2.52392 27.2826
2.52966 28.8182
2.5354 33.9394
2.54113 29.1714
2.54687 28.9333
2.5526 32.2439
2.55834 37.7692
2.56408 35.5745
2.56981 27.3023
2.57555 25.931
2.58129 26.381
2.58702 30.2667
2.59276 31.2703
2.59849 29.9697
2.60423 29.8043
2.60997 28.8636
2.6157 30.9583
2.62144 33.6042
2.62718 32.3696
2.63291 30.8857
2.63865 30.0556
2.64438 31.4255
2.65012 30.0488
2.65586 29.4333
2.66159 32.3404
2.66733 32.3556
2.67306 26.36
2.6788 33.7917
2.68454 36.1875
2.69027 31.8974
2.69601 30.5455
2.70175 30.5
2.70748 33.7333
2.71322 30.6296
2.71895 29.75
2.72469 33.75
2.73043 30.3429
2.73616 31.9474
2.7419 28.7551
2.74764 30.8372
2.75337 29.8667
2.75911 29.5714
2.76484 31.2041
2.77058 30.75
2.77632 32.5714
2.78205 33.32
2.78779 30.5128
2.79352 31.2286
2.79926 35.6538
2.805 31
2.81073 32.963
2.81647 27.2308
2.82221 33.102
2.82794 35.8649
2.83368 25.2632
2.83941 31.8302
2.84515 34.878
2.85089 27
2.85662 32.9245
2.86236 30.0408
2.8681 28.3333
2.87383 34.0926
2.87957 40.36
2.8853 33.8049
2.89104 36.5676
2.89678 31.1538
2.90251 35.7778
2.90825 28.3793
2.91398 36.5
2.91972 42.1176
2.92546 31.5676
2.93119 37.3571
2.93693 37.0377
2.94267 35.2
2.9484 33.1875
2.95414 32.7736
2.95987 30.551
2.96561 34.8519
2.97135 34.625
2.97708 38.5185
2.98282 37.7436
2.98856 35.359
2.99429 35.7407
3.00003 36.9787
3.00576 38.7097
3.0115 36.7273
3.01724 40.5849
3.02297 39.7838
3.02871 39.7273
3.03444 36.3818
3.04018 36.0444
3.04592 32.2353
3.05165 33.9455
3.05739 39
3.06313 35.1379
3.06886 39.3036
3.0746 43.2909
3.08033 42.1818
3.08607 39.5676
3.09181 43.4821
3.09754 45.2857
3.10328 42.0645
3.10902 45.4576
3.11475 46.8679
3.12049 43.2821
3.12622 41.8913
3.13196 41.8
3.1377 44.9362
3.14343 50.3611
3.14917 46.1379
3.1549 45.3333
3.16064 46.1034
3.16638 43.0667
3.17211 45.1091
3.17785 39.3864
3.18359 45.8293
3.18932 43.6897
3.19506 43.7755
3.20079 47.2059
3.20653 45.8814
3.21227 45.0189
3.218 49.1951
3.22374 44.0833
3.22948 45.339
3.23521 46.4222
3.24095 48.5641
3.24668 45.9833
3.25242 43.1887
3.25816 43.2353
3.26389 49.0351
3.26963 47.6316
3.27536 47.1957
3.2811 49.7317
3.28684 53.9167
3.29257 56.9388
3.29831 55.2778
3.30405 55.5714
3.30978 57.4727
3.31552 63.3953
3.32125 65.7917
3.32699 68.9298
3.33273 66.0392
3.33846 62.8974
3.3442 61.5806
3.34994 67.0588
3.35567 62.9211
3.36141 60.9831
3.36714 59.8947
3.37288 58.25
3.37862 58.6512
3.38435 62.4262
3.39009 59
3.39582 58.4444
3.40156 54.7143
3.4073 63.4545
3.41303 60.6596
3.41877 57.5
3.42451 64.3607
3.43024 58.3
3.43598 61.2195
3.44171 59.2063
3.44745 63.1429
3.45319 61.6667
3.45892 58.0909
3.46466 60.4407
3.4704 60.14
3.47613 58.8837
3.48187 62.2857
3.4876 65.9811
3.49334 62.5526
3.49908 66.9403
3.50481 65.5088
3.51055 66.5319
3.51628 68.6863
3.52202 73.9344
3.52776 75.2037
3.53349 78.7073
3.53923 95.0462
3.54497 120.574
3.5507 128.188
3.55644 117.236
3.56217 102.153
3.56791 87.4423
3.57365 84.6957
3.57938 81.0308
3.58512 77.0545
3.59086 72.6316
3.59659 80.194
3.60233 75.1017
3.60806 79.098
3.6138 79.9796
3.61954 79.0952
3.62527 84.75
3.63101 90.9512
3.63674 98.7313
3.64248 110.638
3.64822 119.458
3.65395 125.228
3.65969 127.197
3.66543 112.037
3.67116 110.348
3.6769 112.27
3.68263 113.754
3.68837 112.921
3.69411 112.652
3.69984 108.729
3.70558 111.296
3.71132 110.706
3.71705 114.954
3.72279 116.679
3.72852 115.372
3.73426 118.866
3.74 121.145
3.74573 122.76
3.75147 122.364
3.7572 130.175
3.76294 132.237
3.76868 127.909
3.77441 142.388
3.78015 146.881
3.78589 151.872
3.79162 159.531
3.79736 167.484
3.80309 179.179
3.80883 185.333
3.81457 201.138
3.8203 216.933
3.82604 232.488
3.83178 259.739
3.83751 321.774
3.84325 395.143
3.84898 598.415
3.85472 1093.95
3.86046 1023.54
3.86619 866.739
3.87193 1104.29
3.87766 1453.38
3.8834 1868.31
3.88914 2385.78
3.89487 2886.47
3.90061 2603.03
3.90635 2103.35
3.91208 1522.22
3.91782 1055.56
3.92355 782.732
3.92929 620.718
3.93503 479.406
3.94076 392.741
3.9465 338.926
3.95224 292.791
3.95797 262.413
3.96371 238.696
3.96944 228.141
3.97518 210.508
3.98092 199.232
3.98665 190.259
3.99239 180.618
3.99812 177.032
4.00386 166.755
4.0096 159.652
4.01533 160.406
4.02107 157.84
4.02681 153.758
4.03254 158.318
4.03828 148.85
4.04401 145.135
4.04975 148.239
4.05549 146.523
4.06122 137.326
4.06696 134.696
4.0727 138.957
4.07843 132.767
4.08417 130.375
4.0899 121.971
4.09564 126.047
4.10138 128.54
4.10711 126.75
4.11285 125.833
4.11858 121.286
4.12432 119.565
4.13006 121.706
4.13579 122.857
4.14153 123.115
4.14727 120.836
4.153 124.134
4.15874 122.341
4.16447 115.986
4.17021 119.722
4.17595 116.016
4.18168 119.786
4.18742 120.829
4.19316 122.03
4.19889 120.16
4.20463 121.311
4.21036 117.794
4.2161 117.167
4.22184 118.069
4.22757 122.861
4.23331 124.403
4.23904 121.64
4.24478 119.533
4.25052 117.029
4.25625 120.571
4.26199 116.812
4.26773 124.583
4.27346 121.606
4.2792 127.411
4.28493 121.264
4.29067 123.214
4.29641 125.75
4.30214 122.961
4.30788 119.157
4.31362 123.453
4.31935 125.929
4.32509 126.284
4.33082 135.362
4.33656 136.98
4.3423 131.587
4.34803 138.216
4.35377 139.177
4.3595 143.3
4.36524 142.757
4.37098 152
4.37671 153.352
4.38245 159.892
4.38819 168.806
4.39392 167.667
4.39966 176.884
4.40539 187.042
4.41113 205.044
4.41687 215.611
4.4226 238.649
4.42834 372.178
4.43408 570.979
4.43981 1204.65
4.44555 3449.78
4.45128 1635.05
4.45702 3174.34
4.46276 878.645
4.46849 479.514
4.47423 453.648
4.47996 493.987
4.4857 514.122
4.49144 549.369
4.49717 569.397
4.50291 590.184
4.50865 573
4.51438 511.904
4.52012 453.278
4.52585 372.773
4.53159 314.228
4.53733 275.352
4.54306 234.562
4.5488 209.552
4.55454 190.439
4.56027 167.5
4.56601 157.203
4.57174 149.269
4.57748 144.256
4.58322 134.064
4.58895 129.388
4.59469 123.639
4.60042 118.308
4.60616 120
4.6119 120.18
4.61763 114.916
4.62337 111.795
4.62911 110.254
4.63484 109.6
4.64058 102.854
4.64631 101.806
4.65205 98.5179
4.65779 99.1625
4.66352 94.0897
4.66926 93.4098
4.675 94.4225
4.68073 93.3205
4.68647 89.3425
4.6922 89.6842
4.69794 91.95
4.70368 90.2078
4.70941 91.06
4.71515 92.0471
4.72088 91.8125
4.72662 94.1159
4.73236 96.3016
4.73809 91.0122
4.74383 94.359
4.74957 87.3462
4.7553 88.5714
4.76104 88.65
4.76677 84.2687
4.77251 85.7692
4.77825 81.0244
4.78398 81.2533
4.78972 79.9455
4.79546 77.3412
4.80119 76.1013
4.80693 77.8462
4.81266 73.0704
4.8184 73.5238
4.82414 76.3151
4.82987 74.459
4.83561 68.75
4.84134 74.5625
4.84708 75.1698
4.85282 75.9765
4.85855 72.7927
4.86429 71.4084
4.87003 71.1803
4.87576 69.7209
4.8815 68.859
4.88723 76.4074
4.89297 70.2118
4.89871 71.9167
4.90444 69.2394
4.91018 69.3134
4.91592 67.4048
4.92165 70.3418
4.92739 69.2807
4.93312 69.314
4.93886 71.25
4.9446 65.6866
4.95033 64.6197
4.95607 65.3488
4.9618 69.1558
4.96754 69.2881
4.97328 67.0581
4.97901 67.1566
4.98475 64.5082
4.99049 65.1026
4.99622 61.2614
5.00196 65.1233
5.00769 63.6984
5.01343 66.8977
5.01917 66.241
5.0249 64.283
5.03064 63.8333
5.03638 64
5.04211 65.1067
5.04785 66.8769
5.05358 64.4302
5.05932 65.321
5.06506 62.8947
5.07079 63.3977
5.07653 64.977
5.08226 64.2253
5.088 63.7042
5.09374 66.6556
5.09947 65.7662
5.10521 62
5.11095 66.3778
5.11668 62.5882
5.12242 64.2424
5.12815 65.3636
5.13389 65.7
5.13963 65.3506
5.14536 61.5574
5.1511 61.7174
5.15684 67
5.16257 64.9194
5.16831 64.5833
5.17404 63.8315
5.17978 61.8718
5.18552 63.0597
5.19125 61.6556
5.19699 65.3735
5.20272 64.6102
5.20846 60.4022
5.2142 62.1573
5.21993 61.8421
5.22567 66.3913
5.23141 61.0326
5.23714 60.9753
5.24288 61.2459
5.24861 64.8804
5.25435 62.7079
5.26009 63.4
5.26582 67.4474
5.27156 66.1758
5.2773 67.3
5.28303 62.9231
5.28877 66.6064
5.2945 64.6897
5.30024 68.9028
5.30598 61.3671
5.31171 65.5393
5.31745 65.8171
5.32318 62.6308
5.32892 68.0426
5.33466 66.0805
5.34039 67.1364
5.34613 66.2235
5.35187 64.3077
5.3576 63.3704
5.36334 60.9254
5.36907 64.8542
5.37481 67.8
5.38055 67.082
5.38628 70.9271
5.39202 74.2967
5.39776 79.425
5.40349 74.169
5.40923 70.6771
5.41496 69.0123
5.4207 63.619
5.42644 65.102
5.43217 65.7528
5.43791 63.0769
5.44364 61.8767
5.44938 66.567
5.45512 68.5122
5.46085 65.2836
5.46659 65.8265
5.47233 66.1236
5.47806 64.8289
5.4838 66.9877
5.48953 66.5376
5.49527 64
5.50101 62.2687
5.50674 65.8775
5.51248 63.6067
5.51822 68.3919
5.52395 66.4578
5.52969 62.5161
5.53542 64.3929
5.54116 61.25
5.5469 63.2727
5.55263 59.7111
5.55837 60.7083
5.5641 58.2135
5.56984 64.7849
5.57558 65.2024
5.58131 62.0548
5.58705 65.8788
5.59279 68.5795
5.59852 60.746
5.60426 67.88
5.60999 68.8817
5.61573 65.4268
5.62147 65.4267
5.6272 66.9175
5.63294 64.9535
5.63868 65.9254
5.64441 63.2157
5.65015 66.3011
5.65588 67.1071
5.66162 66.2857
5.66736 63.6162
5.67309 68.0698
5.67883 63.4783
5.68456 66.5446
5.6903 69.5444
5.69604 71.7927
5.70177 69.1807
5.70751 69.1789
5.71325 66.4886
5.71898 69.0423
5.72472 70.7071
5.73045 67.3226
5.73619 72.0125
5.74193 62.4719
5.74766 71.6
5.7534 71.8295
5.75914 72.0423
5.76487 70.3564
5.77061 74.0851
5.77634 74.5128
5.78208 78.2472
5.78782 71.6907
5.79355 71.0814
5.79929 74.88
5.80502 73.0594
5.81076 76.337
5.8165 74.3649
5.82223 71.3854
5.82797 70.8878
5.83371 74.1628
5.83944 75.0253
5.84518 76.0404
5.85091 73.5521
5.85665 72.2308
5.86239 75.0571
5.86812 72.9388
5.87386 77.7791
5.8796 71.7595
5.88533 71.703
5.89107 78.2935
5.8968 75.8261
5.90254 76.3905
5.90828 75.7143
5.91401 81
5.91975 80.5301
5.92548 77.798
5.93122 79.8191
5.93696 75.3014
5.94269 75.9809
5.94843 77.0208
5.95417 81.625
5.9599 81.7059
5.96564 81.2222
5.97137 82.2766
5.97711 81.4384
5.98285 82.9223
5.98858 83.7041
5.99432 82.8333
6.00006 82.2022
6.00579 86.4949
6.01153 88.2128
6.01726 92.2133
6.023 87.4762
6.02874 90.0208
6.03447 87.0682
6.04021 89.2222
6.04594 86.1122
6.05168 91.9375
6.05742 88.8442
6.06315 90.219
6.06889 94.1354
6.07463 93.5714
6.08036 94.266
6.0861 91.8775
6.09183 95.2396
6.09757 94.3333
6.10331 97.6132
6.10904 97.5521
6.11478 99.0698
6.12052 102.198
6.12625 97.87
6.13199 102.085
6.13772 102.768
6.14346 103.706
6.1492 102.67
6.15493 108.775
6.16067 110.206
6.1664 108.163
6.17214 109.436
6.17788 108.988
6.18361 105.784
6.18935 114.818
6.19509 118.907
6.20082 115.321
6.20656 121.706
6.21229 135.323
6.21803 138.695
6.22377 140.16
6.2295 140.02
6.23524 157.04
6.24098 145.431
6.24671 147.029
6.25245 164.862
6.25818 179.221
6.26392 171.127
6.26966 242.02
6.27539 546.8
6.28113 260.202
6.28686 2072.42
6.2926 6608.57
6.29834 1315.12
6.30407 3355.85
6.30981 1930.8
6.31555 1784.45
6.32128 605
6.32702 391
6.33275 348.521
6.33849 337.33
6.34423 315.923
6.34996 326.706
6.3557 354.667
6.36144 379.63
6.36717 439.519
6.37291 490.589
6.37864 497.389
6.38438 457.255
6.39012 402.333
6.39585 358.7
6.40159 304.056
6.40732 261.157
6.41306 233.809
6.4188 205.37
6.42453 187.877
6.43027 175.441
6.43601 165.793
6.44174 161.245
6.44748 158.694
6.45321 151.319
6.45895 150.717
6.46469 143.762
6.47042 143.767
6.47616 136.869
6.4819 134.727
6.48763 131.556
6.49337 125.333
6.4991 122.758
6.50484 121.972
6.51058 123.255
6.51631 125.5
6.52205 125.473
6.52778 118.009
6.53352 118.946
6.53926 118.552
6.54499 114.056
6.55073 118.951
6.55647 114.667
6.5622 117.664
6.56794 120.954
6.57367 120.441
6.57941 116.432
6.58515 119.286
6.59088 117.49
6.59662 112.833
6.60236 111.667
6.60809 111.943
6.61383 112.828
6.61956 112.526
6.6253 108.527
6.63104 110.99
6.63677 110.267
6.64251 111.667
6.64824 109.514
6.65398 116.352
6.65972 112.304
6.66545 116.384
6.67119 115.058
6.67693 112.57
6.68266 112.371
6.6884 111.972
6.69413 113.374
6.69987 112.184
6.70561 110.679
6.71134 109.365
6.71708 109.341
6.72282 110.079
6.72855 108.648
6.73429 110.742
6.74002 110.689
6.74576 109.574
6.7515 110
6.75723 107.438
6.76297 109.336
6.7687 107.429
6.77444 107.101
6.78018 108.667
6.78591 106.681
6.79165 103.86
6.79739 109.724
6.80312 109.667
6.80886 110.768
6.81459 108.44
6.82033 108.505
6.82607 104.44
6.8318 107.41
6.83754 106.636
6.84328 105.325
6.84901 105
6.85475 110.418
6.86048 109.569
6.86622 110.336
6.87196 106.112
6.87769 105.31
6.88343 107.458
6.88916 107.114
6.8949 108.138
6.90064 110.602
6.90637 108.719
6.91211 110.86
6.91785 107.632
6.92358 109.248
6.92932 109.752
6.93505 109.438
6.94079 111.257
6.94653 110.879
6.95226 111.991
6.958 111.022
6.96374 112.392
6.96947 112.281
6.97521 113.681
6.98094 111.36
6.98668 110.543
6.99242 116.119
6.99815 111.528
7.00389 113.217
7.00962 114.241
7.01536 114.63
7.0211 113.282
7.02683 111.331
7.03257 110.953
7.03831 112.28
7.04404 116.861
7.04978 114.609
7.05551 115.138
7.06125 116.183
7.06699 118.205
7.07272 118.706
7.07846 116.157
7.0842 121.434
7.08993 119.905
7.09567 118.194
7.1014 120.77
7.10714 120.261
7.11288 122.578
7.11861 120.272
7.12435 122.274
7.13008 124.778
7.13582 126.958
7.14156 123.189
7.14729 130.308
7.15303 122.073
7.15877 122.043
7.1645 125.403
7.17024 121.924
7.17597 129.276
7.18171 126.841
7.18745 123.082
7.19318 128.613
7.19892 125.63
7.20466 131.953
7.21039 129.248
7.21613 135.636
7.22186 130.936
7.2276 134.048
7.23334 135.072
7.23907 136.154
7.24481 135.214
7.25054 137.748
7.25628 139.65
7.26202 141.351
7.26775 143.295
7.27349 143.396
7.27923 141.258
7.28496 149.724
7.2907 150.227
7.29643 154.301
7.30217 147.278
7.30791 149.032
7.31364 160.803
7.31938 157.045
7.32512 162.323
7.33085 164.331
7.33659 174.683
7.34232 163.162
7.34806 176.554
7.3538 192.216
7.35953 177.333
7.36527 212.531
7.371 286.694
7.37674 793.692
7.38248 344.418
7.38821 2918.45
7.39395 2165.13
7.39969 1747.35
7.40542 2065.05
7.41116 917.138
7.41689 605.104
7.42263 411.065
7.42837 338.611
7.4341 327.529
7.43984 324.73
7.44558 320.91
7.45131 336.141
7.45705 374.055
7.46278 401.864
7.46852 462.569
7.47426 518.059
7.47999 537.122
7.48573 524.672
7.49146 471.84
7.4972 415.736
7.50294 357.112
7.50867 312.922
7.51441 274.588
7.52015 245.341
7.52588 225.273
7.53162 204.912
7.53735 189.723
7.54309 175.184
7.54883 169.674
7.55456 159.479
7.5603 163.511
7.56604 152.081
7.57177 144.472
7.57751 146.443
7.58324 141.578
7.58898 136.099
7.59472 138.189
7.60045 133.45
7.60619 133.439
7.61192 129.24
7.61766 131.612
7.6234 126.871
7.62913 123.5
7.63487 125.967
7.64061 125.588
7.64634 125.837
7.65208 124.597
7.65781 125.916
7.66355 122.48
7.66929 122.881
7.67502 123.54
7.68076 126.66
7.6865 123.975
7.69223 128.733
7.69797 132.102
7.7037 129.386
7.70944 139.396
7.71518 211
7.72091 293.345
7.72665 588.316
7.73238 1078.95
7.73812 325.811
7.74386 171.163
7.74959 206.92
7.75533 178.325
7.76107 162.063
7.7668 160.614
7.77254 166.458
7.77827 177.689
7.78401 193.081
7.78975 204.393
7.79548 232.164
7.80122 259.853
7.80696 273.135
7.81269 281.556
7.81843 271.694
7.82416 253.505
7.8299 220.693
7.83564 191.914
7.84137 169.205
7.84711 156.582
7.85284 142.885
7.85858 130.646
7.86432 126.227
7.87005 117.396
7.87579 119.547
7.88153 108.934
7.88726 113.318
7.893 109.963
7.89873 105.445
7.90447 105.255
7.91021 101.744
7.91594 104.573
7.92168 102.6
7.92742 99.1226
7.93315 99.6788
7.93889 101.346
7.94462 98.177
7.95036 100.24
7.9561 97.9394
7.96183 101.452
7.96757 99.4095
7.9733 96.3504
7.97904 97.9
7.98478 95.9018
7.99051 92.696
7.99625 91.4436
8.00199 93.6613
8.00772 91.4059
8.01346 94.741
8.01919 94.5338
8.02493 93.9496
8.03067 93.5133
8.0364 95.1103
8.04214 91.063
8.04788 95.8252
8.05361 92.2734
8.05935 91.7647
8.06508 90.4576
8.07082 88.8974
8.07656 84.9562
8.08229 89.8516
8.08803 84.5859
8.09376 86.5245
8.0995 78.9924
8.10524 76.5041
8.11097 67.6018
8.11671 62.5
8.12245 59.5039
8.12818 56.991
8.13392 53.5379
8.13965 48.6423
8.14539 44.2661
8.15113 42.0811
8.15686 19.8978
8.1626 24.1975
8.16834 23.7627
8.17407 17.8421
8.17981 1.10526
8.18554 0
8.19128 0
8.19702 0
8.20275 0
8.20849 0
8.21422 0
8.21996 0
8.2257 0
8.23143 0
8.23717 0
8.24291 0
8.24864 0
8.25438 0
8.26011 0
8.26585 0
8.27159 0
8.27732 0
8.28306 0
8.2888 0
8.29453 0
8.30027 0
8.306 0
8.31174 0
8.31748 0
8.32321 0
8.32895 0
8.33468 0
8.34042 0
8.34616 0
8.35189 0
8.35763 0
8.36337 0
8.3691 0
8.37484 0
8.38057 0
8.38631 0
8.39205 0
8.39778 0
8.40352 0
8.40926 0
8.41499 0
8.42073 0
8.42646 0
8.4322 0
8.43794 0
8.44367 0
8.44941 0
8.45514 0
8.46088 0
8.46662 0
8.47235 0
8.47809 0
8.48383 0
8.48956 0
8.4953 0
8.50103 0
8.50677 0
8.51251 0
8.51824 0
8.52398 0
8.52972 0
8.53545 0
8.54119 0
8.54692 0
8.55266 0
8.5584 0
8.56413 0
8.56987 0
8.5756 0
8.58134 0
8.58708 0
8.59281 0
8.59855 0
8.60429 0
8.61002 0
8.61576 0
8.62149 0
8.62723 0
8.63297 0
8.6387 0
8.64444 0
8.65018 0
8.65591 0
8.66165 0
8.66738 0
8.67312 0
8.67886 0
8.68459 0
8.69033 0
8.69606 0
8.7018 0
8.70754 0
8.71327 0
8.71901 0
8.72475 0
8.73048 0
8.73622 0
8.74195 0
8.74769 0
8.75343 0
8.75916 0
8.7649 0
8.77064 0
8.77637 0
8.78211 0
8.78784 0
8.79358 0
8.79932 0
8.80505 0
8.81079 0
8.81652 0
8.82226 0
8.828 0
8.83373 0
8.83947 0
8.84521 0
8.85094 0
8.85668 0
8.86241 0
8.86815 0
8.87389 0
8.87962 0
8.88536 0
8.8911 0
8.89683 0
8.90257 0
8.9083 0
8.91404 0
8.91978 0
8.92551 0
8.93125 0
8.93698 0
8.94272 0
8.94846 0
8.95419 0
8.95993 0
8.96567 0
8.9714 0
8.97714 0
8.98287 0
8.98861 0
8.99435 0
9.00008 0
9.00582 0
9.01156 0
9.01729 0
9.02303 0
9.02876 0
9.0345 0
9.04024 0
9.04597 0
9.05171 0
9.05744 0
9.06318 0
9.06892 0
9.07465 0
9.08039 0
9.08613 0
9.09186 0
9.0976 0
9.10333 0
9.10907 0
9.11481 0
9.12054 0
9.12628 0
9.13202 0
9.13775 0
9.14349 0
9.14922 0
9.15496 0
9.1607 0
9.16643 0
9.17217 0
9.1779 0
9.18364 0
9.18938 0
9.19511 0
9.20085 0
9.20659 0
9.21232 0
9.21806 0
9.22379 0
9.22953 0
9.23527 0
9.241 0
9.24674 0
9.25248 0
9.25821 0
9.26395 0
9.26968 0
9.27542 0
9.28116 0
9.28689 0
9.29263 0
9.29836 0
9.3041 0
9.30984 0
9.31557 0
9.32131 0
9.32705 0
9.33278 0
9.33852 0
9.34425 0
9.34999 0
9.35573 0
9.36146 0
9.3672 0
9.37294 0
9.37867 0
9.38441 0
9.39014 0
9.39588 0
9.40162 0
9.40735 0
9.41309 0
9.41882 0
9.42456 0
9.4303 0
9.43603 0
9.44177 0
9.44751 0
9.45324 0
9.45898 0
9.46471 0
9.47045 0
9.47619 0
9.48192 0
9.48766 0
9.4934 0
9.49913 0
9.50487 0
9.5106 0
9.51634 0
9.52208 0
9.52781 0
9.53355 0
9.53928 0
9.54502 0
9.55076 0
9.55649 0
9.56223 0
9.56797 0
9.5737 0
9.57944 0
9.58517 0
9.59091 0
9.59665 0
9.60238 0
9.60812 0
9.61386 0
9.61959 0
9.62533 0
9.63106 0
9.6368 0
9.64254 0
9.64827 0
9.65401 0
9.65974 0
9.66548 0
9.67122 0
9.67695 0
9.68269 0
9.68843 0
9.69416 0
9.6999 0
9.70563 0
9.71137 0
9.71711 0
9.72284 0
9.72858 0
9.73432 0
9.74005 0
9.74579 0
9.75152 0
9.75726 0
9.763 0
9.76873 0
9.77447 0
9.7802 0
9.78594 0
9.79168 0
9.79741 0
9.80315 0
9.80889 0
9.81462 0
9.82036 0
9.82609 0
9.83183 0
9.83757 0
9.8433 0
9.84904 0
9.85478 0
9.86051 0
9.86625 0
9.87198 0
9.87772 0
9.88346 0
9.88919 0
9.89493 0
9.90066 0
9.9064 0
9.91214 0
9.91787 0
9.92361 0
9.92935 0
9.93508 0
9.94082 0
9.94655 0
9.95229 0
9.95803 0
9.96376 0
9.9695 0
9.97524 0
9.98097 0
9.98671 0
9.99244 0
9.99818 0
10.0039 0
10.0097 0
10.0154 0
10.0211 0
10.0269 0
10.0326 0
10.0383 0
10.0441 0
10.0498 0
10.0555 0
10.0613 0
10.067 0
10.0728 0
10.0785 0
10.0842 0
10.09 0
10.0957 0
10.1014 0
10.1072 0
10.1129 0
10.1186 0
10.1244 0
10.1301 0
10.1358 0
10.1416 0
10.1473 0
10.1531 0
10.1588 0
10.1645 0
10.1703 0
10.176 0
10.1817 0
10.1875 0
10.1932 0
10.1989 0
10.2047 0
10.2104 0
10.2162 0
10.2219 0
10.2276 0
10.2334 0
10.2391 0
10.2448 0
10.2506 0
10.2563 0
10.262 0
10.2678 0
10.2735 0
10.2793 0
10.285 0
10.2907 0
10.2965 0
10.3022 0
10.3079 0
10.3137 0
10.3194 0
10.3251 0
10.3309 0
10.3366 0
10.3424 0
10.3481 0
10.3538 0
10.3596 0
10.3653 0
10.371 0
10.3768 0
10.3825 0
10.3882 0
10.394 0
10.3997 0
10.4054 0
10.4112 0
10.4169 0
10.4227 0
10.4284 0
10.4341 0
10.4399 0
10.4456 0
10.4513 0
10.4571 0
10.4628 0
10.4685 0
10.4743 0
10.48 0
10.4858 0
10.4915 0
10.4972 0
10.503 0
10.5087 0
10.5144 0
10.5202 0
10.5259 0
10.5316 0
10.5374 0
10.5431 0
10.5489 0
10.5546 0
10.5603 0
10.5661 0
10.5718 0
10.5775 0
10.5833 0
10.589 0
10.5947 0
10.6005 0
10.6062 0
10.612 0
10.6177 0
10.6234 0
10.6292 0
10.6349 0
10.6406 0
10.6464 0
10.6521 0
10.6578 0
10.6636 0
10.6693 0
10.6751 0
10.6808 0
10.6865 0
10.6923 0
10.698 0
10.7037 0
10.7095 0
10.7152 0
10.7209 0
10.7267 0
10.7324 0
10.7381 0
10.7439 0
10.7496 0
10.7554 0
10.7611 0
10.7668 0
10.7726 0
10.7783 0
10.784 0
10.7898 0
10.7955 0
10.8012 0
10.807 0
10.8127 0
10.8185 0
10.8242 0
10.8299 0
10.8357 0
10.8414 0
10.8471 0
10.8529 0
10.8586 0
10.8643 0
10.8701 0
10.8758 0
10.8816 0
10.8873 0
10.893 0
10.8988 0
10.9045 0
10.9102 0
10.916 0
10.9217 0
10.9274 0
10.9332 0
10.9389 0
10.9447 0
10.9504 0
10.9561 0
10.9619 0
10.9676 0
10.9733 0
10.9791 0
10.9848 0
10.9905 0
10.9963 0
11.002 0
11.0077 0
11.0135 0
11.0192 0
11.025 0
11.0307 0
11.0364 0
11.0422 0
11.0479 0
11.0536 0
11.0594 0
11.0651 0
11.0708 0
11.0766 0
11.0823 0
11.0881 0
11.0938 0
11.0995 0
11.1053 0
11.111 0
11.1167 0
11.1225 0
11.1282 0
11.1339 0
11.1397 0
11.1454 0
11.1512 0
11.1569 0
11.1626 0
11.1684 0
11.1741 0
11.1798 0
11.1856 0
11.1913 0
11.197 0
11.2028 0
11.2085 0
11.2143 0
11.22 0
11.2257 0
11.2315 0
11.2372 0
11.2429 0
11.2487 0
11.2544 0
11.2601 0
11.2659 0
11.2716 0
11.2774 0
11.2831 0
11.2888 0
11.2946 0
11.3003 0
11.306 0
11.3118 0
11.3175 0
11.3232 0
11.329 0
11.3347 0
11.3404 0
11.3462 0
11.3519 0
11.3577 0
11.3634 0
11.3691 0
11.3749 0
11.3806 0
11.3863 0
11.3921 0
11.3978 0
11.4035 0
11.4093 0
11.415 0
11.4208 0
11.4265 0
11.4322 0
11.438 0
11.4437 0
11.4494 0
11.4552 0
11.4609 0
11.4666 0
11.4724 0
11.4781 0
11.4839 0
11.4896 0
11.4953 0
11.5011 0
11.5068 0
11.5125 0
11.5183 0
11.524 0
11.5297 0
11.5355 0
11.5412 0
11.547 0
11.5527 0
11.5584 0
11.5642 0
11.5699 0
11.5756 0
11.5814 0
11.5871 0
11.5928 0
11.5986 0
11.6043 0
11.61 0
11.6158 0
11.6215 0
11.6273 0
11.633 0
11.6387 0
11.6445 0
11.6502 0
11.6559 0
11.6617 0
11.6674 0
11.6731 0
11.6789 0
11.6846 0
11.6904 0
11.6961 0
11.7018 0
11.7076 0
11.7133 0
11.719 0
11.7248 0
11.7305 0
11.7362 0
11.742 0
