0 0
0.00573619 16
0.0114724 5
0.0172086 0
0.0229448 -2
0.028681 9
0.0344171 0
0.0401533 10
0.0458895 -19
0.0516257 -17
0.0573619 0
0.0630981 8
0.0688343 25
0.0745705 0
0.0803067 6
0.0860429 -25
0.091779 0
0.0975152 -13.3333
0.103251 -9.66667
0.108988 16.3333
0.114724 0
0.12046 17
0.126196 7.66667
0.131932 0
0.137669 3.66667
0.143405 -10.3333
0.149141 4
0.154877 1.5
0.160613 5.33333
0.16635 12
0.172086 0
0.177822 7.33333
0.183558 12.75
0.189294 0
0.19503 13
0.200767 0.6
0.206503 15.3333
0.212239 -5
0.217975 -0.2
0.223711 4
0.229448 0
0.235184 5.4
0.24092 8.4
0.246656 0
0.252392 8.8
0.258129 0.8
0.263865 -1.4
0.269601 0
0.275337 11.2
0.281073 11.4286
0.28681 0
0.292546 3
0.298282 6
0.304018 -14
0.309754 -3.5
0.31549 4.85714
0.321227 4.14286
0.326963 0
0.332699 2
0.338435 2.42857
0.344171 0
0.349908 7.85714
0.355644 8.57143
0.36138 13.8
0.367116 7.5
0.372852 -0.625
0.378589 5.14286
0.384325 -7.5
0.390061 -1.44444
0.395797 1.88889
0.401533 0
0.40727 8.33333
0.413006 7.22222
0.418742 16.4286
0.424478 13
0.430214 9.88889
0.43595 12.1111
0.441687 0
0.447423 16
0.453159 5.55556
0.458895 8.66667
0.464631 6
0.470368 5.45455
0.476104 10.8889
0.48184 5
0.487576 20.5455
0.493312 21.3636
0.499049 0
0.504785 10.1818
0.510521 23.1818
0.516257 19.6
0.521993 2.5
0.52773 18.9091
0.533466 14.7778
0.539202 22.5
0.544938 17.6364
0.550674 23.8182
0.55641 0
0.562147 10.8333
0.567883 12.6154
0.573619 13.5714
0.579355 10.5
0.585091 9.15385
0.590828 8
0.596564 35.5
0.6023 8.84615
0.608036 4.76923
0.613772 14.4
0.619509 11.75
0.625245 17.3846
0.630981 9.55556
0.636717 5.5
0.642453 16.0769
0.64819 23.6154
0.653926 40
0.659662 16
0.665398 25.3333
0.671134 13.7143
0.67687 15.125
0.682607 19.5333
0.688343 14
0.694079 13.25
0.699815 13.9333
0.705551 28.4667
0.711288 29
0.717024 19.7143
0.72276 21.0667
0.728496 16.3333
0.734232 17.5
0.739969 20.3125
0.745705 17
0.751441 15.3333
0.757177 19.1176
0.762913 17.9412
0.76865 20
0.774386 22
0.780122 16.8824
0.785858 24.3636
0.791594 26
0.79733 20.5882
0.803067 22.2667
0.808803 7.5
0.814539 23.8824
0.820275 12.5294
0.826011 16.1111
0.831748 17.875
0.837484 20.2222
0.84322 30
0.848956 8.33333
0.854692 23.1579
0.860429 20.2941
0.866165 15.8
0.871901 22.75
0.877637 18.5263
0.883373 20.8182
0.88911 8.625
0.894846 26.7895
0.900582 23.6667
0.906318 25.75
0.912054 22.6316
0.91779 17.2353
0.923527 11.3333
0.929263 20.0769
0.934999 21.25
0.940735 19.6923
0.946471 15.5
0.952208 18.5238
0.957944 15.8824
0.96368 18.25
0.969416 19.4286
0.975152 24.4737
0.980889 8.54545
0.986625 20.3333
0.992361 24.4286
0.998097 21.2667
1.00383 20.3333
1.00957 19.0952
1.01531 23
1.02104 24.2
1.02678 25.1765
1.03251 20.3333
1.03825 9.92308
1.04399 18.5
1.04972 21.8261
1.05546 19.7059
1.0612 14.3333
1.06693 23.0435
1.07267 19.5263
1.0784 20.0769
1.08414 22.5714
1.08988 23.2174
1.09561 20.4667
1.10135 26.125
1.10708 23.4783
1.11282 22.7647
1.11856 17.8571
1.12429 22.875
1.13003 20.4762
1.13577 16.4667
1.1415 16.7857
1.14724 22.2
1.15297 23.6667
1.15871 15.5
1.16445 22.32
1.17018 20.6842
1.17592 19.3077
1.18166 17.3889
1.18739 22.7826
1.19313 21.7333
1.19886 16.6667
1.2046 24.44
1.21034 20.7222
1.21607 29.7778
1.22181 25.9259
1.22754 21.7143
1.23328 21.2353
1.23902 15
1.24475 21.84
1.25049 20.5294
1.25623 21.1667
1.26196 15.8148
1.2677 20.5789
1.27343 13.2308
1.27917 20.3182
1.28491 25.5652
1.29064 22.2353
1.29638 19.4
1.30212 16.2963
1.30785 21.6667
1.31359 15.9091
1.31932 24.069
1.32506 21.9524
1.3308 21.1176
1.33653 26.4
1.34227 22.6
1.348 22.6842
1.35374 23.5714
1.35948 18.2222
1.36521 23.6667
1.37095 8.3
1.37669 22.9655
1.38242 20.4783
1.38816 10.6471
1.39389 16.7368
1.39963 19.4074
1.40537 26.5
1.4111 15.2143
1.41684 17
1.42258 18.4348
1.42831 16.8235
1.43405 15.2083
1.43978 17.92
1.44552 22
1.45126 23.375
1.45699 19.1379
1.46273 23.7619
1.46846 18.9167
1.4742 20.9355
1.47994 21
1.48567 21.25
1.49141 30.619
1.49715 21.0741
1.50288 22.5
1.50862 18.9375
1.51435 16.4138
1.52009 18.76
1.52583 22.5333
1.53156 16.5667
1.5373 19.32
1.54304 20.4286
1.54877 18.15
1.55451 25.3103
1.56024 22.3913
1.56598 19.5714
1.57172 21.3548
1.57745 15.2308
1.58319 17.6
1.58892 16.56
1.59466 21.9259
1.6004 20.12
1.60613 25.2222
1.61187 18.871
1.61761 20.4
1.62334 19.7143
1.62908 15.7879
1.63481 18.1852
1.64055 24.6087
1.64629 16.5909
1.65202 21.8966
1.65776 18.32
1.6635 20.0625
1.66923 19.6774
1.67497 18.1071
1.6807 18
1.68644 16.1786
1.69218 16.75
1.69791 16.24
1.70365 22.6364
1.70938 16.871
1.71512 12.3704
1.72086 19.75
1.72659 17.4242
1.73233 18.3448
1.73807 29.3913
1.7438 22.9615
1.74954 20.931
1.75527 20.7778
1.76101 22.1053
1.76675 14.1212
1.77248 18.3214
1.77822 14.25
1.78396 15.7333
1.78969 21
1.79543 25.4444
1.80116 19.5833
1.8069 21.871
1.81264 24.7241
1.81837 19.1667
1.82411 16.3143
1.82984 21.2759
1.83558 16
1.84132 27.4231
1.84705 24.0323
1.85279 23.6429
1.85853 24.087
1.86426 17.7273
1.87 22.9
1.87573 22.3529
1.88147 19.6
1.88721 23.1515
1.89294 29.2963
1.89868 18.6154
1.90442 21.7879
1.91015 20.129
1.91589 22.05
1.92162 19.2571
1.92736 21.3226
1.9331 25.2
1.93883 25.6071
1.94457 21.3939
1.9503 21.3667
1.95604 23.2083
1.96178 18.8529
1.96751 18.7812
1.97325 13.35
1.97899 19.9459
1.98472 23.7273
1.99046 20.931
1.99619 24.1923
2.00193 19.2571
2.00767 20.8065
2.0134 17.3333
2.01914 19.6
2.02488 20.8182
2.03061 19.6
2.03635 17
2.04208 18.5
2.04782 14.6875
2.05356 20.0833
2.05929 17.7222
2.06503 19.0882
2.07076 23.9545
2.0765 22.7297
2.08224 28.3429
2.08797 31.5172
2.09371 31.2143
2.09945 24.8108
2.10518 19.0909
2.11092 26.5417
2.11665 27.9459
2.12239 18.4571
2.12813 20.9565
2.13386 21.973
2.1396 21.8611
2.14534 21.25
2.15107 21.5
2.15681 16.9737
2.16254 17.8611
2.16828 10.6364
2.17402 23.5128
2.17975 20.4595
2.18549 22.0323
2.19122 16.0667
2.19696 23.5405
2.2027 25.5429
2.20843 30.625
2.21417 51.1282
2.21991 37.7568
2.22564 23.3182
2.23138 31.225
2.23711 24.1053
2.24285 19.8824
2.24859 22.7857
2.25432 23.8684
2.26006 25.0769
2.2658 23.3182
2.27153 19.3659
2.27727 20.3077
2.283 19.7419
2.28874 24
2.29448 18.5897
2.30021 20
2.30595 23.7692
2.31168 15.1538
2.31742 23.95
2.32316 23.5455
2.32889 27.7143
2.33463 20.6
2.34037 22.0833
2.3461 25.4286
2.35184 29.5714
2.35757 29.8108
2.36331 25.5385
2.36905 28.122
2.37478 27.6585
2.38052 20
2.38626 22.5294
2.39199 24.2558
2.39773 23.4324
2.40346 25.2308
2.4092 21.9318
2.41494 26.575
2.42067 25.7273
2.42641 23.0909
2.43214 24.2143
2.43788 22.2857
2.44362 21.3548
2.44935 19.7556
2.45509 21.5128
2.46083 20.5769
2.46656 23.8667
2.4723 24.6829
2.47803 25.3103
2.48377 26.6
2.48951 31.5116
2.49524 24.6667
2.50098 21.4615
2.50672 21.6304
2.51245 22.3571
2.51819 21.0833
2.52392 25.4348
2.52966 26.8409
2.5354 23
2.54113 27.7143
2.54687 28.5333
2.5526 25.8049
2.55834 26.2308
2.56408 28.9362
2.56981 24.3023
2.57555 24.6207
2.58129 26.3095
2.58702 23.9556
2.59276 22.5946
2.59849 21.697
2.60423 22.0652
2.60997 27.0227
2.6157 26.0833
2.62144 25.6458
2.62718 21.2826
2.63291 24.1714
2.63865 24.2222
2.64438 26.4894
2.65012 24.0244
2.65586 25.2
2.66159 28.2766
2.66733 21.0222
2.67306 26.76
2.6788 24.5208
2.68454 23.4792
2.69027 25.8462
2.69601 24.5152
2.70175 24.0208
2.70748 26.4
2.71322 26.8889
2.71895 28.375
2.72469 18.9792
2.73043 25.4571
2.73616 28.1053
2.7419 28.2449
2.74764 25.3953
2.75337 19.3667
2.75911 27.6531
2.76484 22.4286
2.77058 25.9583
2.77632 24.7755
2.78205 23.62
2.78779 23.8205
2.79352 24.4
2.79926 26.0385
2.805 23.6222
2.81073 22.5185
2.81647 26.0192
2.82221 24.5102
2.82794 23.7027
2.83368 26.6316
2.83941 24.8491
2.84515 28.5122
2.85089 27.8438
2.85662 25.9811
2.86236 25.9592
2.8681 22.2083
2.87383 27.6296
2.87957 30.46
2.8853 22.4878
2.89104 20.3514
2.89678 26.6154
2.90251 30.0444
2.90825 22.5862
2.91398 25.0926
2.91972 25.3137
2.92546 24.1892
2.93119 26.2143
2.93693 27.3774
2.94267 30.9556
2.9484 26.2812
2.95414 26.5472
2.95987 31.7755
2.96561 29.963
2.97135 32.7321
2.97708 29.2407
2.98282 31.5128
2.98856 28.6154
2.99429 31.037
3.00003 31.1277
3.00576 33.7742
3.0115 28.7636
3.01724 33.1321
3.02297 28.8919
3.02871 31.4318
3.03444 29.5455
3.04018 26.9556
3.04592 25.6765
3.05165 32.7091
3.05739 31.5294
3.06313 29.6207
3.06886 27.125
3.0746 32.5455
3.08033 30.4773
3.08607 30.7027
3.09181 31.3214
3.09754 27.9796
3.10328 31.2258
3.10902 37.322
3.11475 36.8113
3.12049 33.8718
3.12622 33.3913
3.13196 33.8545
3.1377 33.4468
3.14343 33.5278
3.14917 30.7414
3.1549 33.7059
3.16064 35.1724
3.16638 31.95
3.17211 35.8545
3.17785 35.5
3.18359 38.7317
3.18932 34.2414
3.19506 32.4286
3.20079 36.4412
3.20653 31.339
3.21227 36.6792
3.218 37.8537
3.22374 38.125
3.22948 37.1017
3.23521 39.3556
3.24095 40.7949
3.24668 40.2667
3.25242 37.434
3.25816 40.1176
3.26389 36.1579
3.26963 40.1579
3.27536 38
3.2811 40.7317
3.28684 45.75
3.29257 46.2245
3.29831 45.5278
3.30405 44.0794
3.30978 45.9636
3.31552 47.8372
3.32125 45.8958
3.32699 52.4912
3.33273 47.6078
3.33846 51.7949
3.3442 49.4516
3.34994 51.0196
3.35567 46.0789
3.36141 47.0678
3.36714 52.0351
3.37288 48.1875
3.37862 50.2558
3.38435 46.3607
3.39009 45.7925
3.39582 45.3889
3.40156 50.0317
3.4073 46.3091
3.41303 49.0213
3.41877 43.375
3.42451 48.7049
3.43024 43.34
3.43598 47.6341
3.44171 51.0159
3.44745 50.6429
3.45319 47.8333
3.45892 52.7273
3.46466 49.0678
3.4704 49.58
3.47613 51.186
3.48187 53.1905
3.4876 53.6226
3.49334 45.7895
3.49908 58.2985
3.50481 52.9825
3.51055 55.0426
3.51628 52.902
3.52202 60.8033
3.52776 59.6481
3.53349 64.439
3.53923 63.1846
3.54497 81.5
3.5507 86.5625
3.55644 81.4909
3.56217 73.1525
3.56791 63.9615
3.57365 55.5652
3.57938 58.6615
3.58512 61.0364
3.59086 61.2895
3.59659 61.6716
3.60233 59.3051
3.60806 61.0392
3.6138 64.3878
3.61954 64.1905
3.62527 66.6786
3.63101 65.0244
3.63674 71.7313
3.64248 80.0172
3.64822 80.1458
3.65395 84.7368
3.65969 92.459
3.66543 81.3519
3.67116 83.8043
3.6769 81.8095
3.68263 84.4262
3.68837 79.4474
3.69411 85.8696
3.69984 87.5763
3.70558 78.8889
3.71132 76.8039
3.71705 81.1231
3.72279 80.8929
3.72852 83.4419
3.73426 87.1343
3.74 92.8548
3.74573 91.94
3.75147 87.6364
3.7572 88.6508
3.76294 96.7119
3.76868 93.4545
3.77441 100.433
3.78015 102.492
3.78589 105.319
3.79162 108.391
3.79736 113.828
3.80309 115.25
3.80883 128.843
3.81457 131.554
3.8203 138.7
3.82604 151.651
3.83178 167.333
3.83751 192.5
3.84325 227.429
3.84898 329.415
3.85472 486.349
3.86046 521.557
3.86619 454.239
3.87193 616.449
3.87766 850.049
3.8834 1115.75
3.88914 1418.52
3.89487 1696.95
3.90061 1524.68
3.90635 1242.51
3.91208 916.985
3.91782 650.078
3.92355 488.756
3.92929 390.366
3.93503 308.484
3.94076 257.414
3.9465 221.963
3.95224 192.104
3.95797 179.825
3.96371 163.283
3.96944 152.465
3.97518 140.127
3.98092 136.107
3.98665 131
3.99239 127.882
3.99812 123.484
4.00386 119.388
4.0096 118.551
4.01533 116.281
4.02107 107.6
4.02681 109.394
4.03254 111.015
4.03828 103.5
4.04401 104
4.04975 108.493
4.05549 96.8462
4.06122 95.8261
4.06696 96.8406
4.0727 98.1429
4.07843 92.5333
4.08417 95.4643
4.0899 97.6471
4.09564 96.2031
4.10138 92.62
4.10711 95.6111
4.11285 94.5
4.11858 89.9107
4.12432 88.4839
4.13006 94.6029
4.13579 95.8571
4.14153 92.8654
4.14727 94.6575
4.153 95.5075
4.15874 90.9318
4.16447 91.2877
4.17021 94.5139
4.17595 89.0484
4.18168 89.7857
4.18742 93.6429
4.19316 94.6061
4.19889 92.14
4.20463 95.3649
4.21036 102.191
4.2161 98.4667
4.22184 91.2931
4.22757 94.2083
4.23331 91.4179
4.23904 97.36
4.24478 95.8933
4.25052 93.5217
4.25625 95.8571
4.26199 91.6719
4.26773 92.3056
4.27346 97.0455
4.2792 94.2321
4.28493 95.2083
4.29067 92.4571
4.29641 94.7083
4.30214 94.7237
4.30788 97.4571
4.31362 100.297
4.31935 97.6607
4.32509 98.6757
4.33082 100.551
4.33656 102.7
4.3423 100.907
4.34803 103.095
4.35377 107.806
4.3595 109.017
4.36524 107.189
4.37098 115.629
4.37671 117.389
4.38245 119.716
4.38819 124.472
4.39392 128.702
4.39966 131.29
4.40539 132.319
4.41113 143.956
4.41687 152.167
4.4226 159
4.42834 231.795
4.43408 353.583
4.43981 669.662
4.44555 1664.5
4.45128 917
4.45702 1384.95
4.46276 529.105
4.46849 339.708
4.47423 317.111
4.47996 336.934
4.4857 322.595
4.49144 341.615
4.49717 362.81
4.50291 362.803
4.50865 362.629
4.51438 332.75
4.52012 295.873
4.52585 253.08
4.53159 209.456
4.53733 191.338
4.54306 167.025
4.5488 148.164
4.55454 139.491
4.56027 124.2
4.56601 117.5
4.57174 115.288
4.57748 106.974
4.58322 95.7692
4.58895 92.8955
4.59469 94.1475
4.60042 87.9872
4.60616 90.5467
4.6119 84.3
4.61763 87.6988
4.62337 86.8205
4.62911 89.2381
4.63484 86.0462
4.64058 76.7683
4.64631 74.0139
4.65205 77.9821
4.65779 73.1375
4.66352 78.7308
4.66926 72.459
4.675 70.5211
4.68073 71.7436
4.68647 68.726
4.6922 71.1053
4.69794 71.8375
4.70368 66.3506
4.70941 74.04
4.71515 70.0941
4.72088 69
4.72662 71.087
4.73236 71.5556
4.73809 70.1341
4.74383 74.2949
4.74957 69.2308
4.7553 71.7143
4.76104 69.4375
4.76677 66.403
4.77251 66.3846
4.77825 65.9512
4.78398 70.8133
4.78972 63.2909
4.79546 63.1765
4.80119 63.6456
4.80693 63.3231
4.81266 64.3662
4.8184 59.8214
4.82414 62.7397
4.82987 60.541
4.83561 61.381
4.84134 66.7375
4.84708 62.1321
4.85282 62.8471
4.85855 62.9756
4.86429 59.5775
4.87003 61.1639
4.87576 58.4419
4.8815 59.1538
4.88723 53.9815
4.89297 55.6706
4.89871 56.2024
4.90444 62.9014
4.91018 55.2388
4.91592 55.6786
4.92165 55.8861
4.92739 54.7719
4.93312 56.9651
4.93886 61.6071
4.9446 57.4328
4.95033 55.831
4.95607 52.7442
4.9618 55.2468
4.96754 57.4237
4.97328 58.9884
4.97901 59.506
4.98475 55.8689
4.99049 53.3205
4.99622 53.7273
5.00196 56.1644
5.00769 55.1587
5.01343 55.3636
5.01917 53.1084
5.0249 49.9811
5.03064 51.5111
5.03638 47.814
5.04211 51.8
5.04785 50.7538
5.05358 52.3372
5.05932 57.0864
5.06506 52.807
5.07079 54.5682
5.07653 54.908
5.08226 53.493
5.088 54.2394
5.09374 52.5667
5.09947 58.3766
5.10521 54.5556
5.11095 51.5
5.11668 51.3882
5.12242 55.0303
5.12815 53.2727
5.13389 51.7556
5.13963 52.6493
5.14536 50.7213
5.1511 50.9457
5.15684 53.9036
5.16257 54.629
5.16831 53.5714
5.17404 52.6629
5.17978 52.5256
5.18552 51.2985
5.19125 49.4778
5.19699 53.012
5.20272 51.8305
5.20846 51.5761
5.2142 51.7978
5.21993 53.5263
5.22567 49.5942
5.23141 55.3696
5.23714 53.3333
5.24288 50.8689
5.24861 55.4674
5.25435 48.7978
5.26009 51.3
5.26582 53.4079
5.27156 52.8022
5.2773 52.725
5.28303 51.7231
5.28877 57.3511
5.2945 53.8161
5.30024 50.3333
5.30598 55.2025
5.31171 56.1011
5.31745 58.4756
5.32318 53.8769
5.32892 53.7021
5.33466 53.8621
5.34039 52.2576
5.34613 53.0706
5.35187 53.4286
5.3576 52.0247
5.36334 55.2388
5.36907 55.7917
5.37481 56.9294
5.38055 55.8852
5.38628 57.4583
5.39202 54.2527
5.39776 62.125
5.40349 57.9437
5.40923 53.9896
5.41496 55.1728
5.4207 50.8095
5.42644 51.5
5.43217 55.0674
5.43791 51.3718
5.44364 50.7808
5.44938 52.5361
5.45512 48.7927
5.46085 51.8657
5.46659 53.2245
5.47233 52.6854
5.47806 53.0526
5.4838 50.5309
5.48953 54.9892
5.49527 52.0476
5.50101 57.3433
5.50674 52.6633
5.51248 56.4944
5.51822 55.973
5.52395 53.9277
5.52969 53.3441
5.53542 55.6905
5.54116 52.2794
5.5469 50.0202
5.55263 54.6778
5.55837 50.9861
5.5641 47.3258
5.56984 49.0753
5.57558 52.3452
5.58131 52.4384
5.58705 51.7677
5.59279 51.8295
5.59852 53.2857
5.60426 53.54
5.60999 52.0753
5.61573 53.561
5.62147 49.0133
5.6272 55.5155
5.63294 55.4419
5.63868 51.597
5.64441 52.2647
5.65015 54.3871
5.65588 55.5
5.66162 54.6104
5.66736 57.8384
5.67309 54.186
5.67883 51.2174
5.68456 57.0198
5.6903 58.9111
5.69604 57.7439
5.70177 55.988
5.70751 57.8421
5.71325 58.8636
5.71898 54.1408
5.72472 56.4848
5.73045 59.8172
5.73619 56.55
5.74193 59.2135
5.74766 59.5684
5.7534 56.0341
5.75914 59.3239
5.76487 55.8812
5.77061 58.4574
5.77634 63.9359
5.78208 57.2022
5.78782 60.2165
5.79355 62.6744
5.79929 61.84
5.80502 61.3267
5.81076 63.5435
5.8165 61.8784
5.82223 60.1146
5.82797 62.9796
5.83371 59.8721
5.83944 65.1772
5.84518 61.8485
5.85091 60.2708
5.85665 59
5.86239 63.4762
5.86812 64.7347
5.87386 62.0814
5.8796 62.2532
5.88533 62.6535
5.89107 60.5217
5.8968 61.8986
5.90254 65.4
5.90828 63.6939
5.91401 62.4302
5.91975 61.5181
5.92548 63.7172
5.93122 64.0638
5.93696 65.8356
5.94269 66.0095
5.94843 66.4792
5.95417 64.7955
5.9599 66.6353
5.96564 67.7475
5.97137 70.6809
5.97711 70.7945
5.98285 69.2816
5.98858 71.0204
5.99432 70.4643
6.00006 73.6404
6.00579 71.6465
6.01153 76.6277
6.01726 77.24
6.023 75.3714
6.02874 75.0625
6.03447 75.0568
6.04021 75.7556
6.04594 73.7551
6.05168 73.4688
6.05742 71.2987
6.06315 72.8952
6.06889 73.3958
6.07463 77.2262
6.08036 76.1489
6.0861 75.8673
6.09183 81.25
6.09757 78.0256
6.10331 80.066
6.10904 80.8958
6.11478 81.5
6.12052 79.1042
6.12625 80.39
6.13199 83.8936
6.13772 85.4146
6.14346 86.902
6.1492 84.85
6.15493 87.975
6.16067 85.1863
6.1664 87.8775
6.17214 87.9362
6.17788 93.3095
6.18361 89.9412
6.18935 94.202
6.19509 94.1733
6.20082 96.0826
6.20656 95.9412
6.21229 102.385
6.21803 106.768
6.22377 105.792
6.2295 116.29
6.23524 126.707
6.24098 115.422
6.24671 117.686
6.25245 131.106
6.25818 138.174
6.26392 134.049
6.26966 196.824
6.27539 474.88
6.28113 200.193
6.28686 1934.69
6.2926 6157.98
6.29834 723.5
6.30407 1233.02
6.30981 856.539
6.31555 516.397
6.32128 240.315
6.32702 218.087
6.33275 206.188
6.33849 205.614
6.34423 195.798
6.34996 210.569
6.3557 227.423
6.36144 238.213
6.36717 268.375
6.37291 301.105
6.37864 300.211
6.38438 282.217
6.39012 254.294
6.39585 232.725
6.40159 206.38
6.40732 180.537
6.41306 166.936
6.4188 147.054
6.42453 139.566
6.43027 132.539
6.43601 126.476
6.44174 125.462
6.44748 123.009
6.45321 119.734
6.45895 116.196
6.46469 114.295
6.47042 115.175
6.47616 108.298
6.4819 104.527
6.48763 100.898
6.49337 104.054
6.4991 97.6842
6.50484 102.046
6.51058 101.716
6.51631 95.2857
6.52205 98.2909
6.52778 95.4722
6.53352 97.5435
6.53926 95.3854
6.54499 95.8981
6.55073 92.4314
6.55647 92.5
6.5622 93.4956
6.56794 92.1204
6.57367 94.7634
6.57941 94.979
6.58515 96.125
6.59088 92.7788
6.59662 96.6071
6.60236 93.2281
6.60809 92.6698
6.61383 93.2366
6.61956 87.9072
6.6253 89.0089
6.63104 91.7255
6.63677 86.2791
6.64251 88.5088
6.64824 88.8505
6.65398 90.9011
6.65972 86
6.66545 87.6071
6.67119 92.8654
6.67693 92.9535
6.68266 92.5517
6.6884 89.3056
6.69413 90.9011
6.69987 92.301
6.70561 91.4732
6.71134 90
6.71708 88.0227
6.72282 90.5263
6.72855 89.4352
6.73429 90.4382
6.74002 88.3774
6.74576 92.2348
6.7515 91.9417
6.75723 91.236
6.76297 89.8793
6.7687 88.7054
6.77444 86.8764
6.78018 86.1714
6.78591 88.681
6.79165 87.9813
6.79739 89.977
6.80312 89.2368
6.80886 87.1696
6.81459 87.022
6.82033 87.5524
6.82607 89.1121
6.8318 94.2381
6.83754 87.8977
6.84328 87.3248
6.84901 86.5536
6.85475 86.3407
6.86048 87.0092
6.86622 90.6983
6.87196 88.5794
6.87769 88.046
6.88343 90.2712
6.88916 90.114
6.8949 90.046
6.90064 88.7699
6.90637 90.1316
6.91211 90.2056
6.91785 89.6552
6.92358 92.6116
6.92932 92.0796
6.93505 88.5506
6.94079 90.2566
6.94653 90.9828
6.95226 92.1869
6.958 98.5055
6.96374 91.5333
6.96947 92.7105
6.97521 92.956
6.98094 91.7477
6.98668 89.5
6.99242 92.3303
6.99815 93.191
7.00389 95.5833
7.00962 93.4483
7.01536 90.4239
7.0211 93.1636
7.02683 93.3802
7.03257 95.1869
7.03831 96.1183
7.04404 93.4672
7.04978 95.8957
7.05551 99.5106
7.06125 98.6422
7.06699 98.8689
7.07272 97.2202
7.07846 94.3933
7.0842 97.6311
7.08993 98.0259
7.09567 96.7204
7.1014 99.292
7.10714 100.891
7.11288 101.128
7.11861 98.3152
7.12435 98.9597
7.13008 101.778
7.13582 103.406
7.14156 104.883
7.14729 103.1
7.15303 101.45
7.15877 102.043
7.1645 102.476
7.17024 104.025
7.17597 103.388
7.18171 101.645
7.18745 105.164
7.19318 106.459
7.19892 106.62
7.20466 103.276
7.21039 105.521
7.21613 107.525
7.22186 108.972
7.2276 106.889
7.23334 112.973
7.23907 108.22
7.24481 107.865
7.25054 109.748
7.25628 114.76
7.26202 109.658
7.26775 114.484
7.27349 113.919
7.27923 110.108
7.28496 111.732
7.2907 113.882
7.29643 118.689
7.30217 117.259
7.30791 117.718
7.31364 125.068
7.31938 118.371
7.32512 125.338
7.33085 127.132
7.33659 132.548
7.34232 124.905
7.34806 136.231
7.3538 143.856
7.35953 134.591
7.36527 155.547
7.371 199.959
7.37674 482.99
7.38248 198.2
7.38821 1721.22
7.39395 1303.06
7.39969 724.957
7.40542 1466
7.41116 620.016
7.41689 407.811
7.42263 257.486
7.42837 232.135
7.4341 219.924
7.43984 206.708
7.44558 217.836
7.45131 223.298
7.45705 244.245
7.46278 258.961
7.46852 287.646
7.47426 318.669
7.47999 329.3
7.48573 324.031
7.49146 296.552
7.4972 266.018
7.50294 239.178
7.50867 209.375
7.51441 194.244
7.52015 178.473
7.52588 161.614
7.53162 152.528
7.53735 140.973
7.54309 133.689
7.54883 127.667
7.55456 120.361
7.5603 130.522
7.56604 122.556
7.57177 115.256
7.57751 109.817
7.58324 107.539
7.58898 106.069
7.59472 105.131
7.60045 103.25
7.60619 104
7.61192 100.814
7.61766 98.9914
7.6234 96.0594
7.62913 96.697
7.63487 100.248
7.64061 99.4314
7.64634 96.935
7.65208 98.8062
7.65781 99.3529
7.66355 96.6122
7.66929 97.7164
7.67502 93.7258
7.68076 94.8208
7.6865 96.3361
7.69223 96.5725
7.69797 100.847
7.7037 99.8416
7.70944 103.022
7.71518 129.48
7.72091 173.091
7.72665 234.214
7.73238 495.969
7.73812 167.156
7.74386 139.633
7.74959 147.841
7.75533 123.008
7.76107 119.216
7.7668 115.825
7.77254 126.336
7.77827 129.713
7.78401 136.667
7.78975 144.052
7.79548 152.984
7.80122 168.716
7.80696 180.225
7.81269 180.759
7.81843 176.339
7.82416 169.695
7.8299 148.671
7.83564 133.828
7.84137 126.017
7.84711 113.064
7.85284 106.985
7.85858 101.85
7.86432 97.2165
7.87005 94.1727
7.87579 91.5234
7.88153 90.8607
7.88726 87.8692
7.893 90.6667
7.89873 88.9375
7.90447 87.902
7.91021 83.2857
7.91594 81.313
7.92168 83.6917
7.92742 82.6981
7.93315 80.6496
7.93889 83.4567
7.94462 79.1858
7.95036 79.6529
7.9561 79.2955
7.96183 79.7619
7.96757 80.619
7.9733 80.2117
7.97904 76.6
7.98478 79.4375
7.99051 77.728
7.99625 78.797
8.00199 78.621
8.00772 77.6535
8.01346 75.3957
8.01919 75.5113
8.02493 77.1261
8.03067 76.3628
8.0364 76.2279
8.04214 73.2126
8.04788 75.4466
8.05361 73.3381
8.05935 76.5221
8.06508 74.0339
8.07082 72.0855
8.07656 72.6423
8.08229 69.4141
8.08803 74.3737
8.09376 70.4336
8.0995 63.8788
8.10524 59.5772
8.11097 58.1681
8.11671 55.2899
8.12245 49.8682
8.12818 46.2342
8.13392 43.7045
8.13965 38.9854
8.14539 39.5403
8.15113 35.0541
8.15686 17.8321
8.1626 18.9136
8.16834 17.2542
8.17407 15.4211
8.17981 1.63158
8.18554 0
8.19128 0
8.19702 0
8.20275 0
8.20849 0
8.21422 0
8.21996 0
8.2257 0
8.23143 0
8.23717 0
8.24291 0
8.24864 0
8.25438 0
8.26011 0
8.26585 0
8.27159 0
8.27732 0
8.28306 0
8.2888 0
8.29453 0
8.30027 0
8.306 0
8.31174 0
8.31748 0
8.32321 0
8.32895 0
8.33468 0
8.34042 0
8.34616 0
8.35189 0
8.35763 0
8.36337 0
8.3691 0
8.37484 0
8.38057 0
8.38631 0
8.39205 0
8.39778 0
8.40352 0
8.40926 0
8.41499 0
8.42073 0
8.42646 0
8.4322 0
8.43794 0
8.44367 0
8.44941 0
8.45514 0
8.46088 0
8.46662 0
8.47235 0
8.47809 0
8.48383 0
8.48956 0
8.4953 0
8.50103 0
8.50677 0
8.51251 0
8.51824 0
8.52398 0
8.52972 0
8.53545 0
8.54119 0
8.54692 0
8.55266 0
8.5584 0
8.56413 0
8.56987 0
8.5756 0
8.58134 0
8.58708 0
8.59281 0
8.59855 0
8.60429 0
8.61002 0
8.61576 0
8.62149 0
8.62723 0
8.63297 0
8.6387 0
8.64444 0
8.65018 0
8.65591 0
8.66165 0
8.66738 0
8.67312 0
8.67886 0
8.68459 0
8.69033 0
8.69606 0
8.7018 0
8.70754 0
8.71327 0
8.71901 0
8.72475 0
8.73048 0
8.73622 0
8.74195 0
8.74769 0
8.75343 0
8.75916 0
8.7649 0
8.77064 0
8.77637 0
8.78211 0
8.78784 0
8.79358 0
8.79932 0
8.80505 0
8.81079 0
8.81652 0
8.82226 0
8.828 0
8.83373 0
8.83947 0
8.84521 0
8.85094 0
8.85668 0
8.86241 0
8.86815 0
8.87389 0
8.87962 0
8.88536 0
8.8911 0
8.89683 0
8.90257 0
8.9083 0
8.91404 0
8.91978 0
8.92551 0
8.93125 0
8.93698 0
8.94272 0
8.94846 0
8.95419 0
8.95993 0
8.96567 0
8.9714 0
8.97714 0
8.98287 0
8.98861 0
8.99435 0
9.00008 0
9.00582 0
9.01156 0
9.01729 0
9.02303 0
9.02876 0
9.0345 0
9.04024 0
9.04597 0
9.05171 0
9.05744 0
9.06318 0
9.06892 0
9.07465 0
9.08039 0
9.08613 0
9.09186 0
9.0976 0
9.10333 0
9.10907 0
9.11481 0
9.12054 0
9.12628 0
9.13202 0
9.13775 0
9.14349 0
9.14922 0
9.15496 0
9.1607 0
9.16643 0
9.17217 0
9.1779 0
9.18364 0
9.18938 0
9.19511 0
9.20085 0
9.20659 0
9.21232 0
9.21806 0
9.22379 0
9.22953 0
9.23527 0
9.241 0
9.24674 0
9.25248 0
9.25821 0
9.26395 0
9.26968 0
9.27542 0
9.28116 0
9.28689 0
9.29263 0
9.29836 0
9.3041 0
9.30984 0
9.31557 0
9.32131 0
9.32705 0
9.33278 0
9.33852 0
9.34425 0
9.34999 0
9.35573 0
9.36146 0
9.3672 0
9.37294 0
9.37867 0
9.38441 0
9.39014 0
9.39588 0
9.40162 0
9.40735 0
9.41309 0
9.41882 0
9.42456 0
9.4303 0
9.43603 0
9.44177 0
9.44751 0
9.45324 0
9.45898 0
9.46471 0
9.47045 0
9.47619 0
9.48192 0
9.48766 0
9.4934 0
9.49913 0
9.50487 0
9.5106 0
9.51634 0
9.52208 0
9.52781 0
9.53355 0
9.53928 0
9.54502 0
9.55076 0
9.55649 0
9.56223 0
9.56797 0
9.5737 0
9.57944 0
9.58517 0
9.59091 0
9.59665 0
9.60238 0
9.60812 0
9.61386 0
9.61959 0
9.62533 0
9.63106 0
9.6368 0
9.64254 0
9.64827 0
9.65401 0
9.65974 0
9.66548 0
9.67122 0
9.67695 0
9.68269 0
9.68843 0
9.69416 0
9.6999 0
9.70563 0
9.71137 0
9.71711 0
9.72284 0
9.72858 0
9.73432 0
9.74005 0
9.74579 0
9.75152 0
9.75726 0
9.763 0
9.76873 0
9.77447 0
9.7802 0
9.78594 0
9.79168 0
9.79741 0
9.80315 0
9.80889 0
9.81462 0
9.82036 0
9.82609 0
9.83183 0
9.83757 0
9.8433 0
9.84904 0
9.85478 0
9.86051 0
9.86625 0
9.87198 0
9.87772 0
9.88346 0
9.88919 0
9.89493 0
9.90066 0
9.9064 0
9.91214 0
9.91787 0
9.92361 0
9.92935 0
9.93508 0
9.94082 0
9.94655 0
9.95229 0
9.95803 0
9.96376 0
9.9695 0
9.97524 0
9.98097 0
9.98671 0
9.99244 0
9.99818 0
10.0039 0
10.0097 0
10.0154 0
10.0211 0
10.0269 0
10.0326 0
10.0383 0
10.0441 0
10.0498 0
10.0555 0
10.0613 0
10.067 0
10.0728 0
10.0785 0
10.0842 0
10.09 0
10.0957 0
10.1014 0
10.1072 0
10.1129 0
10.1186 0
10.1244 0
10.1301 0
10.1358 0
10.1416 0
10.1473 0
10.1531 0
10.1588 0
10.1645 0
10.1703 0
10.176 0
10.1817 0
10.1875 0
10.1932 0
10.1989 0
10.2047 0
10.2104 0
10.2162 0
10.2219 0
10.2276 0
10.2334 0
10.2391 0
10.2448 0
10.2506 0
10.2563 0
10.262 0
10.2678 0
10.2735 0
10.2793 0
10.285 0
10.2907 0
10.2965 0
10.3022 0
10.3079 0
10.3137 0
10.3194 0
10.3251 0
10.3309 0
10.3366 0
10.3424 0
10.3481 0
10.3538 0
10.3596 0
10.3653 0
10.371 0
10.3768 0
10.3825 0
10.3882 0
10.394 0
10.3997 0
10.4054 0
10.4112 0
10.4169 0
10.4227 0
10.4284 0
10.4341 0
10.4399 0
10.4456 0
10.4513 0
10.4571 0
10.4628 0
10.4685 0
10.4743 0
10.48 0
10.4858 0
10.4915 0
10.4972 0
10.503 0
10.5087 0
10.5144 0
10.5202 0
10.5259 0
10.5316 0
10.5374 0
10.5431 0
10.5489 0
10.5546 0
10.5603 0
10.5661 0
10.5718 0
10.5775 0
10.5833 0
10.589 0
10.5947 0
10.6005 0
10.6062 0
10.612 0
10.6177 0
10.6234 0
10.6292 0
10.6349 0
10.6406 0
10.6464 0
10.6521 0
10.6578 0
10.6636 0
10.6693 0
10.6751 0
10.6808 0
10.6865 0
10.6923 0
10.698 0
10.7037 0
10.7095 0
10.7152 0
10.7209 0
10.7267 0
10.7324 0
10.7381 0
10.7439 0
10.7496 0
10.7554 0
10.7611 0
10.7668 0
10.7726 0
10.7783 0
10.784 0
10.7898 0
10.7955 0
10.8012 0
10.807 0
10.8127 0
10.8185 0
10.8242 0
10.8299 0
10.8357 0
10.8414 0
10.8471 0
10.8529 0
10.8586 0
10.8643 0
10.8701 0
10.8758 0
10.8816 0
10.8873 0
10.893 0
10.8988 0
10.9045 0
10.9102 0
10.916 0
10.9217 0
10.9274 0
10.9332 0
10.9389 0
10.9447 0
10.9504 0
10.9561 0
10.9619 0
10.9676 0
10.9733 0
10.9791 0
10.9848 0
10.9905 0
10.9963 0
11.002 0
11.0077 0
11.0135 0
11.0192 0
11.025 0
11.0307 0
11.0364 0
11.0422 0
11.0479 0
11.0536 0
11.0594 0
11.0651 0
11.0708 0
11.0766 0
11.0823 0
11.0881 0
11.0938 0
11.0995 0
11.1053 0
11.111 0
11.1167 0
11.1225 0
11.1282 0
11.1339 0
11.1397 0
11.1454 0
11.1512 0
11.1569 0
11.1626 0
11.1684 0
11.1741 0
11.1798 0
11.1856 0
11.1913 0
11.197 0
11.2028 0
11.2085 0
11.2143 0
11.22 0
11.2257 0
11.2315 0
11.2372 0
11.2429 0
11.2487 0
11.2544 0
11.2601 0
11.2659 0
11.2716 0
11.2774 0
11.2831 0
11.2888 0
11.2946 0
11.3003 0
11.306 0
11.3118 0
11.3175 0
11.3232 0
11.329 0
11.3347 0
11.3404 0
11.3462 0
11.3519 0
11.3577 0
11.3634 0
11.3691 0
11.3749 0
11.3806 0
11.3863 0
11.3921 0
11.3978 0
11.4035 0
11.4093 0
11.415 0
11.4208 0
11.4265 0
11.4322 0
11.438 0
11.4437 0
11.4494 0
11.4552 0
11.4609 0
11.4666 0
11.4724 0
11.4781 0
11.4839 0
11.4896 0
11.4953 0
11.5011 0
11.5068 0
11.5125 0
11.5183 0
11.524 0
11.5297 0
11.5355 0
11.5412 0
11.547 0
11.5527 0
11.5584 0
11.5642 0
11.5699 0
11.5756 0
11.5814 0
11.5871 0
11.5928 0
11.5986 0
11.6043 0
11.61 0
11.6158 0
11.6215 0
11.6273 0
11.633 0
11.6387 0
11.6445 0
11.6502 0
11.6559 0
11.6617 0
11.6674 0
11.6731 0
11.6789 0
11.6846 0
11.6904 0
11.6961 0
11.7018 0
11.7076 0
11.7133 0
11.719 0
11.7248 0
11.7305 0
11.7362 0
11.742 0
