0 0
0.00573619 -7.007
0.0114724 9.009
0.0172086 0
0.0229448 9.009
0.028681 25.025
0.0344171 0
0.0401533 -5.005
0.0458895 -21.021
0.0516257 10.01
0.0573619 0
0.0630981 -20.02
0.0688343 11.011
0.0745705 0
0.0803067 1.001
0.0860429 0
0.091779 0
0.0975152 11.011
0.103251 15.015
0.108988 19.6863
0.114724 0
0.12046 -9.009
0.126196 -7.34067
0.131932 0
0.137669 -3.33667
0.143405 -4.33767
0.149141 10.01
0.154877 5.5055
0.160613 -8.008
0.16635 -1.66833
0.172086 0
0.177822 0.333667
0.183558 -5.25525
0.189294 0
0.19503 5.8058
0.200767 -1.001
0.206503 4.004
0.212239 -13.5135
0.217975 -3.003
0.223711 0.8008
0.229448 0
0.235184 -5.8058
0.24092 3.2032
0.246656 0
0.252392 4.4044
0.258129 12.2122
0.263865 -2.002
0.269601 0
0.275337 5.005
0.281073 4.29
0.28681 0
0.292546 -8.58
0.298282 -0.715
0.304018 -6.33967
0.309754 5.5055
0.31549 0
0.321227 -0.572
0.326963 0
0.332699 1.716
0.338435 5.148
0.344171 0
0.349908 5.005
0.355644 9.438
0.36138 7.4074
0.367116 -4.004
0.372852 4.004
0.378589 -0.429
0.384325 -10.01
0.390061 4.89378
0.395797 2.22444
0.401533 0
0.40727 15.1262
0.413006 2.89178
0.418742 16.588
0.424478 17.017
0.430214 11.1222
0.43595 19.9088
0.441687 0
0.447423 18.2404
0.453159 26.026
0.458895 17.017
0.464631 21.879
0.470368 17.654
0.476104 13.3467
0.48184 17.5175
0.487576 24.479
0.493312 18.473
0.499049 0
0.504785 28.392
0.510521 23.023
0.516257 18.2182
0.521993 18.3517
0.52773 27.3
0.533466 33.4779
0.539202 50.5505
0.544938 36.036
0.550674 32.396
0.55641 0
0.562147 23.6903
0.567883 26.642
0.573619 23.738
0.579355 35.3687
0.585091 17.556
0.590828 29.484
0.596564 15.5155
0.6023 26.026
0.608036 25.333
0.613772 1.2012
0.619509 21.6466
0.625245 23.1
0.630981 26.5821
0.636717 30.03
0.642453 32.263
0.64819 35.574
0.653926 18.018
0.659662 33.5669
0.665398 33.033
0.671134 29.601
0.67687 35.7858
0.682607 35.9025
0.688343 39.13
0.694079 38.038
0.699815 37.4374
0.705551 39.4394
0.711288 22.022
0.717024 28.6715
0.72276 42.1087
0.728496 36.9258
0.734232 31.3647
0.739969 33.3458
0.745705 30.723
0.751441 42.7093
0.757177 33.2685
0.762913 36.9781
0.76865 26.8268
0.774386 29.029
0.780122 33.6807
0.785858 38.675
0.791594 42.8762
0.79733 34.8584
0.803067 35.5689
0.808803 31.031
0.814539 35.5061
0.820275 36.7426
0.826011 40.9298
0.831748 35.035
0.837484 30.3081
0.84322 41.041
0.848956 27.8612
0.854692 40.8829
0.860429 37.8025
0.866165 49.4494
0.871901 39.8523
0.877637 32.8749
0.883373 35.399
0.88911 36.6616
0.894846 31.7686
0.900582 43.1765
0.906318 36.036
0.912054 33.9813
0.91779 44.6328
0.923527 34.1452
0.929263 36.729
0.934999 32.2822
0.940735 41.657
0.946471 39.2892
0.952208 36.6557
0.957944 35.5649
0.96368 36.2863
0.969416 22.165
0.975152 28.9236
0.980889 34.671
0.986625 28.1948
0.992361 38.324
0.998097 35.3019
1.00383 32.032
1.00957 35.9407
1.01531 49.1079
1.02104 49.4494
1.02678 39.3334
1.03251 34.9397
1.03825 38.038
1.04399 35.5355
1.04972 40.2141
1.05546 41.9242
1.0612 30.6973
1.06693 37.4722
1.07267 41.0937
1.0784 41.58
1.08414 35.5355
1.08988 35.6008
1.09561 35.035
1.10135 33.9089
1.10708 29.116
1.11282 25.7316
1.11856 31.317
1.12429 39.2892
1.13003 35.2733
1.13577 27.4274
1.1415 46.8325
1.14724 39.8798
1.15297 36.3029
1.15871 33.1331
1.16445 34.995
1.17018 34.6135
1.17592 30.107
1.18166 40.0956
1.18739 34.3387
1.19313 28.8288
1.19886 31.3647
1.2046 35.2352
1.21034 39.1502
1.21607 35.2574
1.22181 31.031
1.22754 32.5087
1.23328 40.04
1.23902 34.5971
1.24475 33.5535
1.25049 31.3843
1.25623 32.1154
1.26196 33.7003
1.2677 32.3481
1.27343 42.735
1.27917 38.311
1.28491 42.8254
1.29064 37.3903
1.29638 58.5251
1.30212 46.3426
1.30785 58.8922
1.31359 39.13
1.31932 42.4562
1.32506 34.749
1.3308 45.6338
1.33653 41.5415
1.34227 38.3583
1.348 31.6632
1.35374 39.611
1.35948 35.035
1.36521 37.2753
1.37095 41.8418
1.37669 31.8594
1.38242 36.6453
1.38816 38.6268
1.39389 35.0877
1.39963 33.2925
1.40537 36.1861
1.4111 33.1045
1.41684 36.036
1.42258 45.3061
1.42831 36.9781
1.43405 45.4204
1.43978 35.1952
1.44552 40.2307
1.45126 35.7858
1.45699 33.9304
1.46273 36.4173
1.46846 36.8702
1.4742 37.037
1.47994 37.3852
1.48567 39.1892
1.49141 36.465
1.49715 34.5901
1.50288 40.131
1.50862 46.9844
1.51435 41.6623
1.52009 41.4414
1.52583 44.2442
1.53156 38.9055
1.5373 37.8378
1.54304 35.75
1.54877 35.6356
1.55451 37.3131
1.56024 35.0785
1.56598 37.9665
1.57172 38.6515
1.57745 41.9265
1.58319 38.038
1.58892 35.3553
1.59466 33.1442
1.6004 38.6786
1.60613 38.5385
1.61187 37.5536
1.61761 32.9529
1.62334 35.464
1.62908 34.1553
1.63481 35.517
1.64055 36.6453
1.64629 38.4475
1.65202 42.1456
1.65776 35.996
1.6635 35.8483
1.66923 37.1662
1.67497 40.4333
1.6807 32.1822
1.68644 34.9992
1.69218 35.5713
1.69791 32.5525
1.70365 37.492
1.70938 33.6142
1.71512 41.2264
1.72086 34.9724
1.72659 43.9227
1.73233 37.3822
1.73807 33.033
1.7438 35.189
1.74954 39.0735
1.75527 43.0801
1.76101 35.4038
1.76675 36.9763
1.77248 32.4253
1.77822 38.8889
1.78396 37.1705
1.78969 37.8443
1.79543 34.2194
1.80116 42.2923
1.8069 37.4568
1.81264 40.2471
1.81837 33.4779
1.82411 39.9256
1.82984 36.0705
1.83558 38.2782
1.84132 34.2265
1.84705 40.6535
1.85279 35.3925
1.85853 37.2981
1.86426 43.3767
1.87 40.9409
1.87573 31.6198
1.88147 43.043
1.88721 36.127
1.89294 35.2945
1.89868 41.965
1.90442 42.497
1.91015 45.9814
1.91589 40.9409
1.92162 52.3094
1.92736 51.2447
1.9331 40.9209
1.93883 52.3737
1.94457 50.8993
1.9503 50.2168
1.95604 53.6786
1.96178 44.9272
1.96751 41.0097
1.97325 40.3904
1.97899 39.6342
1.98472 42.8003
1.99046 37.4857
1.99619 40.81
2.00193 35.0636
2.00767 37.1339
2.0134 40.6656
2.01914 41.3842
2.02488 38.5537
2.03061 43.4834
2.03635 47.1721
2.04208 38.6563
2.04782 39.4144
2.05356 41.8752
2.05929 41.7639
2.06503 38.6268
2.07076 32.5325
2.0765 36.4959
2.08224 41.1554
2.08797 38.4867
2.09371 42.5783
2.09945 40.8246
2.10518 39.221
2.11092 42.1254
2.11665 41.7985
2.12239 39.2964
2.12813 42.8689
2.13386 41.8256
2.1396 42.1532
2.14534 50.0813
2.15107 43.043
2.15681 43.7806
2.16254 38.0658
2.16828 42.3605
2.17402 42.9403
2.17975 44.5039
2.18549 40.6535
2.19122 42.042
2.19696 43.2324
2.2027 45.7028
2.20843 56.9319
2.21417 79.7977
2.21991 71.8826
2.22564 49.0035
2.23138 49.8998
2.23711 42.5162
2.24285 46.9292
2.24859 46.904
2.25432 48.4958
2.26006 47.124
2.2658 46.865
2.27153 43.9219
2.27727 46.97
2.283 48.6292
2.28874 48.7988
2.29448 44.7113
2.30021 41.7985
2.30595 40.271
2.31168 41.6827
2.31742 40.4404
2.32316 41.4505
2.32889 48.8822
2.33463 45.045
2.34037 39.7063
2.3461 46.3677
2.35184 45.045
2.35757 40.4188
2.36331 46.431
2.36905 49.3176
2.37478 47.5109
2.38052 48.9521
2.38626 50.5799
2.39199 41.1108
2.39773 46.4789
2.40346 48.1635
2.4092 42.3377
2.41494 44.6196
2.42067 47.1835
2.42641 50.1637
2.43214 48.2387
2.43788 49.5352
2.44362 41.9451
2.44935 45.3787
2.45509 46.2257
2.46083 47.0085
2.46656 45.3342
2.4723 44.6544
2.47803 48.7038
2.48377 47.5725
2.48951 47.4427
2.49524 45.7637
2.50098 51.128
2.50672 42.9342
2.51245 45.9268
2.51819 45.2118
2.52392 44.3922
2.52966 51.7562
2.5354 49.2613
2.54113 46.8754
2.54687 51.7628
2.5526 46.9982
2.55834 54.3235
2.56408 46.1525
2.56981 48.048
2.57555 45.7008
2.58129 49.2635
2.58702 51.051
2.59276 43.4218
2.59849 52.5677
2.60423 52.7701
2.60997 53.599
2.6157 47.2138
2.62144 54.1166
2.62718 52.3567
2.63291 51.1654
2.63865 52.7749
2.64438 57.4191
2.65012 54.1272
2.65586 49.6162
2.66159 49.2407
2.66733 52.2744
2.67306 49.6496
2.6788 52.3857
2.68454 55.1593
2.69027 48.0993
2.69601 47.411
2.70175 53.1781
2.70748 51.3847
2.71322 50.1241
2.71895 52.198
2.72469 52.2605
2.73043 56.6566
2.73616 51.8149
2.7419 51.337
2.74764 50.3992
2.75337 49.5829
2.75911 50.7037
2.76484 51.5617
2.77058 57.2655
2.77632 52.1337
2.78205 49.9299
2.78779 50.1013
2.79352 53.1388
2.79926 51.1473
2.805 52.2744
2.81073 48.7153
2.81647 52.3408
2.82221 53.8906
2.82794 51.3486
2.83368 54.3964
2.83941 52.392
2.84515 52.8333
2.85089 53.6473
2.85662 54.2995
2.86236 54.197
2.8681 53.2198
2.87383 54.573
2.87957 58.6586
2.8853 57.6674
2.89104 58.8967
2.89678 55.6903
2.90251 56.145
2.90825 55.1931
2.91398 55.4628
2.91972 54.6428
2.92546 59.3025
2.93119 56.3897
2.93693 55.9049
2.94267 56.4564
2.9484 58.4959
2.95414 64.8006
2.95987 61.8781
2.96561 58.7995
2.97135 55.9309
2.97708 62.822
2.98282 61.8567
2.98856 55.671
2.99429 61.3947
3.00003 60.0387
3.00576 60.1246
3.0115 61.1156
3.01724 66.2926
3.02297 62.4408
3.02871 65.8385
3.03444 63.6636
3.04018 64.6201
3.04592 58.9118
3.05165 65.3926
3.05739 64.9276
3.06313 61.2336
3.06886 61.8654
3.0746 62.608
3.08033 64.337
3.08607 65.1732
3.09181 65.6191
3.09754 68.0884
3.10328 67.7451
3.10902 69.0181
3.11475 74.1118
3.12049 67.3237
3.12622 69.5477
3.13196 73.1094
3.1377 75.0111
3.14343 79.5517
3.14917 75.2131
3.1549 75.4087
3.16064 66.6183
3.16638 75.8925
3.17211 78.1144
3.17785 80.1937
3.18359 79.2743
3.18932 79.8729
3.19506 76.3824
3.20079 79.5206
3.20653 79.096
3.21227 79.0223
3.218 79.2987
3.22374 74.5954
3.22948 83.1169
3.23521 82.1042
3.24095 80.6703
3.24668 82.1988
3.25242 78.7768
3.25816 80.6099
3.26389 85.1201
3.26963 82.1698
3.27536 88.5015
3.2811 81.3007
3.28684 89.2725
3.29257 89.4567
3.29831 83.3611
3.30405 88.1357
3.30978 93.2386
3.31552 95.3976
3.32125 93.5935
3.32699 96.7985
3.33273 94.7025
3.33846 89.0633
3.3442 92.8831
3.34994 96.0371
3.35567 94.2257
3.36141 101.067
3.36714 94.5155
3.37288 96.0751
3.37862 97.679
3.38435 97.5893
3.39009 102.499
3.39582 102.102
3.40156 98.8607
3.4073 104.941
3.41303 104.573
3.41877 105.48
3.42451 103.858
3.43024 109.79
3.43598 100.857
3.44171 106.9
3.44745 113.667
3.45319 105.176
3.45892 106.452
3.46466 108.685
3.4704 108.829
3.47613 112.484
3.48187 115.051
3.4876 118.647
3.49334 111.743
3.49908 116.041
3.50481 123.843
3.51055 118.054
3.51628 118.059
3.52202 125.027
3.52776 128.35
3.53349 123.953
3.53923 132.64
3.54497 136.933
3.5507 135.698
3.55644 137.628
3.56217 136.594
3.56791 141.507
3.57365 139.792
3.57938 141.572
3.58512 146.346
3.59086 149.36
3.59659 155.454
3.60233 156.987
3.60806 151.445
3.6138 163.347
3.61954 163.783
3.62527 175.032
3.63101 172.709
3.63674 181.913
3.64248 198.233
3.64822 199.658
3.65395 207.049
3.65969 218.07
3.66543 218.366
3.67116 222.505
3.6769 228.816
3.68263 245.196
3.68837 233.602
3.69411 254.631
3.69984 258.614
3.70558 251.937
3.71132 257.375
3.71705 263.725
3.72279 279.279
3.72852 273.087
3.73426 286.45
3.74 296.829
3.74573 302.422
3.75147 313.859
3.7572 333.222
3.76294 354.473
3.76868 354.217
3.77441 376.496
3.78015 400.587
3.78589 414.265
3.79162 433.699
3.79736 473.723
3.80309 498.015
3.80883 526.801
3.81457 582.936
3.8203 651.451
3.82604 675.186
3.83178 793.329
3.83751 1048.56
3.84325 1881.83
3.84898 1762.18
3.85472 3865.4
3.86046 2187.99
3.86619 1757.8
3.87193 1900.06
3.87766 2118.53
3.8834 2241.44
3.88914 2406.07
3.89487 2600.8
3.90061 2638.47
3.90635 2617.51
3.91208 2499.02
3.91782 2252.75
3.92355 1970.65
3.92929 1751.33
3.93503 1511.79
3.94076 1289.31
3.9465 1154.17
3.95224 1018.35
3.95797 907.414
3.96371 808.199
3.96944 748.48
3.97518 690.833
3.98092 626.108
3.98665 584.636
3.99239 552.022
3.99812 520.73
4.00386 483.544
4.0096 469.164
4.01533 449.465
4.02107 426.026
4.02681 409.94
4.03254 408.711
4.03828 375.775
4.04401 374.104
4.04975 365.873
4.05549 357.234
4.06122 337.576
4.06696 334.943
4.0727 333.133
4.07843 322.923
4.08417 315.851
4.0899 309.633
4.09564 312.578
4.10138 300.78
4.10711 303.386
4.11285 304.789
4.11858 291.077
4.12432 289.822
4.13006 287.876
4.13579 281.932
4.14153 276.757
4.14727 277.88
4.153 276.082
4.15874 271.408
4.16447 272.313
4.17021 267.879
4.17595 267.897
4.18168 260.01
4.18742 265.236
4.19316 268.238
4.19889 253.733
4.20463 264.507
4.21036 262.969
4.2161 259.543
4.22184 260.812
4.22757 259.092
4.23331 263.368
4.23904 256.757
4.24478 260.407
4.25052 262.001
4.25625 255.219
4.26199 261.793
4.26773 259.509
4.27346 272.227
4.2792 267.41
4.28493 270.27
4.29067 271.772
4.29641 272.835
4.30214 273.958
4.30788 286.072
4.31362 281.625
4.31935 281.96
4.32509 291.264
4.33082 305.305
4.33656 297.777
4.3423 306.199
4.34803 318.751
4.35377 324.857
4.3595 321.838
4.36524 330.519
4.37098 348.806
4.37671 347.087
4.38245 363.052
4.38819 389.361
4.39392 393.762
4.39966 402.242
4.40539 434.142
4.41113 481.672
4.41687 476.736
4.4226 599.677
4.42834 875.573
4.43408 1292.98
4.43981 3338.92
4.44555 12937.9
4.45128 7132.85
4.45702 6938.47
4.46276 2448.25
4.46849 978.477
4.47423 736.421
4.47996 688.754
4.4857 651.435
4.49144 623.515
4.49717 602.364
4.50291 623.939
4.50865 628.385
4.51438 595.787
4.52012 593.922
4.52585 569.089
4.53159 518.588
4.53733 486.5
4.54306 459.359
4.5488 433.821
4.55454 400.4
4.56027 381.907
4.56601 360.793
4.57174 335.855
4.57748 322.656
4.58322 301.686
4.58895 294.727
4.59469 276.21
4.60042 263.763
4.60616 254.187
4.6119 238.118
4.61763 231.713
4.62337 226.816
4.62911 217.868
4.63484 202.695
4.64058 203.105
4.64631 196.863
4.65205 188.063
4.65779 187.675
4.66352 183.684
4.66926 174.617
4.675 170.565
4.68073 167.257
4.68647 172.666
4.6922 161.6
4.69794 165.303
4.70368 159.146
4.70941 150.771
4.71515 153.506
4.72088 150.701
4.72662 148.583
4.73236 143.222
4.73809 145.829
4.74383 145.594
4.74957 140.313
4.7553 138.007
4.76104 141.704
4.76677 132.401
4.77251 132.579
4.77825 132.462
4.78398 133.013
4.78972 133.734
4.79546 132.686
4.80119 128.609
4.80693 126.111
4.81266 122.756
4.8184 123.755
4.82414 125.152
4.82987 120.235
4.83561 119.19
4.84134 125.275
4.84708 122.028
4.85282 121.203
4.85855 121.853
4.86429 120.895
4.87003 119.365
4.87576 119.992
4.8815 118.901
4.88723 115.727
4.89297 117.388
4.89871 112.291
4.90444 116.638
4.91018 111.171
4.91592 110.396
4.92165 111.821
4.92739 106.861
4.93312 111.123
4.93886 110.932
4.9446 108.885
4.95033 109.997
4.95607 109.423
4.9618 109.499
4.96754 107.277
4.97328 113.916
4.97901 113.644
4.98475 102.857
4.99049 109.096
4.99622 105.571
5.00196 110.617
5.00769 105.312
5.01343 107.835
5.01917 104.538
5.0249 101.12
5.03064 104.46
5.03638 98.6101
5.04211 101.848
5.04785 99.9922
5.05358 102.719
5.05932 103.276
5.06506 103.138
5.07079 104.923
5.07653 105.151
5.08226 105.584
5.088 99.9167
5.09374 103.993
5.09947 101.192
5.10521 98.7971
5.11095 100.178
5.11668 99.8409
5.12242 98.8412
5.12815 99.658
5.13389 98.4094
5.13963 97.643
5.14536 100.428
5.1511 102.298
5.15684 105.756
5.16257 101.279
5.16831 102.567
5.17404 98.9865
5.17978 99.6123
5.18552 101.191
5.19125 98.1981
5.19699 105.539
5.20272 96.7407
5.20846 96.6944
5.2142 97.5581
5.21993 101.43
5.22567 96.0525
5.23141 96.5965
5.23714 99.6798
5.24288 99.9359
5.24861 98.8161
5.25435 101.45
5.26009 101.058
5.26582 98.3746
5.27156 94.809
5.2773 96.3838
5.28303 100.716
5.28877 98.1087
5.2945 99.3751
5.30024 92.9123
5.30598 99.6945
5.31171 100.595
5.31745 102.151
5.32318 103.118
5.32892 99.6953
5.33466 103.448
5.34039 99.8725
5.34613 97.8271
5.35187 95.777
5.3576 98.7283
5.36334 99.592
5.36907 99.8289
5.37481 100.606
5.38055 101.167
5.38628 97.5662
5.39202 98.307
5.39776 101.088
5.40349 100.269
5.40923 102.467
5.41496 102.881
5.4207 98.0821
5.42644 99.5382
5.43217 100.19
5.43791 101.614
5.44364 102.609
5.44938 105.889
5.45512 110.232
5.46085 102.983
5.46659 105.166
5.47233 104.273
5.47806 104.973
5.4838 102.596
5.48953 100.175
5.49527 100.076
5.50101 102.849
5.50674 100.161
5.51248 103.958
5.51822 104.523
5.52395 99.9432
5.52969 102.952
5.53542 101.375
5.54116 102.293
5.5469 102.446
5.55263 99.5439
5.55837 99.3771
5.5641 104.351
5.56984 104.287
5.57558 105.081
5.58131 103.981
5.58705 105.004
5.59279 105.014
5.59852 100.656
5.60426 102.432
5.60999 104.244
5.61573 103.323
5.62147 99.3125
5.6272 104.331
5.63294 105.035
5.63868 104.985
5.64441 108.029
5.65015 107.559
5.65588 106.368
5.66162 104.091
5.66736 108.725
5.67309 107.596
5.67883 107.847
5.68456 105.254
5.6903 104.538
5.69604 108.596
5.70177 106.733
5.70751 111.395
5.71325 110.679
5.71898 105.345
5.72472 108.735
5.73045 109.733
5.73619 112.6
5.74193 113.158
5.74766 112.47
5.7534 111.259
5.75914 110.928
5.76487 111.27
5.77061 111.367
5.77634 112.176
5.78208 116.183
5.78782 110.203
5.79355 114.871
5.79929 119.012
5.80502 115.283
5.81076 120.185
5.8165 117.388
5.82223 112.831
5.82797 114.533
5.83371 118.7
5.83944 113.911
5.84518 119.665
5.85091 118.327
5.85665 118.934
5.86239 120.12
5.86812 120.569
5.87386 122.122
5.8796 117.56
5.88533 119.208
5.89107 119.13
5.8968 119.351
5.90254 120.273
5.90828 122.347
5.91401 125.253
5.91975 125.065
5.92548 123.588
5.93122 131.248
5.93696 124.81
5.94269 129.463
5.94843 129.786
5.95417 135.078
5.9599 131.155
5.96564 131.394
5.97137 130.524
5.97711 129.074
5.98285 133.046
5.98858 134.961
5.99432 133.121
6.00006 135.54
6.00579 138.856
6.01153 141.737
6.01726 136.79
6.023 137.27
6.02874 143.279
6.03447 141.346
6.04021 141.819
6.04594 142.643
6.05168 147.606
6.05742 144.846
6.06315 144.297
6.06889 144.717
6.07463 154.225
6.08036 153.717
6.0861 155.635
6.09183 161.286
6.09757 160.288
6.10331 159.197
6.10904 162.819
6.11478 163.768
6.12052 162.047
6.12625 162.823
6.13199 167.721
6.13772 173.991
6.14346 172.771
6.1492 175.155
6.15493 185.185
6.16067 183.831
6.1664 185.502
6.17214 192.405
6.17788 189.177
6.18361 189.277
6.18935 199.239
6.19509 203.55
6.20082 203.46
6.20656 212.349
6.21229 225.725
6.21803 230.572
6.22377 229.267
6.2295 235.986
6.23524 263.663
6.24098 254.888
6.24671 271.997
6.25245 300.79
6.25818 321.496
6.26392 317.454
6.26966 431.519
6.27539 820.353
6.28113 496.579
6.28686 2875.31
6.2926 9061.09
6.29834 3179.61
6.30407 6260.19
6.30981 5738.01
6.31555 2692.84
6.32128 774.589
6.32702 596.991
6.33275 533.731
6.33849 500.989
6.34423 473.319
6.34996 496.781
6.3557 513.154
6.36144 498.053
6.36717 516.083
6.37291 537.653
6.37864 532.688
6.38438 523.523
6.39012 533.513
6.39585 517.079
6.40159 498.535
6.40732 477.533
6.41306 463.069
6.4188 434.782
6.42453 408.984
6.43027 395.611
6.43601 369.113
6.44174 351.011
6.44748 337.736
6.45321 323.483
6.45895 310.005
6.46469 297.926
6.47042 284.731
6.47616 276.228
6.4819 263.117
6.48763 253.438
6.49337 254.028
6.4991 239.808
6.50484 236.486
6.51058 236.894
6.51631 230.111
6.52205 223.132
6.52778 220.813
6.53352 221.798
6.53926 218.333
6.54499 212.907
6.55073 209.749
6.55647 208.184
6.5622 201.378
6.56794 199.616
6.57367 201.341
6.57941 202.919
6.58515 200.674
6.59088 201.24
6.59662 200.45
6.60236 194.115
6.60809 192.088
6.61383 193.71
6.61956 187.404
6.6253 186.132
6.63104 187.03
6.63677 180.436
6.64251 185.914
6.64824 183.333
6.65398 187.924
6.65972 181.799
6.66545 183.71
6.67119 185.281
6.67693 178.83
6.68266 179.757
6.6884 180.291
6.69413 183.799
6.69987 179.325
6.70561 179.635
6.71134 178.775
6.71708 180.646
6.72282 176.756
6.72855 178.947
6.73429 176.345
6.74002 175.742
6.74576 173.26
6.7515 174.378
6.75723 175.153
6.76297 170.135
6.7687 171.082
6.77444 173.555
6.78018 168.273
6.78591 168.66
6.79165 170.731
6.79739 169.48
6.80312 172.067
6.80886 172.878
6.81459 176.132
6.82033 171.676
6.82607 170.731
6.8318 173.116
6.83754 175.186
6.84328 170.153
6.84901 174.996
6.85475 170.896
6.86048 170.317
6.86622 171.292
6.87196 170.002
6.87769 170.653
6.88343 172.231
6.88916 172.023
6.8949 174.715
6.90064 170.631
6.90637 172.795
6.91211 174.408
6.91785 169.744
6.92358 170.981
6.92932 171.091
6.93505 181.08
6.94079 171.88
6.94653 174.692
6.95226 174.109
6.958 171.842
6.96374 172.372
6.96947 173.226
6.97521 174.713
6.98094 169.629
6.98668 171.214
6.99242 172.751
6.99815 171.88
7.00389 175.275
7.00962 170.731
7.01536 175.469
7.0211 174.884
7.02683 180.387
7.03257 180.956
7.03831 178.867
7.04404 181.854
7.04978 180.894
7.05551 182.874
7.06125 175.588
7.06699 179.122
7.07272 180.557
7.07846 180.506
7.0842 185.078
7.08993 179.809
7.09567 183.764
7.1014 183.032
7.10714 181.467
7.11288 183.661
7.11861 181.856
7.12435 184.329
7.13008 189.882
7.13582 193.558
7.14156 190.866
7.14729 192.642
7.15303 192.311
7.15877 190.664
7.1645 198.432
7.17024 199.006
7.17597 203.234
7.18171 196.14
7.18745 196.418
7.19318 203.158
7.19892 198.949
7.20466 202.643
7.21039 205.171
7.21613 207.086
7.22186 205.444
7.2276 214.27
7.23334 218.182
7.23907 214.082
7.24481 220.593
7.25054 219.488
7.25628 221.251
7.26202 221.861
7.26775 224.946
7.27349 233.161
7.27923 227.216
7.28496 235.921
7.2907 242.065
7.29643 248.666
7.30217 245.226
7.30791 254.415
7.31364 263.237
7.31938 256.751
7.32512 269.246
7.33085 274.87
7.33659 289.433
7.34232 282.482
7.34806 298.645
7.3538 324.856
7.35953 306.392
7.36527 357.466
7.371 484.774
7.37674 1279.43
7.38248 568.968
7.38821 4304.69
7.39395 3498.57
7.39969 2347.23
7.40542 1714.87
7.41116 959.332
7.41689 671.095
7.42263 489.059
7.42837 472.949
7.4341 484.711
7.43984 472.708
7.44558 489.721
7.45131 498.308
7.45705 521.748
7.46278 504.106
7.46852 529.614
7.47426 539.717
7.47999 551.139
7.48573 547.662
7.49146 543.551
7.4972 546.637
7.50294 529.155
7.50867 516.915
7.51441 495.47
7.52015 472.582
7.52588 448.956
7.53162 425.465
7.53735 402.134
7.54309 376.279
7.54883 359.268
7.55456 340.491
7.5603 332.832
7.56604 318.325
7.57177 300.925
7.57751 288.654
7.58324 280.378
7.58898 266.457
7.59472 268.555
7.60045 264.424
7.60619 259.715
7.61192 248.372
7.61766 247.773
7.6234 240.19
7.62913 238.048
7.63487 231.231
7.64061 235.029
7.64634 225.998
7.65208 227.274
7.65781 222.045
7.66355 226.063
7.66929 225.315
7.67502 227.493
7.68076 232.034
7.6865 229.54
7.69223 235.579
7.69797 245.788
7.7037 242.45
7.70944 281.453
7.71518 506.091
7.72091 648.757
7.72665 1782.23
7.73238 2434.64
7.73812 680.352
7.74386 391.524
7.74959 317.636
7.75533 284.038
7.76107 276.501
7.7668 275.855
7.77254 284.849
7.77827 287.87
7.78401 305.416
7.78975 306.484
7.79548 308.668
7.80122 316.747
7.80696 315.775
7.81269 317.182
7.81843 318.891
7.82416 326.41
7.8299 315.601
7.83564 308.331
7.84137 296.621
7.84711 284.912
7.85284 270.362
7.85858 252.835
7.86432 247.309
7.87005 233.204
7.87579 218.257
7.88153 214.862
7.88726 205.327
7.893 199.644
7.89873 194.96
7.90447 186.726
7.91021 184.455
7.91594 179.752
7.92168 173.99
7.92742 174.259
7.93315 167.861
7.93889 165.07
7.94462 170.329
7.95036 165.934
7.9561 162.374
7.96183 160.676
7.96757 159.455
7.9733 154.081
7.97904 154.339
7.98478 157.032
7.99051 150.43
7.99625 148.788
8.00199 147.914
8.00772 142.707
8.01346 147.248
8.01919 146.244
8.02493 147.172
8.03067 142.824
8.0364 141.067
8.04214 140.928
8.04788 143.036
8.05361 140.176
8.05935 136.614
8.06508 136.696
8.07082 132.295
8.07656 133.235
8.08229 129.911
8.08803 132.011
8.09376 124.355
8.0995 119.847
8.10524 113.707
8.11097 107.151
8.11671 97.2276
8.12245 90.3073
8.12818 87.61
8.13392 82.1427
8.13965 75.813
8.14539 69.6906
8.15113 61.3045
8.15686 32.0393
8.1626 36.4438
8.16834 34.2885
8.17407 26.8426
8.17981 2.63421
8.18554 0
8.19128 0
8.19702 0
8.20275 0
8.20849 0
8.21422 0
8.21996 0
8.2257 0
8.23143 0
8.23717 0
8.24291 0
8.24864 0
8.25438 0
8.26011 0
8.26585 0
8.27159 0
8.27732 0
8.28306 0
8.2888 0
8.29453 0
8.30027 0
8.306 0
8.31174 0
8.31748 0
8.32321 0
8.32895 0
8.33468 0
8.34042 0
8.34616 0
8.35189 0
8.35763 0
8.36337 0
8.3691 0
8.37484 0
8.38057 0
8.38631 0
8.39205 0
8.39778 0
8.40352 0
8.40926 0
8.41499 0
8.42073 0
8.42646 0
8.4322 0
8.43794 0
8.44367 0
8.44941 0
8.45514 0
8.46088 0
8.46662 0
8.47235 0
8.47809 0
8.48383 0
8.48956 0
8.4953 0
8.50103 0
8.50677 0
8.51251 0
8.51824 0
8.52398 0
8.52972 0
8.53545 0
8.54119 0
8.54692 0
8.55266 0
8.5584 0
8.56413 0
8.56987 0
8.5756 0
8.58134 0
8.58708 0
8.59281 0
8.59855 0
8.60429 0
8.61002 0
8.61576 0
8.62149 0
8.62723 0
8.63297 0
8.6387 0
8.64444 0
8.65018 0
8.65591 0
8.66165 0
8.66738 0
8.67312 0
8.67886 0
8.68459 0
8.69033 0
8.69606 0
8.7018 0
8.70754 0
8.71327 0
8.71901 0
8.72475 0
8.73048 0
8.73622 0
8.74195 0
8.74769 0
8.75343 0
8.75916 0
8.7649 0
8.77064 0
8.77637 0
8.78211 0
8.78784 0
8.79358 0
8.79932 0
8.80505 0
8.81079 0
8.81652 0
8.82226 0
8.828 0
8.83373 0
8.83947 0
8.84521 0
8.85094 0
8.85668 0
8.86241 0
8.86815 0
8.87389 0
8.87962 0
8.88536 0
8.8911 0
8.89683 0
8.90257 0
8.9083 0
8.91404 0
8.91978 0
8.92551 0
8.93125 0
8.93698 0
8.94272 0
8.94846 0
8.95419 0
8.95993 0
8.96567 0
8.9714 0
8.97714 0
8.98287 0
8.98861 0
8.99435 0
9.00008 0
9.00582 0
9.01156 0
9.01729 0
9.02303 0
9.02876 0
9.0345 0
9.04024 0
9.04597 0
9.05171 0
9.05744 0
9.06318 0
9.06892 0
9.07465 0
9.08039 0
9.08613 0
9.09186 0
9.0976 0
9.10333 0
9.10907 0
9.11481 0
9.12054 0
9.12628 0
9.13202 0
9.13775 0
9.14349 0
9.14922 0
9.15496 0
9.1607 0
9.16643 0
9.17217 0
9.1779 0
9.18364 0
9.18938 0
9.19511 0
9.20085 0
9.20659 0
9.21232 0
9.21806 0
9.22379 0
9.22953 0
9.23527 0
9.241 0
9.24674 0
9.25248 0
9.25821 0
9.26395 0
9.26968 0
9.27542 0
9.28116 0
9.28689 0
9.29263 0
9.29836 0
9.3041 0
9.30984 0
9.31557 0
9.32131 0
9.32705 0
9.33278 0
9.33852 0
9.34425 0
9.34999 0
9.35573 0
9.36146 0
9.3672 0
9.37294 0
9.37867 0
9.38441 0
9.39014 0
9.39588 0
9.40162 0
9.40735 0
9.41309 0
9.41882 0
9.42456 0
9.4303 0
9.43603 0
9.44177 0
9.44751 0
9.45324 0
9.45898 0
9.46471 0
9.47045 0
9.47619 0
9.48192 0
9.48766 0
9.4934 0
9.49913 0
9.50487 0
9.5106 0
9.51634 0
9.52208 0
9.52781 0
9.53355 0
9.53928 0
9.54502 0
9.55076 0
9.55649 0
9.56223 0
9.56797 0
9.5737 0
9.57944 0
9.58517 0
9.59091 0
9.59665 0
9.60238 0
9.60812 0
9.61386 0
9.61959 0
9.62533 0
9.63106 0
9.6368 0
9.64254 0
9.64827 0
9.65401 0
9.65974 0
9.66548 0
9.67122 0
9.67695 0
9.68269 0
9.68843 0
9.69416 0
9.6999 0
9.70563 0
9.71137 0
9.71711 0
9.72284 0
9.72858 0
9.73432 0
9.74005 0
9.74579 0
9.75152 0
9.75726 0
9.763 0
9.76873 0
9.77447 0
9.7802 0
9.78594 0
9.79168 0
9.79741 0
9.80315 0
9.80889 0
9.81462 0
9.82036 0
9.82609 0
9.83183 0
9.83757 0
9.8433 0
9.84904 0
9.85478 0
9.86051 0
9.86625 0
9.87198 0
9.87772 0
9.88346 0
9.88919 0
9.89493 0
9.90066 0
9.9064 0
9.91214 0
9.91787 0
9.92361 0
9.92935 0
9.93508 0
9.94082 0
9.94655 0
9.95229 0
9.95803 0
9.96376 0
9.9695 0
9.97524 0
9.98097 0
9.98671 0
9.99244 0
9.99818 0
10.0039 0
10.0097 0
10.0154 0
10.0211 0
10.0269 0
10.0326 0
10.0383 0
10.0441 0
10.0498 0
10.0555 0
10.0613 0
10.067 0
10.0728 0
10.0785 0
10.0842 0
10.09 0
10.0957 0
10.1014 0
10.1072 0
10.1129 0
10.1186 0
10.1244 0
10.1301 0
10.1358 0
10.1416 0
10.1473 0
10.1531 0
10.1588 0
10.1645 0
10.1703 0
10.176 0
10.1817 0
10.1875 0
10.1932 0
10.1989 0
10.2047 0
10.2104 0
10.2162 0
10.2219 0
10.2276 0
10.2334 0
10.2391 0
10.2448 0
10.2506 0
10.2563 0
10.262 0
10.2678 0
10.2735 0
10.2793 0
10.285 0
10.2907 0
10.2965 0
10.3022 0
10.3079 0
10.3137 0
10.3194 0
10.3251 0
10.3309 0
10.3366 0
10.3424 0
10.3481 0
10.3538 0
10.3596 0
10.3653 0
10.371 0
10.3768 0
10.3825 0
10.3882 0
10.394 0
10.3997 0
10.4054 0
10.4112 0
10.4169 0
10.4227 0
10.4284 0
10.4341 0
10.4399 0
10.4456 0
10.4513 0
10.4571 0
10.4628 0
10.4685 0
10.4743 0
10.48 0
10.4858 0
10.4915 0
10.4972 0
10.503 0
10.5087 0
10.5144 0
10.5202 0
10.5259 0
10.5316 0
10.5374 0
10.5431 0
10.5489 0
10.5546 0
10.5603 0
10.5661 0
10.5718 0
10.5775 0
10.5833 0
10.589 0
10.5947 0
10.6005 0
10.6062 0
10.612 0
10.6177 0
10.6234 0
10.6292 0
10.6349 0
10.6406 0
10.6464 0
10.6521 0
10.6578 0
10.6636 0
10.6693 0
10.6751 0
10.6808 0
10.6865 0
10.6923 0
10.698 0
10.7037 0
10.7095 0
10.7152 0
10.7209 0
10.7267 0
10.7324 0
10.7381 0
10.7439 0
10.7496 0
10.7554 0
10.7611 0
10.7668 0
10.7726 0
10.7783 0
10.784 0
10.7898 0
10.7955 0
10.8012 0
10.807 0
10.8127 0
10.8185 0
10.8242 0
10.8299 0
10.8357 0
10.8414 0
10.8471 0
10.8529 0
10.8586 0
10.8643 0
10.8701 0
10.8758 0
10.8816 0
10.8873 0
10.893 0
10.8988 0
10.9045 0
10.9102 0
10.916 0
10.9217 0
10.9274 0
10.9332 0
10.9389 0
10.9447 0
10.9504 0
10.9561 0
10.9619 0
10.9676 0
10.9733 0
10.9791 0
10.9848 0
10.9905 0
10.9963 0
11.002 0
11.0077 0
11.0135 0
11.0192 0
11.025 0
11.0307 0
11.0364 0
11.0422 0
11.0479 0
11.0536 0
11.0594 0
11.0651 0
11.0708 0
11.0766 0
11.0823 0
11.0881 0
11.0938 0
11.0995 0
11.1053 0
11.111 0
11.1167 0
11.1225 0
11.1282 0
11.1339 0
11.1397 0
11.1454 0
11.1512 0
11.1569 0
11.1626 0
11.1684 0
11.1741 0
11.1798 0
11.1856 0
11.1913 0
11.197 0
11.2028 0
11.2085 0
11.2143 0
11.22 0
11.2257 0
11.2315 0
11.2372 0
11.2429 0
11.2487 0
11.2544 0
11.2601 0
11.2659 0
11.2716 0
11.2774 0
11.2831 0
11.2888 0
11.2946 0
11.3003 0
11.306 0
11.3118 0
11.3175 0
11.3232 0
11.329 0
11.3347 0
11.3404 0
11.3462 0
11.3519 0
11.3577 0
11.3634 0
11.3691 0
11.3749 0
11.3806 0
11.3863 0
11.3921 0
11.3978 0
11.4035 0
11.4093 0
11.415 0
11.4208 0
11.4265 0
11.4322 0
11.438 0
11.4437 0
11.4494 0
11.4552 0
11.4609 0
11.4666 0
11.4724 0
11.4781 0
11.4839 0
11.4896 0
11.4953 0
11.5011 0
11.5068 0
11.5125 0
11.5183 0
11.524 0
11.5297 0
11.5355 0
11.5412 0
11.547 0
11.5527 0
11.5584 0
11.5642 0
11.5699 0
11.5756 0
11.5814 0
11.5871 0
11.5928 0
11.5986 0
11.6043 0
11.61 0
11.6158 0
11.6215 0
11.6273 0
11.633 0
11.6387 0
11.6445 0
11.6502 0
11.6559 0
11.6617 0
11.6674 0
11.6731 0
11.6789 0
11.6846 0
11.6904 0
11.6961 0
11.7018 0
11.7076 0
11.7133 0
11.719 0
11.7248 0
11.7305 0
11.7362 0
11.742 0
