0 0
0.00573619 -4
0.0114724 6
0.0172086 0
0.0229448 24
0.028681 11
0.0344171 0
0.0401533 -39
0.0458895 -9
0.0516257 32
0.0573619 0
0.0630981 12
0.0688343 -9
0.0745705 0
0.0803067 42
0.0860429 -5
0.091779 0
0.0975152 12.3333
0.103251 -1.66667
0.108988 -2
0.114724 0
0.12046 4
0.126196 10.3333
0.131932 0
0.137669 4.66667
0.143405 1.66667
0.149141 -13
0.154877 -18.5
0.160613 0
0.16635 -4
0.172086 0
0.177822 16.3333
0.183558 4.5
0.189294 0
0.19503 4.8
0.200767 13.6
0.206503 18.3333
0.212239 3.5
0.217975 9.6
0.223711 -2.8
0.229448 0
0.235184 -1.6
0.24092 20.4
0.246656 0
0.252392 10.8
0.258129 -2.2
0.263865 -0.8
0.269601 0
0.275337 5.2
0.281073 -0.857143
0.28681 0
0.292546 4.14286
0.298282 -6.85714
0.304018 6
0.309754 11.75
0.31549 7.42857
0.321227 2.14286
0.326963 0
0.332699 0.571429
0.338435 2.85714
0.344171 0
0.349908 -8.85714
0.355644 1.42857
0.36138 8.2
0.367116 9.5
0.372852 3.375
0.378589 1.14286
0.384325 -17.5
0.390061 6.33333
0.395797 5.11111
0.401533 0
0.40727 6.88889
0.413006 3.88889
0.418742 15.4286
0.424478 20.5
0.430214 11.3333
0.43595 10.2222
0.441687 0
0.447423 15.8889
0.453159 -0.888889
0.458895 7.66667
0.464631 -0.714286
0.470368 4.81818
0.476104 14.5556
0.48184 12.5
0.487576 6
0.493312 18
0.499049 0
0.504785 10.9091
0.510521 14.0909
0.516257 12.6
0.521993 18.1667
0.52773 20.6364
0.533466 20.6667
0.539202 20
0.544938 22.4545
0.550674 21.6364
0.55641 0
0.562147 17.25
0.567883 13.5385
0.573619 23.7143
0.579355 15
0.585091 16.0769
0.590828 12.4545
0.596564 24
0.6023 21.1538
0.608036 9.69231
0.613772 35
0.619509 14.875
0.625245 12.0769
0.630981 10.2222
0.636717 13.5
0.642453 20.6923
0.64819 28.7692
0.653926 25
0.659662 20.5333
0.665398 25.3333
0.671134 23.7143
0.67687 16
0.682607 26.8667
0.688343 27.0909
0.694079 28.25
0.699815 28.0667
0.705551 14.7333
0.711288 -9
0.717024 20.3571
0.72276 15.2667
0.728496 29
0.734232 30
0.739969 18.3125
0.745705 20.1538
0.751441 24
0.757177 17.5294
0.762913 19.4706
0.76865 18
0.774386 27.5
0.780122 30.0588
0.785858 20.5455
0.791594 14.5
0.79733 18.5882
0.803067 24.0667
0.808803 22
0.814539 27.0588
0.820275 19.2941
0.826011 28.7778
0.831748 23.75
0.837484 22.3333
0.84322 28.5385
0.848956 17.5
0.854692 18.5263
0.860429 26.7647
0.866165 25.6
0.871901 29
0.877637 23.1053
0.883373 30.0909
0.88911 18
0.894846 21.7895
0.900582 21.0667
0.906318 27.25
0.912054 22.6316
0.91779 23.0588
0.923527 23.4444
0.929263 22.3077
0.934999 26.9
0.940735 23.2308
0.946471 24.875
0.952208 29.1905
0.957944 25.4118
0.96368 24
0.969416 29.3333
0.975152 20.3684
0.980889 20.7273
0.986625 20.1667
0.992361 20.1905
0.998097 23.4667
1.00383 31.6667
1.00957 14.4286
1.01531 16.7647
1.02104 19.5
1.02678 20.0588
1.03251 21.1905
1.03825 17.6154
1.04399 17.9167
1.04972 27.5652
1.05546 20.0588
1.0612 26.5
1.06693 24.2609
1.07267 24.8421
1.0784 30.6923
1.08414 22.0714
1.08988 30.2609
1.09561 23.9333
1.10135 21.625
1.10708 24.4348
1.11282 34.3529
1.11856 24.8571
1.12429 18.125
1.13003 23.1905
1.13577 21.1333
1.1415 27.5
1.14724 26.4
1.15297 22.3333
1.15871 20.6
1.16445 21.68
1.17018 22.2105
1.17592 25
1.18166 24.6111
1.18739 23.5217
1.19313 21.2
1.19886 22
1.2046 26.8
1.21034 23.6111
1.21607 18.1111
1.22181 21.8519
1.22754 22.4286
1.23328 20.5294
1.23902 20.25
1.24475 20.48
1.25049 21.1176
1.25623 17.5
1.26196 28.5926
1.2677 25.8947
1.27343 23.5385
1.27917 21.0909
1.28491 19.5217
1.29064 21.1765
1.29638 19.3333
1.30212 23.6296
1.30785 23.0556
1.31359 20.7273
1.31932 26.7586
1.32506 24.2381
1.3308 16.9412
1.33653 27.05
1.34227 30.04
1.348 25.0526
1.35374 21.1429
1.35948 21.3704
1.36521 23.4286
1.37095 19.8
1.37669 26.8276
1.38242 22.4783
1.38816 16.8824
1.39389 30.2105
1.39963 26.5926
1.40537 18.3
1.4111 29
1.41684 19.1034
1.42258 21
1.42831 11.1176
1.43405 28.7083
1.43978 22.72
1.44552 20.619
1.45126 18.6875
1.45699 23.2414
1.46273 26.9524
1.46846 26.1667
1.4742 24.7097
1.47994 17.6522
1.48567 20.6
1.49141 19.5714
1.49715 21.5926
1.50288 28.7273
1.50862 20.1875
1.51435 19.931
1.52009 18.16
1.52583 24.1333
1.53156 21.3667
1.5373 21.76
1.54304 19.0476
1.54877 21.05
1.55451 20.2414
1.56024 24.8696
1.56598 26.1429
1.57172 23.8065
1.57745 18.6923
1.58319 22.8
1.58892 24.04
1.59466 29.8889
1.6004 20.24
1.60613 19.7222
1.61187 24.6452
1.61761 30.68
1.62334 23.1429
1.62908 22.0606
1.63481 21.6667
1.64055 18.6522
1.64629 26.4545
1.65202 25.3448
1.65776 22.04
1.6635 28.125
1.66923 21.7419
1.67497 23.1071
1.6807 20.15
1.68644 24.4643
1.69218 25.2143
1.69791 25
1.70365 21.8182
1.70938 24.0645
1.71512 25.5185
1.72086 23.25
1.72659 19.9697
1.73233 27.2069
1.73807 26.4783
1.7438 27
1.74954 18.0345
1.75527 21.1852
1.76101 21.1053
1.76675 22.303
1.77248 19.2143
1.77822 21.95
1.78396 23.1
1.78969 25
1.79543 26.2963
1.80116 30.75
1.8069 25.5806
1.81264 22.9655
1.81837 32.4444
1.82411 27.5714
1.82984 25
1.83558 27.84
1.84132 24.6538
1.84705 21.871
1.85279 23.6786
1.85853 19.8696
1.86426 28.6061
1.87 26.5667
1.87573 22.2353
1.88147 22.5714
1.88721 24.9697
1.89294 27.5556
1.89868 24.5
1.90442 28.0606
1.91015 21.3548
1.91589 22.3
1.92162 31.5143
1.92736 24.9032
1.9331 28.48
1.93883 34.3214
1.94457 38.3636
1.9503 28.8667
1.95604 24.4583
1.96178 28.0588
1.96751 24.1562
1.97325 20.55
1.97899 24.6216
1.98472 21.8485
1.99046 29.6207
1.99619 28.9231
2.00193 26.4286
2.00767 26.3226
2.0134 24.2917
2.01914 25.7714
2.02488 25.2727
2.03061 25.52
2.03635 26.625
2.04208 24.9706
2.04782 24.5
2.05356 27.625
2.05929 23.7222
2.06503 24.2941
2.07076 20.0455
2.0765 21.1622
2.08224 22.9429
2.08797 17.7931
2.09371 27.8571
2.09945 26.027
2.10518 22.4545
2.11092 25.1667
2.11665 22.7297
2.12239 26.8286
2.12813 27.3478
2.13386 17.9459
2.1396 22.1944
2.14534 21.1562
2.15107 24.5769
2.15681 26.9737
2.16254 26.1111
2.16828 24
2.17402 26.7692
2.17975 27.2973
2.18549 23.9677
2.19122 27.3667
2.19696 21.2703
2.2027 31.8286
2.20843 33.25
2.21417 57.8205
2.21991 54.4595
2.22564 27.8636
2.23138 32.175
2.23711 27.6579
2.24285 28.0294
2.24859 28.8214
2.25432 27.4474
2.26006 25.8462
2.2658 21.0909
2.27153 29
2.27727 22.7436
2.283 24.7419
2.28874 29.4062
2.29448 28.5385
2.30021 26.1622
2.30595 32.5385
2.31168 24.1282
2.31742 29.675
2.32316 22.2273
2.32889 27.119
2.33463 29.75
2.34037 32.5833
2.3461 35.75
2.35184 38.7381
2.35757 33.8108
2.36331 33.8077
2.36905 37.439
2.37478 41.3171
2.38052 33.0968
2.38626 36.0294
2.39199 32.3023
2.39773 30.7838
2.40346 30.3462
2.4092 31.8636
2.41494 25.525
2.42067 22.5909
2.42641 25.2955
2.43214 27.0714
2.43788 31.4
2.44362 27.4839
2.44935 30.3778
2.45509 29.3077
2.46083 28.3462
2.46656 29.7556
2.4723 27.0732
2.47803 25.4828
2.48377 25.375
2.48951 28.1395
2.49524 26.9744
2.50098 29.0385
2.50672 30.9348
2.51245 23.8571
2.51819 25.875
2.52392 24.4348
2.52966 26.8636
2.5354 24.4545
2.54113 31.7714
2.54687 31.0222
2.5526 32.6829
2.55834 35.3462
2.56408 32.3404
2.56981 29.5116
2.57555 31.6552
2.58129 27.2619
2.58702 30.8
2.59276 29.2973
2.59849 22.3333
2.60423 30.5217
2.60997 26.1818
2.6157 30.5
2.62144 32.6458
2.62718 28.2174
2.63291 29.0286
2.63865 30.0278
2.64438 29.6596
2.65012 24.8049
2.65586 27.3333
2.66159 29.4681
2.66733 27.8222
2.67306 31.8
2.6788 31.5
2.68454 31.8333
2.69027 29.2051
2.69601 29.4545
2.70175 31.0208
2.70748 24.9333
2.71322 28.2593
2.71895 30.4375
2.72469 33.1042
2.73043 30.9143
2.73616 24.1316
2.7419 29.8367
2.74764 27.7442
2.75337 26.0333
2.75911 31.8571
2.76484 31.5714
2.77058 27.3333
2.77632 30.6531
2.78205 35.46
2.78779 33.359
2.79352 32.2
2.79926 36.9615
2.805 32.0889
2.81073 30.4444
2.81647 30.2885
2.82221 34.7143
2.82794 26.973
2.83368 29.6316
2.83941 30.3585
2.84515 31.1951
2.85089 32.0312
2.85662 33.3019
2.86236 30.9592
2.8681 35.0417
2.87383 29.5
2.87957 31.08
2.8853 31.439
2.89104 38.027
2.89678 33.7885
2.90251 33.2222
2.90825 31.7931
2.91398 32.6667
2.91972 38.5686
2.92546 37.7838
2.93119 28.9048
2.93693 37.717
2.94267 39.7333
2.9484 29.1875
2.95414 33.2642
2.95987 32.0204
2.96561 33.2963
2.97135 35.9286
2.97708 32.7963
2.98282 30.2564
2.98856 39.7692
2.99429 35.8148
3.00003 36.1702
3.00576 35.4516
3.0115 33.5636
3.01724 38.3585
3.02297 35.3514
3.02871 34.3409
3.03444 39.9818
3.04018 39.3556
3.04592 31.0882
3.05165 37.5818
3.05739 39.5686
3.06313 34.6552
3.06886 39.3571
3.0746 39.4545
3.08033 41.3864
3.08607 39.4595
3.09181 45.4464
3.09754 43.5306
3.10328 44.9677
3.10902 51.5424
3.11475 53.3019
3.12049 43.8718
3.12622 41.5217
3.13196 41.0727
3.1377 46.3617
3.14343 44.6111
3.14917 42.8793
3.1549 41.6863
3.16064 40.4483
3.16638 42.5333
3.17211 43.1636
3.17785 39.9545
3.18359 43.6829
3.18932 45.6724
3.19506 42.7755
3.20079 39.3235
3.20653 41.678
3.21227 43.6604
3.218 38.5122
3.22374 46.8125
3.22948 46.4915
3.23521 44.8889
3.24095 44.9487
3.24668 46.9833
3.25242 50.5094
3.25816 42
3.26389 44.5965
3.26963 45.2982
3.27536 44.913
3.2811 47.6341
3.28684 54.2833
3.29257 50.6939
3.29831 45.25
3.30405 53.0794
3.30978 56.6545
3.31552 61.6047
3.32125 57.4167
3.32699 62.2632
3.33273 63.5098
3.33846 60.9231
3.3442 60.0968
3.34994 60.1765
3.35567 59.3421
3.36141 62.1864
3.36714 57.7018
3.37288 57.2292
3.37862 54.0233
3.38435 51.541
3.39009 60.4906
3.39582 49.9444
3.40156 56.7619
3.4073 55.4545
3.41303 59.0426
3.41877 59.875
3.42451 61.7377
3.43024 63.96
3.43598 57.7073
3.44171 61.2698
3.44745 57.5893
3.45319 62.6905
3.45892 60.3091
3.46466 58.322
3.4704 58.2
3.47613 60.4419
3.48187 59.4286
3.4876 61.1509
3.49334 62.2105
3.49908 62.3731
3.50481 65.4912
3.51055 64.2128
3.51628 61.8235
3.52202 65.6229
3.52776 77.7222
3.53349 83.0732
3.53923 88.9846
3.54497 109.944
3.5507 115.854
3.55644 103.982
3.56217 86.8983
3.56791 81.1346
3.57365 75.8696
3.57938 78
3.58512 74.9455
3.59086 73.5263
3.59659 73.8358
3.60233 73.9322
3.60806 72.1569
3.6138 73.7143
3.61954 76.3968
3.62527 86.6786
3.63101 88.9512
3.63674 95.8209
3.64248 104.724
3.64822 105.396
3.65395 118.649
3.65969 119.049
3.66543 110.944
3.67116 101.565
3.6769 105.302
3.68263 111.672
3.68837 106.342
3.69411 114.986
3.69984 106.407
3.70558 101.833
3.71132 104.902
3.71705 105.292
3.72279 116.482
3.72852 117.023
3.73426 117.537
3.74 116.226
3.74573 114.68
3.75147 114.782
3.7572 119.984
3.76294 126.034
3.76868 126.568
3.77441 131.791
3.78015 137.881
3.78589 142.17
3.79162 146.422
3.79736 156.781
3.80309 161.589
3.80883 172.824
3.81457 181.677
3.8203 208.05
3.82604 216.535
3.83178 244.275
3.83751 302.419
3.84325 355.554
3.84898 544.547
3.85472 1003.06
3.86046 899.197
3.86619 815.935
3.87193 1112.14
3.87766 1479.75
3.8834 1717
3.88914 2196.07
3.89487 2621.23
3.90061 2356.35
3.90635 1912.45
3.91208 1400.25
3.91782 967.984
3.92355 727.951
3.92929 566.141
3.93503 440.469
3.94076 364.379
3.9465 320.37
3.95224 274.09
3.95797 247.635
3.96371 226.891
3.96944 210.493
3.97518 199.841
3.98092 180.714
3.98665 181.345
3.99239 166.235
3.99812 162.145
4.00386 153.612
4.0096 154.261
4.01533 152.109
4.02107 148.56
4.02681 143.712
4.03254 145.015
4.03828 144.05
4.04401 139.058
4.04975 132.352
4.05549 133
4.06122 125.5
4.06696 125.942
4.0727 122.114
4.07843 118.833
4.08417 115.714
4.0899 121.676
4.09564 119.672
4.10138 117.54
4.10711 115.139
4.11285 116.379
4.11858 110.625
4.12432 113.613
4.13006 119.765
4.13579 111.794
4.14153 115.942
4.14727 114.301
4.153 113.776
4.15874 109.136
4.16447 108.452
4.17021 112.944
4.17595 115.323
4.18168 110.107
4.18742 110.9
4.19316 117.591
4.19889 114.34
4.20463 110.824
4.21036 112.559
4.2161 112.817
4.22184 112.052
4.22757 112.597
4.23331 115.045
4.23904 114.04
4.24478 108.733
4.25052 115.406
4.25625 111.982
4.26199 112.828
4.26773 115.722
4.27346 121.091
4.2792 119.018
4.28493 118.292
4.29067 123.386
4.29641 113.875
4.30214 116.026
4.30788 120.414
4.31362 120.719
4.31935 119.375
4.32509 126.189
4.33082 125.667
4.33656 121.16
4.3423 132.333
4.34803 132.905
4.35377 132.097
4.3595 133.1
4.36524 138.946
4.37098 148.5
4.37671 155.611
4.38245 150.986
4.38819 159.431
4.39392 170.491
4.39966 167.058
4.40539 177.292
4.41113 193.75
4.41687 200.944
4.4226 226.922
4.42834 354.082
4.43408 535.604
4.43981 1123.52
4.44555 3187.84
4.45128 1547.05
4.45702 2868.63
4.46276 797.092
4.46849 444.389
4.47423 440.352
4.47996 462.566
4.4857 480.284
4.49144 509.077
4.49717 529.683
4.50291 540.579
4.50865 525.371
4.51438 474.942
4.52012 412.734
4.52585 346.573
4.53159 295.333
4.53733 260.254
4.54306 218.75
4.5488 197.194
4.55454 178.509
4.56027 165.4
4.56601 155.662
4.57174 141.269
4.57748 133.103
4.58322 122.372
4.58895 120.701
4.59469 113.689
4.60042 110.551
4.60616 112.653
4.6119 111.96
4.61763 107.422
4.62337 106.218
4.62911 107.698
4.63484 103.354
4.64058 96.6829
4.64631 99.2083
4.65205 97.125
4.65779 91.55
4.66352 89.641
4.66926 90.2131
4.675 87.9718
4.68073 87.7436
4.68647 90.8356
4.6922 83.9825
4.69794 88.075
4.70368 87.5455
4.70941 91.2
4.71515 88.8353
4.72088 91.725
4.72662 87.4203
4.73236 92.0159
4.73809 86.8902
4.74383 91.3718
4.74957 87.7115
4.7553 83.3929
4.76104 85.4375
4.76677 84.9104
4.77251 82.4154
4.77825 78.6341
4.78398 77.48
4.78972 77.0364
4.79546 76.8
4.80119 75.5063
4.80693 74.6154
4.81266 73.6761
4.8184 73.2143
4.82414 73.5069
4.82987 73.4262
4.83561 69.881
4.84134 73.725
4.84708 72.434
4.85282 70.9529
4.85855 72.6707
4.86429 66.7606
4.87003 62.8525
4.87576 62.6395
4.8815 66.5
4.88723 63.2407
4.89297 66.0824
4.89871 64.7381
4.90444 67.5211
4.91018 64.5821
4.91592 66.3929
4.92165 67.5443
4.92739 64.8772
4.93312 67.3256
4.93886 65.8333
4.9446 66.1791
4.95033 62.2958
4.95607 61.8721
4.9618 65.1299
4.96754 65.7119
4.97328 65.7326
4.97901 63.3133
4.98475 65.0492
4.99049 66.7179
4.99622 62.5568
5.00196 63.8767
5.00769 62.1429
5.01343 59.625
5.01917 63.0843
5.0249 65.4528
5.03064 62.5778
5.03638 67.0581
5.04211 65.4267
5.04785 63.5077
5.05358 64.1163
5.05932 62.4938
5.06506 60.1754
5.07079 64.6136
5.07653 64.2529
5.08226 61.507
5.088 59
5.09374 62.8778
5.09947 63.974
5.10521 60.1429
5.11095 61.6556
5.11668 59.3529
5.12242 58.4848
5.12815 56.7922
5.13389 66.1556
5.13963 60.1818
5.14536 64.2623
5.1511 59.4783
5.15684 65.8072
5.16257 65.5484
5.16831 65.1429
5.17404 66.7978
5.17978 65.359
5.18552 61.4925
5.19125 61.3444
5.19699 62.4699
5.20272 60.3729
5.20846 57.7935
5.2142 60.427
5.21993 61.9079
5.22567 61.2464
5.23141 63.1413
5.23714 58.2099
5.24288 61.5738
5.24861 61.6739
5.25435 61.427
5.26009 63.3
5.26582 60.4605
5.27156 65.3187
5.2773 63.25
5.28303 64.1231
5.28877 63.0213
5.2945 59.4023
5.30024 59.7083
5.30598 61.6835
5.31171 59.1011
5.31745 64.561
5.32318 63.2769
5.32892 63.5745
5.33466 62.8736
5.34039 60.8939
5.34613 59.2
5.35187 61.4066
5.3576 62.5556
5.36334 63.6269
5.36907 60.1979
5.37481 60.4353
5.38055 60.0492
5.38628 65.5417
5.39202 72.1099
5.39776 74.9625
5.40349 70.6338
5.40923 70.0833
5.41496 63.1111
5.4207 64.5238
5.42644 62.4796
5.43217 60.9438
5.43791 62.3974
5.44364 66.1096
5.44938 63.8247
5.45512 61.8049
5.46085 65
5.46659 62.0612
5.47233 63.809
5.47806 62.2105
5.4838 58.4321
5.48953 58.3226
5.49527 66.2143
5.50101 62.1194
5.50674 64.3061
5.51248 62.1685
5.51822 62.5541
5.52395 58.4699
5.52969 60.0753
5.53542 62.3929
5.54116 59.0735
5.5469 64.1919
5.55263 60.2222
5.55837 63.0139
5.5641 63.9438
5.56984 64.2043
5.57558 64.1905
5.58131 62.9041
5.58705 63.5758
5.59279 61.0455
5.59852 64.127
5.60426 62.8
5.60999 58.4839
5.61573 61.8415
5.62147 62.8
5.6272 66.9072
5.63294 65.6977
5.63868 60.0299
5.64441 61.5784
5.65015 62.0538
5.65588 63.2143
5.66162 64.0649
5.66736 63.3636
5.67309 63.9186
5.67883 65.2899
5.68456 66.2079
5.6903 69.2556
5.69604 67.9024
5.70177 63.5663
5.70751 71.4526
5.71325 69.2159
5.71898 68.0282
5.72472 68.8283
5.73045 68.914
5.73619 68.5125
5.74193 65.8202
5.74766 69.1368
5.7534 68.1477
5.75914 67.8873
5.76487 68.7228
5.77061 70.734
5.77634 73.5897
5.78208 73.7191
5.78782 74.8351
5.79355 71.7326
5.79929 69.8667
5.80502 70.1089
5.81076 76.5326
5.8165 72.6622
5.82223 69.8646
5.82797 69.9694
5.83371 72.9302
5.83944 70.2785
5.84518 74.7576
5.85091 73.3333
5.85665 71.0615
5.86239 72.2286
5.86812 68.3061
5.87386 73.9419
5.8796 72.5316
5.88533 76.8713
5.89107 76.3696
5.8968 72.3768
5.90254 75.2286
5.90828 78.7245
5.91401 79.093
5.91975 76.4819
5.92548 77.4242
5.93122 76.1915
5.93696 74.2603
5.94269 72.9143
5.94843 75.9479
5.95417 77.1364
5.9599 76.9059
5.96564 79.697
5.97137 77.7447
5.97711 78.0274
5.98285 81.4757
5.98858 80.2653
5.99432 84.0119
6.00006 86.2697
6.00579 85.202
6.01153 89.1489
6.01726 88.3867
6.023 89.4857
6.02874 91.1875
6.03447 89.9545
6.04021 85.4667
6.04594 84.7959
6.05168 87.7188
6.05742 88.1299
6.06315 88.9714
6.06889 88.5833
6.07463 93.6548
6.08036 92.5319
6.0861 91.9694
6.09183 95.6146
6.09757 93.8077
6.10331 91.0849
6.10904 92.5208
6.11478 96.5
6.12052 97.6667
6.12625 94.64
6.13199 95.5532
6.13772 99.6585
6.14346 97.6569
6.1492 99.09
6.15493 107.838
6.16067 104.304
6.1664 101.122
6.17214 104.521
6.17788 107.786
6.18361 105.216
6.18935 110.838
6.19509 117.227
6.20082 114.679
6.20656 116.735
6.21229 126.396
6.21803 134.793
6.22377 133.481
6.2295 139.37
6.23524 153.76
6.24098 142.624
6.24671 144.059
6.25245 161.011
6.25818 172.465
6.26392 168.588
6.26966 236.147
6.27539 545.253
6.28113 247.523
6.28686 2128.85
6.2926 6759.26
6.29834 1162.84
6.30407 2741.88
6.30981 1641.57
6.31555 1335.81
6.32128 508.787
6.32702 343.971
6.33275 310.229
6.33849 313.375
6.34423 286.548
6.34996 298.294
6.3557 325.449
6.36144 344.583
6.36717 400.683
6.37291 452.253
6.37864 456.522
6.38438 416.047
6.39012 374.824
6.39585 328.038
6.40159 287.972
6.40732 244.491
6.41306 216.213
6.4188 196.511
6.42453 176.302
6.43027 166.794
6.43601 158.244
6.44174 151.67
6.44748 146.787
6.45321 139.904
6.45895 143.576
6.46469 141.476
6.47042 140.136
6.47616 131.738
6.4819 125.982
6.48763 121.13
6.49337 125
6.4991 121.305
6.50484 120.213
6.51058 119.353
6.51631 114.619
6.52205 115.027
6.52778 111.907
6.53352 117.728
6.53926 110.125
6.54499 112.148
6.55073 114.569
6.55647 111.357
6.5622 113.487
6.56794 114.537
6.57367 114.946
6.57941 114.053
6.58515 107.33
6.59088 110.981
6.59662 107.857
6.60236 108.404
6.60809 107.057
6.61383 105.688
6.61956 106.186
6.6253 104.473
6.63104 108.01
6.63677 106.035
6.64251 107.026
6.64824 104.252
6.65398 106.352
6.65972 105.412
6.66545 101.964
6.67119 109.933
6.67693 110.558
6.68266 109.181
6.6884 107.991
6.69413 107.89
6.69987 107.117
6.70561 107.536
6.71134 108.865
6.71708 104.08
6.72282 107.482
6.72855 107.907
6.73429 104.36
6.74002 107.302
6.74576 104.765
6.7515 106.214
6.75723 105.854
6.76297 104.198
6.7687 104.768
6.77444 108.517
6.78018 105.781
6.78591 105.336
6.79165 106.355
6.79739 100.851
6.80312 103.167
6.80886 103.188
6.81459 103.11
6.82033 101.81
6.82607 101.379
6.8318 104.21
6.83754 104.136
6.84328 102.846
6.84901 102.134
6.85475 101.319
6.86048 107.45
6.86622 105.086
6.87196 104.178
6.87769 105.241
6.88343 105.178
6.88916 105.246
6.8949 105.586
6.90064 106.195
6.90637 107.447
6.91211 107.916
6.91785 105.816
6.92358 103.793
6.92932 107.973
6.93505 106.865
6.94079 109.212
6.94653 105.19
6.95226 108.14
6.958 110.341
6.96374 105.658
6.96947 106.132
6.97521 106.132
6.98094 106.739
6.98668 104.75
6.99242 107.11
6.99815 107.18
7.00389 111.708
7.00962 108.483
7.01536 111.717
7.0211 110.655
7.02683 107.099
7.03257 105.804
7.03831 109.419
7.04404 110.5
7.04978 109.835
7.05551 114.532
7.06125 108.523
7.06699 111.32
7.07272 115.064
7.07846 114.708
7.0842 115.098
7.08993 114.31
7.09567 116.086
7.1014 114.283
7.10714 117.403
7.11288 117.394
7.11861 118.076
7.12435 119.435
7.13008 118.915
7.13582 120.479
7.14156 120.351
7.14729 125.308
7.15303 121.046
7.15877 120.667
7.1645 119.927
7.17024 123.16
7.17597 122.449
7.18171 121.925
7.18745 121.123
7.19318 124.577
7.19892 122.098
7.20466 123.268
7.21039 122.761
7.21613 128.626
7.22186 126.716
7.2276 129.087
7.23334 131.658
7.23907 127.363
7.24481 127.444
7.25054 132.235
7.25628 129.72
7.26202 131.45
7.26775 136.762
7.27349 138.027
7.27923 135.699
7.28496 142.677
7.2907 145.983
7.29643 147.621
7.30217 145.361
7.30791 148.331
7.31364 157.273
7.31938 149.449
7.32512 157.169
7.33085 156.512
7.33659 161.837
7.34232 154.886
7.34806 171.369
7.3538 181
7.35953 169.344
7.36527 201.648
7.371 268.537
7.37674 737.962
7.38248 315.791
7.38821 2692.4
7.39395 2009.22
7.39969 1697.1
7.40542 2035.28
7.41116 861.26
7.41689 570.274
7.42263 368.299
7.42837 310.048
7.4341 307.429
7.43984 295.348
7.44558 300.112
7.45131 321.504
7.45705 351.218
7.46278 372.35
7.46852 428.5
7.47426 477.517
7.47999 502.667
7.48573 485.153
7.49146 438.728
7.4972 381.255
7.50294 332.869
7.50867 296.047
7.51441 255.118
7.52015 236.407
7.52588 211.136
7.53162 194.56
7.53735 183.277
7.54309 168.524
7.54883 163.318
7.55456 154.235
7.5603 159.789
7.56604 147.467
7.57177 142.64
7.57751 138.583
7.58324 134.52
7.58898 131.588
7.59472 129.287
7.60045 131.38
7.60619 124.016
7.61192 124.651
7.61766 126
7.6234 121.812
7.62913 121.515
7.63487 119.331
7.64061 121.059
7.64634 122.78
7.65208 122.891
7.65781 123.008
7.66355 122.939
7.66929 121.851
7.67502 122.29
7.68076 125.943
7.6865 120.857
7.69223 122.794
7.69797 125.839
7.7037 125.584
7.70944 135.873
7.71518 192.016
7.72091 249.982
7.72665 487.154
7.73238 889.07
7.73812 296.262
7.74386 160
7.74959 204.065
7.75533 172.476
7.76107 160.982
7.7668 153.263
7.77254 165.031
7.77827 173.369
7.78401 173.677
7.78975 196.563
7.79548 209.531
7.80122 237.164
7.80696 253.036
7.81269 260.06
7.81843 250.484
7.82416 234.853
7.8299 207.321
7.83564 180.867
7.84137 165.103
7.84711 143.364
7.85284 137.794
7.85858 129.89
7.86432 120.588
7.87005 116.813
7.87579 115.82
7.88153 107.016
7.88726 104.393
7.893 105.215
7.89873 101.25
7.90447 101.108
7.91021 96.9098
7.91594 98.7023
7.92168 97.65
7.92742 95.9623
7.93315 99.9124
7.93889 98.8425
7.94462 95.4071
7.95036 96.2975
7.9561 94.3939
7.96183 95.4127
7.96757 90.5524
7.9733 93.1387
7.97904 91.0462
7.98478 91.8482
7.99051 90.496
7.99625 88.2331
8.00199 93.1774
8.00772 88
8.01346 90.6691
8.01919 91.5489
8.02493 90.3109
8.03067 91.4513
8.0364 89.1618
8.04214 87.315
8.04788 89.2039
8.05361 84.223
8.05935 84.5662
8.06508 85.9661
8.07082 83.4786
8.07656 82.2701
8.08229 85.9297
8.08803 84.9394
8.09376 83.0839
8.0995 76.3485
8.10524 74.935
8.11097 68.7699
8.11671 63.058
8.12245 60.1085
8.12818 57.8739
8.13392 50.9697
8.13965 46.4599
8.14539 43.2177
8.15113 41.2162
8.15686 21.3504
8.1626 23.2099
8.16834 22.5763
8.17407 15.8421
8.17981 2.73684
8.18554 0
8.19128 0
8.19702 0
8.20275 0
8.20849 0
8.21422 0
8.21996 0
8.2257 0
8.23143 0
8.23717 0
8.24291 0
8.24864 0
8.25438 0
8.26011 0
8.26585 0
8.27159 0
8.27732 0
8.28306 0
8.2888 0
8.29453 0
8.30027 0
8.306 0
8.31174 0
8.31748 0
8.32321 0
8.32895 0
8.33468 0
8.34042 0
8.34616 0
8.35189 0
8.35763 0
8.36337 0
8.3691 0
8.37484 0
8.38057 0
8.38631 0
8.39205 0
8.39778 0
8.40352 0
8.40926 0
8.41499 0
8.42073 0
8.42646 0
8.4322 0
8.43794 0
8.44367 0
8.44941 0
8.45514 0
8.46088 0
8.46662 0
8.47235 0
8.47809 0
8.48383 0
8.48956 0
8.4953 0
8.50103 0
8.50677 0
8.51251 0
8.51824 0
8.52398 0
8.52972 0
8.53545 0
8.54119 0
8.54692 0
8.55266 0
8.5584 0
8.56413 0
8.56987 0
8.5756 0
8.58134 0
8.58708 0
8.59281 0
8.59855 0
8.60429 0
8.61002 0
8.61576 0
8.62149 0
8.62723 0
8.63297 0
8.6387 0
8.64444 0
8.65018 0
8.65591 0
8.66165 0
8.66738 0
8.67312 0
8.67886 0
8.68459 0
8.69033 0
8.69606 0
8.7018 0
8.70754 0
8.71327 0
8.71901 0
8.72475 0
8.73048 0
8.73622 0
8.74195 0
8.74769 0
8.75343 0
8.75916 0
8.7649 0
8.77064 0
8.77637 0
8.78211 0
8.78784 0
8.79358 0
8.79932 0
8.80505 0
8.81079 0
8.81652 0
8.82226 0
8.828 0
8.83373 0
8.83947 0
8.84521 0
8.85094 0
8.85668 0
8.86241 0
8.86815 0
8.87389 0
8.87962 0
8.88536 0
8.8911 0
8.89683 0
8.90257 0
8.9083 0
8.91404 0
8.91978 0
8.92551 0
8.93125 0
8.93698 0
8.94272 0
8.94846 0
8.95419 0
8.95993 0
8.96567 0
8.9714 0
8.97714 0
8.98287 0
8.98861 0
8.99435 0
9.00008 0
9.00582 0
9.01156 0
9.01729 0
9.02303 0
9.02876 0
9.0345 0
9.04024 0
9.04597 0
9.05171 0
9.05744 0
9.06318 0
9.06892 0
9.07465 0
9.08039 0
9.08613 0
9.09186 0
9.0976 0
9.10333 0
9.10907 0
9.11481 0
9.12054 0
9.12628 0
9.13202 0
9.13775 0
9.14349 0
9.14922 0
9.15496 0
9.1607 0
9.16643 0
9.17217 0
9.1779 0
9.18364 0
9.18938 0
9.19511 0
9.20085 0
9.20659 0
9.21232 0
9.21806 0
9.22379 0
9.22953 0
9.23527 0
9.241 0
9.24674 0
9.25248 0
9.25821 0
9.26395 0
9.26968 0
9.27542 0
9.28116 0
9.28689 0
9.29263 0
9.29836 0
9.3041 0
9.30984 0
9.31557 0
9.32131 0
9.32705 0
9.33278 0
9.33852 0
9.34425 0
9.34999 0
9.35573 0
9.36146 0
9.3672 0
9.37294 0
9.37867 0
9.38441 0
9.39014 0
9.39588 0
9.40162 0
9.40735 0
9.41309 0
9.41882 0
9.42456 0
9.4303 0
9.43603 0
9.44177 0
9.44751 0
9.45324 0
9.45898 0
9.46471 0
9.47045 0
9.47619 0
9.48192 0
9.48766 0
9.4934 0
9.49913 0
9.50487 0
9.5106 0
9.51634 0
9.52208 0
9.52781 0
9.53355 0
9.53928 0
9.54502 0
9.55076 0
9.55649 0
9.56223 0
9.56797 0
9.5737 0
9.57944 0
9.58517 0
9.59091 0
9.59665 0
9.60238 0
9.60812 0
9.61386 0
9.61959 0
9.62533 0
9.63106 0
9.6368 0
9.64254 0
9.64827 0
9.65401 0
9.65974 0
9.66548 0
9.67122 0
9.67695 0
9.68269 0
9.68843 0
9.69416 0
9.6999 0
9.70563 0
9.71137 0
9.71711 0
9.72284 0
9.72858 0
9.73432 0
9.74005 0
9.74579 0
9.75152 0
9.75726 0
9.763 0
9.76873 0
9.77447 0
9.7802 0
9.78594 0
9.79168 0
9.79741 0
9.80315 0
9.80889 0
9.81462 0
9.82036 0
9.82609 0
9.83183 0
9.83757 0
9.8433 0
9.84904 0
9.85478 0
9.86051 0
9.86625 0
9.87198 0
9.87772 0
9.88346 0
9.88919 0
9.89493 0
9.90066 0
9.9064 0
9.91214 0
9.91787 0
9.92361 0
9.92935 0
9.93508 0
9.94082 0
9.94655 0
9.95229 0
9.95803 0
9.96376 0
9.9695 0
9.97524 0
9.98097 0
9.98671 0
9.99244 0
9.99818 0
10.0039 0
10.0097 0
10.0154 0
10.0211 0
10.0269 0
10.0326 0
10.0383 0
10.0441 0
10.0498 0
10.0555 0
10.0613 0
10.067 0
10.0728 0
10.0785 0
10.0842 0
10.09 0
10.0957 0
10.1014 0
10.1072 0
10.1129 0
10.1186 0
10.1244 0
10.1301 0
10.1358 0
10.1416 0
10.1473 0
10.1531 0
10.1588 0
10.1645 0
10.1703 0
10.176 0
10.1817 0
10.1875 0
10.1932 0
10.1989 0
10.2047 0
10.2104 0
10.2162 0
10.2219 0
10.2276 0
10.2334 0
10.2391 0
10.2448 0
10.2506 0
10.2563 0
10.262 0
10.2678 0
10.2735 0
10.2793 0
10.285 0
10.2907 0
10.2965 0
10.3022 0
10.3079 0
10.3137 0
10.3194 0
10.3251 0
10.3309 0
10.3366 0
10.3424 0
10.3481 0
10.3538 0
10.3596 0
10.3653 0
10.371 0
10.3768 0
10.3825 0
10.3882 0
10.394 0
10.3997 0
10.4054 0
10.4112 0
10.4169 0
10.4227 0
10.4284 0
10.4341 0
10.4399 0
10.4456 0
10.4513 0
10.4571 0
10.4628 0
10.4685 0
10.4743 0
10.48 0
10.4858 0
10.4915 0
10.4972 0
10.503 0
10.5087 0
10.5144 0
10.5202 0
10.5259 0
10.5316 0
10.5374 0
10.5431 0
10.5489 0
10.5546 0
10.5603 0
10.5661 0
10.5718 0
10.5775 0
10.5833 0
10.589 0
10.5947 0
10.6005 0
10.6062 0
10.612 0
10.6177 0
10.6234 0
10.6292 0
10.6349 0
10.6406 0
10.6464 0
10.6521 0
10.6578 0
10.6636 0
10.6693 0
10.6751 0
10.6808 0
10.6865 0
10.6923 0
10.698 0
10.7037 0
10.7095 0
10.7152 0
10.7209 0
10.7267 0
10.7324 0
10.7381 0
10.7439 0
10.7496 0
10.7554 0
10.7611 0
10.7668 0
10.7726 0
10.7783 0
10.784 0
10.7898 0
10.7955 0
10.8012 0
10.807 0
10.8127 0
10.8185 0
10.8242 0
10.8299 0
10.8357 0
10.8414 0
10.8471 0
10.8529 0
10.8586 0
10.8643 0
10.8701 0
10.8758 0
10.8816 0
10.8873 0
10.893 0
10.8988 0
10.9045 0
10.9102 0
10.916 0
10.9217 0
10.9274 0
10.9332 0
10.9389 0
10.9447 0
10.9504 0
10.9561 0
10.9619 0
10.9676 0
10.9733 0
10.9791 0
10.9848 0
10.9905 0
10.9963 0
11.002 0
11.0077 0
11.0135 0
11.0192 0
11.025 0
11.0307 0
11.0364 0
11.0422 0
11.0479 0
11.0536 0
11.0594 0
11.0651 0
11.0708 0
11.0766 0
11.0823 0
11.0881 0
11.0938 0
11.0995 0
11.1053 0
11.111 0
11.1167 0
11.1225 0
11.1282 0
11.1339 0
11.1397 0
11.1454 0
11.1512 0
11.1569 0
11.1626 0
11.1684 0
11.1741 0
11.1798 0
11.1856 0
11.1913 0
11.197 0
11.2028 0
11.2085 0
11.2143 0
11.22 0
11.2257 0
11.2315 0
11.2372 0
11.2429 0
11.2487 0
11.2544 0
11.2601 0
11.2659 0
11.2716 0
11.2774 0
11.2831 0
11.2888 0
11.2946 0
11.3003 0
11.306 0
11.3118 0
11.3175 0
11.3232 0
11.329 0
11.3347 0
11.3404 0
11.3462 0
11.3519 0
11.3577 0
11.3634 0
11.3691 0
11.3749 0
11.3806 0
11.3863 0
11.3921 0
11.3978 0
11.4035 0
11.4093 0
11.415 0
11.4208 0
11.4265 0
11.4322 0
11.438 0
11.4437 0
11.4494 0
11.4552 0
11.4609 0
11.4666 0
11.4724 0
11.4781 0
11.4839 0
11.4896 0
11.4953 0
11.5011 0
11.5068 0
11.5125 0
11.5183 0
11.524 0
11.5297 0
11.5355 0
11.5412 0
11.547 0
11.5527 0
11.5584 0
11.5642 0
11.5699 0
11.5756 0
11.5814 0
11.5871 0
11.5928 0
11.5986 0
11.6043 0
11.61 0
11.6158 0
11.6215 0
11.6273 0
11.633 0
11.6387 0
11.6445 0
11.6502 0
11.6559 0
11.6617 0
11.6674 0
11.6731 0
11.6789 0
11.6846 0
11.6904 0
11.6961 0
11.7018 0
11.7076 0
11.7133 0
11.719 0
11.7248 0
11.7305 0
11.7362 0
11.742 0
