0 0
0.00573619 -6
0.0114724 36
0.0172086 0
0.0229448 8
0.028681 20
0.0344171 0
0.0401533 -2
0.0458895 0
0.0516257 26
0.0573619 0
0.0630981 21
0.0688343 5
0.0745705 0
0.0803067 -8
0.0860429 16
0.091779 0
0.0975152 -2.66667
0.103251 -0.666667
0.108988 -4.33333
0.114724 0
0.12046 -3
0.126196 -2.33333
0.131932 0
0.137669 -29.3333
0.143405 -5.66667
0.149141 -7
0.154877 -3
0.160613 -0.333333
0.16635 9.66667
0.172086 0
0.177822 13
0.183558 13.5
0.189294 0
0.19503 2.2
0.200767 -7.4
0.206503 5
0.212239 11
0.217975 6.4
0.223711 7.2
0.229448 0
0.235184 -10.6
0.24092 -9.2
0.246656 0
0.252392 14
0.258129 -3.4
0.263865 3.4
0.269601 0
0.275337 -15
0.281073 -12.7143
0.28681 0
0.292546 11
0.298282 -1.14286
0.304018 16.6667
0.309754 7.5
0.31549 -11.1429
0.321227 -8
0.326963 0
0.332699 -10.2857
0.338435 1.85714
0.344171 0
0.349908 1.28571
0.355644 -6
0.36138 -3
0.367116 -7
0.372852 22.25
0.378589 5.42857
0.384325 -3
0.390061 -0.666667
0.395797 2.77778
0.401533 0
0.40727 1.44444
0.413006 -3.77778
0.418742 7.71429
0.424478 -6
0.430214 8
0.43595 15.3333
0.441687 0
0.447423 13.2222
0.453159 6.88889
0.458895 -1
0.464631 3.14286
0.470368 16.9091
0.476104 5.22222
0.48184 18.5
0.487576 8.45455
0.493312 7.72727
0.499049 0
0.504785 13.5455
0.510521 15.8182
0.516257 18
0.521993 20.5
0.52773 12.7273
0.533466 21.5556
0.539202 28.5
0.544938 13.4545
0.550674 15.7273
0.55641 0
0.562147 22.5833
0.567883 13.7692
0.573619 7.57143
0.579355 4
0.585091 13.8462
0.590828 15.2727
0.596564 20.5
0.6023 9.46154
0.608036 14.6154
0.613772 19.4
0.619509 20.875
0.625245 11.3077
0.630981 16.4444
0.636717 8
0.642453 16.2308
0.64819 6.84615
0.653926 16
0.659662 10.4667
0.665398 17.6667
0.671134 11.8571
0.67687 6
0.682607 14
0.688343 13.3636
0.694079 11.5
0.699815 16.4667
0.705551 8.93333
0.711288 8
0.717024 12.5714
0.72276 13.2
0.728496 31.5556
0.734232 14.1667
0.739969 15.25
0.745705 13.6154
0.751441 34.6667
0.757177 16.1176
0.762913 12.4706
0.76865 30
0.774386 16
0.780122 18.4118
0.785858 12.9091
0.791594 18.1667
0.79733 10.4706
0.803067 16.0667
0.808803 15
0.814539 20.7059
0.820275 13.5294
0.826011 12.4444
0.831748 19.875
0.837484 15.3333
0.84322 13.1538
0.848956 21.8333
0.854692 10.6316
0.860429 11.7647
0.866165 -3.6
0.871901 6.9375
0.877637 18.9474
0.883373 13.4545
0.88911 9.5
0.894846 11.9474
0.900582 21.0667
0.906318 5
0.912054 10.2632
0.91779 19.4706
0.923527 12.5556
0.929263 16.6923
0.934999 12.3
0.940735 18.4615
0.946471 21.5
0.952208 8.57143
0.957944 15.4706
0.96368 20.5
0.969416 5.19048
0.975152 21.7895
0.980889 17.8182
0.986625 14.8333
0.992361 18.4286
0.998097 23.7333
1.00383 13.6667
1.00957 15.4286
1.01531 24.5882
1.02104 15.5
1.02678 6.64706
1.03251 13.8571
1.03825 29.0769
1.04399 14.0833
1.04972 16.5652
1.05546 20.5882
1.0612 24.5
1.06693 17.3043
1.07267 15.1053
1.0784 9.53846
1.08414 14.3571
1.08988 17
1.09561 12.7333
1.10135 21.5
1.10708 15.4783
1.11282 19.0588
1.11856 15.5714
1.12429 19.25
1.13003 21.619
1.13577 17.3333
1.1415 15.5714
1.14724 18.72
1.15297 24
1.15871 28.6
1.16445 14.96
1.17018 13.8947
1.17592 11.6923
1.18166 19.9444
1.18739 17.2174
1.19313 21.0667
1.19886 18.6667
1.2046 11.72
1.21034 15.1111
1.21607 15.5556
1.22181 16.6296
1.22754 18.3333
1.23328 15.5882
1.23902 11.1875
1.24475 15.44
1.25049 17.1176
1.25623 13.0833
1.26196 20.3333
1.2677 13.5263
1.27343 13.6154
1.27917 18.1818
1.28491 15.6957
1.29064 15.3529
1.29638 16
1.30212 17.2963
1.30785 12.3333
1.31359 26
1.31932 18.3103
1.32506 18.7619
1.3308 11.8235
1.33653 17.5
1.34227 19.32
1.348 11
1.35374 20.5714
1.35948 23.1481
1.36521 19.9048
1.37095 25.2
1.37669 14.1034
1.38242 13.6957
1.38816 19.9412
1.39389 15.5789
1.39963 18.7407
1.40537 11.4
1.4111 22.5714
1.41684 9.75862
1.42258 11.7826
1.42831 15.9412
1.43405 16.25
1.43978 17.96
1.44552 19.1905
1.45126 14.625
1.45699 11.2759
1.46273 11.4762
1.46846 13.8333
1.4742 15.8387
1.47994 15.5217
1.48567 15.9
1.49141 19.2381
1.49715 14.5926
1.50288 12.5909
1.50862 19.375
1.51435 18.1034
1.52009 15.16
1.52583 15.1333
1.53156 16.6333
1.5373 18.88
1.54304 15.5238
1.54877 21.95
1.55451 20.0345
1.56024 11.3478
1.56598 28.1429
1.57172 17.9355
1.57745 16
1.58319 19.7
1.58892 12.08
1.59466 19.4444
1.6004 9.44
1.60613 13.5
1.61187 13.2903
1.61761 8.56
1.62334 20.6429
1.62908 12.9394
1.63481 16.7037
1.64055 9.65217
1.64629 8.77273
1.65202 13.3448
1.65776 14.8
1.6635 18.75
1.66923 15.8387
1.67497 15.1786
1.6807 16.15
1.68644 14.5357
1.69218 15.7143
1.69791 18.04
1.70365 16.3182
1.70938 13.2258
1.71512 24.2222
1.72086 8
1.72659 18.303
1.73233 16.5172
1.73807 17.6522
1.7438 13.7308
1.74954 13.2414
1.75527 18.8519
1.76101 18.6842
1.76675 14.3636
1.77248 16.0357
1.77822 16.85
1.78396 18.5
1.78969 20.6129
1.79543 17.3704
1.80116 14.8333
1.8069 21.5161
1.81264 17.6207
1.81837 18.6667
1.82411 18.2571
1.82984 15.7241
1.83558 12.4
1.84132 15.4231
1.84705 19.5806
1.85279 11.6786
1.85853 17.2174
1.86426 14.6364
1.87 11
1.87573 11.5882
1.88147 15.1429
1.88721 16.3636
1.89294 8.22222
1.89868 16.1154
1.90442 16.0606
1.91015 12.4516
1.91589 25
1.92162 13.1714
1.92736 13.7742
1.9331 16.2
1.93883 16.6786
1.94457 24.7879
1.9503 22.2
1.95604 18.4167
1.96178 18.0294
1.96751 18.7812
1.97325 17.8
1.97899 18.4054
1.98472 13.7273
1.99046 16.4138
1.99619 14.5385
2.00193 21.8571
2.00767 15.7097
2.0134 12.8333
2.01914 10.3714
2.02488 15.2424
2.03061 13.12
2.03635 16.875
2.04208 18.0588
2.04782 20.5625
2.05356 18.7083
2.05929 15.0278
2.06503 17.0882
2.07076 19.6364
2.0765 20.1622
2.08224 13.2857
2.08797 15.4138
2.09371 17.4286
2.09945 17.3514
2.10518 18.6364
2.11092 21.0833
2.11665 17.4054
2.12239 11.7714
2.12813 20.087
2.13386 14.8919
2.1396 18.7778
2.14534 17.6875
2.15107 15.0385
2.15681 20.2368
2.16254 18.8056
2.16828 20.9091
2.17402 15.3077
2.17975 15.973
2.18549 18.9677
2.19122 20.9333
2.19696 19.4595
2.2027 20.9143
2.20843 23.3333
2.21417 44.8974
2.21991 32
2.22564 23.3636
2.23138 16.925
2.23711 18.7368
2.24285 18.4412
2.24859 13.1071
2.25432 16.2632
2.26006 18.9231
2.2658 15.5455
2.27153 14.3415
2.27727 21.4359
2.283 14.3226
2.28874 19.4688
2.29448 18.8718
2.30021 16.5135
2.30595 21.7308
2.31168 22.0769
2.31742 20.325
2.32316 13.9091
2.32889 22.3571
2.33463 18.725
2.34037 21.8056
2.3461 21.75
2.35184 24.4762
2.35757 23.9189
2.36331 23.5769
2.36905 19.7561
2.37478 21.8293
2.38052 18.3871
2.38626 22.4118
2.39199 17.9302
2.39773 16.5946
2.40346 15.8846
2.4092 20.5
2.41494 17.925
2.42067 20.9545
2.42641 13.2045
2.43214 17.1429
2.43788 19.8571
2.44362 20.6452
2.44935 16.7333
2.45509 22.7179
2.46083 17.1538
2.46656 18.8667
2.4723 18.0732
2.47803 19.931
2.48377 23.75
2.48951 20.6744
2.49524 14.3077
2.50098 14.6538
2.50672 18.8696
2.51245 21.7381
2.51819 15.4167
2.52392 19.7391
2.52966 15.3409
2.5354 15.0303
2.54113 18.6
2.54687 20.8667
2.5526 21.561
2.55834 10.3846
2.56408 17.1915
2.56981 17.4419
2.57555 15.4828
2.58129 22.7619
2.58702 20.8
2.59276 18.0541
2.59849 18.4242
2.60423 20.2174
2.60997 20.7955
2.6157 20.125
2.62144 19.625
2.62718 17.3478
2.63291 18.1143
2.63865 16.6944
2.64438 17.1489
2.65012 20.4146
2.65586 19.1333
2.66159 22.4043
2.66733 21.7556
2.67306 23.68
2.6788 14.7292
2.68454 17.8958
2.69027 15.6154
2.69601 23.9394
2.70175 17.0625
2.70748 17.9111
2.71322 17.4815
2.71895 19.2708
2.72469 20.4792
2.73043 25.7143
2.73616 19.0789
2.7419 23.1224
2.74764 17.4186
2.75337 16.5
2.75911 23.2857
2.76484 18.4286
2.77058 20.375
2.77632 19.3673
2.78205 20.7
2.78779 17.3333
2.79352 21.6
2.79926 16.5962
2.805 15.8667
2.81073 14.4815
2.81647 21.9615
2.82221 22.6122
2.82794 22.8108
2.83368 19.5789
2.83941 19.7547
2.84515 22.1707
2.85089 19.8125
2.85662 21.2642
2.86236 14.9388
2.8681 17.5833
2.87383 19.0926
2.87957 20.86
2.8853 17.8293
2.89104 21.6216
2.89678 19.1346
2.90251 21.9778
2.90825 22.7241
2.91398 21.7037
2.91972 22
2.92546 21.2973
2.93119 18.2381
2.93693 19.8868
2.94267 26.2222
2.9484 20.2188
2.95414 24.6226
2.95987 22.102
2.96561 18.4074
2.97135 26.0893
2.97708 21.7407
2.98282 24.8974
2.98856 23.6923
2.99429 19.6296
3.00003 23.0213
3.00576 19.6774
3.0115 30.8364
3.01724 25.8302
3.02297 27.0811
3.02871 22.7955
3.03444 26.2364
3.04018 21.2889
3.04592 23.9706
3.05165 27.1455
3.05739 23.2549
3.06313 22.2069
3.06886 26.625
3.0746 31.9636
3.08033 27.3182
3.08607 24.2162
3.09181 22.3214
3.09754 27.898
3.10328 25.8065
3.10902 30.0339
3.11475 25.0943
3.12049 24.7949
3.12622 25.1304
3.13196 29.0545
3.1377 27.4043
3.14343 27.1111
3.14917 25.7931
3.1549 30.4314
3.16064 24.931
3.16638 29.35
3.17211 27.2545
3.17785 27.4318
3.18359 28.7561
3.18932 27.5172
3.19506 27.8163
3.20079 24
3.20653 28.8136
3.21227 24.3396
3.218 22
3.22374 28.375
3.22948 29.5593
3.23521 30.3778
3.24095 37.5128
3.24668 27.4667
3.25242 31.3019
3.25816 26.4118
3.26389 33.193
3.26963 30.386
3.27536 26.3478
3.2811 33.3415
3.28684 32.3833
3.29257 32.0816
3.29831 29.0556
3.30405 31.4127
3.30978 31.4727
3.31552 28.7674
3.32125 36.625
3.32699 38.1579
3.33273 40.2941
3.33846 40.1282
3.3442 38.9516
3.34994 38.3333
3.35567 38.2895
3.36141 39.5254
3.36714 35.7544
3.37288 32.7708
3.37862 36.8837
3.38435 36.1148
3.39009 41.3962
3.39582 45.1944
3.40156 44.2857
3.4073 38.8909
3.41303 39.9362
3.41877 40.4167
3.42451 39
3.43024 37.36
3.43598 33.7073
3.44171 35.8571
3.44745 39.7143
3.45319 39.9286
3.45892 43.9273
3.46466 37.9153
3.4704 38.88
3.47613 41.8605
3.48187 42.9206
3.4876 42.6038
3.49334 41.2105
3.49908 43.4179
3.50481 45.0526
3.51055 43.7447
3.51628 41.6863
3.52202 45.8361
3.52776 40.7222
3.53349 48.878
3.53923 52.1231
3.54497 62.8704
3.5507 60.8125
3.55644 57.7273
3.56217 53.2203
3.56791 51.8846
3.57365 47.6739
3.57938 47.1538
3.58512 45.5091
3.59086 43.4211
3.59659 43.194
3.60233 44.8644
3.60806 50.7255
3.6138 48.6327
3.61954 50.2381
3.62527 54.1607
3.63101 52.7073
3.63674 56.7313
3.64248 59.9138
3.64822 59.4583
3.65395 63.8421
3.65969 66.6066
3.66543 63.2037
3.67116 60.7826
3.6769 68.4921
3.68263 65.8033
3.68837 60.5526
3.69411 67.8406
3.69984 63.5932
3.70558 61.0556
3.71132 56.9216
3.71705 62.4923
3.72279 63.25
3.72852 68.1628
3.73426 69.0299
3.74 66.371
3.74573 65.6
3.75147 66.3273
3.7572 68.8095
3.76294 71.4068
3.76868 66.75
3.77441 76.9254
3.78015 78.9153
3.78589 78.1489
3.79162 75.7656
3.79736 88.9531
3.80309 82.6786
3.80883 88.9412
3.81457 98.4154
3.8203 102.117
3.82604 110.395
3.83178 121.101
3.83751 137.839
3.84325 167.375
3.84898 284.075
3.85472 246.524
3.86046 326.459
3.86619 316.087
3.87193 422.565
3.87766 610.771
3.8834 815.706
3.88914 1021.15
3.89487 1215.03
3.90061 1069.68
3.90635 872.122
3.91208 650.209
3.91782 465.547
3.92355 355.78
3.92929 284.479
3.93503 224.828
3.94076 183.966
3.9465 166.167
3.95224 148.388
3.95797 125.54
3.96371 114.891
3.96944 106.873
3.97518 104.746
3.98092 106.679
3.98665 102.828
3.99239 98.2941
3.99812 93.3548
4.00386 91.4898
4.0096 86.1304
4.01533 85.1875
4.02107 86.16
4.02681 81.6364
4.03254 83.1515
4.03828 83.35
4.04401 79.8654
4.04975 81.4084
4.05549 78.9692
4.06122 80.1522
4.06696 77.7246
4.0727 79.9857
4.07843 78.9167
4.08417 73.4821
4.0899 75.4559
4.09564 74.9531
4.10138 71.86
4.10711 73.5
4.11285 77.3333
4.11858 75.3036
4.12432 72.3064
4.13006 74.5147
4.13579 74.7143
4.14153 69.1923
4.14727 71.8767
4.153 75.3582
4.15874 75.8182
4.16447 75.3836
4.17021 75.5556
4.17595 77.9032
4.18168 71
4.18742 75.2857
4.19316 76.5
4.19889 75.64
4.20463 79
4.21036 76.8088
4.2161 79.3833
4.22184 68.4828
4.22757 80.6806
4.23331 78.8358
4.23904 77.02
4.24478 77.3467
4.25052 76.5942
4.25625 77.4286
4.26199 74.9531
4.26773 73.7361
4.27346 77.3788
4.2792 78.2143
4.28493 72.7917
4.29067 73.8
4.29641 77.125
4.30214 76.2763
4.30788 77.6857
4.31362 80.5312
4.31935 77.6071
4.32509 79.5
4.33082 80.7391
4.33656 81.82
4.3423 81.7467
4.34803 83.9865
4.35377 85.9355
4.3595 90.15
4.36524 89.4189
4.37098 92.8714
4.37671 101.833
4.38245 91.6622
4.38819 99.2083
4.39392 104.211
4.39966 102.145
4.40539 103.694
4.41113 114.574
4.41687 120.722
4.4226 125.169
4.42834 166.932
4.43408 250.979
4.43981 428.493
4.44555 1064.03
4.45128 747.185
4.45702 1457.31
4.46276 479.026
4.46849 205.292
4.47423 247.093
4.47996 216.118
4.4857 223.284
4.49144 237.708
4.49717 257.286
4.50291 253.026
4.50865 257.343
4.51438 239.596
4.52012 213.81
4.52585 184.293
4.53159 160.404
4.53733 146.972
4.54306 127.4
4.5488 116.015
4.55454 107.035
4.56027 96.6875
4.56601 92.0676
4.57174 85.7308
4.57748 79.8846
4.58322 79.2436
4.58895 80.0746
4.59469 70.2787
4.60042 73.4487
4.60616 76.8133
4.6119 74.42
4.61763 68.8554
4.62337 69.4872
4.62911 67.619
4.63484 68.2154
4.64058 65.2805
4.64631 66.0972
4.65205 60.7143
4.65779 56.2875
4.66352 59.141
4.66926 56.459
4.675 58.5211
4.68073 57.1795
4.68647 56.4931
4.6922 59.4035
4.69794 55.3375
4.70368 59.3507
4.70941 53.52
4.71515 54.8941
4.72088 59.35
4.72662 55.0145
4.73236 58.6508
4.73809 57.378
4.74383 57.9359
4.74957 50.6923
4.7553 54.7262
4.76104 53.5375
4.76677 54.9851
4.77251 54.2462
4.77825 52.2927
4.78398 53.4133
4.78972 50.3636
4.79546 50.1882
4.80119 52.4684
4.80693 49.4
4.81266 45.1831
4.8184 48.8333
4.82414 46.7808
4.82987 48.4262
4.83561 47.8333
4.84134 47.975
4.84708 45.7925
4.85282 48.6118
4.85855 54.7561
4.86429 48.7887
4.87003 47.623
4.87576 46.5698
4.8815 47.3077
4.88723 48.9815
4.89297 44.8118
4.89871 47.869
4.90444 44.2254
4.91018 47.4478
4.91592 47.7857
4.92165 44.2658
4.92739 48.5789
4.93312 46.8372
4.93886 45.3095
4.9446 46.806
4.95033 48.0563
4.95607 46.8953
4.9618 46.0779
4.96754 45.4746
4.97328 44.2791
4.97901 45.759
4.98475 43.5902
4.99049 44.9744
4.99622 45.5795
5.00196 48.1507
5.00769 44.1587
5.01343 40.4659
5.01917 43.253
5.0249 41.1509
5.03064 40
5.03638 44.814
5.04211 45.0267
5.04785 40.5385
5.05358 44.7442
5.05932 42.963
5.06506 43.2807
5.07079 44.7614
5.07653 44.4713
5.08226 45.3099
5.088 44.5211
5.09374 42.0778
5.09947 43.7013
5.10521 43.0794
5.11095 43.6556
5.11668 42.8824
5.12242 42.4697
5.12815 40.8442
5.13389 42.1556
5.13963 43.2078
5.14536 42.0328
5.1511 39.9783
5.15684 41.9036
5.16257 42.6936
5.16831 41.3452
5.17404 39.7079
5.17978 42.8205
5.18552 40.0597
5.19125 42.4556
5.19699 42.7349
5.20272 42.8644
5.20846 41
5.2142 44.7865
5.21993 44.9079
5.22567 43.9565
5.23141 41.8043
5.23714 45.321
5.24288 40.3934
5.24861 41.9457
5.25435 40.0112
5.26009 42.0429
5.26582 42.25
5.27156 41.3736
5.2773 41.65
5.28303 40.3231
5.28877 39.1915
5.2945 45.954
5.30024 40.7639
5.30598 40.7848
5.31171 43.0787
5.31745 44.3293
5.32318 40.4923
5.32892 41.7553
5.33466 42.5517
5.34039 47.3788
5.34613 41
5.35187 39.6374
5.3576 40.4691
5.36334 43.7164
5.36907 39.5729
5.37481 40.9412
5.38055 44.1148
5.38628 43.1875
5.39202 45.1429
5.39776 46.15
5.40349 46.4507
5.40923 43.4271
5.41496 43.2593
5.4207 43.2381
5.42644 41.2959
5.43217 38.6067
5.43791 41.9359
5.44364 39.6438
5.44938 44.7113
5.45512 44.1829
5.46085 41.4776
5.46659 42.7449
5.47233 40.1236
5.47806 44.4342
5.4838 38.7901
5.48953 41.9355
5.49527 41.1786
5.50101 47.1343
5.50674 42.8571
5.51248 42.2247
5.51822 43.2838
5.52395 43.8072
5.52969 41.9355
5.53542 42.5595
5.54116 42.4118
5.5469 42.1111
5.55263 42.5778
5.55837 41.8056
5.5641 40.0899
5.56984 41.5269
5.57558 40.5833
5.58131 44.4795
5.58705 43.0404
5.59279 40.2159
5.59852 42.0952
5.60426 43.53
5.60999 40.8387
5.61573 43.8049
5.62147 41.1333
5.6272 43.1237
5.63294 43.8953
5.63868 45.209
5.64441 43.6275
5.65015 44.5054
5.65588 43.3214
5.66162 45.5974
5.66736 47.3535
5.67309 41.3372
5.67883 45.2899
5.68456 42.5545
5.6903 44.2
5.69604 46.061
5.70177 49.012
5.70751 46.3368
5.71325 48.1477
5.71898 46.0563
5.72472 45.1717
5.73045 44.9462
5.73619 45.1875
5.74193 46.2697
5.74766 42.2947
5.7534 45.2614
5.75914 44.2958
5.76487 46.396
5.77061 47.8617
5.77634 48.0769
5.78208 44.9775
5.78782 49.9691
5.79355 49.4186
5.79929 47.76
5.80502 47.3168
5.81076 49.413
5.8165 46.7568
5.82223 46.5521
5.82797 48.5204
5.83371 51.5698
5.83944 47.7595
5.84518 50.0909
5.85091 49.7083
5.85665 46.7231
5.86239 48.5429
5.86812 50.051
5.87386 49.5
5.8796 48.2911
5.88533 54
5.89107 52.6848
5.8968 50.8116
5.90254 48.7619
5.90828 50.1327
5.91401 54.8488
5.91975 55.4217
5.92548 50.4747
5.93122 54.117
5.93696 51.8904
5.94269 53.9524
5.94843 56.3542
5.95417 53.4205
5.9599 53.3529
5.96564 55.0909
5.97137 54.6489
5.97711 50.9178
5.98285 52.7282
5.98858 53.4592
5.99432 54.3333
6.00006 59.8202
6.00579 59.5253
6.01153 59.117
6.01726 60.7467
6.023 58.7048
6.02874 60.4062
6.03447 59.7386
6.04021 61
6.04594 60.1224
6.05168 58.7292
6.05742 60.1558
6.06315 56.9333
6.06889 60.9792
6.07463 59.5
6.08036 63.117
6.0861 59.8265
6.09183 67.25
6.09757 63.641
6.10331 67.6038
6.10904 66.8646
6.11478 66.6279
6.12052 65.7812
6.12625 67.43
6.13199 65.5106
6.13772 67.8902
6.14346 68.4216
6.1492 68.77
6.15493 68.475
6.16067 70.549
6.1664 65.398
6.17214 70.6809
6.17788 67.6071
6.18361 67.4608
6.18935 74.7374
6.19509 78.72
6.20082 74.844
6.20656 75.3726
6.21229 79.5
6.21803 84.0488
6.22377 87.0943
6.2295 87.28
6.23524 93.6933
6.24098 86.4404
6.24671 90.3824
6.25245 100.84
6.25818 107.965
6.26392 106.343
6.26966 150.431
6.27539 353.68
6.28113 150.055
6.28686 1409.07
6.2926 4448.08
6.29834 492.75
6.30407 791.019
6.30981 551.882
6.31555 333.333
6.32128 159.694
6.32702 161.048
6.33275 156.573
6.33849 142.739
6.34423 139.962
6.34996 148.5
6.3557 163.603
6.36144 170.324
6.36717 193.644
6.37291 208.421
6.37864 212.9
6.38438 204.651
6.39012 189.971
6.39585 172.3
6.40159 157.62
6.40732 134.907
6.41306 127.585
6.4188 115.076
6.42453 109.368
6.43027 102.216
6.43601 98.2805
6.44174 97.4245
6.44748 100.444
6.45321 91.5745
6.45895 92.087
6.46469 87.4
6.47042 87.0583
6.47616 82.881
6.4819 80.7273
6.48763 80.3148
6.49337 77.1828
6.4991 78
6.50484 75.0926
6.51058 77.902
6.51631 79.1548
6.52205 76.5364
6.52778 76.5741
6.53352 77.3478
6.53926 76.25
6.54499 74.8704
6.55073 74.4608
6.55647 71.4405
6.5622 74.6903
6.56794 76.1204
6.57367 81.5161
6.57941 73.3053
6.58515 75.5804
6.59088 76.0385
6.59662 74.5595
6.60236 71.9035
6.60809 72.7642
6.61383 72.1505
6.61956 73.8969
6.6253 69.8482
6.63104 71.4412
6.63677 73.8837
6.64251 72.7018
6.64824 70.3832
6.65398 70.6484
6.65972 72.8529
6.66545 69.9018
6.67119 71.5673
6.67693 74.3721
6.68266 71.9397
6.6884 72.0093
6.69413 70.022
6.69987 72.0971
6.70561 72.8393
6.71134 73.2981
6.71708 70.2386
6.72282 72.7982
6.72855 67.3889
6.73429 73.4382
6.74002 72.9151
6.74576 70.9565
6.7515 71.0097
6.75723 68.2921
6.76297 74.8276
6.7687 71.0804
6.77444 71.7753
6.78018 71.2667
6.78591 68.6466
6.79165 72.7944
6.79739 71.5402
6.80312 71.4123
6.80886 70.5268
6.81459 71.4945
6.82033 69.8095
6.82607 72.5431
6.8318 72.0952
6.83754 70.0114
6.84328 70.7692
6.84901 67.8929
6.85475 72.3297
6.86048 70.7615
6.86622 73.2672
6.87196 72.243
6.87769 71.7241
6.88343 72.517
6.88916 71.614
6.8949 70.5172
6.90064 73.2124
6.90637 68.5439
6.91211 71.7664
6.91785 74.4943
6.92358 72.9008
6.92932 74.8496
6.93505 75.1348
6.94079 70.9646
6.94653 72.7241
6.95226 74.0935
6.958 72.2418
6.96374 72.8417
6.96947 72.807
6.97521 75.3956
6.98094 71.8108
6.98668 72.1121
6.99242 72.5138
6.99815 70.3596
7.00389 74.0667
7.00962 72.7586
7.01536 76.9891
7.0211 73.0455
7.02683 74.4628
7.03257 73.4393
7.03831 76.7204
7.04404 75.0082
7.04978 76.7826
7.05551 77.4681
7.06125 80.4312
7.06699 76.8279
7.07272 74.1376
7.07846 72.9775
7.0842 74.8033
7.08993 78.7414
7.09567 76.3656
7.1014 79.2655
7.10714 77.8319
7.11288 79.0275
7.11861 75.5652
7.12435 79.3952
7.13008 81.1453
7.13582 78.3229
7.14156 79.5946
7.14729 76.9167
7.15303 79.4495
7.15877 78.5591
7.1645 79.5726
7.17024 81.6302
7.17597 83.1531
7.18171 79.9813
7.18745 85.0328
7.19318 82.8739
7.19892 83.4348
7.20466 84.1732
7.21039 87.5812
7.21613 84.9899
7.22186 85.9817
7.2276 84.9206
7.23334 85.4414
7.23907 83.5165
7.24481 87.1508
7.25054 89.0336
7.25628 90.74
7.26202 87.7748
7.26775 90.9262
7.27349 93.4775
7.27923 90.7849
7.28496 92.0787
7.2907 90.8067
7.29643 91.5437
7.30217 89.4815
7.30791 92.8064
7.31364 97.7863
7.31938 96.5393
7.32512 95.5923
7.33085 100.314
7.33659 102.212
7.34232 98.8
7.34806 105.985
7.3538 108.432
7.35953 99.9032
7.36527 114.188
7.371 137.174
7.37674 287.788
7.38248 145.509
7.38821 960.637
7.39395 833.422
7.39969 474.261
7.40542 954.885
7.41116 412.455
7.41689 246.406
7.42263 181.551
7.42837 159.929
7.4341 151.832
7.43984 148.202
7.44558 149.493
7.45131 160.628
7.45705 171.373
7.46278 183.175
7.46852 202.654
7.47426 218.737
7.47999 231.9
7.48573 220.55
7.49146 210.264
7.4972 190.955
7.50294 173.729
7.50867 158.719
7.51441 142.992
7.52015 134.077
7.52588 125.515
7.53162 114.16
7.53735 106.652
7.54309 104.806
7.54883 102.114
7.55456 95.0336
7.5603 97.6778
7.56604 95.6296
7.57177 91.656
7.57751 85.3652
7.58324 85.4706
7.58898 86.4351
7.59472 83.959
7.60045 84.62
7.60619 82.6179
7.61192 79.907
7.61766 81.1983
7.6234 81.3762
7.62913 78.5379
7.63487 77.1736
7.64061 78
7.64634 75.2276
7.65208 78.1705
7.65781 76.0252
7.66355 76.6327
7.66929 74.8358
7.67502 75.1532
7.68076 75.566
7.6865 73.8487
7.69223 75.5878
7.69797 79.0763
7.7037 75.6535
7.70944 80.3955
7.71518 90.9919
7.72091 130.209
7.72665 143.179
7.73238 339.008
7.73812 124.68
7.74386 186.724
7.74959 181.594
7.75533 100.849
7.76107 95.4595
7.7668 93.2368
7.77254 96.7023
7.77827 97.041
7.78401 103.949
7.78975 106.933
7.79548 118.133
7.80122 126.483
7.80696 132.369
7.81269 134.707
7.81843 127.081
7.82416 117.874
7.8299 109.45
7.83564 103.531
7.84137 94.4701
7.84711 88.2364
7.85284 83.0687
7.85858 77.3937
7.86432 80.7629
7.87005 74.0935
7.87579 73.875
7.88153 72.9426
7.88726 71.8318
7.893 70.3704
7.89873 69.4531
7.90447 65.0294
7.91021 65.4135
7.91594 64.3588
7.92168 65.5667
7.92742 64.066
7.93315 63.5839
7.93889 62.315
7.94462 63.7168
7.95036 61.2314
7.9561 63.9773
7.96183 61.2143
7.96757 62.5619
7.9733 63.3066
7.97904 63.4
7.98478 63.9196
7.99051 59.032
7.99625 61.7368
8.00199 60.5887
8.00772 58.198
8.01346 61.2806
8.01919 62.7444
8.02493 59.1765
8.03067 58.6283
8.0364 58.5882
8.04214 60.8189
8.04788 57.0583
8.05361 61.6331
8.05935 61.5074
8.06508 60.1949
8.07082 55.2735
8.07656 57.8613
8.08229 55.7109
8.08803 61.2727
8.09376 57.1748
8.0995 51.4848
8.10524 48.1463
8.11097 47.7876
8.11671 39.9855
8.12245 37.124
8.12818 36.5135
8.13392 37.4167
8.13965 33.8978
8.14539 31.5161
8.15113 31.7117
8.15686 13.5109
8.1626 17.3086
8.16834 15.5424
8.17407 14.7632
8.17981 1.05263
8.18554 0
8.19128 0
8.19702 0
8.20275 0
8.20849 0
8.21422 0
8.21996 0
8.2257 0
8.23143 0
8.23717 0
8.24291 0
8.24864 0
8.25438 0
8.26011 0
8.26585 0
8.27159 0
8.27732 0
8.28306 0
8.2888 0
8.29453 0
8.30027 0
8.306 0
8.31174 0
8.31748 0
8.32321 0
8.32895 0
8.33468 0
8.34042 0
8.34616 0
8.35189 0
8.35763 0
8.36337 0
8.3691 0
8.37484 0
8.38057 0
8.38631 0
8.39205 0
8.39778 0
8.40352 0
8.40926 0
8.41499 0
8.42073 0
8.42646 0
8.4322 0
8.43794 0
8.44367 0
8.44941 0
8.45514 0
8.46088 0
8.46662 0
8.47235 0
8.47809 0
8.48383 0
8.48956 0
8.4953 0
8.50103 0
8.50677 0
8.51251 0
8.51824 0
8.52398 0
8.52972 0
8.53545 0
8.54119 0
8.54692 0
8.55266 0
8.5584 0
8.56413 0
8.56987 0
8.5756 0
8.58134 0
8.58708 0
8.59281 0
8.59855 0
8.60429 0
8.61002 0
8.61576 0
8.62149 0
8.62723 0
8.63297 0
8.6387 0
8.64444 0
8.65018 0
8.65591 0
8.66165 0
8.66738 0
8.67312 0
8.67886 0
8.68459 0
8.69033 0
8.69606 0
8.7018 0
8.70754 0
8.71327 0
8.71901 0
8.72475 0
8.73048 0
8.73622 0
8.74195 0
8.74769 0
8.75343 0
8.75916 0
8.7649 0
8.77064 0
8.77637 0
8.78211 0
8.78784 0
8.79358 0
8.79932 0
8.80505 0
8.81079 0
8.81652 0
8.82226 0
8.828 0
8.83373 0
8.83947 0
8.84521 0
8.85094 0
8.85668 0
8.86241 0
8.86815 0
8.87389 0
8.87962 0
8.88536 0
8.8911 0
8.89683 0
8.90257 0
8.9083 0
8.91404 0
8.91978 0
8.92551 0
8.93125 0
8.93698 0
8.94272 0
8.94846 0
8.95419 0
8.95993 0
8.96567 0
8.9714 0
8.97714 0
8.98287 0
8.98861 0
8.99435 0
9.00008 0
9.00582 0
9.01156 0
9.01729 0
9.02303 0
9.02876 0
9.0345 0
9.04024 0
9.04597 0
9.05171 0
9.05744 0
9.06318 0
9.06892 0
9.07465 0
9.08039 0
9.08613 0
9.09186 0
9.0976 0
9.10333 0
9.10907 0
9.11481 0
9.12054 0
9.12628 0
9.13202 0
9.13775 0
9.14349 0
9.14922 0
9.15496 0
9.1607 0
9.16643 0
9.17217 0
9.1779 0
9.18364 0
9.18938 0
9.19511 0
9.20085 0
9.20659 0
9.21232 0
9.21806 0
9.22379 0
9.22953 0
9.23527 0
9.241 0
9.24674 0
9.25248 0
9.25821 0
9.26395 0
9.26968 0
9.27542 0
9.28116 0
9.28689 0
9.29263 0
9.29836 0
9.3041 0
9.30984 0
9.31557 0
9.32131 0
9.32705 0
9.33278 0
9.33852 0
9.34425 0
9.34999 0
9.35573 0
9.36146 0
9.3672 0
9.37294 0
9.37867 0
9.38441 0
9.39014 0
9.39588 0
9.40162 0
9.40735 0
9.41309 0
9.41882 0
9.42456 0
9.4303 0
9.43603 0
9.44177 0
9.44751 0
9.45324 0
9.45898 0
9.46471 0
9.47045 0
9.47619 0
9.48192 0
9.48766 0
9.4934 0
9.49913 0
9.50487 0
9.5106 0
9.51634 0
9.52208 0
9.52781 0
9.53355 0
9.53928 0
9.54502 0
9.55076 0
9.55649 0
9.56223 0
9.56797 0
9.5737 0
9.57944 0
9.58517 0
9.59091 0
9.59665 0
9.60238 0
9.60812 0
9.61386 0
9.61959 0
9.62533 0
9.63106 0
9.6368 0
9.64254 0
9.64827 0
9.65401 0
9.65974 0
9.66548 0
9.67122 0
9.67695 0
9.68269 0
9.68843 0
9.69416 0
9.6999 0
9.70563 0
9.71137 0
9.71711 0
9.72284 0
9.72858 0
9.73432 0
9.74005 0
9.74579 0
9.75152 0
9.75726 0
9.763 0
9.76873 0
9.77447 0
9.7802 0
9.78594 0
9.79168 0
9.79741 0
9.80315 0
9.80889 0
9.81462 0
9.82036 0
9.82609 0
9.83183 0
9.83757 0
9.8433 0
9.84904 0
9.85478 0
9.86051 0
9.86625 0
9.87198 0
9.87772 0
9.88346 0
9.88919 0
9.89493 0
9.90066 0
9.9064 0
9.91214 0
9.91787 0
9.92361 0
9.92935 0
9.93508 0
9.94082 0
9.94655 0
9.95229 0
9.95803 0
9.96376 0
9.9695 0
9.97524 0
9.98097 0
9.98671 0
9.99244 0
9.99818 0
10.0039 0
10.0097 0
10.0154 0
10.0211 0
10.0269 0
10.0326 0
10.0383 0
10.0441 0
10.0498 0
10.0555 0
10.0613 0
10.067 0
10.0728 0
10.0785 0
10.0842 0
10.09 0
10.0957 0
10.1014 0
10.1072 0
10.1129 0
10.1186 0
10.1244 0
10.1301 0
10.1358 0
10.1416 0
10.1473 0
10.1531 0
10.1588 0
10.1645 0
10.1703 0
10.176 0
10.1817 0
10.1875 0
10.1932 0
10.1989 0
10.2047 0
10.2104 0
10.2162 0
10.2219 0
10.2276 0
10.2334 0
10.2391 0
10.2448 0
10.2506 0
10.2563 0
10.262 0
10.2678 0
10.2735 0
10.2793 0
10.285 0
10.2907 0
10.2965 0
10.3022 0
10.3079 0
10.3137 0
10.3194 0
10.3251 0
10.3309 0
10.3366 0
10.3424 0
10.3481 0
10.3538 0
10.3596 0
10.3653 0
10.371 0
10.3768 0
10.3825 0
10.3882 0
10.394 0
10.3997 0
10.4054 0
10.4112 0
10.4169 0
10.4227 0
10.4284 0
10.4341 0
10.4399 0
10.4456 0
10.4513 0
10.4571 0
10.4628 0
10.4685 0
10.4743 0
10.48 0
10.4858 0
10.4915 0
10.4972 0
10.503 0
10.5087 0
10.5144 0
10.5202 0
10.5259 0
10.5316 0
10.5374 0
10.5431 0
10.5489 0
10.5546 0
10.5603 0
10.5661 0
10.5718 0
10.5775 0
10.5833 0
10.589 0
10.5947 0
10.6005 0
10.6062 0
10.612 0
10.6177 0
10.6234 0
10.6292 0
10.6349 0
10.6406 0
10.6464 0
10.6521 0
10.6578 0
10.6636 0
10.6693 0
10.6751 0
10.6808 0
10.6865 0
10.6923 0
10.698 0
10.7037 0
10.7095 0
10.7152 0
10.7209 0
10.7267 0
10.7324 0
10.7381 0
10.7439 0
10.7496 0
10.7554 0
10.7611 0
10.7668 0
10.7726 0
10.7783 0
10.784 0
10.7898 0
10.7955 0
10.8012 0
10.807 0
10.8127 0
10.8185 0
10.8242 0
10.8299 0
10.8357 0
10.8414 0
10.8471 0
10.8529 0
10.8586 0
10.8643 0
10.8701 0
10.8758 0
10.8816 0
10.8873 0
10.893 0
10.8988 0
10.9045 0
10.9102 0
10.916 0
10.9217 0
10.9274 0
10.9332 0
10.9389 0
10.9447 0
10.9504 0
10.9561 0
10.9619 0
10.9676 0
10.9733 0
10.9791 0
10.9848 0
10.9905 0
10.9963 0
11.002 0
11.0077 0
11.0135 0
11.0192 0
11.025 0
11.0307 0
11.0364 0
11.0422 0
11.0479 0
11.0536 0
11.0594 0
11.0651 0
11.0708 0
11.0766 0
11.0823 0
11.0881 0
11.0938 0
11.0995 0
11.1053 0
11.111 0
11.1167 0
11.1225 0
11.1282 0
11.1339 0
11.1397 0
11.1454 0
11.1512 0
11.1569 0
11.1626 0
11.1684 0
11.1741 0
11.1798 0
11.1856 0
11.1913 0
11.197 0
11.2028 0
11.2085 0
11.2143 0
11.22 0
11.2257 0
11.2315 0
11.2372 0
11.2429 0
11.2487 0
11.2544 0
11.2601 0
11.2659 0
11.2716 0
11.2774 0
11.2831 0
11.2888 0
11.2946 0
11.3003 0
11.306 0
11.3118 0
11.3175 0
11.3232 0
11.329 0
11.3347 0
11.3404 0
11.3462 0
11.3519 0
11.3577 0
11.3634 0
11.3691 0
11.3749 0
11.3806 0
11.3863 0
11.3921 0
11.3978 0
11.4035 0
11.4093 0
11.415 0
11.4208 0
11.4265 0
11.4322 0
11.438 0
11.4437 0
11.4494 0
11.4552 0
11.4609 0
11.4666 0
11.4724 0
11.4781 0
11.4839 0
11.4896 0
11.4953 0
11.5011 0
11.5068 0
11.5125 0
11.5183 0
11.524 0
11.5297 0
11.5355 0
11.5412 0
11.547 0
11.5527 0
11.5584 0
11.5642 0
11.5699 0
11.5756 0
11.5814 0
11.5871 0
11.5928 0
11.5986 0
11.6043 0
11.61 0
11.6158 0
11.6215 0
11.6273 0
11.633 0
11.6387 0
11.6445 0
11.6502 0
11.6559 0
11.6617 0
11.6674 0
11.6731 0
11.6789 0
11.6846 0
11.6904 0
11.6961 0
11.7018 0
11.7076 0
11.7133 0
11.719 0
11.7248 0
11.7305 0
11.7362 0
11.742 0
