0 0
0.00573619 -1
0.0114724 9
0.0172086 0
0.0229448 -5
0.028681 20
0.0344171 0
0.0401533 10
0.0458895 -21
0.0516257 -20
0.0573619 0
0.0630981 -2
0.0688343 0
0.0745705 0
0.0803067 -5
0.0860429 16
0.091779 0
0.0975152 -0.333333
0.103251 5.66667
0.108988 -23.3333
0.114724 0
0.12046 12.6667
0.126196 -16.6667
0.131932 0
0.137669 -3
0.143405 5.33333
0.149141 0
0.154877 -14
0.160613 0.333333
0.16635 -5
0.172086 0
0.177822 5
0.183558 3.75
0.189294 0
0.19503 -8.4
0.200767 3.8
0.206503 7.33333
0.212239 32.5
0.217975 0.6
0.223711 -7
0.229448 0
0.235184 10.4
0.24092 9.4
0.246656 0
0.252392 -7.2
0.258129 -3.8
0.263865 8.2
0.269601 0
0.275337 0.6
0.281073 0.714286
0.28681 0
0.292546 5.85714
0.298282 0.857143
0.304018 9.33333
0.309754 -4
0.31549 4.85714
0.321227 -1.28571
0.326963 0
0.332699 5.42857
0.338435 4.42857
0.344171 0
0.349908 4.14286
0.355644 4
0.36138 19.2
0.367116 5.5
0.372852 2.75
0.378589 1.57143
0.384325 10.5
0.390061 -5.11111
0.395797 2.44444
0.401533 0
0.40727 2.77778
0.413006 13
0.418742 9.57143
0.424478 6.5
0.430214 3.77778
0.43595 13.6667
0.441687 0
0.447423 2.44444
0.453159 8.33333
0.458895 5
0.464631 6.42857
0.470368 12
0.476104 17.3333
0.48184 5.5
0.487576 10.1818
0.493312 14.0909
0.499049 0
0.504785 21.5455
0.510521 11.5455
0.516257 18.2
0.521993 15.1667
0.52773 21.2727
0.533466 22.3333
0.539202 38
0.544938 16.7273
0.550674 13.2727
0.55641 0
0.562147 10
0.567883 13.0769
0.573619 13.8571
0.579355 5.66667
0.585091 10.3077
0.590828 5.45455
0.596564 -1.5
0.6023 8.76923
0.608036 20.5385
0.613772 5.8
0.619509 20.625
0.625245 11.4615
0.630981 18.8889
0.636717 11.75
0.642453 12.6154
0.64819 18.7692
0.653926 4
0.659662 18.1333
0.665398 22.2667
0.671134 26.7143
0.67687 19.125
0.682607 19.9333
0.688343 21.5455
0.694079 17.5
0.699815 26.0667
0.705551 12.9333
0.711288 16
0.717024 28.0714
0.72276 18.1333
0.728496 12.2222
0.734232 23.1667
0.739969 22.125
0.745705 26.0769
0.751441 33.3333
0.757177 22.2941
0.762913 19.8235
0.76865 32.8
0.774386 11.1667
0.780122 17.1176
0.785858 17.4545
0.791594 30.3333
0.79733 18.4118
0.803067 17
0.808803 35
0.814539 23.8235
0.820275 22.8824
0.826011 18.5556
0.831748 23.5
0.837484 20.6111
0.84322 19
0.848956 9.66667
0.854692 16.2105
0.860429 18.6471
0.866165 21.4
0.871901 17.9375
0.877637 18.1053
0.883373 22.3636
0.88911 23.25
0.894846 24.7895
0.900582 22.1333
0.906318 31.25
0.912054 12.6316
0.91779 21.1176
0.923527 26.4444
0.929263 18.8462
0.934999 26.5
0.940735 21
0.946471 24.5
0.952208 23.5714
0.957944 24.9412
0.96368 14.25
0.969416 22.6667
0.975152 20.3158
0.980889 23.5455
0.986625 17.1667
0.992361 17.3333
0.998097 23.8
1.00383 28.3333
1.00957 19.2381
1.01531 13.1176
1.02104 10.6
1.02678 19.6471
1.03251 18.0476
1.03825 20.2308
1.04399 20.3333
1.04972 25.3913
1.05546 21.5882
1.0612 14.1667
1.06693 18.1304
1.07267 23.5789
1.0784 28.6154
1.08414 22.0714
1.08988 17.8696
1.09561 22.9333
1.10135 19.625
1.10708 18.2609
1.11282 25.9412
1.11856 16.7143
1.12429 19.2917
1.13003 18.1905
1.13577 11.6
1.1415 15
1.14724 20.32
1.15297 17.6
1.15871 15.6
1.16445 14.56
1.17018 13.9474
1.17592 20.4615
1.18166 22.9444
1.18739 14.7391
1.19313 15.9333
1.19886 14.0833
1.2046 21.04
1.21034 15.2778
1.21607 19.3333
1.22181 14.2963
1.22754 15.9524
1.23328 19.7647
1.23902 14.5
1.24475 18.64
1.25049 16.2353
1.25623 13
1.26196 22.5926
1.2677 17.8421
1.27343 16.5385
1.27917 23.7727
1.28491 19.087
1.29064 13.5882
1.29638 15.4
1.30212 16.4815
1.30785 25.8333
1.31359 26
1.31932 20.6552
1.32506 24.1905
1.3308 12.4706
1.33653 20.65
1.34227 24.8
1.348 14.6316
1.35374 15.8571
1.35948 19.1481
1.36521 20
1.37095 17.2
1.37669 23.7586
1.38242 13.913
1.38816 20.7647
1.39389 17.7895
1.39963 20.7778
1.40537 13.3
1.4111 13.3571
1.41684 18.9655
1.42258 22.087
1.42831 13.0588
1.43405 17.2917
1.43978 21.96
1.44552 13.8095
1.45126 13.3125
1.45699 19.5517
1.46273 22.0476
1.46846 20
1.4742 18.9677
1.47994 17.2174
1.48567 12.65
1.49141 19.1429
1.49715 21.5556
1.50288 17.6818
1.50862 22.5
1.51435 19.8621
1.52009 18.44
1.52583 20.4
1.53156 24.7667
1.5373 15.4
1.54304 19.7143
1.54877 23.35
1.55451 21.8276
1.56024 23.0435
1.56598 18.7857
1.57172 20.4194
1.57745 21.4231
1.58319 21.1
1.58892 13.92
1.59466 16.3333
1.6004 14.96
1.60613 23.7222
1.61187 14.9677
1.61761 18.4
1.62334 26
1.62908 20.1212
1.63481 15.8148
1.64055 23
1.64629 17.9091
1.65202 17
1.65776 21.24
1.6635 22.5
1.66923 18.8387
1.67497 18.0714
1.6807 17.95
1.68644 16.8929
1.69218 13.5357
1.69791 17.2
1.70365 20.8182
1.70938 21.5484
1.71512 24
1.72086 6.1875
1.72659 17.0606
1.73233 20.7241
1.73807 18.2174
1.7438 13.9615
1.74954 14.8621
1.75527 20.7407
1.76101 18.1053
1.76675 21.9697
1.77248 21.4643
1.77822 17.75
1.78396 19.4
1.78969 20.0323
1.79543 17.4074
1.80116 26.7917
1.8069 19.8387
1.81264 16.7586
1.81837 27.2222
1.82411 16.4
1.82984 20.5517
1.83558 21.72
1.84132 21.7692
1.84705 18.5161
1.85279 19.2857
1.85853 18.3043
1.86426 22.1818
1.87 16.7667
1.87573 18.5882
1.88147 21.2857
1.88721 15.9697
1.89294 24.963
1.89868 25.1538
1.90442 23.3333
1.91015 18.0968
1.91589 23.15
1.92162 21.7143
1.92736 21.871
1.9331 25.76
1.93883 20.5
1.94457 18.9394
1.9503 23.9667
1.95604 26.4583
1.96178 17.6471
1.96751 23.6875
1.97325 20
1.97899 16.8919
1.98472 21.8182
1.99046 23.0345
1.99619 23.5769
2.00193 15.2857
2.00767 17.4839
2.0134 18.5
2.01914 23.5143
2.02488 18.697
2.03061 22.88
2.03635 15.875
2.04208 20.7647
2.04782 22.25
2.05356 20.625
2.05929 21.3889
2.06503 18.7353
2.07076 25.5
2.0765 18.4324
2.08224 24.2571
2.08797 25.1379
2.09371 19.5714
2.09945 17.1622
2.10518 18.3636
2.11092 16.125
2.11665 20.2973
2.12239 22.6857
2.12813 17.5652
2.13386 21.4054
2.1396 23.1389
2.14534 19.4062
2.15107 21.8846
2.15681 21.2368
2.16254 18.8889
2.16828 18.4091
2.17402 21.1538
2.17975 16
2.18549 18.2258
2.19122 20
2.19696 21.2973
2.2027 31.4
2.20843 23.2917
2.21417 55.9231
2.21991 45.8378
2.22564 14.9091
2.23138 23.85
2.23711 20
2.24285 16.7941
2.24859 22.2143
2.25432 20.0789
2.26006 20.4872
2.2658 20.8636
2.27153 21.4146
2.27727 16.4103
2.283 19.4516
2.28874 21.8438
2.29448 17.7179
2.30021 26.4324
2.30595 22
2.31168 23.4615
2.31742 15.225
2.32316 14.6364
2.32889 25.619
2.33463 24.375
2.34037 23.8056
2.3461 29.2143
2.35184 29.1429
2.35757 27.3784
2.36331 28.5385
2.36905 31.2439
2.37478 27.3902
2.38052 26.3871
2.38626 22.6765
2.39199 26.3256
2.39773 19.4595
2.40346 24.7692
2.4092 24.2955
2.41494 22.525
2.42067 24.2273
2.42641 22.4318
2.43214 28.381
2.43788 27.8571
2.44362 22.6452
2.44935 20.7333
2.45509 23.7179
2.46083 21.1154
2.46656 22.5778
2.4723 20.6829
2.47803 19.6207
2.48377 25.4
2.48951 20.5581
2.49524 24.8718
2.50098 18.7308
2.50672 18.9783
2.51245 22.4762
2.51819 26.125
2.52392 22.9783
2.52966 25.4545
2.5354 28.4545
2.54113 22.3429
2.54687 26.3333
2.5526 25.1463
2.55834 27.0385
2.56408 25.8511
2.56981 25.093
2.57555 26
2.58129 21.9762
2.58702 19.3556
2.59276 23.2703
2.59849 16.3333
2.60423 25.5435
2.60997 24.3409
2.6157 25.1667
2.62144 22.5833
2.62718 25
2.63291 23.6
2.63865 22.1944
2.64438 25.4255
2.65012 21.3902
2.65586 25.8333
2.66159 28.4255
2.66733 20.6444
2.67306 21.84
2.6788 19.4167
2.68454 20.3333
2.69027 19.1026
2.69601 19.3636
2.70175 23.1042
2.70748 21.1111
2.71322 20.9259
2.71895 22.6667
2.72469 20.875
2.73043 20.6857
2.73616 19.4211
2.7419 23
2.74764 27.8605
2.75337 23.7667
2.75911 24.2857
2.76484 18.4286
2.77058 17.9167
2.77632 24.8776
2.78205 24.16
2.78779 22.6923
2.79352 25.1714
2.79926 24.7885
2.805 28.7556
2.81073 24.6667
2.81647 24.1346
2.82221 25.9184
2.82794 25.3514
2.83368 27.2368
2.83941 25.3962
2.84515 26.122
2.85089 24.75
2.85662 30.5094
2.86236 28.5918
2.8681 23.2917
2.87383 27.4259
2.87957 27.48
2.8853 26
2.89104 27
2.89678 25.1538
2.90251 27.2889
2.90825 21.3448
2.91398 25.2593
2.91972 27.0392
2.92546 26.8378
2.93119 28.7857
2.93693 26.9623
2.94267 25.8
2.9484 27.4688
2.95414 25.1887
2.95987 29.449
2.96561 20.8889
2.97135 26.9643
2.97708 26.5556
2.98282 25.0513
2.98856 25.8974
2.99429 28.0185
3.00003 30.2128
3.00576 33.3548
3.0115 31.2
3.01724 32.8302
3.02297 33.3784
3.02871 26.25
3.03444 31.6
3.04018 31.1778
3.04592 24.2647
3.05165 28.3818
3.05739 26.3137
3.06313 29.8276
3.06886 28.9821
3.0746 29.6727
3.08033 31.7045
3.08607 28.4054
3.09181 30.3571
3.09754 30.5918
3.10328 29.6452
3.10902 34.6271
3.11475 36.7358
3.12049 29.8974
3.12622 33.6087
3.13196 34.0182
3.1377 33.4894
3.14343 36.9444
3.14917 33.4483
3.1549 30.8039
3.16064 29.7586
3.16638 35.9667
3.17211 34.1818
3.17785 35.7955
3.18359 35.6341
3.18932 35.8966
3.19506 34.3469
3.20079 37.7647
3.20653 34.661
3.21227 34.5283
3.218 40.2927
3.22374 34.0625
3.22948 35.678
3.23521 36.5556
3.24095 35.3846
3.24668 37.9167
3.25242 39.9057
3.25816 35.7647
3.26389 37.5965
3.26963 36.6667
3.27536 36.587
3.2811 39.0488
3.28684 38.9167
3.29257 38.8571
3.29831 36.0556
3.30405 41.3175
3.30978 42.6182
3.31552 45.186
3.32125 46.5208
3.32699 45.6842
3.33273 46.4118
3.33846 46.359
3.3442 46.5323
3.34994 46.7255
3.35567 44.7632
3.36141 44.3559
3.36714 47.9123
3.37288 43.25
3.37862 40.7442
3.38435 43.1148
3.39009 45.3019
3.39582 50.6111
3.40156 44.5714
3.4073 46.8545
3.41303 46.9149
3.41877 44.3542
3.42451 49.1803
3.43024 43.12
3.43598 45.6098
3.44171 45.8413
3.44745 47.6964
3.45319 47.4048
3.45892 46.6
3.46466 52.4068
3.4704 47.4
3.47613 49.5814
3.48187 50.5714
3.4876 43.3208
3.49334 47.0263
3.49908 45.5522
3.50481 49.0351
3.51055 50
3.51628 53.1961
3.52202 59.0656
3.52776 57.463
3.53349 55.9024
3.53923 63.1538
3.54497 72.5556
3.5507 81.0417
3.55644 76.2364
3.56217 67.1695
3.56791 59.2308
3.57365 58.4565
3.57938 55.6308
3.58512 56.2
3.59086 55.3421
3.59659 54.3433
3.60233 57.0678
3.60806 56.5294
3.6138 60.9796
3.61954 59.2698
3.62527 61.1786
3.63101 61.4634
3.63674 71.5075
3.64248 77.0345
3.64822 77.1042
3.65395 80.2807
3.65969 86.4098
3.66543 74.3889
3.67116 75.8913
3.6769 78.254
3.68263 77.4918
3.68837 78.2105
3.69411 79.4058
3.69984 76.6102
3.70558 74.3889
3.71132 77.2745
3.71705 81.6
3.72279 80.5357
3.72852 73.1628
3.73426 78.7761
3.74 83.6936
3.74573 86.18
3.75147 84.5273
3.7572 83.7778
3.76294 88.1186
3.76868 88.3182
3.77441 86.209
3.78015 95.4915
3.78589 97.4468
3.79162 104.422
3.79736 108.109
3.80309 102.946
3.80883 116.196
3.81457 116
3.8203 130.4
3.82604 140.907
3.83178 154.623
3.83751 177.323
3.84325 216.607
3.84898 324.019
3.85472 502.905
3.86046 495.295
3.86619 406.761
3.87193 566.594
3.87766 766.525
3.8834 1008.37
3.88914 1289.63
3.89487 1526.33
3.90061 1362.75
3.90635 1118.27
3.91208 832.97
3.91782 584.812
3.92355 445.366
3.92929 359.662
3.93503 279.344
3.94076 233.172
3.9465 207.537
3.95224 177.97
3.95797 162.635
3.96371 147.413
3.96944 139.127
3.97518 132.81
3.98092 130.286
3.98665 118.103
3.99239 118.809
3.99812 113.161
4.00386 110.061
4.0096 107.072
4.01533 107.391
4.02107 104.3
4.02681 104.848
4.03254 104.182
4.03828 102.1
4.04401 96.0769
4.04975 97.8873
4.05549 94.9385
4.06122 94.3478
4.06696 96.8696
4.0727 92.1857
4.07843 91.3333
4.08417 87.7143
4.0899 86.1618
4.09564 93.1094
4.10138 82.84
4.10711 89.6806
4.11285 88.1818
4.11858 89.2321
4.12432 87.5161
4.13006 84.1029
4.13579 87.3016
4.14153 86.7692
4.14727 87.3014
4.153 86.4925
4.15874 83.9545
4.16447 84.2192
4.17021 86.4861
4.17595 81.8871
4.18168 87.625
4.18742 84.9714
4.19316 90.4394
4.19889 84.06
4.20463 98.1351
4.21036 92.8088
4.2161 94.3167
4.22184 88.6897
4.22757 97.8333
4.23331 89.7761
4.23904 85.38
4.24478 85.52
4.25052 89.1739
4.25625 87.6071
4.26199 89.6719
4.26773 89.8889
4.27346 92.5152
4.2792 89.6964
4.28493 88.1944
4.29067 91.2143
4.29641 86.9375
4.30214 86.0263
4.30788 89.4429
4.31362 88.8281
4.31935 93.1964
4.32509 92.9189
4.33082 96.6957
4.33656 93.32
4.3423 97.1067
4.34803 103.689
4.35377 102.806
4.3595 103.617
4.36524 107.405
4.37098 107.071
4.37671 108.185
4.38245 113.392
4.38819 120.556
4.39392 123.491
4.39966 128.029
4.40539 128.958
4.41113 138.824
4.41687 143.463
4.4226 148.532
4.42834 209.452
4.43408 315.146
4.43981 578.481
4.44555 1363.13
4.45128 811.415
4.45702 1278.42
4.46276 466.618
4.46849 269.542
4.47423 285.333
4.47996 285.658
4.4857 285.824
4.49144 305.969
4.49717 321.889
4.50291 325.039
4.50865 326.029
4.51438 297.75
4.52012 269.367
4.52585 231.053
4.53159 199.158
4.53733 172.113
4.54306 157.238
4.5488 137.328
4.55454 127.316
4.56027 117.762
4.56601 108.5
4.57174 103.577
4.57748 99.0256
4.58322 94.0385
4.58895 93.6269
4.59469 87.6393
4.60042 82.8462
4.60616 84.8133
4.6119 86.98
4.61763 81.1807
4.62337 83.6667
4.62911 82.7936
4.63484 80.9385
4.64058 78.3659
4.64631 77.1389
4.65205 73.125
4.65779 70.775
4.66352 71.641
4.66926 70.7705
4.675 68.8028
4.68073 67.9872
4.68647 70.9315
4.6922 66.193
4.69794 69.1875
4.70368 72.6623
4.70941 69.02
4.71515 69.2824
4.72088 71.2
4.72662 71.5942
4.73236 67.0794
4.73809 67.7073
4.74383 67.7821
4.74957 70.3462
4.7553 66.881
4.76104 64.8
4.76677 64.5224
4.77251 63.6615
4.77825 64.3293
4.78398 64.3333
4.78972 63.7273
4.79546 61.0706
4.80119 59.1392
4.80693 61.7231
4.81266 56.4225
4.8184 55.8929
4.82414 59.1918
4.82987 57.7049
4.83561 58.2024
4.84134 60.35
4.84708 60.6415
4.85282 61.7294
4.85855 63.4878
4.86429 58.2535
4.87003 58.623
4.87576 56.1512
4.8815 56.8462
4.88723 55.9259
4.89297 55.0588
4.89871 52.1548
4.90444 55.831
4.91018 54.4328
4.91592 53.7024
4.92165 54.6835
4.92739 55.4912
4.93312 55.1628
4.93886 55.5476
4.9446 50.4776
4.95033 53.8028
4.95607 56.6395
4.9618 56.7013
4.96754 52.661
4.97328 52.8605
4.97901 58.5181
4.98475 54.5902
4.99049 53.5513
4.99622 53.8977
5.00196 51.2055
5.00769 52.4762
5.01343 54.6136
5.01917 53.012
5.0249 52.1887
5.03064 52.4667
5.03638 48.1279
5.04211 51.32
5.04785 50.7846
5.05358 49.9767
5.05932 54.5062
5.06506 51.614
5.07079 54.2273
5.07653 48.8966
5.08226 51.0563
5.088 49.7324
5.09374 51.1444
5.09947 48.6364
5.10521 50.619
5.11095 48.3222
5.11668 48.6588
5.12242 51.3939
5.12815 51.1299
5.13389 51.0111
5.13963 51.3507
5.14536 45.623
5.1511 51.0761
5.15684 54.9639
5.16257 48.5161
5.16831 50.9167
5.17404 48.236
5.17978 50.0897
5.18552 51.8657
5.19125 48.6444
5.19699 52.8434
5.20272 47.9322
5.20846 49.3587
5.2142 48.6854
5.21993 54.8421
5.22567 51.7681
5.23141 50.8696
5.23714 51.7778
5.24288 46.7049
5.24861 45.3261
5.25435 48.1685
5.26009 46.4857
5.26582 49.0921
5.27156 50.2418
5.2773 49.475
5.28303 48.6
5.28877 49.8936
5.2945 50.6322
5.30024 52.3056
5.30598 51.3544
5.31171 48.7978
5.31745 52.7439
5.32318 52.4462
5.32892 50.9043
5.33466 50.1149
5.34039 48.7121
5.34613 50.3765
5.35187 49.3187
5.3576 49.2469
5.36334 50.1642
5.36907 51.5208
5.37481 53.6941
5.38055 53.5082
5.38628 53.6875
5.39202 52.2637
5.39776 57.25
5.40349 52.6901
5.40923 54.5521
5.41496 50.7531
5.4207 54.8571
5.42644 49.7143
5.43217 48.0449
5.43791 50.4103
5.44364 52.0822
5.44938 53.1443
5.45512 55.8415
5.46085 52.2687
5.46659 51.0714
5.47233 48.4831
5.47806 50.1711
5.4838 49.0741
5.48953 50.7957
5.49527 51.131
5.50101 50.7612
5.50674 50.9286
5.51248 52.5506
5.51822 55.0811
5.52395 48.6747
5.52969 53.3548
5.53542 49.3333
5.54116 53.3824
5.5469 52.3131
5.55263 47.2
5.55837 47.2917
5.5641 46.5506
5.56984 50.2903
5.57558 48.869
5.58131 51.411
5.58705 49.8485
5.59279 56.0114
5.59852 53.7937
5.60426 52.44
5.60999 52.5591
5.61573 49.0732
5.62147 52.7067
5.6272 52.3093
5.63294 50.1047
5.63868 46.9403
5.64441 51.9804
5.65015 53.8925
5.65588 55.8095
5.66162 53.1948
5.66736 55.0808
5.67309 54.1047
5.67883 50.913
5.68456 52.8317
5.6903 55.3111
5.69604 53.9146
5.70177 55.3373
5.70751 55.9053
5.71325 56.1477
5.71898 55.2394
5.72472 56.2323
5.73045 59.4409
5.73619 57.225
5.74193 53.7191
5.74766 56.3789
5.7534 55.6818
5.75914 53.7465
5.76487 57.5941
5.77061 55.617
5.77634 59
5.78208 56.3483
5.78782 53.4536
5.79355 59.3837
5.79929 61
5.80502 60.4653
5.81076 59.4348
5.8165 57.5811
5.82223 57.6667
5.82797 59.8673
5.83371 59.2791
5.83944 59.6582
5.84518 55.8081
5.85091 60.3333
5.85665 56.8769
5.86239 59.5238
5.86812 57.2347
5.87386 61.0116
5.8796 59.7215
5.88533 59
5.89107 58.0761
5.8968 54.0145
5.90254 58.6381
5.90828 61.3163
5.91401 63.1163
5.91975 60.0361
5.92548 59.5455
5.93122 58.9681
5.93696 60.1233
5.94269 57.1048
5.94843 61.5417
5.95417 65.1932
5.9599 61.0471
5.96564 62.1818
5.97137 63.2766
5.97711 64.0411
5.98285 63.9029
5.98858 65.6939
5.99432 67.5238
6.00006 67.0449
6.00579 69.6465
6.01153 71.1383
6.01726 72.0667
6.023 71.6381
6.02874 71.2708
6.03447 71.5568
6.04021 68.9444
6.04594 70.0408
6.05168 65.0625
6.05742 64.3506
6.06315 65.3238
6.06889 70.8125
6.07463 73.1429
6.08036 71.5426
6.0861 72.2959
6.09183 76.7083
6.09757 76.0769
6.10331 77.1698
6.10904 73.3646
6.11478 77.4302
6.12052 74.7917
6.12625 75.08
6.13199 81.9574
6.13772 78.4268
6.14346 80.9216
6.1492 78.9
6.15493 81.65
6.16067 80.3333
6.1664 83.4592
6.17214 86.6809
6.17788 86.2738
6.18361 86.4608
6.18935 90.0909
6.19509 89.6667
6.20082 93.9817
6.20656 93.1863
6.21229 96.0729
6.21803 98.8659
6.22377 96.9434
6.2295 103.59
6.23524 111.493
6.24098 105.78
6.24671 111.392
6.25245 124.67
6.25818 127.837
6.26392 122.167
6.26966 181.627
6.27539 438.6
6.28113 180.587
6.28686 1786.87
6.2926 5672.54
6.29834 649.102
6.30407 1055.85
6.30981 706.294
6.31555 424.321
6.32128 212.796
6.32702 194.856
6.33275 187.146
6.33849 186.102
6.34423 179.981
6.34996 189.422
6.3557 206.141
6.36144 214.537
6.36717 245.471
6.37291 266.389
6.37864 273.3
6.38438 252.491
6.39012 240.961
6.39585 213.288
6.40159 192.935
6.40732 169.426
6.41306 150.904
6.4188 142.304
6.42453 123.632
6.43027 124.059
6.43601 115.768
6.44174 115.66
6.44748 113.37
6.45321 107.223
6.45895 110.739
6.46469 102.771
6.47042 108.398
6.47616 97.9286
6.4819 99.3364
6.48763 95.963
6.49337 91.1398
6.4991 92.5158
6.50484 93.1204
6.51058 91.7255
6.51631 92
6.52205 89.3636
6.52778 88.1667
6.53352 89.1957
6.53926 92.1667
6.54499 86.3889
6.55073 90.6863
6.55647 89.119
6.5622 86.2655
6.56794 93.1759
6.57367 87.4516
6.57941 87.6421
6.58515 86.7679
6.59088 90.4904
6.59662 89.3452
6.60236 84.7018
6.60809 84.7924
6.61383 85.4086
6.61956 84.9897
6.6253 87.8304
6.63104 86.3627
6.63677 81.1628
6.64251 83.8684
6.64824 86.7196
6.65398 84.3956
6.65972 83.8726
6.66545 84.4464
6.67119 82.4135
6.67693 83.1047
6.68266 84.2069
6.6884 86.7685
6.69413 83.3516
6.69987 84.699
6.70561 86.4911
6.71134 85.4135
6.71708 82.1023
6.72282 82.886
6.72855 84.2593
6.73429 86.0337
6.74002 85.4528
6.74576 86.9044
6.7515 88.3786
6.75723 86.4045
6.76297 82.4828
6.7687 82.5357
6.77444 84.8315
6.78018 81.6286
6.78591 84.6034
6.79165 83.4766
6.79739 88.069
6.80312 83.0526
6.80886 84.6964
6.81459 85.8791
6.82033 86.6286
6.82607 85.4052
6.8318 84.2
6.83754 79.7045
6.84328 83.0855
6.84901 83.8125
6.85475 83.2747
6.86048 84.6881
6.86622 82.4397
6.87196 84.7383
6.87769 78.1494
6.88343 85.9492
6.88916 83.5
6.8949 80.931
6.90064 87.2212
6.90637 86.2719
6.91211 88.2336
6.91785 87.7931
6.92358 86.3058
6.92932 89.0885
6.93505 84.2472
6.94079 82.9646
6.94653 85.1638
6.95226 85.8224
6.958 87.7692
6.96374 86.5417
6.96947 86.0877
6.97521 84.5824
6.98094 83.3063
6.98668 83.819
6.99242 88.2202
6.99815 85.7303
7.00389 87.2833
7.00962 84.6897
7.01536 83.3152
7.0211 84.2545
7.02683 86.4297
7.03257 89.2056
7.03831 88.4946
7.04404 87.2869
7.04978 90.1217
7.05551 89.4255
7.06125 91.8716
7.06699 92.5164
7.07272 91.633
7.07846 90.9663
7.0842 91.8934
7.08993 92.319
7.09567 91.7849
7.1014 93.8938
7.10714 93.0588
7.11288 93.8991
7.11861 93.7609
7.12435 93.3952
7.13008 95.1367
7.13582 99.8646
7.14156 97.7027
7.14729 94.3333
7.15303 96.2202
7.15877 97.5269
7.1645 93.6694
7.17024 93.7815
7.17597 99.0306
7.18171 97.0093
7.18745 97.0984
7.19318 97.991
7.19892 97.3804
7.20466 95.1417
7.21039 97.359
7.21613 102.768
7.22186 101.789
7.2276 106.278
7.23334 106.333
7.23907 103.22
7.24481 101.397
7.25054 105.261
7.25628 106.84
7.26202 105.847
7.26775 107.713
7.27349 109.135
7.27923 103.925
7.28496 109.976
7.2907 109.193
7.29643 110.408
7.30217 108.019
7.30791 110.226
7.31364 115.41
7.31938 110.888
7.32512 115.562
7.33085 122.025
7.33659 126.452
7.34232 120.248
7.34806 123.869
7.3538 133.324
7.35953 124.29
7.36527 144.109
7.371 181.62
7.37674 430.048
7.38248 180.464
7.38821 1523.63
7.39395 1176.41
7.39969 669.196
7.40542 1363.19
7.41116 569.268
7.41689 359.481
7.42263 232.065
7.42837 206.667
7.4341 194.092
7.43984 183.876
7.44558 193.597
7.45131 203.421
7.45705 222.491
7.46278 231.524
7.46852 258.677
7.47426 286.229
7.47999 292.444
7.48573 289.977
7.49146 267.8
7.4972 241.818
7.50294 218.71
7.50867 195.273
7.51441 178.471
7.52015 159.484
7.52588 151.545
7.53162 140.176
7.53735 134.295
7.54309 123.573
7.54883 120.553
7.55456 114.857
7.5603 118.333
7.56604 113.415
7.57177 105.336
7.57751 104.374
7.58324 103.461
7.58898 101.947
7.59472 95.7705
7.60045 101.22
7.60619 96.9919
7.61192 96.9535
7.61766 95.8017
7.6234 92.6139
7.62913 92.2955
7.63487 92.9339
7.64061 93.3922
7.64634 92.2683
7.65208 93.4961
7.65781 91.6302
7.66355 89.4286
7.66929 92.6119
7.67502 89.9839
7.68076 89.717
7.6865 86.7731
7.69223 93.3435
7.69797 95.6864
7.7037 91.2079
7.70944 97.2463
7.71518 116.447
7.72091 154.709
7.72665 194.906
7.73238 422.643
7.73812 157.959
7.74386 146.041
7.74959 162.797
7.75533 126.103
7.76107 118.045
7.7668 115.307
7.77254 117.26
7.77827 122.352
7.78401 125.535
7.78975 134.896
7.79548 141.148
7.80122 160.422
7.80696 163.91
7.81269 170.173
7.81843 162.218
7.82416 149.442
7.8299 140.336
7.83564 125.836
7.84137 116.923
7.84711 104.191
7.85284 99.7481
7.85858 96.6457
7.86432 92.6082
7.87005 88.8777
7.87579 86.5703
7.88153 82.6229
7.88726 82.6168
7.893 81.5852
7.89873 80.5234
7.90447 82.3726
7.91021 80.3459
7.91594 81.1832
7.92168 80.4333
7.92742 78.8302
7.93315 76.9343
7.93889 77.3858
7.94462 73.7168
7.95036 74.1322
7.9561 74.8864
7.96183 72.9762
7.96757 69.7714
7.9733 69.4526
7.97904 69.4308
7.98478 75.4554
7.99051 70.312
7.99625 71.3158
8.00199 70.4194
8.00772 68.8119
8.01346 71.0719
8.01919 68.2632
8.02493 68.9748
8.03067 70.1858
8.0364 67.1985
8.04214 73.7717
8.04788 71.1359
8.05361 71.1942
8.05935 72.5662
8.06508 67.6186
8.07082 71.4359
8.07656 66.7007
8.08229 68.375
8.08803 66.1414
8.09376 64.3916
8.0995 61.0985
8.10524 57.8699
8.11097 56.1681
8.11671 51.6594
8.12245 48.0233
8.12818 48.2613
8.13392 41.6894
8.13965 40.8832
8.14539 36.5
8.15113 36.4685
8.15686 15.8394
8.1626 17.284
8.16834 19.9153
8.17407 14.6316
8.17981 0.631579
8.18554 0
8.19128 0
8.19702 0
8.20275 0
8.20849 0
8.21422 0
8.21996 0
8.2257 0
8.23143 0
8.23717 0
8.24291 0
8.24864 0
8.25438 0
8.26011 0
8.26585 0
8.27159 0
8.27732 0
8.28306 0
8.2888 0
8.29453 0
8.30027 0
8.306 0
8.31174 0
8.31748 0
8.32321 0
8.32895 0
8.33468 0
8.34042 0
8.34616 0
8.35189 0
8.35763 0
8.36337 0
8.3691 0
8.37484 0
8.38057 0
8.38631 0
8.39205 0
8.39778 0
8.40352 0
8.40926 0
8.41499 0
8.42073 0
8.42646 0
8.4322 0
8.43794 0
8.44367 0
8.44941 0
8.45514 0
8.46088 0
8.46662 0
8.47235 0
8.47809 0
8.48383 0
8.48956 0
8.4953 0
8.50103 0
8.50677 0
8.51251 0
8.51824 0
8.52398 0
8.52972 0
8.53545 0
8.54119 0
8.54692 0
8.55266 0
8.5584 0
8.56413 0
8.56987 0
8.5756 0
8.58134 0
8.58708 0
8.59281 0
8.59855 0
8.60429 0
8.61002 0
8.61576 0
8.62149 0
8.62723 0
8.63297 0
8.6387 0
8.64444 0
8.65018 0
8.65591 0
8.66165 0
8.66738 0
8.67312 0
8.67886 0
8.68459 0
8.69033 0
8.69606 0
8.7018 0
8.70754 0
8.71327 0
8.71901 0
8.72475 0
8.73048 0
8.73622 0
8.74195 0
8.74769 0
8.75343 0
8.75916 0
8.7649 0
8.77064 0
8.77637 0
8.78211 0
8.78784 0
8.79358 0
8.79932 0
8.80505 0
8.81079 0
8.81652 0
8.82226 0
8.828 0
8.83373 0
8.83947 0
8.84521 0
8.85094 0
8.85668 0
8.86241 0
8.86815 0
8.87389 0
8.87962 0
8.88536 0
8.8911 0
8.89683 0
8.90257 0
8.9083 0
8.91404 0
8.91978 0
8.92551 0
8.93125 0
8.93698 0
8.94272 0
8.94846 0
8.95419 0
8.95993 0
8.96567 0
8.9714 0
8.97714 0
8.98287 0
8.98861 0
8.99435 0
9.00008 0
9.00582 0
9.01156 0
9.01729 0
9.02303 0
9.02876 0
9.0345 0
9.04024 0
9.04597 0
9.05171 0
9.05744 0
9.06318 0
9.06892 0
9.07465 0
9.08039 0
9.08613 0
9.09186 0
9.0976 0
9.10333 0
9.10907 0
9.11481 0
9.12054 0
9.12628 0
9.13202 0
9.13775 0
9.14349 0
9.14922 0
9.15496 0
9.1607 0
9.16643 0
9.17217 0
9.1779 0
9.18364 0
9.18938 0
9.19511 0
9.20085 0
9.20659 0
9.21232 0
9.21806 0
9.22379 0
9.22953 0
9.23527 0
9.241 0
9.24674 0
9.25248 0
9.25821 0
9.26395 0
9.26968 0
9.27542 0
9.28116 0
9.28689 0
9.29263 0
9.29836 0
9.3041 0
9.30984 0
9.31557 0
9.32131 0
9.32705 0
9.33278 0
9.33852 0
9.34425 0
9.34999 0
9.35573 0
9.36146 0
9.3672 0
9.37294 0
9.37867 0
9.38441 0
9.39014 0
9.39588 0
9.40162 0
9.40735 0
9.41309 0
9.41882 0
9.42456 0
9.4303 0
9.43603 0
9.44177 0
9.44751 0
9.45324 0
9.45898 0
9.46471 0
9.47045 0
9.47619 0
9.48192 0
9.48766 0
9.4934 0
9.49913 0
9.50487 0
9.5106 0
9.51634 0
9.52208 0
9.52781 0
9.53355 0
9.53928 0
9.54502 0
9.55076 0
9.55649 0
9.56223 0
9.56797 0
9.5737 0
9.57944 0
9.58517 0
9.59091 0
9.59665 0
9.60238 0
9.60812 0
9.61386 0
9.61959 0
9.62533 0
9.63106 0
9.6368 0
9.64254 0
9.64827 0
9.65401 0
9.65974 0
9.66548 0
9.67122 0
9.67695 0
9.68269 0
9.68843 0
9.69416 0
9.6999 0
9.70563 0
9.71137 0
9.71711 0
9.72284 0
9.72858 0
9.73432 0
9.74005 0
9.74579 0
9.75152 0
9.75726 0
9.763 0
9.76873 0
9.77447 0
9.7802 0
9.78594 0
9.79168 0
9.79741 0
9.80315 0
9.80889 0
9.81462 0
9.82036 0
9.82609 0
9.83183 0
9.83757 0
9.8433 0
9.84904 0
9.85478 0
9.86051 0
9.86625 0
9.87198 0
9.87772 0
9.88346 0
9.88919 0
9.89493 0
9.90066 0
9.9064 0
9.91214 0
9.91787 0
9.92361 0
9.92935 0
9.93508 0
9.94082 0
9.94655 0
9.95229 0
9.95803 0
9.96376 0
9.9695 0
9.97524 0
9.98097 0
9.98671 0
9.99244 0
9.99818 0
10.0039 0
10.0097 0
10.0154 0
10.0211 0
10.0269 0
10.0326 0
10.0383 0
10.0441 0
10.0498 0
10.0555 0
10.0613 0
10.067 0
10.0728 0
10.0785 0
10.0842 0
10.09 0
10.0957 0
10.1014 0
10.1072 0
10.1129 0
10.1186 0
10.1244 0
10.1301 0
10.1358 0
10.1416 0
10.1473 0
10.1531 0
10.1588 0
10.1645 0
10.1703 0
10.176 0
10.1817 0
10.1875 0
10.1932 0
10.1989 0
10.2047 0
10.2104 0
10.2162 0
10.2219 0
10.2276 0
10.2334 0
10.2391 0
10.2448 0
10.2506 0
10.2563 0
10.262 0
10.2678 0
10.2735 0
10.2793 0
10.285 0
10.2907 0
10.2965 0
10.3022 0
10.3079 0
10.3137 0
10.3194 0
10.3251 0
10.3309 0
10.3366 0
10.3424 0
10.3481 0
10.3538 0
10.3596 0
10.3653 0
10.371 0
10.3768 0
10.3825 0
10.3882 0
10.394 0
10.3997 0
10.4054 0
10.4112 0
10.4169 0
10.4227 0
10.4284 0
10.4341 0
10.4399 0
10.4456 0
10.4513 0
10.4571 0
10.4628 0
10.4685 0
10.4743 0
10.48 0
10.4858 0
10.4915 0
10.4972 0
10.503 0
10.5087 0
10.5144 0
10.5202 0
10.5259 0
10.5316 0
10.5374 0
10.5431 0
10.5489 0
10.5546 0
10.5603 0
10.5661 0
10.5718 0
10.5775 0
10.5833 0
10.589 0
10.5947 0
10.6005 0
10.6062 0
10.612 0
10.6177 0
10.6234 0
10.6292 0
10.6349 0
10.6406 0
10.6464 0
10.6521 0
10.6578 0
10.6636 0
10.6693 0
10.6751 0
10.6808 0
10.6865 0
10.6923 0
10.698 0
10.7037 0
10.7095 0
10.7152 0
10.7209 0
10.7267 0
10.7324 0
10.7381 0
10.7439 0
10.7496 0
10.7554 0
10.7611 0
10.7668 0
10.7726 0
10.7783 0
10.784 0
10.7898 0
10.7955 0
10.8012 0
10.807 0
10.8127 0
10.8185 0
10.8242 0
10.8299 0
10.8357 0
10.8414 0
10.8471 0
10.8529 0
10.8586 0
10.8643 0
10.8701 0
10.8758 0
10.8816 0
10.8873 0
10.893 0
10.8988 0
10.9045 0
10.9102 0
10.916 0
10.9217 0
10.9274 0
10.9332 0
10.9389 0
10.9447 0
10.9504 0
10.9561 0
10.9619 0
10.9676 0
10.9733 0
10.9791 0
10.9848 0
10.9905 0
10.9963 0
11.002 0
11.0077 0
11.0135 0
11.0192 0
11.025 0
11.0307 0
11.0364 0
11.0422 0
11.0479 0
11.0536 0
11.0594 0
11.0651 0
11.0708 0
11.0766 0
11.0823 0
11.0881 0
11.0938 0
11.0995 0
11.1053 0
11.111 0
11.1167 0
11.1225 0
11.1282 0
11.1339 0
11.1397 0
11.1454 0
11.1512 0
11.1569 0
11.1626 0
11.1684 0
11.1741 0
11.1798 0
11.1856 0
11.1913 0
11.197 0
11.2028 0
11.2085 0
11.2143 0
11.22 0
11.2257 0
11.2315 0
11.2372 0
11.2429 0
11.2487 0
11.2544 0
11.2601 0
11.2659 0
11.2716 0
11.2774 0
11.2831 0
11.2888 0
11.2946 0
11.3003 0
11.306 0
11.3118 0
11.3175 0
11.3232 0
11.329 0
11.3347 0
11.3404 0
11.3462 0
11.3519 0
11.3577 0
11.3634 0
11.3691 0
11.3749 0
11.3806 0
11.3863 0
11.3921 0
11.3978 0
11.4035 0
11.4093 0
11.415 0
11.4208 0
11.4265 0
11.4322 0
11.438 0
11.4437 0
11.4494 0
11.4552 0
11.4609 0
11.4666 0
11.4724 0
11.4781 0
11.4839 0
11.4896 0
11.4953 0
11.5011 0
11.5068 0
11.5125 0
11.5183 0
11.524 0
11.5297 0
11.5355 0
11.5412 0
11.547 0
11.5527 0
11.5584 0
11.5642 0
11.5699 0
11.5756 0
11.5814 0
11.5871 0
11.5928 0
11.5986 0
11.6043 0
11.61 0
11.6158 0
11.6215 0
11.6273 0
11.633 0
11.6387 0
11.6445 0
11.6502 0
11.6559 0
11.6617 0
11.6674 0
11.6731 0
11.6789 0
11.6846 0
11.6904 0
11.6961 0
11.7018 0
11.7076 0
11.7133 0
11.719 0
11.7248 0
11.7305 0
11.7362 0
11.742 0
