0 0
0.00573619 -8
0.0114724 -12
0.0172086 0
0.0229448 19
0.028681 7
0.0344171 0
0.0401533 17
0.0458895 -17
0.0516257 -11
0.0573619 0
0.0630981 44
0.0688343 -3
0.0745705 0
0.0803067 13
0.0860429 16
0.091779 0
0.0975152 3.66667
0.103251 -7.66667
0.108988 -7.66667
0.114724 0
0.12046 -5.66667
0.126196 0.666667
0.131932 0
0.137669 -9
0.143405 -7.33333
0.149141 -9
0.154877 -15.5
0.160613 0.666667
0.16635 13
0.172086 0
0.177822 3.33333
0.183558 -3.75
0.189294 0
0.19503 8
0.200767 -3.2
0.206503 -1.33333
0.212239 4.5
0.217975 0.6
0.223711 2.2
0.229448 0
0.235184 -1
0.24092 12.8
0.246656 0
0.252392 -6.4
0.258129 -9
0.263865 4.4
0.269601 0
0.275337 -6.4
0.281073 21.7143
0.28681 0
0.292546 -3.42857
0.298282 -4
0.304018 -3.33333
0.309754 -10.75
0.31549 -6.85714
0.321227 0.714286
0.326963 0
0.332699 9.57143
0.338435 -0.714286
0.344171 0
0.349908 5.42857
0.355644 -3.71429
0.36138 4.4
0.367116 17
0.372852 1
0.378589 -0.857143
0.384325 1
0.390061 -6.88889
0.395797 7
0.401533 0
0.40727 -2.77778
0.413006 -4.77778
0.418742 7.57143
0.424478 11.5
0.430214 -1.77778
0.43595 4.44444
0.441687 0
0.447423 3.66667
0.453159 2.88889
0.458895 13
0.464631 22.7143
0.470368 10.5455
0.476104 15.3333
0.48184 -2
0.487576 7.09091
0.493312 13.9091
0.499049 0
0.504785 9.27273
0.510521 10.3636
0.516257 4.6
0.521993 15.3333
0.52773 7
0.533466 11.8889
0.539202 -8.5
0.544938 16.7273
0.550674 6.18182
0.55641 0
0.562147 14.75
0.567883 21.3846
0.573619 10.4286
0.579355 15.5
0.585091 15
0.590828 3.18182
0.596564 23
0.6023 10.7692
0.608036 11.3077
0.613772 18.6
0.619509 6
0.625245 13.3846
0.630981 16.7778
0.636717 14.25
0.642453 13
0.64819 9.61539
0.653926 5
0.659662 17.5333
0.665398 17.3333
0.671134 5
0.67687 19.875
0.682607 22.2
0.688343 13.9091
0.694079 17.25
0.699815 15.3333
0.705551 9.46667
0.711288 21
0.717024 10.0714
0.72276 18.0667
0.728496 16.7778
0.734232 15.6667
0.739969 21.4375
0.745705 19.4615
0.751441 16
0.757177 18.1765
0.762913 11
0.76865 16.6
0.774386 17.75
0.780122 20.7059
0.785858 19.6364
0.791594 18
0.79733 17.9412
0.803067 9
0.808803 9
0.814539 18
0.820275 11.3529
0.826011 20.3333
0.831748 24.375
0.837484 15
0.84322 15.7692
0.848956 17.6667
0.854692 16.4211
0.860429 13.8824
0.866165 24.4
0.871901 23.375
0.877637 17.1579
0.883373 21
0.88911 14.375
0.894846 15.7368
0.900582 15.8
0.906318 6.25
0.912054 12.3684
0.91779 15.2353
0.923527 11.2222
0.929263 11
0.934999 5.95
0.940735 12.5385
0.946471 13.75
0.952208 21.1429
0.957944 32.2941
0.96368 16
0.969416 16.0952
0.975152 20.5789
0.980889 14
0.986625 7.33333
0.992361 11.9048
0.998097 13.3333
1.00383 22.3333
1.00957 17.6667
1.01531 13.8824
1.02104 13.2
1.02678 21.8824
1.03251 20
1.03825 22.8462
1.04399 25
1.04972 12.087
1.05546 15.4706
1.0612 20.8333
1.06693 22.2174
1.07267 16.7895
1.0784 23.2308
1.08414 17.9286
1.08988 16.0435
1.09561 23
1.10135 22.25
1.10708 16.2174
1.11282 14.2353
1.11856 14.4286
1.12429 11.5833
1.13003 17.8095
1.13577 15.1333
1.1415 20.0714
1.14724 12.6
1.15297 15.0667
1.15871 15.8
1.16445 21.16
1.17018 18.8421
1.17592 18.5385
1.18166 15.4444
1.18739 18.8261
1.19313 23.4
1.19886 23.3333
1.2046 14.8
1.21034 13.4444
1.21607 14.4444
1.22181 17.3704
1.22754 20.0952
1.23328 15.4118
1.23902 17.125
1.24475 15.2
1.25049 21.0588
1.25623 20.6667
1.26196 18.6667
1.2677 22.9474
1.27343 20.6923
1.27917 18.9091
1.28491 20.2174
1.29064 16
1.29638 13.2
1.30212 18.8889
1.30785 16.9444
1.31359 10.2727
1.31932 19.2414
1.32506 12.2857
1.3308 14.3529
1.33653 18.75
1.34227 15.2
1.348 24.3684
1.35374 16
1.35948 8.96296
1.36521 15.8095
1.37095 18.2
1.37669 21.3793
1.38242 21.3043
1.38816 12.1176
1.39389 17.4211
1.39963 13.3704
1.40537 18.6
1.4111 18.8571
1.41684 17.7931
1.42258 16.9565
1.42831 23
1.43405 18.9583
1.43978 19.16
1.44552 24.2381
1.45126 21.5625
1.45699 16.4483
1.46273 16.2857
1.46846 11.5833
1.4742 11.6452
1.47994 9.43478
1.48567 13.75
1.49141 19.0476
1.49715 19.037
1.50288 11.3182
1.50862 17
1.51435 19.8276
1.52009 16.44
1.52583 19.2
1.53156 11.7667
1.5373 20.56
1.54304 15.619
1.54877 17.25
1.55451 14.5517
1.56024 15.6087
1.56598 14.0714
1.57172 17.9032
1.57745 14.8462
1.58319 15.8
1.58892 18.6
1.59466 9.11111
1.6004 20.52
1.60613 12.4444
1.61187 14.1935
1.61761 20.12
1.62334 15.5
1.62908 14.8788
1.63481 21.4815
1.64055 10.3913
1.64629 18.6818
1.65202 16.5517
1.65776 16.12
1.6635 16.375
1.66923 16.2903
1.67497 19.3571
1.6807 18
1.68644 15.3929
1.69218 15.2143
1.69791 16.44
1.70365 13.7273
1.70938 13.4516
1.71512 13.963
1.72086 13.875
1.72659 18.4848
1.73233 10.5172
1.73807 11.3478
1.7438 12.9615
1.74954 13.5172
1.75527 9.96296
1.76101 19.8421
1.76675 17.7576
1.77248 14
1.77822 9.85
1.78396 16.9667
1.78969 17.7419
1.79543 19.8889
1.80116 11.5
1.8069 16.7097
1.81264 14.4483
1.81837 20.2778
1.82411 15.4571
1.82984 20.8966
1.83558 18.84
1.84132 17.3846
1.84705 16.5484
1.85279 17.4286
1.85853 8.08696
1.86426 17.4848
1.87 12.3
1.87573 15.1765
1.88147 18.8
1.88721 15.5455
1.89294 18.3333
1.89868 23.5385
1.90442 19.4242
1.91015 20.1613
1.91589 16.9
1.92162 9.6
1.92736 13.6129
1.9331 24.56
1.93883 18.4286
1.94457 17.4848
1.9503 12.4
1.95604 19.0417
1.96178 12.8529
1.96751 19.5625
1.97325 14.15
1.97899 17.5946
1.98472 12.5455
1.99046 12.931
1.99619 9.53846
2.00193 13.6286
2.00767 16.9032
2.0134 18.125
2.01914 17
2.02488 20.2424
2.03061 15.28
2.03635 20.25
2.04208 16.7353
2.04782 17.25
2.05356 15.375
2.05929 13.6389
2.06503 17.9118
2.07076 17.1364
2.0765 16.5946
2.08224 18.0286
2.08797 18.4138
2.09371 19.5
2.09945 21.8378
2.10518 20.9394
2.11092 14.625
2.11665 16.2703
2.12239 19.3143
2.12813 23.913
2.13386 16.027
2.1396 19.9167
2.14534 14.4375
2.15107 19.4615
2.15681 21.2632
2.16254 19.3056
2.16828 14.0909
2.17402 19.2308
2.17975 20.6757
2.18549 17.0968
2.19122 11.7667
2.19696 17.1351
2.2027 22.8
2.20843 23.3333
2.21417 42.4615
2.21991 36.1351
2.22564 13.4545
2.23138 18.925
2.23711 18
2.24285 17.3824
2.24859 20.6786
2.25432 19.2632
2.26006 13.7692
2.2658 16.3636
2.27153 18.3171
2.27727 19.1538
2.283 16.0323
2.28874 17.9062
2.29448 16.2564
2.30021 20.0811
2.30595 20.5385
2.31168 14.4359
2.31742 20.1
2.32316 20.0455
2.32889 22.5
2.33463 18.4
2.34037 19.4444
2.3461 19.0357
2.35184 18.9286
2.35757 22.7568
2.36331 18.3462
2.36905 23.1707
2.37478 23.561
2.38052 15.3548
2.38626 18.4706
2.39199 19.9535
2.39773 17.5405
2.40346 14.8846
2.4092 15.0455
2.41494 15.925
2.42067 24.7273
2.42641 19.1591
2.43214 15.881
2.43788 24.6
2.44362 20.3226
2.44935 19.7778
2.45509 21.5897
2.46083 15.8846
2.46656 20.7333
2.4723 17.4146
2.47803 16.5172
2.48377 17.9
2.48951 19.9302
2.49524 18.9231
2.50098 22.8846
2.50672 15.8913
2.51245 16.5238
2.51819 26.875
2.52392 21.087
2.52966 13.4773
2.5354 15.6061
2.54113 17.6857
2.54687 23.2
2.5526 22
2.55834 18.3846
2.56408 21.2766
2.56981 16.0233
2.57555 16.2414
2.58129 21.2143
2.58702 19.2889
2.59276 19.0811
2.59849 16.4242
2.60423 21.3913
2.60997 15.7045
2.6157 19.8333
2.62144 19.8333
2.62718 10.9348
2.63291 17.5714
2.63865 15.25
2.64438 18.5957
2.65012 22.878
2.65586 22.9667
2.66159 22.766
2.66733 21.8
2.67306 14.64
2.6788 27.2917
2.68454 22.7292
2.69027 18.9231
2.69601 21.5455
2.70175 19.8542
2.70748 20.1556
2.71322 17.2222
2.71895 24.625
2.72469 22.3333
2.73043 20.9143
2.73616 20.5526
2.7419 21.898
2.74764 18.186
2.75337 16.3667
2.75911 23.6531
2.76484 24.0612
2.77058 24.875
2.77632 18.5306
2.78205 18.62
2.78779 23.9744
2.79352 24.3714
2.79926 19.2885
2.805 19.7111
2.81073 16.1481
2.81647 20.0385
2.82221 20.7347
2.82794 14.3514
2.83368 20.8421
2.83941 24.6604
2.84515 20.8049
2.85089 22.125
2.85662 26.5094
2.86236 25.3469
2.8681 18.8333
2.87383 23.537
2.87957 20.84
2.8853 15.561
2.89104 14.8919
2.89678 18.9615
2.90251 18.2889
2.90825 25.2414
2.91398 23.8148
2.91972 23.549
2.92546 21.4595
2.93119 21.2143
2.93693 22.5849
2.94267 23.6667
2.9484 25.6562
2.95414 23.7736
2.95987 19.5918
2.96561 28.7407
2.97135 26.4286
2.97708 20.6111
2.98282 26.8205
2.98856 19.0513
2.99429 19.037
3.00003 19.7021
3.00576 22.6452
3.0115 28.1273
3.01724 24.9623
3.02297 24.3514
3.02871 22.9318
3.03444 24.4364
3.04018 27.2667
3.04592 24.6471
3.05165 27.4909
3.05739 26.5882
3.06313 23.5172
3.06886 23.1964
3.0746 20.8182
3.08033 23.5909
3.08607 24.8649
3.09181 26.2143
3.09754 31.3673
3.10328 24.8065
3.10902 32.0847
3.11475 27.9623
3.12049 31.1026
3.12622 29.5435
3.13196 28.3273
3.1377 24.7872
3.14343 28.1667
3.14917 29.9138
3.1549 29.9216
3.16064 25.3103
3.16638 27.2667
3.17211 29.9818
3.17785 23.5
3.18359 30.8293
3.18932 30.9655
3.19506 25.4694
3.20079 26.5588
3.20653 28.8814
3.21227 25.5472
3.218 28.9268
3.22374 26.7292
3.22948 32.322
3.23521 30.8
3.24095 28.7692
3.24668 30.7833
3.25242 29.3585
3.25816 30.2647
3.26389 28.4737
3.26963 34.1228
3.27536 32.0217
3.2811 34.3902
3.28684 31.5833
3.29257 33.1224
3.29831 37.4444
3.30405 33.254
3.30978 35.4545
3.31552 34.8605
3.32125 35.6667
3.32699 41.2632
3.33273 41.1569
3.33846 39.2051
3.3442 38.4516
3.34994 42.9412
3.35567 39
3.36141 38.6102
3.36714 37.7368
3.37288 33.875
3.37862 33.2791
3.38435 34.6885
3.39009 44.3962
3.39582 48.0556
3.40156 43.1429
3.4073 45.9636
3.41303 41.6809
3.41877 39.4792
3.42451 42.0656
3.43024 36.94
3.43598 40.2683
3.44171 41.8571
3.44745 41.75
3.45319 40.0476
3.45892 39.8545
3.46466 39.1186
3.4704 42.82
3.47613 43.8605
3.48187 38.6825
3.4876 39.3208
3.49334 44.3421
3.49908 39.3284
3.50481 39.7544
3.51055 45.5957
3.51628 40.2549
3.52202 45.377
3.52776 44.3704
3.53349 51.6341
3.53923 57.7231
3.54497 62.1481
3.5507 65.2917
3.55644 60.1636
3.56217 60.2373
3.56791 53.3654
3.57365 50.913
3.57938 49.4769
3.58512 46.5455
3.59086 47.6316
3.59659 49.9403
3.60233 51.4237
3.60806 52.7451
3.6138 50.4286
3.61954 52.9048
3.62527 53.7679
3.63101 58.5122
3.63674 59.2836
3.64248 69.4483
3.64822 68.5833
3.65395 73.0877
3.65969 70.6557
3.66543 67.1111
3.67116 65.8696
3.6769 67.7302
3.68263 70.6229
3.68837 61.4474
3.69411 69.5217
3.69984 63.8305
3.70558 66.1852
3.71132 67.1373
3.71705 65.8769
3.72279 68.0357
3.72852 65.2326
3.73426 72.6716
3.74 67.1129
3.74573 68.48
3.75147 72.4545
3.7572 75.9524
3.76294 73.983
3.76868 76.7273
3.77441 80.9403
3.78015 83.3729
3.78589 80.1489
3.79162 83.4219
3.79736 86.5469
3.80309 93.125
3.80883 93.2549
3.81457 100.708
3.8203 107.283
3.82604 115.605
3.83178 123.42
3.83751 141.839
3.84325 175.982
3.84898 281.604
3.85472 285.508
3.86046 360.459
3.86619 354.587
3.87193 490.348
3.87766 642.377
3.8834 898.235
3.88914 1086.13
3.89487 1264.5
3.90061 1123.1
3.90635 916.98
3.91208 689.254
3.91782 487.938
3.92355 369.537
3.92929 302.38
3.93503 241.141
3.94076 188.931
3.9465 173.259
3.95224 150.91
3.95797 138.206
3.96371 118.174
3.96944 116.028
3.97518 110.778
3.98092 108.429
3.98665 102.345
3.99239 99
3.99812 96.9516
4.00386 91.2857
4.0096 88.4348
4.01533 92.2031
4.02107 86.28
4.02681 89.3485
4.03254 87.5
4.03828 83.2667
4.04401 81.7885
4.04975 83.2958
4.05549 86.6308
4.06122 75.7826
4.06696 75.7101
4.0727 78.0571
4.07843 70.3333
4.08417 79.5179
4.0899 76.75
4.09564 81.6094
4.10138 80.44
4.10711 73.5694
4.11285 78.4545
4.11858 79.8929
4.12432 79.1129
4.13006 76.2206
4.13579 76.8413
4.14153 74.9615
4.14727 80.6575
4.153 75.0448
4.15874 73.4545
4.16447 74.3014
4.17021 76.5972
4.17595 75.4516
4.18168 74.2321
4.18742 75.7857
4.19316 75.9242
4.19889 79.04
4.20463 80.1351
4.21036 86.6912
4.2161 83.5
4.22184 78.1207
4.22757 85.3194
4.23331 76.2537
4.23904 76.54
4.24478 79.0267
4.25052 78.5942
4.25625 77.8214
4.26199 80.3906
4.26773 76.3056
4.27346 76.0758
4.2792 81.5
4.28493 77.1389
4.29067 77.2143
4.29641 83.2708
4.30214 77.0395
4.30788 80.9429
4.31362 84.5938
4.31935 83.75
4.32509 85.7703
4.33082 86.2464
4.33656 89.08
4.3423 84.5733
4.34803 92.3919
4.35377 84.4194
4.3595 86.4333
4.36524 91.5
4.37098 94.6286
4.37671 96.6667
4.38245 92.6487
4.38819 103.111
4.39392 104.246
4.39966 106.841
4.40539 111.722
4.41113 118.559
4.41687 125.889
4.4226 129.273
4.42834 176.562
4.43408 262.458
4.43981 455.338
4.44555 1098.71
4.45128 740.277
4.45702 1459.29
4.46276 478.987
4.46849 240.278
4.47423 259.833
4.47996 222.184
4.4857 233.068
4.49144 253.8
4.49717 267.064
4.50291 271.276
4.50865 269.457
4.51438 251.769
4.52012 223.506
4.52585 198.107
4.53159 173.561
4.53733 153.155
4.54306 132.95
4.5488 121.269
4.55454 116.263
4.56027 100.537
4.56601 95.8919
4.57174 91.3846
4.57748 83.7949
4.58322 86.3462
4.58895 80.7015
4.59469 79.8361
4.60042 74.9231
4.60616 77.7733
4.6119 75.08
4.61763 73.9639
4.62337 65.9744
4.62911 72.2857
4.63484 68.9846
4.64058 64.1829
4.64631 65.9722
4.65205 63.3571
4.65779 62.1125
4.66352 65.3462
4.66926 64.9016
4.675 63.1972
4.68073 60.3077
4.68647 62.4658
4.6922 60.7018
4.69794 60.95
4.70368 59.7662
4.70941 62.12
4.71515 57.1765
4.72088 61.7375
4.72662 60.4348
4.73236 59.3016
4.73809 58.6829
4.74383 60.7949
4.74957 58.4423
4.7553 57.9048
4.76104 61.75
4.76677 57.403
4.77251 57.7846
4.77825 58.7683
4.78398 49.6933
4.78972 57.9455
4.79546 51.7529
4.80119 51.1519
4.80693 49.8615
4.81266 47.7183
4.8184 51.1429
4.82414 48.3151
4.82987 50.7049
4.83561 48.6905
4.84134 52.45
4.84708 45.5094
4.85282 49.6706
4.85855 48.6585
4.86429 49.493
4.87003 48.6066
4.87576 50.4419
4.8815 49.6795
4.88723 50.4074
4.89297 52.2471
4.89871 48.6429
4.90444 46.8592
4.91018 45.3881
4.91592 47.3452
4.92165 49.0127
4.92739 47.8947
4.93312 48.3605
4.93886 47.3929
4.9446 49.7164
4.95033 44.7042
4.95607 44.4302
4.9618 44.5844
4.96754 45.661
4.97328 45.4186
4.97901 49.0602
4.98475 46.2623
4.99049 45.4615
4.99622 45.8636
5.00196 44.8219
5.00769 43.4127
5.01343 42.875
5.01917 47.2169
5.0249 47.8113
5.03064 45.0222
5.03638 44.686
5.04211 46.8
5.04785 47.0462
5.05358 43.5116
5.05932 45.6296
5.06506 42.9825
5.07079 45.1705
5.07653 42.0115
5.08226 45.5775
5.088 42.3803
5.09374 43.0889
5.09947 42.4286
5.10521 46.4127
5.11095 42.8556
5.11668 44.2118
5.12242 44.4394
5.12815 41.4675
5.13389 44.1222
5.13963 42
5.14536 42.2295
5.1511 44.3587
5.15684 41.9157
5.16257 40.3226
5.16831 41.7857
5.17404 44.7753
5.17978 44.359
5.18552 41.0597
5.19125 46.7889
5.19699 43.0602
5.20272 39.5424
5.20846 44.913
5.2142 39.8202
5.21993 42.8158
5.22567 45.5942
5.23141 42.0543
5.23714 40.321
5.24288 44.0656
5.24861 40.0978
5.25435 46.6404
5.26009 43.8571
5.26582 43
5.27156 45.1099
5.2773 41.6125
5.28303 40.3077
5.28877 42.1277
5.2945 42.3448
5.30024 40.5139
5.30598 44.1392
5.31171 44.1011
5.31745 48.2561
5.32318 44.9846
5.32892 43.8617
5.33466 45.2759
5.34039 44.1515
5.34613 42.6
5.35187 42.1978
5.3576 43.6543
5.36334 41.9701
5.36907 43.0104
5.37481 45.9765
5.38055 38.4426
5.38628 48.1771
5.39202 51.3956
5.39776 50.65
5.40349 49.8028
5.40923 46.5417
5.41496 48.9383
5.4207 42.1429
5.42644 41.7653
5.43217 41.4157
5.43791 46.7436
5.44364 43.2466
5.44938 46.1134
5.45512 49.8171
5.46085 46.5672
5.46659 45.8673
5.47233 42.8989
5.47806 44.5789
5.4838 46.0617
5.48953 45.8925
5.49527 45.9524
5.50101 45.791
5.50674 41.0816
5.51248 45.9663
5.51822 45.8378
5.52395 43.9277
5.52969 46.7204
5.53542 44.4405
5.54116 44.4118
5.5469 43.6667
5.55263 46.7778
5.55837 44.3194
5.5641 42.4157
5.56984 41.8495
5.57558 42.2738
5.58131 43.0274
5.58705 46.4747
5.59279 45.875
5.59852 44.3175
5.60426 43.71
5.60999 44.4624
5.61573 43.7317
5.62147 45.72
5.6272 46.3608
5.63294 43.2209
5.63868 44.3433
5.64441 45.4902
5.65015 45.914
5.65588 45.4167
5.66162 44.7013
5.66736 44.0404
5.67309 44.3721
5.67883 44.2754
5.68456 45.3762
5.6903 45.3333
5.69604 44.5244
5.70177 48.1566
5.70751 49.8105
5.71325 48.9432
5.71898 50.9437
5.72472 48.4343
5.73045 48.8925
5.73619 46.7125
5.74193 47.764
5.74766 46.2105
5.7534 48.5909
5.75914 46.6338
5.76487 47.9802
5.77061 51.4787
5.77634 51.4744
5.78208 50.3596
5.78782 50.268
5.79355 49.5814
5.79929 49.28
5.80502 48.3465
5.81076 50.7609
5.8165 46.3243
5.82223 48.5938
5.82797 50.1837
5.83371 51.1279
5.83944 54.0253
5.84518 49.0404
5.85091 46.25
5.85665 47.5231
5.86239 51.581
5.86812 54.8878
5.87386 55.6628
5.8796 53.2405
5.88533 51
5.89107 54.1739
5.8968 48.5217
5.90254 50.0952
5.90828 50.7143
5.91401 49.4651
5.91975 55.8193
5.92548 52.1111
5.93122 55.5
5.93696 54.0822
5.94269 52.3143
5.94843 53.0417
5.95417 55.1136
5.9599 51.6
5.96564 56.2222
5.97137 58.2766
5.97711 59.1644
5.98285 56.7282
5.98858 57.551
5.99432 56.9048
6.00006 59.0899
6.00579 62.4646
6.01153 60.9149
6.01726 62.0667
6.023 62.2667
6.02874 62.4375
6.03447 64.1932
6.04021 60.2889
6.04594 60.051
6.05168 60.0312
6.05742 58.7143
6.06315 59.8571
6.06889 60
6.07463 65.4524
6.08036 68.7234
6.0861 61.9286
6.09183 64.0833
6.09757 67.3077
6.10331 67.3774
6.10904 64.9479
6.11478 63.8721
6.12052 64.7917
6.12625 63.24
6.13199 69.7872
6.13772 66.2927
6.14346 66.8529
6.1492 68.96
6.15493 69.9
6.16067 69.6471
6.1664 71.7755
6.17214 74.6596
6.17788 73.6905
6.18361 71.5588
6.18935 76.6465
6.19509 79.7333
6.20082 81.789
6.20656 81.8333
6.21229 88.0417
6.21803 88.2561
6.22377 88.4528
6.2295 92.17
6.23524 100.213
6.24098 93.9817
6.24671 93.6471
6.25245 106.277
6.25818 112.198
6.26392 108.412
6.26966 156.951
6.27539 369.68
6.28113 155.633
6.28686 1498.1
6.2926 4735.08
6.29834 544.045
6.30407 879.221
6.30981 582.706
6.31555 367.154
6.32128 182.62
6.32702 174.317
6.33275 174.896
6.33849 158.17
6.34423 149.827
6.34996 162.118
6.3557 172.128
6.36144 180.713
6.36717 206.962
6.37291 226.137
6.37864 225.644
6.38438 209.189
6.39012 199.951
6.39585 182.3
6.40159 161.991
6.40732 142.815
6.41306 133.468
6.4188 122.946
6.42453 113.783
6.43027 106.559
6.43601 105.232
6.44174 100.547
6.44748 98.3611
6.45321 93.7447
6.45895 93.7935
6.46469 95.8476
6.47042 95.3786
6.47616 92.4048
6.4819 85.3727
6.48763 82.1481
6.49337 85.9032
6.4991 83.8632
6.50484 83.1389
6.51058 82.1176
6.51631 80.9167
6.52205 82.2909
6.52778 76.6481
6.53352 79.1739
6.53926 75.8646
6.54499 76
6.55073 77.3235
6.55647 80.2262
6.5622 78.6991
6.56794 76.0463
6.57367 81
6.57941 79.1474
6.58515 76.2589
6.59088 77.7692
6.59662 79.5238
6.60236 76.1754
6.60809 75.5094
6.61383 81.2688
6.61956 73.1959
6.6253 73.7679
6.63104 75
6.63677 76.9419
6.64251 75.0088
6.64824 75.2617
6.65398 73.2198
6.65972 75.402
6.66545 74.6071
6.67119 76.6538
6.67693 75.2907
6.68266 73.2155
6.6884 76.2407
6.69413 71.022
6.69987 75.3301
6.70561 74.4018
6.71134 73
6.71708 74.4205
6.72282 75.0263
6.72855 77.1481
6.73429 73.573
6.74002 73.0094
6.74576 73.2783
6.7515 73.6214
6.75723 71.8989
6.76297 73.2586
6.7687 72.0268
6.77444 74.3146
6.78018 75.381
6.78591 73.25
6.79165 78.4393
6.79739 72.2529
6.80312 73.4649
6.80886 71.5357
6.81459 75.0769
6.82033 72.7429
6.82607 74.8448
6.8318 73.8381
6.83754 72.6705
6.84328 71.4103
6.84901 73.5
6.85475 72.3626
6.86048 72.8807
6.86622 73.9397
6.87196 74.5701
6.87769 74.6782
6.88343 75.822
6.88916 72.8596
6.8949 70.5402
6.90064 76.6549
6.90637 74.2807
6.91211 77.6075
6.91785 71.7816
6.92358 74.405
6.92932 77.8319
6.93505 77.3596
6.94079 74.885
6.94653 76.5431
6.95226 79.243
6.958 76.3626
6.96374 76.25
6.96947 75.7807
6.97521 75.6264
6.98094 74.8559
6.98668 75.0172
6.99242 73.4954
6.99815 73.1236
7.00389 77.925
7.00962 78.0517
7.01536 76.8478
7.0211 76.6909
7.02683 75.0744
7.03257 75.2243
7.03831 80.1183
7.04404 76.5656
7.04978 77.8783
7.05551 80.2553
7.06125 76.7523
7.06699 78.8197
7.07272 77.5413
7.07846 78.7416
7.0842 80.3852
7.08993 81.4397
7.09567 83.4731
7.1014 82.1593
7.10714 82.8319
7.11288 80.3578
7.11861 81.6196
7.12435 79.5242
7.13008 81.3761
7.13582 81.4062
7.14156 83.0541
7.14729 84.0833
7.15303 83.8991
7.15877 83.828
7.1645 84.6855
7.17024 86.5042
7.17597 85.1939
7.18171 85.9439
7.18745 88.4508
7.19318 89.9279
7.19892 86.9783
7.20466 85.7795
7.21039 85.8547
7.21613 88.3131
7.22186 87.5413
7.2276 90.7619
7.23334 90.2432
7.23907 88.8352
7.24481 92.5714
7.25054 90.5462
7.25628 89.47
7.26202 95.2793
7.26775 92.6311
7.27349 92.5135
7.27923 93.5914
7.28496 93.6929
7.2907 92.4706
7.29643 96.1262
7.30217 95.9722
7.30791 96.871
7.31364 106.607
7.31938 98.618
7.32512 100.746
7.33085 102.86
7.33659 109.635
7.34232 102.257
7.34806 110.431
7.3538 117.387
7.35953 108.097
7.36527 122.984
7.371 152.76
7.37674 319.442
7.38248 154.782
7.38821 1089.63
7.39395 915.147
7.39969 543.707
7.40542 1054.89
7.41116 447.406
7.41689 274.17
7.42263 187.654
7.42837 169.746
7.4341 163.252
7.43984 158.404
7.44558 161.873
7.45131 172.157
7.45705 184.345
7.46278 193.524
7.46852 213.823
7.47426 232.661
7.47999 239.022
7.48573 236.092
7.49146 216.504
7.4972 201.027
7.50294 178.701
7.50867 162.039
7.51441 147.992
7.52015 138.769
7.52588 126.735
7.53162 121.168
7.53735 111.223
7.54309 106.65
7.54883 103.856
7.55456 100.336
7.5603 100.311
7.56604 98.0815
7.57177 90.928
7.57751 90.4174
7.58324 86.4706
7.58898 86.6718
7.59472 83.6475
7.60045 83.79
7.60619 85.3821
7.61192 77.1705
7.61766 81.7759
7.6234 83.8416
7.62913 80.803
7.63487 79.3802
7.64061 82.402
7.64634 81.3577
7.65208 80.5349
7.65781 82.1429
7.66355 81.2347
7.66929 81.1791
7.67502 78.2097
7.68076 78.283
7.6865 78.4958
7.69223 81.5954
7.69797 80.2458
7.7037 79.3465
7.70944 85.1418
7.71518 97.9431
7.72091 130.173
7.72665 154.214
7.73238 337.698
7.73812 126.566
7.74386 167.49
7.74959 170.978
7.75533 107.143
7.76107 101.757
7.7668 104.228
7.77254 102.16
7.77827 104.344
7.78401 108.222
7.78975 115.807
7.79548 125.484
7.80122 130.414
7.80696 143.559
7.81269 141.534
7.81843 136.105
7.82416 127.821
7.8299 114.521
7.83564 100.953
7.84137 96.0513
7.84711 89.6273
7.85284 81.9389
7.85858 81.874
7.86432 81.567
7.87005 78.4892
7.87579 74.9609
7.88153 75.3525
7.88726 75.7944
7.893 71.2519
7.89873 71.8203
7.90447 69.1373
7.91021 67.4135
7.91594 68.0992
7.92168 70.5333
7.92742 70.0755
7.93315 66.8759
7.93889 67.7795
7.94462 69.9204
7.95036 67.0083
7.9561 67.5076
7.96183 70.3492
7.96757 66.3619
7.9733 65.8759
7.97904 65.0692
7.98478 66.4286
7.99051 63.616
7.99625 64.782
8.00199 61.6371
8.00772 67.7228
8.01346 64.5899
8.01919 63.3759
8.02493 65.7563
8.03067 65.4867
8.0364 62.2941
8.04214 64.7323
8.04788 61.2816
8.05361 62.2878
8.05935 61.0147
8.06508 62.9322
8.07082 61.3419
8.07656 59.9927
8.08229 62.7031
8.08803 62.1616
8.09376 58.6434
8.0995 55.5909
8.10524 52.878
8.11097 48.2212
8.11671 45.5217
8.12245 40.6047
8.12818 38.2703
8.13392 36.6742
8.13965 32.781
8.14539 32.7742
8.15113 27.7297
8.15686 14.3358
8.1626 16.284
8.16834 14.5424
8.17407 13.6842
8.17981 1.10526
8.18554 0
8.19128 0
8.19702 0
8.20275 0
8.20849 0
8.21422 0
8.21996 0
8.2257 0
8.23143 0
8.23717 0
8.24291 0
8.24864 0
8.25438 0
8.26011 0
8.26585 0
8.27159 0
8.27732 0
8.28306 0
8.2888 0
8.29453 0
8.30027 0
8.306 0
8.31174 0
8.31748 0
8.32321 0
8.32895 0
8.33468 0
8.34042 0
8.34616 0
8.35189 0
8.35763 0
8.36337 0
8.3691 0
8.37484 0
8.38057 0
8.38631 0
8.39205 0
8.39778 0
8.40352 0
8.40926 0
8.41499 0
8.42073 0
8.42646 0
8.4322 0
8.43794 0
8.44367 0
8.44941 0
8.45514 0
8.46088 0
8.46662 0
8.47235 0
8.47809 0
8.48383 0
8.48956 0
8.4953 0
8.50103 0
8.50677 0
8.51251 0
8.51824 0
8.52398 0
8.52972 0
8.53545 0
8.54119 0
8.54692 0
8.55266 0
8.5584 0
8.56413 0
8.56987 0
8.5756 0
8.58134 0
8.58708 0
8.59281 0
8.59855 0
8.60429 0
8.61002 0
8.61576 0
8.62149 0
8.62723 0
8.63297 0
8.6387 0
8.64444 0
8.65018 0
8.65591 0
8.66165 0
8.66738 0
8.67312 0
8.67886 0
8.68459 0
8.69033 0
8.69606 0
8.7018 0
8.70754 0
8.71327 0
8.71901 0
8.72475 0
8.73048 0
8.73622 0
8.74195 0
8.74769 0
8.75343 0
8.75916 0
8.7649 0
8.77064 0
8.77637 0
8.78211 0
8.78784 0
8.79358 0
8.79932 0
8.80505 0
8.81079 0
8.81652 0
8.82226 0
8.828 0
8.83373 0
8.83947 0
8.84521 0
8.85094 0
8.85668 0
8.86241 0
8.86815 0
8.87389 0
8.87962 0
8.88536 0
8.8911 0
8.89683 0
8.90257 0
8.9083 0
8.91404 0
8.91978 0
8.92551 0
8.93125 0
8.93698 0
8.94272 0
8.94846 0
8.95419 0
8.95993 0
8.96567 0
8.9714 0
8.97714 0
8.98287 0
8.98861 0
8.99435 0
9.00008 0
9.00582 0
9.01156 0
9.01729 0
9.02303 0
9.02876 0
9.0345 0
9.04024 0
9.04597 0
9.05171 0
9.05744 0
9.06318 0
9.06892 0
9.07465 0
9.08039 0
9.08613 0
9.09186 0
9.0976 0
9.10333 0
9.10907 0
9.11481 0
9.12054 0
9.12628 0
9.13202 0
9.13775 0
9.14349 0
9.14922 0
9.15496 0
9.1607 0
9.16643 0
9.17217 0
9.1779 0
9.18364 0
9.18938 0
9.19511 0
9.20085 0
9.20659 0
9.21232 0
9.21806 0
9.22379 0
9.22953 0
9.23527 0
9.241 0
9.24674 0
9.25248 0
9.25821 0
9.26395 0
9.26968 0
9.27542 0
9.28116 0
9.28689 0
9.29263 0
9.29836 0
9.3041 0
9.30984 0
9.31557 0
9.32131 0
9.32705 0
9.33278 0
9.33852 0
9.34425 0
9.34999 0
9.35573 0
9.36146 0
9.3672 0
9.37294 0
9.37867 0
9.38441 0
9.39014 0
9.39588 0
9.40162 0
9.40735 0
9.41309 0
9.41882 0
9.42456 0
9.4303 0
9.43603 0
9.44177 0
9.44751 0
9.45324 0
9.45898 0
9.46471 0
9.47045 0
9.47619 0
9.48192 0
9.48766 0
9.4934 0
9.49913 0
9.50487 0
9.5106 0
9.51634 0
9.52208 0
9.52781 0
9.53355 0
9.53928 0
9.54502 0
9.55076 0
9.55649 0
9.56223 0
9.56797 0
9.5737 0
9.57944 0
9.58517 0
9.59091 0
9.59665 0
9.60238 0
9.60812 0
9.61386 0
9.61959 0
9.62533 0
9.63106 0
9.6368 0
9.64254 0
9.64827 0
9.65401 0
9.65974 0
9.66548 0
9.67122 0
9.67695 0
9.68269 0
9.68843 0
9.69416 0
9.6999 0
9.70563 0
9.71137 0
9.71711 0
9.72284 0
9.72858 0
9.73432 0
9.74005 0
9.74579 0
9.75152 0
9.75726 0
9.763 0
9.76873 0
9.77447 0
9.7802 0
9.78594 0
9.79168 0
9.79741 0
9.80315 0
9.80889 0
9.81462 0
9.82036 0
9.82609 0
9.83183 0
9.83757 0
9.8433 0
9.84904 0
9.85478 0
9.86051 0
9.86625 0
9.87198 0
9.87772 0
9.88346 0
9.88919 0
9.89493 0
9.90066 0
9.9064 0
9.91214 0
9.91787 0
9.92361 0
9.92935 0
9.93508 0
9.94082 0
9.94655 0
9.95229 0
9.95803 0
9.96376 0
9.9695 0
9.97524 0
9.98097 0
9.98671 0
9.99244 0
9.99818 0
10.0039 0
10.0097 0
10.0154 0
10.0211 0
10.0269 0
10.0326 0
10.0383 0
10.0441 0
10.0498 0
10.0555 0
10.0613 0
10.067 0
10.0728 0
10.0785 0
10.0842 0
10.09 0
10.0957 0
10.1014 0
10.1072 0
10.1129 0
10.1186 0
10.1244 0
10.1301 0
10.1358 0
10.1416 0
10.1473 0
10.1531 0
10.1588 0
10.1645 0
10.1703 0
10.176 0
10.1817 0
10.1875 0
10.1932 0
10.1989 0
10.2047 0
10.2104 0
10.2162 0
10.2219 0
10.2276 0
10.2334 0
10.2391 0
10.2448 0
10.2506 0
10.2563 0
10.262 0
10.2678 0
10.2735 0
10.2793 0
10.285 0
10.2907 0
10.2965 0
10.3022 0
10.3079 0
10.3137 0
10.3194 0
10.3251 0
10.3309 0
10.3366 0
10.3424 0
10.3481 0
10.3538 0
10.3596 0
10.3653 0
10.371 0
10.3768 0
10.3825 0
10.3882 0
10.394 0
10.3997 0
10.4054 0
10.4112 0
10.4169 0
10.4227 0
10.4284 0
10.4341 0
10.4399 0
10.4456 0
10.4513 0
10.4571 0
10.4628 0
10.4685 0
10.4743 0
10.48 0
10.4858 0
10.4915 0
10.4972 0
10.503 0
10.5087 0
10.5144 0
10.5202 0
10.5259 0
10.5316 0
10.5374 0
10.5431 0
10.5489 0
10.5546 0
10.5603 0
10.5661 0
10.5718 0
10.5775 0
10.5833 0
10.589 0
10.5947 0
10.6005 0
10.6062 0
10.612 0
10.6177 0
10.6234 0
10.6292 0
10.6349 0
10.6406 0
10.6464 0
10.6521 0
10.6578 0
10.6636 0
10.6693 0
10.6751 0
10.6808 0
10.6865 0
10.6923 0
10.698 0
10.7037 0
10.7095 0
10.7152 0
10.7209 0
10.7267 0
10.7324 0
10.7381 0
10.7439 0
10.7496 0
10.7554 0
10.7611 0
10.7668 0
10.7726 0
10.7783 0
10.784 0
10.7898 0
10.7955 0
10.8012 0
10.807 0
10.8127 0
10.8185 0
10.8242 0
10.8299 0
10.8357 0
10.8414 0
10.8471 0
10.8529 0
10.8586 0
10.8643 0
10.8701 0
10.8758 0
10.8816 0
10.8873 0
10.893 0
10.8988 0
10.9045 0
10.9102 0
10.916 0
10.9217 0
10.9274 0
10.9332 0
10.9389 0
10.9447 0
10.9504 0
10.9561 0
10.9619 0
10.9676 0
10.9733 0
10.9791 0
10.9848 0
10.9905 0
10.9963 0
11.002 0
11.0077 0
11.0135 0
11.0192 0
11.025 0
11.0307 0
11.0364 0
11.0422 0
11.0479 0
11.0536 0
11.0594 0
11.0651 0
11.0708 0
11.0766 0
11.0823 0
11.0881 0
11.0938 0
11.0995 0
11.1053 0
11.111 0
11.1167 0
11.1225 0
11.1282 0
11.1339 0
11.1397 0
11.1454 0
11.1512 0
11.1569 0
11.1626 0
11.1684 0
11.1741 0
11.1798 0
11.1856 0
11.1913 0
11.197 0
11.2028 0
11.2085 0
11.2143 0
11.22 0
11.2257 0
11.2315 0
11.2372 0
11.2429 0
11.2487 0
11.2544 0
11.2601 0
11.2659 0
11.2716 0
11.2774 0
11.2831 0
11.2888 0
11.2946 0
11.3003 0
11.306 0
11.3118 0
11.3175 0
11.3232 0
11.329 0
11.3347 0
11.3404 0
11.3462 0
11.3519 0
11.3577 0
11.3634 0
11.3691 0
11.3749 0
11.3806 0
11.3863 0
11.3921 0
11.3978 0
11.4035 0
11.4093 0
11.415 0
11.4208 0
11.4265 0
11.4322 0
11.438 0
11.4437 0
11.4494 0
11.4552 0
11.4609 0
11.4666 0
11.4724 0
11.4781 0
11.4839 0
11.4896 0
11.4953 0
11.5011 0
11.5068 0
11.5125 0
11.5183 0
11.524 0
11.5297 0
11.5355 0
11.5412 0
11.547 0
11.5527 0
11.5584 0
11.5642 0
11.5699 0
11.5756 0
11.5814 0
11.5871 0
11.5928 0
11.5986 0
11.6043 0
11.61 0
11.6158 0
11.6215 0
11.6273 0
11.633 0
11.6387 0
11.6445 0
11.6502 0
11.6559 0
11.6617 0
11.6674 0
11.6731 0
11.6789 0
11.6846 0
11.6904 0
11.6961 0
11.7018 0
11.7076 0
11.7133 0
11.719 0
11.7248 0
11.7305 0
11.7362 0
11.742 0
