0 0
0.00573619 -14
0.0114724 -13
0.0172086 0
0.0229448 -18
0.028681 -17
0.0344171 0
0.0401533 10
0.0458895 3
0.0516257 -7
0.0573619 0
0.0630981 -5
0.0688343 3
0.0745705 0
0.0803067 -12
0.0860429 14
0.091779 0
0.0975152 -3
0.103251 -0.666667
0.108988 -6
0.114724 0
0.12046 13.6667
0.126196 2.66667
0.131932 0
0.137669 17.3333
0.143405 -6.33333
0.149141 42
0.154877 10.5
0.160613 6.33333
0.16635 15.6667
0.172086 0
0.177822 -0.333333
0.183558 -4.5
0.189294 0
0.19503 7.6
0.200767 12.2
0.206503 1.66667
0.212239 5.5
0.217975 6.4
0.223711 -1.2
0.229448 0
0.235184 -3.2
0.24092 2
0.246656 0
0.252392 -18.8
0.258129 0.2
0.263865 1.8
0.269601 0
0.275337 1.8
0.281073 -1.42857
0.28681 0
0.292546 -2.28571
0.298282 2.42857
0.304018 -5
0.309754 9.25
0.31549 2.85714
0.321227 -13.8571
0.326963 0
0.332699 0.571429
0.338435 6.28571
0.344171 0
0.349908 -4.42857
0.355644 -4.71429
0.36138 5
0.367116 3
0.372852 6.875
0.378589 -1.28571
0.384325 4
0.390061 7.55556
0.395797 3
0.401533 0
0.40727 1.88889
0.413006 9.44444
0.418742 5
0.424478 14
0.430214 19.5556
0.43595 12
0.441687 0
0.447423 15.5556
0.453159 23.2222
0.458895 21.3333
0.464631 7.14286
0.470368 17.7273
0.476104 12.7778
0.48184 10
0.487576 24
0.493312 19.2727
0.499049 0
0.504785 21.1818
0.510521 17.1818
0.516257 24.6
0.521993 25.3333
0.52773 26.4545
0.533466 28.6667
0.539202 23.5
0.544938 29.6364
0.550674 21.3636
0.55641 0
0.562147 22.6667
0.567883 22.2308
0.573619 17.7143
0.579355 26.1667
0.585091 29.6923
0.590828 19.8182
0.596564 15
0.6023 10.3846
0.608036 13.4615
0.613772 17.6
0.619509 18
0.625245 13.9231
0.630981 23.1111
0.636717 29.75
0.642453 30.3077
0.64819 17.3077
0.653926 42
0.659662 28.8
0.665398 22.4667
0.671134 27.4286
0.67687 33.625
0.682607 31.8667
0.688343 29.8182
0.694079 23.25
0.699815 23.6
0.705551 32.6
0.711288 32
0.717024 29.1429
0.72276 19.9333
0.728496 36.2222
0.734232 41.5
0.739969 31.3125
0.745705 18.9231
0.751441 32.6667
0.757177 25
0.762913 27.8235
0.76865 28
0.774386 22
0.780122 32.5882
0.785858 37.9091
0.791594 30.6667
0.79733 28.5882
0.803067 27.0667
0.808803 34.5
0.814539 24
0.820275 24.4706
0.826011 24.8889
0.831748 25.875
0.837484 25.4444
0.84322 21.6154
0.848956 32
0.854692 25
0.860429 29.9412
0.866165 30.8
0.871901 25.0625
0.877637 26.6842
0.883373 29.0909
0.88911 23.875
0.894846 25.7895
0.900582 23.4667
0.906318 24.75
0.912054 33.8947
0.91779 23.2353
0.923527 21.8889
0.929263 23.9231
0.934999 28.7
0.940735 37.5385
0.946471 18.75
0.952208 25.4286
0.957944 32.0588
0.96368 44
0.969416 26.5714
0.975152 26.3684
0.980889 15.7273
0.986625 27.8333
0.992361 24.1905
0.998097 29.0667
1.00383 31.8333
1.00957 33
1.01531 30.7059
1.02104 26.8
1.02678 25.6471
1.03251 28.5238
1.03825 25.3846
1.04399 32
1.04972 29.5217
1.05546 20.3529
1.0612 31.6667
1.06693 23.2609
1.07267 28.7368
1.0784 30.5385
1.08414 34
1.08988 34.087
1.09561 27.0667
1.10135 26.75
1.10708 28.913
1.11282 24.1765
1.11856 23.4286
1.12429 32.9583
1.13003 23
1.13577 29.7333
1.1415 25.0714
1.14724 22.84
1.15297 32.3333
1.15871 25.8
1.16445 26.6
1.17018 27.7895
1.17592 17.6154
1.18166 29.8889
1.18739 29.087
1.19313 29.9333
1.19886 25.0833
1.2046 30.64
1.21034 28.8889
1.21607 30.5556
1.22181 24.5926
1.22754 28.7619
1.23328 28.2941
1.23902 19.625
1.24475 29.4
1.25049 24.8235
1.25623 26.75
1.26196 29.5185
1.2677 18.3684
1.27343 24.5385
1.27917 21.5909
1.28491 26.1739
1.29064 26.3529
1.29638 29.8667
1.30212 25.8889
1.30785 27.3889
1.31359 34.5455
1.31932 29.4828
1.32506 31.2857
1.3308 26.5294
1.33653 23.25
1.34227 17.4
1.348 27.2632
1.35374 34.0714
1.35948 27.7778
1.36521 28.9524
1.37095 27.4
1.37669 23.069
1.38242 29.2609
1.38816 35
1.39389 31.0526
1.39963 30.4074
1.40537 28.2
1.4111 31.7143
1.41684 28.9655
1.42258 34.1304
1.42831 25.7059
1.43405 30.5417
1.43978 29.76
1.44552 26.1905
1.45126 27.6875
1.45699 27.9655
1.46273 27.4286
1.46846 31.6667
1.4742 25.3226
1.47994 28.5652
1.48567 23.4
1.49141 29.2857
1.49715 25.3333
1.50288 29.4091
1.50862 20.875
1.51435 29.7931
1.52009 26.4
1.52583 21.8
1.53156 26.2667
1.5373 24.44
1.54304 23.2381
1.54877 30.25
1.55451 33.8966
1.56024 21.7826
1.56598 25.2143
1.57172 25.8387
1.57745 25.1538
1.58319 26.8
1.58892 23.84
1.59466 30.2963
1.6004 25.8
1.60613 29
1.61187 30.3226
1.61761 29.68
1.62334 30.1429
1.62908 27.2727
1.63481 24.7407
1.64055 24.3043
1.64629 34.3182
1.65202 23.8966
1.65776 30.16
1.6635 21.8125
1.66923 25.7742
1.67497 29.6429
1.6807 34.95
1.68644 25.1786
1.69218 25.8929
1.69791 30.16
1.70365 29.9545
1.70938 31.129
1.71512 32.1481
1.72086 30.5
1.72659 29.6667
1.73233 24.5172
1.73807 26.4348
1.7438 29.2308
1.74954 31.7931
1.75527 27.3704
1.76101 24.8947
1.76675 27.1212
1.77248 34.4286
1.77822 30
1.78396 29.5333
1.78969 33.1613
1.79543 29
1.80116 26.4167
1.8069 30.4839
1.81264 23.5862
1.81837 39.4444
1.82411 32.6571
1.82984 32.3448
1.83558 28.24
1.84132 24.8462
1.84705 30.0968
1.85279 27.4643
1.85853 28.7391
1.86426 31.3939
1.87 27.2333
1.87573 25.5882
1.88147 31.8857
1.88721 31.303
1.89294 29.9259
1.89868 26.7308
1.90442 30.5152
1.91015 32
1.91589 31.6
1.92162 40.9429
1.92736 39.2258
1.9331 48
1.93883 46.5
1.94457 41.4242
1.9503 39.7
1.95604 32.7083
1.96178 28.5
1.96751 32.7188
1.97325 32.35
1.97899 30.2703
1.98472 26.6667
1.99046 27.3448
1.99619 27.2308
2.00193 28.6286
2.00767 23.6452
2.0134 38.4167
2.01914 29.4571
2.02488 34
2.03061 24.64
2.03635 34.6562
2.04208 30.0588
2.04782 27
2.05356 32.8333
2.05929 28.3611
2.06503 35.7059
2.07076 28.7273
2.0765 26.8378
2.08224 30.6
2.08797 26.5862
2.09371 29.2143
2.09945 32.7568
2.10518 35.303
2.11092 33.875
2.11665 34.1622
2.12239 30.5429
2.12813 23.8261
2.13386 35.5135
2.1396 36.1111
2.14534 38.0312
2.15107 33.1538
2.15681 31.3421
2.16254 33.9167
2.16828 27.8636
2.17402 31.1282
2.17975 33
2.18549 36.129
2.19122 34.1
2.19696 35.5946
2.2027 40.3429
2.20843 37.9167
2.21417 73.6154
2.21991 82.0811
2.22564 35.4091
2.23138 44.725
2.23711 38.2105
2.24285 36.1765
2.24859 36.1071
2.25432 33.9474
2.26006 32.8974
2.2658 35.5909
2.27153 34.878
2.27727 37.0769
2.283 33.9677
2.28874 38.4375
2.29448 38.9744
2.30021 31.1081
2.30595 37.0769
2.31168 33.8205
2.31742 33.55
2.32316 40
2.32889 43.9048
2.33463 45.4
2.34037 44.3611
2.3461 51.25
2.35184 53.0952
2.35757 54.0811
2.36331 59.6538
2.36905 59.9024
2.37478 57.6829
2.38052 53.7742
2.38626 43.7941
2.39199 47.3488
2.39773 43.7027
2.40346 45.6154
2.4092 42.8636
2.41494 38.325
2.42067 35.7273
2.42641 41.7955
2.43214 36.5476
2.43788 34.8
2.44362 42.8387
2.44935 38.6889
2.45509 32.9231
2.46083 36.5
2.46656 36.5333
2.4723 40.6585
2.47803 29.7241
2.48377 36.35
2.48951 36.9767
2.49524 40
2.50098 39.1154
2.50672 44.2174
2.51245 37.381
2.51819 35.9167
2.52392 38.6087
2.52966 39.6818
2.5354 37.7273
2.54113 42.0286
2.54687 45.0222
2.5526 34.7561
2.55834 39.5385
2.56408 39.1702
2.56981 37.4186
2.57555 36.2759
2.58129 31.381
2.58702 37.4222
2.59276 38.2162
2.59849 40.1515
2.60423 38.2826
2.60997 37.1364
2.6157 33.75
2.62144 36.5
2.62718 37.3696
2.63291 39.5429
2.63865 40.5
2.64438 41
2.65012 39.3415
2.65586 41.2333
2.66159 39.8298
2.66733 38.3556
2.67306 34.52
2.6788 36.5208
2.68454 41.4375
2.69027 40.0769
2.69601 38.1515
2.70175 44.9792
2.70748 40.4222
2.71322 40.7778
2.71895 42.1042
2.72469 39.3333
2.73043 37.1714
2.73616 44.7895
2.7419 40.0408
2.74764 38.3023
2.75337 36.8667
2.75911 38.6122
2.76484 41.7755
2.77058 42.8333
2.77632 39.8367
2.78205 39.46
2.78779 42.3846
2.79352 33.4857
2.79926 39.9231
2.805 38.9778
2.81073 38.5556
2.81647 38.8462
2.82221 40.1837
2.82794 38.8378
2.83368 42.4211
2.83941 40.1132
2.84515 31.2683
2.85089 37
2.85662 42.6415
2.86236 42.5306
2.8681 41.6667
2.87383 36.4259
2.87957 38.24
2.8853 42.7561
2.89104 36.6216
2.89678 37.4038
2.90251 39.4889
2.90825 43.3793
2.91398 42.9074
2.91972 44.902
2.92546 46.1892
2.93119 39.8571
2.93693 44.1509
2.94267 38.6444
2.9484 39.1562
2.95414 45.717
2.95987 43.2857
2.96561 38.037
2.97135 43.6786
2.97708 45.2963
2.98282 47.359
2.98856 47.5897
2.99429 47.1111
3.00003 48.0638
3.00576 43.3548
3.0115 48.0727
3.01724 49.9057
3.02297 44.4324
3.02871 43.5909
3.03444 46.7818
3.04018 46.3333
3.04592 43.4706
3.05165 52
3.05739 49.2353
3.06313 44.6897
3.06886 47.875
3.0746 45.6364
3.08033 48.8636
3.08607 51.2432
3.09181 56.3571
3.09754 60.3469
3.10328 66.129
3.10902 67.2034
3.11475 70.9811
3.12049 58.0256
3.12622 59.2174
3.13196 56.5818
3.1377 51.8936
3.14343 57.4722
3.14917 50.1034
3.1549 54.1176
3.16064 49.8966
3.16638 54.8167
3.17211 53.3455
3.17785 57.4545
3.18359 56.1951
3.18932 53.8103
3.19506 52.1429
3.20079 53.5294
3.20653 51.5763
3.21227 51.4717
3.218 58.3902
3.22374 54.7708
3.22948 54.2373
3.23521 54.8444
3.24095 63.1795
3.24668 61.3333
3.25242 62.6981
3.25816 59.5588
3.26389 64.7719
3.26963 61
3.27536 66.1957
3.2811 63.6341
3.28684 68.9833
3.29257 66.2245
3.29831 69.7222
3.30405 72.254
3.30978 76.5273
3.31552 79.2326
3.32125 81.75
3.32699 90.2632
3.33273 89.2941
3.33846 95.9487
3.3442 89.6936
3.34994 84.4314
3.35567 81.5263
3.36141 75.5763
3.36714 74.6491
3.37288 71.3958
3.37862 79.6744
3.38435 75.7705
3.39009 73.283
3.39582 76.8333
3.40156 76.1905
3.4073 74.8727
3.41303 74.7234
3.41877 84.6042
3.42451 83.1148
3.43024 81.5
3.43598 78.4634
3.44171 78.0794
3.44745 77.5179
3.45319 79.881
3.45892 76.4182
3.46466 78.8644
3.4704 81.94
3.47613 73.6977
3.48187 76.4444
3.4876 79.5472
3.49334 79.6842
3.49908 82.5522
3.50481 84.9123
3.51055 84.6383
3.51628 90.8431
3.52202 94.9344
3.52776 100.389
3.53349 116.268
3.53923 141.969
3.54497 190.556
3.5507 193.042
3.55644 185.891
3.56217 149.763
3.56791 120.769
3.57365 112.283
3.57938 105.169
3.58512 102.127
3.59086 101.921
3.59659 101.313
3.60233 103.017
3.60806 102.529
3.6138 103.469
3.61954 109
3.62527 123.375
3.63101 122.512
3.63674 139.761
3.64248 164.224
3.64822 174.417
3.65395 191.14
3.65969 192.557
3.66543 177.648
3.67116 167.457
3.6769 163.571
3.68263 165.131
3.68837 166.342
3.69411 168.594
3.69984 163.169
3.70558 162.574
3.71132 165.804
3.71705 170.954
3.72279 176.232
3.72852 179.163
3.73426 177.761
3.74 189.161
3.74573 185.92
3.75147 186.036
3.7572 198.111
3.76294 209.085
3.76868 206.295
3.77441 226.657
3.78015 239.271
3.78589 248.213
3.79162 263.109
3.79736 284.109
3.80309 295.393
3.80883 318.765
3.81457 350.2
3.8203 394
3.82604 415.186
3.83178 481.058
3.83751 598.613
3.84325 747.143
3.84898 1143.43
3.85472 1775.06
3.86046 1637.62
3.86619 1509.28
3.87193 2012.32
3.87766 2749.25
3.8834 3576.86
3.88914 4552.15
3.89487 5482.59
3.90061 4920.9
3.90635 3968.16
3.91208 2858.09
3.91782 1969.03
3.92355 1475.32
3.92929 1149.24
3.93503 893.516
3.94076 725.414
3.9465 623.241
3.95224 545.03
3.95797 488.921
3.96371 429.174
3.96944 401.521
3.97518 369.381
3.98092 342.643
3.98665 322.379
3.99239 308.853
3.99812 295.29
4.00386 277.837
4.0096 269.913
4.01533 263.156
4.02107 247.14
4.02681 244.803
4.03254 235.015
4.03828 231.917
4.04401 229.712
4.04975 220.042
4.05549 212.723
4.06122 205.261
4.06696 200.072
4.0727 196.671
4.07843 189.083
4.08417 184.929
4.0899 183.941
4.09564 182.625
4.10138 181.06
4.10711 177.903
4.11285 178.394
4.11858 175.643
4.12432 172.145
4.13006 174.912
4.13579 176.381
4.14153 168.654
4.14727 165.11
4.153 165.612
4.15874 163.614
4.16447 162.329
4.17021 163.486
4.17595 161.726
4.18168 161.661
4.18742 160.371
4.19316 165.394
4.19889 159.2
4.20463 167.095
4.21036 168.515
4.2161 158.633
4.22184 160.483
4.22757 157.972
4.23331 156.269
4.23904 156.6
4.24478 156.827
4.25052 159.464
4.25625 161.054
4.26199 160.281
4.26773 161.181
4.27346 159.227
4.2792 162.304
4.28493 164.139
4.29067 170.871
4.29641 170.75
4.30214 165.763
4.30788 173.971
4.31362 171.891
4.31935 172.107
4.32509 174.5
4.33082 178.768
4.33656 180.86
4.3423 182.107
4.34803 191.797
4.35377 194.355
4.3595 197.2
4.36524 202.527
4.37098 209.986
4.37671 216.481
4.38245 222.824
4.38819 237.083
4.39392 238.035
4.39966 246.116
4.40539 265.431
4.41113 291.721
4.41687 308.926
4.4226 355.13
4.42834 531.055
4.43408 796.208
4.43981 1692.81
4.44555 5173.17
4.45128 2205.91
4.45702 4695.76
4.46276 1350.43
4.46849 815.861
4.47423 882.111
4.47996 816.395
4.4857 909.513
4.49144 963.723
4.49717 1000.7
4.50291 1014.99
4.50865 962.3
4.51438 856.115
4.52012 741.456
4.52585 596.8
4.53159 494.386
4.53733 427.93
4.54306 369.212
4.5488 319.97
4.55454 288.982
4.56027 258.075
4.56601 236.378
4.57174 223
4.57748 204.615
4.58322 191.897
4.58895 185.612
4.59469 173.787
4.60042 163.731
4.60616 157.387
4.6119 157.8
4.61763 156.024
4.62337 155.513
4.62911 148
4.63484 145.015
4.64058 140.793
4.64631 131.028
4.65205 127.375
4.65779 128.625
4.66352 122.09
4.66926 120.066
4.675 119.887
4.68073 119.064
4.68647 115.767
4.6922 117.368
4.69794 115.325
4.70368 118.39
4.70941 114.44
4.71515 120.812
4.72088 118.113
4.72662 125.174
4.73236 120.508
4.73809 125.341
4.74383 126.846
4.74957 120.904
4.7553 116.94
4.76104 115.463
4.76677 115.119
4.77251 106.615
4.77825 101.293
4.78398 101.427
4.78972 93.4182
4.79546 96.9412
4.80119 95.8734
4.80693 91.7538
4.81266 91.662
4.8184 91.9286
4.82414 93.6301
4.82987 86.5738
4.83561 85.0714
4.84134 90.4875
4.84708 88.5283
4.85282 86.7059
4.85855 89.439
4.86429 85.3239
4.87003 88.082
4.87576 84.093
4.8815 85.4103
4.88723 81.6852
4.89297 85.5529
4.89871 80.2024
4.90444 84.9577
4.91018 81.3284
4.91592 81.9286
4.92165 80.0633
4.92739 79.0175
4.93312 81.9535
4.93886 79.9048
4.9446 74.5075
4.95033 76.9718
4.95607 81.6279
4.9618 80.7922
4.96754 76.2542
4.97328 80.1744
4.97901 75.7831
4.98475 80.6393
4.99049 82.3205
4.99622 79.1818
5.00196 77.5069
5.00769 73.8095
5.01343 78.4318
5.01917 76.5783
5.0249 77.0566
5.03064 78.4111
5.03638 78.407
5.04211 76.2133
5.04785 77.2154
5.05358 78.2442
5.05932 75.642
5.06506 70.8596
5.07079 75.7273
5.07653 76.6782
5.08226 76.2394
5.088 73.2253
5.09374 73.5778
5.09947 73.3117
5.10521 67.9048
5.11095 77.7444
5.11668 77.2941
5.12242 73.7576
5.12815 73.3377
5.13389 76.7111
5.13963 75.5844
5.14536 77.8033
5.1511 78.2717
5.15684 80.7711
5.16257 75.6774
5.16831 78.4643
5.17404 82.4045
5.17978 82.5769
5.18552 75.403
5.19125 74.9778
5.19699 76.6024
5.20272 79.5424
5.20846 77.8587
5.2142 72.0225
5.21993 76.1579
5.22567 75.6522
5.23141 72.3478
5.23714 75.8395
5.24288 76.3443
5.24861 71.0326
5.25435 76.427
5.26009 72.6571
5.26582 75.9737
5.27156 73.5824
5.2773 74.2875
5.28303 71.8769
5.28877 75.5213
5.2945 80.2989
5.30024 76.2083
5.30598 81.924
5.31171 79.427
5.31745 80.9146
5.32318 79.9385
5.32892 83.2021
5.33466 78.3448
5.34039 74.6061
5.34613 74.4235
5.35187 78.011
5.3576 77.6543
5.36334 75.9403
5.36907 76.9062
5.37481 75.2353
5.38055 79.1967
5.38628 90.5833
5.39202 101.571
5.39776 106.662
5.40349 94.4789
5.40923 91.6771
5.41496 84.0247
5.4207 79.9206
5.42644 76.4082
5.43217 73.6742
5.43791 81.1026
5.44364 76.7945
5.44938 79.3402
5.45512 82.7439
5.46085 80.8955
5.46659 77.5
5.47233 75.7528
5.47806 73.4605
5.4838 75.1852
5.48953 75.0215
5.49527 77.5952
5.50101 73.7015
5.50674 76.5816
5.51248 76.3933
5.51822 76.6892
5.52395 74.9759
5.52969 74.9032
5.53542 75.9167
5.54116 69.3235
5.5469 73.2323
5.55263 74.6667
5.55837 75.75
5.5641 78.6966
5.56984 75.172
5.57558 77.7381
5.58131 74.5342
5.58705 73.5253
5.59279 78.25
5.59852 76.254
5.60426 75.28
5.60999 73.6237
5.61573 78.8049
5.62147 79.28
5.6272 75.6701
5.63294 78.0233
5.63868 77.2985
5.64441 74.1471
5.65015 76.957
5.65588 75.1905
5.66162 78.3247
5.66736 80.303
5.67309 78.0116
5.67883 75.7681
5.68456 78.297
5.6903 78.7
5.69604 74.9512
5.70177 79.9639
5.70751 78.8211
5.71325 81.7273
5.71898 80.8592
5.72472 84.8081
5.73045 82.7097
5.73619 86.5875
5.74193 84.5169
5.74766 83.6316
5.7534 86.3409
5.75914 91.2958
5.76487 88.1188
5.77061 91.8404
5.77634 93.3205
5.78208 91.9888
5.78782 89.6598
5.79355 90.6395
5.79929 87.64
5.80502 90.3168
5.81076 86.4239
5.8165 85.3378
5.82223 88.9375
5.82797 88.3265
5.83371 85.4884
5.83944 81.038
5.84518 83.3535
5.85091 88.6979
5.85665 87.3231
5.86239 88.0381
5.86812 89.3163
5.87386 87.3023
5.8796 87.1646
5.88533 90.7129
5.89107 89.7283
5.8968 90.7681
5.90254 89.3238
5.90828 87.8469
5.91401 88.7558
5.91975 91.012
5.92548 91.4646
5.93122 93.3936
5.93696 93.7808
5.94269 93.7429
5.94843 95.1458
5.95417 97.4432
5.9599 94.3529
5.96564 95.5253
5.97137 95.0426
5.97711 99.3151
5.98285 99.466
5.98858 101.929
5.99432 98.6429
6.00006 103.404
6.00579 103.889
6.01153 111.34
6.01726 108.147
6.023 114.343
6.02874 101.354
6.03447 104.136
6.04021 100.511
6.04594 101.684
6.05168 102.656
6.05742 102.065
6.06315 105.238
6.06889 107.031
6.07463 111.786
6.08036 109.011
6.0861 106.224
6.09183 112.271
6.09757 115.987
6.10331 114.745
6.10904 115.021
6.11478 117.07
6.12052 115.49
6.12625 112.86
6.13199 117.085
6.13772 118.073
6.14346 120.5
6.1492 122.58
6.15493 122
6.16067 121.039
6.1664 125.459
6.17214 129.138
6.17788 132.964
6.18361 134.078
6.18935 140.131
6.19509 149.173
6.20082 144.395
6.20656 152.696
6.21229 162.281
6.21803 166.683
6.22377 174.906
6.2295 180.56
6.23524 186.12
6.24098 181.101
6.24671 181.196
6.25245 199.936
6.25818 211.081
6.26392 212.716
6.26966 273.039
6.27539 506.08
6.28113 311.239
6.28686 1682.56
6.2926 5876.78
6.29834 1468.61
6.30407 4249.61
6.30981 2646.26
6.31555 1781.85
6.32128 770.907
6.32702 559.788
6.33275 529.302
6.33849 446.966
6.34423 484.394
6.34996 514.902
6.3557 563.359
6.36144 638.482
6.36717 754.712
6.37291 847.547
6.37864 844.1
6.38438 774.434
6.39012 667.539
6.39585 565.975
6.40159 475.907
6.40732 394.898
6.41306 343
6.4188 297.033
6.42453 266.802
6.43027 246.422
6.43601 231.232
6.44174 225.679
6.44748 213.87
6.45321 205.351
6.45895 204.152
6.46469 197.143
6.47042 195.621
6.47616 189.69
6.4819 176.064
6.48763 168.704
6.49337 164.806
6.4991 158.147
6.50484 156.889
6.51058 151.48
6.51631 153.464
6.52205 151.391
6.52778 146.454
6.53352 147.63
6.53926 146.896
6.54499 139.75
6.55073 147.647
6.55647 142.952
6.5622 149.513
6.56794 148.083
6.57367 149.215
6.57941 143.389
6.58515 144.839
6.59088 137.423
6.59662 134.464
6.60236 135
6.60809 130.019
6.61383 134.688
6.61956 129.546
6.6253 131.625
6.63104 130.696
6.63677 130.116
6.64251 128.202
6.64824 132.131
6.65398 130.659
6.65972 130.755
6.66545 135.107
6.67119 138.413
6.67693 134.558
6.68266 136.819
6.6884 135.667
6.69413 134.813
6.69987 136.767
6.70561 136.83
6.71134 133.038
6.71708 126.795
6.72282 129.816
6.72855 127.296
6.73429 131.584
6.74002 133.396
6.74576 130.643
6.7515 128.913
6.75723 126.719
6.76297 127.06
6.7687 125.393
6.77444 126.393
6.78018 124
6.78591 126.75
6.79165 128.047
6.79739 132.011
6.80312 125.789
6.80886 124.42
6.81459 128.538
6.82033 124.971
6.82607 121.931
6.8318 122.79
6.83754 123.739
6.84328 124.957
6.84901 126.179
6.85475 134.901
6.86048 126.761
6.86622 129.466
6.87196 125.748
6.87769 122.828
6.88343 125.941
6.88916 128.649
6.8949 123.172
6.90064 127.451
6.90637 129.737
6.91211 129.243
6.91785 127.414
6.92358 128.661
6.92932 129.398
6.93505 131.124
6.94079 126.159
6.94653 126.224
6.95226 129.084
6.958 129.11
6.96374 132.192
6.96947 128.316
6.97521 126.22
6.98094 127.009
6.98668 128.552
6.99242 129.624
6.99815 127.337
7.00389 134.475
7.00962 132.103
7.01536 134.946
7.0211 131.118
7.02683 131.537
7.03257 134.393
7.03831 134.226
7.04404 133.951
7.04978 135.2
7.05551 138.979
7.06125 136.596
7.06699 137.82
7.07272 136.972
7.07846 139.303
7.0842 134.516
7.08993 139.621
7.09567 135.409
7.1014 139.124
7.10714 140.723
7.11288 144.761
7.11861 143.478
7.12435 148.935
7.13008 148.068
7.13582 150.406
7.14156 144.955
7.14729 145.6
7.15303 143.78
7.15877 144.409
7.1645 150.298
7.17024 148.361
7.17597 145.235
7.18171 145.243
7.18745 148.828
7.19318 152.459
7.19892 152.522
7.20466 152.425
7.21039 156.205
7.21613 155.172
7.22186 158.908
7.2276 161.278
7.23334 163.982
7.23907 158.374
7.24481 162.206
7.25054 159.983
7.25628 162.99
7.26202 164.135
7.26775 170.107
7.27349 173.982
7.27923 167.559
7.28496 173.74
7.2907 176.748
7.29643 178.845
7.30217 177.583
7.30791 184.976
7.31364 190.214
7.31938 193
7.32512 200.792
7.33085 203.777
7.33659 218.769
7.34232 207.429
7.34806 225.123
7.3538 248.225
7.35953 231.882
7.36527 272.305
7.371 394.298
7.37674 1205.88
7.38248 550.2
7.38821 4450.19
7.39395 3122.8
7.39969 2840.77
7.40542 1696.13
7.41116 1088.45
7.41689 825.641
7.42263 602.72
7.42837 507.048
7.4341 508.218
7.43984 481.438
7.44558 506.575
7.45131 556.388
7.45705 635.236
7.46278 684.311
7.46852 802.038
7.47426 905.873
7.47999 952.089
7.48573 923.939
7.49146 811.208
7.4972 693.6
7.50294 586.813
7.50867 493
7.51441 414.613
7.52015 369.604
7.52588 327.515
7.53162 291.872
7.53735 269.741
7.54309 254.301
7.54883 232.886
7.55456 223.445
7.5603 214.933
7.56604 203.452
7.57177 198.056
7.57751 191.174
7.58324 187.647
7.58898 179.573
7.59472 175.943
7.60045 180.01
7.60619 168.285
7.61192 172.178
7.61766 169.379
7.6234 167.059
7.62913 161.674
7.63487 160.744
7.64061 164.98
7.64634 162.837
7.65208 159.899
7.65781 165.134
7.66355 159.847
7.66929 160.373
7.67502 161.75
7.68076 163.302
7.6865 164.025
7.69223 169.672
7.69797 179.441
7.7037 172.861
7.70944 209.254
7.71518 383.39
7.72091 735.791
7.72665 1158.06
7.73238 2341.24
7.73812 544.861
7.74386 257.806
7.74959 265.051
7.75533 234.913
7.76107 227.252
7.7668 237.018
7.77254 250.977
7.77827 269.598
7.78401 292.475
7.78975 320.496
7.79548 372.555
7.80122 428.06
7.80696 459.514
7.81269 484.128
7.81843 460.266
7.82416 420.263
7.8299 358.371
7.83564 298.281
7.84137 253.949
7.84711 229.318
7.85284 200.847
7.85858 184.315
7.86432 174.526
7.87005 162.446
7.87579 152.867
7.88153 152.082
7.88726 143.972
7.893 139.059
7.89873 136.492
7.90447 135.441
7.91021 132.03
7.91594 131.275
7.92168 125.558
7.92742 124.255
7.93315 125.255
7.93889 123.858
7.94462 119.195
7.95036 123.264
7.9561 118.197
7.96183 116.651
7.96757 116.562
7.9733 117.569
7.97904 118.715
7.98478 116.92
7.99051 113.064
7.99625 112.391
8.00199 114.726
8.00772 110.505
8.01346 112.835
8.01919 112.105
8.02493 111.622
8.03067 108.301
8.0364 109.522
8.04214 109.827
8.04788 109.369
8.05361 105.727
8.05935 106.169
8.06508 106.364
8.07082 107.761
8.07656 107.102
8.08229 107.125
8.08803 107.444
8.09376 101.133
8.0995 94.5758
8.10524 91.5366
8.11097 85.0089
8.11671 74.9855
8.12245 69.7829
8.12818 67.027
8.13392 59.6667
8.13965 59.8321
8.14539 53.5242
8.15113 53.6757
8.15686 26.0292
8.1626 28.2593
8.16834 25.0508
8.17407 18.8421
8.17981 3.84211
8.18554 0
8.19128 0
8.19702 0
8.20275 0
8.20849 0
8.21422 0
8.21996 0
8.2257 0
8.23143 0
8.23717 0
8.24291 0
8.24864 0
8.25438 0
8.26011 0
8.26585 0
8.27159 0
8.27732 0
8.28306 0
8.2888 0
8.29453 0
8.30027 0
8.306 0
8.31174 0
8.31748 0
8.32321 0
8.32895 0
8.33468 0
8.34042 0
8.34616 0
8.35189 0
8.35763 0
8.36337 0
8.3691 0
8.37484 0
8.38057 0
8.38631 0
8.39205 0
8.39778 0
8.40352 0
8.40926 0
8.41499 0
8.42073 0
8.42646 0
8.4322 0
8.43794 0
8.44367 0
8.44941 0
8.45514 0
8.46088 0
8.46662 0
8.47235 0
8.47809 0
8.48383 0
8.48956 0
8.4953 0
8.50103 0
8.50677 0
8.51251 0
8.51824 0
8.52398 0
8.52972 0
8.53545 0
8.54119 0
8.54692 0
8.55266 0
8.5584 0
8.56413 0
8.56987 0
8.5756 0
8.58134 0
8.58708 0
8.59281 0
8.59855 0
8.60429 0
8.61002 0
8.61576 0
8.62149 0
8.62723 0
8.63297 0
8.6387 0
8.64444 0
8.65018 0
8.65591 0
8.66165 0
8.66738 0
8.67312 0
8.67886 0
8.68459 0
8.69033 0
8.69606 0
8.7018 0
8.70754 0
8.71327 0
8.71901 0
8.72475 0
8.73048 0
8.73622 0
8.74195 0
8.74769 0
8.75343 0
8.75916 0
8.7649 0
8.77064 0
8.77637 0
8.78211 0
8.78784 0
8.79358 0
8.79932 0
8.80505 0
8.81079 0
8.81652 0
8.82226 0
8.828 0
8.83373 0
8.83947 0
8.84521 0
8.85094 0
8.85668 0
8.86241 0
8.86815 0
8.87389 0
8.87962 0
8.88536 0
8.8911 0
8.89683 0
8.90257 0
8.9083 0
8.91404 0
8.91978 0
8.92551 0
8.93125 0
8.93698 0
8.94272 0
8.94846 0
8.95419 0
8.95993 0
8.96567 0
8.9714 0
8.97714 0
8.98287 0
8.98861 0
8.99435 0
9.00008 0
9.00582 0
9.01156 0
9.01729 0
9.02303 0
9.02876 0
9.0345 0
9.04024 0
9.04597 0
9.05171 0
9.05744 0
9.06318 0
9.06892 0
9.07465 0
9.08039 0
9.08613 0
9.09186 0
9.0976 0
9.10333 0
9.10907 0
9.11481 0
9.12054 0
9.12628 0
9.13202 0
9.13775 0
9.14349 0
9.14922 0
9.15496 0
9.1607 0
9.16643 0
9.17217 0
9.1779 0
9.18364 0
9.18938 0
9.19511 0
9.20085 0
9.20659 0
9.21232 0
9.21806 0
9.22379 0
9.22953 0
9.23527 0
9.241 0
9.24674 0
9.25248 0
9.25821 0
9.26395 0
9.26968 0
9.27542 0
9.28116 0
9.28689 0
9.29263 0
9.29836 0
9.3041 0
9.30984 0
9.31557 0
9.32131 0
9.32705 0
9.33278 0
9.33852 0
9.34425 0
9.34999 0
9.35573 0
9.36146 0
9.3672 0
9.37294 0
9.37867 0
9.38441 0
9.39014 0
9.39588 0
9.40162 0
9.40735 0
9.41309 0
9.41882 0
9.42456 0
9.4303 0
9.43603 0
9.44177 0
9.44751 0
9.45324 0
9.45898 0
9.46471 0
9.47045 0
9.47619 0
9.48192 0
9.48766 0
9.4934 0
9.49913 0
9.50487 0
9.5106 0
9.51634 0
9.52208 0
9.52781 0
9.53355 0
9.53928 0
9.54502 0
9.55076 0
9.55649 0
9.56223 0
9.56797 0
9.5737 0
9.57944 0
9.58517 0
9.59091 0
9.59665 0
9.60238 0
9.60812 0
9.61386 0
9.61959 0
9.62533 0
9.63106 0
9.6368 0
9.64254 0
9.64827 0
9.65401 0
9.65974 0
9.66548 0
9.67122 0
9.67695 0
9.68269 0
9.68843 0
9.69416 0
9.6999 0
9.70563 0
9.71137 0
9.71711 0
9.72284 0
9.72858 0
9.73432 0
9.74005 0
9.74579 0
9.75152 0
9.75726 0
9.763 0
9.76873 0
9.77447 0
9.7802 0
9.78594 0
9.79168 0
9.79741 0
9.80315 0
9.80889 0
9.81462 0
9.82036 0
9.82609 0
9.83183 0
9.83757 0
9.8433 0
9.84904 0
9.85478 0
9.86051 0
9.86625 0
9.87198 0
9.87772 0
9.88346 0
9.88919 0
9.89493 0
9.90066 0
9.9064 0
9.91214 0
9.91787 0
9.92361 0
9.92935 0
9.93508 0
9.94082 0
9.94655 0
9.95229 0
9.95803 0
9.96376 0
9.9695 0
9.97524 0
9.98097 0
9.98671 0
9.99244 0
9.99818 0
10.0039 0
10.0097 0
10.0154 0
10.0211 0
10.0269 0
10.0326 0
10.0383 0
10.0441 0
10.0498 0
10.0555 0
10.0613 0
10.067 0
10.0728 0
10.0785 0
10.0842 0
10.09 0
10.0957 0
10.1014 0
10.1072 0
10.1129 0
10.1186 0
10.1244 0
10.1301 0
10.1358 0
10.1416 0
10.1473 0
10.1531 0
10.1588 0
10.1645 0
10.1703 0
10.176 0
10.1817 0
10.1875 0
10.1932 0
10.1989 0
10.2047 0
10.2104 0
10.2162 0
10.2219 0
10.2276 0
10.2334 0
10.2391 0
10.2448 0
10.2506 0
10.2563 0
10.262 0
10.2678 0
10.2735 0
10.2793 0
10.285 0
10.2907 0
10.2965 0
10.3022 0
10.3079 0
10.3137 0
10.3194 0
10.3251 0
10.3309 0
10.3366 0
10.3424 0
10.3481 0
10.3538 0
10.3596 0
10.3653 0
10.371 0
10.3768 0
10.3825 0
10.3882 0
10.394 0
10.3997 0
10.4054 0
10.4112 0
10.4169 0
10.4227 0
10.4284 0
10.4341 0
10.4399 0
10.4456 0
10.4513 0
10.4571 0
10.4628 0
10.4685 0
10.4743 0
10.48 0
10.4858 0
10.4915 0
10.4972 0
10.503 0
10.5087 0
10.5144 0
10.5202 0
10.5259 0
10.5316 0
10.5374 0
10.5431 0
10.5489 0
10.5546 0
10.5603 0
10.5661 0
10.5718 0
10.5775 0
10.5833 0
10.589 0
10.5947 0
10.6005 0
10.6062 0
10.612 0
10.6177 0
10.6234 0
10.6292 0
10.6349 0
10.6406 0
10.6464 0
10.6521 0
10.6578 0
10.6636 0
10.6693 0
10.6751 0
10.6808 0
10.6865 0
10.6923 0
10.698 0
10.7037 0
10.7095 0
10.7152 0
10.7209 0
10.7267 0
10.7324 0
10.7381 0
10.7439 0
10.7496 0
10.7554 0
10.7611 0
10.7668 0
10.7726 0
10.7783 0
10.784 0
10.7898 0
10.7955 0
10.8012 0
10.807 0
10.8127 0
10.8185 0
10.8242 0
10.8299 0
10.8357 0
10.8414 0
10.8471 0
10.8529 0
10.8586 0
10.8643 0
10.8701 0
10.8758 0
10.8816 0
10.8873 0
10.893 0
10.8988 0
10.9045 0
10.9102 0
10.916 0
10.9217 0
10.9274 0
10.9332 0
10.9389 0
10.9447 0
10.9504 0
10.9561 0
10.9619 0
10.9676 0
10.9733 0
10.9791 0
10.9848 0
10.9905 0
10.9963 0
11.002 0
11.0077 0
11.0135 0
11.0192 0
11.025 0
11.0307 0
11.0364 0
11.0422 0
11.0479 0
11.0536 0
11.0594 0
11.0651 0
11.0708 0
11.0766 0
11.0823 0
11.0881 0
11.0938 0
11.0995 0
11.1053 0
11.111 0
11.1167 0
11.1225 0
11.1282 0
11.1339 0
11.1397 0
11.1454 0
11.1512 0
11.1569 0
11.1626 0
11.1684 0
11.1741 0
11.1798 0
11.1856 0
11.1913 0
11.197 0
11.2028 0
11.2085 0
11.2143 0
11.22 0
11.2257 0
11.2315 0
11.2372 0
11.2429 0
11.2487 0
11.2544 0
11.2601 0
11.2659 0
11.2716 0
11.2774 0
11.2831 0
11.2888 0
11.2946 0
11.3003 0
11.306 0
11.3118 0
11.3175 0
11.3232 0
11.329 0
11.3347 0
11.3404 0
11.3462 0
11.3519 0
11.3577 0
11.3634 0
11.3691 0
11.3749 0
11.3806 0
11.3863 0
11.3921 0
11.3978 0
11.4035 0
11.4093 0
11.415 0
11.4208 0
11.4265 0
11.4322 0
11.438 0
11.4437 0
11.4494 0
11.4552 0
11.4609 0
11.4666 0
11.4724 0
11.4781 0
11.4839 0
11.4896 0
11.4953 0
11.5011 0
11.5068 0
11.5125 0
11.5183 0
11.524 0
11.5297 0
11.5355 0
11.5412 0
11.547 0
11.5527 0
11.5584 0
11.5642 0
11.5699 0
11.5756 0
11.5814 0
11.5871 0
11.5928 0
11.5986 0
11.6043 0
11.61 0
11.6158 0
11.6215 0
11.6273 0
11.633 0
11.6387 0
11.6445 0
11.6502 0
11.6559 0
11.6617 0
11.6674 0
11.6731 0
11.6789 0
11.6846 0
11.6904 0
11.6961 0
11.7018 0
11.7076 0
11.7133 0
11.719 0
11.7248 0
11.7305 0
11.7362 0
11.742 0
