0 0
0.00573619 9
0.0114724 2
0.0172086 0
0.0229448 5
0.028681 -6
0.0344171 0
0.0401533 15
0.0458895 8
0.0516257 4
0.0573619 0
0.0630981 -3
0.0688343 7
0.0745705 0
0.0803067 7
0.0860429 7
0.091779 0
0.0975152 -5
0.103251 -13.6667
0.108988 -0.333333
0.114724 0
0.12046 -4.33333
0.126196 -2.66667
0.131932 0
0.137669 1.66667
0.143405 4
0.149141 4
0.154877 4
0.160613 0.333333
0.16635 -10.3333
0.172086 0
0.177822 1.66667
0.183558 2.25
0.189294 0
0.19503 -3.2
0.200767 -5.8
0.206503 15
0.212239 10
0.217975 5.2
0.223711 -1.6
0.229448 0
0.235184 4.8
0.24092 -0.8
0.246656 0
0.252392 -10.8
0.258129 9
0.263865 13.4
0.269601 0
0.275337 0.2
0.281073 -10.4286
0.28681 0
0.292546 -7.14286
0.298282 8.57143
0.304018 13
0.309754 1.25
0.31549 6.71429
0.321227 -7.71429
0.326963 0
0.332699 -6.14286
0.338435 -2.85714
0.344171 0
0.349908 -7
0.355644 9.42857
0.36138 0
0.367116 -3.5
0.372852 5.25
0.378589 -2.57143
0.384325 -9
0.390061 -3.77778
0.395797 -1.11111
0.401533 0
0.40727 12.5556
0.413006 0.111111
0.418742 3.42857
0.424478 15.5
0.430214 16.6667
0.43595 13.2222
0.441687 0
0.447423 9.33333
0.453159 17
0.458895 -4.33333
0.464631 8.28571
0.470368 9.81818
0.476104 9.88889
0.48184 5.5
0.487576 9.72727
0.493312 16.6364
0.499049 0
0.504785 15.5455
0.510521 27.8182
0.516257 4.6
0.521993 16.5
0.52773 26
0.533466 29
0.539202 35.5
0.544938 27.5455
0.550674 23.7273
0.55641 0
0.562147 24.25
0.567883 22.9231
0.573619 26.2857
0.579355 18
0.585091 15.3846
0.590828 24.4545
0.596564 18
0.6023 23.2308
0.608036 15.2308
0.613772 34
0.619509 13.5
0.625245 20
0.630981 18.7778
0.636717 17.5
0.642453 25.7692
0.64819 24
0.653926 36
0.659662 26.8
0.665398 28.6
0.671134 16.5714
0.67687 32.125
0.682607 24.9333
0.688343 27.2727
0.694079 29.5
0.699815 19.7333
0.705551 20.6
0.711288 21
0.717024 29.8571
0.72276 31.2667
0.728496 30.8889
0.734232 23.8333
0.739969 28
0.745705 31.3846
0.751441 30
0.757177 27
0.762913 24.2941
0.76865 24.6
0.774386 30.6667
0.780122 23.5294
0.785858 29
0.791594 35.8333
0.79733 27.8824
0.803067 34.8
0.808803 31.5
0.814539 29.7059
0.820275 32.7059
0.826011 21.4444
0.831748 30
0.837484 31.1667
0.84322 27.7692
0.848956 21.5
0.854692 28.8421
0.860429 29.4118
0.866165 33.6
0.871901 26.9375
0.877637 22.8947
0.883373 29.6364
0.88911 30.875
0.894846 33.1053
0.900582 31.2667
0.906318 37.5
0.912054 28.1579
0.91779 27
0.923527 24.7778
0.929263 34.8462
0.934999 33.1
0.940735 27.3846
0.946471 19.75
0.952208 26.7143
0.957944 24.2353
0.96368 30.5
0.969416 32.619
0.975152 28.7368
0.980889 27.6364
0.986625 21.6667
0.992361 27.7619
0.998097 25.9333
1.00383 33.5
1.00957 30.4286
1.01531 29
1.02104 23.3
1.02678 24.4118
1.03251 31.8571
1.03825 24.9231
1.04399 20.25
1.04972 25.5652
1.05546 29.2941
1.0612 37.5
1.06693 36.8696
1.07267 30
1.0784 30.8462
1.08414 24.8571
1.08988 28.5652
1.09561 33
1.10135 31.375
1.10708 30.3478
1.11282 22.7059
1.11856 22.7143
1.12429 30.4167
1.13003 34.1905
1.13577 25.0667
1.1415 36.0714
1.14724 25.4
1.15297 27.9333
1.15871 25.3
1.16445 29.68
1.17018 28.7368
1.17592 16.6923
1.18166 30.2222
1.18739 27.0435
1.19313 33
1.19886 27.1667
1.2046 27.16
1.21034 29.2778
1.21607 18
1.22181 29.2593
1.22754 23.2857
1.23328 27.2941
1.23902 27.6875
1.24475 26.88
1.25049 19.4118
1.25623 35.6667
1.26196 24.6667
1.2677 29.0526
1.27343 23.6154
1.27917 31.5455
1.28491 33.4348
1.29064 32.8824
1.29638 27.2
1.30212 30.4074
1.30785 31.5556
1.31359 26.3636
1.31932 29.931
1.32506 26.9048
1.3308 21.9412
1.33653 37.15
1.34227 32.84
1.348 28.1053
1.35374 33.5714
1.35948 31.4074
1.36521 27.0952
1.37095 23.4
1.37669 29.5517
1.38242 29.8696
1.38816 22.7059
1.39389 37
1.39963 37.5185
1.40537 31.55
1.4111 26.3571
1.41684 30
1.42258 26.1739
1.42831 23.8235
1.43405 25.9583
1.43978 31.76
1.44552 34.9524
1.45126 30.25
1.45699 28.7241
1.46273 23.381
1.46846 31.6667
1.4742 32.8387
1.47994 28.8261
1.48567 31
1.49141 23.8571
1.49715 31.8519
1.50288 32.2727
1.50862 25.1875
1.51435 25.7586
1.52009 24.28
1.52583 26.6
1.53156 27.7333
1.5373 30
1.54304 33.3333
1.54877 32.45
1.55451 28.3103
1.56024 32.913
1.56598 24.0714
1.57172 29.6452
1.57745 24.1923
1.58319 27.95
1.58892 26
1.59466 24.8148
1.6004 27.84
1.60613 30.1667
1.61187 20.871
1.61761 31.2
1.62334 25.7857
1.62908 28.9697
1.63481 29.4815
1.64055 33.8261
1.64629 27.8182
1.65202 24.6552
1.65776 31.2
1.6635 28.0625
1.66923 25.4516
1.67497 26.7857
1.6807 27.45
1.68644 29.0357
1.69218 27.6071
1.69791 26.08
1.70365 31.5909
1.70938 25.2581
1.71512 30.7037
1.72086 26.0625
1.72659 35.6364
1.73233 28.5862
1.73807 27.9565
1.7438 29.8462
1.74954 30.1724
1.75527 30.5185
1.76101 27.2632
1.76675 31.1818
1.77248 28.9286
1.77822 29.4
1.78396 27.1
1.78969 27.1935
1.79543 28.2593
1.80116 21
1.8069 30.7419
1.81264 18.4138
1.81837 32.9444
1.82411 25.9143
1.82984 27.7241
1.83558 30.04
1.84132 32
1.84705 27.5161
1.85279 28.8214
1.85853 27.3478
1.86426 28.8485
1.87 32.9667
1.87573 36.1176
1.88147 31.8
1.88721 29.5455
1.89294 29.037
1.89868 28.1538
1.90442 31.2424
1.91015 32.6129
1.91589 31.35
1.92162 36.4286
1.92736 38.5484
1.9331 38.2
1.93883 46.0714
1.94457 42.4545
1.9503 39
1.95604 31.375
1.96178 35.8235
1.96751 32.2812
1.97325 31.85
1.97899 33.8378
1.98472 35.5758
1.99046 32.8276
1.99619 35.6538
2.00193 31
2.00767 30.6129
2.0134 25.75
2.01914 30.5429
2.02488 32.2727
2.03061 32.2
2.03635 29.4062
2.04208 32.4706
2.04782 27.7188
2.05356 27.7083
2.05929 29.4167
2.06503 32.7059
2.07076 35.9545
2.0765 25.2973
2.08224 30.8571
2.08797 38.7241
2.09371 31.2143
2.09945 37.0811
2.10518 31.0606
2.11092 29.2917
2.11665 29.8108
2.12239 34.8
2.12813 31.9565
2.13386 32.4324
2.1396 29.0556
2.14534 35.9375
2.15107 34.0385
2.15681 32.0789
2.16254 35.6667
2.16828 37.1818
2.17402 33.9487
2.17975 27.9189
2.18549 34.3226
2.19122 30.9667
2.19696 35.4324
2.2027 40.9429
2.20843 45.1667
2.21417 73.2051
2.21991 84.7568
2.22564 34.8636
2.23138 43.975
2.23711 34.9474
2.24285 38.0588
2.24859 32.1429
2.25432 40.4211
2.26006 30.7179
2.2658 31.8182
2.27153 31.7805
2.27727 31.0513
2.283 35.8064
2.28874 38.3125
2.29448 34.7436
2.30021 40.9459
2.30595 33.0769
2.31168 37.8462
2.31742 37.95
2.32316 35.1818
2.32889 30.8571
2.33463 39.35
2.34037 39.5556
2.3461 45.2857
2.35184 46.6667
2.35757 49.1622
2.36331 53.4231
2.36905 51.878
2.37478 43.0732
2.38052 39.4194
2.38626 45.9412
2.39199 43.0698
2.39773 42.6757
2.40346 38.2692
2.4092 42.2727
2.41494 42.75
2.42067 32.4091
2.42641 37.9545
2.43214 34.5714
2.43788 34.5143
2.44362 32.0323
2.44935 36.4
2.45509 32.6667
2.46083 34.1538
2.46656 34.3111
2.4723 39.0976
2.47803 34.8621
2.48377 38.175
2.48951 39.2093
2.49524 36.359
2.50098 38.4615
2.50672 36.413
2.51245 40.7619
2.51819 30.2083
2.52392 35.2174
2.52966 33.5227
2.5354 34.5455
2.54113 33.1429
2.54687 39.4444
2.5526 32.9512
2.55834 28.3846
2.56408 35.5106
2.56981 38.6047
2.57555 36
2.58129 37.0714
2.58702 38.7333
2.59276 36.3784
2.59849 41.5455
2.60423 38.3913
2.60997 38.3182
2.6157 39.5833
2.62144 35.5417
2.62718 38.2391
2.63291 36.9714
2.63865 38.6389
2.64438 34.9149
2.65012 38.6341
2.65586 37.8
2.66159 38.766
2.66733 36.8889
2.67306 29.48
2.6788 39.75
2.68454 42.9167
2.69027 40.8974
2.69601 40.4848
2.70175 42.0833
2.70748 40.1111
2.71322 37.3333
2.71895 43.9375
2.72469 43.8333
2.73043 41.3143
2.73616 35.4474
2.7419 42
2.74764 40.3488
2.75337 42.2667
2.75911 43.1429
2.76484 36.9796
2.77058 39.4583
2.77632 41.2245
2.78205 41.82
2.78779 34.6667
2.79352 37.0857
2.79926 41.3654
2.805 38.8444
2.81073 33.4815
2.81647 40
2.82221 42.4694
2.82794 43.6486
2.83368 39.6842
2.83941 42.0755
2.84515 41.2195
2.85089 40.8125
2.85662 43.5472
2.86236 38.7551
2.8681 32.2083
2.87383 40.4259
2.87957 40.62
2.8853 39.4634
2.89104 41.3784
2.89678 46.5769
2.90251 47.0667
2.90825 45.5172
2.91398 45.7778
2.91972 44.2549
2.92546 41.1081
2.93119 39.7857
2.93693 45.6038
2.94267 43.0444
2.9484 40.0312
2.95414 44.434
2.95987 44.8776
2.96561 45.8519
2.97135 44.9286
2.97708 43.8333
2.98282 45.3077
2.98856 48.1026
2.99429 41.4444
3.00003 44.8085
3.00576 48.5161
3.0115 43.4727
3.01724 47.566
3.02297 47.4865
3.02871 47.0455
3.03444 49.7818
3.04018 48.0444
3.04592 46.7059
3.05165 48.7636
3.05739 43.1569
3.06313 44.2759
3.06886 42.5714
3.0746 48.1636
3.08033 48.4545
3.08607 49.7568
3.09181 53.625
3.09754 55.9592
3.10328 59.4516
3.10902 65.6102
3.11475 64.3585
3.12049 58.0769
3.12622 55.4348
3.13196 54.2364
3.1377 53.8085
3.14343 55.1667
3.14917 47.2931
3.1549 52.0392
3.16064 51.6897
3.16638 51.35
3.17211 55.1091
3.17785 53.7045
3.18359 52.439
3.18932 55.9483
3.19506 57.1224
3.20079 53.8235
3.20653 55.1017
3.21227 54.0755
3.218 52.0732
3.22374 57.1667
3.22948 54.7627
3.23521 55.4667
3.24095 60.8462
3.24668 65.0833
3.25242 58.1321
3.25816 57.6765
3.26389 60.7193
3.26963 62
3.27536 63.2391
3.2811 68.2683
3.28684 67.8333
3.29257 66.1633
3.29831 68.25
3.30405 71.1905
3.30978 72.4182
3.31552 71.9535
3.32125 76.625
3.32699 83.6667
3.33273 81.0588
3.33846 80.0769
3.3442 80.4839
3.34994 79.0588
3.35567 78.3947
3.36141 77.1017
3.36714 75.5439
3.37288 73.25
3.37862 70.7907
3.38435 77.2295
3.39009 75.434
3.39582 65.8611
3.40156 75.2222
3.4073 79.2909
3.41303 76.4255
3.41877 75.0417
3.42451 75.1639
3.43024 73.42
3.43598 84.8537
3.44171 74.6825
3.44745 76.0536
3.45319 81.6429
3.45892 79.8909
3.46466 79.4237
3.4704 75.92
3.47613 85.1628
3.48187 79.2064
3.4876 86.6038
3.49334 81.6316
3.49908 82.1045
3.50481 83.386
3.51055 83.234
3.51628 86.4314
3.52202 97.9344
3.52776 101.167
3.53349 110.341
3.53923 127.677
3.54497 154.889
3.5507 165.521
3.55644 156.745
3.56217 132.881
3.56791 119.827
3.57365 106.565
3.57938 105.2
3.58512 106.109
3.59086 98.8421
3.59659 102.448
3.60233 102.814
3.60806 101.902
3.6138 104.327
3.61954 109.095
3.62527 119.786
3.63101 121.512
3.63674 129.09
3.64248 153.138
3.64822 160.875
3.65395 172.281
3.65969 176.197
3.66543 159.556
3.67116 150.478
3.6769 154.794
3.68263 156.311
3.68837 149.921
3.69411 153.406
3.69984 152.983
3.70558 152.037
3.71132 151.745
3.71705 153.477
3.72279 163.375
3.72852 163.093
3.73426 165.507
3.74 173.839
3.74573 173.18
3.75147 174.836
3.7572 177.794
3.76294 190.441
3.76868 189.114
3.77441 205.179
3.78015 213.729
3.78589 227.766
3.79162 238.016
3.79736 252.344
3.80309 254.536
3.80883 273.529
3.81457 296.415
3.8203 330.083
3.82604 349.605
3.83178 409.406
3.83751 509.29
3.84325 651.714
3.84898 915.396
3.85472 1569.89
3.86046 1289.21
3.86619 1191.91
3.87193 1510.7
3.87766 2020.87
3.8834 2557.55
3.88914 3238.58
3.89487 3957.77
3.90061 3729.67
3.90635 3148.82
3.91208 2353.55
3.91782 1661.02
3.92355 1264.98
3.92929 994.38
3.93503 779.734
3.94076 629.776
3.9465 547.778
3.95224 475
3.95797 422.413
3.96371 375.174
3.96944 349.563
3.97518 325.603
3.98092 298.375
3.98665 283.017
3.99239 264.176
3.99812 260.565
4.00386 248.184
4.0096 239.406
4.01533 236.531
4.02107 227.58
4.02681 221.455
4.03254 228.03
4.03828 216.05
4.04401 211.712
4.04975 203.282
4.05549 198.815
4.06122 189.304
4.06696 187.116
4.0727 190.2
4.07843 177.517
4.08417 176.589
4.0899 174.529
4.09564 174.719
4.10138 171.88
4.10711 169.431
4.11285 171.409
4.11858 163.179
4.12432 163.435
4.13006 165
4.13579 164.048
4.14153 161.904
4.14727 166.014
4.153 167.821
4.15874 163.727
4.16447 162.616
4.17021 158.569
4.17595 158.081
4.18168 156.839
4.18742 159.257
4.19316 164.227
4.19889 156.88
4.20463 159.392
4.21036 158.015
4.2161 154.367
4.22184 156.741
4.22757 157.292
4.23331 161.522
4.23904 160.38
4.24478 158.547
4.25052 158.928
4.25625 159.161
4.26199 161.562
4.26773 158.944
4.27346 164.273
4.2792 160.536
4.28493 162.069
4.29067 164.357
4.29641 163.312
4.30214 167.211
4.30788 164.671
4.31362 165.5
4.31935 163.893
4.32509 167.365
4.33082 172.333
4.33656 170.56
4.3423 176.373
4.34803 190.149
4.35377 189.5
4.3595 188.967
4.36524 197.473
4.37098 206.2
4.37671 205.056
4.38245 209.676
4.38819 221.181
4.39392 231.035
4.39966 229.652
4.40539 249.833
4.41113 272.206
4.41687 278
4.4226 329.234
4.42834 498.205
4.43408 755.438
4.43981 1670.52
4.44555 5032.39
4.45128 2142.98
4.45702 4468.97
4.46276 1213.96
4.46849 684.806
4.47423 669.685
4.47996 676.197
4.4857 712.743
4.49144 767.062
4.49717 790.397
4.50291 815.658
4.50865 796.771
4.51438 724.577
4.52012 640.519
4.52585 533.92
4.53159 442.807
4.53733 391.169
4.54306 338.312
4.5488 299.209
4.55454 273.421
4.56027 249.312
4.56601 222.405
4.57174 211.615
4.57748 194.295
4.58322 184.474
4.58895 175.284
4.59469 169.689
4.60042 160.564
4.60616 160.267
4.6119 151.36
4.61763 151.084
4.62337 150.41
4.62911 143.825
4.63484 142.908
4.64058 135.317
4.64631 129.528
4.65205 128.411
4.65779 121.75
4.66352 122.41
4.66926 119.508
4.675 114.451
4.68073 120.295
4.68647 117.493
4.6922 124.123
4.69794 119.963
4.70368 119
4.70941 116.48
4.71515 119.471
4.72088 120.088
4.72662 117.971
4.73236 120.952
4.73809 119.463
4.74383 121.038
4.74957 113.846
4.7553 114.964
4.76104 112.387
4.76677 106.91
4.77251 108.077
4.77825 103.415
4.78398 104.147
4.78972 102.327
4.79546 99.9176
4.80119 97.8354
4.80693 94.0615
4.81266 96.338
4.8184 95.1667
4.82414 97.4521
4.82987 96.1803
4.83561 93.9881
4.84134 89.7125
4.84708 90.2453
4.85282 88.1647
4.85855 89.561
4.86429 86.0845
4.87003 86.4262
4.87576 86.0814
4.8815 90.1026
4.88723 82.7407
4.89297 85.1765
4.89871 87.6667
4.90444 85.169
4.91018 83.6269
4.91592 82.881
4.92165 84.8228
4.92739 84.0526
4.93312 83.9767
4.93886 80.0595
4.9446 83.2985
4.95033 82.4225
4.95607 83.2558
4.9618 89.1169
4.96754 83.2712
4.97328 84.7093
4.97901 84.6747
4.98475 84.7049
4.99049 80.7692
4.99622 79.1932
5.00196 81.1918
5.00769 77.381
5.01343 81.4205
5.01917 79.2289
5.0249 78.8113
5.03064 81.1333
5.03638 81.1047
5.04211 78.8267
5.04785 78.8154
5.05358 79.1744
5.05932 80.2963
5.06506 74.807
5.07079 76.4205
5.07653 75.5517
5.08226 79.8028
5.088 75.9437
5.09374 75.2778
5.09947 79.974
5.10521 77.8571
5.11095 76.8333
5.11668 83.3176
5.12242 74.5606
5.12815 79.7273
5.13389 80.1667
5.13963 80.4286
5.14536 84.7213
5.1511 78.7826
5.15684 81
5.16257 80.6936
5.16831 83.2976
5.17404 79.4157
5.17978 87.3974
5.18552 78.3582
5.19125 75.4556
5.19699 79.4096
5.20272 77.7797
5.20846 73.7174
5.2142 75.809
5.21993 77.6842
5.22567 75.5362
5.23141 76.2717
5.23714 80.6667
5.24288 81.4262
5.24861 80.7065
5.25435 78.2809
5.26009 80.9429
5.26582 79.1711
5.27156 76.5275
5.2773 82.675
5.28303 78.7231
5.28877 79.7979
5.2945 78.4368
5.30024 81.4861
5.30598 78.9114
5.31171 81.5955
5.31745 80.0244
5.32318 82.1385
5.32892 81.1277
5.33466 85.3678
5.34039 79.2121
5.34613 79.6235
5.35187 78.2637
5.3576 83.3086
5.36334 76.9701
5.36907 80.2917
5.37481 80.4235
5.38055 82.6393
5.38628 90.0625
5.39202 95.044
5.39776 101.162
5.40349 101.873
5.40923 92.6042
5.41496 84.8148
5.4207 78.2381
5.42644 77.6122
5.43217 74.8427
5.43791 80.141
5.44364 80.8082
5.44938 80.5361
5.45512 83.1463
5.46085 81.5672
5.46659 77.9184
5.47233 81.2697
5.47806 78.8947
5.4838 76.5309
5.48953 80.6452
5.49527 79.75
5.50101 76.5522
5.50674 80.9592
5.51248 77.4831
5.51822 81.2432
5.52395 81.9639
5.52969 83.6021
5.53542 81.0357
5.54116 78.8971
5.5469 77.9596
5.55263 75.9333
5.55837 79.625
5.5641 79.1798
5.56984 83.4301
5.57558 83.6429
5.58131 74.5205
5.58705 80.303
5.59279 80.6705
5.59852 77.7778
5.60426 78.91
5.60999 83.0753
5.61573 80.1463
5.62147 79.3867
5.6272 78.8041
5.63294 82.3023
5.63868 82.5224
5.64441 80.2353
5.65015 78.8925
5.65588 83.0119
5.66162 81.8312
5.66736 76.303
5.67309 79.2674
5.67883 78.5797
5.68456 82.2871
5.6903 79.3333
5.69604 83.0122
5.70177 83.6024
5.70751 81.0842
5.71325 90.5568
5.71898 89.0845
5.72472 85.7374
5.73045 89.5914
5.73619 90.8625
5.74193 89.3933
5.74766 86.7474
5.7534 87.2614
5.75914 92.1549
5.76487 93.297
5.77061 90.2553
5.77634 94.0641
5.78208 94.618
5.78782 96.134
5.79355 93.5465
5.79929 93.44
5.80502 92.6634
5.81076 94.2717
5.8165 88.5676
5.82223 88.8958
5.82797 91.0918
5.83371 93.9535
5.83944 91.1519
5.84518 89
5.85091 90.7604
5.85665 92.2
5.86239 92.3048
5.86812 98.3367
5.87386 96.0698
5.8796 93.2152
5.88533 89.7624
5.89107 95.7609
5.8968 95.3623
5.90254 94.6381
5.90828 91.9184
5.91401 92.9767
5.91975 91.6988
5.92548 91.303
5.93122 96.8723
5.93696 98.4658
5.94269 97.9619
5.94843 97.0938
5.95417 98.0341
5.9599 100.776
5.96564 100.727
5.97137 98.6277
5.97711 97.589
5.98285 104.243
5.98858 107.806
5.99432 105.583
6.00006 108.562
6.00579 109.091
6.01153 116.457
6.01726 112.013
6.023 111.971
6.02874 110.948
6.03447 115.125
6.04021 113.544
6.04594 113.102
6.05168 114.938
6.05742 111.987
6.06315 113.048
6.06889 112.979
6.07463 115.345
6.08036 116.351
6.0861 115.796
6.09183 115.635
6.09757 115.064
6.10331 120.038
6.10904 121.062
6.11478 120.86
6.12052 120.812
6.12625 120.27
6.13199 122.734
6.13772 121.085
6.14346 125.235
6.1492 125.12
6.15493 128.438
6.16067 132.01
6.1664 132.469
6.17214 136.426
6.17788 138.429
6.18361 142.422
6.18935 144.313
6.19509 151.413
6.20082 150.872
6.20656 153.588
6.21229 167.979
6.21803 176.537
6.22377 174.925
6.2295 184.15
6.23524 194.6
6.24098 189.862
6.24671 190.137
6.25245 213.553
6.25818 223.523
6.26392 216.775
6.26966 298.235
6.27539 613.387
6.28113 341.138
6.28686 2161.23
6.2926 7794.7
6.29834 1644.28
6.30407 3780.2
6.30981 2519.07
6.31555 1554.51
6.32128 603.62
6.32702 432.26
6.33275 398.688
6.33849 382.591
6.34423 389.452
6.34996 420.971
6.3557 468.231
6.36144 515.63
6.36717 594.683
6.37291 667.295
6.37864 683.478
6.38438 648.783
6.39012 578.333
6.39585 511.763
6.40159 445.87
6.40732 373.463
6.41306 330.926
6.4188 289.859
6.42453 255.642
6.43027 239.961
6.43601 223.427
6.44174 213.491
6.44748 212.648
6.45321 197.979
6.45895 204.12
6.46469 196.2
6.47042 196.786
6.47616 183.857
6.4819 176.109
6.48763 164.769
6.49337 166.613
6.4991 157.274
6.50484 156.241
6.51058 157.392
6.51631 158.238
6.52205 152.091
6.52778 147.907
6.53352 149.707
6.53926 149.125
6.54499 150.815
6.55073 148.971
6.55647 147.75
6.5622 150.027
6.56794 149.444
6.57367 153.849
6.57941 151.095
6.58515 151.25
6.59088 143.798
6.59662 142.524
6.60236 145.211
6.60809 139.642
6.61383 136.312
6.61956 137.247
6.6253 135.929
6.63104 139.039
6.63677 134.012
6.64251 138.219
6.64824 136.551
6.65398 140.341
6.65972 137.569
6.66545 135.911
6.67119 139.423
6.67693 142.605
6.68266 140.888
6.6884 136.62
6.69413 141.626
6.69987 138.379
6.70561 138.125
6.71134 139.683
6.71708 137.125
6.72282 138.825
6.72855 139.694
6.73429 137.764
6.74002 136.736
6.74576 138.696
6.7515 133.204
6.75723 132.528
6.76297 132.759
6.7687 134.554
6.77444 132.843
6.78018 133.733
6.78591 132.026
6.79165 134.85
6.79739 130.253
6.80312 133.404
6.80886 135.884
6.81459 133.297
6.82033 130.943
6.82607 130.603
6.8318 133.886
6.83754 132.557
6.84328 130.752
6.84901 133.125
6.85475 136.791
6.86048 135.303
6.86622 135.474
6.87196 132.897
6.87769 139.103
6.88343 132.297
6.88916 132.096
6.8949 133.494
6.90064 131.699
6.90637 135.368
6.91211 140.411
6.91785 134.069
6.92358 136.331
6.92932 134.035
6.93505 139.843
6.94079 136.752
6.94653 136.828
6.95226 139.953
6.958 136.901
6.96374 138.367
6.96947 139.202
6.97521 141.132
6.98094 135.658
6.98668 137.44
6.99242 138.174
6.99815 138.685
7.00389 137.875
7.00962 136.069
7.01536 139.717
7.0211 136.918
7.02683 137.025
7.03257 140.589
7.03831 138.538
7.04404 142.467
7.04978 142.513
7.05551 144.17
7.06125 141
7.06699 144.32
7.07272 144.128
7.07846 138.539
7.0842 142.148
7.08993 142.052
7.09567 146.979
7.1014 146.823
7.10714 150.252
7.11288 151.661
7.11861 150.446
7.12435 153.371
7.13008 155.889
7.13582 152.865
7.14156 156.658
7.14729 152.742
7.15303 157.725
7.15877 155.151
7.1645 150.016
7.17024 155.983
7.17597 154.316
7.18171 155.093
7.18745 160.377
7.19318 160.604
7.19892 163.109
7.20466 163.78
7.21039 161.573
7.21613 170.747
7.22186 166.477
7.2276 167.603
7.23334 171.892
7.23907 163.89
7.24481 169.389
7.25054 171.672
7.25628 175.75
7.26202 175.027
7.26775 179.369
7.27349 177.405
7.27923 178.021
7.28496 181.512
7.2907 184.345
7.29643 196.35
7.30217 190.759
7.30791 196.161
7.31364 202.35
7.31938 197.348
7.32512 206.615
7.33085 214.083
7.33659 224.058
7.34232 212.038
7.34806 226.892
7.3538 248.243
7.35953 236.989
7.36527 265.031
7.371 361.686
7.37674 969.587
7.38248 522.464
7.38821 3353.78
7.39395 2853.49
7.39969 3684.04
7.40542 1678.82
7.41116 1166.17
7.41689 745.377
7.42263 492.009
7.42837 425.294
7.4341 438.109
7.43984 422.618
7.44558 427.246
7.45131 461.438
7.45705 518.373
7.46278 551.544
7.46852 632.338
7.47426 713.61
7.47999 755.9
7.48573 747.847
7.49146 685.792
7.4972 602.791
7.50294 527.888
7.50867 447.484
7.51441 392.134
7.52015 352.044
7.52588 312.886
7.53162 285.416
7.53735 262.045
7.54309 241.233
7.54883 230.606
7.55456 220.731
7.5603 211.889
7.56604 200.881
7.57177 198.816
7.57751 189.087
7.58324 184.578
7.58898 182.252
7.59472 178.598
7.60045 178.4
7.60619 176.252
7.61192 172.845
7.61766 170.224
7.6234 166.475
7.62913 165.879
7.63487 160.884
7.64061 166.02
7.64634 164.772
7.65208 159.984
7.65781 163.748
7.66355 158.02
7.66929 162.694
7.67502 162.323
7.68076 163.962
7.6865 163.076
7.69223 171.382
7.69797 173.729
7.7037 174.356
7.70944 199.478
7.71518 357.13
7.72091 630.736
7.72665 1115.13
7.73238 2166.73
7.73812 502.148
7.74386 276.51
7.74959 243.891
7.75533 219.635
7.76107 210.649
7.7668 214.333
7.77254 221.099
7.77827 236.098
7.78401 253.323
7.78975 278.044
7.79548 304.727
7.80122 342.129
7.80696 369.324
7.81269 389.045
7.81843 379.387
7.82416 360.6
7.8299 317.571
7.83564 270.789
7.84137 244.128
7.84711 216.491
7.85284 197.74
7.85858 178.031
7.86432 170.629
7.87005 161.36
7.87579 155.414
7.88153 153.582
7.88726 146.963
7.893 146.267
7.89873 140.383
7.90447 138.471
7.91021 130.639
7.91594 129.802
7.92168 129.6
7.92742 129.943
7.93315 130.015
7.93889 125.157
7.94462 125.265
7.95036 124.174
7.9561 124.053
7.96183 120.54
7.96757 121.971
7.9733 116.796
7.97904 117.838
7.98478 119.384
7.99051 117.016
7.99625 118.722
8.00199 115.766
8.00772 117.139
8.01346 112.813
8.01919 114.662
8.02493 113.655
8.03067 115.035
8.0364 113.382
8.04214 114.551
8.04788 116
8.05361 109.892
8.05935 112.051
8.06508 108.085
8.07082 113.556
8.07656 110.248
8.08229 106.32
8.08803 106.394
8.09376 105.657
8.0995 96.553
8.10524 94.7886
8.11097 86.3363
8.11671 77.971
8.12245 70.4419
8.12818 69.9369
8.13392 61.0909
8.13965 60.2774
8.14539 54.7742
8.15113 53.7838
8.15686 28.7591
8.1626 28.0617
8.16834 27.9661
8.17407 22.8947
8.17981 1.15789
8.18554 0
8.19128 0
8.19702 0
8.20275 0
8.20849 0
8.21422 0
8.21996 0
8.2257 0
8.23143 0
8.23717 0
8.24291 0
8.24864 0
8.25438 0
8.26011 0
8.26585 0
8.27159 0
8.27732 0
8.28306 0
8.2888 0
8.29453 0
8.30027 0
8.306 0
8.31174 0
8.31748 0
8.32321 0
8.32895 0
8.33468 0
8.34042 0
8.34616 0
8.35189 0
8.35763 0
8.36337 0
8.3691 0
8.37484 0
8.38057 0
8.38631 0
8.39205 0
8.39778 0
8.40352 0
8.40926 0
8.41499 0
8.42073 0
8.42646 0
8.4322 0
8.43794 0
8.44367 0
8.44941 0
8.45514 0
8.46088 0
8.46662 0
8.47235 0
8.47809 0
8.48383 0
8.48956 0
8.4953 0
8.50103 0
8.50677 0
8.51251 0
8.51824 0
8.52398 0
8.52972 0
8.53545 0
8.54119 0
8.54692 0
8.55266 0
8.5584 0
8.56413 0
8.56987 0
8.5756 0
8.58134 0
8.58708 0
8.59281 0
8.59855 0
8.60429 0
8.61002 0
8.61576 0
8.62149 0
8.62723 0
8.63297 0
8.6387 0
8.64444 0
8.65018 0
8.65591 0
8.66165 0
8.66738 0
8.67312 0
8.67886 0
8.68459 0
8.69033 0
8.69606 0
8.7018 0
8.70754 0
8.71327 0
8.71901 0
8.72475 0
8.73048 0
8.73622 0
8.74195 0
8.74769 0
8.75343 0
8.75916 0
8.7649 0
8.77064 0
8.77637 0
8.78211 0
8.78784 0
8.79358 0
8.79932 0
8.80505 0
8.81079 0
8.81652 0
8.82226 0
8.828 0
8.83373 0
8.83947 0
8.84521 0
8.85094 0
8.85668 0
8.86241 0
8.86815 0
8.87389 0
8.87962 0
8.88536 0
8.8911 0
8.89683 0
8.90257 0
8.9083 0
8.91404 0
8.91978 0
8.92551 0
8.93125 0
8.93698 0
8.94272 0
8.94846 0
8.95419 0
8.95993 0
8.96567 0
8.9714 0
8.97714 0
8.98287 0
8.98861 0
8.99435 0
9.00008 0
9.00582 0
9.01156 0
9.01729 0
9.02303 0
9.02876 0
9.0345 0
9.04024 0
9.04597 0
9.05171 0
9.05744 0
9.06318 0
9.06892 0
9.07465 0
9.08039 0
9.08613 0
9.09186 0
9.0976 0
9.10333 0
9.10907 0
9.11481 0
9.12054 0
9.12628 0
9.13202 0
9.13775 0
9.14349 0
9.14922 0
9.15496 0
9.1607 0
9.16643 0
9.17217 0
9.1779 0
9.18364 0
9.18938 0
9.19511 0
9.20085 0
9.20659 0
9.21232 0
9.21806 0
9.22379 0
9.22953 0
9.23527 0
9.241 0
9.24674 0
9.25248 0
9.25821 0
9.26395 0
9.26968 0
9.27542 0
9.28116 0
9.28689 0
9.29263 0
9.29836 0
9.3041 0
9.30984 0
9.31557 0
9.32131 0
9.32705 0
9.33278 0
9.33852 0
9.34425 0
9.34999 0
9.35573 0
9.36146 0
9.3672 0
9.37294 0
9.37867 0
9.38441 0
9.39014 0
9.39588 0
9.40162 0
9.40735 0
9.41309 0
9.41882 0
9.42456 0
9.4303 0
9.43603 0
9.44177 0
9.44751 0
9.45324 0
9.45898 0
9.46471 0
9.47045 0
9.47619 0
9.48192 0
9.48766 0
9.4934 0
9.49913 0
9.50487 0
9.5106 0
9.51634 0
9.52208 0
9.52781 0
9.53355 0
9.53928 0
9.54502 0
9.55076 0
9.55649 0
9.56223 0
9.56797 0
9.5737 0
9.57944 0
9.58517 0
9.59091 0
9.59665 0
9.60238 0
9.60812 0
9.61386 0
9.61959 0
9.62533 0
9.63106 0
9.6368 0
9.64254 0
9.64827 0
9.65401 0
9.65974 0
9.66548 0
9.67122 0
9.67695 0
9.68269 0
9.68843 0
9.69416 0
9.6999 0
9.70563 0
9.71137 0
9.71711 0
9.72284 0
9.72858 0
9.73432 0
9.74005 0
9.74579 0
9.75152 0
9.75726 0
9.763 0
9.76873 0
9.77447 0
9.7802 0
9.78594 0
9.79168 0
9.79741 0
9.80315 0
9.80889 0
9.81462 0
9.82036 0
9.82609 0
9.83183 0
9.83757 0
9.8433 0
9.84904 0
9.85478 0
9.86051 0
9.86625 0
9.87198 0
9.87772 0
9.88346 0
9.88919 0
9.89493 0
9.90066 0
9.9064 0
9.91214 0
9.91787 0
9.92361 0
9.92935 0
9.93508 0
9.94082 0
9.94655 0
9.95229 0
9.95803 0
9.96376 0
9.9695 0
9.97524 0
9.98097 0
9.98671 0
9.99244 0
9.99818 0
10.0039 0
10.0097 0
10.0154 0
10.0211 0
10.0269 0
10.0326 0
10.0383 0
10.0441 0
10.0498 0
10.0555 0
10.0613 0
10.067 0
10.0728 0
10.0785 0
10.0842 0
10.09 0
10.0957 0
10.1014 0
10.1072 0
10.1129 0
10.1186 0
10.1244 0
10.1301 0
10.1358 0
10.1416 0
10.1473 0
10.1531 0
10.1588 0
10.1645 0
10.1703 0
10.176 0
10.1817 0
10.1875 0
10.1932 0
10.1989 0
10.2047 0
10.2104 0
10.2162 0
10.2219 0
10.2276 0
10.2334 0
10.2391 0
10.2448 0
10.2506 0
10.2563 0
10.262 0
10.2678 0
10.2735 0
10.2793 0
10.285 0
10.2907 0
10.2965 0
10.3022 0
10.3079 0
10.3137 0
10.3194 0
10.3251 0
10.3309 0
10.3366 0
10.3424 0
10.3481 0
10.3538 0
10.3596 0
10.3653 0
10.371 0
10.3768 0
10.3825 0
10.3882 0
10.394 0
10.3997 0
10.4054 0
10.4112 0
10.4169 0
10.4227 0
10.4284 0
10.4341 0
10.4399 0
10.4456 0
10.4513 0
10.4571 0
10.4628 0
10.4685 0
10.4743 0
10.48 0
10.4858 0
10.4915 0
10.4972 0
10.503 0
10.5087 0
10.5144 0
10.5202 0
10.5259 0
10.5316 0
10.5374 0
10.5431 0
10.5489 0
10.5546 0
10.5603 0
10.5661 0
10.5718 0
10.5775 0
10.5833 0
10.589 0
10.5947 0
10.6005 0
10.6062 0
10.612 0
10.6177 0
10.6234 0
10.6292 0
10.6349 0
10.6406 0
10.6464 0
10.6521 0
10.6578 0
10.6636 0
10.6693 0
10.6751 0
10.6808 0
10.6865 0
10.6923 0
10.698 0
10.7037 0
10.7095 0
10.7152 0
10.7209 0
10.7267 0
10.7324 0
10.7381 0
10.7439 0
10.7496 0
10.7554 0
10.7611 0
10.7668 0
10.7726 0
10.7783 0
10.784 0
10.7898 0
10.7955 0
10.8012 0
10.807 0
10.8127 0
10.8185 0
10.8242 0
10.8299 0
10.8357 0
10.8414 0
10.8471 0
10.8529 0
10.8586 0
10.8643 0
10.8701 0
10.8758 0
10.8816 0
10.8873 0
10.893 0
10.8988 0
10.9045 0
10.9102 0
10.916 0
10.9217 0
10.9274 0
10.9332 0
10.9389 0
10.9447 0
10.9504 0
10.9561 0
10.9619 0
10.9676 0
10.9733 0
10.9791 0
10.9848 0
10.9905 0
10.9963 0
11.002 0
11.0077 0
11.0135 0
11.0192 0
11.025 0
11.0307 0
11.0364 0
11.0422 0
11.0479 0
11.0536 0
11.0594 0
11.0651 0
11.0708 0
11.0766 0
11.0823 0
11.0881 0
11.0938 0
11.0995 0
11.1053 0
11.111 0
11.1167 0
11.1225 0
11.1282 0
11.1339 0
11.1397 0
11.1454 0
11.1512 0
11.1569 0
11.1626 0
11.1684 0
11.1741 0
11.1798 0
11.1856 0
11.1913 0
11.197 0
11.2028 0
11.2085 0
11.2143 0
11.22 0
11.2257 0
11.2315 0
11.2372 0
11.2429 0
11.2487 0
11.2544 0
11.2601 0
11.2659 0
11.2716 0
11.2774 0
11.2831 0
11.2888 0
11.2946 0
11.3003 0
11.306 0
11.3118 0
11.3175 0
11.3232 0
11.329 0
11.3347 0
11.3404 0
11.3462 0
11.3519 0
11.3577 0
11.3634 0
11.3691 0
11.3749 0
11.3806 0
11.3863 0
11.3921 0
11.3978 0
11.4035 0
11.4093 0
11.415 0
11.4208 0
11.4265 0
11.4322 0
11.438 0
11.4437 0
11.4494 0
11.4552 0
11.4609 0
11.4666 0
11.4724 0
11.4781 0
11.4839 0
11.4896 0
11.4953 0
11.5011 0
11.5068 0
11.5125 0
11.5183 0
11.524 0
11.5297 0
11.5355 0
11.5412 0
11.547 0
11.5527 0
11.5584 0
11.5642 0
11.5699 0
11.5756 0
11.5814 0
11.5871 0
11.5928 0
11.5986 0
11.6043 0
11.61 0
11.6158 0
11.6215 0
11.6273 0
11.633 0
11.6387 0
11.6445 0
11.6502 0
11.6559 0
11.6617 0
11.6674 0
11.6731 0
11.6789 0
11.6846 0
11.6904 0
11.6961 0
11.7018 0
11.7076 0
11.7133 0
11.719 0
11.7248 0
11.7305 0
11.7362 0
11.742 0
