0 0
0.00573619 -13.013
0.0114724 16.016
0.0172086 0
0.0229448 41.041
0.028681 20.02
0.0344171 0
0.0401533 0
0.0458895 -18.018
0.0516257 10.01
0.0573619 0
0.0630981 13.013
0.0688343 1.001
0.0745705 0
0.0803067 5.005
0.0860429 -18.018
0.091779 0
0.0975152 3.67033
0.103251 1.001
0.108988 11.6783
0.114724 0
0.12046 13.013
0.126196 14.6813
0.131932 0
0.137669 -1.66833
0.143405 9.34267
0.149141 -11.011
0.154877 18.5185
0.160613 -2.33567
0.16635 -10.01
0.172086 0
0.177822 10.01
0.183558 -3.003
0.189294 0
0.19503 6.2062
0.200767 2.6026
0.206503 12.6793
0.212239 2.5025
0.217975 9.009
0.223711 -4.8048
0.229448 0
0.235184 0
0.24092 10.4104
0.246656 0
0.252392 10.6106
0.258129 0.6006
0.263865 -1.001
0.269601 0
0.275337 2.002
0.281073 -13.442
0.28681 0
0.292546 2.288
0.298282 6.006
0.304018 8.67533
0.309754 -10.2603
0.31549 -6.006
0.321227 -11.583
0.326963 0
0.332699 -6.149
0.338435 7.722
0.344171 0
0.349908 12.87
0.355644 -7.722
0.36138 -3.003
0.367116 -6.5065
0.372852 0.375375
0.378589 1.716
0.384325 -7.5075
0.390061 -6.11722
0.395797 1.89078
0.401533 0
0.40727 10.4549
0.413006 4.56011
0.418742 15.73
0.424478 16.5165
0.430214 14.7926
0.43595 8.89778
0.441687 0
0.447423 18.018
0.453159 12.9018
0.458895 9.67633
0.464631 19.019
0.470368 18.382
0.476104 19.5751
0.48184 16.5165
0.487576 12.285
0.493312 31.304
0.499049 0
0.504785 25.662
0.510521 28.21
0.516257 27.8278
0.521993 35.3687
0.52773 34.671
0.533466 28.4729
0.539202 27.027
0.544938 15.015
0.550674 27.118
0.55641 0
0.562147 20.9376
0.567883 18.788
0.573619 25.597
0.579355 26.1928
0.585091 17.017
0.590828 17.017
0.596564 20.5205
0.6023 25.718
0.608036 9.548
0.613772 29.6296
0.619509 13.5135
0.625245 17.556
0.630981 12.7906
0.636717 24.2743
0.642453 17.941
0.64819 31.647
0.653926 25.025
0.659662 34.3677
0.665398 31.8985
0.671134 34.32
0.67687 36.2863
0.682607 30.3637
0.688343 30.121
0.694079 43.2933
0.699815 31.2979
0.705551 34.4344
0.711288 30.03
0.717024 21.593
0.72276 31.0977
0.728496 30.1412
0.734232 34.7013
0.739969 29.5921
0.745705 27.412
0.751441 27.027
0.757177 33.3863
0.762913 40.6877
0.76865 45.6456
0.774386 32.1988
0.780122 38.5091
0.785858 24.57
0.791594 31.3647
0.79733 24.7895
0.803067 16.4831
0.808803 27.027
0.814539 28.3813
0.820275 33.033
0.826011 35.035
0.831748 32.6576
0.837484 35.8136
0.84322 27.104
0.848956 39.2058
0.854692 30.8729
0.860429 26.9681
0.866165 26.8268
0.871901 25.0876
0.877637 30.7676
0.883373 32.032
0.88911 35.5355
0.894846 24.8669
0.900582 35.9693
0.906318 12.5125
0.912054 32.9803
0.91779 32.1498
0.923527 35.7023
0.929263 24.563
0.934999 35.9359
0.940735 34.958
0.946471 38.9139
0.952208 38.9437
0.957944 30.7955
0.96368 40.04
0.969416 33.319
0.975152 34.8243
0.980889 26.572
0.986625 21.5215
0.992361 34.6537
0.998097 25.9593
1.00383 29.3627
1.00957 28.028
1.01531 31.6198
1.02104 31.1311
1.02678 29.4412
1.03251 30.8403
1.03825 31.416
1.04399 39.5395
1.04972 31.3792
1.05546 28.3813
1.0612 36.036
1.06693 37.9074
1.07267 32.2954
1.0784 35.574
1.08414 34.9635
1.08988 33.2506
1.09561 36.3697
1.10135 35.7858
1.10708 27.4622
1.11282 33.6218
1.11856 24.739
1.12429 28.8205
1.13003 32.032
1.13577 27.6943
1.1415 31.317
1.14724 38.1181
1.15297 30.2302
1.15871 40.2402
1.16445 30.3103
1.17018 32.9803
1.17592 22.484
1.18166 25.1918
1.18739 32.2061
1.19313 41.3079
1.19886 25.6089
1.2046 29.7497
1.21034 30.5861
1.21607 34.2564
1.22181 33.2184
1.22754 32.747
1.23328 29.1468
1.23902 30.5931
1.24475 33.9139
1.25049 36.6837
1.25623 34.7848
1.26196 22.8376
1.2677 24.6562
1.27343 28.105
1.27917 25.9805
1.28491 32.9895
1.29064 35.6238
1.29638 39.5061
1.30212 30.512
1.30785 31.3091
1.31359 32.123
1.31932 36.2431
1.32506 38.2287
1.3308 30.03
1.33653 29.3293
1.34227 42.002
1.348 28.8709
1.35374 28.5285
1.35948 28.1763
1.36521 38.753
1.37095 28.6286
1.37669 38.4867
1.38242 38.038
1.38816 28.4402
1.39389 33.6125
1.39963 29.1402
1.40537 36.4364
1.4111 32.9615
1.41684 33.033
1.42258 25.5473
1.42831 26.1438
1.43405 30.2803
1.43978 29.1491
1.44552 31.1263
1.45126 30.03
1.45699 25.1286
1.46273 33.033
1.46846 36.2863
1.4742 27.6405
1.47994 28.3762
1.48567 23.2733
1.49141 24.7867
1.49715 28.3987
1.50288 29.12
1.50862 34.4719
1.51435 28.8909
1.52009 28.5886
1.52583 31.4981
1.53156 36.0026
1.5373 39.1191
1.54304 29.1243
1.54877 22.9229
1.55451 30.9965
1.56024 33.6858
1.56598 30.3875
1.57172 29.6748
1.57745 28.644
1.58319 29.3293
1.58892 33.994
1.59466 35.6282
1.6004 31.6716
1.60613 30.8642
1.61187 34.2277
1.61761 34.6346
1.62334 33.3905
1.62908 38.857
1.63481 32.551
1.64055 25.5908
1.64629 30.212
1.65202 33.9995
1.65776 29.7497
1.6635 33.7212
1.66923 29.4488
1.67497 27.9565
1.6807 32.5826
1.68644 35.5355
1.69218 33.5335
1.69791 32.072
1.70365 35.3535
1.70938 25.3802
1.71512 34.034
1.72086 31.2812
1.72659 37.674
1.73233 32.101
1.73807 31.2921
1.7438 25.2945
1.74954 25.4392
1.75527 32.4027
1.76101 39.3024
1.76675 34.6407
1.77248 32.2108
1.77822 34.8848
1.78396 40.4404
1.78969 33.5819
1.79543 37.4077
1.80116 32.4074
1.8069 38.5224
1.81264 34.2066
1.81837 30.6973
1.82411 39.611
1.82984 27.1996
1.83558 31.9119
1.84132 29.414
1.84705 31.7091
1.85279 32.7827
1.85853 28.1586
1.86426 25.6317
1.87 34.401
1.87573 33.6807
1.88147 31.46
1.88721 27.209
1.89294 34.6643
1.89868 33.11
1.90442 37.401
1.91015 34.8735
1.91589 32.4824
1.92162 34.9778
1.92736 41.7191
1.9331 38.7187
1.93883 38.7173
1.94457 38.584
1.9503 34.1675
1.95604 36.9119
1.96178 34.1812
1.96751 35.0663
1.97325 33.083
1.97899 32.2214
1.98472 34.0947
1.99046 31.5142
1.99619 27.104
2.00193 32.9758
2.00767 34.9381
2.0134 36.3697
2.01914 37.2086
2.02488 29.0593
2.03061 34.074
2.03635 28.7162
2.04208 29.9711
2.04782 35.254
2.05356 27.1521
2.05929 30.6695
2.06503 34.9761
2.07076 29.3475
2.0765 33.4388
2.08224 36.322
2.08797 30.5132
2.09371 33.0687
2.09945 39.2013
2.10518 33.2757
2.11092 30.322
2.11665 32.8166
2.12239 36.0932
2.12813 35.5137
2.13386 30.2464
2.1396 29.8632
2.14534 32.4387
2.15107 30.954
2.15681 31.7949
2.16254 38.2048
2.16828 35.5355
2.17402 35.7793
2.17975 36.3877
2.18549 38.5869
2.19122 40.2736
2.19696 32.1943
2.2027 41.7274
2.20843 35.4521
2.21417 73.5863
2.21991 67.3105
2.22564 37.7195
2.23138 43.3433
2.23711 29.8983
2.24285 32.0909
2.24859 26.5265
2.25432 37.959
2.26006 36.2413
2.2658 36.4
2.27153 34.3514
2.27727 36.652
2.283 36.811
2.28874 38.4134
2.29448 39.578
2.30021 32.4108
2.30595 31.1465
2.31168 40.9383
2.31742 33.2832
2.32316 41.5415
2.32889 41.9943
2.33463 35.085
2.34037 36.0082
2.3461 39.8613
2.35184 46.475
2.35757 41.0681
2.36331 36.344
2.36905 37.4276
2.37478 38.7949
2.38052 37.2953
2.38626 37.8319
2.39199 41.879
2.39773 36.3877
2.40346 35.3815
2.4092 44.4535
2.41494 39.5145
2.42067 38.3565
2.42641 37.947
2.43214 39.2297
2.43788 40.04
2.44362 37.9734
2.44935 37.5041
2.45509 33.264
2.46083 37.7685
2.46656 41.5526
2.4723 36.3046
2.47803 39.039
2.48377 35.6356
2.48951 34.7091
2.49524 33.6233
2.50098 36.806
2.50672 39.4742
2.51245 36.3458
2.51819 36.5782
2.52392 37.9074
2.52966 38.6295
2.5354 36.8853
2.54113 39.8398
2.54687 32.9885
2.5526 35.5233
2.55834 34.419
2.56408 37.612
2.56981 40.203
2.57555 31.6178
2.58129 33.8672
2.58702 39.1947
2.59276 33.0601
2.59849 35.5203
2.60423 36.036
2.60997 34.3298
2.6157 42.4174
2.62144 40.5196
2.62718 36.95
2.63291 36.2362
2.63865 40.7351
2.64438 33.9914
2.65012 35.1571
2.65586 35.5689
2.66159 36.036
2.66733 39.6841
2.67306 37.3173
2.6788 38.893
2.68454 39.7063
2.69027 38.1407
2.69601 43.225
2.70175 44.5445
2.70748 36.3697
2.71322 41.041
2.71895 36.6616
2.72469 44.1066
2.73043 38.3526
2.73616 43.7806
2.7419 42.2463
2.74764 43.6017
2.75337 40.3403
2.75911 42.9817
2.76484 38.1401
2.77058 33.4501
2.77632 34.2587
2.78205 40.06
2.78779 46.7647
2.79352 38.6672
2.79926 40.7907
2.805 39.8398
2.81073 38.6683
2.81647 39.8283
2.82221 43.8601
2.82794 37.524
2.83368 37.4058
2.83941 40.04
2.84515 36.9882
2.85089 40.6031
2.85662 43.1563
2.86236 42.2054
2.8681 34.7848
2.87383 43.0615
2.87957 42.3223
2.8853 41.5781
2.89104 41.5821
2.89678 45.122
2.90251 39.951
2.90825 41.5933
2.91398 43.0059
2.91972 42.0616
2.92546 43.7735
2.93119 41.0172
2.93693 44.7428
2.94267 44.5779
2.9484 44.7948
2.95414 49.7856
2.95987 47.1491
2.96561 47.6773
2.97135 47.476
2.97708 48.3817
2.98282 46.046
2.98856 44.0697
2.99429 46.2128
3.00003 48.9425
3.00576 47.7574
3.0115 44.3534
3.01724 46.1782
3.02297 50.6722
3.02871 45.9777
3.03444 51.9064
3.04018 51.3624
3.04592 50.1383
3.05165 53.3806
3.05739 49.4612
3.06313 56.4012
3.06886 55.2695
3.0746 54.6546
3.08033 49.9135
3.08607 50.8346
3.09181 49.8534
3.09754 53.4003
3.10328 55.1519
3.10902 61.9093
3.11475 56.6037
3.12049 54.362
3.12622 54.4022
3.13196 56.7112
3.1377 56.0986
3.14343 57.7521
3.14917 59.991
3.1549 61.1984
3.16064 55.4347
3.16638 58.3249
3.17211 60.6424
3.17785 59.0363
3.18359 52.9798
3.18932 58.3341
3.19506 63.3081
3.20079 60.2072
3.20653 58.1768
3.21227 60.9288
3.218 59.7426
3.22374 56.8068
3.22948 62.1638
3.23521 58.5251
3.24095 63.987
3.24668 57.2906
3.25242 59.8522
3.25816 58.2346
3.26389 61.2717
3.26963 67.7343
3.27536 60.2341
3.2811 60.6215
3.28684 64.0807
3.29257 66.3111
3.29831 65.0372
3.30405 64.8426
3.30978 65.7566
3.31552 63.482
3.32125 72.4265
3.32699 79.7112
3.33273 76.9789
3.33846 78.3347
3.3442 78.2717
3.34994 78.0191
3.35567 80.3434
3.36141 77.1618
3.36714 72.8974
3.37288 72.3848
3.37862 71.2572
3.38435 78.16
3.39009 78.0213
3.39582 73.1564
3.40156 77.0611
3.4073 76.0032
3.41303 79.3985
3.41877 84.7722
3.42451 83.362
3.43024 77.8378
3.43598 80.788
3.44171 81.9231
3.44745 85.1744
3.45319 81.6768
3.45892 76.9678
3.46466 77.1279
3.4704 79.8598
3.47613 81.8492
3.48187 83.3054
3.4876 87.5781
3.49334 83.2147
3.49908 80.5282
3.50481 88.0353
3.51055 87.3
3.51628 89.2264
3.52202 93.0766
3.52776 97.7829
3.53349 102.224
3.53923 110.618
3.54497 117.358
3.5507 132.09
3.55644 124.943
3.56217 120.374
3.56791 109.225
3.57365 107.673
3.57938 101.948
3.58512 105.451
3.59086 99.0727
3.59659 104.672
3.60233 100.236
3.60806 104.183
3.6138 102.02
3.61954 106.471
3.62527 116.062
3.63101 110.134
3.63674 120.598
3.64248 135.29
3.64822 135.031
3.65395 145.76
3.65969 153.399
3.66543 150.41
3.67116 140.88
3.6769 137.312
3.68263 142.651
3.68837 137.901
3.69411 149.729
3.69984 143.618
3.70558 140.826
3.71132 139.316
3.71705 142.327
3.72279 152.563
3.72852 143.166
3.73426 149.851
3.74 158.19
3.74573 146.046
3.75147 157.612
3.7572 164.085
3.76294 173.478
3.76868 173.309
3.77441 180.225
3.78015 183.811
3.78589 190.446
3.79162 195.508
3.79736 206.816
3.80309 216.448
3.80883 224.577
3.81457 245.045
3.8203 263.396
3.82604 276.276
3.83178 307.452
3.83751 373.357
3.84325 505.594
3.84898 633.387
3.85472 1383.05
3.86046 965.243
3.86619 753.035
3.87193 942.13
3.87766 1110.34
3.8834 1292.66
3.88914 1546.53
3.89487 1870.46
3.90061 1951.52
3.90635 1819.76
3.91208 1554.4
3.91782 1200.62
3.92355 955.857
3.92929 789.239
3.93503 632.914
3.94076 527.234
3.9465 462.573
3.95224 397.785
3.95797 352.002
3.96371 320.777
3.96944 293.18
3.97518 277.023
3.98092 253.199
3.98665 243.347
3.99239 236.619
3.99812 232.329
4.00386 215.93
4.0096 215.998
4.01533 205.862
4.02107 200.28
4.02681 196.697
4.03254 203.794
4.03828 191.358
4.04401 189.285
4.04975 184.635
4.05549 184.338
4.06122 174.479
4.06696 178.018
4.0727 176.905
4.07843 174.091
4.08417 164.897
4.0899 169.375
4.09564 167.699
4.10138 165.385
4.10711 168.877
4.11285 160.479
4.11858 157.157
4.12432 162.856
4.13006 161.441
4.13579 162.226
4.14153 162.682
4.14727 159.296
4.153 159.592
4.15874 158.408
4.16447 159.57
4.17021 156.462
4.17595 156.43
4.18168 157.014
4.18742 156.142
4.19316 163.876
4.19889 159.319
4.20463 154.614
4.21036 159.144
4.2161 156.923
4.22184 153.222
4.22757 164.275
4.23331 161.744
4.23904 158.538
4.24478 153.1
4.25052 160.784
4.25625 160.678
4.26199 157.626
4.26773 158.172
4.27346 163.133
4.2792 160.178
4.28493 160.939
4.29067 169.855
4.29641 166.083
4.30214 168.326
4.30788 170.156
4.31362 174.549
4.31935 167.65
4.32509 169.304
4.33082 176.103
4.33656 172.833
4.3423 179.246
4.34803 193.166
4.35377 191.449
4.3595 188.622
4.36524 195.033
4.37098 202.96
4.37671 198.569
4.38245 211.4
4.38819 223.348
4.39392 233.584
4.39966 228.808
4.40539 249.708
4.41113 265.103
4.41687 266.081
4.4226 319.891
4.42834 479.698
4.43408 661.828
4.43981 1527.76
4.44555 6312.49
4.45128 4107.73
4.45702 4147.33
4.46276 1562.77
4.46849 630.811
4.47423 501.686
4.47996 479.202
4.4857 469.753
4.49144 487.256
4.49717 492.333
4.50291 519.466
4.50865 526.04
4.51438 496.092
4.52012 466.618
4.52585 422.702
4.53159 371.248
4.53733 331.303
4.54306 301.376
4.5488 269.687
4.55454 248.336
4.56027 232.445
4.56601 214.092
4.57174 205.205
4.57748 203.19
4.58322 182.67
4.58895 194.777
4.59469 173.977
4.60042 158.774
4.60616 153.62
4.6119 151.051
4.61763 147.328
4.62337 146.403
4.62911 141.84
4.63484 138.831
4.64058 134.171
4.64631 134.037
4.65205 129.111
4.65779 129.167
4.66352 130.926
4.66926 123.894
4.675 123.743
4.68073 123.367
4.68647 119.763
4.6922 120.138
4.69794 122.272
4.70368 122.447
4.70941 114.815
4.71515 113.019
4.72088 114.026
4.72662 119.235
4.73236 115.02
4.73809 114.273
4.74383 114.191
4.74957 109.513
4.7553 113.911
4.76104 111.774
4.76677 105.673
4.77251 106.63
4.77825 106.887
4.78398 103.85
4.78972 106.361
4.79546 100.524
4.80119 102.254
4.80693 100.485
4.81266 103.709
4.8184 93.6292
4.82414 103.185
4.82987 96.4734
4.83561 97.4783
4.84134 100.601
4.84708 96.6059
4.85282 102.82
4.85855 98.6473
4.86429 95.4757
4.87003 91.7802
4.87576 96.969
4.8815 95.018
4.88723 98.5429
4.89297 91.8565
4.89871 96.1198
4.90444 98.0557
4.91018 93.7653
4.91592 93.3909
4.92165 92.4848
4.92739 88.2812
4.93312 90.2297
4.93886 93.7365
4.9446 89.5671
4.95033 93.7274
4.95607 91.8476
4.9618 89.037
4.96754 90.616
4.97328 91.7428
4.97901 89.3181
4.98475 89.9259
4.99049 88.4858
4.99622 86.0519
5.00196 89.0616
5.00769 85.9112
5.01343 87.1894
5.01917 89.5352
5.0249 88.5791
5.03064 84.5289
5.03638 85.8532
5.04211 87.8478
5.04785 85.8704
5.05358 86.6913
5.05932 84.6401
5.06506 80.2556
5.07079 84.812
5.07653 84.9584
5.08226 88.4828
5.088 84.4647
5.09374 91.7361
5.09947 86.229
5.10521 89.6928
5.11095 84.9293
5.11668 85.297
5.12242 81.991
5.12815 82.459
5.13389 86.3418
5.13963 85.488
5.14536 82.8861
5.1511 83.5617
5.15684 88.1001
5.16257 89.6702
5.16831 87.6233
5.17404 85.6024
5.17978 84.5717
5.18552 86.8031
5.19125 85.4298
5.19699 79.1634
5.20272 76.5341
5.20846 82.1799
5.2142 88.0655
5.21993 83.4386
5.22567 83.7794
5.23141 86.9347
5.23714 83.5032
5.24288 78.9477
5.24861 86.4886
5.25435 83.1392
5.26009 85.4568
5.26582 77.4458
5.27156 83.116
5.2773 80.1676
5.28303 84.2996
5.28877 85.9156
5.2945 86.2586
5.30024 84.7374
5.30598 85.047
5.31171 84.6576
5.31745 87.5387
5.32318 88.5962
5.32892 86.8208
5.33466 85.8789
5.34039 81.7483
5.34613 83.872
5.35187 85.041
5.3576 85.4063
5.36334 86.579
5.36907 81.6336
5.37481 85.0497
5.38055 87.4152
5.38628 85.4917
5.39202 92.994
5.39776 98.148
5.40349 94.3337
5.40923 90.1317
5.41496 91.6348
5.4207 89.232
5.42644 86.4129
5.43217 84.4777
5.43791 84.392
5.44364 86.2505
5.44938 92.7215
5.45512 94.3015
5.46085 86.4595
5.46659 91.0706
5.47233 89.2127
5.47806 86.2967
5.4838 84.4918
5.48953 84.5468
5.49527 85.6332
5.50101 83.0083
5.50674 85.6672
5.51248 87.5594
5.51822 86.9653
5.52395 84.2528
5.52969 85.4725
5.53542 88.9102
5.54116 84.82
5.5469 86.3489
5.55263 88.8554
5.55837 86.0582
5.5641 85.5911
5.56984 89.4011
5.57558 88.1953
5.58131 90.3094
5.58705 91.6876
5.59279 91.3412
5.59852 86.1813
5.60426 88.2181
5.60999 87.5068
5.61573 85.8785
5.62147 89.8764
5.6272 91.1013
5.63294 92.7671
5.63868 87.2513
5.64441 86.4785
5.65015 88.3356
5.65588 89.4584
5.66162 91.455
5.66736 92.4257
5.67309 91.219
5.67883 86.3761
5.68456 87.0176
5.6903 89.6674
5.69604 93.6057
5.70177 89.4387
5.70751 96.8125
5.71325 92.3991
5.71898 94.1363
5.72472 96.6218
5.73045 97.6567
5.73619 96.2587
5.74193 95.8711
5.74766 93.5039
5.7534 96.4145
5.75914 96.3357
5.76487 97.87
5.77061 95.2547
5.77634 97.6232
5.78208 94.7463
5.78782 100.327
5.79355 101.124
5.79929 98.752
5.80502 96.651
5.81076 101.166
5.8165 101.926
5.82223 97.6392
5.82797 99.1092
5.83371 98.5054
5.83944 97.7305
5.84518 98.7957
5.85091 98.4421
5.85665 101.101
5.86239 101.101
5.86812 100.345
5.87386 102.416
5.8796 106.562
5.88533 101.25
5.89107 105.094
5.8968 101.594
5.90254 106.478
5.90828 109.906
5.91401 107.095
5.91975 104.345
5.92548 102.668
5.93122 107.757
5.93696 104.31
5.94269 109.347
5.94843 106.221
5.95417 112.101
5.9599 111.7
5.96564 110.434
5.97137 115.403
5.97711 110.453
5.98285 114.61
5.98858 114.186
5.99432 117.141
6.00006 117.848
6.00579 118.3
6.01153 120.908
6.01726 123.03
6.023 121.417
6.02874 124.989
6.03447 122.19
6.04021 122.711
6.04594 118.956
6.05168 122.57
6.05742 119.197
6.06315 124.134
6.06889 122.539
6.07463 124.005
6.08036 122.473
6.0861 130.028
6.09183 133.039
6.09757 131.901
6.10331 134.786
6.10904 134.144
6.11478 135.519
6.12052 136.24
6.12625 132.653
6.13199 140.161
6.13772 145.536
6.14346 140.827
6.1492 143.243
6.15493 146.021
6.16067 145.596
6.1664 145.921
6.17214 150.256
6.17788 153.522
6.18361 154.733
6.18935 158.835
6.19509 161.161
6.20082 161.308
6.20656 163.477
6.21229 177.396
6.21803 183.293
6.22377 183.967
6.2295 192.853
6.23524 207.888
6.24098 196.71
6.24671 201.466
6.25245 230.773
6.25818 239.169
6.26392 238.493
6.26966 344.58
6.27539 797.503
6.28113 378.057
6.28686 3131.74
6.2926 11230.1
6.29834 1776.41
6.30407 3135.5
6.30981 3095.99
6.31555 1580.84
6.32128 523.161
6.32702 409.39
6.33275 364.364
6.33849 345.288
6.34423 315.719
6.34996 341.419
6.3557 354.752
6.36144 349.683
6.36717 385.789
6.37291 421.579
6.37864 440.106
6.38438 447.126
6.39012 436.279
6.39585 409.947
6.40159 377.998
6.40732 339.997
6.41306 310.289
6.4188 278.006
6.42453 254.622
6.43027 246.06
6.43601 231.829
6.44174 225.962
6.44748 219.784
6.45321 208.517
6.45895 205.793
6.46469 194.432
6.47042 196.283
6.47616 189.213
6.4819 178.169
6.48763 173.275
6.49337 175.616
6.4991 167.367
6.50484 167.241
6.51058 164.861
6.51631 166.833
6.52205 162.808
6.52778 164.155
6.53352 164.48
6.53926 164.55
6.54499 157.518
6.55073 158.079
6.55647 158.79
6.5622 163.987
6.56794 156.944
6.57367 159.945
6.57941 156.757
6.58515 161.215
6.59088 159.631
6.59662 156.43
6.60236 153.46
6.60809 150.972
6.61383 152.238
6.61956 151.677
6.6253 150.49
6.63104 150.189
6.63677 149.277
6.64251 144.724
6.64824 148.887
6.65398 149.182
6.65972 147.805
6.66545 145.485
6.67119 149.736
6.67693 151.198
6.68266 147.527
6.6884 150.261
6.69413 152.35
6.69987 148.964
6.70561 153.546
6.71134 153.577
6.71708 147.818
6.72282 151.344
6.72855 148.713
6.73429 147.529
6.74002 145.173
6.74576 146.372
6.7515 149.635
6.75723 144.38
6.76297 146.155
6.7687 147.487
6.77444 149.16
6.78018 147.423
6.78591 150.823
6.79165 144.836
6.79739 143.258
6.80312 145.979
6.80886 144.636
6.81459 147.774
6.82033 145.669
6.82607 148.372
6.8318 146.88
6.83754 147.522
6.84328 145.496
6.84901 147.415
6.85475 144.507
6.86048 147.569
6.86622 146.344
6.87196 145.21
6.87769 145.352
6.88343 143.533
6.88916 141.001
6.8949 149.793
6.90064 146.669
6.90637 150.097
6.91211 147.241
6.91785 144.443
6.92358 147.643
6.92932 149.344
6.93505 150.15
6.94079 147.023
6.94653 143.954
6.95226 148.625
6.958 150.513
6.96374 150.676
6.96947 149.369
6.97521 151.844
6.98094 149.465
6.98668 147.285
6.99242 154.365
6.99815 149.115
7.00389 150.525
7.00962 151.626
7.01536 151.891
7.0211 152.825
7.02683 151.043
7.03257 154.781
7.03831 152.217
7.04404 157.42
7.04978 157.096
7.05551 160.075
7.06125 159.223
7.06699 160.816
7.07272 161.749
7.07846 159.474
7.0842 159.356
7.08993 164.276
7.09567 164.024
7.1014 159.248
7.10714 159.798
7.11288 166.405
7.11861 160.486
7.12435 164.414
7.13008 165.353
7.13582 169.002
7.14156 166.391
7.14729 168.318
7.15303 166.579
7.15877 166.069
7.1645 168.539
7.17024 171.962
7.17597 172.315
7.18171 171.517
7.18745 171.228
7.19318 172.506
7.19892 172.629
7.20466 178.682
7.21039 173.686
7.21613 180.544
7.22186 177.296
7.2276 179.918
7.23334 179.729
7.23907 178.651
7.24481 184.422
7.25054 186.766
7.25628 192.833
7.26202 188.026
7.26775 191.372
7.27349 202.022
7.27923 195.41
7.28496 200.988
7.2907 197.475
7.29643 200.666
7.30217 199.319
7.30791 203.397
7.31364 214.727
7.31938 200.897
7.32512 213.544
7.33085 220.617
7.33659 227.14
7.34232 222.498
7.34806 227.758
7.3538 246.084
7.35953 238.884
7.36527 257.531
7.371 319.427
7.37674 638.994
7.38248 413.75
7.38821 1904.28
7.39395 2114.52
7.39969 3291.43
7.40542 2398.72
7.41116 1390.56
7.41689 694.666
7.42263 394.179
7.42837 350.08
7.4341 342.165
7.43984 325.089
7.44558 326.251
7.45131 342.094
7.45705 362.235
7.46278 366.026
7.46852 396.596
7.47426 430.82
7.47999 457.546
7.48573 470.371
7.49146 469.045
7.4972 447.948
7.50294 413.815
7.50867 377.917
7.51441 348.642
7.52015 315.7
7.52588 292.368
7.53162 271.615
7.53735 255.246
7.54309 243.097
7.54883 231.936
7.55456 219.303
7.5603 238.171
7.56604 215.875
7.57177 199.255
7.57751 196.997
7.58324 190.484
7.58898 186.774
7.59472 182.625
7.60045 184.244
7.60619 176.298
7.61192 175.478
7.61766 174.252
7.6234 170.12
7.62913 166.333
7.63487 170.079
7.64061 174.576
7.64634 167.297
7.65208 165.406
7.65781 169.993
7.66355 162.06
7.66929 168.213
7.67502 167.805
7.68076 167.932
7.6865 166.62
7.69223 166.999
7.69797 171.341
7.7037 171.23
7.70944 187.187
7.71518 287.368
7.72091 392.802
7.72665 801.647
7.73238 1546.34
7.73812 387.248
7.74386 248.779
7.74959 214.091
7.75533 192.542
7.76107 188.404
7.7668 188.372
7.77254 189.861
7.77827 194.891
7.78401 200.433
7.78975 209.194
7.79548 223.723
7.80122 232.172
7.80696 242.098
7.81269 252.854
7.81843 258.153
7.82416 255.592
7.8299 242.078
7.83564 226.007
7.84137 213.307
7.84711 198.899
7.85284 184.688
7.85858 176.302
7.86432 167.962
7.87005 160.369
7.87579 158.58
7.88153 154.425
7.88726 147.923
7.893 146.895
7.89873 144.77
7.90447 145.4
7.91021 141.367
7.91594 139.399
7.92168 137.654
7.92742 133.473
7.93315 133.053
7.93889 134.985
7.94462 133.381
7.95036 134.208
7.9561 128.264
7.96183 128.501
7.96757 129.091
7.9733 126.265
7.97904 126.819
7.98478 129.433
7.99051 128.52
7.99625 124.884
8.00199 126.263
8.00772 122.191
8.01346 124.801
8.01919 122.13
8.02493 120.372
8.03067 122.556
8.0364 121.548
8.04214 121.523
8.04788 120.732
8.05361 119.047
8.05935 118.28
8.06508 119.679
8.07082 115.637
8.07656 118.235
8.08229 111.744
8.08803 113.629
8.09376 112.49
8.0995 104.779
8.10524 101.41
8.11097 91.8174
8.11671 83.4674
8.12245 80.7784
8.12818 78.1682
8.13392 71.3592
8.13965 61.4629
8.14539 59.7452
8.15113 55.3706
8.15686 27.4873
8.1626 29.5851
8.16834 29.0969
8.17407 21.021
8.17981 4.21474
8.18554 0
8.19128 0
8.19702 0
8.20275 0
8.20849 0
8.21422 0
8.21996 0
8.2257 0
8.23143 0
8.23717 0
8.24291 0
8.24864 0
8.25438 0
8.26011 0
8.26585 0
8.27159 0
8.27732 0
8.28306 0
8.2888 0
8.29453 0
8.30027 0
8.306 0
8.31174 0
8.31748 0
8.32321 0
8.32895 0
8.33468 0
8.34042 0
8.34616 0
8.35189 0
8.35763 0
8.36337 0
8.3691 0
8.37484 0
8.38057 0
8.38631 0
8.39205 0
8.39778 0
8.40352 0
8.40926 0
8.41499 0
8.42073 0
8.42646 0
8.4322 0
8.43794 0
8.44367 0
8.44941 0
8.45514 0
8.46088 0
8.46662 0
8.47235 0
8.47809 0
8.48383 0
8.48956 0
8.4953 0
8.50103 0
8.50677 0
8.51251 0
8.51824 0
8.52398 0
8.52972 0
8.53545 0
8.54119 0
8.54692 0
8.55266 0
8.5584 0
8.56413 0
8.56987 0
8.5756 0
8.58134 0
8.58708 0
8.59281 0
8.59855 0
8.60429 0
8.61002 0
8.61576 0
8.62149 0
8.62723 0
8.63297 0
8.6387 0
8.64444 0
8.65018 0
8.65591 0
8.66165 0
8.66738 0
8.67312 0
8.67886 0
8.68459 0
8.69033 0
8.69606 0
8.7018 0
8.70754 0
8.71327 0
8.71901 0
8.72475 0
8.73048 0
8.73622 0
8.74195 0
8.74769 0
8.75343 0
8.75916 0
8.7649 0
8.77064 0
8.77637 0
8.78211 0
8.78784 0
8.79358 0
8.79932 0
8.80505 0
8.81079 0
8.81652 0
8.82226 0
8.828 0
8.83373 0
8.83947 0
8.84521 0
8.85094 0
8.85668 0
8.86241 0
8.86815 0
8.87389 0
8.87962 0
8.88536 0
8.8911 0
8.89683 0
8.90257 0
8.9083 0
8.91404 0
8.91978 0
8.92551 0
8.93125 0
8.93698 0
8.94272 0
8.94846 0
8.95419 0
8.95993 0
8.96567 0
8.9714 0
8.97714 0
8.98287 0
8.98861 0
8.99435 0
9.00008 0
9.00582 0
9.01156 0
9.01729 0
9.02303 0
9.02876 0
9.0345 0
9.04024 0
9.04597 0
9.05171 0
9.05744 0
9.06318 0
9.06892 0
9.07465 0
9.08039 0
9.08613 0
9.09186 0
9.0976 0
9.10333 0
9.10907 0
9.11481 0
9.12054 0
9.12628 0
9.13202 0
9.13775 0
9.14349 0
9.14922 0
9.15496 0
9.1607 0
9.16643 0
9.17217 0
9.1779 0
9.18364 0
9.18938 0
9.19511 0
9.20085 0
9.20659 0
9.21232 0
9.21806 0
9.22379 0
9.22953 0
9.23527 0
9.241 0
9.24674 0
9.25248 0
9.25821 0
9.26395 0
9.26968 0
9.27542 0
9.28116 0
9.28689 0
9.29263 0
9.29836 0
9.3041 0
9.30984 0
9.31557 0
9.32131 0
9.32705 0
9.33278 0
9.33852 0
9.34425 0
9.34999 0
9.35573 0
9.36146 0
9.3672 0
9.37294 0
9.37867 0
9.38441 0
9.39014 0
9.39588 0
9.40162 0
9.40735 0
9.41309 0
9.41882 0
9.42456 0
9.4303 0
9.43603 0
9.44177 0
9.44751 0
9.45324 0
9.45898 0
9.46471 0
9.47045 0
9.47619 0
9.48192 0
9.48766 0
9.4934 0
9.49913 0
9.50487 0
9.5106 0
9.51634 0
9.52208 0
9.52781 0
9.53355 0
9.53928 0
9.54502 0
9.55076 0
9.55649 0
9.56223 0
9.56797 0
9.5737 0
9.57944 0
9.58517 0
9.59091 0
9.59665 0
9.60238 0
9.60812 0
9.61386 0
9.61959 0
9.62533 0
9.63106 0
9.6368 0
9.64254 0
9.64827 0
9.65401 0
9.65974 0
9.66548 0
9.67122 0
9.67695 0
9.68269 0
9.68843 0
9.69416 0
9.6999 0
9.70563 0
9.71137 0
9.71711 0
9.72284 0
9.72858 0
9.73432 0
9.74005 0
9.74579 0
9.75152 0
9.75726 0
9.763 0
9.76873 0
9.77447 0
9.7802 0
9.78594 0
9.79168 0
9.79741 0
9.80315 0
9.80889 0
9.81462 0
9.82036 0
9.82609 0
9.83183 0
9.83757 0
9.8433 0
9.84904 0
9.85478 0
9.86051 0
9.86625 0
9.87198 0
9.87772 0
9.88346 0
9.88919 0
9.89493 0
9.90066 0
9.9064 0
9.91214 0
9.91787 0
9.92361 0
9.92935 0
9.93508 0
9.94082 0
9.94655 0
9.95229 0
9.95803 0
9.96376 0
9.9695 0
9.97524 0
9.98097 0
9.98671 0
9.99244 0
9.99818 0
10.0039 0
10.0097 0
10.0154 0
10.0211 0
10.0269 0
10.0326 0
10.0383 0
10.0441 0
10.0498 0
10.0555 0
10.0613 0
10.067 0
10.0728 0
10.0785 0
10.0842 0
10.09 0
10.0957 0
10.1014 0
10.1072 0
10.1129 0
10.1186 0
10.1244 0
10.1301 0
10.1358 0
10.1416 0
10.1473 0
10.1531 0
10.1588 0
10.1645 0
10.1703 0
10.176 0
10.1817 0
10.1875 0
10.1932 0
10.1989 0
10.2047 0
10.2104 0
10.2162 0
10.2219 0
10.2276 0
10.2334 0
10.2391 0
10.2448 0
10.2506 0
10.2563 0
10.262 0
10.2678 0
10.2735 0
10.2793 0
10.285 0
10.2907 0
10.2965 0
10.3022 0
10.3079 0
10.3137 0
10.3194 0
10.3251 0
10.3309 0
10.3366 0
10.3424 0
10.3481 0
10.3538 0
10.3596 0
10.3653 0
10.371 0
10.3768 0
10.3825 0
10.3882 0
10.394 0
10.3997 0
10.4054 0
10.4112 0
10.4169 0
10.4227 0
10.4284 0
10.4341 0
10.4399 0
10.4456 0
10.4513 0
10.4571 0
10.4628 0
10.4685 0
10.4743 0
10.48 0
10.4858 0
10.4915 0
10.4972 0
10.503 0
10.5087 0
10.5144 0
10.5202 0
10.5259 0
10.5316 0
10.5374 0
10.5431 0
10.5489 0
10.5546 0
10.5603 0
10.5661 0
10.5718 0
10.5775 0
10.5833 0
10.589 0
10.5947 0
10.6005 0
10.6062 0
10.612 0
10.6177 0
10.6234 0
10.6292 0
10.6349 0
10.6406 0
10.6464 0
10.6521 0
10.6578 0
10.6636 0
10.6693 0
10.6751 0
10.6808 0
10.6865 0
10.6923 0
10.698 0
10.7037 0
10.7095 0
10.7152 0
10.7209 0
10.7267 0
10.7324 0
10.7381 0
10.7439 0
10.7496 0
10.7554 0
10.7611 0
10.7668 0
10.7726 0
10.7783 0
10.784 0
10.7898 0
10.7955 0
10.8012 0
10.807 0
10.8127 0
10.8185 0
10.8242 0
10.8299 0
10.8357 0
10.8414 0
10.8471 0
10.8529 0
10.8586 0
10.8643 0
10.8701 0
10.8758 0
10.8816 0
10.8873 0
10.893 0
10.8988 0
10.9045 0
10.9102 0
10.916 0
10.9217 0
10.9274 0
10.9332 0
10.9389 0
10.9447 0
10.9504 0
10.9561 0
10.9619 0
10.9676 0
10.9733 0
10.9791 0
10.9848 0
10.9905 0
10.9963 0
11.002 0
11.0077 0
11.0135 0
11.0192 0
11.025 0
11.0307 0
11.0364 0
11.0422 0
11.0479 0
11.0536 0
11.0594 0
11.0651 0
11.0708 0
11.0766 0
11.0823 0
11.0881 0
11.0938 0
11.0995 0
11.1053 0
11.111 0
11.1167 0
11.1225 0
11.1282 0
11.1339 0
11.1397 0
11.1454 0
11.1512 0
11.1569 0
11.1626 0
11.1684 0
11.1741 0
11.1798 0
11.1856 0
11.1913 0
11.197 0
11.2028 0
11.2085 0
11.2143 0
11.22 0
11.2257 0
11.2315 0
11.2372 0
11.2429 0
11.2487 0
11.2544 0
11.2601 0
11.2659 0
11.2716 0
11.2774 0
11.2831 0
11.2888 0
11.2946 0
11.3003 0
11.306 0
11.3118 0
11.3175 0
11.3232 0
11.329 0
11.3347 0
11.3404 0
11.3462 0
11.3519 0
11.3577 0
11.3634 0
11.3691 0
11.3749 0
11.3806 0
11.3863 0
11.3921 0
11.3978 0
11.4035 0
11.4093 0
11.415 0
11.4208 0
11.4265 0
11.4322 0
11.438 0
11.4437 0
11.4494 0
11.4552 0
11.4609 0
11.4666 0
11.4724 0
11.4781 0
11.4839 0
11.4896 0
11.4953 0
11.5011 0
11.5068 0
11.5125 0
11.5183 0
11.524 0
11.5297 0
11.5355 0
11.5412 0
11.547 0
11.5527 0
11.5584 0
11.5642 0
11.5699 0
11.5756 0
11.5814 0
11.5871 0
11.5928 0
11.5986 0
11.6043 0
11.61 0
11.6158 0
11.6215 0
11.6273 0
11.633 0
11.6387 0
11.6445 0
11.6502 0
11.6559 0
11.6617 0
11.6674 0
11.6731 0
11.6789 0
11.6846 0
11.6904 0
11.6961 0
11.7018 0
11.7076 0
11.7133 0
11.719 0
11.7248 0
11.7305 0
11.7362 0
11.742 0
