0 0
0.00573619 -24
0.0114724 -4
0.0172086 0
0.0229448 4
0.028681 -1
0.0344171 0
0.0401533 -16
0.0458895 -29
0.0516257 -31
0.0573619 0
0.0630981 -29
0.0688343 2
0.0745705 0
0.0803067 12
0.0860429 27
0.091779 0
0.0975152 3.66667
0.103251 4
0.108988 1
0.114724 0
0.12046 -5
0.126196 10.6667
0.131932 0
0.137669 -12
0.143405 -5.33333
0.149141 -10
0.154877 4
0.160613 5
0.16635 6
0.172086 0
0.177822 -1.66667
0.183558 5.25
0.189294 0
0.19503 0
0.200767 -2.4
0.206503 0
0.212239 28
0.217975 0.4
0.223711 6.2
0.229448 0
0.235184 3
0.24092 -0.4
0.246656 0
0.252392 2
0.258129 8
0.263865 -6.4
0.269601 0
0.275337 15.8
0.281073 2
0.28681 0
0.292546 9.42857
0.298282 -8
0.304018 2.66667
0.309754 -5
0.31549 3.14286
0.321227 8.71429
0.326963 0
0.332699 -2.71429
0.338435 -4.14286
0.344171 0
0.349908 6.42857
0.355644 2.28571
0.36138 14.4
0.367116 1.5
0.372852 7.125
0.378589 -3
0.384325 -0.5
0.390061 7
0.395797 -0.777778
0.401533 0
0.40727 0.222222
0.413006 7
0.418742 18
0.424478 -9
0.430214 8.77778
0.43595 21.3333
0.441687 0
0.447423 15
0.453159 16.1111
0.458895 30
0.464631 4.85714
0.470368 12.6364
0.476104 20
0.48184 15
0.487576 18.3636
0.493312 21.3636
0.499049 0
0.504785 18.6364
0.510521 12.9091
0.516257 23
0.521993 11.8333
0.52773 22.8182
0.533466 17.2222
0.539202 28
0.544938 24.6364
0.550674 29.7273
0.55641 0
0.562147 25.0833
0.567883 20.4615
0.573619 16
0.579355 15.8333
0.585091 19.5385
0.590828 23.0909
0.596564 23
0.6023 12.5385
0.608036 19.8462
0.613772 19.4
0.619509 14.625
0.625245 23.5385
0.630981 13.4444
0.636717 11.75
0.642453 17.9231
0.64819 18.7692
0.653926 47
0.659662 21.0667
0.665398 17.2
0.671134 21.2857
0.67687 28.25
0.682607 26.8667
0.688343 25.4545
0.694079 34.75
0.699815 25.4667
0.705551 18.6667
0.711288 13
0.717024 24.3571
0.72276 35.9333
0.728496 33.8889
0.734232 21
0.739969 29.6875
0.745705 25.5385
0.751441 33.3333
0.757177 31.5882
0.762913 26.8235
0.76865 16.8
0.774386 13.5
0.780122 28.7647
0.785858 30.4545
0.791594 26.1667
0.79733 24.7059
0.803067 25.1333
0.808803 26.5
0.814539 24.4706
0.820275 24.8824
0.826011 25.1111
0.831748 24.125
0.837484 23.3333
0.84322 32.6923
0.848956 32.5
0.854692 26.4211
0.860429 24.0588
0.866165 32
0.871901 28.8125
0.877637 31.8947
0.883373 27.7273
0.88911 21.625
0.894846 26.1579
0.900582 23.5333
0.906318 22
0.912054 25.1053
0.91779 22.3529
0.923527 28.7778
0.929263 33.2308
0.934999 34.6
0.940735 24.4615
0.946471 26
0.952208 23.8095
0.957944 26
0.96368 23.25
0.969416 28.1429
0.975152 33.5263
0.980889 29.1818
0.986625 22.8333
0.992361 24.2381
0.998097 18
1.00383 21.8333
1.00957 27.619
1.01531 27.3529
1.02104 25.2
1.02678 25.1176
1.03251 31.4286
1.03825 19.7692
1.04399 24.8333
1.04972 29.0435
1.05546 30.7647
1.0612 18.5
1.06693 23.8261
1.07267 29.8947
1.0784 34.6154
1.08414 30.8571
1.08988 31.4783
1.09561 38.2
1.10135 25.5
1.10708 25.2609
1.11282 24.1176
1.11856 33.2857
1.12429 30.5417
1.13003 25.0476
1.13577 27.9333
1.1415 25.7143
1.14724 28.64
1.15297 20.4667
1.15871 24.7
1.16445 29.08
1.17018 30.2632
1.17592 30.9231
1.18166 23.3889
1.18739 28.6522
1.19313 21.6667
1.19886 30.25
1.2046 24.2
1.21034 32
1.21607 18.3333
1.22181 25.7037
1.22754 25.9524
1.23328 32.9412
1.23902 31
1.24475 26.24
1.25049 22.8824
1.25623 28.1667
1.26196 24.5556
1.2677 26.0526
1.27343 24.1538
1.27917 19.3182
1.28491 26
1.29064 27.4706
1.29638 21.4
1.30212 26.8148
1.30785 29.6111
1.31359 20
1.31932 24.1034
1.32506 31.8571
1.3308 22.8235
1.33653 26.75
1.34227 31.56
1.348 24.3158
1.35374 16.8571
1.35948 27.8148
1.36521 29.5714
1.37095 32.1
1.37669 26.1724
1.38242 25.9565
1.38816 26.2941
1.39389 25.6316
1.39963 24.8519
1.40537 21.65
1.4111 30.8571
1.41684 28.6207
1.42258 28.2174
1.42831 36.7059
1.43405 23.375
1.43978 31.92
1.44552 28.2381
1.45126 26.5
1.45699 30.3103
1.46273 27.9048
1.46846 21.8333
1.4742 26
1.47994 26.0435
1.48567 28.75
1.49141 24
1.49715 22.1111
1.50288 30.1364
1.50862 31.75
1.51435 24.5172
1.52009 30.96
1.52583 26.1333
1.53156 22.3667
1.5373 30.96
1.54304 26.4286
1.54877 29.1
1.55451 25
1.56024 31.4348
1.56598 27.2857
1.57172 23.0323
1.57745 24.5385
1.58319 25.6
1.58892 23.12
1.59466 25.7037
1.6004 30.24
1.60613 25.2778
1.61187 29.8065
1.61761 26.28
1.62334 23.0714
1.62908 29.4848
1.63481 27.037
1.64055 29.2609
1.64629 32.3182
1.65202 29.5517
1.65776 25.72
1.6635 29
1.66923 26.7419
1.67497 22.8571
1.6807 27.2
1.68644 28.3929
1.69218 25.5714
1.69791 32.8
1.70365 30.3182
1.70938 32.2903
1.71512 30.4444
1.72086 27.75
1.72659 26.3939
1.73233 30.6897
1.73807 33.8696
1.7438 29.3077
1.74954 28.3103
1.75527 25.7778
1.76101 25.6316
1.76675 31.2727
1.77248 23.7143
1.77822 25.55
1.78396 28.2667
1.78969 26.9032
1.79543 20.9259
1.80116 25.9167
1.8069 26.5161
1.81264 34.4828
1.81837 30.3889
1.82411 19.3714
1.82984 29.8276
1.83558 36.48
1.84132 27.5769
1.84705 34.7097
1.85279 31.9643
1.85853 30.3913
1.86426 34
1.87 27.3667
1.87573 29.7647
1.88147 31.3143
1.88721 28.8788
1.89294 30.4074
1.89868 32.1538
1.90442 30.2424
1.91015 30.3548
1.91589 26.55
1.92162 32.1429
1.92736 36.2581
1.9331 35.52
1.93883 38.4286
1.94457 44.0606
1.9503 37.3667
1.95604 35.5
1.96178 28.9706
1.96751 38.75
1.97325 28.4
1.97899 30.8919
1.98472 32.5152
1.99046 29.3448
1.99619 25.6154
2.00193 25.5714
2.00767 28.7097
2.0134 29.625
2.01914 29.2571
2.02488 26.4242
2.03061 30
2.03635 28.5
2.04208 28
2.04782 31.7188
2.05356 30.0417
2.05929 27.7778
2.06503 29.4118
2.07076 26.7273
2.0765 33.5676
2.08224 31.9143
2.08797 31.4828
2.09371 28.8571
2.09945 34.1081
2.10518 27.7576
2.11092 27.7917
2.11665 30.1622
2.12239 29.9143
2.12813 28.6522
2.13386 27.3514
2.1396 28.5833
2.14534 31.875
2.15107 33.8077
2.15681 37.1842
2.16254 30.1111
2.16828 28.9545
2.17402 30.4103
2.17975 33.8919
2.18549 30.7097
2.19122 32.2667
2.19696 31.4865
2.2027 41.1429
2.20843 39.9167
2.21417 70.8974
2.21991 74.4324
2.22564 33.0909
2.23138 38.9
2.23711 34.8684
2.24285 37.8529
2.24859 41.6786
2.25432 32.6579
2.26006 32.3077
2.2658 33.9545
2.27153 32.439
2.27727 29.6667
2.283 32.129
2.28874 33.25
2.29448 32.8718
2.30021 28.7027
2.30595 31.3077
2.31168 34.2564
2.31742 30.65
2.32316 31.0909
2.32889 37.1429
2.33463 41.45
2.34037 40.9444
2.3461 41.0714
2.35184 47.6667
2.35757 45.0541
2.36331 43.4615
2.36905 51.7317
2.37478 47.9512
2.38052 48.0645
2.38626 45.7941
2.39199 41.2558
2.39773 38.8919
2.40346 41.6154
2.4092 40.75
2.41494 36.6
2.42067 35.6818
2.42641 37.9318
2.43214 36.8095
2.43788 35.4
2.44362 32.0645
2.44935 36.8222
2.45509 37.1538
2.46083 31.8462
2.46656 35.6
2.4723 38.3415
2.47803 36.6552
2.48377 35.075
2.48951 32.6744
2.49524 34.6923
2.50098 37.6154
2.50672 36.2174
2.51245 37.2143
2.51819 32.4583
2.52392 38.2174
2.52966 40.1818
2.5354 37.7879
2.54113 33.6286
2.54687 38
2.5526 34.3659
2.55834 35.6538
2.56408 38.4043
2.56981 38.5116
2.57555 34.4828
2.58129 37.619
2.58702 42.7556
2.59276 33.6757
2.59849 36.8182
2.60423 35.2609
2.60997 33.3409
2.6157 31
2.62144 38.1667
2.62718 36.913
2.63291 37.0571
2.63865 40.1944
2.64438 35.3191
2.65012 36.7317
2.65586 38.5333
2.66159 42.4468
2.66733 40.7556
2.67306 35.16
2.6788 39.375
2.68454 39.5417
2.69027 41.5385
2.69601 38.3939
2.70175 35.0625
2.70748 37.4
2.71322 38.1852
2.71895 39.0833
2.72469 31.0833
2.73043 37.9714
2.73616 33.6053
2.7419 37.5102
2.74764 37.6744
2.75337 38.4
2.75911 34.0204
2.76484 36.2857
2.77058 37.5833
2.77632 34.1633
2.78205 33
2.78779 36.1795
2.79352 42.2571
2.79926 41.7308
2.805 38.6667
2.81073 36.4074
2.81647 37.0962
2.82221 34.4898
2.82794 33.8378
2.83368 34.3947
2.83941 41.3019
2.84515 41.8537
2.85089 34.0938
2.85662 40.566
2.86236 41.6939
2.8681 38.5833
2.87383 37.5
2.87957 38.14
2.8853 38.7073
2.89104 39.8378
2.89678 41.0192
2.90251 39.1333
2.90825 43.5172
2.91398 42.6111
2.91972 39.8824
2.92546 43.5405
2.93119 37.7381
2.93693 39.434
2.94267 36.4667
2.9484 39.125
2.95414 37.9623
2.95987 42.5102
2.96561 35.7407
2.97135 45.2321
2.97708 39.7407
2.98282 40.9487
2.98856 39.6154
2.99429 47.6852
3.00003 44.8936
3.00576 39.4839
3.0115 43.9455
3.01724 48.2453
3.02297 46
3.02871 43.4091
3.03444 39.8545
3.04018 43.4667
3.04592 39.2941
3.05165 42.3455
3.05739 42.1569
3.06313 37.1724
3.06886 42.8214
3.0746 44.1455
3.08033 42.8864
3.08607 49.8919
3.09181 51.7857
3.09754 57.2449
3.10328 62
3.10902 62.4576
3.11475 65.0566
3.12049 55.5897
3.12622 54.087
3.13196 52.4
3.1377 51.1915
3.14343 54.1944
3.14917 50.7414
3.1549 51.098
3.16064 48.6207
3.16638 50.8
3.17211 54.7273
3.17785 47.4318
3.18359 50.0488
3.18932 55.0345
3.19506 52.3265
3.20079 46.9412
3.20653 53.0678
3.21227 55.8679
3.218 59.2927
3.22374 55.9583
3.22948 55.4915
3.23521 54.7111
3.24095 55.8974
3.24668 58.9
3.25242 54.5472
3.25816 51.7059
3.26389 57.9825
3.26963 61.4737
3.27536 57.3696
3.2811 58.4878
3.28684 60.25
3.29257 56.4898
3.29831 62.3333
3.30405 65.6825
3.30978 76.5273
3.31552 78.6512
3.32125 80.6458
3.32699 81.9825
3.33273 83.9608
3.33846 82.1795
3.3442 79.1774
3.34994 78.9412
3.35567 71.6579
3.36141 73.0847
3.36714 75.1754
3.37288 69.7917
3.37862 73.9767
3.38435 71.0656
3.39009 70.2642
3.39582 69.3889
3.40156 68.5556
3.4073 66.9273
3.41303 70.4681
3.41877 69.1875
3.42451 74.8525
3.43024 71.8
3.43598 78.2195
3.44171 74.9524
3.44745 71.2143
3.45319 70.6905
3.45892 69.4545
3.46466 71.5424
3.4704 74.82
3.47613 69.7442
3.48187 74.8254
3.4876 73.6792
3.49334 78.9211
3.49908 79.791
3.50481 82.1404
3.51055 78.7021
3.51628 78.6274
3.52202 91.9836
3.52776 96.8333
3.53349 103.927
3.53923 122.646
3.54497 160.519
3.5507 166.375
3.55644 154.618
3.56217 132.373
3.56791 110.981
3.57365 100.696
3.57938 96.5692
3.58512 100.691
3.59086 87.6842
3.59659 95.4627
3.60233 96.1525
3.60806 91.3333
3.6138 95.1225
3.61954 99.1905
3.62527 104.554
3.63101 114.463
3.63674 124.418
3.64248 147.362
3.64822 153.625
3.65395 163.193
3.65969 159.656
3.66543 147.963
3.67116 145.326
3.6769 141.063
3.68263 149.082
3.68837 138.921
3.69411 144.304
3.69984 146.373
3.70558 144.463
3.71132 147.627
3.71705 148.938
3.72279 155.179
3.72852 147.419
3.73426 154.015
3.74 160.532
3.74573 161.3
3.75147 164.036
3.7572 169.127
3.76294 176.864
3.76868 177.295
3.77441 188.448
3.78015 197.407
3.78589 200.362
3.79162 212.25
3.79736 230.25
3.80309 246.089
3.80883 254.667
3.81457 284.385
3.8203 311.55
3.82604 339.628
3.83178 376.145
3.83751 477.629
3.84325 595.464
3.84898 960.226
3.85472 1542.56
3.86046 1553.59
3.86619 1378.98
3.87193 1716.68
3.87766 2239.03
3.8834 2872.67
3.88914 3617.98
3.89487 4371.7
3.90061 3927.02
3.90635 3170.61
3.91208 2281.22
3.91782 1560.64
3.92355 1150.2
3.92929 907.268
3.93503 702.641
3.94076 576.276
3.9465 496.037
3.95224 430.194
3.95797 388.27
3.96371 350.978
3.96944 327.831
3.97518 302.349
3.98092 275.107
3.98665 264.672
3.99239 251.868
3.99812 243.355
4.00386 222.592
4.0096 220.478
4.01533 216.672
4.02107 203.96
4.02681 207.53
4.03254 211.167
4.03828 203.383
4.04401 194.692
4.04975 189.648
4.05549 185
4.06122 175.304
4.06696 173.884
4.0727 173.229
4.07843 165.917
4.08417 167.107
4.0899 157.691
4.09564 160.672
4.10138 159.72
4.10711 156.778
4.11285 158.636
4.11858 151.196
4.12432 153.129
4.13006 146.647
4.13579 151.952
4.14153 146.596
4.14727 147.808
4.153 146.731
4.15874 146.136
4.16447 141.918
4.17021 141.889
4.17595 142.113
4.18168 144.518
4.18742 141.7
4.19316 148.061
4.19889 149.34
4.20463 142.392
4.21036 145.456
4.2161 142.05
4.22184 143.052
4.22757 144.889
4.23331 145.776
4.23904 137.5
4.24478 145.2
4.25052 143.072
4.25625 141.429
4.26199 140.578
4.26773 139.181
4.27346 148.455
4.2792 145.839
4.28493 147.514
4.29067 151.686
4.29641 149.667
4.30214 151.421
4.30788 154.7
4.31362 156.047
4.31935 151.232
4.32509 156.473
4.33082 160.087
4.33656 157.62
4.3423 162.84
4.34803 166.446
4.35377 171.952
4.3595 172.7
4.36524 183.568
4.37098 191.086
4.37671 186.611
4.38245 200.189
4.38819 208.861
4.39392 213.86
4.39966 218.899
4.40539 235.958
4.41113 252.132
4.41687 265.074
4.4226 312.442
4.42834 478.644
4.43408 734.875
4.43981 1568.86
4.44555 4807.12
4.45128 2037.91
4.45702 4243.34
4.46276 1124.88
4.46849 644.389
4.47423 640.611
4.47996 659.868
4.4857 726.932
4.49144 774.477
4.49717 821.889
4.50291 849.526
4.50865 805.771
4.51438 712.212
4.52012 621.924
4.52585 508.053
4.53159 413.491
4.53733 368.141
4.54306 313.612
4.5488 276.851
4.55454 249.246
4.56027 225.625
4.56601 208.432
4.57174 190.058
4.57748 178.91
4.58322 174.051
4.58895 160.881
4.59469 153.066
4.60042 148.59
4.60616 140.147
4.6119 140.24
4.61763 136.614
4.62337 143
4.62911 136.429
4.63484 129.723
4.64058 123.866
4.64631 117.722
4.65205 119.982
4.65779 115.85
4.66352 117.385
4.66926 107.377
4.675 108.789
4.68073 108.821
4.68647 113.178
4.6922 112.316
4.69794 108.5
4.70368 114.532
4.70941 107.86
4.71515 112.071
4.72088 114.45
4.72662 119.58
4.73236 114.952
4.73809 114.695
4.74383 117.615
4.74957 112.923
4.7553 109.298
4.76104 109.662
4.76677 104.776
4.77251 106.523
4.77825 98.7195
4.78398 96.1867
4.78972 91.4364
4.79546 93.1765
4.80119 93.2911
4.80693 89.7231
4.81266 90.8732
4.8184 87.5952
4.82414 90.5205
4.82987 79.4918
4.83561 83.2738
4.84134 86.575
4.84708 83.0566
4.85282 86.8941
4.85855 81.561
4.86429 83.2253
4.87003 80.1311
4.87576 75.5233
4.8815 81.4359
4.88723 78.9259
4.89297 77.0353
4.89871 78.5357
4.90444 81.169
4.91018 77.1493
4.91592 80.869
4.92165 81.3544
4.92739 77.8947
4.93312 76.6744
4.93886 77.7143
4.9446 73.3134
4.95033 74.9296
4.95607 74.6395
4.9618 77.5065
4.96754 76.3051
4.97328 79.2093
4.97901 78.3253
4.98475 80.4098
4.99049 73.7821
4.99622 78.3409
5.00196 75.2329
5.00769 69.8413
5.01343 75.5909
5.01917 73.5783
5.0249 73.1509
5.03064 71.8889
5.03638 71.2907
5.04211 75.7467
5.04785 72
5.05358 74.7209
5.05932 76.1975
5.06506 79.5088
5.07079 75.2386
5.07653 73.8506
5.08226 74.3521
5.088 74.0423
5.09374 74.1111
5.09947 75.5584
5.10521 68.4603
5.11095 70.0889
5.11668 73.4471
5.12242 70.8333
5.12815 72.6883
5.13389 71.3333
5.13963 78.2467
5.14536 71.8197
5.1511 76.5326
5.15684 76.7349
5.16257 75.8871
5.16831 74.381
5.17404 73.0112
5.17978 78.4872
5.18552 74.9104
5.19125 71.0556
5.19699 71.7711
5.20272 67.5593
5.20846 68.9565
5.2142 72.6292
5.21993 73.6447
5.22567 71.8841
5.23141 73.587
5.23714 73.7901
5.24288 71.8852
5.24861 76.0326
5.25435 71.2247
5.26009 68.8
5.26582 72.0789
5.27156 74.0989
5.2773 71.325
5.28303 74.9846
5.28877 72.766
5.2945 73.6897
5.30024 73.5694
5.30598 76.3038
5.31171 74.2921
5.31745 75.5732
5.32318 72.2308
5.32892 72.4681
5.33466 72.023
5.34039 76.6212
5.34613 71.4941
5.35187 72.2637
5.3576 71.6049
5.36334 71.7612
5.36907 74.6354
5.37481 77.8118
5.38055 81.082
5.38628 85.1146
5.39202 93.2088
5.39776 100.775
5.40349 93.831
5.40923 86.5521
5.41496 81.3457
5.4207 72.4127
5.42644 75.8775
5.43217 70.382
5.43791 77.2821
5.44364 74.0548
5.44938 76.5052
5.45512 74.0732
5.46085 74.1045
5.46659 73.3571
5.47233 71.9438
5.47806 71.8553
5.4838 69.7037
5.48953 72.5591
5.49527 73.4881
5.50101 72.4179
5.50674 72.6327
5.51248 70.5843
5.51822 73.3919
5.52395 71.8072
5.52969 75.3226
5.53542 75.1429
5.54116 75.25
5.5469 69.4747
5.55263 73.1778
5.55837 72.8611
5.5641 69.2135
5.56984 72.1936
5.57558 75.1667
5.58131 68.6712
5.58705 72.6364
5.59279 74.3864
5.59852 75.7936
5.60426 76.15
5.60999 72.4839
5.61573 75.4878
5.62147 67.3733
5.6272 76.4433
5.63294 73.093
5.63868 74.4925
5.64441 77.2843
5.65015 74.0215
5.65588 77.3452
5.66162 75.4156
5.66736 74.4545
5.67309 77.314
5.67883 72.7681
5.68456 80.1287
5.6903 75.7778
5.69604 78.9024
5.70177 74.7108
5.70751 79.8842
5.71325 82.1705
5.71898 80
5.72472 78.2828
5.73045 74.7634
5.73619 78.5375
5.74193 79.8764
5.74766 79.8
5.7534 86.75
5.75914 84.1408
5.76487 85.7624
5.77061 83.8723
5.77634 84.7179
5.78208 86.1685
5.78782 87.7629
5.79355 91.2907
5.79929 87.0667
5.80502 84.8614
5.81076 86.087
5.8165 83.3513
5.82223 87.5
5.82797 83.6735
5.83371 84.6628
5.83944 85.3671
5.84518 84.9293
5.85091 85.7812
5.85665 87.7077
5.86239 86.7333
5.86812 84.102
5.87386 85.6047
5.8796 83.6456
5.88533 85.6832
5.89107 85.8152
5.8968 82.7826
5.90254 89.7524
5.90828 87.7041
5.91401 86.8953
5.91975 89.2289
5.92548 86.303
5.93122 89.5532
5.93696 87.7808
5.94269 89.219
5.94843 88.9062
5.95417 90.5455
5.9599 89.2706
5.96564 90.0404
5.97137 96.2979
5.97711 91.2055
5.98285 97
5.98858 96.4286
5.99432 96.2738
6.00006 91.618
6.00579 99.4747
6.01153 105.777
6.01726 105.6
6.023 104.086
6.02874 101.146
6.03447 99.375
6.04021 99.3556
6.04594 99.2551
6.05168 102.552
6.05742 101.649
6.06315 101.61
6.06889 102.688
6.07463 106.06
6.08036 106.447
6.0861 103.857
6.09183 109.667
6.09757 108.667
6.10331 109.132
6.10904 112.031
6.11478 111.663
6.12052 112.406
6.12625 109.8
6.13199 117.372
6.13772 117.5
6.14346 116.01
6.1492 115.05
6.15493 120.75
6.16067 118.951
6.1664 118.99
6.17214 130.149
6.17788 128.19
6.18361 128.588
6.18935 134.404
6.19509 140.28
6.20082 139.349
6.20656 142.265
6.21229 154.281
6.21803 158.768
6.22377 160.651
6.2295 164.79
6.23524 178.347
6.24098 170.45
6.24671 175.402
6.25245 192.383
6.25818 201.221
6.26392 198.667
6.26966 260.706
6.27539 524.173
6.28113 290.468
6.28686 1781.54
6.2926 6084.39
6.29834 1538.3
6.30407 4156.4
6.30981 2216.47
6.31555 2019.56
6.32128 697.824
6.32702 507.981
6.33275 533.167
6.33849 397.67
6.34423 420.865
6.34996 446.02
6.3557 483.359
6.36144 526.759
6.36717 621.125
6.37291 702.168
6.37864 706.467
6.38438 640.896
6.39012 561.275
6.39585 485.925
6.40159 410.204
6.40732 337.204
6.41306 294.436
6.4188 257.598
6.42453 238.755
6.43027 215.431
6.43601 201.976
6.44174 198.34
6.44748 192.093
6.45321 182.713
6.45895 186.859
6.46469 179.876
6.47042 173.35
6.47616 171.976
6.4819 159.909
6.48763 150.759
6.49337 155.054
6.4991 145.116
6.50484 140.917
6.51058 140.206
6.51631 140.119
6.52205 135.136
6.52778 132.583
6.53352 136.565
6.53926 133.021
6.54499 131.815
6.55073 133.784
6.55647 137.774
6.5622 134.372
6.56794 140.583
6.57367 137.86
6.57941 135.916
6.58515 135.875
6.59088 131.904
6.59662 126.976
6.60236 126.518
6.60809 125.783
6.61383 128.645
6.61956 128.34
6.6253 122.902
6.63104 129.078
6.63677 126.012
6.64251 127.193
6.64824 126.682
6.65398 124.89
6.65972 127.127
6.66545 124.33
6.67119 127.567
6.67693 123.395
6.68266 126.328
6.6884 125.546
6.69413 131.549
6.69987 128.184
6.70561 125.688
6.71134 128.971
6.71708 128.125
6.72282 124.088
6.72855 126.315
6.73429 127.764
6.74002 125.075
6.74576 122.626
6.7515 124.291
6.75723 123.36
6.76297 122.879
6.7687 118.929
6.77444 123.989
6.78018 119.743
6.78591 117.603
6.79165 122.15
6.79739 122.368
6.80312 121.439
6.80886 119.714
6.81459 120.945
6.82033 119.581
6.82607 120.922
6.8318 118.714
6.83754 116.955
6.84328 118.017
6.84901 118.75
6.85475 121.385
6.86048 118.954
6.86622 119.31
6.87196 124.897
6.87769 119.552
6.88343 124.797
6.88916 123.947
6.8949 124.805
6.90064 121.071
6.90637 126.035
6.91211 122.813
6.91785 117.149
6.92358 119.628
6.92932 125.513
6.93505 119.18
6.94079 123.779
6.94653 127.491
6.95226 120.383
6.958 122.835
6.96374 122.225
6.96947 123.07
6.97521 122.582
6.98094 122.477
6.98668 122.862
6.99242 126.321
6.99815 124.022
7.00389 126.967
7.00962 121.466
7.01536 128.185
7.0211 123.7
7.02683 126.909
7.03257 126.757
7.03831 125.505
7.04404 126.262
7.04978 128.548
7.05551 134.128
7.06125 128.872
7.06699 130.336
7.07272 131.147
7.07846 129.461
7.0842 131.738
7.08993 132.319
7.09567 131.559
7.1014 133.434
7.10714 137.571
7.11288 138.165
7.11861 139.717
7.12435 144.379
7.13008 139.889
7.13582 140.156
7.14156 139.387
7.14729 140.775
7.15303 141.67
7.15877 139.398
7.1645 139.218
7.17024 141.95
7.17597 139.561
7.18171 140.673
7.18745 142.648
7.19318 146.847
7.19892 144.543
7.20466 148.087
7.21039 147.778
7.21613 153.788
7.22186 150.991
7.2276 154.857
7.23334 156.045
7.23907 155.571
7.24481 156.73
7.25054 155.487
7.25628 160.69
7.26202 157.306
7.26775 164.852
7.27349 166.757
7.27923 166.043
7.28496 167.205
7.2907 168.815
7.29643 171.194
7.30217 170.833
7.30791 176.46
7.31364 184.752
7.31938 177.539
7.32512 192.162
7.33085 192.331
7.33659 201.923
7.34232 190.981
7.34806 205.492
7.3538 227.721
7.35953 213.28
7.36527 253.859
7.371 357.777
7.37674 1089.66
7.38248 511.882
7.38821 4015.26
7.39395 2690.49
7.39969 2240.89
7.40542 1970.24
7.41116 1004.54
7.41689 775.443
7.42263 560.187
7.42837 454.532
7.4341 441.571
7.43984 431.393
7.44558 424.567
7.45131 459.157
7.45705 519.1
7.46278 562.99
7.46852 657.985
7.47426 745.695
7.47999 785.578
7.48573 758.427
7.49146 670.208
7.4972 578.673
7.50294 491.925
7.50867 419.312
7.51441 353.941
7.52015 316.626
7.52588 283.273
7.53162 258.896
7.53735 237.92
7.54309 224.184
7.54883 208.424
7.55456 194.059
7.5603 190.644
7.56604 181.607
7.57177 174.464
7.57751 170.817
7.58324 168.412
7.58898 165.634
7.59472 161.508
7.60045 163.44
7.60619 157.504
7.61192 154.217
7.61766 154.336
7.6234 148.02
7.62913 153.727
7.63487 151.471
7.64061 147.059
7.64634 147.813
7.65208 146.791
7.65781 149.513
7.66355 142.224
7.66929 146.769
7.67502 148.444
7.68076 147.811
7.6865 148.538
7.69223 154.275
7.69797 160.314
7.7037 156.347
7.70944 176.627
7.71518 305.423
7.72091 527.745
7.72665 884.564
7.73238 1746.59
7.73812 445.033
7.74386 219.408
7.74959 236.688
7.75533 209.238
7.76107 200.748
7.7668 204.921
7.77254 218.115
7.77827 231.623
7.78401 248.657
7.78975 274.556
7.79548 308.352
7.80122 352.19
7.80696 381.063
7.81269 397.955
7.81843 383.911
7.82416 353.021
7.8299 301.343
7.83564 254.922
7.84137 219.581
7.84711 193.982
7.85284 179.458
7.85858 163.732
7.86432 155.907
7.87005 146.144
7.87579 140.398
7.88153 133.615
7.88726 137.748
7.893 134.711
7.89873 128.914
7.90447 128.029
7.91021 124.534
7.91594 120.733
7.92168 122.508
7.92742 118.783
7.93315 119.679
7.93889 114.26
7.94462 116.46
7.95036 114.05
7.9561 111.439
7.96183 109.373
7.96757 109.171
7.9733 108.387
7.97904 108.254
7.98478 110.214
7.99051 106.808
7.99625 106.263
8.00199 107.419
8.00772 107.059
8.01346 108.935
8.01919 105.09
8.02493 101.378
8.03067 102.584
8.0364 102.5
8.04214 103.724
8.04788 104.194
8.05361 103.144
8.05935 101.147
8.06508 102.381
8.07082 100.453
8.07656 101.504
8.08229 96.7266
8.08803 100.515
8.09376 97.0909
8.0995 89.4621
8.10524 87.8049
8.11097 79.6195
8.11671 71.5507
8.12245 68.2171
8.12818 64.3333
8.13392 56.447
8.13965 49.2044
8.14539 49.6532
8.15113 48.1712
8.15686 22.9489
8.1626 25.7778
8.16834 21.5763
8.17407 18.3684
8.17981 3.26316
8.18554 0
8.19128 0
8.19702 0
8.20275 0
8.20849 0
8.21422 0
8.21996 0
8.2257 0
8.23143 0
8.23717 0
8.24291 0
8.24864 0
8.25438 0
8.26011 0
8.26585 0
8.27159 0
8.27732 0
8.28306 0
8.2888 0
8.29453 0
8.30027 0
8.306 0
8.31174 0
8.31748 0
8.32321 0
8.32895 0
8.33468 0
8.34042 0
8.34616 0
8.35189 0
8.35763 0
8.36337 0
8.3691 0
8.37484 0
8.38057 0
8.38631 0
8.39205 0
8.39778 0
8.40352 0
8.40926 0
8.41499 0
8.42073 0
8.42646 0
8.4322 0
8.43794 0
8.44367 0
8.44941 0
8.45514 0
8.46088 0
8.46662 0
8.47235 0
8.47809 0
8.48383 0
8.48956 0
8.4953 0
8.50103 0
8.50677 0
8.51251 0
8.51824 0
8.52398 0
8.52972 0
8.53545 0
8.54119 0
8.54692 0
8.55266 0
8.5584 0
8.56413 0
8.56987 0
8.5756 0
8.58134 0
8.58708 0
8.59281 0
8.59855 0
8.60429 0
8.61002 0
8.61576 0
8.62149 0
8.62723 0
8.63297 0
8.6387 0
8.64444 0
8.65018 0
8.65591 0
8.66165 0
8.66738 0
8.67312 0
8.67886 0
8.68459 0
8.69033 0
8.69606 0
8.7018 0
8.70754 0
8.71327 0
8.71901 0
8.72475 0
8.73048 0
8.73622 0
8.74195 0
8.74769 0
8.75343 0
8.75916 0
8.7649 0
8.77064 0
8.77637 0
8.78211 0
8.78784 0
8.79358 0
8.79932 0
8.80505 0
8.81079 0
8.81652 0
8.82226 0
8.828 0
8.83373 0
8.83947 0
8.84521 0
8.85094 0
8.85668 0
8.86241 0
8.86815 0
8.87389 0
8.87962 0
8.88536 0
8.8911 0
8.89683 0
8.90257 0
8.9083 0
8.91404 0
8.91978 0
8.92551 0
8.93125 0
8.93698 0
8.94272 0
8.94846 0
8.95419 0
8.95993 0
8.96567 0
8.9714 0
8.97714 0
8.98287 0
8.98861 0
8.99435 0
9.00008 0
9.00582 0
9.01156 0
9.01729 0
9.02303 0
9.02876 0
9.0345 0
9.04024 0
9.04597 0
9.05171 0
9.05744 0
9.06318 0
9.06892 0
9.07465 0
9.08039 0
9.08613 0
9.09186 0
9.0976 0
9.10333 0
9.10907 0
9.11481 0
9.12054 0
9.12628 0
9.13202 0
9.13775 0
9.14349 0
9.14922 0
9.15496 0
9.1607 0
9.16643 0
9.17217 0
9.1779 0
9.18364 0
9.18938 0
9.19511 0
9.20085 0
9.20659 0
9.21232 0
9.21806 0
9.22379 0
9.22953 0
9.23527 0
9.241 0
9.24674 0
9.25248 0
9.25821 0
9.26395 0
9.26968 0
9.27542 0
9.28116 0
9.28689 0
9.29263 0
9.29836 0
9.3041 0
9.30984 0
9.31557 0
9.32131 0
9.32705 0
9.33278 0
9.33852 0
9.34425 0
9.34999 0
9.35573 0
9.36146 0
9.3672 0
9.37294 0
9.37867 0
9.38441 0
9.39014 0
9.39588 0
9.40162 0
9.40735 0
9.41309 0
9.41882 0
9.42456 0
9.4303 0
9.43603 0
9.44177 0
9.44751 0
9.45324 0
9.45898 0
9.46471 0
9.47045 0
9.47619 0
9.48192 0
9.48766 0
9.4934 0
9.49913 0
9.50487 0
9.5106 0
9.51634 0
9.52208 0
9.52781 0
9.53355 0
9.53928 0
9.54502 0
9.55076 0
9.55649 0
9.56223 0
9.56797 0
9.5737 0
9.57944 0
9.58517 0
9.59091 0
9.59665 0
9.60238 0
9.60812 0
9.61386 0
9.61959 0
9.62533 0
9.63106 0
9.6368 0
9.64254 0
9.64827 0
9.65401 0
9.65974 0
9.66548 0
9.67122 0
9.67695 0
9.68269 0
9.68843 0
9.69416 0
9.6999 0
9.70563 0
9.71137 0
9.71711 0
9.72284 0
9.72858 0
9.73432 0
9.74005 0
9.74579 0
9.75152 0
9.75726 0
9.763 0
9.76873 0
9.77447 0
9.7802 0
9.78594 0
9.79168 0
9.79741 0
9.80315 0
9.80889 0
9.81462 0
9.82036 0
9.82609 0
9.83183 0
9.83757 0
9.8433 0
9.84904 0
9.85478 0
9.86051 0
9.86625 0
9.87198 0
9.87772 0
9.88346 0
9.88919 0
9.89493 0
9.90066 0
9.9064 0
9.91214 0
9.91787 0
9.92361 0
9.92935 0
9.93508 0
9.94082 0
9.94655 0
9.95229 0
9.95803 0
9.96376 0
9.9695 0
9.97524 0
9.98097 0
9.98671 0
9.99244 0
9.99818 0
10.0039 0
10.0097 0
10.0154 0
10.0211 0
10.0269 0
10.0326 0
10.0383 0
10.0441 0
10.0498 0
10.0555 0
10.0613 0
10.067 0
10.0728 0
10.0785 0
10.0842 0
10.09 0
10.0957 0
10.1014 0
10.1072 0
10.1129 0
10.1186 0
10.1244 0
10.1301 0
10.1358 0
10.1416 0
10.1473 0
10.1531 0
10.1588 0
10.1645 0
10.1703 0
10.176 0
10.1817 0
10.1875 0
10.1932 0
10.1989 0
10.2047 0
10.2104 0
10.2162 0
10.2219 0
10.2276 0
10.2334 0
10.2391 0
10.2448 0
10.2506 0
10.2563 0
10.262 0
10.2678 0
10.2735 0
10.2793 0
10.285 0
10.2907 0
10.2965 0
10.3022 0
10.3079 0
10.3137 0
10.3194 0
10.3251 0
10.3309 0
10.3366 0
10.3424 0
10.3481 0
10.3538 0
10.3596 0
10.3653 0
10.371 0
10.3768 0
10.3825 0
10.3882 0
10.394 0
10.3997 0
10.4054 0
10.4112 0
10.4169 0
10.4227 0
10.4284 0
10.4341 0
10.4399 0
10.4456 0
10.4513 0
10.4571 0
10.4628 0
10.4685 0
10.4743 0
10.48 0
10.4858 0
10.4915 0
10.4972 0
10.503 0
10.5087 0
10.5144 0
10.5202 0
10.5259 0
10.5316 0
10.5374 0
10.5431 0
10.5489 0
10.5546 0
10.5603 0
10.5661 0
10.5718 0
10.5775 0
10.5833 0
10.589 0
10.5947 0
10.6005 0
10.6062 0
10.612 0
10.6177 0
10.6234 0
10.6292 0
10.6349 0
10.6406 0
10.6464 0
10.6521 0
10.6578 0
10.6636 0
10.6693 0
10.6751 0
10.6808 0
10.6865 0
10.6923 0
10.698 0
10.7037 0
10.7095 0
10.7152 0
10.7209 0
10.7267 0
10.7324 0
10.7381 0
10.7439 0
10.7496 0
10.7554 0
10.7611 0
10.7668 0
10.7726 0
10.7783 0
10.784 0
10.7898 0
10.7955 0
10.8012 0
10.807 0
10.8127 0
10.8185 0
10.8242 0
10.8299 0
10.8357 0
10.8414 0
10.8471 0
10.8529 0
10.8586 0
10.8643 0
10.8701 0
10.8758 0
10.8816 0
10.8873 0
10.893 0
10.8988 0
10.9045 0
10.9102 0
10.916 0
10.9217 0
10.9274 0
10.9332 0
10.9389 0
10.9447 0
10.9504 0
10.9561 0
10.9619 0
10.9676 0
10.9733 0
10.9791 0
10.9848 0
10.9905 0
10.9963 0
11.002 0
11.0077 0
11.0135 0
11.0192 0
11.025 0
11.0307 0
11.0364 0
11.0422 0
11.0479 0
11.0536 0
11.0594 0
11.0651 0
11.0708 0
11.0766 0
11.0823 0
11.0881 0
11.0938 0
11.0995 0
11.1053 0
11.111 0
11.1167 0
11.1225 0
11.1282 0
11.1339 0
11.1397 0
11.1454 0
11.1512 0
11.1569 0
11.1626 0
11.1684 0
11.1741 0
11.1798 0
11.1856 0
11.1913 0
11.197 0
11.2028 0
11.2085 0
11.2143 0
11.22 0
11.2257 0
11.2315 0
11.2372 0
11.2429 0
11.2487 0
11.2544 0
11.2601 0
11.2659 0
11.2716 0
11.2774 0
11.2831 0
11.2888 0
11.2946 0
11.3003 0
11.306 0
11.3118 0
11.3175 0
11.3232 0
11.329 0
11.3347 0
11.3404 0
11.3462 0
11.3519 0
11.3577 0
11.3634 0
11.3691 0
11.3749 0
11.3806 0
11.3863 0
11.3921 0
11.3978 0
11.4035 0
11.4093 0
11.415 0
11.4208 0
11.4265 0
11.4322 0
11.438 0
11.4437 0
11.4494 0
11.4552 0
11.4609 0
11.4666 0
11.4724 0
11.4781 0
11.4839 0
11.4896 0
11.4953 0
11.5011 0
11.5068 0
11.5125 0
11.5183 0
11.524 0
11.5297 0
11.5355 0
11.5412 0
11.547 0
11.5527 0
11.5584 0
11.5642 0
11.5699 0
11.5756 0
11.5814 0
11.5871 0
11.5928 0
11.5986 0
11.6043 0
11.61 0
11.6158 0
11.6215 0
11.6273 0
11.633 0
11.6387 0
11.6445 0
11.6502 0
11.6559 0
11.6617 0
11.6674 0
11.6731 0
11.6789 0
11.6846 0
11.6904 0
11.6961 0
11.7018 0
11.7076 0
11.7133 0
11.719 0
11.7248 0
11.7305 0
11.7362 0
11.742 0
