0 0
0.00573619 -15
0.0114724 -38
0.0172086 0
0.0229448 -34
0.028681 -4
0.0344171 0
0.0401533 2
0.0458895 -6
0.0516257 27
0.0573619 0
0.0630981 -26
0.0688343 7
0.0745705 0
0.0803067 -5
0.0860429 -8
0.091779 0
0.0975152 -2.33333
0.103251 -11
0.108988 -8.66667
0.114724 0
0.12046 20.3333
0.126196 -10.6667
0.131932 0
0.137669 -8.66667
0.143405 2.33333
0.149141 13
0.154877 -8
0.160613 6
0.16635 10.6667
0.172086 0
0.177822 2.66667
0.183558 5.75
0.189294 0
0.19503 -9
0.200767 -4.8
0.206503 -5.33333
0.212239 10
0.217975 0.4
0.223711 1.4
0.229448 0
0.235184 8.2
0.24092 1.2
0.246656 0
0.252392 -7.6
0.258129 1.2
0.263865 2.2
0.269601 0
0.275337 -12.8
0.281073 4
0.28681 0
0.292546 1.57143
0.298282 -2.14286
0.304018 12.3333
0.309754 -4.5
0.31549 5.42857
0.321227 -2.71429
0.326963 0
0.332699 8.85714
0.338435 -0.857143
0.344171 0
0.349908 -12.4286
0.355644 3.57143
0.36138 -8.8
0.367116 5
0.372852 -1.5
0.378589 5.57143
0.384325 14.5
0.390061 -4.77778
0.395797 7.11111
0.401533 0
0.40727 2.77778
0.413006 7.33333
0.418742 3.85714
0.424478 12
0.430214 2.44444
0.43595 7.44444
0.441687 0
0.447423 6.33333
0.453159 6.11111
0.458895 17.6667
0.464631 20.4286
0.470368 -0.0909091
0.476104 7.88889
0.48184 -0.5
0.487576 3.90909
0.493312 12.6364
0.499049 0
0.504785 11.2727
0.510521 1.36364
0.516257 2
0.521993 9.16667
0.52773 18.4545
0.533466 0.444444
0.539202 13
0.544938 7
0.550674 14.2727
0.55641 0
0.562147 6.5
0.567883 11.4615
0.573619 14.2857
0.579355 16
0.585091 5.23077
0.590828 10.6364
0.596564 3
0.6023 4.69231
0.608036 6.53846
0.613772 3.4
0.619509 12.375
0.625245 4.61538
0.630981 17.1111
0.636717 -1.5
0.642453 3.92308
0.64819 6.46154
0.653926 15
0.659662 11.8
0.665398 5.33333
0.671134 14.4286
0.67687 11.5
0.682607 8
0.688343 10.8182
0.694079 7.25
0.699815 19.5333
0.705551 18.6
0.711288 6
0.717024 12
0.72276 15.3333
0.728496 13.6667
0.734232 17.6667
0.739969 13.4375
0.745705 4.30769
0.751441 25
0.757177 10
0.762913 6.41176
0.76865 14.8
0.774386 11
0.780122 8.23529
0.785858 8.09091
0.791594 10.1667
0.79733 0.705882
0.803067 13.3333
0.808803 16.5
0.814539 13
0.820275 11.1176
0.826011 13.5556
0.831748 7.125
0.837484 8.5
0.84322 13.9231
0.848956 13.6667
0.854692 13.3158
0.860429 10.9412
0.866165 31.6
0.871901 7.875
0.877637 12.6842
0.883373 18.3636
0.88911 6.125
0.894846 19.2632
0.900582 12.1333
0.906318 19.75
0.912054 11.5263
0.91779 11.6471
0.923527 6.77778
0.929263 19.6923
0.934999 8.5
0.940735 11.3846
0.946471 16.75
0.952208 17.619
0.957944 6.82353
0.96368 4
0.969416 4.95238
0.975152 7.89474
0.980889 9.27273
0.986625 10.3333
0.992361 10.9048
0.998097 10.4
1.00383 5.66667
1.00957 14.9048
1.01531 10.8824
1.02104 24.5
1.02678 16.4118
1.03251 9.38095
1.03825 11
1.04399 15.9167
1.04972 9.56522
1.05546 16.7059
1.0612 13.8333
1.06693 12
1.07267 11.0526
1.0784 3.92308
1.08414 6.92857
1.08988 13
1.09561 10.4667
1.10135 17
1.10708 6.73913
1.11282 11.1765
1.11856 26.8571
1.12429 6.25
1.13003 13.381
1.13577 10
1.1415 17
1.14724 19.76
1.15297 4.73333
1.15871 21.5
1.16445 11.08
1.17018 12.5789
1.17592 13.9231
1.18166 14.3333
1.18739 11.8696
1.19313 13.2667
1.19886 1.91667
1.2046 8.8
1.21034 7.44444
1.21607 26.1111
1.22181 11.9259
1.22754 18.8095
1.23328 11.9412
1.23902 8.0625
1.24475 11.68
1.25049 10.2941
1.25623 7.08333
1.26196 16.5185
1.2677 16.2105
1.27343 3.76923
1.27917 19.4091
1.28491 20.3043
1.29064 7.11765
1.29638 10.6
1.30212 15.2222
1.30785 20.0556
1.31359 17.6364
1.31932 13.5172
1.32506 14.4762
1.3308 18.3529
1.33653 7.65
1.34227 15.24
1.348 12
1.35374 12.2857
1.35948 20.6296
1.36521 19
1.37095 26.1
1.37669 15.5172
1.38242 12.1304
1.38816 11
1.39389 10.6842
1.39963 13.5926
1.40537 10.75
1.4111 8.28571
1.41684 14.1379
1.42258 16.9565
1.42831 13.0588
1.43405 17
1.43978 16.84
1.44552 18.9524
1.45126 10.5
1.45699 19.7241
1.46273 12.9048
1.46846 16
1.4742 18.2258
1.47994 21
1.48567 18.9
1.49141 18.0952
1.49715 16.3333
1.50288 16.6364
1.50862 14.3125
1.51435 17.0345
1.52009 10.72
1.52583 6.66667
1.53156 18.3333
1.5373 13.64
1.54304 11.1429
1.54877 10.95
1.55451 16.1379
1.56024 20.7391
1.56598 7.21429
1.57172 13.4516
1.57745 15.0385
1.58319 17.1
1.58892 20.32
1.59466 13.7778
1.6004 9.4
1.60613 10.0556
1.61187 13.4194
1.61761 17
1.62334 8.5
1.62908 7.87879
1.63481 19
1.64055 14
1.64629 16.9545
1.65202 19.1034
1.65776 6.48
1.6635 17.3125
1.66923 14.9032
1.67497 16.25
1.6807 15.25
1.68644 15.3929
1.69218 17.6429
1.69791 15.48
1.70365 13.5
1.70938 20.4516
1.71512 13.4444
1.72086 18.0625
1.72659 12.9394
1.73233 11.3103
1.73807 10.913
1.7438 13.9615
1.74954 13.8966
1.75527 18.1111
1.76101 7.52632
1.76675 11.3333
1.77248 8.35714
1.77822 17.45
1.78396 18.8667
1.78969 14.3871
1.79543 14.2222
1.80116 16.75
1.8069 15.8065
1.81264 13.8621
1.81837 16.5556
1.82411 14.7143
1.82984 14.0345
1.83558 15.36
1.84132 15.8462
1.84705 10.1613
1.85279 17.2857
1.85853 10.1304
1.86426 14.3333
1.87 9.7
1.87573 10.4706
1.88147 19.8
1.88721 18.5152
1.89294 17.7778
1.89868 23.1154
1.90442 17.6061
1.91015 18.6129
1.91589 9.3
1.92162 17.4
1.92736 27.8387
1.9331 32.16
1.93883 29.6071
1.94457 35.1515
1.9503 37.4667
1.95604 30.8333
1.96178 27.5882
1.96751 17.0938
1.97325 19.35
1.97899 14.7297
1.98472 13.0606
1.99046 14.4828
1.99619 14.4615
2.00193 15.3714
2.00767 16.5484
2.0134 18.875
2.01914 14.1143
2.02488 15.1818
2.03061 11.96
2.03635 13.8438
2.04208 20.1176
2.04782 8.71875
2.05356 13.375
2.05929 17.1389
2.06503 14.5
2.07076 21.1364
2.0765 16.5676
2.08224 17.4
2.08797 17
2.09371 17
2.09945 17.5946
2.10518 19.7576
2.11092 18.125
2.11665 19.6216
2.12239 19.1429
2.12813 18.8261
2.13386 23.8919
2.1396 21.2222
2.14534 13.5625
2.15107 20.0385
2.15681 18.2368
2.16254 14.1111
2.16828 19
2.17402 21.2051
2.17975 17.1892
2.18549 17.3871
2.19122 23.4333
2.19696 23.6216
2.2027 19.0857
2.20843 24
2.21417 27.5128
2.21991 48.7297
2.22564 77.5
2.23138 281.275
2.23711 161.079
2.24285 44.2353
2.24859 43.9643
2.25432 34.7895
2.26006 25.2564
2.2658 29.9545
2.27153 17.2927
2.27727 22.1282
2.283 16.7419
2.28874 22.875
2.29448 23.1795
2.30021 22.9459
2.30595 16.1154
2.31168 21.7179
2.31742 22.825
2.32316 26
2.32889 24.1905
2.33463 31.425
2.34037 25.9722
2.3461 32.2857
2.35184 33.5952
2.35757 46.0541
2.36331 37.7308
2.36905 42.2195
2.37478 44.1951
2.38052 40
2.38626 42.0588
2.39199 32.6977
2.39773 29.4324
2.40346 26.5385
2.4092 25.25
2.41494 25.875
2.42067 24.3182
2.42641 20.7727
2.43214 22.381
2.43788 21.0571
2.44362 22.0968
2.44935 23.5111
2.45509 19.6923
2.46083 22.8462
2.46656 24.4
2.4723 21.6341
2.47803 22.4138
2.48377 22.275
2.48951 21.7907
2.49524 19.8718
2.50098 19.6923
2.50672 25.7391
2.51245 23
2.51819 19
2.52392 20.6522
2.52966 21.5909
2.5354 23.697
2.54113 18.1143
2.54687 15.2
2.5526 15.878
2.55834 21.1538
2.56408 19
2.56981 21.3256
2.57555 20.2069
2.58129 21.4762
2.58702 23.9333
2.59276 19.1622
2.59849 19.3333
2.60423 21.4565
2.60997 19.1364
2.6157 16.9583
2.62144 20.5208
2.62718 22.8913
2.63291 18.9143
2.63865 20.4167
2.64438 15.4894
2.65012 22.9512
2.65586 25.3667
2.66159 23.7872
2.66733 20.5778
2.67306 20.44
2.6788 15.3958
2.68454 23.5625
2.69027 18.6154
2.69601 21.303
2.70175 18.1667
2.70748 20.8444
2.71322 24.3704
2.71895 17.6042
2.72469 17.75
2.73043 22.4286
2.73616 27.8158
2.7419 19.7755
2.74764 18.5349
2.75337 23.2667
2.75911 21.2857
2.76484 15.3673
2.77058 16.9167
2.77632 14.8776
2.78205 19.04
2.78779 18.1538
2.79352 19.0286
2.79926 19.0192
2.805 23.1333
2.81073 19.5926
2.81647 18.75
2.82221 18.8163
2.82794 16.6757
2.83368 18.8947
2.83941 18.1321
2.84515 15.3415
2.85089 15.1875
2.85662 14.4717
2.86236 21.551
2.8681 12.875
2.87383 16.7778
2.87957 16.4
2.8853 16.5366
2.89104 16.1081
2.89678 18.7885
2.90251 21.6444
2.90825 17.2069
2.91398 15.8519
2.91972 18.451
2.92546 19.2162
2.93119 16.2857
2.93693 17.6792
2.94267 20
2.9484 18.7188
2.95414 20.283
2.95987 20.5714
2.96561 19.5185
2.97135 19.9107
2.97708 20.463
2.98282 16.1795
2.98856 21.3077
2.99429 17.4815
3.00003 20.3191
3.00576 23.2258
3.0115 18.9636
3.01724 16.7736
3.02297 17.1081
3.02871 20.4318
3.03444 16.8182
3.04018 21.4444
3.04592 20.0882
3.05165 21.3818
3.05739 16.9804
3.06313 19.3448
3.06886 20.3571
3.0746 16.6182
3.08033 18.0682
3.08607 22.4595
3.09181 21.1607
3.09754 24.5918
3.10328 23.4839
3.10902 36.1864
3.11475 38.3019
3.12049 39
3.12622 38.3261
3.13196 33.0545
3.1377 26.766
3.14343 25.3333
3.14917 22.7069
3.1549 22.1176
3.16064 24.5172
3.16638 36.1833
3.17211 36.2909
3.17785 30.4773
3.18359 26.3171
3.18932 25.8966
3.19506 25.6735
3.20079 25.6471
3.20653 21.322
3.21227 20.6604
3.218 22.4146
3.22374 24.3333
3.22948 25.0847
3.23521 25.2444
3.24095 19.8718
3.24668 25.2333
3.25242 29.3019
3.25816 28.8824
3.26389 27.5965
3.26963 22.193
3.27536 21.413
3.2811 24.9756
3.28684 29.9
3.29257 26.3673
3.29831 25.0833
3.30405 28.8254
3.30978 33.2364
3.31552 37.9302
3.32125 41.8958
3.32699 44.0526
3.33273 48.9804
3.33846 55.7179
3.3442 54.6936
3.34994 53.6275
3.35567 51.2895
3.36141 47.7627
3.36714 45.0877
3.37288 39.625
3.37862 37.2558
3.38435 40.4262
3.39009 38.8679
3.39582 36.1944
3.40156 31.5556
3.4073 33.7273
3.41303 31.9362
3.41877 29.9792
3.42451 34.1475
3.43024 34.62
3.43598 39.9512
3.44171 33.2698
3.44745 30.0357
3.45319 26.4524
3.45892 29.2545
3.46466 31.8305
3.4704 31.28
3.47613 25.9302
3.48187 30.3333
3.4876 31.8868
3.49334 34.8684
3.49908 30.1493
3.50481 33.5614
3.51055 34.8298
3.51628 32.5882
3.52202 38.082
3.52776 33.5741
3.53349 37.6829
3.53923 45.7846
3.54497 70.6667
3.5507 83.875
3.55644 118.164
3.56217 144.424
3.56791 124.962
3.57365 93.8696
3.57938 69.4462
3.58512 49.6182
3.59086 46.5
3.59659 43.6119
3.60233 44.5424
3.60806 37.7059
3.6138 40.4082
3.61954 40.6032
3.62527 44.3036
3.63101 47.561
3.63674 48.5672
3.64248 54.3966
3.64822 63.7917
3.65395 78.5439
3.65969 95.082
3.66543 105.074
3.67116 105.543
3.6769 100.635
3.68263 91.0328
3.68837 86.0526
3.69411 85.6957
3.69984 85.017
3.70558 86.0556
3.71132 86.5882
3.71705 86.2769
3.72279 94.125
3.72852 87.8605
3.73426 87.5821
3.74 94.7419
3.74573 93.24
3.75147 100.727
3.7572 101.714
3.76294 104.678
3.76868 105.523
3.77441 107.657
3.78015 111.373
3.78589 113.128
3.79162 118.594
3.79736 137.688
3.80309 144.714
3.80883 153.608
3.81457 161.4
3.8203 182.067
3.82604 186.302
3.83178 212.406
3.83751 248.387
3.84325 275.536
3.84898 309.038
3.85472 370.286
3.86046 454.115
3.86619 522.674
3.87193 670.594
3.87766 998.131
3.8834 1304.82
3.88914 2014.33
3.89487 2752.27
3.90061 3446.22
3.90635 4875.65
3.91208 6046.85
3.91782 6189.52
3.92355 4928.44
3.92929 3523.75
3.93503 2147.09
3.94076 1388.4
3.9465 1048.56
3.95224 786.97
3.95797 607.619
3.96371 507.63
3.96944 435.69
3.97518 373.048
3.98092 321.161
3.98665 290.983
3.99239 264.779
3.99812 239.065
4.00386 212.041
4.0096 203.667
4.01533 188
4.02107 171.44
4.02681 160.712
4.03254 159.182
4.03828 145.4
4.04401 137.846
4.04975 143.169
4.05549 140.908
4.06122 134.5
4.06696 123.754
4.0727 112.414
4.07843 113.367
4.08417 109.286
4.0899 104.353
4.09564 92.4688
4.10138 95.32
4.10711 93.9028
4.11285 89.8485
4.11858 86.8036
4.12432 93.1452
4.13006 81.3676
4.13579 81.6508
4.14153 83.6731
4.14727 80.8904
4.153 83.4179
4.15874 80.7955
4.16447 79.6986
4.17021 77.2361
4.17595 75.1613
4.18168 79.3214
4.18742 75.0857
4.19316 70.4242
4.19889 73.08
4.20463 77.3243
4.21036 74.3971
4.2161 76.7833
4.22184 81.2759
4.22757 81.5
4.23331 83.3582
4.23904 75.4
4.24478 73.64
4.25052 75.5652
4.25625 71.6071
4.26199 68.5469
4.26773 72.5972
4.27346 73.9091
4.2792 73.3929
4.28493 78.6111
4.29067 73.4571
4.29641 72.9167
4.30214 73.2105
4.30788 77.0143
4.31362 79.0938
4.31935 79.6786
4.32509 76.1216
4.33082 77.5942
4.33656 81.44
4.3423 82.76
4.34803 84.3378
4.35377 83.3387
4.3595 85.4167
4.36524 89.6351
4.37098 91.7429
4.37671 98.2222
4.38245 98.2973
4.38819 102.278
4.39392 109.561
4.39966 106.899
4.40539 114.264
4.41113 125.529
4.41687 134.333
4.4226 135.649
4.42834 145.575
4.43408 161.438
4.43981 167
4.44555 190.079
4.45128 209.892
4.45702 234.068
4.46276 258.921
4.46849 342.736
4.47423 544.87
4.47996 924.895
4.4857 1755.12
4.49144 4401.62
4.49717 2967.25
4.50291 2034.88
4.50865 1663.73
4.51438 1413.44
4.52012 1331.15
4.52585 1283.35
4.53159 1051.88
4.53733 901.535
4.54306 683.375
4.5488 523.612
4.55454 417.561
4.56027 335.275
4.56601 275.432
4.57174 238.904
4.57748 197.756
4.58322 171.179
4.58895 157.403
4.59469 140.738
4.60042 123.064
4.60616 114.747
4.6119 108.72
4.61763 98.9036
4.62337 93.6538
4.62911 87.619
4.63484 85.9692
4.64058 84.6463
4.64631 86.2083
4.65205 82.1964
4.65779 76.3
4.66352 68.359
4.66926 63.7049
4.675 61.6197
4.68073 59.2179
4.68647 57.7945
4.6922 55.1228
4.69794 55.5625
4.70368 60.7403
4.70941 55.44
4.71515 60.6
4.72088 61.5
4.72662 64.4058
4.73236 66.381
4.73809 64.7927
4.74383 68.3077
4.74957 62.7692
4.7553 69.6071
4.76104 69.475
4.76677 64.1194
4.77251 59.0154
4.77825 55.2805
4.78398 54.8667
4.78972 44.7273
4.79546 46.6353
4.80119 45.557
4.80693 39.4615
4.81266 41.6901
4.8184 41.1429
4.82414 37.2192
4.82987 38.4918
4.83561 36.131
4.84134 34.65
4.84708 35.1698
4.85282 32.8353
4.85855 33.2805
4.86429 31.9437
4.87003 29.3934
4.87576 33.8372
4.8815 35.3205
4.88723 53.463
4.89297 49.4588
4.89871 36.369
4.90444 37.507
4.91018 34.9851
4.91592 29.381
4.92165 33.4051
4.92739 31.2456
4.93312 29.8953
4.93886 32.2738
4.9446 28.3881
4.95033 30.3521
4.95607 28.9651
4.9618 30.1558
4.96754 26.8814
4.97328 28.9302
4.97901 30.0361
4.98475 26.4262
4.99049 29.8846
4.99622 31.0114
5.00196 29.8493
5.00769 27.254
5.01343 28.9318
5.01917 35.4458
5.0249 31.6415
5.03064 25.1778
5.03638 26.4535
5.04211 29.4
5.04785 29.2308
5.05358 26
5.05932 29.5802
5.06506 31.4035
5.07079 26.1705
5.07653 29.5747
5.08226 26.5915
5.088 24.9014
5.09374 28.9222
5.09947 26.4935
5.10521 28.0317
5.11095 26.3333
5.11668 27.8824
5.12242 28.5758
5.12815 30.4935
5.13389 26.5667
5.13963 28.2468
5.14536 30.1311
5.1511 30.5652
5.15684 30.3253
5.16257 24.629
5.16831 26.9524
5.17404 28.3708
5.17978 28.3077
5.18552 29.2687
5.19125 29.6667
5.19699 34.0843
5.20272 32.9153
5.20846 32.0652
5.2142 29.8539
5.21993 29.8026
5.22567 27.7536
5.23141 26.4783
5.23714 25.4198
5.24288 27.0984
5.24861 32.4348
5.25435 27.4494
5.26009 29.5714
5.26582 31.8289
5.27156 31.1209
5.2773 29.8875
5.28303 30.1846
5.28877 27.3617
5.2945 29.9425
5.30024 31.2222
5.30598 35.1139
5.31171 32.8989
5.31745 32.2561
5.32318 32.1846
5.32892 31.2021
5.33466 37
5.34039 34.0455
5.34613 31.2235
5.35187 29.044
5.3576 24.3333
5.36334 29.8806
5.36907 25.875
5.37481 30.0118
5.38055 28.8197
5.38628 29.4896
5.39202 34.6813
5.39776 38.5
5.40349 39.3803
5.40923 52.5104
5.41496 61.8889
5.4207 55.3968
5.42644 40.2347
5.43217 36.7978
5.43791 28.4359
5.44364 32.4795
5.44938 29.0103
5.45512 27.5976
5.46085 29.1493
5.46659 30.4796
5.47233 27.191
5.47806 29.5789
5.4838 30.5432
5.48953 26.129
5.49527 28.9762
5.50101 31.4328
5.50674 28.2551
5.51248 30.7753
5.51822 26.7973
5.52395 28.2892
5.52969 25.7419
5.53542 24.1667
5.54116 28.3529
5.5469 28.5152
5.55263 23.4889
5.55837 24.5833
5.5641 26.7191
5.56984 24.3763
5.57558 22.9167
5.58131 26.9726
5.58705 25.2828
5.59279 28.125
5.59852 25.8413
5.60426 28.68
5.60999 28.6129
5.61573 24.7317
5.62147 29
5.6272 28.732
5.63294 25.2442
5.63868 26.8507
5.64441 29.5882
5.65015 24.6344
5.65588 23.3095
5.66162 25.974
5.66736 25.5354
5.67309 26.5465
5.67883 29
5.68456 25.7624
5.6903 32.2333
5.69604 27.5732
5.70177 27.8795
5.70751 27.7474
5.71325 27.0227
5.71898 28.8592
5.72472 29.4343
5.73045 29.7204
5.73619 32.5625
5.74193 32.2809
5.74766 34.1368
5.7534 33.5909
5.75914 29.9859
5.76487 30.2475
5.77061 32.5426
5.77634 32.4103
5.78208 31.0787
5.78782 34.4021
5.79355 37.593
5.79929 38.24
5.80502 37.7723
5.81076 41.0652
5.8165 39.5135
5.82223 39.1875
5.82797 36.1429
5.83371 37.2674
5.83944 33.3291
5.84518 34.4747
5.85091 34.2708
5.85665 32.5692
5.86239 37.0476
5.86812 31.9796
5.87386 32
5.8796 37.7595
5.88533 34.5149
5.89107 36.3804
5.8968 34.6812
5.90254 31.4667
5.90828 32.3469
5.91401 31.4419
5.91975 33.3855
5.92548 31.6263
5.93122 32.8723
5.93696 31.6986
5.94269 35.7524
5.94843 35.5729
5.95417 31.8864
5.9599 35.6235
5.96564 33.1212
5.97137 32.883
5.97711 36.8219
5.98285 32.4854
5.98858 37.0612
5.99432 37.75
6.00006 38.0787
6.00579 40.1414
6.01153 38.6702
6.01726 40.6267
6.023 42.8952
6.02874 44.3229
6.03447 48.9318
6.04021 52.9778
6.04594 51.3265
6.05168 46.25
6.05742 45.5584
6.06315 44.3333
6.06889 38.9375
6.07463 42.3452
6.08036 41.9787
6.0861 41.7653
6.09183 45.3438
6.09757 46.2949
6.10331 47.8679
6.10904 44.6042
6.11478 49.6744
6.12052 50.7812
6.12625 50.02
6.13199 46.9362
6.13772 51.8171
6.14346 47.1373
6.1492 45.32
6.15493 51.225
6.16067 51.9608
6.1664 51.1939
6.17214 52.3511
6.17788 57.1786
6.18361 52.9412
6.18935 58.4848
6.19509 62.8933
6.20082 57.9083
6.20656 60.8137
6.21229 68.2188
6.21803 72.7439
6.22377 70.4057
6.2295 78.29
6.23524 92.6667
6.24098 90.6055
6.24671 95.1274
6.25245 114.596
6.25818 121.151
6.26392 103.363
6.26966 117.814
6.27539 137.293
6.28113 118.853
6.28686 127.941
6.2926 155.969
6.29834 170.818
6.30407 155.913
6.30981 213.078
6.31555 343.103
6.32128 218.444
6.32702 472.904
6.33275 1655.12
6.33849 7920.91
6.34423 1906.3
6.34996 24953.7
6.3557 12568.4
6.36144 1051.26
6.36717 2047.93
6.37291 1114.56
6.37864 815.089
6.38438 679.576
6.39012 782.402
6.39585 866.612
6.40159 902.018
6.40732 1013.71
6.41306 979.84
6.4188 831.174
6.42453 645.491
6.43027 498.196
6.43601 400.512
6.44174 300.311
6.44748 251.259
6.45321 217.979
6.45895 191.043
6.46469 165.771
6.47042 155.039
6.47616 156.845
6.4819 144.645
6.48763 140.009
6.49337 134.011
6.4991 121.042
6.50484 103.972
6.51058 96.6471
6.51631 91.8333
6.52205 86.8273
6.52778 82.4352
6.53352 79.9891
6.53926 75.9167
6.54499 70.9352
6.55073 71.7647
6.55647 69.1905
6.5622 66.1947
6.56794 61.6204
6.57367 60.7097
6.57941 62.7158
6.58515 62.5179
6.59088 63.0769
6.59662 67.4048
6.60236 63.7105
6.60809 66.434
6.61383 62.3656
6.61956 60.0103
6.6253 57.6161
6.63104 55.5098
6.63677 54.5698
6.64251 51.7105
6.64824 53.972
6.65398 53.8681
6.65972 53.8824
6.66545 51.5982
6.67119 54.6154
6.67693 52.907
6.68266 52.3017
6.6884 51.0278
6.69413 54.7143
6.69987 57.4951
6.70561 56.7411
6.71134 59.5
6.71708 60.9545
6.72282 57.4561
6.72855 52.8426
6.73429 53.9213
6.74002 50.066
6.74576 53.513
6.7515 50.4272
6.75723 49.1124
6.76297 50.1466
6.7687 50.25
6.77444 51.1011
6.78018 44.619
6.78591 46.5776
6.79165 50.0374
6.79739 45.6782
6.80312 46.7719
6.80886 43.4018
6.81459 48.5714
6.82033 44.1905
6.82607 42.0345
6.8318 43.0571
6.83754 40.1591
6.84328 41.5385
6.84901 43.2143
6.85475 42.8901
6.86048 43.5872
6.86622 43.1207
6.87196 43.1776
6.87769 43.7816
6.88343 45.2373
6.88916 44.9912
6.8949 45.5287
6.90064 45.2212
6.90637 44.0702
6.91211 42.8131
6.91785 40.6092
6.92358 43.4132
6.92932 43.2743
6.93505 41.618
6.94079 42.3274
6.94653 40.8793
6.95226 42.8598
6.958 40.8132
6.96374 41.1583
6.96947 42.4035
6.97521 40.8022
6.98094 42.045
6.98668 42.2759
6.99242 40.1651
6.99815 43.1461
7.00389 42.1
7.00962 44.181
7.01536 41.4348
7.0211 43.0818
7.02683 39.8017
7.03257 41.1589
7.03831 41.9892
7.04404 40.959
7.04978 41.6261
7.05551 44.1702
7.06125 41.0092
7.06699 41.7623
7.07272 46.1927
7.07846 40.2247
7.0842 40.6557
7.08993 43.9138
7.09567 44.086
7.1014 42.9027
7.10714 43.1849
7.11288 44.9266
7.11861 43.2826
7.12435 44.1694
7.13008 51.2906
7.13582 48.4271
7.14156 51.4324
7.14729 53.8333
7.15303 49.7706
7.15877 51.0645
7.1645 46.9758
7.17024 48.3361
7.17597 44.5
7.18171 47.7383
7.18745 42.5
7.19318 43.5856
7.19892 43.9891
7.20466 47.063
7.21039 48.7607
7.21613 48.6263
7.22186 46.5872
7.2276 50.373
7.23334 49.3784
7.23907 51.2088
7.24481 55.4444
7.25054 53.9916
7.25628 52.83
7.26202 52.3423
7.26775 55.9836
7.27349 53.2342
7.27923 54.0968
7.28496 54.6772
7.2907 54.6975
7.29643 53.0777
7.30217 55.3148
7.30791 55.7258
7.31364 55.812
7.31938 61
7.32512 60.4154
7.33085 63.8264
7.33659 63.3173
7.34232 64.0762
7.34806 67.3538
7.3538 69.2883
7.35953 70.7097
7.36527 68.7578
7.371 73.9008
7.37674 76.7404
7.38248 73.9
7.38821 76.7016
7.39395 83.7759
7.39969 84.75
7.40542 89.4
7.41116 94.6423
7.41689 103.906
7.42263 105.364
7.42837 114.651
7.4341 130.546
7.43984 142
7.44558 195.888
7.45131 284.537
7.45705 474.818
7.46278 328.32
7.46852 408.277
7.47426 376.712
7.47999 396.444
7.48573 448.947
7.49146 532.04
7.4972 650.573
7.50294 784.084
7.50867 927.453
7.51441 1043.44
7.52015 1095.81
7.52588 1013.55
7.53162 817.824
7.53735 643.268
7.54309 506.408
7.54883 380.083
7.55456 293.983
7.5603 247.478
7.56604 205.956
7.57177 171.672
7.57751 153.478
7.58324 139.147
7.58898 122.595
7.59472 114.779
7.60045 106.11
7.60619 98.2439
7.61192 96.6202
7.61766 91.1379
7.6234 88.2871
7.62913 86.553
7.63487 82.7107
7.64061 79.2941
7.64634 76.8537
7.65208 73.5659
7.65781 72.9664
7.66355 71.0612
7.66929 69.6567
7.67502 66.1855
7.68076 67.8585
7.6865 65.1765
7.69223 65.8779
7.69797 65.3305
7.7037 61.6337
7.70944 67.7463
7.71518 66.2846
7.72091 62.5818
7.72665 68.3761
7.73238 66.9845
7.73812 72.0984
7.74386 72.6122
7.74959 73.913
7.75533 75.6825
7.76107 78.1622
7.7668 80.1404
7.77254 83.3664
7.77827 90.7705
7.78401 104.354
7.78975 135.526
7.79548 231.57
7.80122 282.31
7.80696 230.252
7.81269 222.722
7.81843 219.347
7.82416 251.021
7.8299 293.043
7.83564 364.492
7.84137 451.453
7.84711 508.045
7.85284 555.573
7.85858 531.764
7.86432 462.361
7.87005 369.36
7.87579 270.609
7.88153 203.393
7.88726 159.019
7.893 134.193
7.89873 105.281
7.90447 92.1863
7.91021 83.9098
7.91594 76.084
7.92168 71.5833
7.92742 64.283
7.93315 64.0365
7.93889 59.4016
7.94462 59.7345
7.95036 56.0578
7.9561 55.2045
7.96183 52.4286
7.96757 52.9714
7.9733 49.2701
7.97904 47.9769
7.98478 48.2054
7.99051 43.848
7.99625 44.4812
8.00199 45.379
8.00772 41.7921
8.01346 43.1439
8.01919 42.6992
8.02493 42.437
8.03067 41.0973
8.0364 39.9485
8.04214 40.6457
8.04788 40.3107
8.05361 39.8777
8.05935 40.9853
8.06508 39.1441
8.07082 42.2051
8.07656 39.927
8.08229 39.1562
8.08803 34.5152
8.09376 37.8811
8.0995 37.2273
8.10524 35.0894
8.11097 33.885
8.11671 29.9638
8.12245 29.8605
8.12818 31.1802
8.13392 25.25
8.13965 22.8175
8.14539 18.6694
8.15113 20.2252
8.15686 9.62774
8.1626 11.716
8.16834 9.8983
8.17407 9.1579
8.17981 0.210526
8.18554 0
8.19128 0
8.19702 0
8.20275 0
8.20849 0
8.21422 0
8.21996 0
8.2257 0
8.23143 0
8.23717 0
8.24291 0
8.24864 0
8.25438 0
8.26011 0
8.26585 0
8.27159 0
8.27732 0
8.28306 0
8.2888 0
8.29453 0
8.30027 0
8.306 0
8.31174 0
8.31748 0
8.32321 0
8.32895 0
8.33468 0
8.34042 0
8.34616 0
8.35189 0
8.35763 0
8.36337 0
8.3691 0
8.37484 0
8.38057 0
8.38631 0
8.39205 0
8.39778 0
8.40352 0
8.40926 0
8.41499 0
8.42073 0
8.42646 0
8.4322 0
8.43794 0
8.44367 0
8.44941 0
8.45514 0
8.46088 0
8.46662 0
8.47235 0
8.47809 0
8.48383 0
8.48956 0
8.4953 0
8.50103 0
8.50677 0
8.51251 0
8.51824 0
8.52398 0
8.52972 0
8.53545 0
8.54119 0
8.54692 0
8.55266 0
8.5584 0
8.56413 0
8.56987 0
8.5756 0
8.58134 0
8.58708 0
8.59281 0
8.59855 0
8.60429 0
8.61002 0
8.61576 0
8.62149 0
8.62723 0
8.63297 0
8.6387 0
8.64444 0
8.65018 0
8.65591 0
8.66165 0
8.66738 0
8.67312 0
8.67886 0
8.68459 0
8.69033 0
8.69606 0
8.7018 0
8.70754 0
8.71327 0
8.71901 0
8.72475 0
8.73048 0
8.73622 0
8.74195 0
8.74769 0
8.75343 0
8.75916 0
8.7649 0
8.77064 0
8.77637 0
8.78211 0
8.78784 0
8.79358 0
8.79932 0
8.80505 0
8.81079 0
8.81652 0
8.82226 0
8.828 0
8.83373 0
8.83947 0
8.84521 0
8.85094 0
8.85668 0
8.86241 0
8.86815 0
8.87389 0
8.87962 0
8.88536 0
8.8911 0
8.89683 0
8.90257 0
8.9083 0
8.91404 0
8.91978 0
8.92551 0
8.93125 0
8.93698 0
8.94272 0
8.94846 0
8.95419 0
8.95993 0
8.96567 0
8.9714 0
8.97714 0
8.98287 0
8.98861 0
8.99435 0
9.00008 0
9.00582 0
9.01156 0
9.01729 0
9.02303 0
9.02876 0
9.0345 0
9.04024 0
9.04597 0
9.05171 0
9.05744 0
9.06318 0
9.06892 0
9.07465 0
9.08039 0
9.08613 0
9.09186 0
9.0976 0
9.10333 0
9.10907 0
9.11481 0
9.12054 0
9.12628 0
9.13202 0
9.13775 0
9.14349 0
9.14922 0
9.15496 0
9.1607 0
9.16643 0
9.17217 0
9.1779 0
9.18364 0
9.18938 0
9.19511 0
9.20085 0
9.20659 0
9.21232 0
9.21806 0
9.22379 0
9.22953 0
9.23527 0
9.241 0
9.24674 0
9.25248 0
9.25821 0
9.26395 0
9.26968 0
9.27542 0
9.28116 0
9.28689 0
9.29263 0
9.29836 0
9.3041 0
9.30984 0
9.31557 0
9.32131 0
9.32705 0
9.33278 0
9.33852 0
9.34425 0
9.34999 0
9.35573 0
9.36146 0
9.3672 0
9.37294 0
9.37867 0
9.38441 0
9.39014 0
9.39588 0
9.40162 0
9.40735 0
9.41309 0
9.41882 0
9.42456 0
9.4303 0
9.43603 0
9.44177 0
9.44751 0
9.45324 0
9.45898 0
9.46471 0
9.47045 0
9.47619 0
9.48192 0
9.48766 0
9.4934 0
9.49913 0
9.50487 0
9.5106 0
9.51634 0
9.52208 0
9.52781 0
9.53355 0
9.53928 0
9.54502 0
9.55076 0
9.55649 0
9.56223 0
9.56797 0
9.5737 0
9.57944 0
9.58517 0
9.59091 0
9.59665 0
9.60238 0
9.60812 0
9.61386 0
9.61959 0
9.62533 0
9.63106 0
9.6368 0
9.64254 0
9.64827 0
9.65401 0
9.65974 0
9.66548 0
9.67122 0
9.67695 0
9.68269 0
9.68843 0
9.69416 0
9.6999 0
9.70563 0
9.71137 0
9.71711 0
9.72284 0
9.72858 0
9.73432 0
9.74005 0
9.74579 0
9.75152 0
9.75726 0
9.763 0
9.76873 0
9.77447 0
9.7802 0
9.78594 0
9.79168 0
9.79741 0
9.80315 0
9.80889 0
9.81462 0
9.82036 0
9.82609 0
9.83183 0
9.83757 0
9.8433 0
9.84904 0
9.85478 0
9.86051 0
9.86625 0
9.87198 0
9.87772 0
9.88346 0
9.88919 0
9.89493 0
9.90066 0
9.9064 0
9.91214 0
9.91787 0
9.92361 0
9.92935 0
9.93508 0
9.94082 0
9.94655 0
9.95229 0
9.95803 0
9.96376 0
9.9695 0
9.97524 0
9.98097 0
9.98671 0
9.99244 0
9.99818 0
10.0039 0
10.0097 0
10.0154 0
10.0211 0
10.0269 0
10.0326 0
10.0383 0
10.0441 0
10.0498 0
10.0555 0
10.0613 0
10.067 0
10.0728 0
10.0785 0
10.0842 0
10.09 0
10.0957 0
10.1014 0
10.1072 0
10.1129 0
10.1186 0
10.1244 0
10.1301 0
10.1358 0
10.1416 0
10.1473 0
10.1531 0
10.1588 0
10.1645 0
10.1703 0
10.176 0
10.1817 0
10.1875 0
10.1932 0
10.1989 0
10.2047 0
10.2104 0
10.2162 0
10.2219 0
10.2276 0
10.2334 0
10.2391 0
10.2448 0
10.2506 0
10.2563 0
10.262 0
10.2678 0
10.2735 0
10.2793 0
10.285 0
10.2907 0
10.2965 0
10.3022 0
10.3079 0
10.3137 0
10.3194 0
10.3251 0
10.3309 0
10.3366 0
10.3424 0
10.3481 0
10.3538 0
10.3596 0
10.3653 0
10.371 0
10.3768 0
10.3825 0
10.3882 0
10.394 0
10.3997 0
10.4054 0
10.4112 0
10.4169 0
10.4227 0
10.4284 0
10.4341 0
10.4399 0
10.4456 0
10.4513 0
10.4571 0
10.4628 0
10.4685 0
10.4743 0
10.48 0
10.4858 0
10.4915 0
10.4972 0
10.503 0
10.5087 0
10.5144 0
10.5202 0
10.5259 0
10.5316 0
10.5374 0
10.5431 0
10.5489 0
10.5546 0
10.5603 0
10.5661 0
10.5718 0
10.5775 0
10.5833 0
10.589 0
10.5947 0
10.6005 0
10.6062 0
10.612 0
10.6177 0
10.6234 0
10.6292 0
10.6349 0
10.6406 0
10.6464 0
10.6521 0
10.6578 0
10.6636 0
10.6693 0
10.6751 0
10.6808 0
10.6865 0
10.6923 0
10.698 0
10.7037 0
10.7095 0
10.7152 0
10.7209 0
10.7267 0
10.7324 0
10.7381 0
10.7439 0
10.7496 0
10.7554 0
10.7611 0
10.7668 0
10.7726 0
10.7783 0
10.784 0
10.7898 0
10.7955 0
10.8012 0
10.807 0
10.8127 0
10.8185 0
10.8242 0
10.8299 0
10.8357 0
10.8414 0
10.8471 0
10.8529 0
10.8586 0
10.8643 0
10.8701 0
10.8758 0
10.8816 0
10.8873 0
10.893 0
10.8988 0
10.9045 0
10.9102 0
10.916 0
10.9217 0
10.9274 0
10.9332 0
10.9389 0
10.9447 0
10.9504 0
10.9561 0
10.9619 0
10.9676 0
10.9733 0
10.9791 0
10.9848 0
10.9905 0
10.9963 0
11.002 0
11.0077 0
11.0135 0
11.0192 0
11.025 0
11.0307 0
11.0364 0
11.0422 0
11.0479 0
11.0536 0
11.0594 0
11.0651 0
11.0708 0
11.0766 0
11.0823 0
11.0881 0
11.0938 0
11.0995 0
11.1053 0
11.111 0
11.1167 0
11.1225 0
11.1282 0
11.1339 0
11.1397 0
11.1454 0
11.1512 0
11.1569 0
11.1626 0
11.1684 0
11.1741 0
11.1798 0
11.1856 0
11.1913 0
11.197 0
11.2028 0
11.2085 0
11.2143 0
11.22 0
11.2257 0
11.2315 0
11.2372 0
11.2429 0
11.2487 0
11.2544 0
11.2601 0
11.2659 0
11.2716 0
11.2774 0
11.2831 0
11.2888 0
11.2946 0
11.3003 0
11.306 0
11.3118 0
11.3175 0
11.3232 0
11.329 0
11.3347 0
11.3404 0
11.3462 0
11.3519 0
11.3577 0
11.3634 0
11.3691 0
11.3749 0
11.3806 0
11.3863 0
11.3921 0
11.3978 0
11.4035 0
11.4093 0
11.415 0
11.4208 0
11.4265 0
11.4322 0
11.438 0
11.4437 0
11.4494 0
11.4552 0
11.4609 0
11.4666 0
11.4724 0
11.4781 0
11.4839 0
11.4896 0
11.4953 0
11.5011 0
11.5068 0
11.5125 0
11.5183 0
11.524 0
11.5297 0
11.5355 0
11.5412 0
11.547 0
11.5527 0
11.5584 0
11.5642 0
11.5699 0
11.5756 0
11.5814 0
11.5871 0
11.5928 0
11.5986 0
11.6043 0
11.61 0
11.6158 0
11.6215 0
11.6273 0
11.633 0
11.6387 0
11.6445 0
11.6502 0
11.6559 0
11.6617 0
11.6674 0
11.6731 0
11.6789 0
11.6846 0
11.6904 0
11.6961 0
11.7018 0
11.7076 0
11.7133 0
11.719 0
11.7248 0
11.7305 0
11.7362 0
11.742 0
