0 0
0.00573619 7
0.0114724 -7
0.0172086 0
0.0229448 9
0.028681 0
0.0344171 0
0.0401533 0
0.0458895 16
0.0516257 -1
0.0573619 0
0.0630981 -7
0.0688343 20
0.0745705 0
0.0803067 -10
0.0860429 -8
0.091779 0
0.0975152 19
0.103251 1.66667
0.108988 -12.6667
0.114724 0
0.12046 4.33333
0.126196 18.3333
0.131932 0
0.137669 -12
0.143405 -2.66667
0.149141 1
0.154877 -3
0.160613 16.6667
0.16635 2.33333
0.172086 0
0.177822 4.33333
0.183558 8.25
0.189294 0
0.19503 -3.8
0.200767 -0.2
0.206503 -5.66667
0.212239 5.5
0.217975 -0.2
0.223711 -4
0.229448 0
0.235184 2.4
0.24092 4.6
0.246656 0
0.252392 -3.4
0.258129 -2.4
0.263865 -3.4
0.269601 0
0.275337 -4.4
0.281073 -0.714286
0.28681 0
0.292546 9
0.298282 -1.42857
0.304018 -1.33333
0.309754 -5.25
0.31549 13.4286
0.321227 0.142857
0.326963 0
0.332699 -6.42857
0.338435 2.57143
0.344171 0
0.349908 2.71429
0.355644 -5.28571
0.36138 -9.6
0.367116 -7
0.372852 10.125
0.378589 8.71429
0.384325 15
0.390061 2.88889
0.395797 6.33333
0.401533 0
0.40727 5.77778
0.413006 5.55556
0.418742 17.4286
0.424478 14
0.430214 8.44444
0.43595 12.4444
0.441687 0
0.447423 21.2222
0.453159 13.7778
0.458895 13
0.464631 17.2857
0.470368 17.2727
0.476104 20.7778
0.48184 21
0.487576 17.0909
0.493312 12.3636
0.499049 0
0.504785 23.0909
0.510521 28.3636
0.516257 13
0.521993 27.5
0.52773 27.3636
0.533466 31.3333
0.539202 20.5
0.544938 24.3636
0.550674 18.8182
0.55641 0
0.562147 14.4167
0.567883 13.9231
0.573619 19.7143
0.579355 16.5
0.585091 18.6923
0.590828 24
0.596564 6
0.6023 25.1538
0.608036 17.3846
0.613772 24.8
0.619509 13.625
0.625245 19.9231
0.630981 35.4444
0.636717 27.25
0.642453 23.7692
0.64819 27.3077
0.653926 21
0.659662 28.7333
0.665398 31.4667
0.671134 15.5714
0.67687 27.25
0.682607 30.6
0.688343 28.7273
0.694079 17.25
0.699815 28.4
0.705551 23.6667
0.711288 16
0.717024 25.2857
0.72276 33.3333
0.728496 29
0.734232 27.8333
0.739969 23.3125
0.745705 31.1538
0.751441 41.6667
0.757177 28.8235
0.762913 32.2941
0.76865 26
0.774386 21.5
0.780122 30.4706
0.785858 27
0.791594 22.8333
0.79733 22.9412
0.803067 17.7333
0.808803 25
0.814539 31.0588
0.820275 27.4706
0.826011 28.2222
0.831748 32.75
0.837484 30.1111
0.84322 29.7692
0.848956 28.8333
0.854692 26.7368
0.860429 30.9412
0.866165 31
0.871901 24.25
0.877637 24.4737
0.883373 22.8182
0.88911 24.75
0.894846 19.3158
0.900582 27.0667
0.906318 18.75
0.912054 26.1579
0.91779 23.5882
0.923527 32.4444
0.929263 28.6923
0.934999 29.9
0.940735 29.4615
0.946471 37.375
0.952208 28.8095
0.957944 24.7059
0.96368 20.75
0.969416 39.9048
0.975152 32.6842
0.980889 37.1818
0.986625 29.4167
0.992361 30.7619
0.998097 27.6667
1.00383 30.5
1.00957 25.9524
1.01531 32.9412
1.02104 23.8
1.02678 24.5294
1.03251 23.619
1.03825 26.2308
1.04399 35.6667
1.04972 32.6087
1.05546 27.8235
1.0612 29
1.06693 34.1304
1.07267 30.9474
1.0784 33.5385
1.08414 37.2143
1.08988 30.087
1.09561 39.1333
1.10135 30
1.10708 34.2174
1.11282 35.0588
1.11856 46.7143
1.12429 28.1667
1.13003 32.6667
1.13577 21.1333
1.1415 29.6429
1.14724 24.52
1.15297 26.3333
1.15871 32.2
1.16445 29.2
1.17018 28.0526
1.17592 31
1.18166 24.5
1.18739 27.1739
1.19313 24
1.19886 27.75
1.2046 30.16
1.21034 25.6667
1.21607 26.7778
1.22181 27.2222
1.22754 32.7619
1.23328 26.8235
1.23902 26.0625
1.24475 26.6
1.25049 24.2941
1.25623 25.5833
1.26196 35.3333
1.2677 25.8421
1.27343 25.7692
1.27917 24.7727
1.28491 28.2609
1.29064 16.6471
1.29638 28
1.30212 22.2222
1.30785 28.8889
1.31359 27.6364
1.31932 31.6207
1.32506 24
1.3308 29.4118
1.33653 37.8
1.34227 21.64
1.348 24.3684
1.35374 29.1429
1.35948 28.3704
1.36521 34.9048
1.37095 33.5
1.37669 36.3448
1.38242 29.4348
1.38816 34.4118
1.39389 33.9474
1.39963 31.8148
1.40537 34.1
1.4111 27.1429
1.41684 36.3448
1.42258 25.6087
1.42831 33.5882
1.43405 22.7083
1.43978 34.72
1.44552 31.4762
1.45126 26.6875
1.45699 24.6552
1.46273 27.7143
1.46846 27.25
1.4742 32.8064
1.47994 29.7391
1.48567 24.65
1.49141 26.0952
1.49715 34.1481
1.50288 32.3182
1.50862 32.125
1.51435 27.3448
1.52009 24.68
1.52583 36
1.53156 26.4333
1.5373 25.72
1.54304 27.381
1.54877 26.2
1.55451 30.2759
1.56024 22.4348
1.56598 22.2143
1.57172 24.3548
1.57745 28.3462
1.58319 23.9
1.58892 17.64
1.59466 30.0741
1.6004 31.04
1.60613 32.4444
1.61187 26.0645
1.61761 28.16
1.62334 35.2857
1.62908 27.5455
1.63481 30.963
1.64055 27.2609
1.64629 29.4091
1.65202 24.8621
1.65776 25.76
1.6635 27.3125
1.66923 32.7097
1.67497 32.2143
1.6807 28.1
1.68644 30.8214
1.69218 29.8929
1.69791 22.76
1.70365 32.8182
1.70938 22.6774
1.71512 30.2963
1.72086 32.125
1.72659 27.3636
1.73233 33.3793
1.73807 32.0435
1.7438 35.2692
1.74954 30.8966
1.75527 21.4444
1.76101 21.4211
1.76675 30.3636
1.77248 28.2857
1.77822 31.9
1.78396 26.4333
1.78969 28.5806
1.79543 30.963
1.80116 27.5417
1.8069 30.6129
1.81264 26.931
1.81837 34
1.82411 29.0857
1.82984 33.931
1.83558 34.64
1.84132 25.5769
1.84705 23.129
1.85279 27.5
1.85853 27.9565
1.86426 31.3636
1.87 35.2333
1.87573 25.8235
1.88147 31.2
1.88721 31.4848
1.89294 30.5185
1.89868 29.2308
1.90442 34.6061
1.91015 30.4194
1.91589 34.65
1.92162 41.4857
1.92736 37.5806
1.9331 40.08
1.93883 38.6071
1.94457 43.6667
1.9503 35
1.95604 30.5833
1.96178 25.5
1.96751 33.8125
1.97325 27.3
1.97899 35.2703
1.98472 22.6667
1.99046 29.8966
1.99619 30.3077
2.00193 30.6
2.00767 29.8065
2.0134 37.2083
2.01914 29.5714
2.02488 25.9697
2.03061 37.68
2.03635 31.75
2.04208 31.1471
2.04782 31.5938
2.05356 31.4167
2.05929 30.3333
2.06503 32.7941
2.07076 25.6364
2.0765 34.3243
2.08224 29.2571
2.08797 36.7931
2.09371 31.9286
2.09945 32.6486
2.10518 33.8788
2.11092 36.125
2.11665 27.0811
2.12239 36.4857
2.12813 30.4348
2.13386 36.3514
2.1396 34.1667
2.14534 35.0938
2.15107 30.8077
2.15681 33.4737
2.16254 30.1389
2.16828 28.1364
2.17402 38.0256
2.17975 37.4324
2.18549 34.1936
2.19122 32.4667
2.19696 33.0811
2.2027 38.2286
2.20843 37.5
2.21417 71.0256
2.21991 81.1351
2.22564 39.1364
2.23138 38.3
2.23711 39.5
2.24285 34.2941
2.24859 39.25
2.25432 34.6316
2.26006 37.2821
2.2658 36
2.27153 33.3659
2.27727 30.3333
2.283 33.7419
2.28874 33.1875
2.29448 34.359
2.30021 38.6216
2.30595 37.4615
2.31168 36.4615
2.31742 35.725
2.32316 37.4091
2.32889 47.0476
2.33463 41.925
2.34037 42.3611
2.3461 41.5
2.35184 44.3571
2.35757 49.3514
2.36331 43.0385
2.36905 50.0732
2.37478 47.2439
2.38052 46
2.38626 46.0588
2.39199 46.9767
2.39773 43.1892
2.40346 40.8077
2.4092 43.8864
2.41494 37.525
2.42067 33.9091
2.42641 34.7273
2.43214 36.7143
2.43788 33.5714
2.44362 31.0968
2.44935 43.1556
2.45509 35.5128
2.46083 33.9615
2.46656 38.1111
2.4723 34.1951
2.47803 39.3793
2.48377 34.025
2.48951 36.5814
2.49524 39.2564
2.50098 33.8462
2.50672 33.4565
2.51245 32.6905
2.51819 39.5
2.52392 34
2.52966 31.2273
2.5354 36.6061
2.54113 33.1714
2.54687 40.4444
2.5526 33.0732
2.55834 39.2308
2.56408 35.1702
2.56981 41.2093
2.57555 39.8276
2.58129 36.381
2.58702 38.8222
2.59276 36.6757
2.59849 37.9091
2.60423 38.6739
2.60997 38.3182
2.6157 41.75
2.62144 36.75
2.62718 36.4783
2.63291 37.4286
2.63865 39.25
2.64438 40.3191
2.65012 38.8293
2.65586 44.3333
2.66159 40.4255
2.66733 36.9778
2.67306 40.32
2.6788 42.0208
2.68454 39.5417
2.69027 38.5641
2.69601 45.0606
2.70175 39.9583
2.70748 42.9333
2.71322 36.7407
2.71895 43.875
2.72469 45.4167
2.73043 40.6
2.73616 38.3947
2.7419 42.5918
2.74764 39.1163
2.75337 41.5667
2.75911 38.4082
2.76484 39.7755
2.77058 41.4583
2.77632 36.7551
2.78205 42.42
2.78779 38.5897
2.79352 35.2571
2.79926 41.0577
2.805 36.3556
2.81073 38.4815
2.81647 44.8846
2.82221 47.3673
2.82794 37.0541
2.83368 40.2632
2.83941 42.0189
2.84515 39.3659
2.85089 34.9062
2.85662 42.3774
2.86236 41.7959
2.8681 41.5417
2.87383 42.0556
2.87957 38.42
2.8853 40.9268
2.89104 44.8378
2.89678 45.0577
2.90251 37.2
2.90825 38.8276
2.91398 46.1852
2.91972 44.451
2.92546 42.4054
2.93119 43.119
2.93693 42.1509
2.94267 40.7111
2.9484 37.125
2.95414 42.4528
2.95987 43.3265
2.96561 36.8519
2.97135 42.9286
2.97708 44.6852
2.98282 46.5641
2.98856 42.2308
2.99429 43.6111
3.00003 42.234
3.00576 44.4194
3.0115 45.2545
3.01724 46.6792
3.02297 49.8108
3.02871 46.2273
3.03444 46.8909
3.04018 41.5333
3.04592 53.5
3.05165 48.7455
3.05739 45.1373
3.06313 47.4138
3.06886 47.5893
3.0746 52.7455
3.08033 54.1591
3.08607 57.9459
3.09181 50.0893
3.09754 51.8163
3.10328 54.5484
3.10902 68.8475
3.11475 64.283
3.12049 60.8205
3.12622 55.6304
3.13196 55.3273
3.1377 52.766
3.14343 52.3056
3.14917 56.3793
3.1549 52.0196
3.16064 51.5172
3.16638 51.3667
3.17211 54.4
3.17785 54.6818
3.18359 56.878
3.18932 55.1034
3.19506 55.6531
3.20079 57.9118
3.20653 55.339
3.21227 54.3585
3.218 53.9268
3.22374 56.3333
3.22948 61.1356
3.23521 57.3111
3.24095 60.8462
3.24668 56.0667
3.25242 60.1509
3.25816 61.1176
3.26389 61.8246
3.26963 61.5088
3.27536 56.587
3.2811 59.439
3.28684 64.2167
3.29257 65.0408
3.29831 73.7778
3.30405 69.3333
3.30978 72.4182
3.31552 78.6744
3.32125 80.1042
3.32699 87.7018
3.33273 87.3726
3.33846 84.0256
3.3442 79.7903
3.34994 76.4902
3.35567 76.7105
3.36141 76.2203
3.36714 80.1754
3.37288 68.3333
3.37862 70.5349
3.38435 75.1148
3.39009 73.3396
3.39582 74.1944
3.40156 70.0635
3.4073 76.6909
3.41303 73.8511
3.41877 75.2917
3.42451 82.9836
3.43024 75.72
3.43598 76.2927
3.44171 74.3333
3.44745 73.8393
3.45319 73.5238
3.45892 77.8727
3.46466 85.2203
3.4704 76.44
3.47613 85.8605
3.48187 79.1587
3.4876 80.3019
3.49334 84.5526
3.49908 77.6418
3.50481 79.1404
3.51055 89
3.51628 88.0588
3.52202 94.7049
3.52776 101.852
3.53349 112.585
3.53923 130.262
3.54497 156.574
3.5507 165.5
3.55644 153.436
3.56217 130.068
3.56791 115.154
3.57365 104.717
3.57938 105.385
3.58512 106.727
3.59086 98.5789
3.59659 99.9701
3.60233 103.068
3.60806 104.706
3.6138 104.98
3.61954 104.556
3.62527 112
3.63101 114.049
3.63674 122.687
3.64248 143.621
3.64822 153.083
3.65395 167.105
3.65969 165.836
3.66543 153.63
3.67116 148.174
3.6769 147.095
3.68263 150.508
3.68837 147.158
3.69411 150.159
3.69984 155.136
3.70558 149.593
3.71132 152.745
3.71705 156.862
3.72279 155.018
3.72852 155.953
3.73426 164.418
3.74 170.661
3.74573 168.56
3.75147 170.618
3.7572 184.048
3.76294 182.814
3.76868 184.841
3.77441 194.985
3.78015 206.576
3.78589 212
3.79162 226.984
3.79736 243.469
3.80309 257.286
3.80883 273.216
3.81457 290.738
3.8203 328
3.82604 342.233
3.83178 386.71
3.83751 476.081
3.84325 613.821
3.84898 874.849
3.85472 1479.79
3.86046 1224.13
3.86619 1113.7
3.87193 1440.94
3.87766 1924.69
3.8834 2455.73
3.88914 3091.35
3.89487 3790.29
3.90061 3597.9
3.90635 3016.24
3.91208 2256.93
3.91782 1594.14
3.92355 1198.46
3.92929 955.296
3.93503 742.281
3.94076 603.052
3.9465 517.296
3.95224 452.343
3.95797 410.064
3.96371 366.37
3.96944 341.563
3.97518 318.524
3.98092 287.625
3.98665 279.638
3.99239 261.5
3.99812 248.387
4.00386 239.735
4.0096 232.101
4.01533 227.5
4.02107 220.3
4.02681 212.742
4.03254 216.879
4.03828 208.167
4.04401 204.385
4.04975 199.056
4.05549 194.938
4.06122 183.63
4.06696 185.623
4.0727 182.514
4.07843 177.267
4.08417 178.018
4.0899 171.662
4.09564 174.938
4.10138 164.72
4.10711 163.556
4.11285 165.227
4.11858 164.554
4.12432 161.597
4.13006 161.338
4.13579 162.683
4.14153 164.692
4.14727 157.479
4.153 158.836
4.15874 156.818
4.16447 153.877
4.17021 161.458
4.17595 154.145
4.18168 154.607
4.18742 159.057
4.19316 161.273
4.19889 157.24
4.20463 157.446
4.21036 160.191
4.2161 152.083
4.22184 154.483
4.22757 157.306
4.23331 154.075
4.23904 150.4
4.24478 152.867
4.25052 157.783
4.25625 150
4.26199 154.031
4.26773 152.708
4.27346 154.379
4.2792 157.857
4.28493 151.806
4.29067 164.171
4.29641 158.208
4.30214 160.461
4.30788 162.957
4.31362 161.578
4.31935 162.982
4.32509 169.5
4.33082 178.507
4.33656 173.72
4.3423 176.373
4.34803 187.432
4.35377 184.645
4.3595 178.15
4.36524 191.811
4.37098 195.943
4.37671 201.352
4.38245 205.959
4.38819 217.472
4.39392 225.228
4.39966 228.928
4.40539 245.292
4.41113 264.221
4.41687 277.5
4.4226 321.143
4.42834 490.534
4.43408 740.375
4.43981 1625.92
4.44555 4829.62
4.45128 2111.92
4.45702 4295.68
4.46276 1184.24
4.46849 685.944
4.47423 700.593
4.47996 672.658
4.4857 704.73
4.49144 757.754
4.49717 774.302
4.50291 799.763
4.50865 772.514
4.51438 705.942
4.52012 615.253
4.52585 524.733
4.53159 433.877
4.53733 379.761
4.54306 330.462
4.5488 290.896
4.55454 254.088
4.56027 237.475
4.56601 218.419
4.57174 201.846
4.57748 189.359
4.58322 177.359
4.58895 169.881
4.59469 160.639
4.60042 157.128
4.60616 151.76
4.6119 154.54
4.61763 152.386
4.62337 147.654
4.62911 144.841
4.63484 136.923
4.64058 137.195
4.64631 137.375
4.65205 125.982
4.65779 119.35
4.66352 122.269
4.66926 113.131
4.675 116.789
4.68073 119.718
4.68647 118.315
4.6922 116.947
4.69794 117.213
4.70368 115.987
4.70941 114.44
4.71515 115.682
4.72088 112.95
4.72662 120.565
4.73236 119.206
4.73809 118.244
4.74383 116.295
4.74957 118.096
4.7553 112.619
4.76104 115.8
4.76677 111.881
4.77251 106.631
4.77825 102.695
4.78398 101.453
4.78972 95.7636
4.79546 100.388
4.80119 91.1013
4.80693 94.9077
4.81266 93.6056
4.8184 89.2024
4.82414 90.4795
4.82987 90.6557
4.83561 89.4762
4.84134 92.7375
4.84708 86.8113
4.85282 93.4235
4.85855 91.0122
4.86429 87.9437
4.87003 88.082
4.87576 87.2907
4.8815 84.9744
4.88723 83.8519
4.89297 86.0118
4.89871 88.5238
4.90444 84.5352
4.91018 83.4925
4.91592 88.7381
4.92165 83.8354
4.92739 83.2982
4.93312 83.0116
4.93886 82.9048
4.9446 82.6866
4.95033 80.5634
4.95607 84.4186
4.9618 87.1558
4.96754 80.322
4.97328 85.1163
4.97901 85.253
4.98475 86.459
4.99049 84.6538
4.99622 79.5909
5.00196 78.4247
5.00769 81.9206
5.01343 79.1136
5.01917 82.6747
5.0249 83.8302
5.03064 80.8
5.03638 81.3721
5.04211 83.5867
5.04785 78.3077
5.05358 82.7791
5.05932 79.1111
5.06506 80.8246
5.07079 78.7614
5.07653 77.1839
5.08226 77.8873
5.088 80.3662
5.09374 75.8333
5.09947 75.6753
5.10521 78.8889
5.11095 79.3111
5.11668 79.6824
5.12242 74.0303
5.12815 77.3896
5.13389 83.4444
5.13963 79.039
5.14536 77.0656
5.1511 78.5109
5.15684 81.5904
5.16257 78.0161
5.16831 83.1667
5.17404 79.9551
5.17978 81.5385
5.18552 79.1791
5.19125 81.0222
5.19699 79.494
5.20272 78.3729
5.20846 74.3696
5.2142 74.6629
5.21993 78.6974
5.22567 78.1014
5.23141 77.5
5.23714 79.8519
5.24288 72.2623
5.24861 79.0543
5.25435 74.9438
5.26009 76.0429
5.26582 83.0526
5.27156 79.6484
5.2773 79.55
5.28303 76.1385
5.28877 79.2021
5.2945 79.1034
5.30024 81.5139
5.30598 81.6835
5.31171 81.0787
5.31745 82.0854
5.32318 79.5692
5.32892 78.9681
5.33466 79.4023
5.34039 79.3182
5.34613 79.8824
5.35187 82
5.3576 81.5926
5.36334 81.1343
5.36907 80.7708
5.37481 80.1059
5.38055 81.9016
5.38628 89.8021
5.39202 95.3297
5.39776 100.188
5.40349 98.1268
5.40923 88.375
5.41496 83.3457
5.4207 80.4286
5.42644 82.3163
5.43217 78.8315
5.43791 85.6026
5.44364 82.8904
5.44938 87.1546
5.45512 91.0122
5.46085 87.9701
5.46659 80.8061
5.47233 78.4944
5.47806 77.9868
5.4838 75.8889
5.48953 79.9462
5.49527 80.0238
5.50101 78.5821
5.50674 77.6735
5.51248 78.618
5.51822 81.6622
5.52395 73.9759
5.52969 72.8602
5.53542 79.619
5.54116 73.8382
5.5469 78.5556
5.55263 80.8333
5.55837 75.2778
5.5641 78.6629
5.56984 81.7849
5.57558 80.4286
5.58131 77.4795
5.58705 81.3232
5.59279 82.2727
5.59852 77.2698
5.60426 83.42
5.60999 78.7097
5.61573 79.2805
5.62147 83.2
5.6272 80.866
5.63294 80.0814
5.63868 83.9403
5.64441 79.451
5.65015 80.7312
5.65588 83
5.66162 82.0649
5.66736 79.8384
5.67309 80.7442
5.67883 86.0725
5.68456 84.2673
5.6903 80.2889
5.69604 83.4268
5.70177 85.4337
5.70751 84.0947
5.71325 88.3977
5.71898 88.3099
5.72472 85.697
5.73045 89.043
5.73619 87.175
5.74193 85.3933
5.74766 84.1895
5.7534 86.4318
5.75914 86.4366
5.76487 90.5842
5.77061 90.4574
5.77634 90.8718
5.78208 95.0449
5.78782 89.0928
5.79355 94.4767
5.79929 89.8133
5.80502 94.9505
5.81076 92.25
5.8165 89.4189
5.82223 91.1562
5.82797 92.7857
5.83371 91.3605
5.83944 91.9114
5.84518 90.3535
5.85091 93.3333
5.85665 90.8615
5.86239 95.5714
5.86812 89.449
5.87386 89.9535
5.8796 93.2658
5.88533 92
5.89107 90.2717
5.8968 91.1304
5.90254 94.7524
5.90828 93.5714
5.91401 91.9651
5.91975 90.8193
5.92548 97.8687
5.93122 96.4255
5.93696 98.2466
5.94269 98.6
5.94843 99.2917
5.95417 99.9659
5.9599 100.341
5.96564 102.263
5.97137 105.468
5.97711 103.37
5.98285 104.68
5.98858 110.704
5.99432 105.619
6.00006 105.281
6.00579 106.96
6.01153 114.777
6.01726 112.84
6.023 117.476
6.02874 112.49
6.03447 113.193
6.04021 109.322
6.04594 112.071
6.05168 113.802
6.05742 111.117
6.06315 112.505
6.06889 109.052
6.07463 115.369
6.08036 113
6.0861 115.204
6.09183 119.427
6.09757 112.487
6.10331 117.67
6.10904 121.948
6.11478 122.453
6.12052 121.219
6.12625 123.15
6.13199 121.149
6.13772 123.232
6.14346 121.627
6.1492 127.37
6.15493 129.312
6.16067 128.912
6.1664 132.663
6.17214 133.277
6.17788 140.702
6.18361 139.069
6.18935 145.596
6.19509 150.627
6.20082 145.193
6.20656 150.902
6.21229 163.802
6.21803 173.963
6.22377 171.604
6.2295 180.2
6.23524 192.76
6.24098 185.835
6.24671 188.676
6.25245 206.319
6.25818 223.302
6.26392 216.755
6.26966 298.02
6.27539 610.72
6.28113 333.78
6.28686 2160.36
6.2926 7723.53
6.29834 1593.27
6.30407 3703.5
6.30981 2453.01
6.31555 1526.87
6.32128 598.87
6.32702 434.423
6.33275 400.26
6.33849 373.011
6.34423 378.298
6.34996 411.48
6.3557 461.256
6.36144 495.065
6.36717 575.625
6.37291 650.284
6.37864 660.989
6.38438 634.141
6.39012 567.647
6.39585 496.138
6.40159 425.019
6.40732 360.907
6.41306 320.66
6.4188 284.446
6.42453 256.708
6.43027 241.029
6.43601 222.195
6.44174 214.594
6.44748 210.815
6.45321 201.202
6.45895 202.293
6.46469 195.743
6.47042 195.291
6.47616 186.81
6.4819 174.227
6.48763 164.741
6.49337 165.462
6.4991 157.453
6.50484 155.556
6.51058 155.343
6.51631 154.5
6.52205 149.082
6.52778 148.639
6.53352 152.707
6.53926 148.115
6.54499 149.806
6.55073 149.882
6.55647 148.726
6.5622 150.85
6.56794 150.472
6.57367 152.763
6.57941 153.274
6.58515 147.205
6.59088 150.394
6.59662 140.786
6.60236 144.711
6.60809 139.406
6.61383 138.72
6.61956 141.268
6.6253 137.688
6.63104 138.186
6.63677 130.651
6.64251 138.158
6.64824 134.551
6.65398 137.066
6.65972 135.588
6.66545 138.295
6.67119 137.942
6.67693 139.802
6.68266 136.397
6.6884 139.269
6.69413 141.56
6.69987 138.689
6.70561 138.536
6.71134 139.029
6.71708 135.955
6.72282 139.772
6.72855 134.444
6.73429 136.371
6.74002 134.415
6.74576 139.052
6.7515 137.097
6.75723 138.022
6.76297 132.405
6.7687 132.696
6.77444 134.528
6.78018 133.79
6.78591 130.25
6.79165 137.308
6.79739 133.425
6.80312 132.211
6.80886 133.732
6.81459 134.769
6.82033 131.057
6.82607 132.862
6.8318 133.4
6.83754 131.886
6.84328 133.137
6.84901 132.688
6.85475 137.593
6.86048 132.89
6.86622 136.138
6.87196 133.019
6.87769 132.793
6.88343 133.949
6.88916 133.991
6.8949 130.356
6.90064 137.257
6.90637 132.754
6.91211 139.495
6.91785 133.989
6.92358 134.521
6.92932 136.566
6.93505 138.865
6.94079 133.062
6.94653 135.922
6.95226 136.336
6.958 134.231
6.96374 135.9
6.96947 138.044
6.97521 138.033
6.98094 138.045
6.98668 137.707
6.99242 140.624
6.99815 141.281
7.00389 137.758
7.00962 136.716
7.01536 137.891
7.0211 138.9
7.02683 141.314
7.03257 141.318
7.03831 140.505
7.04404 140.197
7.04978 141.817
7.05551 141.989
7.06125 144.174
7.06699 144.115
7.07272 147.339
7.07846 149.337
7.0842 144.672
7.08993 144.94
7.09567 147.656
7.1014 149.018
7.10714 148.151
7.11288 149.239
7.11861 151.326
7.12435 152.871
7.13008 153.393
7.13582 153.75
7.14156 152.225
7.14729 157.775
7.15303 153.477
7.15877 152.774
7.1645 152.621
7.17024 153.487
7.17597 159.459
7.18171 158.327
7.18745 157.369
7.19318 161.108
7.19892 161.283
7.20466 162.48
7.21039 163.068
7.21613 167.101
7.22186 165.101
7.2276 169.722
7.23334 169.099
7.23907 166.945
7.24481 171.897
7.25054 175.647
7.25628 174.21
7.26202 171.82
7.26775 174.844
7.27349 180.991
7.27923 176.14
7.28496 183.945
7.2907 182.202
7.29643 190.417
7.30217 186.037
7.30791 191.815
7.31364 201.026
7.31938 195.404
7.32512 205.323
7.33085 209.926
7.33659 216.096
7.34232 210.838
7.34806 223.592
7.3538 242.883
7.35953 231.581
7.36527 263.43
7.371 351.537
7.37674 942.173
7.38248 503.945
7.38821 3255.52
7.39395 2704.78
7.39969 3415.43
7.40542 1675.11
7.41116 1129.69
7.41689 739.443
7.42263 461.785
7.42837 415.952
7.4341 427.95
7.43984 417.281
7.44558 414.828
7.45131 445.372
7.45705 500.664
7.46278 534.495
7.46852 609.331
7.47426 692.61
7.47999 731.578
7.48573 723.137
7.49146 666.392
7.4972 586.964
7.50294 506.617
7.50867 438.633
7.51441 380.092
7.52015 344.176
7.52588 312.136
7.53162 276.048
7.53735 260.982
7.54309 243.34
7.54883 228.674
7.55456 217.269
7.5603 214.344
7.56604 202.585
7.57177 193.008
7.57751 190.687
7.58324 186.49
7.58898 178.893
7.59472 174.508
7.60045 172.42
7.60619 174.61
7.61192 174.248
7.61766 168.397
7.6234 164.99
7.62913 165.848
7.63487 163.95
7.64061 162.814
7.64634 162.797
7.65208 162.628
7.65781 165.798
7.66355 159.806
7.66929 159.299
7.67502 162.798
7.68076 166.519
7.6865 164.563
7.69223 168.084
7.69797 176.169
7.7037 172.327
7.70944 199.993
7.71518 352.244
7.72091 586.536
7.72665 1131.05
7.73238 2078.99
7.73812 486.541
7.74386 264.347
7.74959 244.384
7.75533 210.484
7.76107 200.685
7.7668 209.325
7.77254 217.557
7.77827 230.361
7.78401 252.222
7.78975 267.585
7.79548 298.648
7.80122 335.25
7.80696 357.243
7.81269 382.744
7.81843 373.266
7.82416 348.221
7.8299 311.036
7.83564 265.898
7.84137 237.35
7.84711 208.3
7.85284 194.115
7.85858 175.756
7.86432 169.784
7.87005 159.525
7.87579 152.875
7.88153 151.262
7.88726 144
7.893 142.207
7.89873 137.25
7.90447 137.255
7.91021 133.068
7.91594 129.382
7.92168 134.642
7.92742 129.698
7.93315 127.569
7.93889 127.102
7.94462 124.204
7.95036 125.182
7.9561 120.402
7.96183 123.714
7.96757 118.381
7.9733 116.336
7.97904 118.431
7.98478 118.866
7.99051 120.488
7.99625 115.068
8.00199 117.04
8.00772 118.832
8.01346 113.892
8.01919 116.03
8.02493 111.866
8.03067 112.504
8.0364 112.86
8.04214 112.331
8.04788 114.223
8.05361 111.647
8.05935 111.059
8.06508 110.873
8.07082 108.479
8.07656 107.832
8.08229 111.039
8.08803 108.111
8.09376 105.916
8.0995 96.4091
8.10524 90.7967
8.11097 87.7788
8.11671 77.9638
8.12245 73.0775
8.12818 69.5135
8.13392 64.8182
8.13965 60.8905
8.14539 58.3306
8.15113 53.9189
8.15686 27.4818
8.1626 27.5062
8.16834 29.9492
8.17407 19.8421
8.17981 2.21053
8.18554 0
8.19128 0
8.19702 0
8.20275 0
8.20849 0
8.21422 0
8.21996 0
8.2257 0
8.23143 0
8.23717 0
8.24291 0
8.24864 0
8.25438 0
8.26011 0
8.26585 0
8.27159 0
8.27732 0
8.28306 0
8.2888 0
8.29453 0
8.30027 0
8.306 0
8.31174 0
8.31748 0
8.32321 0
8.32895 0
8.33468 0
8.34042 0
8.34616 0
8.35189 0
8.35763 0
8.36337 0
8.3691 0
8.37484 0
8.38057 0
8.38631 0
8.39205 0
8.39778 0
8.40352 0
8.40926 0
8.41499 0
8.42073 0
8.42646 0
8.4322 0
8.43794 0
8.44367 0
8.44941 0
8.45514 0
8.46088 0
8.46662 0
8.47235 0
8.47809 0
8.48383 0
8.48956 0
8.4953 0
8.50103 0
8.50677 0
8.51251 0
8.51824 0
8.52398 0
8.52972 0
8.53545 0
8.54119 0
8.54692 0
8.55266 0
8.5584 0
8.56413 0
8.56987 0
8.5756 0
8.58134 0
8.58708 0
8.59281 0
8.59855 0
8.60429 0
8.61002 0
8.61576 0
8.62149 0
8.62723 0
8.63297 0
8.6387 0
8.64444 0
8.65018 0
8.65591 0
8.66165 0
8.66738 0
8.67312 0
8.67886 0
8.68459 0
8.69033 0
8.69606 0
8.7018 0
8.70754 0
8.71327 0
8.71901 0
8.72475 0
8.73048 0
8.73622 0
8.74195 0
8.74769 0
8.75343 0
8.75916 0
8.7649 0
8.77064 0
8.77637 0
8.78211 0
8.78784 0
8.79358 0
8.79932 0
8.80505 0
8.81079 0
8.81652 0
8.82226 0
8.828 0
8.83373 0
8.83947 0
8.84521 0
8.85094 0
8.85668 0
8.86241 0
8.86815 0
8.87389 0
8.87962 0
8.88536 0
8.8911 0
8.89683 0
8.90257 0
8.9083 0
8.91404 0
8.91978 0
8.92551 0
8.93125 0
8.93698 0
8.94272 0
8.94846 0
8.95419 0
8.95993 0
8.96567 0
8.9714 0
8.97714 0
8.98287 0
8.98861 0
8.99435 0
9.00008 0
9.00582 0
9.01156 0
9.01729 0
9.02303 0
9.02876 0
9.0345 0
9.04024 0
9.04597 0
9.05171 0
9.05744 0
9.06318 0
9.06892 0
9.07465 0
9.08039 0
9.08613 0
9.09186 0
9.0976 0
9.10333 0
9.10907 0
9.11481 0
9.12054 0
9.12628 0
9.13202 0
9.13775 0
9.14349 0
9.14922 0
9.15496 0
9.1607 0
9.16643 0
9.17217 0
9.1779 0
9.18364 0
9.18938 0
9.19511 0
9.20085 0
9.20659 0
9.21232 0
9.21806 0
9.22379 0
9.22953 0
9.23527 0
9.241 0
9.24674 0
9.25248 0
9.25821 0
9.26395 0
9.26968 0
9.27542 0
9.28116 0
9.28689 0
9.29263 0
9.29836 0
9.3041 0
9.30984 0
9.31557 0
9.32131 0
9.32705 0
9.33278 0
9.33852 0
9.34425 0
9.34999 0
9.35573 0
9.36146 0
9.3672 0
9.37294 0
9.37867 0
9.38441 0
9.39014 0
9.39588 0
9.40162 0
9.40735 0
9.41309 0
9.41882 0
9.42456 0
9.4303 0
9.43603 0
9.44177 0
9.44751 0
9.45324 0
9.45898 0
9.46471 0
9.47045 0
9.47619 0
9.48192 0
9.48766 0
9.4934 0
9.49913 0
9.50487 0
9.5106 0
9.51634 0
9.52208 0
9.52781 0
9.53355 0
9.53928 0
9.54502 0
9.55076 0
9.55649 0
9.56223 0
9.56797 0
9.5737 0
9.57944 0
9.58517 0
9.59091 0
9.59665 0
9.60238 0
9.60812 0
9.61386 0
9.61959 0
9.62533 0
9.63106 0
9.6368 0
9.64254 0
9.64827 0
9.65401 0
9.65974 0
9.66548 0
9.67122 0
9.67695 0
9.68269 0
9.68843 0
9.69416 0
9.6999 0
9.70563 0
9.71137 0
9.71711 0
9.72284 0
9.72858 0
9.73432 0
9.74005 0
9.74579 0
9.75152 0
9.75726 0
9.763 0
9.76873 0
9.77447 0
9.7802 0
9.78594 0
9.79168 0
9.79741 0
9.80315 0
9.80889 0
9.81462 0
9.82036 0
9.82609 0
9.83183 0
9.83757 0
9.8433 0
9.84904 0
9.85478 0
9.86051 0
9.86625 0
9.87198 0
9.87772 0
9.88346 0
9.88919 0
9.89493 0
9.90066 0
9.9064 0
9.91214 0
9.91787 0
9.92361 0
9.92935 0
9.93508 0
9.94082 0
9.94655 0
9.95229 0
9.95803 0
9.96376 0
9.9695 0
9.97524 0
9.98097 0
9.98671 0
9.99244 0
9.99818 0
10.0039 0
10.0097 0
10.0154 0
10.0211 0
10.0269 0
10.0326 0
10.0383 0
10.0441 0
10.0498 0
10.0555 0
10.0613 0
10.067 0
10.0728 0
10.0785 0
10.0842 0
10.09 0
10.0957 0
10.1014 0
10.1072 0
10.1129 0
10.1186 0
10.1244 0
10.1301 0
10.1358 0
10.1416 0
10.1473 0
10.1531 0
10.1588 0
10.1645 0
10.1703 0
10.176 0
10.1817 0
10.1875 0
10.1932 0
10.1989 0
10.2047 0
10.2104 0
10.2162 0
10.2219 0
10.2276 0
10.2334 0
10.2391 0
10.2448 0
10.2506 0
10.2563 0
10.262 0
10.2678 0
10.2735 0
10.2793 0
10.285 0
10.2907 0
10.2965 0
10.3022 0
10.3079 0
10.3137 0
10.3194 0
10.3251 0
10.3309 0
10.3366 0
10.3424 0
10.3481 0
10.3538 0
10.3596 0
10.3653 0
10.371 0
10.3768 0
10.3825 0
10.3882 0
10.394 0
10.3997 0
10.4054 0
10.4112 0
10.4169 0
10.4227 0
10.4284 0
10.4341 0
10.4399 0
10.4456 0
10.4513 0
10.4571 0
10.4628 0
10.4685 0
10.4743 0
10.48 0
10.4858 0
10.4915 0
10.4972 0
10.503 0
10.5087 0
10.5144 0
10.5202 0
10.5259 0
10.5316 0
10.5374 0
10.5431 0
10.5489 0
10.5546 0
10.5603 0
10.5661 0
10.5718 0
10.5775 0
10.5833 0
10.589 0
10.5947 0
10.6005 0
10.6062 0
10.612 0
10.6177 0
10.6234 0
10.6292 0
10.6349 0
10.6406 0
10.6464 0
10.6521 0
10.6578 0
10.6636 0
10.6693 0
10.6751 0
10.6808 0
10.6865 0
10.6923 0
10.698 0
10.7037 0
10.7095 0
10.7152 0
10.7209 0
10.7267 0
10.7324 0
10.7381 0
10.7439 0
10.7496 0
10.7554 0
10.7611 0
10.7668 0
10.7726 0
10.7783 0
10.784 0
10.7898 0
10.7955 0
10.8012 0
10.807 0
10.8127 0
10.8185 0
10.8242 0
10.8299 0
10.8357 0
10.8414 0
10.8471 0
10.8529 0
10.8586 0
10.8643 0
10.8701 0
10.8758 0
10.8816 0
10.8873 0
10.893 0
10.8988 0
10.9045 0
10.9102 0
10.916 0
10.9217 0
10.9274 0
10.9332 0
10.9389 0
10.9447 0
10.9504 0
10.9561 0
10.9619 0
10.9676 0
10.9733 0
10.9791 0
10.9848 0
10.9905 0
10.9963 0
11.002 0
11.0077 0
11.0135 0
11.0192 0
11.025 0
11.0307 0
11.0364 0
11.0422 0
11.0479 0
11.0536 0
11.0594 0
11.0651 0
11.0708 0
11.0766 0
11.0823 0
11.0881 0
11.0938 0
11.0995 0
11.1053 0
11.111 0
11.1167 0
11.1225 0
11.1282 0
11.1339 0
11.1397 0
11.1454 0
11.1512 0
11.1569 0
11.1626 0
11.1684 0
11.1741 0
11.1798 0
11.1856 0
11.1913 0
11.197 0
11.2028 0
11.2085 0
11.2143 0
11.22 0
11.2257 0
11.2315 0
11.2372 0
11.2429 0
11.2487 0
11.2544 0
11.2601 0
11.2659 0
11.2716 0
11.2774 0
11.2831 0
11.2888 0
11.2946 0
11.3003 0
11.306 0
11.3118 0
11.3175 0
11.3232 0
11.329 0
11.3347 0
11.3404 0
11.3462 0
11.3519 0
11.3577 0
11.3634 0
11.3691 0
11.3749 0
11.3806 0
11.3863 0
11.3921 0
11.3978 0
11.4035 0
11.4093 0
11.415 0
11.4208 0
11.4265 0
11.4322 0
11.438 0
11.4437 0
11.4494 0
11.4552 0
11.4609 0
11.4666 0
11.4724 0
11.4781 0
11.4839 0
11.4896 0
11.4953 0
11.5011 0
11.5068 0
11.5125 0
11.5183 0
11.524 0
11.5297 0
11.5355 0
11.5412 0
11.547 0
11.5527 0
11.5584 0
11.5642 0
11.5699 0
11.5756 0
11.5814 0
11.5871 0
11.5928 0
11.5986 0
11.6043 0
11.61 0
11.6158 0
11.6215 0
11.6273 0
11.633 0
11.6387 0
11.6445 0
11.6502 0
11.6559 0
11.6617 0
11.6674 0
11.6731 0
11.6789 0
11.6846 0
11.6904 0
11.6961 0
11.7018 0
11.7076 0
11.7133 0
11.719 0
11.7248 0
11.7305 0
11.7362 0
11.742 0
