0 0
0.00573619 26
0.0114724 -19
0.0172086 0
0.0229448 -16
0.028681 -9
0.0344171 0
0.0401533 -21
0.0458895 1
0.0516257 -8
0.0573619 0
0.0630981 -15
0.0688343 -6
0.0745705 0
0.0803067 -32
0.0860429 -1
0.091779 0
0.0975152 17.6667
0.103251 -7.33333
0.108988 0.333333
0.114724 0
0.12046 18
0.126196 -12.3333
0.131932 0
0.137669 2.33333
0.143405 4
0.149141 13
0.154877 -13
0.160613 3.33333
0.16635 -3.33333
0.172086 0
0.177822 7.66667
0.183558 -6.75
0.189294 0
0.19503 16.2
0.200767 -1
0.206503 2
0.212239 -1
0.217975 -0.6
0.223711 -3.2
0.229448 0
0.235184 8.8
0.24092 3
0.246656 0
0.252392 8
0.258129 3
0.263865 -3.8
0.269601 0
0.275337 -1
0.281073 8.85714
0.28681 0
0.292546 5.42857
0.298282 0.142857
0.304018 15.3333
0.309754 25.5
0.31549 -1.28571
0.321227 -1.14286
0.326963 0
0.332699 -2
0.338435 -1
0.344171 0
0.349908 2.14286
0.355644 -1.42857
0.36138 12
0.367116 -2.5
0.372852 11.875
0.378589 1.42857
0.384325 4.5
0.390061 4.88889
0.395797 -6.44444
0.401533 0
0.40727 6.33333
0.413006 16.3333
0.418742 12.5714
0.424478 -2.5
0.430214 11.8889
0.43595 18.6667
0.441687 0
0.447423 16.1111
0.453159 18
0.458895 37.6667
0.464631 12
0.470368 13.5455
0.476104 15.8889
0.48184 38.5
0.487576 15.9091
0.493312 22
0.499049 0
0.504785 25.4545
0.510521 24.3636
0.516257 36
0.521993 23
0.52773 24.3636
0.533466 26.4444
0.539202 29
0.544938 28
0.550674 23.1818
0.55641 0
0.562147 26.1667
0.567883 24.4615
0.573619 12.2857
0.579355 31.3333
0.585091 12.3077
0.590828 16.0909
0.596564 17
0.6023 9.23077
0.608036 16
0.613772 5
0.619509 16
0.625245 25.3077
0.630981 24.2222
0.636717 27.25
0.642453 27.3846
0.64819 20.3846
0.653926 26
0.659662 30.8
0.665398 31.4667
0.671134 29
0.67687 21.125
0.682607 29.8667
0.688343 36.5455
0.694079 39.75
0.699815 30
0.705551 30.4
0.711288 14
0.717024 27.6429
0.72276 31.1333
0.728496 30
0.734232 22.1667
0.739969 26.5625
0.745705 36.2308
0.751441 16.3333
0.757177 18.7647
0.762913 30.6471
0.76865 28.6
0.774386 19.1667
0.780122 34.4118
0.785858 23.9091
0.791594 25
0.79733 30.3529
0.803067 26.7333
0.808803 34
0.814539 25.9412
0.820275 30.0588
0.826011 20.4444
0.831748 17.5
0.837484 28.4444
0.84322 25.5385
0.848956 31.3333
0.854692 26.9474
0.860429 28.9412
0.866165 13.6
0.871901 34.75
0.877637 28.2632
0.883373 26.7273
0.88911 41.125
0.894846 30.5789
0.900582 22.3333
0.906318 20
0.912054 27.6316
0.91779 25.0588
0.923527 25.3333
0.929263 28.3077
0.934999 33.8
0.940735 36.0769
0.946471 30
0.952208 29.2381
0.957944 29.1765
0.96368 37.5
0.969416 25.3333
0.975152 24.1579
0.980889 30.7273
0.986625 40.5833
0.992361 25.2857
0.998097 22.6667
1.00383 32.5
1.00957 29.9048
1.01531 28.4118
1.02104 21.6
1.02678 27.8824
1.03251 28.6667
1.03825 31
1.04399 31.8333
1.04972 29.2174
1.05546 31.7059
1.0612 30
1.06693 29.3478
1.07267 24.7895
1.0784 26
1.08414 31.3571
1.08988 41.4348
1.09561 29.6
1.10135 32
1.10708 26.9565
1.11282 31.7059
1.11856 39.8571
1.12429 27.9583
1.13003 36.5238
1.13577 31.6667
1.1415 27.1429
1.14724 24.32
1.15297 30.1333
1.15871 29
1.16445 29.28
1.17018 20.6842
1.17592 34.2308
1.18166 21
1.18739 30.5652
1.19313 26.8667
1.19886 25.6667
1.2046 25.76
1.21034 37.2778
1.21607 31.6667
1.22181 33.963
1.22754 33.1905
1.23328 21.2353
1.23902 19.5625
1.24475 34.72
1.25049 30.7059
1.25623 31.0833
1.26196 33.0741
1.2677 30.3684
1.27343 23.6923
1.27917 24.5909
1.28491 31.3913
1.29064 26.5294
1.29638 30.7333
1.30212 35.1111
1.30785 31.3333
1.31359 38.4545
1.31932 31.6552
1.32506 31.8095
1.3308 30.9412
1.33653 35
1.34227 31.76
1.348 38.1579
1.35374 25.5714
1.35948 24.7407
1.36521 34.8095
1.37095 28.4
1.37669 30.4828
1.38242 34.6522
1.38816 28.2941
1.39389 32.1579
1.39963 29.037
1.40537 30
1.4111 32.6429
1.41684 31.2069
1.42258 35
1.42831 32.5294
1.43405 29.5417
1.43978 26.6
1.44552 27.3333
1.45126 35.375
1.45699 37.8966
1.46273 26
1.46846 32.9167
1.4742 40.0645
1.47994 37.8696
1.48567 29.7
1.49141 24.0952
1.49715 32.1481
1.50288 29.8636
1.50862 25.5625
1.51435 26.069
1.52009 29.88
1.52583 26.8667
1.53156 25.5667
1.5373 34.28
1.54304 30
1.54877 31.4
1.55451 29.1724
1.56024 26.913
1.56598 23.5714
1.57172 29.0968
1.57745 27.6154
1.58319 19.35
1.58892 22.92
1.59466 31.2222
1.6004 31.68
1.60613 25.8333
1.61187 32.5161
1.61761 31.2
1.62334 30.3571
1.62908 26.4545
1.63481 34.037
1.64055 31.0435
1.64629 28.4091
1.65202 30.2069
1.65776 25.76
1.6635 27.5
1.66923 28.5484
1.67497 29.8929
1.6807 39.35
1.68644 30.6786
1.69218 30.4286
1.69791 32.36
1.70365 28.5909
1.70938 27.9032
1.71512 34.0741
1.72086 33.6875
1.72659 33.6061
1.73233 27.8276
1.73807 24.3913
1.7438 30.3462
1.74954 29.2069
1.75527 37.2963
1.76101 30.3158
1.76675 31.7576
1.77248 31.7857
1.77822 22.6
1.78396 29.4333
1.78969 29.3226
1.79543 30.3333
1.80116 36.9167
1.8069 29.9677
1.81264 33.7931
1.81837 35.7778
1.82411 37.7714
1.82984 36.8276
1.83558 36.36
1.84132 27.5
1.84705 37.8387
1.85279 34.9643
1.85853 33.1739
1.86426 33.5455
1.87 29.6
1.87573 30.1176
1.88147 37.8
1.88721 31.7879
1.89294 30.6296
1.89868 40.2308
1.90442 30.5455
1.91015 37.1613
1.91589 24.9
1.92162 45.0857
1.92736 41.7097
1.9331 50.4
1.93883 51.7143
1.94457 50.6667
1.9503 37.6333
1.95604 40.375
1.96178 35.6471
1.96751 34.9688
1.97325 32.45
1.97899 38.3243
1.98472 29.0606
1.99046 38.3103
1.99619 36.5385
2.00193 25.7714
2.00767 31.2581
2.0134 38.875
2.01914 37.0571
2.02488 34.2727
2.03061 28.76
2.03635 22.375
2.04208 35.8235
2.04782 28.375
2.05356 29.875
2.05929 35.5833
2.06503 35.7353
2.07076 32.7727
2.0765 35.5676
2.08224 35.1714
2.08797 37.4483
2.09371 30.4643
2.09945 32.973
2.10518 33.6667
2.11092 32.7917
2.11665 34.1622
2.12239 36.2857
2.12813 34.7826
2.13386 38.0541
2.1396 38.25
2.14534 37.7188
2.15107 37.1538
2.15681 34.6316
2.16254 35.25
2.16828 35.5909
2.17402 35.3333
2.17975 35.973
2.18549 36.4839
2.19122 41.0333
2.19696 39.7568
2.2027 48.4286
2.20843 42.125
2.21417 78.1795
2.21991 80.2432
2.22564 39.4091
2.23138 49.1
2.23711 36.0263
2.24285 38.7059
2.24859 33.6786
2.25432 43.3421
2.26006 39.1282
2.2658 39.6818
2.27153 41.3171
2.27727 39.7436
2.283 44.2581
2.28874 33.2188
2.29448 39.359
2.30021 37.973
2.30595 40.5385
2.31168 44.0513
2.31742 41.325
2.32316 41.4545
2.32889 43.7143
2.33463 48
2.34037 47.75
2.3461 49.8571
2.35184 60.4762
2.35757 63.5135
2.36331 62.4615
2.36905 63
2.37478 56.5122
2.38052 61.0968
2.38626 47.5588
2.39199 51.814
2.39773 44.8108
2.40346 43.3077
2.4092 45.1818
2.41494 39.375
2.42067 36
2.42641 37.75
2.43214 45.4762
2.43788 39.4286
2.44362 42.2903
2.44935 44.5333
2.45509 40.1026
2.46083 36
2.46656 45.1333
2.4723 40.5122
2.47803 37.2414
2.48377 41.975
2.48951 42.1163
2.49524 36.0769
2.50098 40.0769
2.50672 42.087
2.51245 40.5238
2.51819 40.375
2.52392 42.9783
2.52966 39.2955
2.5354 41.303
2.54113 38.9429
2.54687 43.1111
2.5526 45.1463
2.55834 34.9615
2.56408 43.2766
2.56981 43.093
2.57555 36.7931
2.58129 41.7381
2.58702 39.1556
2.59276 37.2162
2.59849 35.5758
2.60423 39.1957
2.60997 39.0682
2.6157 38.9167
2.62144 44.625
2.62718 42.913
2.63291 36.4
2.63865 39.2778
2.64438 41.5106
2.65012 41.9268
2.65586 39.5667
2.66159 40.383
2.66733 43.9333
2.67306 41.4
2.6788 38.3958
2.68454 39.0833
2.69027 41.359
2.69601 43.6667
2.70175 42.4167
2.70748 50.6889
2.71322 45.9259
2.71895 44.8333
2.72469 44.4375
2.73043 45.2857
2.73616 47.9474
2.7419 46.6327
2.74764 47.0698
2.75337 40.9333
2.75911 45.8367
2.76484 43.0816
2.77058 41.0417
2.77632 42.0612
2.78205 45.74
2.78779 42.0256
2.79352 43.2
2.79926 40.7692
2.805 45.9556
2.81073 44.5556
2.81647 39.8269
2.82221 42.5918
2.82794 45.8649
2.83368 42.0789
2.83941 44.434
2.84515 45.4146
2.85089 45.9062
2.85662 48.1887
2.86236 45.551
2.8681 42.8333
2.87383 42.537
2.87957 44.96
2.8853 42.8293
2.89104 48.4595
2.89678 44.4615
2.90251 44.7333
2.90825 45.2759
2.91398 50.1667
2.91972 43.8235
2.92546 46
2.93119 49.3571
2.93693 46.8302
2.94267 40.8444
2.9484 45.4688
2.95414 44.2453
2.95987 46.7347
2.96561 47.3333
2.97135 50.1071
2.97708 53.0556
2.98282 48.7949
2.98856 50.3333
2.99429 48.1852
3.00003 51.1702
3.00576 45.4516
3.0115 48.1818
3.01724 49.0377
3.02297 48.2973
3.02871 45.25
3.03444 48.4909
3.04018 51.4444
3.04592 48.0294
3.05165 53.2727
3.05739 50.6471
3.06313 43.8966
3.06886 51.0714
3.0746 52.7455
3.08033 54.2273
3.08607 54.027
3.09181 58.4643
3.09754 65.2449
3.10328 73
3.10902 75.5424
3.11475 76.6226
3.12049 68.0256
3.12622 57.5652
3.13196 56.1636
3.1377 58.1489
3.14343 55.4444
3.14917 58.6379
3.1549 59.0196
3.16064 64.7241
3.16638 62.8667
3.17211 61.4909
3.17785 59.8409
3.18359 60.8049
3.18932 59.0517
3.19506 60.6531
3.20079 61.8235
3.20653 59.7966
3.21227 57.2642
3.218 58.4878
3.22374 56.2292
3.22948 63.0847
3.23521 62.3111
3.24095 63.8462
3.24668 64.0333
3.25242 61.717
3.25816 61.5
3.26389 62.5965
3.26963 70.0526
3.27536 61.3696
3.2811 65.1951
3.28684 68.5167
3.29257 73.0816
3.29831 69.0556
3.30405 74.3492
3.30978 80.1818
3.31552 89.0465
3.32125 86.3125
3.32699 102.965
3.33273 99.0392
3.33846 100.462
3.3442 97.371
3.34994 98.098
3.35567 92.9211
3.36141 90.4576
3.36714 80.614
3.37288 76.3125
3.37862 76.2558
3.38435 79.6721
3.39009 78.7924
3.39582 77.6389
3.40156 81.127
3.4073 77.6545
3.41303 84.1915
3.41877 85.875
3.42451 87.5902
3.43024 84.54
3.43598 87.7805
3.44171 79.4921
3.44745 80.6071
3.45319 79.619
3.45892 81.3091
3.46466 80.9492
3.4704 84.94
3.47613 79.4651
3.48187 88
3.4876 86.7924
3.49334 88.1053
3.49908 85.2687
3.50481 98.8246
3.51055 95.9149
3.51628 95.5294
3.52202 106.869
3.52776 113.759
3.53349 130.195
3.53923 159.923
3.54497 205.259
3.5507 217.875
3.55644 202.6
3.56217 160.017
3.56791 129.673
3.57365 119.435
3.57938 109.492
3.58512 111.764
3.59086 100.263
3.59659 106.299
3.60233 108.576
3.60806 112.333
3.6138 112.735
3.61954 120.587
3.62527 127.536
3.63101 132.341
3.63674 154.522
3.64248 178.741
3.64822 196.979
3.65395 208.228
3.65969 208.607
3.66543 189.574
3.67116 183.391
3.6769 182.397
3.68263 181.082
3.68837 178.868
3.69411 179.319
3.69984 181.966
3.70558 181.13
3.71132 177.863
3.71705 182.569
3.72279 193.893
3.72852 189.977
3.73426 195.716
3.74 205.516
3.74573 210.38
3.75147 210.727
3.7572 217.048
3.76294 228.322
3.76868 230.568
3.77441 241.537
3.78015 265.322
3.78589 266.596
3.79162 282.141
3.79736 309.828
3.80309 330.661
3.80883 353.824
3.81457 387.677
3.8203 440.933
3.82604 472.512
3.83178 544.478
3.83751 680.806
3.84325 878.482
3.84898 1311.42
3.85472 2118.59
3.86046 1804.03
3.86619 1718.93
3.87193 2252.03
3.87766 3072.61
3.8834 3987.71
3.88914 5026.55
3.89487 6037.82
3.90061 5447.52
3.90635 4384.27
3.91208 3194.64
3.91782 2203.47
3.92355 1653.27
3.92929 1300.14
3.93503 1010.11
3.94076 812.483
3.9465 710.296
3.95224 618.94
3.95797 550.619
3.96371 484
3.96944 454.761
3.97518 418.619
3.98092 384.661
3.98665 365.672
3.99239 336.471
3.99812 317.758
4.00386 302.408
4.0096 295.377
4.01533 280.5
4.02107 270.2
4.02681 270.652
4.03254 271.318
4.03828 265.267
4.04401 251.692
4.04975 242.845
4.05549 231.292
4.06122 212.891
4.06696 216.754
4.0727 214.771
4.07843 204.433
4.08417 199.982
4.0899 195.191
4.09564 204.016
4.10138 198.1
4.10711 191.097
4.11285 193.652
4.11858 191.679
4.12432 191.371
4.13006 188.338
4.13579 193.159
4.14153 186.115
4.14727 183.89
4.153 185.343
4.15874 177.932
4.16447 173.479
4.17021 179.736
4.17595 170.226
4.18168 170.071
4.18742 173.7
4.19316 172.212
4.19889 167.38
4.20463 172.446
4.21036 173.529
4.2161 170.5
4.22184 173.293
4.22757 176.264
4.23331 168.313
4.23904 173
4.24478 171.88
4.25052 172.435
4.25625 167.125
4.26199 171.5
4.26773 173.944
4.27346 175.394
4.2792 172.571
4.28493 173.111
4.29067 181.657
4.29641 174.5
4.30214 181.382
4.30788 186
4.31362 183.984
4.31935 186.196
4.32509 191.446
4.33082 193.449
4.33656 195.44
4.3423 196.027
4.34803 203.527
4.35377 210.29
4.3595 214.483
4.36524 215.378
4.37098 230.471
4.37671 224.556
4.38245 241.743
4.38819 257.986
4.39392 266.509
4.39966 273.609
4.40539 284.625
4.41113 307.75
4.41687 327.13
4.4226 380.519
4.42834 562.479
4.43408 846
4.43981 1750.55
4.44555 5363.38
4.45128 2315.71
4.45702 4973.27
4.46276 1458.95
4.46849 968.653
4.47423 1031.65
4.47996 975.039
4.4857 1002.91
4.49144 1087.72
4.49717 1100.03
4.50291 1099.21
4.50865 1039.91
4.51438 934.923
4.52012 807.114
4.52585 654.493
4.53159 540.649
4.53733 474.225
4.54306 397.9
4.5488 347.254
4.55454 316.561
4.56027 278.763
4.56601 259.27
4.57174 234.404
4.57748 222.628
4.58322 203.218
4.58895 196.224
4.59469 187.705
4.60042 175.833
4.60616 170.76
4.6119 169.98
4.61763 164.422
4.62337 166.026
4.62911 161.254
4.63484 155.415
4.64058 145.561
4.64631 143.319
4.65205 136.571
4.65779 132.113
4.66352 133.974
4.66926 130.23
4.675 128.014
4.68073 127.192
4.68647 132.425
4.6922 127.596
4.69794 126.287
4.70368 129.87
4.70941 129.64
4.71515 128.035
4.72088 127.812
4.72662 134.725
4.73236 134.46
4.73809 131.415
4.74383 136.782
4.74957 134.327
4.7553 124.655
4.76104 122.95
4.76677 115.701
4.77251 113.077
4.77825 112.28
4.78398 110.693
4.78972 100.836
4.79546 99.4471
4.80119 99.8608
4.80693 93.6462
4.81266 96.338
4.8184 98.2262
4.82414 95.9589
4.82987 92.5574
4.83561 93.4286
4.84134 94.6875
4.84708 89
4.85282 92.2471
4.85855 90.3415
4.86429 89.507
4.87003 89.8525
4.87576 92.0465
4.8815 87.4231
4.88723 81.6852
4.89297 87.7059
4.89871 88.0595
4.90444 89.0423
4.91018 86.0448
4.91592 84.3333
4.92165 88.3418
4.92739 83.7018
4.93312 83.1512
4.93886 87.1548
4.9446 82.7612
4.95033 84.7606
4.95607 81.3721
4.9618 85.039
4.96754 84.0508
4.97328 84.7674
4.97901 84.012
4.98475 80.1639
4.99049 75.4872
4.99622 80.3864
5.00196 83.0548
5.00769 80.0635
5.01343 77.75
5.01917 78.0964
5.0249 78.6604
5.03064 77.8667
5.03638 80.0349
5.04211 85.8
5.04785 82.2154
5.05358 82.4651
5.05932 80.2099
5.06506 80.3684
5.07079 80.3182
5.07653 80.977
5.08226 79.5916
5.088 77.9859
5.09374 79.7444
5.09947 83.1039
5.10521 83.0635
5.11095 78.3333
5.11668 75.9412
5.12242 77.6515
5.12815 73.4286
5.13389 81.3556
5.13963 82.7273
5.14536 79.541
5.1511 80.0761
5.15684 84.9518
5.16257 87.2258
5.16831 84.4048
5.17404 82.0787
5.17978 80.3462
5.18552 76.0149
5.19125 78.9
5.19699 77.5181
5.20272 79.2712
5.20846 80.5543
5.2142 81.0674
5.21993 75.6316
5.22567 77.2609
5.23141 75.6196
5.23714 78.9506
5.24288 75.5574
5.24861 78.6739
5.25435 77.7191
5.26009 77.3714
5.26582 76.0526
5.27156 76.5934
5.2773 81.1
5.28303 73.7385
5.28877 79.5745
5.2945 84.9885
5.30024 83.2222
5.30598 83.0886
5.31171 83.9663
5.31745 80.1951
5.32318 84.4154
5.32892 79.6809
5.33466 79.6552
5.34039 80.0455
5.34613 73.4706
5.35187 78.4066
5.3576 79.9136
5.36334 76.6119
5.36907 77.1875
5.37481 81.7765
5.38055 85.7869
5.38628 92.5312
5.39202 107.297
5.39776 112.088
5.40349 108.282
5.40923 97.0521
5.41496 82.2346
5.4207 84.873
5.42644 82.0204
5.43217 81.1573
5.43791 82.7051
5.44364 80.6712
5.44938 82.6082
5.45512 88.3537
5.46085 82.8806
5.46659 85.0204
5.47233 79.618
5.47806 84
5.4838 76.8025
5.48953 77.6021
5.49527 78.2143
5.50101 77.5075
5.50674 77.1531
5.51248 80.4494
5.51822 77.3108
5.52395 81.3735
5.52969 77.5591
5.53542 79.7143
5.54116 77.1471
5.5469 79.5354
5.55263 80.3
5.55837 72.4306
5.5641 76.9213
5.56984 79.1505
5.57558 81.6548
5.58131 80.3425
5.58705 77.7778
5.59279 75.3977
5.59852 77.254
5.60426 80.61
5.60999 80.2688
5.61573 77.0732
5.62147 79.04
5.6272 79.5464
5.63294 78.8605
5.63868 78.4925
5.64441 82.4902
5.65015 78.172
5.65588 82.4286
5.66162 79.6623
5.66736 77.9495
5.67309 84.2791
5.67883 81.2029
5.68456 76.802
5.6903 81.3333
5.69604 82.8659
5.70177 80.3133
5.70751 87.6842
5.71325 82.4545
5.71898 81.2253
5.72472 85.303
5.73045 83.0215
5.73619 87.5625
5.74193 84.9213
5.74766 84.0632
5.7534 88.3182
5.75914 87.1549
5.76487 90.5446
5.77061 93.8298
5.77634 95.3846
5.78208 93.2809
5.78782 95.3093
5.79355 95.8372
5.79929 92.4933
5.80502 92.1782
5.81076 93.1413
5.8165 92.7973
5.82223 88.7708
5.82797 87.9184
5.83371 90.7907
5.83944 90.0886
5.84518 90.404
5.85091 95.6458
5.85665 94
5.86239 89.3429
5.86812 93.0204
5.87386 90.814
5.8796 90.1013
5.88533 91.2475
5.89107 92.8587
5.8968 92.4928
5.90254 92.1619
5.90828 93.2347
5.91401 96.5233
5.91975 93.7108
5.92548 94.7071
5.93122 95.3511
5.93696 93.8493
5.94269 95.8667
5.94843 94.0833
5.95417 96.7386
5.9599 98
5.96564 99.3434
5.97137 93.8404
5.97711 101.014
5.98285 103.495
5.98858 101.99
5.99432 100.929
6.00006 106.427
6.00579 109.747
6.01153 119.309
6.01726 117.4
6.023 118.876
6.02874 110.354
6.03447 110.216
6.04021 105.589
6.04594 108.255
6.05168 107.51
6.05742 105.714
6.06315 111.924
6.06889 112.844
6.07463 112.607
6.08036 115.138
6.0861 113.827
6.09183 118.729
6.09757 123.167
6.10331 119.462
6.10904 121.312
6.11478 121.953
6.12052 123.125
6.12625 120.02
6.13199 124.011
6.13772 123.951
6.14346 125.676
6.1492 126.82
6.15493 128.8
6.16067 130.059
6.1664 129.5
6.17214 134.021
6.17788 135.179
6.18361 140.206
6.18935 143.202
6.19509 150.68
6.20082 148.945
6.20656 155.961
6.21229 173.719
6.21803 178.683
6.22377 183.245
6.2295 192.22
6.23524 201
6.24098 189.303
6.24671 193.784
6.25245 213.128
6.25818 217.372
6.26392 217.667
6.26966 283.725
6.27539 498.293
6.28113 312.33
6.28686 1620.1
6.2926 5697.85
6.29834 1425.62
6.30407 3965.1
6.30981 2778.9
6.31555 1686.68
6.32128 784.435
6.32702 589.106
6.33275 517.719
6.33849 502.58
6.34423 504.115
6.34996 553.225
6.3557 608.295
6.36144 692.157
6.36717 824.192
6.37291 930.779
6.37864 923.9
6.38438 842.519
6.39012 727.216
6.39585 616.8
6.40159 520.491
6.40732 427.852
6.41306 369.989
6.4188 325.207
6.42453 289.547
6.43027 264.667
6.43601 248.11
6.44174 236.792
6.44748 224.361
6.45321 218.394
6.45895 219.435
6.46469 217.333
6.47042 211.67
6.47616 200.571
6.4819 186.918
6.48763 172.593
6.49337 174.344
6.4991 163.663
6.50484 163.315
6.51058 161.461
6.51631 156.893
6.52205 155.873
6.52778 153.176
6.53352 154.315
6.53926 155.156
6.54499 153.926
6.55073 154.078
6.55647 151.464
6.5622 151.708
6.56794 151.037
6.57367 154.527
6.57941 151.453
6.58515 148.411
6.59088 147.875
6.59662 152.238
6.60236 141.342
6.60809 140.396
6.61383 145.301
6.61956 137.258
6.6253 139.134
6.63104 136.078
6.63677 135.419
6.64251 137.974
6.64824 135.346
6.65398 137.967
6.65972 134.941
6.66545 137.536
6.67119 141.115
6.67693 136.221
6.68266 140.138
6.6884 137.778
6.69413 143.626
6.69987 140.136
6.70561 143.723
6.71134 139.048
6.71708 140.318
6.72282 137.07
6.72855 134.231
6.73429 136.034
6.74002 132.858
6.74576 130.435
6.7515 134.117
6.75723 127.64
6.76297 130.672
6.7687 131.527
6.77444 136.427
6.78018 132.952
6.78591 131.664
6.79165 128.542
6.79739 129.908
6.80312 129.447
6.80886 131.286
6.81459 132.341
6.82033 131.514
6.82607 132.914
6.8318 131.838
6.83754 130.648
6.84328 133.393
6.84901 131.107
6.85475 131.747
6.86048 129.174
6.86622 130.759
6.87196 130.636
6.87769 133.437
6.88343 128.517
6.88916 130.105
6.8949 132.736
6.90064 132.442
6.90637 132.465
6.91211 136.533
6.91785 127.517
6.92358 134.719
6.92932 133.69
6.93505 132.18
6.94079 127.425
6.94653 128.405
6.95226 133.178
6.958 135.154
6.96374 135.542
6.96947 130.254
6.97521 131.538
6.98094 130.739
6.98668 129.112
6.99242 134.615
6.99815 131.753
7.00389 132.792
7.00962 134.25
7.01536 136.62
7.0211 136.973
7.02683 135.76
7.03257 137.673
7.03831 132.763
7.04404 134.451
7.04978 138.748
7.05551 140.872
7.06125 137.89
7.06699 135.721
7.07272 137.009
7.07846 136.034
7.0842 139.902
7.08993 143.181
7.09567 139.935
7.1014 143.566
7.10714 144.067
7.11288 151.11
7.11861 149.38
7.12435 150.298
7.13008 148.932
7.13582 150.135
7.14156 148.189
7.14729 150.3
7.15303 152.303
7.15877 149.032
7.1645 153.54
7.17024 153.445
7.17597 152.041
7.18171 155.467
7.18745 152.057
7.19318 154.874
7.19892 155.304
7.20466 156.827
7.21039 159.316
7.21613 164.97
7.22186 165.697
7.2276 164.611
7.23334 169.946
7.23907 163.989
7.24481 165.246
7.25054 164.387
7.25628 171.07
7.26202 168.568
7.26775 174.557
7.27349 177.153
7.27923 174.656
7.28496 182.913
7.2907 181.924
7.29643 186.602
7.30217 186.12
7.30791 194.855
7.31364 211.231
7.31938 203.18
7.32512 207.077
7.33085 215.504
7.33659 227.519
7.34232 216.429
7.34806 232.923
7.3538 251.288
7.35953 240.645
7.36527 283.727
7.371 410.413
7.37674 1268.42
7.38248 585.309
7.38821 4611.1
7.39395 3163.15
7.39969 3015.84
7.40542 1537.81
7.41116 1049.07
7.41689 803.217
7.42263 601.019
7.42837 516.571
7.4341 542.403
7.43984 524.056
7.44558 547.634
7.45131 603.562
7.45705 696.809
7.46278 756.534
7.46852 875.631
7.47426 993.5
7.47999 1039.41
7.48573 1011.95
7.49146 888.704
7.4972 763.164
7.50294 635.822
7.50867 529.859
7.51441 438.933
7.52015 395.912
7.52588 349.136
7.53162 315.656
7.53735 283.027
7.54309 264.204
7.54883 248.402
7.55456 228.748
7.5603 224.7
7.56604 214.526
7.57177 208.704
7.57751 200.626
7.58324 193.02
7.58898 189.069
7.59472 186.172
7.60045 181.42
7.60619 178.439
7.61192 178.729
7.61766 176.948
7.6234 176.683
7.62913 173.924
7.63487 172.562
7.64061 173.422
7.64634 167.179
7.65208 168.078
7.65781 169.403
7.66355 167.02
7.66929 169.254
7.67502 168.387
7.68076 174.434
7.6865 172.916
7.69223 177.656
7.69797 187.186
7.7037 187.921
7.70944 223.157
7.71518 430.52
7.72091 778.627
7.72665 1423.76
7.73238 2571.58
7.73812 571.746
7.74386 296.633
7.74959 288.826
7.75533 251.286
7.76107 245.054
7.7668 254.281
7.77254 268.023
7.77827 289.18
7.78401 317.606
7.78975 354.378
7.79548 406.531
7.80122 468.121
7.80696 505.018
7.81269 528.917
7.81843 504.419
7.82416 455.042
7.8299 388.686
7.83564 319
7.84137 277.504
7.84711 237.5
7.85284 216.145
7.85858 193.425
7.86432 179.515
7.87005 170.453
7.87579 160.664
7.88153 158.426
7.88726 150.037
7.893 152.141
7.89873 145.078
7.90447 139.804
7.91021 138.421
7.91594 134.214
7.92168 131.083
7.92742 129.406
7.93315 127.628
7.93889 125.929
7.94462 125.124
7.95036 121.207
7.9561 125.129
7.96183 123.968
7.96757 121.762
7.9733 123.358
7.97904 120.969
7.98478 122.902
7.99051 119.968
7.99625 118.015
8.00199 119.815
8.00772 117.01
8.01346 116.266
8.01919 118.188
8.02493 116.857
8.03067 113.655
8.0364 116.816
8.04214 112.654
8.04788 113.485
8.05361 111.022
8.05935 110.625
8.06508 109.28
8.07082 109.615
8.07656 112.292
8.08229 109.938
8.08803 112.545
8.09376 105.301
8.0995 98.7803
8.10524 92.8374
8.11097 88.4159
8.11671 78.6014
8.12245 74.5271
8.12818 69.9009
8.13392 66.3333
8.13965 60.5985
8.14539 57.6694
8.15113 51.5405
8.15686 27.5328
8.1626 29.0741
8.16834 26.1695
8.17407 21.3684
8.17981 2.31579
8.18554 0
8.19128 0
8.19702 0
8.20275 0
8.20849 0
8.21422 0
8.21996 0
8.2257 0
8.23143 0
8.23717 0
8.24291 0
8.24864 0
8.25438 0
8.26011 0
8.26585 0
8.27159 0
8.27732 0
8.28306 0
8.2888 0
8.29453 0
8.30027 0
8.306 0
8.31174 0
8.31748 0
8.32321 0
8.32895 0
8.33468 0
8.34042 0
8.34616 0
8.35189 0
8.35763 0
8.36337 0
8.3691 0
8.37484 0
8.38057 0
8.38631 0
8.39205 0
8.39778 0
8.40352 0
8.40926 0
8.41499 0
8.42073 0
8.42646 0
8.4322 0
8.43794 0
8.44367 0
8.44941 0
8.45514 0
8.46088 0
8.46662 0
8.47235 0
8.47809 0
8.48383 0
8.48956 0
8.4953 0
8.50103 0
8.50677 0
8.51251 0
8.51824 0
8.52398 0
8.52972 0
8.53545 0
8.54119 0
8.54692 0
8.55266 0
8.5584 0
8.56413 0
8.56987 0
8.5756 0
8.58134 0
8.58708 0
8.59281 0
8.59855 0
8.60429 0
8.61002 0
8.61576 0
8.62149 0
8.62723 0
8.63297 0
8.6387 0
8.64444 0
8.65018 0
8.65591 0
8.66165 0
8.66738 0
8.67312 0
8.67886 0
8.68459 0
8.69033 0
8.69606 0
8.7018 0
8.70754 0
8.71327 0
8.71901 0
8.72475 0
8.73048 0
8.73622 0
8.74195 0
8.74769 0
8.75343 0
8.75916 0
8.7649 0
8.77064 0
8.77637 0
8.78211 0
8.78784 0
8.79358 0
8.79932 0
8.80505 0
8.81079 0
8.81652 0
8.82226 0
8.828 0
8.83373 0
8.83947 0
8.84521 0
8.85094 0
8.85668 0
8.86241 0
8.86815 0
8.87389 0
8.87962 0
8.88536 0
8.8911 0
8.89683 0
8.90257 0
8.9083 0
8.91404 0
8.91978 0
8.92551 0
8.93125 0
8.93698 0
8.94272 0
8.94846 0
8.95419 0
8.95993 0
8.96567 0
8.9714 0
8.97714 0
8.98287 0
8.98861 0
8.99435 0
9.00008 0
9.00582 0
9.01156 0
9.01729 0
9.02303 0
9.02876 0
9.0345 0
9.04024 0
9.04597 0
9.05171 0
9.05744 0
9.06318 0
9.06892 0
9.07465 0
9.08039 0
9.08613 0
9.09186 0
9.0976 0
9.10333 0
9.10907 0
9.11481 0
9.12054 0
9.12628 0
9.13202 0
9.13775 0
9.14349 0
9.14922 0
9.15496 0
9.1607 0
9.16643 0
9.17217 0
9.1779 0
9.18364 0
9.18938 0
9.19511 0
9.20085 0
9.20659 0
9.21232 0
9.21806 0
9.22379 0
9.22953 0
9.23527 0
9.241 0
9.24674 0
9.25248 0
9.25821 0
9.26395 0
9.26968 0
9.27542 0
9.28116 0
9.28689 0
9.29263 0
9.29836 0
9.3041 0
9.30984 0
9.31557 0
9.32131 0
9.32705 0
9.33278 0
9.33852 0
9.34425 0
9.34999 0
9.35573 0
9.36146 0
9.3672 0
9.37294 0
9.37867 0
9.38441 0
9.39014 0
9.39588 0
9.40162 0
9.40735 0
9.41309 0
9.41882 0
9.42456 0
9.4303 0
9.43603 0
9.44177 0
9.44751 0
9.45324 0
9.45898 0
9.46471 0
9.47045 0
9.47619 0
9.48192 0
9.48766 0
9.4934 0
9.49913 0
9.50487 0
9.5106 0
9.51634 0
9.52208 0
9.52781 0
9.53355 0
9.53928 0
9.54502 0
9.55076 0
9.55649 0
9.56223 0
9.56797 0
9.5737 0
9.57944 0
9.58517 0
9.59091 0
9.59665 0
9.60238 0
9.60812 0
9.61386 0
9.61959 0
9.62533 0
9.63106 0
9.6368 0
9.64254 0
9.64827 0
9.65401 0
9.65974 0
9.66548 0
9.67122 0
9.67695 0
9.68269 0
9.68843 0
9.69416 0
9.6999 0
9.70563 0
9.71137 0
9.71711 0
9.72284 0
9.72858 0
9.73432 0
9.74005 0
9.74579 0
9.75152 0
9.75726 0
9.763 0
9.76873 0
9.77447 0
9.7802 0
9.78594 0
9.79168 0
9.79741 0
9.80315 0
9.80889 0
9.81462 0
9.82036 0
9.82609 0
9.83183 0
9.83757 0
9.8433 0
9.84904 0
9.85478 0
9.86051 0
9.86625 0
9.87198 0
9.87772 0
9.88346 0
9.88919 0
9.89493 0
9.90066 0
9.9064 0
9.91214 0
9.91787 0
9.92361 0
9.92935 0
9.93508 0
9.94082 0
9.94655 0
9.95229 0
9.95803 0
9.96376 0
9.9695 0
9.97524 0
9.98097 0
9.98671 0
9.99244 0
9.99818 0
10.0039 0
10.0097 0
10.0154 0
10.0211 0
10.0269 0
10.0326 0
10.0383 0
10.0441 0
10.0498 0
10.0555 0
10.0613 0
10.067 0
10.0728 0
10.0785 0
10.0842 0
10.09 0
10.0957 0
10.1014 0
10.1072 0
10.1129 0
10.1186 0
10.1244 0
10.1301 0
10.1358 0
10.1416 0
10.1473 0
10.1531 0
10.1588 0
10.1645 0
10.1703 0
10.176 0
10.1817 0
10.1875 0
10.1932 0
10.1989 0
10.2047 0
10.2104 0
10.2162 0
10.2219 0
10.2276 0
10.2334 0
10.2391 0
10.2448 0
10.2506 0
10.2563 0
10.262 0
10.2678 0
10.2735 0
10.2793 0
10.285 0
10.2907 0
10.2965 0
10.3022 0
10.3079 0
10.3137 0
10.3194 0
10.3251 0
10.3309 0
10.3366 0
10.3424 0
10.3481 0
10.3538 0
10.3596 0
10.3653 0
10.371 0
10.3768 0
10.3825 0
10.3882 0
10.394 0
10.3997 0
10.4054 0
10.4112 0
10.4169 0
10.4227 0
10.4284 0
10.4341 0
10.4399 0
10.4456 0
10.4513 0
10.4571 0
10.4628 0
10.4685 0
10.4743 0
10.48 0
10.4858 0
10.4915 0
10.4972 0
10.503 0
10.5087 0
10.5144 0
10.5202 0
10.5259 0
10.5316 0
10.5374 0
10.5431 0
10.5489 0
10.5546 0
10.5603 0
10.5661 0
10.5718 0
10.5775 0
10.5833 0
10.589 0
10.5947 0
10.6005 0
10.6062 0
10.612 0
10.6177 0
10.6234 0
10.6292 0
10.6349 0
10.6406 0
10.6464 0
10.6521 0
10.6578 0
10.6636 0
10.6693 0
10.6751 0
10.6808 0
10.6865 0
10.6923 0
10.698 0
10.7037 0
10.7095 0
10.7152 0
10.7209 0
10.7267 0
10.7324 0
10.7381 0
10.7439 0
10.7496 0
10.7554 0
10.7611 0
10.7668 0
10.7726 0
10.7783 0
10.784 0
10.7898 0
10.7955 0
10.8012 0
10.807 0
10.8127 0
10.8185 0
10.8242 0
10.8299 0
10.8357 0
10.8414 0
10.8471 0
10.8529 0
10.8586 0
10.8643 0
10.8701 0
10.8758 0
10.8816 0
10.8873 0
10.893 0
10.8988 0
10.9045 0
10.9102 0
10.916 0
10.9217 0
10.9274 0
10.9332 0
10.9389 0
10.9447 0
10.9504 0
10.9561 0
10.9619 0
10.9676 0
10.9733 0
10.9791 0
10.9848 0
10.9905 0
10.9963 0
11.002 0
11.0077 0
11.0135 0
11.0192 0
11.025 0
11.0307 0
11.0364 0
11.0422 0
11.0479 0
11.0536 0
11.0594 0
11.0651 0
11.0708 0
11.0766 0
11.0823 0
11.0881 0
11.0938 0
11.0995 0
11.1053 0
11.111 0
11.1167 0
11.1225 0
11.1282 0
11.1339 0
11.1397 0
11.1454 0
11.1512 0
11.1569 0
11.1626 0
11.1684 0
11.1741 0
11.1798 0
11.1856 0
11.1913 0
11.197 0
11.2028 0
11.2085 0
11.2143 0
11.22 0
11.2257 0
11.2315 0
11.2372 0
11.2429 0
11.2487 0
11.2544 0
11.2601 0
11.2659 0
11.2716 0
11.2774 0
11.2831 0
11.2888 0
11.2946 0
11.3003 0
11.306 0
11.3118 0
11.3175 0
11.3232 0
11.329 0
11.3347 0
11.3404 0
11.3462 0
11.3519 0
11.3577 0
11.3634 0
11.3691 0
11.3749 0
11.3806 0
11.3863 0
11.3921 0
11.3978 0
11.4035 0
11.4093 0
11.415 0
11.4208 0
11.4265 0
11.4322 0
11.438 0
11.4437 0
11.4494 0
11.4552 0
11.4609 0
11.4666 0
11.4724 0
11.4781 0
11.4839 0
11.4896 0
11.4953 0
11.5011 0
11.5068 0
11.5125 0
11.5183 0
11.524 0
11.5297 0
11.5355 0
11.5412 0
11.547 0
11.5527 0
11.5584 0
11.5642 0
11.5699 0
11.5756 0
11.5814 0
11.5871 0
11.5928 0
11.5986 0
11.6043 0
11.61 0
11.6158 0
11.6215 0
11.6273 0
11.633 0
11.6387 0
11.6445 0
11.6502 0
11.6559 0
11.6617 0
11.6674 0
11.6731 0
11.6789 0
11.6846 0
11.6904 0
11.6961 0
11.7018 0
11.7076 0
11.7133 0
11.719 0
11.7248 0
11.7305 0
11.7362 0
11.742 0
