0 0
0.00573619 17
0.0114724 21
0.0172086 0
0.0229448 -18
0.028681 15
0.0344171 0
0.0401533 -14
0.0458895 -7
0.0516257 12
0.0573619 0
0.0630981 14
0.0688343 -18
0.0745705 0
0.0803067 33
0.0860429 17
0.091779 0
0.0975152 8
0.103251 -3.66667
0.108988 -16
0.114724 0
0.12046 3
0.126196 13
0.131932 0
0.137669 -5.66667
0.143405 -7
0.149141 7
0.154877 0
0.160613 -0.333333
0.16635 11
0.172086 0
0.177822 -2
0.183558 2.75
0.189294 0
0.19503 -0.2
0.200767 -1.2
0.206503 3.66667
0.212239 2.5
0.217975 10
0.223711 -2
0.229448 0
0.235184 -7.8
0.24092 -12.2
0.246656 0
0.252392 -14.2
0.258129 16.4
0.263865 13.4
0.269601 0
0.275337 -0.8
0.281073 -9.71429
0.28681 0
0.292546 9.14286
0.298282 -2.28571
0.304018 1
0.309754 5.5
0.31549 3
0.321227 0.571429
0.326963 0
0.332699 12.2857
0.338435 5.42857
0.344171 0
0.349908 -1.57143
0.355644 0.571429
0.36138 -6.2
0.367116 -2
0.372852 -2
0.378589 -4.71429
0.384325 30.5
0.390061 4.11111
0.395797 -2.22222
0.401533 0
0.40727 7.33333
0.413006 8.44444
0.418742 10.7143
0.424478 14.5
0.430214 12.6667
0.43595 8.33333
0.441687 0
0.447423 16.6667
0.453159 10.2222
0.458895 -16
0.464631 14.7143
0.470368 12.0909
0.476104 9.88889
0.48184 5.5
0.487576 10.9091
0.493312 24
0.499049 0
0.504785 17.6364
0.510521 22
0.516257 24.2
0.521993 23.8333
0.52773 17.9091
0.533466 13.3333
0.539202 9.5
0.544938 16.1818
0.550674 22.4545
0.55641 0
0.562147 12.4167
0.567883 20.1538
0.573619 4.28571
0.579355 21.8333
0.585091 8.84615
0.590828 16.5455
0.596564 43.5
0.6023 11.3846
0.608036 17.2308
0.613772 17
0.619509 11.125
0.625245 15.2308
0.630981 15.7778
0.636717 18.5
0.642453 16.0769
0.64819 20.5385
0.653926 38
0.659662 23.3333
0.665398 18.0667
0.671134 25.8571
0.67687 33.75
0.682607 22.4
0.688343 26.4545
0.694079 20
0.699815 20.6
0.705551 28.9333
0.711288 9
0.717024 25.4286
0.72276 20.7333
0.728496 20.5556
0.734232 24
0.739969 22.625
0.745705 12.7692
0.751441 24
0.757177 26.3529
0.762913 26.3529
0.76865 19.4
0.774386 19.5
0.780122 20.4118
0.785858 20.0909
0.791594 36.5
0.79733 14.8824
0.803067 25.9333
0.808803 32
0.814539 18.3529
0.820275 19.6471
0.826011 21.3333
0.831748 32.875
0.837484 19
0.84322 22.0769
0.848956 28
0.854692 17.8421
0.860429 22.6471
0.866165 25.4
0.871901 25.6875
0.877637 25.3158
0.883373 19
0.88911 23.75
0.894846 24.8947
0.900582 22.3333
0.906318 28
0.912054 27.1053
0.91779 28.3529
0.923527 25
0.929263 23.5385
0.934999 21.1
0.940735 20.6154
0.946471 22.5
0.952208 24.1905
0.957944 25.5294
0.96368 25.25
0.969416 14.1905
0.975152 23.8421
0.980889 20.8182
0.986625 26.4167
0.992361 23.8095
0.998097 27.8667
1.00383 33.8333
1.00957 31.381
1.01531 24.3529
1.02104 24.8
1.02678 28.5294
1.03251 21.7619
1.03825 19.4615
1.04399 22.5833
1.04972 23.2174
1.05546 18.8824
1.0612 25.1667
1.06693 27.6087
1.07267 29.1053
1.0784 25.3846
1.08414 25.2143
1.08988 20.8261
1.09561 22.4
1.10135 24.375
1.10708 15.6957
1.11282 26
1.11856 28.5714
1.12429 10.625
1.13003 20.2857
1.13577 25.8667
1.1415 25.4286
1.14724 24.44
1.15297 23.8
1.15871 26.9
1.16445 22.24
1.17018 19.2632
1.17592 20.6154
1.18166 26.8889
1.18739 23.8696
1.19313 20.5333
1.19886 20.4167
1.2046 27.2
1.21034 23.7222
1.21607 19.5556
1.22181 24.1852
1.22754 17.0476
1.23328 18.8235
1.23902 19.0625
1.24475 21.64
1.25049 27.1176
1.25623 18
1.26196 22.6667
1.2677 16.1053
1.27343 21.6154
1.27917 24.9545
1.28491 24.5217
1.29064 25.8235
1.29638 22.8667
1.30212 26.6667
1.30785 23
1.31359 22.7273
1.31932 25.6207
1.32506 20.2857
1.3308 26.4118
1.33653 23.75
1.34227 22.72
1.348 29.2632
1.35374 23.5
1.35948 19.5185
1.36521 31.3333
1.37095 28.8
1.37669 24
1.38242 14.2174
1.38816 20.5882
1.39389 26.7368
1.39963 24.037
1.40537 28.85
1.4111 24.4286
1.41684 22.5517
1.42258 21.7826
1.42831 22.1765
1.43405 30.7083
1.43978 21.88
1.44552 21.0952
1.45126 24.125
1.45699 22.1724
1.46273 24.8095
1.46846 24.5833
1.4742 25.5806
1.47994 18.1304
1.48567 27.5
1.49141 19.8571
1.49715 24.037
1.50288 28.6364
1.50862 30.625
1.51435 18.1379
1.52009 25.56
1.52583 21.9333
1.53156 21.0333
1.5373 23.92
1.54304 28.1905
1.54877 24.2
1.55451 21.4483
1.56024 22.6522
1.56598 31.0714
1.57172 23.3226
1.57745 26.7692
1.58319 24.05
1.58892 24.88
1.59466 15.1481
1.6004 23.64
1.60613 21.5556
1.61187 17.0968
1.61761 23.28
1.62334 27.0714
1.62908 18.7273
1.63481 19.4444
1.64055 17.5652
1.64629 25.7727
1.65202 20.9655
1.65776 25.28
1.6635 30.375
1.66923 21.2258
1.67497 22.7857
1.6807 26.95
1.68644 29.9286
1.69218 16
1.69791 27.2
1.70365 22.6364
1.70938 18.7097
1.71512 23.8889
1.72086 16.625
1.72659 22.0303
1.73233 26.5517
1.73807 23.5652
1.7438 23.2692
1.74954 22.4483
1.75527 26.4444
1.76101 23.7895
1.76675 22.8788
1.77248 25.8214
1.77822 24
1.78396 24.2333
1.78969 23.6774
1.79543 23.4815
1.80116 28.9583
1.8069 21.6452
1.81264 24.0345
1.81837 29.6667
1.82411 24.4
1.82984 21.5172
1.83558 18.52
1.84132 22.0769
1.84705 23.5161
1.85279 25.7857
1.85853 25.4348
1.86426 25.4242
1.87 26.8
1.87573 26.5294
1.88147 21.6857
1.88721 23.3939
1.89294 22.6296
1.89868 22.0385
1.90442 24.3333
1.91015 24.2258
1.91589 30.6
1.92162 23.0571
1.92736 30.2903
1.9331 25.92
1.93883 29.7857
1.94457 34.8182
1.9503 31.7333
1.95604 30.2917
1.96178 30.1471
1.96751 26.5938
1.97325 21.85
1.97899 30.3514
1.98472 23.0606
1.99046 22.6207
1.99619 25.4231
2.00193 24.6286
2.00767 21.6129
2.0134 20.2917
2.01914 27.1429
2.02488 25.0303
2.03061 27.36
2.03635 19.7812
2.04208 27.2647
2.04782 26.4062
2.05356 23.5
2.05929 22.6111
2.06503 19.7647
2.07076 24.1364
2.0765 25
2.08224 18.9143
2.08797 17.7586
2.09371 19.9286
2.09945 19.6757
2.10518 26.1212
2.11092 30
2.11665 23.0811
2.12239 25.3429
2.12813 25.3913
2.13386 27.3784
2.1396 24.7778
2.14534 26.8125
2.15107 28.9231
2.15681 20.3421
2.16254 24.6667
2.16828 28.2273
2.17402 29.7692
2.17975 22.5405
2.18549 24.7097
2.19122 26.9333
2.19696 24.2162
2.2027 32.6286
2.20843 30.7917
2.21417 66.4103
2.21991 63.2432
2.22564 38.3182
2.23138 38.025
2.23711 28.3158
2.24285 26.1471
2.24859 28.8214
2.25432 28.5789
2.26006 32.2564
2.2658 24.8636
2.27153 26.3171
2.27727 31.8462
2.283 27.4194
2.28874 34.7188
2.29448 27.4615
2.30021 32.6757
2.30595 30.8846
2.31168 26.2564
2.31742 31.65
2.32316 30.8636
2.32889 32.0952
2.33463 28.05
2.34037 34.3056
2.3461 39.1786
2.35184 32.5952
2.35757 32.973
2.36331 33.6923
2.36905 41.4634
2.37478 32.9512
2.38052 34.9355
2.38626 36.0882
2.39199 32.4884
2.39773 29.2703
2.40346 32.7308
2.4092 32
2.41494 30.225
2.42067 29.5455
2.42641 28.8636
2.43214 31.2381
2.43788 28.2
2.44362 28.8387
2.44935 28.4222
2.45509 30.9231
2.46083 35.4231
2.46656 27.5333
2.4723 28.878
2.47803 30.1379
2.48377 28.225
2.48951 30.186
2.49524 22.8205
2.50098 26.1923
2.50672 28.0435
2.51245 29.8095
2.51819 32.6667
2.52392 32.7174
2.52966 28.6364
2.5354 28
2.54113 32.1429
2.54687 28.3778
2.5526 30.9756
2.55834 35.1538
2.56408 31.4255
2.56981 32.4651
2.57555 29.3103
2.58129 29.9762
2.58702 31.0889
2.59276 30.0541
2.59849 26.6061
2.60423 25.2391
2.60997 24.1591
2.6157 25.2083
2.62144 33.4167
2.62718 30.1957
2.63291 26.6286
2.63865 29.4444
2.64438 30.5319
2.65012 30.8049
2.65586 30.3
2.66159 24.1064
2.66733 28.0222
2.67306 32.68
2.6788 31.2917
2.68454 31.3542
2.69027 32.4359
2.69601 33.1212
2.70175 27.6042
2.70748 25.9111
2.71322 32.0741
2.71895 35.0208
2.72469 30.3958
2.73043 28.8571
2.73616 32.1579
2.7419 33.0204
2.74764 30.7442
2.75337 25.2667
2.75911 29.0408
2.76484 33.8367
2.77058 34.25
2.77632 27.8367
2.78205 33.6
2.78779 33
2.79352 30.5429
2.79926 30.5385
2.805 29.4889
2.81073 32.4444
2.81647 32.6154
2.82221 34.7755
2.82794 29.1351
2.83368 34.7105
2.83941 31.5472
2.84515 32.7805
2.85089 38.25
2.85662 37.8868
2.86236 34.8163
2.8681 33.9167
2.87383 36.1111
2.87957 37.42
2.8853 36.561
2.89104 37.027
2.89678 38.6154
2.90251 31.9556
2.90825 32.5172
2.91398 34.9259
2.91972 35
2.92546 34.9189
2.93119 31.0476
2.93693 32.8113
2.94267 34.3778
2.9484 32.4375
2.95414 37.2075
2.95987 34.7755
2.96561 35.4074
2.97135 36.9464
2.97708 39
2.98282 39.8462
2.98856 34.2564
2.99429 38.5556
3.00003 34.617
3.00576 35.4194
3.0115 36.3818
3.01724 38.2264
3.02297 33.7838
3.02871 37
3.03444 37.7091
3.04018 37.6444
3.04592 35.9706
3.05165 40.4545
3.05739 35.7451
3.06313 37.2069
3.06886 38.6607
3.0746 36.6364
3.08033 39.7045
3.08607 41.7297
3.09181 45.4464
3.09754 42.0816
3.10328 49.2903
3.10902 48.2542
3.11475 52.7358
3.12049 43.1795
3.12622 45.0217
3.13196 44.7818
3.1377 46.0426
3.14343 47.9444
3.14917 43.6379
3.1549 40.9608
3.16064 39.5172
3.16638 41.65
3.17211 44.6364
3.17785 41.6364
3.18359 44.7073
3.18932 43.7414
3.19506 41.102
3.20079 41.4706
3.20653 46.4407
3.21227 43.6604
3.218 44.7805
3.22374 45.8542
3.22948 49.8644
3.23521 51
3.24095 46.9231
3.24668 46.25
3.25242 50.6981
3.25816 43.4412
3.26389 49.2982
3.26963 49.4561
3.27536 44.5217
3.2811 47.7805
3.28684 50.9333
3.29257 51.1224
3.29831 51.5556
3.30405 57.6984
3.30978 59.6364
3.31552 62.5349
3.32125 58.7917
3.32699 66.2982
3.33273 63.8824
3.33846 65.0256
3.3442 65.2903
3.34994 65.5294
3.35567 59.7105
3.36141 61
3.36714 60.1754
3.37288 55.7917
3.37862 57.2326
3.38435 53.0984
3.39009 58.4151
3.39582 62.0278
3.40156 55.4762
3.4073 58.1091
3.41303 58.3617
3.41877 65.4375
3.42451 62.5902
3.43024 60.98
3.43598 61.2439
3.44171 57.381
3.44745 60.9464
3.45319 62.2857
3.45892 62.6364
3.46466 65.4407
3.4704 61.9
3.47613 64.6977
3.48187 65.8254
3.4876 67.3019
3.49334 67.2895
3.49908 63.0299
3.50481 69.4211
3.51055 70.1489
3.51628 70.1373
3.52202 74.5574
3.52776 76.1667
3.53349 84.3415
3.53923 97.7538
3.54497 120.333
3.5507 129.75
3.55644 117.873
3.56217 104.373
3.56791 89.5962
3.57365 78.6304
3.57938 82.1077
3.58512 77.9273
3.59086 78.1842
3.59659 80.2687
3.60233 77.0339
3.60806 80.1176
3.6138 78.7755
3.61954 82.4762
3.62527 88.25
3.63101 88.2195
3.63674 95.9403
3.64248 109.5
3.64822 116.042
3.65395 122.474
3.65969 127.393
3.66543 119.481
3.67116 116.783
3.6769 114.429
3.68263 116.164
3.68837 114.474
3.69411 109.493
3.69984 109.814
3.70558 110.296
3.71132 112.51
3.71705 110.185
3.72279 118.25
3.72852 115.419
3.73426 120.791
3.74 124.968
3.74573 124.78
3.75147 119.836
3.7572 125.556
3.76294 137.915
3.76868 136.977
3.77441 140.343
3.78015 153.508
3.78589 153.766
3.79162 155.312
3.79736 169.266
3.80309 175.786
3.80883 186.216
3.81457 197.738
3.8203 219.017
3.82604 239.07
3.83178 266.014
3.83751 325.145
3.84325 389.107
3.84898 585.981
3.85472 1021.33
3.86046 991.18
3.86619 825.717
3.87193 1094.49
3.87766 1462.02
3.8834 1897.33
3.88914 2410.73
3.89487 2933.64
3.90061 2642.32
3.90635 2142.24
3.91208 1554.78
3.91782 1072.53
3.92355 799.659
3.92929 621.775
3.93503 491.984
3.94076 396
3.9465 343.815
3.95224 306.493
3.95797 278.841
3.96371 242.087
3.96944 228.197
3.97518 220.016
3.98092 194.393
3.98665 188.328
3.99239 184.412
3.99812 175.371
4.00386 174.429
4.0096 166.174
4.01533 163.484
4.02107 156.76
4.02681 151.773
4.03254 155.455
4.03828 151.75
4.04401 152.673
4.04975 147.718
4.05549 142.385
4.06122 135.913
4.06696 137
4.0727 134.014
4.07843 132.05
4.08417 122.411
4.0899 127.603
4.09564 125.016
4.10138 123.6
4.10711 123.528
4.11285 123.409
4.11858 124.696
4.12432 119.355
4.13006 126.074
4.13579 125.873
4.14153 125.038
4.14727 123
4.153 124.478
4.15874 122.386
4.16447 119.37
4.17021 117.139
4.17595 119.839
4.18168 123.804
4.18742 121.643
4.19316 124.682
4.19889 120.4
4.20463 119.784
4.21036 125.338
4.2161 120.3
4.22184 114.707
4.22757 118.944
4.23331 119.746
4.23904 116.38
4.24478 117.707
4.25052 122.014
4.25625 118.982
4.26199 117.719
4.26773 116.431
4.27346 120.318
4.2792 120.161
4.28493 121.153
4.29067 126.957
4.29641 122.5
4.30214 124.763
4.30788 128.829
4.31362 125.984
4.31935 124.643
4.32509 129.635
4.33082 135.029
4.33656 133.6
4.3423 134.2
4.34803 138.716
4.35377 139.194
4.3595 143.117
4.36524 150.959
4.37098 155.814
4.37671 159.148
4.38245 158.878
4.38819 167.611
4.39392 170.351
4.39966 170.638
4.40539 186.611
4.41113 207.412
4.41687 217.463
4.4226 243.416
4.42834 376.63
4.43408 575.042
4.43981 1205.53
4.44555 3488.36
4.45128 1638.85
4.45702 3251.19
4.46276 893.053
4.46849 488.389
4.47423 467.278
4.47996 499.289
4.4857 523.257
4.49144 556.231
4.49717 591.714
4.50291 598.724
4.50865 587.743
4.51438 526.654
4.52012 457.405
4.52585 379.107
4.53159 317.14
4.53733 270.62
4.54306 233.663
4.5488 212.493
4.55454 191.088
4.56027 174.175
4.56601 161.324
4.57174 151.808
4.57748 146.359
4.58322 136.244
4.58895 134.388
4.59469 121.475
4.60042 117.256
4.60616 119.307
4.6119 111.72
4.61763 106.265
4.62337 111.064
4.62911 110.889
4.63484 109.569
4.64058 101.902
4.64631 102.694
4.65205 92.25
4.65779 95.3375
4.66352 91.0769
4.66926 96.2951
4.675 91.2817
4.68073 95.7949
4.68647 91.4658
4.6922 90.193
4.69794 88.175
4.70368 91
4.70941 93.24
4.71515 90.9059
4.72088 89.2
4.72662 92.8116
4.73236 93.5714
4.73809 92.1951
4.74383 93.1923
4.74957 96.7115
4.7553 93.4524
4.76104 88.25
4.76677 88.791
4.77251 84.6769
4.77825 84.7439
4.78398 81.7733
4.78972 78.3091
4.79546 79.0588
4.80119 77.076
4.80693 73.4462
4.81266 72.6056
4.8184 76.4881
4.82414 74.4658
4.82987 70.4754
4.83561 75.7381
4.84134 77.4125
4.84708 76.7924
4.85282 76.3176
4.85855 75.0488
4.86429 73.1831
4.87003 69.6885
4.87576 70.1163
4.8815 72.1282
4.88723 71.537
4.89297 68.6471
4.89871 70.0357
4.90444 71.0282
4.91018 74.1642
4.91592 68.5714
4.92165 69.3924
4.92739 67.5439
4.93312 66.1512
4.93886 69.8571
4.9446 69.6418
4.95033 66.3099
4.95607 67.686
4.9618 71.7662
4.96754 67.4237
4.97328 68.7558
4.97901 66.1205
4.98475 67.6885
4.99049 69.7308
4.99622 64.4318
5.00196 65.2603
5.00769 70.7936
5.01343 68.3295
5.01917 65.7831
5.0249 66.434
5.03064 64.9222
5.03638 62.1744
5.04211 66.64
5.04785 64.2769
5.05358 66.1977
5.05932 67.4074
5.06506 64.8421
5.07079 65.3864
5.07653 65.0115
5.08226 63.831
5.088 63.0563
5.09374 63.6889
5.09947 66.5584
5.10521 66.7619
5.11095 67.7333
5.11668 67.2118
5.12242 61.6818
5.12815 64.8442
5.13389 64.8889
5.13963 66.2078
5.14536 64.6885
5.1511 66.1522
5.15684 66.6988
5.16257 64.3064
5.16831 63.0952
5.17404 65.5618
5.17978 61.4744
5.18552 64.7761
5.19125 64.2
5.19699 61.747
5.20272 58.8644
5.20846 60.7283
5.2142 62.1011
5.21993 60.8947
5.22567 65.1014
5.23141 64.7609
5.23714 64.2963
5.24288 67.5574
5.24861 66.1196
5.25435 64.1798
5.26009 65.2429
5.26582 64.2237
5.27156 61.044
5.2773 62.45
5.28303 63.0308
5.28877 62.1702
5.2945 62.0115
5.30024 63.1528
5.30598 70.2279
5.31171 64.4045
5.31745 65.1707
5.32318 67.5385
5.32892 63.0851
5.33466 65.2414
5.34039 65.6515
5.34613 62.8471
5.35187 63.7692
5.3576 61.3704
5.36334 69.0597
5.36907 63.6458
5.37481 68.1647
5.38055 69.1639
5.38628 72.3333
5.39202 75.3956
5.39776 79.3375
5.40349 74.9014
5.40923 70.25
5.41496 68.7654
5.4207 63.1111
5.42644 62.5918
5.43217 65.1798
5.43791 65.9103
5.44364 62.3973
5.44938 66.1856
5.45512 67.561
5.46085 64.5522
5.46659 67.1939
5.47233 62.4045
5.47806 59.6316
5.4838 59.284
5.48953 63.4516
5.49527 63.2381
5.50101 59.0597
5.50674 63.7857
5.51248 61.7416
5.51822 64.473
5.52395 66.5783
5.52969 60.5376
5.53542 64.9405
5.54116 61.2941
5.5469 64.6869
5.55263 66.9889
5.55837 64.8333
5.5641 62.9213
5.56984 65.3011
5.57558 68.3214
5.58131 65.3151
5.58705 65.7778
5.59279 66.3295
5.59852 67.254
5.60426 63.56
5.60999 64.9893
5.61573 66.6585
5.62147 63.2933
5.6272 62.9691
5.63294 63.0581
5.63868 64.9254
5.64441 64.0392
5.65015 65.2043
5.65588 65.75
5.66162 67.4545
5.66736 66.202
5.67309 69.5349
5.67883 68.6087
5.68456 67.9109
5.6903 66.6333
5.69604 69.7805
5.70177 69.6145
5.70751 68.979
5.71325 67.9432
5.71898 66.9577
5.72472 66.7576
5.73045 69.129
5.73619 68.425
5.74193 71.9551
5.74766 69.2947
5.7534 70.8068
5.75914 72.7183
5.76487 75.7426
5.77061 74.9681
5.77634 73.9487
5.78208 74.7191
5.78782 74.0515
5.79355 73.7907
5.79929 76.12
5.80502 75.604
5.81076 74.3696
5.8165 76.7432
5.82223 73.7812
5.82797 75.9694
5.83371 75.2326
5.83944 77.5063
5.84518 76.2222
5.85091 72.0208
5.85665 73.5077
5.86239 74.8857
5.86812 77.0204
5.87386 75.5116
5.8796 73.6329
5.88533 74.703
5.89107 75.4348
5.8968 77.4348
5.90254 76.2857
5.90828 74.2755
5.91401 79.4884
5.91975 81.2289
5.92548 81.6667
5.93122 80.9255
5.93696 79.5616
5.94269 77.4476
5.94843 79.0104
5.95417 81.1136
5.9599 79.4353
5.96564 76.2525
5.97137 82.734
5.97711 84.0548
5.98285 84.9612
5.98858 79.2143
5.99432 85.0714
6.00006 90.0674
6.00579 87.5859
6.01153 92.1489
6.01726 89.0133
6.023 90.9048
6.02874 89.4375
6.03447 90.0568
6.04021 89.8889
6.04594 87.2857
6.05168 89.7083
6.05742 87.6234
6.06315 91.581
6.06889 92.5104
6.07463 93.381
6.08036 94.2979
6.0861 93.0714
6.09183 91.9167
6.09757 98.6026
6.10331 99.2547
6.10904 98.7604
6.11478 99.4186
6.12052 96.4688
6.12625 97.65
6.13199 99.2447
6.13772 105.012
6.14346 101.127
6.1492 100.31
6.15493 108.863
6.16067 110.255
6.1664 108.051
6.17214 109.351
6.17788 116.036
6.18361 111.245
6.18935 115.586
6.19509 123.267
6.20082 121.321
6.20656 120.676
6.21229 132.521
6.21803 140.244
6.22377 135.547
6.2295 138.82
6.23524 158.707
6.24098 142.954
6.24671 150.941
6.25245 168.053
6.25818 177.047
6.26392 174.01
6.26966 242.402
6.27539 541.453
6.28113 260.44
6.28686 2050.77
6.2926 6551.85
6.29834 1303.94
6.30407 3246.65
6.30981 1814.39
6.31555 1690.99
6.32128 579.648
6.32702 385.413
6.33275 367.76
6.33849 336.705
6.34423 323.442
6.34996 333.373
6.3557 358.295
6.36144 382.148
6.36717 440.212
6.37291 494.232
6.37864 505.556
6.38438 459.396
6.39012 409.902
6.39585 356.3
6.40159 309.213
6.40732 263.222
6.41306 226.468
6.4188 203.848
6.42453 188.009
6.43027 175.559
6.43601 173.707
6.44174 159.981
6.44748 157.481
6.45321 147.904
6.45895 150.924
6.46469 150.752
6.47042 149.35
6.47616 139.964
6.4819 136.436
6.48763 129.463
6.49337 132.882
6.4991 128.358
6.50484 122.12
6.51058 124.343
6.51631 120.583
6.52205 117.927
6.52778 116.787
6.53352 118.076
6.53926 119.312
6.54499 117.843
6.55073 117.196
6.55647 120.94
6.5622 116.77
6.56794 114.167
6.57367 119.226
6.57941 116.747
6.58515 115.464
6.59088 113.971
6.59662 109.345
6.60236 109.43
6.60809 113.604
6.61383 112.978
6.61956 110.66
6.6253 108.67
6.63104 111.01
6.63677 108.221
6.64251 110.5
6.64824 108.299
6.65398 110.78
6.65972 110.569
6.66545 111.839
6.67119 110.288
6.67693 106.57
6.68266 113.897
6.6884 112.111
6.69413 114.758
6.69987 113.369
6.70561 108.598
6.71134 110.606
6.71708 110.75
6.72282 111.693
6.72855 109.259
6.73429 111.798
6.74002 107.245
6.74576 105.33
6.7515 107.369
6.75723 109.618
6.76297 106.44
6.7687 106.054
6.77444 109.135
6.78018 106.162
6.78591 105.733
6.79165 106.252
6.79739 108.506
6.80312 105.904
6.80886 109.92
6.81459 110.066
6.82033 102.867
6.82607 103.483
6.8318 108.438
6.83754 107.761
6.84328 107.376
6.84901 108.143
6.85475 109.846
6.86048 110.358
6.86622 109.345
6.87196 109.196
6.87769 106.805
6.88343 109.576
6.88916 107.018
6.8949 108.793
6.90064 106.681
6.90637 112.07
6.91211 114.009
6.91785 109.425
6.92358 109.76
6.92932 112.257
6.93505 112.596
6.94079 111.115
6.94653 109.974
6.95226 110.682
6.958 109.923
6.96374 112.517
6.96947 108.149
6.97521 111.813
6.98094 108.423
6.98668 112.353
6.99242 115.752
6.99815 112.966
7.00389 113.575
7.00962 113.509
7.01536 112.967
7.0211 111.882
7.02683 110.628
7.03257 116.421
7.03831 110.849
7.04404 114.639
7.04978 113.426
7.05551 117.128
7.06125 112.009
7.06699 116.32
7.07272 121.991
7.07846 113.899
7.0842 114.648
7.08993 117.302
7.09567 122.183
7.1014 120.292
7.10714 120.706
7.11288 123.394
7.11861 125.5
7.12435 122.815
7.13008 124.043
7.13582 128.375
7.14156 124.946
7.14729 126.4
7.15303 126.009
7.15877 122.247
7.1645 126.944
7.17024 125.849
7.17597 127.112
7.18171 126.804
7.18745 129.779
7.19318 130.64
7.19892 128.489
7.20466 131.354
7.21039 130.41
7.21613 133.677
7.22186 133.422
7.2276 135.706
7.23334 139.063
7.23907 135.89
7.24481 138.46
7.25054 137.378
7.25628 141.41
7.26202 138.477
7.26775 141.779
7.27349 144.964
7.27923 141.839
7.28496 147.677
7.2907 147.983
7.29643 150.34
7.30217 146.111
7.30791 151.065
7.31364 163.821
7.31938 155.157
7.32512 164.185
7.33085 164.818
7.33659 174.635
7.34232 166.41
7.34806 178.308
7.3538 194.081
7.35953 178.806
7.36527 210.828
7.371 289.661
7.37674 794.538
7.38248 347.664
7.38821 2917.05
7.39395 2149.83
7.39969 1718.3
7.40542 2054.93
7.41116 921.463
7.41689 618.962
7.42263 412.206
7.42837 337.436
7.4341 331.185
7.43984 318.876
7.44558 323.515
7.45131 345.24
7.45705 383.845
7.46278 406.388
7.46852 461.592
7.47426 523.864
7.47999 544.611
7.48573 536.344
7.49146 480.392
7.4972 422.391
7.50294 368.411
7.50867 315.875
7.51441 273.227
7.52015 248.802
7.52588 222.432
7.53162 202.76
7.53735 191.92
7.54309 180.262
7.54883 171.856
7.55456 162.412
7.5603 160.544
7.56604 155.119
7.57177 145.28
7.57751 143.522
7.58324 139.422
7.58898 138.641
7.59472 138.434
7.60045 134.33
7.60619 131.585
7.61192 131.93
7.61766 130.052
7.6234 129.436
7.62913 128.492
7.63487 131.579
7.64061 126.235
7.64634 124.301
7.65208 126.101
7.65781 126.454
7.66355 125.847
7.66929 125.664
7.67502 126.508
7.68076 127.557
7.6865 128.025
7.69223 130.359
7.69797 133.975
7.7037 128.495
7.70944 147.254
7.71518 220.252
7.72091 301.045
7.72665 610.65
7.73238 1152.82
7.73812 334.221
7.74386 170.224
7.74959 203.978
7.75533 179.595
7.76107 162.099
7.7668 163.544
7.77254 170.962
7.77827 178.5
7.78401 193.667
7.78975 209.852
7.79548 236.125
7.80122 262.043
7.80696 276.973
7.81269 292.015
7.81843 275.202
7.82416 252.611
7.8299 225.693
7.83564 189.812
7.84137 175.581
7.84711 158.736
7.85284 141.26
7.85858 136.795
7.86432 129.433
7.87005 123.935
7.87579 117.5
7.88153 118.336
7.88726 109.551
7.893 109.785
7.89873 109.812
7.90447 107.176
7.91021 108.421
7.91594 100.977
7.92168 105.708
7.92742 103.547
7.93315 105.861
7.93889 98.2362
7.94462 98.5221
7.95036 96.9752
7.9561 96.2273
7.96183 96.2143
7.96757 96.8
7.9733 96.146
7.97904 95.9692
7.98478 93.2232
7.99051 93.864
7.99625 95.391
8.00199 96.6532
8.00772 93.7723
8.01346 93.3309
8.01919 93.3609
8.02493 94.1008
8.03067 93.3363
8.0364 91.4412
8.04214 90.2362
8.04788 90.4369
8.05361 90.0288
8.05935 89.6324
8.06508 89.1441
8.07082 93.4103
8.07656 86.9197
8.08229 87.3906
8.08803 90.8283
8.09376 83.9161
8.0995 80.0682
8.10524 77.3659
8.11097 67.9911
8.11671 59.3986
8.12245 58.2946
8.12818 54.5676
8.13392 52.9015
8.13965 47.2628
8.14539 48.3145
8.15113 41.3604
8.15686 20.562
8.1626 24.3086
8.16834 20.1864
8.17407 18.7368
8.17981 2.05263
8.18554 0
8.19128 0
8.19702 0
8.20275 0
8.20849 0
8.21422 0
8.21996 0
8.2257 0
8.23143 0
8.23717 0
8.24291 0
8.24864 0
8.25438 0
8.26011 0
8.26585 0
8.27159 0
8.27732 0
8.28306 0
8.2888 0
8.29453 0
8.30027 0
8.306 0
8.31174 0
8.31748 0
8.32321 0
8.32895 0
8.33468 0
8.34042 0
8.34616 0
8.35189 0
8.35763 0
8.36337 0
8.3691 0
8.37484 0
8.38057 0
8.38631 0
8.39205 0
8.39778 0
8.40352 0
8.40926 0
8.41499 0
8.42073 0
8.42646 0
8.4322 0
8.43794 0
8.44367 0
8.44941 0
8.45514 0
8.46088 0
8.46662 0
8.47235 0
8.47809 0
8.48383 0
8.48956 0
8.4953 0
8.50103 0
8.50677 0
8.51251 0
8.51824 0
8.52398 0
8.52972 0
8.53545 0
8.54119 0
8.54692 0
8.55266 0
8.5584 0
8.56413 0
8.56987 0
8.5756 0
8.58134 0
8.58708 0
8.59281 0
8.59855 0
8.60429 0
8.61002 0
8.61576 0
8.62149 0
8.62723 0
8.63297 0
8.6387 0
8.64444 0
8.65018 0
8.65591 0
8.66165 0
8.66738 0
8.67312 0
8.67886 0
8.68459 0
8.69033 0
8.69606 0
8.7018 0
8.70754 0
8.71327 0
8.71901 0
8.72475 0
8.73048 0
8.73622 0
8.74195 0
8.74769 0
8.75343 0
8.75916 0
8.7649 0
8.77064 0
8.77637 0
8.78211 0
8.78784 0
8.79358 0
8.79932 0
8.80505 0
8.81079 0
8.81652 0
8.82226 0
8.828 0
8.83373 0
8.83947 0
8.84521 0
8.85094 0
8.85668 0
8.86241 0
8.86815 0
8.87389 0
8.87962 0
8.88536 0
8.8911 0
8.89683 0
8.90257 0
8.9083 0
8.91404 0
8.91978 0
8.92551 0
8.93125 0
8.93698 0
8.94272 0
8.94846 0
8.95419 0
8.95993 0
8.96567 0
8.9714 0
8.97714 0
8.98287 0
8.98861 0
8.99435 0
9.00008 0
9.00582 0
9.01156 0
9.01729 0
9.02303 0
9.02876 0
9.0345 0
9.04024 0
9.04597 0
9.05171 0
9.05744 0
9.06318 0
9.06892 0
9.07465 0
9.08039 0
9.08613 0
9.09186 0
9.0976 0
9.10333 0
9.10907 0
9.11481 0
9.12054 0
9.12628 0
9.13202 0
9.13775 0
9.14349 0
9.14922 0
9.15496 0
9.1607 0
9.16643 0
9.17217 0
9.1779 0
9.18364 0
9.18938 0
9.19511 0
9.20085 0
9.20659 0
9.21232 0
9.21806 0
9.22379 0
9.22953 0
9.23527 0
9.241 0
9.24674 0
9.25248 0
9.25821 0
9.26395 0
9.26968 0
9.27542 0
9.28116 0
9.28689 0
9.29263 0
9.29836 0
9.3041 0
9.30984 0
9.31557 0
9.32131 0
9.32705 0
9.33278 0
9.33852 0
9.34425 0
9.34999 0
9.35573 0
9.36146 0
9.3672 0
9.37294 0
9.37867 0
9.38441 0
9.39014 0
9.39588 0
9.40162 0
9.40735 0
9.41309 0
9.41882 0
9.42456 0
9.4303 0
9.43603 0
9.44177 0
9.44751 0
9.45324 0
9.45898 0
9.46471 0
9.47045 0
9.47619 0
9.48192 0
9.48766 0
9.4934 0
9.49913 0
9.50487 0
9.5106 0
9.51634 0
9.52208 0
9.52781 0
9.53355 0
9.53928 0
9.54502 0
9.55076 0
9.55649 0
9.56223 0
9.56797 0
9.5737 0
9.57944 0
9.58517 0
9.59091 0
9.59665 0
9.60238 0
9.60812 0
9.61386 0
9.61959 0
9.62533 0
9.63106 0
9.6368 0
9.64254 0
9.64827 0
9.65401 0
9.65974 0
9.66548 0
9.67122 0
9.67695 0
9.68269 0
9.68843 0
9.69416 0
9.6999 0
9.70563 0
9.71137 0
9.71711 0
9.72284 0
9.72858 0
9.73432 0
9.74005 0
9.74579 0
9.75152 0
9.75726 0
9.763 0
9.76873 0
9.77447 0
9.7802 0
9.78594 0
9.79168 0
9.79741 0
9.80315 0
9.80889 0
9.81462 0
9.82036 0
9.82609 0
9.83183 0
9.83757 0
9.8433 0
9.84904 0
9.85478 0
9.86051 0
9.86625 0
9.87198 0
9.87772 0
9.88346 0
9.88919 0
9.89493 0
9.90066 0
9.9064 0
9.91214 0
9.91787 0
9.92361 0
9.92935 0
9.93508 0
9.94082 0
9.94655 0
9.95229 0
9.95803 0
9.96376 0
9.9695 0
9.97524 0
9.98097 0
9.98671 0
9.99244 0
9.99818 0
10.0039 0
10.0097 0
10.0154 0
10.0211 0
10.0269 0
10.0326 0
10.0383 0
10.0441 0
10.0498 0
10.0555 0
10.0613 0
10.067 0
10.0728 0
10.0785 0
10.0842 0
10.09 0
10.0957 0
10.1014 0
10.1072 0
10.1129 0
10.1186 0
10.1244 0
10.1301 0
10.1358 0
10.1416 0
10.1473 0
10.1531 0
10.1588 0
10.1645 0
10.1703 0
10.176 0
10.1817 0
10.1875 0
10.1932 0
10.1989 0
10.2047 0
10.2104 0
10.2162 0
10.2219 0
10.2276 0
10.2334 0
10.2391 0
10.2448 0
10.2506 0
10.2563 0
10.262 0
10.2678 0
10.2735 0
10.2793 0
10.285 0
10.2907 0
10.2965 0
10.3022 0
10.3079 0
10.3137 0
10.3194 0
10.3251 0
10.3309 0
10.3366 0
10.3424 0
10.3481 0
10.3538 0
10.3596 0
10.3653 0
10.371 0
10.3768 0
10.3825 0
10.3882 0
10.394 0
10.3997 0
10.4054 0
10.4112 0
10.4169 0
10.4227 0
10.4284 0
10.4341 0
10.4399 0
10.4456 0
10.4513 0
10.4571 0
10.4628 0
10.4685 0
10.4743 0
10.48 0
10.4858 0
10.4915 0
10.4972 0
10.503 0
10.5087 0
10.5144 0
10.5202 0
10.5259 0
10.5316 0
10.5374 0
10.5431 0
10.5489 0
10.5546 0
10.5603 0
10.5661 0
10.5718 0
10.5775 0
10.5833 0
10.589 0
10.5947 0
10.6005 0
10.6062 0
10.612 0
10.6177 0
10.6234 0
10.6292 0
10.6349 0
10.6406 0
10.6464 0
10.6521 0
10.6578 0
10.6636 0
10.6693 0
10.6751 0
10.6808 0
10.6865 0
10.6923 0
10.698 0
10.7037 0
10.7095 0
10.7152 0
10.7209 0
10.7267 0
10.7324 0
10.7381 0
10.7439 0
10.7496 0
10.7554 0
10.7611 0
10.7668 0
10.7726 0
10.7783 0
10.784 0
10.7898 0
10.7955 0
10.8012 0
10.807 0
10.8127 0
10.8185 0
10.8242 0
10.8299 0
10.8357 0
10.8414 0
10.8471 0
10.8529 0
10.8586 0
10.8643 0
10.8701 0
10.8758 0
10.8816 0
10.8873 0
10.893 0
10.8988 0
10.9045 0
10.9102 0
10.916 0
10.9217 0
10.9274 0
10.9332 0
10.9389 0
10.9447 0
10.9504 0
10.9561 0
10.9619 0
10.9676 0
10.9733 0
10.9791 0
10.9848 0
10.9905 0
10.9963 0
11.002 0
11.0077 0
11.0135 0
11.0192 0
11.025 0
11.0307 0
11.0364 0
11.0422 0
11.0479 0
11.0536 0
11.0594 0
11.0651 0
11.0708 0
11.0766 0
11.0823 0
11.0881 0
11.0938 0
11.0995 0
11.1053 0
11.111 0
11.1167 0
11.1225 0
11.1282 0
11.1339 0
11.1397 0
11.1454 0
11.1512 0
11.1569 0
11.1626 0
11.1684 0
11.1741 0
11.1798 0
11.1856 0
11.1913 0
11.197 0
11.2028 0
11.2085 0
11.2143 0
11.22 0
11.2257 0
11.2315 0
11.2372 0
11.2429 0
11.2487 0
11.2544 0
11.2601 0
11.2659 0
11.2716 0
11.2774 0
11.2831 0
11.2888 0
11.2946 0
11.3003 0
11.306 0
11.3118 0
11.3175 0
11.3232 0
11.329 0
11.3347 0
11.3404 0
11.3462 0
11.3519 0
11.3577 0
11.3634 0
11.3691 0
11.3749 0
11.3806 0
11.3863 0
11.3921 0
11.3978 0
11.4035 0
11.4093 0
11.415 0
11.4208 0
11.4265 0
11.4322 0
11.438 0
11.4437 0
11.4494 0
11.4552 0
11.4609 0
11.4666 0
11.4724 0
11.4781 0
11.4839 0
11.4896 0
11.4953 0
11.5011 0
11.5068 0
11.5125 0
11.5183 0
11.524 0
11.5297 0
11.5355 0
11.5412 0
11.547 0
11.5527 0
11.5584 0
11.5642 0
11.5699 0
11.5756 0
11.5814 0
11.5871 0
11.5928 0
11.5986 0
11.6043 0
11.61 0
11.6158 0
11.6215 0
11.6273 0
11.633 0
11.6387 0
11.6445 0
11.6502 0
11.6559 0
11.6617 0
11.6674 0
11.6731 0
11.6789 0
11.6846 0
11.6904 0
11.6961 0
11.7018 0
11.7076 0
11.7133 0
11.719 0
11.7248 0
11.7305 0
11.7362 0
11.742 0
