0 0
0.00573619 -28
0.0114724 18
0.0172086 0
0.0229448 -1
0.028681 18
0.0344171 0
0.0401533 14
0.0458895 4
0.0516257 9
0.0573619 0
0.0630981 -16
0.0688343 -7
0.0745705 0
0.0803067 1
0.0860429 5
0.091779 0
0.0975152 0
0.103251 -3.33333
0.108988 1.33333
0.114724 0
0.12046 -17.6667
0.126196 -5.66667
0.131932 0
0.137669 6.66667
0.143405 4
0.149141 10
0.154877 12
0.160613 0.666667
0.16635 11
0.172086 0
0.177822 -4.33333
0.183558 4.75
0.189294 0
0.19503 -10
0.200767 -3.2
0.206503 -10.6667
0.212239 4.5
0.217975 -10
0.223711 -11
0.229448 0
0.235184 -15.4
0.24092 8
0.246656 0
0.252392 -9.6
0.258129 -10.8
0.263865 6.4
0.269601 0
0.275337 -7.2
0.281073 -6.42857
0.28681 0
0.292546 8.28571
0.298282 1.14286
0.304018 16.3333
0.309754 9.5
0.31549 2.85714
0.321227 0
0.326963 0
0.332699 -2.42857
0.338435 -2.28571
0.344171 0
0.349908 7.28571
0.355644 -6.28571
0.36138 11.8
0.367116 -4
0.372852 -0.25
0.378589 8.71429
0.384325 -10.5
0.390061 7
0.395797 0.666667
0.401533 0
0.40727 14.2222
0.413006 3.77778
0.418742 7.14286
0.424478 9.5
0.430214 1.33333
0.43595 9
0.441687 0
0.447423 0.555556
0.453159 11.3333
0.458895 8
0.464631 7.28571
0.470368 14.1818
0.476104 4.22222
0.48184 -15.5
0.487576 7.72727
0.493312 6.18182
0.499049 0
0.504785 10.1818
0.510521 16.3636
0.516257 10
0.521993 28.3333
0.52773 20
0.533466 21.2222
0.539202 24
0.544938 21
0.550674 12.9091
0.55641 0
0.562147 20.5
0.567883 5.84615
0.573619 24.2857
0.579355 18.5
0.585091 19.9231
0.590828 12.5455
0.596564 14.5
0.6023 11.9231
0.608036 10.5385
0.613772 20
0.619509 4.75
0.625245 12.0769
0.630981 9.22222
0.636717 7.25
0.642453 16.3846
0.64819 15.2308
0.653926 34
0.659662 15.1333
0.665398 16.8
0.671134 27.1429
0.67687 18.125
0.682607 14.0667
0.688343 12.9091
0.694079 14.5
0.699815 17.8
0.705551 13.2667
0.711288 51
0.717024 22.7857
0.72276 17.5333
0.728496 17
0.734232 15.1667
0.739969 19.5625
0.745705 16.3077
0.751441 16.6667
0.757177 15.7647
0.762913 22.2353
0.76865 31.8
0.774386 18.0833
0.780122 16.8235
0.785858 16.3636
0.791594 13.5
0.79733 14.2941
0.803067 25.8667
0.808803 7
0.814539 20.6471
0.820275 17.5294
0.826011 28.1111
0.831748 15.25
0.837484 15.3333
0.84322 28.3846
0.848956 23.1667
0.854692 17.9474
0.860429 21.1176
0.866165 28.6
0.871901 18.875
0.877637 18.3684
0.883373 22.9091
0.88911 21.5
0.894846 15.7368
0.900582 20.9333
0.906318 9.75
0.912054 22.3158
0.91779 15.8824
0.923527 25.4444
0.929263 30.7692
0.934999 23.3
0.940735 25.7692
0.946471 18.125
0.952208 22.8095
0.957944 15.7647
0.96368 21.75
0.969416 17.4762
0.975152 20.1579
0.980889 8.81818
0.986625 14.5
0.992361 16.1905
0.998097 22.9333
1.00383 15.6667
1.00957 16.3333
1.01531 16.5882
1.02104 18.3
1.02678 18.2353
1.03251 20.4762
1.03825 21.9231
1.04399 13.25
1.04972 17.9565
1.05546 18.4706
1.0612 25.8333
1.06693 16.1304
1.07267 15.6842
1.0784 19
1.08414 18.3571
1.08988 23
1.09561 20.4
1.10135 17.875
1.10708 18.6957
1.11282 23.7059
1.11856 21.1429
1.12429 15.0833
1.13003 17.381
1.13577 17.4667
1.1415 13.5714
1.14724 14.48
1.15297 23.3333
1.15871 25.4
1.16445 8
1.17018 20.9474
1.17592 16.9231
1.18166 16.3333
1.18739 14.6087
1.19313 8.73333
1.19886 13.5
1.2046 13.36
1.21034 21.8889
1.21607 12.4444
1.22181 20.8889
1.22754 17.9524
1.23328 23.9412
1.23902 18.4375
1.24475 22.08
1.25049 20
1.25623 20.6667
1.26196 15.5556
1.2677 16.4737
1.27343 20.1538
1.27917 19.9545
1.28491 19.6087
1.29064 11.2353
1.29638 20.4667
1.30212 15.1111
1.30785 20.6667
1.31359 14.6364
1.31932 14.931
1.32506 16.9524
1.3308 16.9412
1.33653 25.35
1.34227 20.16
1.348 13.3684
1.35374 18.1429
1.35948 19.1111
1.36521 17.5238
1.37095 25.9
1.37669 16.8276
1.38242 18.3043
1.38816 16.6471
1.39389 15
1.39963 19.1111
1.40537 20.55
1.4111 13.9286
1.41684 22.7241
1.42258 14.8261
1.42831 19.9412
1.43405 18.125
1.43978 17.08
1.44552 22.0476
1.45126 18.5625
1.45699 18.931
1.46273 24.4286
1.46846 25.3333
1.4742 19.2581
1.47994 18.0435
1.48567 11.65
1.49141 15.7143
1.49715 21.4444
1.50288 19.6818
1.50862 11.5625
1.51435 20.7241
1.52009 15.72
1.52583 24.7333
1.53156 12.1333
1.5373 20.92
1.54304 16.6667
1.54877 20.6
1.55451 12.5172
1.56024 14.7391
1.56598 23.2857
1.57172 19.0323
1.57745 18.4231
1.58319 13.55
1.58892 22.52
1.59466 11.4815
1.6004 19.12
1.60613 13.7778
1.61187 15.2581
1.61761 19.16
1.62334 16.0714
1.62908 20.8788
1.63481 21
1.64055 18.5217
1.64629 19.1818
1.65202 16.931
1.65776 16.36
1.6635 15.6875
1.66923 14.1613
1.67497 20
1.6807 11.65
1.68644 13.1429
1.69218 19.7143
1.69791 17.4
1.70365 22.5455
1.70938 17.6129
1.71512 13.037
1.72086 10.125
1.72659 12.8485
1.73233 15.9655
1.73807 18.0435
1.7438 14.7308
1.74954 21.1724
1.75527 12.8519
1.76101 23.6316
1.76675 21.3333
1.77248 13.4286
1.77822 9.55
1.78396 18.7333
1.78969 20.1613
1.79543 23.8148
1.80116 15.8333
1.8069 17.2258
1.81264 14.2069
1.81837 17.3889
1.82411 20.8571
1.82984 19.6552
1.83558 28.12
1.84132 23.5769
1.84705 18.5161
1.85279 11.7143
1.85853 13.4783
1.86426 21.3636
1.87 18
1.87573 9.11765
1.88147 21.2286
1.88721 12.3636
1.89294 18.4444
1.89868 14.1154
1.90442 16.2424
1.91015 18.5806
1.91589 15.8
1.92162 22.8571
1.92736 20.2581
1.9331 22.48
1.93883 18.6786
1.94457 21.4848
1.9503 21.9667
1.95604 23.2083
1.96178 15.2353
1.96751 18.9062
1.97325 12.85
1.97899 16.2973
1.98472 16.4242
1.99046 18.4138
1.99619 17
2.00193 19.4286
2.00767 16.4839
2.0134 23.4167
2.01914 21.8286
2.02488 13.1212
2.03061 14.24
2.03635 16.875
2.04208 12.7353
2.04782 18.6875
2.05356 20.4167
2.05929 21.7778
2.06503 22.1765
2.07076 14
2.0765 14.1622
2.08224 16.1429
2.08797 23.8621
2.09371 17.5
2.09945 14.1622
2.10518 21.6364
2.11092 20.7083
2.11665 22.9459
2.12239 27.5714
2.12813 23.913
2.13386 20.0541
2.1396 18.8333
2.14534 20.5625
2.15107 18.8462
2.15681 16.1842
2.16254 21.1111
2.16828 14.2273
2.17402 18.0769
2.17975 18.0541
2.18549 25.0968
2.19122 17.3
2.19696 20.2973
2.2027 26.0571
2.20843 20.2083
2.21417 47.6154
2.21991 36.0811
2.22564 23.4091
2.23138 19.075
2.23711 21.3684
2.24285 22.1471
2.24859 9.53571
2.25432 20.5263
2.26006 13.1538
2.2658 11.4545
2.27153 20.0976
2.27727 20.2308
2.283 25
2.28874 20.6875
2.29448 15.4872
2.30021 18
2.30595 19.0385
2.31168 22.4359
2.31742 21.925
2.32316 18.5909
2.32889 13.4286
2.33463 21.475
2.34037 13.0278
2.3461 21.7857
2.35184 26.4762
2.35757 20.1351
2.36331 9.61539
2.36905 31.122
2.37478 20.561
2.38052 24.129
2.38626 19.6765
2.39199 21.8372
2.39773 17.1892
2.40346 14.8846
2.4092 17.75
2.41494 13.4
2.42067 19.6364
2.42641 17.3409
2.43214 25.8333
2.43788 23.5714
2.44362 16.1935
2.44935 18.2667
2.45509 21.0769
2.46083 18.5769
2.46656 16.6889
2.4723 18.3659
2.47803 21.2069
2.48377 20.35
2.48951 16.4651
2.49524 14.641
2.50098 16.6154
2.50672 15.8261
2.51245 19.0476
2.51819 17.625
2.52392 19.1739
2.52966 17.25
2.5354 20
2.54113 14.0857
2.54687 16.5111
2.5526 23.4146
2.55834 17.5385
2.56408 21.5106
2.56981 20.2558
2.57555 17.8276
2.58129 20.5714
2.58702 20.4
2.59276 23.5946
2.59849 22.0303
2.60423 24.913
2.60997 19.75
2.6157 19.1667
2.62144 25.6042
2.62718 20
2.63291 25.8571
2.63865 22.3889
2.64438 20.766
2.65012 18.0732
2.65586 24.8333
2.66159 19.4043
2.66733 17.9556
2.67306 25.2
2.6788 18.875
2.68454 20.1875
2.69027 18.6923
2.69601 21.0909
2.70175 19.7708
2.70748 24.5556
2.71322 18.6296
2.71895 24.7708
2.72469 22.1458
2.73043 26.1429
2.73616 26.2368
2.7419 23.5714
2.74764 24.093
2.75337 22.4667
2.75911 19.102
2.76484 21.7347
2.77058 14.9583
2.77632 19.3061
2.78205 17.6
2.78779 28.2051
2.79352 18.3714
2.79926 22.4038
2.805 22.2667
2.81073 30.2222
2.81647 24.2692
2.82221 25.7143
2.82794 16.7568
2.83368 18.1842
2.83941 22.7547
2.84515 19.2683
2.85089 17.6562
2.85662 20.6038
2.86236 19.6939
2.8681 21.6667
2.87383 25.5556
2.87957 26.58
2.8853 20.0244
2.89104 23.0811
2.89678 26.1731
2.90251 18.0889
2.90825 23.5517
2.91398 23.9815
2.91972 21.3922
2.92546 19.4324
2.93119 23.5238
2.93693 18.5849
2.94267 26.6889
2.9484 29.2812
2.95414 25.3774
2.95987 20.4694
2.96561 28.6296
2.97135 27.6786
2.97708 26.5185
2.98282 24.4359
2.98856 22.9231
2.99429 26.6111
3.00003 26.5106
3.00576 27.8065
3.0115 28.3636
3.01724 27.6226
3.02297 24.973
3.02871 28.5909
3.03444 25.1455
3.04018 24.7111
3.04592 25.8824
3.05165 27.8909
3.05739 26.4118
3.06313 27.0345
3.06886 28.9286
3.0746 24.5636
3.08033 25.8409
3.08607 21.7568
3.09181 28.8571
3.09754 30.7959
3.10328 32.7419
3.10902 32.3898
3.11475 32.5472
3.12049 29.7949
3.12622 33.3043
3.13196 30.1091
3.1377 29.8298
3.14343 31.6389
3.14917 28.3793
3.1549 27.1176
3.16064 33.5172
3.16638 29.15
3.17211 29.5273
3.17785 30.7045
3.18359 29.8537
3.18932 29.069
3.19506 29.4286
3.20079 31.5294
3.20653 31.0508
3.21227 30.2264
3.218 34.7805
3.22374 31.4375
3.22948 36.2373
3.23521 31.4667
3.24095 30.2564
3.24668 30.1
3.25242 35.9434
3.25816 35.0588
3.26389 35.4912
3.26963 34.5789
3.27536 36.3261
3.2811 36.8537
3.28684 32.7
3.29257 34.3061
3.29831 32.9722
3.30405 39.4603
3.30978 39.1818
3.31552 40.2093
3.32125 36.1042
3.32699 45.9298
3.33273 44.2549
3.33846 44.9744
3.3442 46.0968
3.34994 39.1961
3.35567 38.1842
3.36141 43.0169
3.36714 41.5789
3.37288 39.125
3.37862 42.814
3.38435 41.7049
3.39009 47
3.39582 49.1944
3.40156 42.4921
3.4073 40.7636
3.41303 41.5532
3.41877 43.7917
3.42451 44.5246
3.43024 41.08
3.43598 40.9268
3.44171 39.3492
3.44745 43.25
3.45319 46.619
3.45892 45.4182
3.46466 42.0847
3.4704 42.18
3.47613 42.4884
3.48187 43.8571
3.4876 49.5094
3.49334 46.6579
3.49908 42
3.50481 44.7719
3.51055 45.4894
3.51628 43.4118
3.52202 50.5246
3.52776 50.7222
3.53349 51.4634
3.53923 57.5077
3.54497 68.4815
3.5507 67.4792
3.55644 65.9091
3.56217 58.3729
3.56791 52.8269
3.57365 54.3261
3.57938 50.1077
3.58512 51.4727
3.59086 45.1842
3.59659 48.9552
3.60233 51.4576
3.60806 50.5294
3.6138 58.3265
3.61954 57.3968
3.62527 57.6786
3.63101 54.2683
3.63674 62.0299
3.64248 71.1724
3.64822 68.75
3.65395 74.3684
3.65969 77.0328
3.66543 73.2222
3.67116 67.3478
3.6769 68.9683
3.68263 70.4098
3.68837 67.4474
3.69411 73.4783
3.69984 70.4407
3.70558 68.5556
3.71132 64.902
3.71705 68.9692
3.72279 70.6786
3.72852 74.4651
3.73426 74.1045
3.74 73.4839
3.74573 73.94
3.75147 77.7091
3.7572 77.4286
3.76294 78.7797
3.76868 83.3864
3.77441 83.2537
3.78015 88.4915
3.78589 86.3404
3.79162 88.0469
3.79736 97.625
3.80309 98.7143
3.80883 100.569
3.81457 110.523
3.8203 121.583
3.82604 119.535
3.83178 136.681
3.83751 162.597
3.84325 206.179
3.84898 346.17
3.85472 366.778
3.86046 422.934
3.86619 418.326
3.87193 529.971
3.87766 690.525
3.8834 941.471
3.88914 1167.62
3.89487 1356.97
3.90061 1215.8
3.90635 993.306
3.91208 747.761
3.91782 526.125
3.92355 410
3.92929 324.099
3.93503 257.469
3.94076 205.121
3.9465 185.685
3.95224 161.821
3.95797 143.762
3.96371 128.565
3.96944 123.887
3.97518 122.667
3.98092 112.304
3.98665 110.741
3.99239 105.544
3.99812 104.774
4.00386 98.7551
4.0096 99.3623
4.01533 97.3438
4.02107 92.8
4.02681 93.5303
4.03254 97.2121
4.03828 96.6333
4.04401 93.6923
4.04975 91.1549
4.05549 89.9692
4.06122 83.4565
4.06696 87.4638
4.0727 80.9429
4.07843 83.7
4.08417 79
4.0899 81.9559
4.09564 82.1094
4.10138 79.24
4.10711 81.2361
4.11285 82.0455
4.11858 79.4821
4.12432 83.5645
4.13006 79
4.13579 84.2222
4.14153 81.1538
4.14727 84.7671
4.153 81.194
4.15874 81.6136
4.16447 80.7123
4.17021 77.7639
4.17595 76.5323
4.18168 80.375
4.18742 77.8571
4.19316 84.1212
4.19889 86.84
4.20463 83.0946
4.21036 86.9265
4.2161 84.65
4.22184 80.3966
4.22757 87.9444
4.23331 87.0746
4.23904 78.04
4.24478 79.6133
4.25052 80.1014
4.25625 82.2679
4.26199 76.9375
4.26773 84.6667
4.27346 83.9545
4.2792 84.8929
4.28493 79.7361
4.29067 84.2286
4.29641 81.7708
4.30214 82.8289
4.30788 88.3714
4.31362 86.4062
4.31935 85.8393
4.32509 86.4324
4.33082 89.4058
4.33656 85.84
4.3423 91.1067
4.34803 94.7162
4.35377 93.129
4.3595 97.4333
4.36524 98.1081
4.37098 95.9
4.37671 100.056
4.38245 95.2568
4.38819 108.639
4.39392 102.579
4.39966 114.232
4.40539 112.722
4.41113 121.162
4.41687 134.148
4.4226 136.039
4.42834 188.205
4.43408 279.229
4.43981 500.623
4.44555 1198.3
4.45128 756.723
4.45702 1430.41
4.46276 472.421
4.46849 229.681
4.47423 262.963
4.47996 246.789
4.4857 260.703
4.49144 276.108
4.49717 285.254
4.50291 297.776
4.50865 290.171
4.51438 264.885
4.52012 237.633
4.52585 211.333
4.53159 180.07
4.53733 161.296
4.54306 142.9
4.5488 130.94
4.55454 123.316
4.56027 111.562
4.56601 102.527
4.57174 98.8462
4.57748 90.7692
4.58322 86.5897
4.58895 84.3582
4.59469 83.8033
4.60042 76.7436
4.60616 78.56
4.6119 75.3
4.61763 76
4.62337 76.0513
4.62911 74.2381
4.63484 71.6615
4.64058 70.3171
4.64631 71.9861
4.65205 68.7679
4.65779 65.325
4.66352 64
4.66926 61.9508
4.675 65.7747
4.68073 63.1923
4.68647 63.9863
4.6922 64.0702
4.69794 62.8375
4.70368 67.3636
4.70941 64.08
4.71515 63.0353
4.72088 65.525
4.72662 66.3188
4.73236 66.4127
4.73809 64.2561
4.74383 61.6026
4.74957 63.0385
4.7553 62.7619
4.76104 62.75
4.76677 61.0746
4.77251 61.6
4.77825 59.4146
4.78398 58.4667
4.78972 58.4
4.79546 57.7765
4.80119 56.2278
4.80693 53.5077
4.81266 55.3662
4.8184 53.7143
4.82414 52.2466
4.82987 55.7049
4.83561 51.119
4.84134 56.6
4.84708 53.6415
4.85282 55.4941
4.85855 56.0366
4.86429 54.0704
4.87003 51.3607
4.87576 50.186
4.8815 50.9615
4.88723 47.3889
4.89297 51.3059
4.89871 53.7857
4.90444 52.2394
4.91018 48.7463
4.91592 50.369
4.92165 49.0253
4.92739 52
4.93312 49.0698
4.93886 48.619
4.9446 48.209
4.95033 46.9437
4.95607 45.4302
4.9618 50.3377
4.96754 48.5763
4.97328 49.5698
4.97901 51.3012
4.98475 44.3279
4.99049 47.0256
4.99622 46.8523
5.00196 48.4795
5.00769 47.0476
5.01343 45.625
5.01917 46.7952
5.0249 46.1132
5.03064 47.3444
5.03638 48.7907
5.04211 48.1333
5.04785 45.9538
5.05358 45.186
5.05932 47.4444
5.06506 45.5965
5.07079 51.5
5.07653 51.2874
5.08226 46.3521
5.088 46.2817
5.09374 43.1222
5.09947 46.8312
5.10521 48.4127
5.11095 46.6778
5.11668 50.9294
5.12242 47.0606
5.12815 43.5325
5.13389 49.3111
5.13963 48.4675
5.14536 46.0328
5.1511 46.6304
5.15684 44.9036
5.16257 49.0968
5.16831 44.7857
5.17404 46.5955
5.17978 47.2692
5.18552 47.7761
5.19125 44.3889
5.19699 46.8193
5.20272 44.4407
5.20846 45.6957
5.2142 45.573
5.21993 45.1974
5.22567 45.4783
5.23141 43.0217
5.23714 47.9136
5.24288 43.5738
5.24861 41.413
5.25435 48.0112
5.26009 47.2286
5.26582 47.8289
5.27156 45.7473
5.2773 43.8
5.28303 44.0769
5.28877 47.5745
5.2945 46.3218
5.30024 47.1389
5.30598 46.5949
5.31171 49.236
5.31745 44.9512
5.32318 45.6462
5.32892 47.4149
5.33466 44.5862
5.34039 43.1667
5.34613 45.1529
5.35187 46.5055
5.3576 47.2963
5.36334 47.9851
5.36907 47.8854
5.37481 45.4588
5.38055 45.3115
5.38628 49.9688
5.39202 48.8571
5.39776 53.6875
5.40349 49.7465
5.40923 46.2812
5.41496 46.7654
5.4207 41.9048
5.42644 47.7755
5.43217 50.6742
5.43791 42.2564
5.44364 48.6712
5.44938 47.5773
5.45512 45.6585
5.46085 46.1045
5.46659 44.5816
5.47233 48.3596
5.47806 44.5132
5.4838 46.9877
5.48953 44.7312
5.49527 46.5595
5.50101 45.6866
5.50674 43.8878
5.51248 45.8876
5.51822 47.473
5.52395 47.253
5.52969 50.0215
5.53542 48.4524
5.54116 46.8971
5.5469 48.2828
5.55263 45.2222
5.55837 46.3056
5.5641 49.1011
5.56984 46.7634
5.57558 47.5
5.58131 44.0685
5.58705 49.4343
5.59279 52.2273
5.59852 47.2698
5.60426 47.55
5.60999 48.9355
5.61573 45.4146
5.62147 47.96
5.6272 44.9588
5.63294 47.9302
5.63868 49.8657
5.64441 51.8824
5.65015 52.172
5.65588 49.5476
5.66162 49.1558
5.66736 48.8283
5.67309 47.6512
5.67883 45.2609
5.68456 46.0891
5.6903 46.9556
5.69604 50.0366
5.70177 48.8434
5.70751 48.0211
5.71325 49.1591
5.71898 52.5915
5.72472 52.9293
5.73045 51.8925
5.73619 53.675
5.74193 51.2135
5.74766 51.9263
5.7534 52.1136
5.75914 49.4366
5.76487 47.4554
5.77061 54.3298
5.77634 50.2692
5.78208 57.0787
5.78782 54.701
5.79355 54.3488
5.79929 52.7867
5.80502 55.5446
5.81076 56.75
5.8165 55.7568
5.82223 54.125
5.82797 50.3673
5.83371 54.2907
5.83944 54.2152
5.84518 54.7576
5.85091 53.4479
5.85665 57.3692
5.86239 55.4286
5.86812 52.4082
5.87386 54.8721
5.8796 56.7975
5.88533 55.8515
5.89107 57.6304
5.8968 53.0145
5.90254 60.8
5.90828 54.8673
5.91401 55.9651
5.91975 56.4096
5.92548 54.2727
5.93122 56.8936
5.93696 56.0274
5.94269 57.2381
5.94843 58.5729
5.95417 59.2273
5.9599 60.8471
5.96564 58.6465
5.97137 59.9362
5.97711 58.8082
5.98285 61.2136
5.98858 63.3265
5.99432 61.0238
6.00006 62.8989
6.00579 60.2525
6.01153 64.8404
6.01726 65.24
6.023 64.2762
6.02874 64.0104
6.03447 67.0114
6.04021 63.5
6.04594 62.2245
6.05168 62.8958
6.05742 65.4935
6.06315 63.0857
6.06889 57.7812
6.07463 65.8452
6.08036 66.7021
6.0861 70.7653
6.09183 71.6458
6.09757 69.1282
6.10331 68.5283
6.10904 71.5417
6.11478 70.907
6.12052 68.5104
6.12625 69.84
6.13199 69.7447
6.13772 71.3537
6.14346 73.4608
6.1492 72.24
6.15493 74.475
6.16067 73.6569
6.1664 74.5918
6.17214 75.0426
6.17788 72.5833
6.18361 75.049
6.18935 76.5758
6.19509 82.8667
6.20082 77.0092
6.20656 86.2745
6.21229 89.6042
6.21803 92.9756
6.22377 89.4623
6.2295 92.84
6.23524 104.067
6.24098 98.9358
6.24671 100.98
6.25245 110.032
6.25818 120.14
6.26392 113.824
6.26966 165.618
6.27539 399.733
6.28113 166.303
6.28686 1629.13
6.2926 5143.85
6.29834 590.364
6.30407 957.904
6.30981 643.637
6.31555 411.667
6.32128 195.602
6.32702 190.721
6.33275 189.938
6.33849 185.886
6.34423 165.875
6.34996 175.363
6.3557 188.538
6.36144 193.083
6.36717 215.683
6.37291 239.516
6.37864 242.011
6.38438 224.226
6.39012 213.618
6.39585 195.012
6.40159 173.676
6.40732 154.639
6.41306 143.83
6.4188 125.261
6.42453 119.906
6.43027 116.373
6.43601 111.012
6.44174 108.151
6.44748 106.426
6.45321 100.021
6.45895 101.337
6.46469 94.2095
6.47042 95.301
6.47616 90.4524
6.4819 88.2364
6.48763 87.0833
6.49337 88.6989
6.4991 86.3263
6.50484 83.0926
6.51058 84.5392
6.51631 84.1905
6.52205 83.8818
6.52778 81.3056
6.53352 82
6.53926 79.5938
6.54499 78.7593
6.55073 84.1274
6.55647 79.7262
6.5622 80.2655
6.56794 82.8056
6.57367 81.4624
6.57941 81.2211
6.58515 79.75
6.59088 83.8846
6.59662 82.5595
6.60236 80.5877
6.60809 78.9151
6.61383 80.9355
6.61956 78.5567
6.6253 77.5625
6.63104 75.2451
6.63677 76.4419
6.64251 74.4123
6.64824 77.3084
6.65398 80.1099
6.65972 74.5098
6.66545 76.9018
6.67119 79.8654
6.67693 79.314
6.68266 80.819
6.6884 76.6759
6.69413 81.1868
6.69987 76.7184
6.70561 74.7411
6.71134 77.8269
6.71708 77.875
6.72282 78.3158
6.72855 80.713
6.73429 76.3933
6.74002 76.5755
6.74576 78.0348
6.7515 79.1942
6.75723 78.6067
6.76297 78.5086
6.7687 77.9911
6.77444 74.1798
6.78018 79.3048
6.78591 77.319
6.79165 77.8131
6.79739 77.3333
6.80312 76.3421
6.80886 76.7321
6.81459 80.6374
6.82033 74.8762
6.82607 77.7328
6.8318 78.7143
6.83754 75.9432
6.84328 76.6581
6.84901 73.8214
6.85475 78.7473
6.86048 75.0092
6.86622 78.569
6.87196 80.2243
6.87769 79.9425
6.88343 78.8559
6.88916 80.2719
6.8949 82.8851
6.90064 78.9911
6.90637 81.2895
6.91211 81.785
6.91785 75.8621
6.92358 81.0744
6.92932 81.2832
6.93505 80.5056
6.94079 77.0266
6.94653 81.9655
6.95226 76.785
6.958 83.0549
6.96374 82.4667
6.96947 79.9737
6.97521 79.0989
6.98094 75.6396
6.98668 76.931
6.99242 75.8165
6.99815 78.6966
7.00389 81.8833
7.00962 80.9569
7.01536 82.5761
7.0211 81.3364
7.02683 80.2066
7.03257 81.3832
7.03831 80.5591
7.04404 78.9016
7.04978 80.5304
7.05551 79.8191
7.06125 80.9633
7.06699 82.7131
7.07272 86.0367
7.07846 78.5618
7.0842 80.8115
7.08993 82.0776
7.09567 83.9462
7.1014 86.7788
7.10714 87.3698
7.11288 83.8991
7.11861 85.0652
7.12435 83.9113
7.13008 84.3761
7.13582 87.6771
7.14156 85.955
7.14729 90.8333
7.15303 88.4495
7.15877 87.2473
7.1645 88.6694
7.17024 89.5462
7.17597 86.6429
7.18171 90.3458
7.18745 88.7541
7.19318 89.027
7.19892 86.1087
7.20466 89.4252
7.21039 90.9573
7.21613 91
7.22186 91.3761
7.2276 91.5556
7.23334 96.4414
7.23907 91.9121
7.24481 95.4365
7.25054 93.1849
7.25628 94.81
7.26202 94.7477
7.26775 95.2869
7.27349 98.6306
7.27923 102.065
7.28496 99.9764
7.2907 98.1429
7.29643 101.146
7.30217 101.583
7.30791 100.806
7.31364 111.077
7.31938 104.258
7.32512 107.862
7.33085 112.24
7.33659 112.183
7.34232 109.229
7.34806 115.162
7.3538 121.811
7.35953 114.172
7.36527 128.117
7.371 163.372
7.37674 360.433
7.38248 163.064
7.38821 1232.55
7.39395 988.698
7.39969 608.109
7.40542 1203.24
7.41116 505.553
7.41689 302.377
7.42263 211.822
7.42837 184.095
7.4341 177.084
7.43984 175.371
7.44558 175.918
7.45131 185.339
7.45705 201.145
7.46278 201.68
7.46852 232.385
7.47426 251.627
7.47999 260.733
7.48573 253.061
7.49146 232.92
7.4972 213.582
7.50294 197.15
7.50867 179.641
7.51441 161.277
7.52015 149.385
7.52588 136.447
7.53162 129.032
7.53735 123.357
7.54309 114.097
7.54883 107.606
7.55456 104.319
7.5603 109.133
7.56604 103.126
7.57177 97.928
7.57751 93.9304
7.58324 91.9608
7.58898 89.2672
7.59472 86.8607
7.60045 86.58
7.60619 88.5447
7.61192 87.1938
7.61766 88.8793
7.6234 89.7525
7.62913 84.8182
7.63487 87.3636
7.64061 84.8726
7.64634 85.935
7.65208 83.5116
7.65781 83.7143
7.66355 84.9286
7.66929 83.306
7.67502 85.4758
7.68076 88.8868
7.6865 83.6218
7.69223 88.374
7.69797 88.339
7.7037 89.0594
7.70944 88.5746
7.71518 106.033
7.72091 135.009
7.72665 161.085
7.73238 356.178
7.73812 138.385
7.74386 150.061
7.74959 158.623
7.75533 114.54
7.76107 114
7.7668 100.053
7.77254 109.58
7.77827 108.221
7.78401 112.838
7.78975 122.504
7.79548 131.953
7.80122 140.897
7.80696 150.162
7.81269 149.459
7.81843 141.597
7.82416 135.147
7.8299 122.2
7.83564 110.516
7.84137 104.786
7.84711 94.5545
7.85284 92.2366
7.85858 87.1575
7.86432 83.4536
7.87005 81.9137
7.87579 78.4297
7.88153 79.4508
7.88726 76.1308
7.893 76.6148
7.89873 75.9922
7.90447 74.7353
7.91021 74.4962
7.91594 69.4962
7.92168 71.35
7.92742 71.7264
7.93315 68.6496
7.93889 70.9606
7.94462 71.2389
7.95036 64.438
7.9561 67.9242
7.96183 66.7302
7.96757 66.181
7.9733 66.8467
7.97904 69.4538
7.98478 67.3393
7.99051 63.296
7.99625 65.1053
8.00199 68.8468
8.00772 64.3465
8.01346 67.0288
8.01919 64.6992
8.02493 67.5378
8.03067 65.1593
8.0364 61.8015
8.04214 64.9921
8.04788 66.0777
8.05361 65.3165
8.05935 63.4926
8.06508 63.2034
8.07082 62.3761
8.07656 63.5912
8.08229 60.75
8.08803 63.9798
8.09376 61.8462
8.0995 59.4167
8.10524 53.6585
8.11097 52.1947
8.11671 43.8478
8.12245 44.2713
8.12818 44.0631
8.13392 39.6515
8.13965 34.4891
8.14539 33.5645
8.15113 29.4685
8.15686 15.1314
8.1626 18.3704
8.16834 15.3729
8.17407 14.2368
8.17981 2.15789
8.18554 0
8.19128 0
8.19702 0
8.20275 0
8.20849 0
8.21422 0
8.21996 0
8.2257 0
8.23143 0
8.23717 0
8.24291 0
8.24864 0
8.25438 0
8.26011 0
8.26585 0
8.27159 0
8.27732 0
8.28306 0
8.2888 0
8.29453 0
8.30027 0
8.306 0
8.31174 0
8.31748 0
8.32321 0
8.32895 0
8.33468 0
8.34042 0
8.34616 0
8.35189 0
8.35763 0
8.36337 0
8.3691 0
8.37484 0
8.38057 0
8.38631 0
8.39205 0
8.39778 0
8.40352 0
8.40926 0
8.41499 0
8.42073 0
8.42646 0
8.4322 0
8.43794 0
8.44367 0
8.44941 0
8.45514 0
8.46088 0
8.46662 0
8.47235 0
8.47809 0
8.48383 0
8.48956 0
8.4953 0
8.50103 0
8.50677 0
8.51251 0
8.51824 0
8.52398 0
8.52972 0
8.53545 0
8.54119 0
8.54692 0
8.55266 0
8.5584 0
8.56413 0
8.56987 0
8.5756 0
8.58134 0
8.58708 0
8.59281 0
8.59855 0
8.60429 0
8.61002 0
8.61576 0
8.62149 0
8.62723 0
8.63297 0
8.6387 0
8.64444 0
8.65018 0
8.65591 0
8.66165 0
8.66738 0
8.67312 0
8.67886 0
8.68459 0
8.69033 0
8.69606 0
8.7018 0
8.70754 0
8.71327 0
8.71901 0
8.72475 0
8.73048 0
8.73622 0
8.74195 0
8.74769 0
8.75343 0
8.75916 0
8.7649 0
8.77064 0
8.77637 0
8.78211 0
8.78784 0
8.79358 0
8.79932 0
8.80505 0
8.81079 0
8.81652 0
8.82226 0
8.828 0
8.83373 0
8.83947 0
8.84521 0
8.85094 0
8.85668 0
8.86241 0
8.86815 0
8.87389 0
8.87962 0
8.88536 0
8.8911 0
8.89683 0
8.90257 0
8.9083 0
8.91404 0
8.91978 0
8.92551 0
8.93125 0
8.93698 0
8.94272 0
8.94846 0
8.95419 0
8.95993 0
8.96567 0
8.9714 0
8.97714 0
8.98287 0
8.98861 0
8.99435 0
9.00008 0
9.00582 0
9.01156 0
9.01729 0
9.02303 0
9.02876 0
9.0345 0
9.04024 0
9.04597 0
9.05171 0
9.05744 0
9.06318 0
9.06892 0
9.07465 0
9.08039 0
9.08613 0
9.09186 0
9.0976 0
9.10333 0
9.10907 0
9.11481 0
9.12054 0
9.12628 0
9.13202 0
9.13775 0
9.14349 0
9.14922 0
9.15496 0
9.1607 0
9.16643 0
9.17217 0
9.1779 0
9.18364 0
9.18938 0
9.19511 0
9.20085 0
9.20659 0
9.21232 0
9.21806 0
9.22379 0
9.22953 0
9.23527 0
9.241 0
9.24674 0
9.25248 0
9.25821 0
9.26395 0
9.26968 0
9.27542 0
9.28116 0
9.28689 0
9.29263 0
9.29836 0
9.3041 0
9.30984 0
9.31557 0
9.32131 0
9.32705 0
9.33278 0
9.33852 0
9.34425 0
9.34999 0
9.35573 0
9.36146 0
9.3672 0
9.37294 0
9.37867 0
9.38441 0
9.39014 0
9.39588 0
9.40162 0
9.40735 0
9.41309 0
9.41882 0
9.42456 0
9.4303 0
9.43603 0
9.44177 0
9.44751 0
9.45324 0
9.45898 0
9.46471 0
9.47045 0
9.47619 0
9.48192 0
9.48766 0
9.4934 0
9.49913 0
9.50487 0
9.5106 0
9.51634 0
9.52208 0
9.52781 0
9.53355 0
9.53928 0
9.54502 0
9.55076 0
9.55649 0
9.56223 0
9.56797 0
9.5737 0
9.57944 0
9.58517 0
9.59091 0
9.59665 0
9.60238 0
9.60812 0
9.61386 0
9.61959 0
9.62533 0
9.63106 0
9.6368 0
9.64254 0
9.64827 0
9.65401 0
9.65974 0
9.66548 0
9.67122 0
9.67695 0
9.68269 0
9.68843 0
9.69416 0
9.6999 0
9.70563 0
9.71137 0
9.71711 0
9.72284 0
9.72858 0
9.73432 0
9.74005 0
9.74579 0
9.75152 0
9.75726 0
9.763 0
9.76873 0
9.77447 0
9.7802 0
9.78594 0
9.79168 0
9.79741 0
9.80315 0
9.80889 0
9.81462 0
9.82036 0
9.82609 0
9.83183 0
9.83757 0
9.8433 0
9.84904 0
9.85478 0
9.86051 0
9.86625 0
9.87198 0
9.87772 0
9.88346 0
9.88919 0
9.89493 0
9.90066 0
9.9064 0
9.91214 0
9.91787 0
9.92361 0
9.92935 0
9.93508 0
9.94082 0
9.94655 0
9.95229 0
9.95803 0
9.96376 0
9.9695 0
9.97524 0
9.98097 0
9.98671 0
9.99244 0
9.99818 0
10.0039 0
10.0097 0
10.0154 0
10.0211 0
10.0269 0
10.0326 0
10.0383 0
10.0441 0
10.0498 0
10.0555 0
10.0613 0
10.067 0
10.0728 0
10.0785 0
10.0842 0
10.09 0
10.0957 0
10.1014 0
10.1072 0
10.1129 0
10.1186 0
10.1244 0
10.1301 0
10.1358 0
10.1416 0
10.1473 0
10.1531 0
10.1588 0
10.1645 0
10.1703 0
10.176 0
10.1817 0
10.1875 0
10.1932 0
10.1989 0
10.2047 0
10.2104 0
10.2162 0
10.2219 0
10.2276 0
10.2334 0
10.2391 0
10.2448 0
10.2506 0
10.2563 0
10.262 0
10.2678 0
10.2735 0
10.2793 0
10.285 0
10.2907 0
10.2965 0
10.3022 0
10.3079 0
10.3137 0
10.3194 0
10.3251 0
10.3309 0
10.3366 0
10.3424 0
10.3481 0
10.3538 0
10.3596 0
10.3653 0
10.371 0
10.3768 0
10.3825 0
10.3882 0
10.394 0
10.3997 0
10.4054 0
10.4112 0
10.4169 0
10.4227 0
10.4284 0
10.4341 0
10.4399 0
10.4456 0
10.4513 0
10.4571 0
10.4628 0
10.4685 0
10.4743 0
10.48 0
10.4858 0
10.4915 0
10.4972 0
10.503 0
10.5087 0
10.5144 0
10.5202 0
10.5259 0
10.5316 0
10.5374 0
10.5431 0
10.5489 0
10.5546 0
10.5603 0
10.5661 0
10.5718 0
10.5775 0
10.5833 0
10.589 0
10.5947 0
10.6005 0
10.6062 0
10.612 0
10.6177 0
10.6234 0
10.6292 0
10.6349 0
10.6406 0
10.6464 0
10.6521 0
10.6578 0
10.6636 0
10.6693 0
10.6751 0
10.6808 0
10.6865 0
10.6923 0
10.698 0
10.7037 0
10.7095 0
10.7152 0
10.7209 0
10.7267 0
10.7324 0
10.7381 0
10.7439 0
10.7496 0
10.7554 0
10.7611 0
10.7668 0
10.7726 0
10.7783 0
10.784 0
10.7898 0
10.7955 0
10.8012 0
10.807 0
10.8127 0
10.8185 0
10.8242 0
10.8299 0
10.8357 0
10.8414 0
10.8471 0
10.8529 0
10.8586 0
10.8643 0
10.8701 0
10.8758 0
10.8816 0
10.8873 0
10.893 0
10.8988 0
10.9045 0
10.9102 0
10.916 0
10.9217 0
10.9274 0
10.9332 0
10.9389 0
10.9447 0
10.9504 0
10.9561 0
10.9619 0
10.9676 0
10.9733 0
10.9791 0
10.9848 0
10.9905 0
10.9963 0
11.002 0
11.0077 0
11.0135 0
11.0192 0
11.025 0
11.0307 0
11.0364 0
11.0422 0
11.0479 0
11.0536 0
11.0594 0
11.0651 0
11.0708 0
11.0766 0
11.0823 0
11.0881 0
11.0938 0
11.0995 0
11.1053 0
11.111 0
11.1167 0
11.1225 0
11.1282 0
11.1339 0
11.1397 0
11.1454 0
11.1512 0
11.1569 0
11.1626 0
11.1684 0
11.1741 0
11.1798 0
11.1856 0
11.1913 0
11.197 0
11.2028 0
11.2085 0
11.2143 0
11.22 0
11.2257 0
11.2315 0
11.2372 0
11.2429 0
11.2487 0
11.2544 0
11.2601 0
11.2659 0
11.2716 0
11.2774 0
11.2831 0
11.2888 0
11.2946 0
11.3003 0
11.306 0
11.3118 0
11.3175 0
11.3232 0
11.329 0
11.3347 0
11.3404 0
11.3462 0
11.3519 0
11.3577 0
11.3634 0
11.3691 0
11.3749 0
11.3806 0
11.3863 0
11.3921 0
11.3978 0
11.4035 0
11.4093 0
11.415 0
11.4208 0
11.4265 0
11.4322 0
11.438 0
11.4437 0
11.4494 0
11.4552 0
11.4609 0
11.4666 0
11.4724 0
11.4781 0
11.4839 0
11.4896 0
11.4953 0
11.5011 0
11.5068 0
11.5125 0
11.5183 0
11.524 0
11.5297 0
11.5355 0
11.5412 0
11.547 0
11.5527 0
11.5584 0
11.5642 0
11.5699 0
11.5756 0
11.5814 0
11.5871 0
11.5928 0
11.5986 0
11.6043 0
11.61 0
11.6158 0
11.6215 0
11.6273 0
11.633 0
11.6387 0
11.6445 0
11.6502 0
11.6559 0
11.6617 0
11.6674 0
11.6731 0
11.6789 0
11.6846 0
11.6904 0
11.6961 0
11.7018 0
11.7076 0
11.7133 0
11.719 0
11.7248 0
11.7305 0
11.7362 0
11.742 0
