0 0
0.00573619 18
0.0114724 20
0.0172086 0
0.0229448 -4
0.028681 14
0.0344171 0
0.0401533 -14
0.0458895 7
0.0516257 6
0.0573619 0
0.0630981 1
0.0688343 -32
0.0745705 0
0.0803067 -4
0.0860429 4
0.091779 0
0.0975152 16.6667
0.103251 -2
0.108988 0.666667
0.114724 0
0.12046 -5
0.126196 -4
0.131932 0
0.137669 -6.33333
0.143405 -13.6667
0.149141 -15
0.154877 11.5
0.160613 -10.6667
0.16635 3.66667
0.172086 0
0.177822 17.6667
0.183558 -5
0.189294 0
0.19503 10.4
0.200767 -4.2
0.206503 -16.3333
0.212239 6.5
0.217975 -10.2
0.223711 12.6
0.229448 0
0.235184 7.4
0.24092 5.8
0.246656 0
0.252392 5.4
0.258129 6.4
0.263865 -2.8
0.269601 0
0.275337 1.6
0.281073 11.4286
0.28681 0
0.292546 -17.1429
0.298282 -1.28571
0.304018 4.66667
0.309754 1.25
0.31549 8.57143
0.321227 3.71429
0.326963 0
0.332699 -2.14286
0.338435 -3.71429
0.344171 0
0.349908 -7.57143
0.355644 1.85714
0.36138 17
0.367116 -14.5
0.372852 2
0.378589 -5.14286
0.384325 -7.5
0.390061 3.55556
0.395797 3.55556
0.401533 0
0.40727 8.11111
0.413006 9.11111
0.418742 -0.428571
0.424478 14.5
0.430214 11.1111
0.43595 13.4444
0.441687 0
0.447423 4.33333
0.453159 6
0.458895 13.3333
0.464631 14.4286
0.470368 14.1818
0.476104 0.111111
0.48184 12
0.487576 13.8182
0.493312 6.81818
0.499049 0
0.504785 12.6364
0.510521 16
0.516257 19.2
0.521993 9.5
0.52773 8.54545
0.533466 10.1111
0.539202 4.5
0.544938 20.7273
0.550674 15.4545
0.55641 0
0.562147 13.1667
0.567883 13.3077
0.573619 18.8571
0.579355 8.33333
0.585091 13.7692
0.590828 3.45455
0.596564 2
0.6023 11.3846
0.608036 9.84615
0.613772 13.6
0.619509 14.625
0.625245 8.38461
0.630981 26
0.636717 24.5
0.642453 18.4615
0.64819 13.0769
0.653926 20
0.659662 22.5333
0.665398 26.2667
0.671134 21.2857
0.67687 18.375
0.682607 20.9333
0.688343 23.9091
0.694079 26.75
0.699815 25.5333
0.705551 15.6
0.711288 -5
0.717024 24.7857
0.72276 18.8
0.728496 28.2222
0.734232 13.3333
0.739969 20.8125
0.745705 21.2308
0.751441 -0.333333
0.757177 22.1176
0.762913 21.5294
0.76865 28
0.774386 21.1667
0.780122 19
0.785858 13.7273
0.791594 2.66667
0.79733 17.4118
0.803067 21.8667
0.808803 -3.5
0.814539 20.0588
0.820275 23.1765
0.826011 18
0.831748 22.125
0.837484 19.9444
0.84322 17.5385
0.848956 6.33333
0.854692 18.8421
0.860429 22.7059
0.866165 16.6
0.871901 12.875
0.877637 20.3158
0.883373 16.3636
0.88911 22.125
0.894846 18.1579
0.900582 16.2667
0.906318 36.75
0.912054 26.9474
0.91779 24.6471
0.923527 22.2222
0.929263 18.1538
0.934999 14.55
0.940735 23.8462
0.946471 24.875
0.952208 23.5714
0.957944 11.4118
0.96368 28.5
0.969416 15.4286
0.975152 28.2105
0.980889 16.1818
0.986625 19.5
0.992361 18.619
0.998097 15.6
1.00383 13.3333
1.00957 24.6667
1.01531 18
1.02104 15.6
1.02678 23.1765
1.03251 16.7619
1.03825 20
1.04399 26.6667
1.04972 17.4348
1.05546 15.8824
1.0612 26.5
1.06693 22.6522
1.07267 21.4737
1.0784 19.9231
1.08414 18.0714
1.08988 24.5652
1.09561 21.5333
1.10135 20.375
1.10708 14.8696
1.11282 20.0588
1.11856 20
1.12429 14.0833
1.13003 11.7143
1.13577 18.4
1.1415 24.5
1.14724 20
1.15297 16.8
1.15871 26.6
1.16445 24
1.17018 22.5263
1.17592 26.0769
1.18166 20.2222
1.18739 19.3913
1.19313 16.2
1.19886 16.0833
1.2046 19.68
1.21034 17.0556
1.21607 24
1.22181 19.8148
1.22754 18.1429
1.23328 19.1176
1.23902 18.5
1.24475 16.88
1.25049 22.7059
1.25623 22.8333
1.26196 19.6296
1.2677 16.2105
1.27343 20.6923
1.27917 19.5455
1.28491 19.8696
1.29064 22.2353
1.29638 24.0667
1.30212 24.5185
1.30785 13
1.31359 18.0909
1.31932 29.8966
1.32506 26.1905
1.3308 20.5882
1.33653 16.7
1.34227 23.12
1.348 15.6316
1.35374 12.8571
1.35948 17.5556
1.36521 22.1429
1.37095 14.3
1.37669 19.3793
1.38242 23.7391
1.38816 23.2941
1.39389 15.0526
1.39963 23.2593
1.40537 16.7
1.4111 17.5714
1.41684 22.2414
1.42258 19.5652
1.42831 20.7647
1.43405 17.5
1.43978 15.24
1.44552 20.7619
1.45126 18.6875
1.45699 15.0345
1.46273 24.3333
1.46846 12.3333
1.4742 19.7419
1.47994 22.6957
1.48567 20.5
1.49141 12.0476
1.49715 18.0741
1.50288 19.5
1.50862 21.125
1.51435 17.4828
1.52009 17.76
1.52583 13.6667
1.53156 19.2333
1.5373 20.52
1.54304 16.9048
1.54877 13.9
1.55451 19.069
1.56024 23.4348
1.56598 18.0714
1.57172 22.1613
1.57745 18.6923
1.58319 19.75
1.58892 15.32
1.59466 20.1852
1.6004 23.8
1.60613 26.8889
1.61187 21.4516
1.61761 23.08
1.62334 26.5
1.62908 22.9697
1.63481 19
1.64055 19.4348
1.64629 22.7273
1.65202 18.1034
1.65776 20.04
1.6635 23.875
1.66923 18.7419
1.67497 19.5
1.6807 15.95
1.68644 18.9286
1.69218 18.8571
1.69791 26.6
1.70365 21.5455
1.70938 19.5806
1.71512 13.6667
1.72086 20
1.72659 15.3636
1.73233 14.069
1.73807 23.1304
1.7438 19.0385
1.74954 20.8276
1.75527 17.7037
1.76101 16.1579
1.76675 15.0909
1.77248 19.1071
1.77822 19
1.78396 16.9
1.78969 20.1935
1.79543 18.7037
1.80116 22
1.8069 15.5161
1.81264 18.0345
1.81837 14.6667
1.82411 19.9143
1.82984 18.7241
1.83558 21.6
1.84132 20.3462
1.84705 15.871
1.85279 21.8571
1.85853 24.4783
1.86426 23.3333
1.87 24.9667
1.87573 25
1.88147 19.4857
1.88721 19.8485
1.89294 19.963
1.89868 17.8077
1.90442 20
1.91015 19.8387
1.91589 22.4
1.92162 26.8571
1.92736 24.3226
1.9331 29.12
1.93883 25.75
1.94457 26.7576
1.9503 24.3333
1.95604 25.125
1.96178 24.1176
1.96751 17.6875
1.97325 12.6
1.97899 21
1.98472 20.2727
1.99046 22.4138
1.99619 19.5769
2.00193 19.7714
2.00767 21.9355
2.0134 22.5417
2.01914 21.8
2.02488 17.0303
2.03061 18.24
2.03635 23.125
2.04208 18.7941
2.04782 24.1875
2.05356 25.625
2.05929 19.9722
2.06503 21.2647
2.07076 18.9545
2.0765 23.1622
2.08224 17.6857
2.08797 21.1034
2.09371 20.9643
2.09945 21.5405
2.10518 15.4545
2.11092 19.6667
2.11665 24.6486
2.12239 21.6
2.12813 22.6957
2.13386 24.4054
2.1396 17.6667
2.14534 21.6562
2.15107 21.2308
2.15681 17.4211
2.16254 20.0278
2.16828 16.5455
2.17402 21.0769
2.17975 23.2973
2.18549 22.4839
2.19122 20.8333
2.19696 25.5135
2.2027 24.3429
2.20843 25.0417
2.21417 40.6923
2.21991 39.4865
2.22564 20.7727
2.23138 27.15
2.23711 26.2105
2.24285 28.5588
2.24859 24
2.25432 25.5
2.26006 21.3846
2.2658 24.2273
2.27153 20.4146
2.27727 21.1538
2.283 17.2903
2.28874 23.125
2.29448 22.3846
2.30021 23.5405
2.30595 16.0385
2.31168 26.6923
2.31742 19.125
2.32316 15.6818
2.32889 24.0952
2.33463 20.75
2.34037 25.9444
2.3461 21.8929
2.35184 22.8333
2.35757 34.5135
2.36331 24.5
2.36905 29.561
2.37478 29.3171
2.38052 27.7097
2.38626 27.6765
2.39199 24.5116
2.39773 20.5676
2.40346 23
2.4092 17.6364
2.41494 20.85
2.42067 19.3182
2.42641 20.3409
2.43214 24.6429
2.43788 24.6571
2.44362 19.5484
2.44935 24.6667
2.45509 20.3077
2.46083 21.6538
2.46656 23.9556
2.4723 22.561
2.47803 23
2.48377 21.875
2.48951 23.093
2.49524 22.4615
2.50098 26.1154
2.50672 21.8478
2.51245 27.4524
2.51819 19.4167
2.52392 23.4348
2.52966 22.7273
2.5354 24.3636
2.54113 22.9714
2.54687 24.7778
2.5526 25.878
2.55834 30.0385
2.56408 22
2.56981 24.5116
2.57555 23.2759
2.58129 27.4286
2.58702 29.7556
2.59276 21.5676
2.59849 21.6061
2.60423 23.6957
2.60997 26
2.6157 19.75
2.62144 21.3333
2.62718 21.9348
2.63291 25.6857
2.63865 21.8611
2.64438 27.4043
2.65012 21.1463
2.65586 19.8667
2.66159 20.6596
2.66733 26.7778
2.67306 22.44
2.6788 27.0417
2.68454 30.0208
2.69027 21.8205
2.69601 25.3333
2.70175 25.6667
2.70748 22.9333
2.71322 24.5926
2.71895 24.9583
2.72469 25.125
2.73043 24.4857
2.73616 25.3947
2.7419 24.2041
2.74764 22.4186
2.75337 20.5333
2.75911 23.9796
2.76484 24.3878
2.77058 26.375
2.77632 23.3061
2.78205 21.3
2.78779 24.2051
2.79352 24.4857
2.79926 26.3462
2.805 24.7556
2.81073 27.3704
2.81647 23.3077
2.82221 26.449
2.82794 27.4595
2.83368 28.4474
2.83941 27.1509
2.84515 22.9024
2.85089 20.0312
2.85662 24.2264
2.86236 25.6939
2.8681 20.75
2.87383 27.7593
2.87957 26.74
2.8853 28.7805
2.89104 27.9189
2.89678 29.4038
2.90251 28.6667
2.90825 27.1724
2.91398 23.037
2.91972 28.2157
2.92546 27.2973
2.93119 26.3571
2.93693 27.7736
2.94267 28.6222
2.9484 23.7812
2.95414 25.8302
2.95987 28.7755
2.96561 29.963
2.97135 25.8036
2.97708 32.3704
2.98282 26.8974
2.98856 26.0256
2.99429 28.3333
3.00003 28.5106
3.00576 29.0645
3.0115 28.1091
3.01724 29.3019
3.02297 26.027
3.02871 29
3.03444 29.2545
3.04018 30.8
3.04592 27.4118
3.05165 31.4
3.05739 31.5098
3.06313 33.2414
3.06886 31.3571
3.0746 29.2909
3.08033 35.7273
3.08607 31.973
3.09181 30.9643
3.09754 36.1837
3.10328 34.9677
3.10902 39.7288
3.11475 37.5094
3.12049 30.7692
3.12622 29.8478
3.13196 31.9091
3.1377 38.2128
3.14343 34.6944
3.14917 35.8621
3.1549 30.4902
3.16064 35.7241
3.16638 33.25
3.17211 33.1091
3.17785 33.6591
3.18359 31.0732
3.18932 36.9828
3.19506 34.2449
3.20079 30.2941
3.20653 37.1525
3.21227 35.2453
3.218 34.3171
3.22374 34.7917
3.22948 36.9153
3.23521 33.9556
3.24095 36.7179
3.24668 37.5
3.25242 39.283
3.25816 37.2353
3.26389 39.4035
3.26963 39.0702
3.27536 39.2609
3.2811 40.0976
3.28684 41.2667
3.29257 38.8776
3.29831 39.8056
3.30405 41.4762
3.30978 49.1273
3.31552 43.6512
3.32125 48.9375
3.32699 49.5439
3.33273 44.1765
3.33846 49.9231
3.3442 45.1613
3.34994 47.1176
3.35567 42.1316
3.36141 43.6949
3.36714 47.9825
3.37288 40.4167
3.37862 43.9302
3.38435 46.9836
3.39009 49.2642
3.39582 51.6111
3.40156 47.4127
3.4073 52.3455
3.41303 47.2128
3.41877 48.0208
3.42451 46.9836
3.43024 47.44
3.43598 50.7561
3.44171 44.381
3.44745 50.4286
3.45319 51.7381
3.45892 47.0364
3.46466 47.4068
3.4704 51.98
3.47613 49.6977
3.48187 52.619
3.4876 55.2075
3.49334 48.6053
3.49908 49.0896
3.50481 54.2807
3.51055 49.5106
3.51628 55.098
3.52202 59.9508
3.52776 59.8889
3.53349 69
3.53923 65.0462
3.54497 78.8333
3.5507 85.7083
3.55644 78.8909
3.56217 73.1695
3.56791 59.5192
3.57365 60.6739
3.57938 59.2308
3.58512 64.2182
3.59086 58.2632
3.59659 59.3134
3.60233 59.9492
3.60806 56.2941
3.6138 64.1837
3.61954 60.6349
3.62527 67.25
3.63101 64.2195
3.63674 74.194
3.64248 79.431
3.64822 85.0208
3.65395 86.6842
3.65969 90.2459
3.66543 79.3333
3.67116 81.8913
3.6769 81.7778
3.68263 86.4918
3.68837 78.8158
3.69411 83.4783
3.69984 81.9661
3.70558 78
3.71132 81.2157
3.71705 80.3077
3.72279 86.2321
3.72852 84.7674
3.73426 90.1791
3.74 89.0484
3.74573 90.14
3.75147 88.6182
3.7572 90.0317
3.76294 96.4237
3.76868 93.0227
3.77441 97.6418
3.78015 106.373
3.78589 107.17
3.79162 110.094
3.79736 114.078
3.80309 119.125
3.80883 125.569
3.81457 136.754
3.8203 149.517
3.82604 151.837
3.83178 175.145
3.83751 204.21
3.84325 239.929
3.84898 342.434
3.85472 513.714
3.86046 513.18
3.86619 467.891
3.87193 632.638
3.87766 886.869
3.8834 1154.29
3.88914 1475.85
3.89487 1755.53
3.90061 1581.93
3.90635 1303.2
3.91208 956.373
3.91782 674.094
3.92355 513.488
3.92929 401.761
3.93503 317.953
3.94076 259.259
3.9465 225.111
3.95224 199.015
3.95797 182.54
3.96371 160.913
3.96944 153.352
3.97518 152.762
3.98092 136.893
3.98665 132.069
3.99239 129.529
3.99812 130.161
4.00386 119.612
4.0096 115.406
4.01533 113.609
4.02107 106.6
4.02681 109.955
4.03254 110.424
4.03828 109.133
4.04401 108.75
4.04975 106.296
4.05549 104.631
4.06122 102.043
4.06696 98.1884
4.0727 101.614
4.07843 98.0667
4.08417 97.4643
4.0899 95.2941
4.09564 99.3438
4.10138 92.94
4.10711 96.8889
4.11285 104.121
4.11858 94.6964
4.12432 93.2258
4.13006 92.6029
4.13579 96.746
4.14153 93.1923
4.14727 96.6986
4.153 100.493
4.15874 94.0455
4.16447 91.5205
4.17021 91.25
4.17595 92.7097
4.18168 93.1964
4.18742 94.0571
4.19316 95.1667
4.19889 93.6
4.20463 97.1757
4.21036 98.4559
4.2161 94.1
4.22184 92.4828
4.22757 96.875
4.23331 95.0896
4.23904 93.56
4.24478 91.7067
4.25052 91.8116
4.25625 91.875
4.26199 89.6719
4.26773 94.9167
4.27346 96.5606
4.2792 93.9821
4.28493 93.5139
4.29067 96.7714
4.29641 95.8542
4.30214 96.7632
4.30788 99.3429
4.31362 102.141
4.31935 99.0357
4.32509 103.054
4.33082 105.232
4.33656 105.66
4.3423 101.413
4.34803 106.608
4.35377 111.468
4.3595 101.85
4.36524 111.838
4.37098 117.743
4.37671 119.093
4.38245 120.014
4.38819 125.111
4.39392 130.175
4.39966 134.449
4.40539 135.944
4.41113 150.676
4.41687 153.889
4.4226 172.896
4.42834 242.986
4.43408 369.396
4.43981 713.299
4.44555 1806.5
4.45128 965.938
4.45702 1496.34
4.46276 549.579
4.46849 349.569
4.47423 328.667
4.47996 343.987
4.4857 339.568
4.49144 355.892
4.49717 375.079
4.50291 376.132
4.50865 372.7
4.51438 341.115
4.52012 302.747
4.52585 259.64
4.53159 218.404
4.53733 193.197
4.54306 170.663
4.5488 149.746
4.55454 139.596
4.56027 123.162
4.56601 117.5
4.57174 114.327
4.57748 102.192
4.58322 99.141
4.58895 95.1343
4.59469 90.1967
4.60042 90.2051
4.60616 92.6667
4.6119 87.12
4.61763 85.2289
4.62337 89.3846
4.62911 86.3651
4.63484 86.0462
4.64058 79.1585
4.64631 82.7778
4.65205 75.9821
4.65779 73.3875
4.66352 78.0769
4.66926 71.7377
4.675 77.5211
4.68073 74.6923
4.68647 72.5479
4.6922 72.1228
4.69794 71.9
4.70368 73.2597
4.70941 68.22
4.71515 72.2471
4.72088 71.475
4.72662 72.8841
4.73236 72.7778
4.73809 72.5
4.74383 75.4231
4.74957 77.6538
4.7553 69.2381
4.76104 68.7625
4.76677 65.0597
4.77251 66.5846
4.77825 67.2927
4.78398 69.9067
4.78972 63.3455
4.79546 63.5059
4.80119 64.2658
4.80693 63.7846
4.81266 59.3944
4.8184 60.2976
4.82414 63.8219
4.82987 62.6066
4.83561 60.5476
4.84134 63.8875
4.84708 60.3774
4.85282 61.5647
4.85855 62.8293
4.86429 58.2394
4.87003 59.3279
4.87576 54.7093
4.8815 58.2821
4.88723 56.5185
4.89297 57.6235
4.89871 54.5
4.90444 54.5634
4.91018 57.3134
4.91592 60.119
4.92165 57.7089
4.92739 53.4035
4.93312 53.0233
4.93886 55.5595
4.9446 51.9403
4.95033 56.338
4.95607 51.4651
4.9618 53.7143
4.96754 53.6271
4.97328 56.3837
4.97901 57.3976
4.98475 55.1311
4.99049 52.6795
4.99622 53.5682
5.00196 53.4521
5.00769 53.9206
5.01343 57.1818
5.01917 55.5663
5.0249 50.6981
5.03064 52.3667
5.03638 48.9186
5.04211 52.7467
5.04785 53.5692
5.05358 56.7209
5.05932 58.5185
5.06506 52.7018
5.07079 53.2727
5.07653 54.4253
5.08226 52.493
5.088 52.169
5.09374 53.0889
5.09947 52.4935
5.10521 52.0794
5.11095 54.1111
5.11668 54.0235
5.12242 48.1818
5.12815 52.1818
5.13389 53.4
5.13963 52.961
5.14536 50.3607
5.1511 52.2826
5.15684 52.1687
5.16257 50.8871
5.16831 52.7738
5.17404 53.3933
5.17978 53.7436
5.18552 48.7313
5.19125 50.6111
5.19699 50.0482
5.20272 51.0508
5.20846 56.3261
5.2142 56.9663
5.21993 51.5263
5.22567 49
5.23141 50.6304
5.23714 53.3951
5.24288 51.623
5.24861 52.9457
5.25435 53.0112
5.26009 51.4714
5.26582 50.5658
5.27156 53
5.2773 56.2375
5.28303 49.5538
5.28877 49.4681
5.2945 51.5057
5.30024 56.9167
5.30598 51.2278
5.31171 54.4494
5.31745 57.3293
5.32318 54.6923
5.32892 55.8404
5.33466 51.3333
5.34039 50.7727
5.34613 51.2824
5.35187 52.3517
5.3576 50.6049
5.36334 57.2388
5.36907 54.3438
5.37481 54.9647
5.38055 55.3115
5.38628 58.2917
5.39202 59.7473
5.39776 58.7875
5.40349 55.0563
5.40923 57.4271
5.41496 54.2469
5.4207 47.0317
5.42644 52.4592
5.43217 54.8876
5.43791 52.5513
5.44364 54.6438
5.44938 53.3093
5.45512 56.9146
5.46085 53.3582
5.46659 49.5816
5.47233 51.4045
5.47806 54.3026
5.4838 53.1235
5.48953 54.1183
5.49527 52.4405
5.50101 54.1791
5.50674 52.6939
5.51248 53.6966
5.51822 53.5946
5.52395 53.988
5.52969 54.4839
5.53542 53.3452
5.54116 58.8824
5.5469 55.6364
5.55263 57.7222
5.55837 51.6944
5.5641 56.3034
5.56984 50.7204
5.57558 52.2976
5.58131 52.5616
5.58705 54.596
5.59279 56.0341
5.59852 52.7619
5.60426 53.2
5.60999 51.2796
5.61573 58.8049
5.62147 55.6533
5.6272 57.0825
5.63294 51.6744
5.63868 54.0746
5.64441 52.8725
5.65015 53.9032
5.65588 54.0595
5.66162 52.3117
5.66736 55.8788
5.67309 54.9535
5.67883 54.2029
5.68456 55.5248
5.6903 54.9889
5.69604 56.0244
5.70177 59.5181
5.70751 56.4947
5.71325 58.0114
5.71898 54.6197
5.72472 57.101
5.73045 60.9462
5.73619 57.5875
5.74193 59.382
5.74766 57.0526
5.7534 60.8068
5.75914 57.7183
5.76487 60.2871
5.77061 62.0319
5.77634 62.1923
5.78208 61.764
5.78782 63.6804
5.79355 62.1279
5.79929 60.64
5.80502 60.3465
5.81076 62.1957
5.8165 59.8919
5.82223 57.875
5.82797 60.1531
5.83371 61.0698
5.83944 62.6709
5.84518 59.3838
5.85091 62.3438
5.85665 60.5231
5.86239 65.2952
5.86812 63.6429
5.87386 63.1628
5.8796 62.6203
5.88533 62
5.89107 62.9239
5.8968 65.1304
5.90254 64.0571
5.90828 63.4388
5.91401 63.9767
5.91975 60.8675
5.92548 66.4141
5.93122 66.7021
5.93696 63.0548
5.94269 64.8381
5.94843 66.3854
5.95417 64.625
5.9599 65.7059
5.96564 69.0404
5.97137 63.7234
5.97711 66.0411
5.98285 71.1748
5.98858 66.6531
5.99432 68.4643
6.00006 66.4494
6.00579 70.4646
6.01153 71.5426
6.01726 73.84
6.023 72.7429
6.02874 71.4271
6.03447 72.2159
6.04021 72.3889
6.04594 73.8775
6.05168 74.9688
6.05742 74.1299
6.06315 77.381
6.06889 71.3021
6.07463 76.2262
6.08036 78.8936
6.0861 77.5408
6.09183 80.9896
6.09757 78.9359
6.10331 77.6226
6.10904 79.3958
6.11478 83.0698
6.12052 77.6042
6.12625 81.4
6.13199 82.3936
6.13772 80.6585
6.14346 84.5196
6.1492 81.5
6.15493 88.275
6.16067 82.2843
6.1664 84.1327
6.17214 91.6383
6.17788 93.0714
6.18361 92.1176
6.18935 95.202
6.19509 91.4533
6.20082 95.7523
6.20656 100.794
6.21229 106.729
6.21803 107.854
6.22377 106.934
6.2295 112.82
6.23524 123.187
6.24098 115.495
6.24671 120.235
6.25245 126.787
6.25818 141.872
6.26392 137.961
6.26966 199.078
6.27539 490.36
6.28113 200.266
6.28686 1987.49
6.2926 6320.44
6.29834 742.795
6.30407 1239.82
6.30981 873.784
6.31555 536.115
6.32128 250.398
6.32702 231.481
6.33275 217.188
6.33849 214.92
6.34423 202.019
6.34996 218.667
6.3557 235.051
6.36144 245.537
6.36717 281.808
6.37291 309.053
6.37864 314.744
6.38438 293.575
6.39012 264.755
6.39585 241.75
6.40159 215
6.40732 188.398
6.41306 167.798
6.4188 150.946
6.42453 138.774
6.43027 134.441
6.43601 129.634
6.44174 121.217
6.44748 125.278
6.45321 119.117
6.45895 119.707
6.46469 113.762
6.47042 116.165
6.47616 109
6.4819 107.427
6.48763 102.231
6.49337 102.634
6.4991 97.5368
6.50484 98.4259
6.51058 97.451
6.51631 92.9524
6.52205 94.9545
6.52778 96.2963
6.53352 98.9565
6.53926 93.8854
6.54499 96.7778
6.55073 94.8431
6.55647 96.6429
6.5622 91.7168
6.56794 94.8426
6.57367 95.9462
6.57941 93.9684
6.58515 96.7589
6.59088 95.3269
6.59662 91.4881
6.60236 89.9737
6.60809 89.2736
6.61383 88.3118
6.61956 89.9381
6.6253 89.7054
6.63104 91.1765
6.63677 89.2907
6.64251 93
6.64824 90.3271
6.65398 88.5385
6.65972 90.049
6.66545 89.8661
6.67119 90.8365
6.67693 91.1628
6.68266 88.7328
6.6884 93.3519
6.69413 91.1868
6.69987 93.6796
6.70561 87.25
6.71134 92.2308
6.71708 90.2955
6.72282 86.1667
6.72855 89.9352
6.73429 86.9663
6.74002 91.5943
6.74576 89.4174
6.7515 89.5922
6.75723 87.5955
6.76297 88.8448
6.7687 87.6875
6.77444 89.6742
6.78018 88.4476
6.78591 87.9914
6.79165 92.3271
6.79739 88.3333
6.80312 88.2281
6.80886 91.0089
6.81459 89.5824
6.82033 94.0286
6.82607 89.8534
6.8318 89.3905
6.83754 88.0568
6.84328 89.7692
6.84901 90.6786
6.85475 88.3297
6.86048 84.9083
6.86622 90.6207
6.87196 92.6075
6.87769 90.4828
6.88343 89.8983
6.88916 89.5614
6.8949 91.092
6.90064 90
6.90637 89.4912
6.91211 94.8692
6.91785 87.9425
6.92358 92.1653
6.92932 90.6018
6.93505 90.2809
6.94079 88.8938
6.94653 92.6293
6.95226 92.3271
6.958 93.1429
6.96374 89.1
6.96947 94.0175
6.97521 95.3956
6.98094 93.3243
6.98668 91.5948
6.99242 93.1009
6.99815 90.1348
7.00389 91.7583
7.00962 89.2414
7.01536 92.3043
7.0211 92.6636
7.02683 96.3306
7.03257 95.8785
7.03831 94.2151
7.04404 93.0902
7.04978 92.2696
7.05551 97.1596
7.06125 95.156
7.06699 96.5902
7.07272 99.578
7.07846 95.0899
7.0842 93.5902
7.08993 97.6379
7.09567 99.8387
7.1014 99.5044
7.10714 101.95
7.11288 101.101
7.11861 98.5652
7.12435 98.7177
7.13008 100.667
7.13582 100.385
7.14156 102.73
7.14729 102.517
7.15303 100.514
7.15877 101.022
7.1645 102.347
7.17024 104.798
7.17597 106.459
7.18171 105.449
7.18745 104.713
7.19318 107
7.19892 104.554
7.20466 106.811
7.21039 102.88
7.21613 108.273
7.22186 102.917
7.2276 109.008
7.23334 110.766
7.23907 112.165
7.24481 115.024
7.25054 109.218
7.25628 110.47
7.26202 111.865
7.26775 114.205
7.27349 113.568
7.27923 113.57
7.28496 114.866
7.2907 117.445
7.29643 126.388
7.30217 122.87
7.30791 126.653
7.31364 125.538
7.31938 122.258
7.32512 126.1
7.33085 131.264
7.33659 134.875
7.34232 122.99
7.34806 133.738
7.3538 146.189
7.35953 136.559
7.36527 156.836
7.371 201.355
7.37674 493.683
7.38248 199.955
7.38821 1774.02
7.39395 1321.34
7.39969 756.804
7.40542 1498.5
7.41116 637.813
7.41689 395.264
7.42263 256.972
7.42837 229.214
7.4341 223.924
7.43984 215.517
7.44558 225.522
7.45131 232.727
7.45705 255.082
7.46278 265.777
7.46852 297.169
7.47426 330.627
7.47999 339.733
7.48573 332.511
7.49146 308.72
7.4972 273.836
7.50294 241.477
7.50867 219.008
7.51441 194.345
7.52015 176.571
7.52588 161.78
7.53162 154.448
7.53735 139.714
7.54309 134.272
7.54883 128.045
7.55456 122.983
7.5603 130.711
7.56604 121.704
7.57177 113.672
7.57751 113.017
7.58324 109.755
7.58898 107.489
7.59472 106.033
7.60045 103.33
7.60619 101.65
7.61192 100.829
7.61766 100.112
7.6234 99.2772
7.62913 99.9015
7.63487 100.512
7.64061 101.676
7.64634 95.6911
7.65208 96.1473
7.65781 100.126
7.66355 96.4898
7.66929 97.4254
7.67502 95.371
7.68076 99.5566
7.6865 98.2101
7.69223 99.7634
7.69797 98.1949
7.7037 102.307
7.70944 104.261
7.71518 131.642
7.72091 181.755
7.72665 249.393
7.73238 545.992
7.73812 183.016
7.74386 147.541
7.74959 153.877
7.75533 126.19
7.76107 121.135
7.7668 116.763
7.77254 122.725
7.77827 131.631
7.78401 135.586
7.78975 146.704
7.79548 159.961
7.80122 176.155
7.80696 184.991
7.81269 189.338
7.81843 180.573
7.82416 168.095
7.8299 150.043
7.83564 136.992
7.84137 124.641
7.84711 116.964
7.85284 110.237
7.85858 101.008
7.86432 101.814
7.87005 94.2662
7.87579 92.1484
7.88153 88.1311
7.88726 86.9252
7.893 88.7185
7.89873 86.4141
7.90447 88.0098
7.91021 86.2406
7.91594 84.9924
7.92168 84.1083
7.92742 82.3208
7.93315 77.9124
7.93889 78.9606
7.94462 79.6283
7.95036 77.0992
7.9561 80.9697
7.96183 78.5317
7.96757 78.5524
7.9733 77.3212
7.97904 78.1538
7.98478 76.9018
7.99051 75.552
7.99625 72.7068
8.00199 74.6048
8.00772 73.7525
8.01346 75.9352
8.01919 74.4211
8.02493 77.3025
8.03067 76.8938
8.0364 76.0956
8.04214 71.1339
8.04788 75.3786
8.05361 74.0648
8.05935 74.375
8.06508 70
8.07082 71.4786
8.07656 68.8321
8.08229 71.6328
8.08803 71.1515
8.09376 67.8182
8.0995 63.3333
8.10524 61.2033
8.11097 53.4602
8.11671 50.4493
8.12245 47.4341
8.12818 43.0901
8.13392 40.8636
8.13965 38.3431
8.14539 37.6855
8.15113 33.9009
8.15686 16.8905
8.1626 16.4074
8.16834 15.5254
8.17407 14.6842
8.17981 1
8.18554 0
8.19128 0
8.19702 0
8.20275 0
8.20849 0
8.21422 0
8.21996 0
8.2257 0
8.23143 0
8.23717 0
8.24291 0
8.24864 0
8.25438 0
8.26011 0
8.26585 0
8.27159 0
8.27732 0
8.28306 0
8.2888 0
8.29453 0
8.30027 0
8.306 0
8.31174 0
8.31748 0
8.32321 0
8.32895 0
8.33468 0
8.34042 0
8.34616 0
8.35189 0
8.35763 0
8.36337 0
8.3691 0
8.37484 0
8.38057 0
8.38631 0
8.39205 0
8.39778 0
8.40352 0
8.40926 0
8.41499 0
8.42073 0
8.42646 0
8.4322 0
8.43794 0
8.44367 0
8.44941 0
8.45514 0
8.46088 0
8.46662 0
8.47235 0
8.47809 0
8.48383 0
8.48956 0
8.4953 0
8.50103 0
8.50677 0
8.51251 0
8.51824 0
8.52398 0
8.52972 0
8.53545 0
8.54119 0
8.54692 0
8.55266 0
8.5584 0
8.56413 0
8.56987 0
8.5756 0
8.58134 0
8.58708 0
8.59281 0
8.59855 0
8.60429 0
8.61002 0
8.61576 0
8.62149 0
8.62723 0
8.63297 0
8.6387 0
8.64444 0
8.65018 0
8.65591 0
8.66165 0
8.66738 0
8.67312 0
8.67886 0
8.68459 0
8.69033 0
8.69606 0
8.7018 0
8.70754 0
8.71327 0
8.71901 0
8.72475 0
8.73048 0
8.73622 0
8.74195 0
8.74769 0
8.75343 0
8.75916 0
8.7649 0
8.77064 0
8.77637 0
8.78211 0
8.78784 0
8.79358 0
8.79932 0
8.80505 0
8.81079 0
8.81652 0
8.82226 0
8.828 0
8.83373 0
8.83947 0
8.84521 0
8.85094 0
8.85668 0
8.86241 0
8.86815 0
8.87389 0
8.87962 0
8.88536 0
8.8911 0
8.89683 0
8.90257 0
8.9083 0
8.91404 0
8.91978 0
8.92551 0
8.93125 0
8.93698 0
8.94272 0
8.94846 0
8.95419 0
8.95993 0
8.96567 0
8.9714 0
8.97714 0
8.98287 0
8.98861 0
8.99435 0
9.00008 0
9.00582 0
9.01156 0
9.01729 0
9.02303 0
9.02876 0
9.0345 0
9.04024 0
9.04597 0
9.05171 0
9.05744 0
9.06318 0
9.06892 0
9.07465 0
9.08039 0
9.08613 0
9.09186 0
9.0976 0
9.10333 0
9.10907 0
9.11481 0
9.12054 0
9.12628 0
9.13202 0
9.13775 0
9.14349 0
9.14922 0
9.15496 0
9.1607 0
9.16643 0
9.17217 0
9.1779 0
9.18364 0
9.18938 0
9.19511 0
9.20085 0
9.20659 0
9.21232 0
9.21806 0
9.22379 0
9.22953 0
9.23527 0
9.241 0
9.24674 0
9.25248 0
9.25821 0
9.26395 0
9.26968 0
9.27542 0
9.28116 0
9.28689 0
9.29263 0
9.29836 0
9.3041 0
9.30984 0
9.31557 0
9.32131 0
9.32705 0
9.33278 0
9.33852 0
9.34425 0
9.34999 0
9.35573 0
9.36146 0
9.3672 0
9.37294 0
9.37867 0
9.38441 0
9.39014 0
9.39588 0
9.40162 0
9.40735 0
9.41309 0
9.41882 0
9.42456 0
9.4303 0
9.43603 0
9.44177 0
9.44751 0
9.45324 0
9.45898 0
9.46471 0
9.47045 0
9.47619 0
9.48192 0
9.48766 0
9.4934 0
9.49913 0
9.50487 0
9.5106 0
9.51634 0
9.52208 0
9.52781 0
9.53355 0
9.53928 0
9.54502 0
9.55076 0
9.55649 0
9.56223 0
9.56797 0
9.5737 0
9.57944 0
9.58517 0
9.59091 0
9.59665 0
9.60238 0
9.60812 0
9.61386 0
9.61959 0
9.62533 0
9.63106 0
9.6368 0
9.64254 0
9.64827 0
9.65401 0
9.65974 0
9.66548 0
9.67122 0
9.67695 0
9.68269 0
9.68843 0
9.69416 0
9.6999 0
9.70563 0
9.71137 0
9.71711 0
9.72284 0
9.72858 0
9.73432 0
9.74005 0
9.74579 0
9.75152 0
9.75726 0
9.763 0
9.76873 0
9.77447 0
9.7802 0
9.78594 0
9.79168 0
9.79741 0
9.80315 0
9.80889 0
9.81462 0
9.82036 0
9.82609 0
9.83183 0
9.83757 0
9.8433 0
9.84904 0
9.85478 0
9.86051 0
9.86625 0
9.87198 0
9.87772 0
9.88346 0
9.88919 0
9.89493 0
9.90066 0
9.9064 0
9.91214 0
9.91787 0
9.92361 0
9.92935 0
9.93508 0
9.94082 0
9.94655 0
9.95229 0
9.95803 0
9.96376 0
9.9695 0
9.97524 0
9.98097 0
9.98671 0
9.99244 0
9.99818 0
10.0039 0
10.0097 0
10.0154 0
10.0211 0
10.0269 0
10.0326 0
10.0383 0
10.0441 0
10.0498 0
10.0555 0
10.0613 0
10.067 0
10.0728 0
10.0785 0
10.0842 0
10.09 0
10.0957 0
10.1014 0
10.1072 0
10.1129 0
10.1186 0
10.1244 0
10.1301 0
10.1358 0
10.1416 0
10.1473 0
10.1531 0
10.1588 0
10.1645 0
10.1703 0
10.176 0
10.1817 0
10.1875 0
10.1932 0
10.1989 0
10.2047 0
10.2104 0
10.2162 0
10.2219 0
10.2276 0
10.2334 0
10.2391 0
10.2448 0
10.2506 0
10.2563 0
10.262 0
10.2678 0
10.2735 0
10.2793 0
10.285 0
10.2907 0
10.2965 0
10.3022 0
10.3079 0
10.3137 0
10.3194 0
10.3251 0
10.3309 0
10.3366 0
10.3424 0
10.3481 0
10.3538 0
10.3596 0
10.3653 0
10.371 0
10.3768 0
10.3825 0
10.3882 0
10.394 0
10.3997 0
10.4054 0
10.4112 0
10.4169 0
10.4227 0
10.4284 0
10.4341 0
10.4399 0
10.4456 0
10.4513 0
10.4571 0
10.4628 0
10.4685 0
10.4743 0
10.48 0
10.4858 0
10.4915 0
10.4972 0
10.503 0
10.5087 0
10.5144 0
10.5202 0
10.5259 0
10.5316 0
10.5374 0
10.5431 0
10.5489 0
10.5546 0
10.5603 0
10.5661 0
10.5718 0
10.5775 0
10.5833 0
10.589 0
10.5947 0
10.6005 0
10.6062 0
10.612 0
10.6177 0
10.6234 0
10.6292 0
10.6349 0
10.6406 0
10.6464 0
10.6521 0
10.6578 0
10.6636 0
10.6693 0
10.6751 0
10.6808 0
10.6865 0
10.6923 0
10.698 0
10.7037 0
10.7095 0
10.7152 0
10.7209 0
10.7267 0
10.7324 0
10.7381 0
10.7439 0
10.7496 0
10.7554 0
10.7611 0
10.7668 0
10.7726 0
10.7783 0
10.784 0
10.7898 0
10.7955 0
10.8012 0
10.807 0
10.8127 0
10.8185 0
10.8242 0
10.8299 0
10.8357 0
10.8414 0
10.8471 0
10.8529 0
10.8586 0
10.8643 0
10.8701 0
10.8758 0
10.8816 0
10.8873 0
10.893 0
10.8988 0
10.9045 0
10.9102 0
10.916 0
10.9217 0
10.9274 0
10.9332 0
10.9389 0
10.9447 0
10.9504 0
10.9561 0
10.9619 0
10.9676 0
10.9733 0
10.9791 0
10.9848 0
10.9905 0
10.9963 0
11.002 0
11.0077 0
11.0135 0
11.0192 0
11.025 0
11.0307 0
11.0364 0
11.0422 0
11.0479 0
11.0536 0
11.0594 0
11.0651 0
11.0708 0
11.0766 0
11.0823 0
11.0881 0
11.0938 0
11.0995 0
11.1053 0
11.111 0
11.1167 0
11.1225 0
11.1282 0
11.1339 0
11.1397 0
11.1454 0
11.1512 0
11.1569 0
11.1626 0
11.1684 0
11.1741 0
11.1798 0
11.1856 0
11.1913 0
11.197 0
11.2028 0
11.2085 0
11.2143 0
11.22 0
11.2257 0
11.2315 0
11.2372 0
11.2429 0
11.2487 0
11.2544 0
11.2601 0
11.2659 0
11.2716 0
11.2774 0
11.2831 0
11.2888 0
11.2946 0
11.3003 0
11.306 0
11.3118 0
11.3175 0
11.3232 0
11.329 0
11.3347 0
11.3404 0
11.3462 0
11.3519 0
11.3577 0
11.3634 0
11.3691 0
11.3749 0
11.3806 0
11.3863 0
11.3921 0
11.3978 0
11.4035 0
11.4093 0
11.415 0
11.4208 0
11.4265 0
11.4322 0
11.438 0
11.4437 0
11.4494 0
11.4552 0
11.4609 0
11.4666 0
11.4724 0
11.4781 0
11.4839 0
11.4896 0
11.4953 0
11.5011 0
11.5068 0
11.5125 0
11.5183 0
11.524 0
11.5297 0
11.5355 0
11.5412 0
11.547 0
11.5527 0
11.5584 0
11.5642 0
11.5699 0
11.5756 0
11.5814 0
11.5871 0
11.5928 0
11.5986 0
11.6043 0
11.61 0
11.6158 0
11.6215 0
11.6273 0
11.633 0
11.6387 0
11.6445 0
11.6502 0
11.6559 0
11.6617 0
11.6674 0
11.6731 0
11.6789 0
11.6846 0
11.6904 0
11.6961 0
11.7018 0
11.7076 0
11.7133 0
11.719 0
11.7248 0
11.7305 0
11.7362 0
11.742 0
