0 0
0.00573619 1
0.0114724 -16
0.0172086 0
0.0229448 0
0.028681 18
0.0344171 0
0.0401533 9
0.0458895 34
0.0516257 0
0.0573619 0
0.0630981 -9
0.0688343 0
0.0745705 0
0.0803067 10
0.0860429 -21
0.091779 0
0.0975152 -6
0.103251 7.33333
0.108988 -4.33333
0.114724 0
0.12046 4
0.126196 -3.33333
0.131932 0
0.137669 11
0.143405 5
0.149141 17
0.154877 15.5
0.160613 5.66667
0.16635 -6.33333
0.172086 0
0.177822 -4
0.183558 3
0.189294 0
0.19503 -5.4
0.200767 0.4
0.206503 6.33333
0.212239 11.5
0.217975 3.6
0.223711 5.2
0.229448 0
0.235184 -1.8
0.24092 -2.4
0.246656 0
0.252392 1
0.258129 9.2
0.263865 -1.8
0.269601 0
0.275337 11.8
0.281073 15.4286
0.28681 0
0.292546 11.2857
0.298282 5.28571
0.304018 4
0.309754 6.5
0.31549 -1.71429
0.321227 8.14286
0.326963 0
0.332699 5.57143
0.338435 2.71429
0.344171 0
0.349908 0.285714
0.355644 1.71429
0.36138 9.4
0.367116 1.5
0.372852 3.125
0.378589 0.428571
0.384325 3.5
0.390061 3.22222
0.395797 -0.777778
0.401533 0
0.40727 6.55556
0.413006 12.2222
0.418742 10.2857
0.424478 8
0.430214 10.1111
0.43595 19.4444
0.441687 0
0.447423 14.6667
0.453159 22.5556
0.458895 21.3333
0.464631 20.5714
0.470368 16.6364
0.476104 20.7778
0.48184 14
0.487576 15
0.493312 19.2727
0.499049 0
0.504785 20.8182
0.510521 25.6364
0.516257 8.4
0.521993 11.3333
0.52773 19.1818
0.533466 28.5556
0.539202 19
0.544938 29.5455
0.550674 31.3636
0.55641 0
0.562147 23
0.567883 28
0.573619 27.5714
0.579355 9.16667
0.585091 23.0769
0.590828 13.8182
0.596564 9.5
0.6023 13.7692
0.608036 13.8462
0.613772 18.8
0.619509 19.25
0.625245 4.07692
0.630981 13.4444
0.636717 15
0.642453 14.8462
0.64819 30.4615
0.653926 25
0.659662 24.4667
0.665398 23.3333
0.671134 37.2857
0.67687 32.125
0.682607 28.4
0.688343 20.8182
0.694079 22
0.699815 30.6
0.705551 29.7333
0.711288 11
0.717024 29.8571
0.72276 31.3333
0.728496 27.1111
0.734232 30.3333
0.739969 27.6875
0.745705 40.4615
0.751441 28
0.757177 32.8824
0.762913 28.3529
0.76865 24.8
0.774386 25.8333
0.780122 26.7647
0.785858 33.5455
0.791594 35
0.79733 29.7059
0.803067 22.9333
0.808803 28.5
0.814539 26.2353
0.820275 24.5294
0.826011 21.2222
0.831748 33.625
0.837484 27.8333
0.84322 27.7692
0.848956 23.3333
0.854692 33.6842
0.860429 26.9412
0.866165 16.4
0.871901 31.625
0.877637 29.8421
0.883373 31.4545
0.88911 24.125
0.894846 31.6842
0.900582 33.8
0.906318 30.5
0.912054 31.7895
0.91779 34.5294
0.923527 32.5556
0.929263 29.3846
0.934999 34.05
0.940735 28.4615
0.946471 29.125
0.952208 28.619
0.957944 26.5294
0.96368 25
0.969416 23.5714
0.975152 33.3684
0.980889 29
0.986625 29.25
0.992361 30.1429
0.998097 28.3333
1.00383 31.1667
1.00957 31.4286
1.01531 35.9412
1.02104 39.2
1.02678 29.4118
1.03251 25.0952
1.03825 32
1.04399 34.5833
1.04972 30.5652
1.05546 30.2941
1.0612 29
1.06693 30.9565
1.07267 30.5263
1.0784 26.7692
1.08414 34.7857
1.08988 35.087
1.09561 27.5333
1.10135 27.625
1.10708 27.9565
1.11282 26.2941
1.11856 27.1429
1.12429 27
1.13003 26.8095
1.13577 38.2
1.1415 34
1.14724 31.12
1.15297 21.8
1.15871 30.7
1.16445 30.52
1.17018 32.1579
1.17592 29.7692
1.18166 27.9444
1.18739 29.8696
1.19313 26.8
1.19886 34.1667
1.2046 34.12
1.21034 28.6111
1.21607 23.1111
1.22181 30.9259
1.22754 26.5714
1.23328 30.7059
1.23902 25.875
1.24475 30.36
1.25049 33.1176
1.25623 26.9167
1.26196 23.963
1.2677 30.6842
1.27343 28.1538
1.27917 20.6818
1.28491 28.2609
1.29064 28.8824
1.29638 34.8667
1.30212 30.3704
1.30785 25.5
1.31359 36.0909
1.31932 30.2414
1.32506 37.6667
1.3308 29.4706
1.33653 31.9
1.34227 32.08
1.348 30.2632
1.35374 23.6429
1.35948 26.4815
1.36521 29.381
1.37095 36.9
1.37669 24.6897
1.38242 28.3478
1.38816 30.4706
1.39389 37.6316
1.39963 26.5185
1.40537 26.95
1.4111 15.3571
1.41684 30.9655
1.42258 31.087
1.42831 28.7647
1.43405 31.0833
1.43978 24.92
1.44552 24.4762
1.45126 30.1875
1.45699 30.7241
1.46273 28
1.46846 38
1.4742 26.7742
1.47994 33.1739
1.48567 32.45
1.49141 24.2857
1.49715 25.0741
1.50288 28.3182
1.50862 28.6875
1.51435 26.5862
1.52009 36.36
1.52583 33.8667
1.53156 31.9333
1.5373 26.64
1.54304 32.6667
1.54877 26.5
1.55451 30.7241
1.56024 27.3043
1.56598 29.2143
1.57172 24.6452
1.57745 33.3077
1.58319 24.85
1.58892 27.52
1.59466 25.2222
1.6004 27.72
1.60613 22.1111
1.61187 29.4839
1.61761 28.6
1.62334 35.5
1.62908 27.2727
1.63481 25.1852
1.64055 25.7391
1.64629 30.5455
1.65202 35.5862
1.65776 27.28
1.6635 29.375
1.66923 30.2903
1.67497 31.7143
1.6807 24.3
1.68644 30.5714
1.69218 23.8214
1.69791 36.68
1.70365 28.4545
1.70938 30.8065
1.71512 24.8519
1.72086 31.0625
1.72659 26.2424
1.73233 20.931
1.73807 27.6087
1.7438 29.8846
1.74954 27
1.75527 25.8519
1.76101 26.6842
1.76675 32.7273
1.77248 30.1429
1.77822 30
1.78396 23.5333
1.78969 26.4839
1.79543 26.8889
1.80116 29.4583
1.8069 25.6774
1.81264 27.9655
1.81837 32.1111
1.82411 30.3429
1.82984 28.6207
1.83558 33.04
1.84132 34.1923
1.84705 29.0323
1.85279 31.7143
1.85853 34.1739
1.86426 31.0303
1.87 35.4333
1.87573 28.2353
1.88147 32.1143
1.88721 30.697
1.89294 29.8889
1.89868 36.4231
1.90442 33.3636
1.91015 38.9355
1.91589 29.2
1.92162 29.9714
1.92736 32.2581
1.9331 43.24
1.93883 49.0357
1.94457 43.8788
1.9503 41.5
1.95604 33.9583
1.96178 37.4706
1.96751 33.5
1.97325 24.1
1.97899 30.8378
1.98472 31
1.99046 32.5517
1.99619 32.7692
2.00193 30.0286
2.00767 30.871
2.0134 35.5
2.01914 32.4286
2.02488 30.1515
2.03061 31.28
2.03635 34.4375
2.04208 23.8529
2.04782 32.2188
2.05356 37.7083
2.05929 30.3889
2.06503 25.5588
2.07076 29.7273
2.0765 37
2.08224 28.6857
2.08797 33.3448
2.09371 31
2.09945 33.8108
2.10518 34.8485
2.11092 36.9167
2.11665 33.9189
2.12239 36.3714
2.12813 29.8696
2.13386 34.3243
2.1396 31.7222
2.14534 28.5
2.15107 30.1923
2.15681 33.9211
2.16254 31.4722
2.16828 34.1364
2.17402 35.5128
2.17975 37.973
2.18549 34.4516
2.19122 30.9667
2.19696 34.6486
2.2027 42.3143
2.20843 37.875
2.21417 79.4359
2.21991 85.3243
2.22564 39.3182
2.23138 42.3
2.23711 40.0789
2.24285 38.9118
2.24859 37.4286
2.25432 36.4474
2.26006 37.4615
2.2658 29.1818
2.27153 32.3902
2.27727 37.5897
2.283 30.6452
2.28874 32.5312
2.29448 27.5641
2.30021 32
2.30595 44.1538
2.31168 40.5897
2.31742 37.75
2.32316 40.5909
2.32889 41
2.33463 43.725
2.34037 44.8333
2.3461 47.6786
2.35184 54.2143
2.35757 55.4595
2.36331 53.5769
2.36905 53.9512
2.37478 52.7561
2.38052 49.129
2.38626 47
2.39199 43.9302
2.39773 42.1351
2.40346 40.5769
2.4092 39.6136
2.41494 38.125
2.42067 40.5
2.42641 40.2273
2.43214 36.1905
2.43788 34.1429
2.44362 39.9355
2.44935 39.2889
2.45509 34.7436
2.46083 38.2308
2.46656 36.4
2.4723 34.2195
2.47803 36.2069
2.48377 39.175
2.48951 38.814
2.49524 38.9487
2.50098 33.0769
2.50672 41.3478
2.51245 43.5476
2.51819 41.4167
2.52392 47.7609
2.52966 35.9545
2.5354 42.1212
2.54113 35.9143
2.54687 38.0889
2.5526 38.2195
2.55834 37.3462
2.56408 39.4043
2.56981 36.6279
2.57555 38.1379
2.58129 38.7857
2.58702 39.6222
2.59276 40.7568
2.59849 36.1818
2.60423 40.9783
2.60997 36.0909
2.6157 42.3333
2.62144 39.0833
2.62718 38.1522
2.63291 35.8857
2.63865 39.5
2.64438 42.5106
2.65012 41.7317
2.65586 37.1667
2.66159 39.766
2.66733 40.3778
2.67306 38.32
2.6788 34.6042
2.68454 38.7917
2.69027 42.2051
2.69601 38.1515
2.70175 41.3958
2.70748 37.9333
2.71322 39.6296
2.71895 43.0417
2.72469 44.8125
2.73043 38
2.73616 40.8421
2.7419 43.1633
2.74764 38.2093
2.75337 36.8
2.75911 33.1837
2.76484 36.1429
2.77058 35.2917
2.77632 37.551
2.78205 39.72
2.78779 39.7179
2.79352 36.5714
2.79926 37.1346
2.805 34.0222
2.81073 38.9259
2.81647 35.0192
2.82221 40.3878
2.82794 38.7568
2.83368 39.5789
2.83941 38.2453
2.84515 42.0244
2.85089 37.9375
2.85662 42.1887
2.86236 37.9796
2.8681 38.3333
2.87383 40.037
2.87957 40.76
2.8853 39.1463
2.89104 37.8108
2.89678 39.8077
2.90251 44.2889
2.90825 43.2759
2.91398 53.5556
2.91972 41.4706
2.92546 41.973
2.93119 45.2619
2.93693 39.6792
2.94267 40.8
2.9484 39.375
2.95414 45.0943
2.95987 45.3265
2.96561 44.5185
2.97135 41.875
2.97708 41.963
2.98282 45.0769
2.98856 38.6667
2.99429 43.0185
3.00003 44.1702
3.00576 43.5484
3.0115 43.9273
3.01724 45.9811
3.02297 37.2432
3.02871 44.9545
3.03444 47.1455
3.04018 43.3111
3.04592 42.1176
3.05165 45.9273
3.05739 50.2549
3.06313 49.0345
3.06886 45.1607
3.0746 44.7091
3.08033 50.4773
3.08607 51.5946
3.09181 53.9107
3.09754 58.7959
3.10328 65.1613
3.10902 65.9492
3.11475 65.8491
3.12049 59.9487
3.12622 53.6304
3.13196 55.3455
3.1377 55.0851
3.14343 55.6111
3.14917 53.9483
3.1549 55.2353
3.16064 50.069
3.16638 52.1
3.17211 52.6
3.17785 57.5682
3.18359 61.4146
3.18932 58.2586
3.19506 49.102
3.20079 50.4412
3.20653 53.2542
3.21227 53.8302
3.218 57.9756
3.22374 52.6042
3.22948 54.7627
3.23521 53.9111
3.24095 57.6923
3.24668 58.8833
3.25242 59.2453
3.25816 54.7059
3.26389 61.3333
3.26963 59.5614
3.27536 60.1304
3.2811 62.8537
3.28684 65.4
3.29257 63.3061
3.29831 69.3889
3.30405 74.6667
3.30978 77.4727
3.31552 76.6977
3.32125 80.4792
3.32699 81.3509
3.33273 84.7255
3.33846 88.9231
3.3442 86.7903
3.34994 78.0588
3.35567 78.5526
3.36141 74.0339
3.36714 76.8947
3.37288 72.5625
3.37862 73.4419
3.38435 72.6393
3.39009 72.1321
3.39582 69.5278
3.40156 68.746
3.4073 75.7636
3.41303 72.766
3.41877 76.4375
3.42451 79.918
3.43024 73.94
3.43598 74.6098
3.44171 73.9683
3.44745 69.5357
3.45319 72.1905
3.45892 79.8364
3.46466 77.983
3.4704 80.5
3.47613 76.0233
3.48187 77.5556
3.4876 84.4717
3.49334 80.9737
3.49908 87.3433
3.50481 83.2982
3.51055 77.9362
3.51628 87.451
3.52202 94.8197
3.52776 105.407
3.53349 116.512
3.53923 135.169
3.54497 170.611
3.5507 181.333
3.55644 172.345
3.56217 136.051
3.56791 112.538
3.57365 104.804
3.57938 101.092
3.58512 98.3636
3.59086 98.0789
3.59659 100.388
3.60233 97.4746
3.60806 97.9216
3.6138 99.898
3.61954 105.444
3.62527 113.607
3.63101 121.756
3.63674 122.881
3.64248 149.862
3.64822 160.542
3.65395 172.544
3.65969 174.984
3.66543 158.481
3.67116 153.043
3.6769 152.952
3.68263 152.508
3.68837 151.289
3.69411 155.188
3.69984 153.847
3.70558 150.333
3.71132 148.059
3.71705 154.954
3.72279 166.554
3.72852 155.07
3.73426 158.657
3.74 166.758
3.74573 169.1
3.75147 173.473
3.7572 182.365
3.76294 184.627
3.76868 189.364
3.77441 197.821
3.78015 213.322
3.78589 214.957
3.79162 234.578
3.79736 248.062
3.80309 262.518
3.80883 277.059
3.81457 307.262
3.8203 347.467
3.82604 371.233
3.83178 417.899
3.83751 517.984
3.84325 660.125
3.84898 1012.51
3.85472 1507.7
3.86046 1584.72
3.86619 1345.67
3.87193 1859.04
3.87766 2429.34
3.8834 3110.16
3.88914 3955.77
3.89487 4802.12
3.90061 4319
3.90635 3475.67
3.91208 2495.24
3.91782 1718.98
3.92355 1277.95
3.92929 1000.46
3.93503 782.656
3.94076 622.724
3.9465 551.13
3.95224 475.418
3.95797 427.571
3.96371 383.348
3.96944 350.169
3.97518 323.079
3.98092 292.536
3.98665 280.759
3.99239 273.235
3.99812 257.435
4.00386 247.551
4.0096 232.783
4.01533 229.984
4.02107 218.8
4.02681 217.061
4.03254 223.303
4.03828 213.817
4.04401 207.135
4.04975 202.732
4.05549 195.892
4.06122 182.174
4.06696 182.87
4.0727 183.086
4.07843 177.8
4.08417 175.071
4.0899 172.324
4.09564 172.969
4.10138 166.12
4.10711 165.389
4.11285 168.076
4.11858 159.5
4.12432 159.726
4.13006 159.647
4.13579 160.508
4.14153 152.788
4.14727 158.781
4.153 158.358
4.15874 155.864
4.16447 159.781
4.17021 160.125
4.17595 151.903
4.18168 149.411
4.18742 150.7
4.19316 151.061
4.19889 155.54
4.20463 154.676
4.21036 158.676
4.2161 150
4.22184 152.121
4.22757 151.444
4.23331 153.433
4.23904 149.46
4.24478 153.4
4.25052 149.899
4.25625 147.982
4.26199 150.188
4.26773 151.139
4.27346 154.758
4.2792 152.982
4.28493 148.903
4.29067 158.557
4.29641 153.854
4.30214 152.395
4.30788 162.371
4.31362 158.531
4.31935 166.286
4.32509 165.635
4.33082 169.391
4.33656 171.68
4.3423 171.347
4.34803 177.122
4.35377 180.113
4.3595 185.3
4.36524 188.851
4.37098 202.014
4.37671 200.519
4.38245 208.514
4.38819 217.722
4.39392 222.088
4.39966 233.464
4.40539 249.944
4.41113 266.588
4.41687 286
4.4226 327.351
4.42834 491.726
4.43408 752.125
4.43981 1608.35
4.44555 4950.51
4.45128 2123.57
4.45702 4435.78
4.46276 1227.26
4.46849 710.181
4.47423 729.944
4.47996 712.737
4.4857 784.392
4.49144 842.169
4.49717 888.952
4.50291 913.342
4.50865 862.071
4.51438 769.692
4.52012 665.19
4.52585 540.267
4.53159 450.193
4.53733 398.394
4.54306 332.125
4.5488 289.627
4.55454 267.632
4.56027 241.913
4.56601 223.108
4.57174 207.865
4.57748 193.179
4.58322 181.974
4.58895 172.045
4.59469 160.295
4.60042 156.91
4.60616 151.453
4.6119 151.86
4.61763 147.386
4.62337 146.436
4.62911 142.286
4.63484 139.692
4.64058 130.561
4.64631 128.181
4.65205 121.875
4.65779 119.787
4.66352 120.205
4.66926 112.098
4.675 107.789
4.68073 113.09
4.68647 114.808
4.6922 115.316
4.69794 112.925
4.70368 117.234
4.70941 113.12
4.71515 119.082
4.72088 119.125
4.72662 122.043
4.73236 120.016
4.73809 121.451
4.74383 125.359
4.74957 113.962
4.7553 113.238
4.76104 114.312
4.76677 109.478
4.77251 105.431
4.77825 98.2195
4.78398 96.92
4.78972 93.7818
4.79546 94.4471
4.80119 92.1266
4.80693 87.8615
4.81266 89.0704
4.8184 89.2619
4.82414 88.9726
4.82987 88.1148
4.83561 87.2619
4.84134 91.425
4.84708 86.9623
4.85282 83.0235
4.85855 83.9146
4.86429 85.507
4.87003 82.6557
4.87576 82.9535
4.8815 81.8333
4.88723 83.0926
4.89297 81.7176
4.89871 81.7262
4.90444 81.493
4.91018 82.3881
4.91592 78.119
4.92165 79.4684
4.92739 79.2982
4.93312 80.186
4.93886 82.4167
4.9446 76.6418
4.95033 75.9437
4.95607 78.0349
4.9618 80.4416
4.96754 78.8475
4.97328 81.7907
4.97901 81.9398
4.98475 77.2459
4.99049 76.7179
4.99622 79.3977
5.00196 74.5479
5.00769 76.5873
5.01343 77.0455
5.01917 74.4819
5.0249 76.9434
5.03064 75.6889
5.03638 73.814
5.04211 77.1867
5.04785 73.5538
5.05358 76.1047
5.05932 77.358
5.06506 84.3509
5.07079 77.1932
5.07653 75.5172
5.08226 75.1549
5.088 76.5352
5.09374 72.1778
5.09947 78.2208
5.10521 75.5714
5.11095 72.5222
5.11668 76.5412
5.12242 70.1364
5.12815 73.0519
5.13389 75.8778
5.13963 76
5.14536 74.3443
5.1511 74.5
5.15684 77.759
5.16257 72.2258
5.16831 75.5
5.17404 76.9101
5.17978 75.5385
5.18552 77.8955
5.19125 76.3
5.19699 73.7349
5.20272 70.0339
5.20846 71.5652
5.2142 73.5955
5.21993 74.4342
5.22567 75.8986
5.23141 74.7935
5.23714 73.3827
5.24288 72.8689
5.24861 77.3804
5.25435 76.3596
5.26009 77
5.26582 73.7105
5.27156 74.8791
5.2773 76.6375
5.28303 76.9846
5.28877 74.4574
5.2945 75.9425
5.30024 75.1528
5.30598 76.0886
5.31171 79.9438
5.31745 79.3049
5.32318 79.1692
5.32892 79.4468
5.33466 78.8276
5.34039 75.5758
5.34613 70.9765
5.35187 75.033
5.3576 78.8272
5.36334 74.597
5.36907 78.2812
5.37481 75.0824
5.38055 86.5574
5.38628 87.75
5.39202 96.4176
5.39776 99.25
5.40349 99.4084
5.40923 86.4792
5.41496 80.5185
5.4207 78.2222
5.42644 75.9592
5.43217 78.1685
5.43791 77.9359
5.44364 79.7671
5.44938 80.1134
5.45512 82.8415
5.46085 82.6567
5.46659 75.0918
5.47233 72.6742
5.47806 72.0921
5.4838 72.0494
5.48953 72.8602
5.49527 77.2381
5.50101 76.0299
5.50674 75.398
5.51248 73.6742
5.51822 76.5811
5.52395 71
5.52969 69.5376
5.53542 74.7143
5.54116 70.3824
5.5469 70.6263
5.55263 73.0556
5.55837 74.6389
5.5641 77
5.56984 75.2043
5.57558 77.0595
5.58131 73.589
5.58705 75.0101
5.59279 76.1023
5.59852 69.3492
5.60426 77.39
5.60999 76.0645
5.61573 76.6098
5.62147 75.0533
5.6272 76.0515
5.63294 77.3488
5.63868 74.791
5.64441 74.4902
5.65015 74.6882
5.65588 81.1429
5.66162 77.8312
5.66736 80.2929
5.67309 76.1744
5.67883 83.3188
5.68456 77.2475
5.6903 75.6
5.69604 81.1707
5.70177 78.6747
5.70751 79.5684
5.71325 81.0227
5.71898 79.8169
5.72472 77.1313
5.73045 83.2581
5.73619 79.4
5.74193 84.8315
5.74766 85.021
5.7534 87.8864
5.75914 85.4084
5.76487 86.4554
5.77061 86.3404
5.77634 89.9103
5.78208 90.4831
5.78782 86.0103
5.79355 89.1744
5.79929 87.1067
5.80502 86
5.81076 88.7826
5.8165 87.7297
5.82223 86.9167
5.82797 82.7959
5.83371 90.9302
5.83944 88.2025
5.84518 85.7475
5.85091 89.1354
5.85665 85.4615
5.86239 87.181
5.86812 92.0714
5.87386 85.5233
5.8796 88.1772
5.88533 89.3069
5.89107 89.25
5.8968 94.0725
5.90254 88.3429
5.90828 88.3469
5.91401 91.6744
5.91975 89.6867
5.92548 88.6768
5.93122 90.6383
5.93696 95.5205
5.94269 92.4667
5.94843 91.625
5.95417 92.5682
5.9599 89.9412
5.96564 89.899
5.97137 97.7553
5.97711 94.726
5.98285 97.1553
5.98858 97.7041
5.99432 101.833
6.00006 103.247
6.00579 104.182
6.01153 109.202
6.01726 110.827
6.023 110.562
6.02874 104.573
6.03447 102.875
6.04021 100.889
6.04594 104.449
6.05168 104.583
6.05742 102.636
6.06315 106.143
6.06889 104.208
6.07463 111
6.08036 109.457
6.0861 110.969
6.09183 115.052
6.09757 114.513
6.10331 111.217
6.10904 109.927
6.11478 114.093
6.12052 119.281
6.12625 113.03
6.13199 113.191
6.13772 117.378
6.14346 118.922
6.1492 119.03
6.15493 125.175
6.16067 124.265
6.1664 123.592
6.17214 127.691
6.17788 127.012
6.18361 130.049
6.18935 130.152
6.19509 140.333
6.20082 139.092
6.20656 147.176
6.21229 157.115
6.21803 169.195
6.22377 169.406
6.2295 174.8
6.23524 185.56
6.24098 175.128
6.24671 175.922
6.25245 198.383
6.25818 204.512
6.26392 204.088
6.26966 269.127
6.27539 512.293
6.28113 304.881
6.28686 1734.31
6.2926 6009.33
6.29834 1514.66
6.30407 4413.68
6.30981 2365.95
6.31555 1950.87
6.32128 715.074
6.32702 541.327
6.33275 545.073
6.33849 415.955
6.34423 457.51
6.34996 484.912
6.3557 512.064
6.36144 567.463
6.36717 683.288
6.37291 768.337
6.37864 761.867
6.38438 697.764
6.39012 598.304
6.39585 512.463
6.40159 436.417
6.40732 362.556
6.41306 316.415
6.4188 282
6.42453 251.009
6.43027 234.578
6.43601 221.244
6.44174 210.406
6.44748 202.213
6.45321 193.723
6.45895 193.826
6.46469 194.124
6.47042 182.835
6.47616 175.071
6.4819 170.845
6.48763 159.259
6.49337 153.376
6.4991 147.937
6.50484 150.62
6.51058 148.549
6.51631 146.024
6.52205 141.182
6.52778 141.444
6.53352 143.359
6.53926 140.625
6.54499 143.685
6.55073 144.559
6.55647 143.214
6.5622 138.823
6.56794 143.685
6.57367 143.226
6.57941 141.379
6.58515 136.911
6.59088 138.019
6.59662 130
6.60236 128.43
6.60809 133.726
6.61383 134.763
6.61956 131.67
6.6253 132.875
6.63104 126.686
6.63677 129.907
6.64251 131.965
6.64824 129.888
6.65398 127.011
6.65972 127.157
6.66545 129.259
6.67119 133.615
6.67693 135.721
6.68266 134.517
6.6884 131.537
6.69413 135.11
6.69987 133.796
6.70561 130.554
6.71134 132.106
6.71708 130.841
6.72282 125.904
6.72855 126.657
6.73429 132.067
6.74002 123.83
6.74576 128.643
6.7515 127.184
6.75723 127.011
6.76297 123.336
6.7687 128.205
6.77444 126.865
6.78018 124.495
6.78591 121.345
6.79165 125.729
6.79739 121.287
6.80312 124.825
6.80886 122.714
6.81459 121.593
6.82033 123.038
6.82607 121.44
6.8318 122.21
6.83754 125.136
6.84328 121.932
6.84901 124.795
6.85475 121.67
6.86048 122.835
6.86622 122.207
6.87196 126.009
6.87769 128.299
6.88343 127.288
6.88916 125.096
6.8949 131.609
6.90064 128.85
6.90637 128.333
6.91211 128.645
6.91785 126.701
6.92358 127.901
6.92932 127.336
6.93505 124.888
6.94079 125.646
6.94653 129.103
6.95226 126.85
6.958 124.692
6.96374 128.575
6.96947 127.263
6.97521 126.758
6.98094 127.288
6.98668 127.052
6.99242 125.495
6.99815 127.045
7.00389 126.292
7.00962 127.647
7.01536 132.696
7.0211 125.045
7.02683 129.603
7.03257 129.374
7.03831 127.032
7.04404 132.574
7.04978 134.722
7.05551 129.436
7.06125 131.101
7.06699 133.156
7.07272 135.734
7.07846 131.551
7.0842 136.885
7.08993 136.897
7.09567 134.032
7.1014 135.504
7.10714 141.924
7.11288 143.771
7.11861 143.696
7.12435 146.218
7.13008 142.727
7.13582 141.656
7.14156 143.973
7.14729 145.225
7.15303 145.385
7.15877 145.118
7.1645 144.363
7.17024 144.681
7.17597 146.255
7.18171 146.551
7.18745 148.926
7.19318 151.441
7.19892 149.837
7.20466 151.921
7.21039 151.838
7.21613 157.525
7.22186 155.688
7.2276 159.857
7.23334 156.081
7.23907 157.868
7.24481 160.468
7.25054 160.866
7.25628 160.95
7.26202 160.315
7.26775 162.279
7.27349 169.721
7.27923 165.43
7.28496 172.441
7.2907 174.95
7.29643 179.369
7.30217 179.111
7.30791 180.282
7.31364 193.59
7.31938 185.798
7.32512 193.392
7.33085 198.355
7.33659 210.663
7.34232 196.476
7.34806 218.285
7.3538 237.279
7.35953 218.559
7.36527 262.352
7.371 373.446
7.37674 1147.72
7.38248 537.436
7.38821 4243.87
7.39395 2871.2
7.39969 2418.39
7.40542 1874.13
7.41116 1108.28
7.41689 874.198
7.42263 594.112
7.42837 494.064
7.4341 490.521
7.43984 460.573
7.44558 462.56
7.45131 498.57
7.45705 569.209
7.46278 612.117
7.46852 713.3
7.47426 807.068
7.47999 849.8
7.48573 827.84
7.49146 728.264
7.4972 624.827
7.50294 534.701
7.50867 446.984
7.51441 377.143
7.52015 337.813
7.52588 303.833
7.53162 271.432
7.53735 250.205
7.54309 233.379
7.54883 223.295
7.55456 210.126
7.5603 199.133
7.56604 196.837
7.57177 185.96
7.57751 182.896
7.58324 177.794
7.58898 171.412
7.59472 166
7.60045 172.13
7.60619 165.683
7.61192 163.667
7.61766 161.647
7.6234 161.931
7.62913 161.197
7.63487 156.967
7.64061 155.069
7.64634 154.984
7.65208 155.271
7.65781 156.16
7.66355 152.02
7.66929 151.172
7.67502 155.395
7.68076 157.264
7.6865 158.101
7.69223 164.313
7.69797 170.746
7.7037 166.723
7.70944 193.358
7.71518 345.724
7.72091 663.155
7.72665 1000.89
7.73238 2084.57
7.73812 503.697
7.74386 234.143
7.74959 255.725
7.75533 224.119
7.76107 212.468
7.7668 217.675
7.77254 232.626
7.77827 249.033
7.78401 274.273
7.78975 296.259
7.79548 330.57
7.80122 377.207
7.80696 409.027
7.81269 436.323
7.81843 412
7.82416 382.179
7.8299 325.536
7.83564 274.359
7.84137 235.479
7.84711 209.945
7.85284 190.13
7.85858 169.906
7.86432 161.464
7.87005 153.158
7.87579 148.844
7.88153 142.033
7.88726 137.084
7.893 133.259
7.89873 131.016
7.90447 132.088
7.91021 128.023
7.91594 126.611
7.92168 123.017
7.92742 121.387
7.93315 122.985
7.93889 117.331
7.94462 118.513
7.95036 119.116
7.9561 116.492
7.96183 117.317
7.96757 113.886
7.9733 113.248
7.97904 112.146
7.98478 111.777
7.99051 109.592
7.99625 113.361
8.00199 109.935
8.00772 111.921
8.01346 110.576
8.01919 112.075
8.02493 108.193
8.03067 109.23
8.0364 107.353
8.04214 103.732
8.04788 106.427
8.05361 106.381
8.05935 105.118
8.06508 105.992
8.07082 103.077
8.07656 101.46
8.08229 102.383
8.08803 106.162
8.09376 101.622
8.0995 94.0606
8.10524 89.1057
8.11097 84.885
8.11671 74.6957
8.12245 71.9457
8.12818 67.3243
8.13392 58.6061
8.13965 57.4963
8.14539 57.8952
8.15113 53.7748
8.15686 24.4599
8.1626 28.2222
8.16834 26.7627
8.17407 18.5
8.17981 1.47368
8.18554 0
8.19128 0
8.19702 0
8.20275 0
8.20849 0
8.21422 0
8.21996 0
8.2257 0
8.23143 0
8.23717 0
8.24291 0
8.24864 0
8.25438 0
8.26011 0
8.26585 0
8.27159 0
8.27732 0
8.28306 0
8.2888 0
8.29453 0
8.30027 0
8.306 0
8.31174 0
8.31748 0
8.32321 0
8.32895 0
8.33468 0
8.34042 0
8.34616 0
8.35189 0
8.35763 0
8.36337 0
8.3691 0
8.37484 0
8.38057 0
8.38631 0
8.39205 0
8.39778 0
8.40352 0
8.40926 0
8.41499 0
8.42073 0
8.42646 0
8.4322 0
8.43794 0
8.44367 0
8.44941 0
8.45514 0
8.46088 0
8.46662 0
8.47235 0
8.47809 0
8.48383 0
8.48956 0
8.4953 0
8.50103 0
8.50677 0
8.51251 0
8.51824 0
8.52398 0
8.52972 0
8.53545 0
8.54119 0
8.54692 0
8.55266 0
8.5584 0
8.56413 0
8.56987 0
8.5756 0
8.58134 0
8.58708 0
8.59281 0
8.59855 0
8.60429 0
8.61002 0
8.61576 0
8.62149 0
8.62723 0
8.63297 0
8.6387 0
8.64444 0
8.65018 0
8.65591 0
8.66165 0
8.66738 0
8.67312 0
8.67886 0
8.68459 0
8.69033 0
8.69606 0
8.7018 0
8.70754 0
8.71327 0
8.71901 0
8.72475 0
8.73048 0
8.73622 0
8.74195 0
8.74769 0
8.75343 0
8.75916 0
8.7649 0
8.77064 0
8.77637 0
8.78211 0
8.78784 0
8.79358 0
8.79932 0
8.80505 0
8.81079 0
8.81652 0
8.82226 0
8.828 0
8.83373 0
8.83947 0
8.84521 0
8.85094 0
8.85668 0
8.86241 0
8.86815 0
8.87389 0
8.87962 0
8.88536 0
8.8911 0
8.89683 0
8.90257 0
8.9083 0
8.91404 0
8.91978 0
8.92551 0
8.93125 0
8.93698 0
8.94272 0
8.94846 0
8.95419 0
8.95993 0
8.96567 0
8.9714 0
8.97714 0
8.98287 0
8.98861 0
8.99435 0
9.00008 0
9.00582 0
9.01156 0
9.01729 0
9.02303 0
9.02876 0
9.0345 0
9.04024 0
9.04597 0
9.05171 0
9.05744 0
9.06318 0
9.06892 0
9.07465 0
9.08039 0
9.08613 0
9.09186 0
9.0976 0
9.10333 0
9.10907 0
9.11481 0
9.12054 0
9.12628 0
9.13202 0
9.13775 0
9.14349 0
9.14922 0
9.15496 0
9.1607 0
9.16643 0
9.17217 0
9.1779 0
9.18364 0
9.18938 0
9.19511 0
9.20085 0
9.20659 0
9.21232 0
9.21806 0
9.22379 0
9.22953 0
9.23527 0
9.241 0
9.24674 0
9.25248 0
9.25821 0
9.26395 0
9.26968 0
9.27542 0
9.28116 0
9.28689 0
9.29263 0
9.29836 0
9.3041 0
9.30984 0
9.31557 0
9.32131 0
9.32705 0
9.33278 0
9.33852 0
9.34425 0
9.34999 0
9.35573 0
9.36146 0
9.3672 0
9.37294 0
9.37867 0
9.38441 0
9.39014 0
9.39588 0
9.40162 0
9.40735 0
9.41309 0
9.41882 0
9.42456 0
9.4303 0
9.43603 0
9.44177 0
9.44751 0
9.45324 0
9.45898 0
9.46471 0
9.47045 0
9.47619 0
9.48192 0
9.48766 0
9.4934 0
9.49913 0
9.50487 0
9.5106 0
9.51634 0
9.52208 0
9.52781 0
9.53355 0
9.53928 0
9.54502 0
9.55076 0
9.55649 0
9.56223 0
9.56797 0
9.5737 0
9.57944 0
9.58517 0
9.59091 0
9.59665 0
9.60238 0
9.60812 0
9.61386 0
9.61959 0
9.62533 0
9.63106 0
9.6368 0
9.64254 0
9.64827 0
9.65401 0
9.65974 0
9.66548 0
9.67122 0
9.67695 0
9.68269 0
9.68843 0
9.69416 0
9.6999 0
9.70563 0
9.71137 0
9.71711 0
9.72284 0
9.72858 0
9.73432 0
9.74005 0
9.74579 0
9.75152 0
9.75726 0
9.763 0
9.76873 0
9.77447 0
9.7802 0
9.78594 0
9.79168 0
9.79741 0
9.80315 0
9.80889 0
9.81462 0
9.82036 0
9.82609 0
9.83183 0
9.83757 0
9.8433 0
9.84904 0
9.85478 0
9.86051 0
9.86625 0
9.87198 0
9.87772 0
9.88346 0
9.88919 0
9.89493 0
9.90066 0
9.9064 0
9.91214 0
9.91787 0
9.92361 0
9.92935 0
9.93508 0
9.94082 0
9.94655 0
9.95229 0
9.95803 0
9.96376 0
9.9695 0
9.97524 0
9.98097 0
9.98671 0
9.99244 0
9.99818 0
10.0039 0
10.0097 0
10.0154 0
10.0211 0
10.0269 0
10.0326 0
10.0383 0
10.0441 0
10.0498 0
10.0555 0
10.0613 0
10.067 0
10.0728 0
10.0785 0
10.0842 0
10.09 0
10.0957 0
10.1014 0
10.1072 0
10.1129 0
10.1186 0
10.1244 0
10.1301 0
10.1358 0
10.1416 0
10.1473 0
10.1531 0
10.1588 0
10.1645 0
10.1703 0
10.176 0
10.1817 0
10.1875 0
10.1932 0
10.1989 0
10.2047 0
10.2104 0
10.2162 0
10.2219 0
10.2276 0
10.2334 0
10.2391 0
10.2448 0
10.2506 0
10.2563 0
10.262 0
10.2678 0
10.2735 0
10.2793 0
10.285 0
10.2907 0
10.2965 0
10.3022 0
10.3079 0
10.3137 0
10.3194 0
10.3251 0
10.3309 0
10.3366 0
10.3424 0
10.3481 0
10.3538 0
10.3596 0
10.3653 0
10.371 0
10.3768 0
10.3825 0
10.3882 0
10.394 0
10.3997 0
10.4054 0
10.4112 0
10.4169 0
10.4227 0
10.4284 0
10.4341 0
10.4399 0
10.4456 0
10.4513 0
10.4571 0
10.4628 0
10.4685 0
10.4743 0
10.48 0
10.4858 0
10.4915 0
10.4972 0
10.503 0
10.5087 0
10.5144 0
10.5202 0
10.5259 0
10.5316 0
10.5374 0
10.5431 0
10.5489 0
10.5546 0
10.5603 0
10.5661 0
10.5718 0
10.5775 0
10.5833 0
10.589 0
10.5947 0
10.6005 0
10.6062 0
10.612 0
10.6177 0
10.6234 0
10.6292 0
10.6349 0
10.6406 0
10.6464 0
10.6521 0
10.6578 0
10.6636 0
10.6693 0
10.6751 0
10.6808 0
10.6865 0
10.6923 0
10.698 0
10.7037 0
10.7095 0
10.7152 0
10.7209 0
10.7267 0
10.7324 0
10.7381 0
10.7439 0
10.7496 0
10.7554 0
10.7611 0
10.7668 0
10.7726 0
10.7783 0
10.784 0
10.7898 0
10.7955 0
10.8012 0
10.807 0
10.8127 0
10.8185 0
10.8242 0
10.8299 0
10.8357 0
10.8414 0
10.8471 0
10.8529 0
10.8586 0
10.8643 0
10.8701 0
10.8758 0
10.8816 0
10.8873 0
10.893 0
10.8988 0
10.9045 0
10.9102 0
10.916 0
10.9217 0
10.9274 0
10.9332 0
10.9389 0
10.9447 0
10.9504 0
10.9561 0
10.9619 0
10.9676 0
10.9733 0
10.9791 0
10.9848 0
10.9905 0
10.9963 0
11.002 0
11.0077 0
11.0135 0
11.0192 0
11.025 0
11.0307 0
11.0364 0
11.0422 0
11.0479 0
11.0536 0
11.0594 0
11.0651 0
11.0708 0
11.0766 0
11.0823 0
11.0881 0
11.0938 0
11.0995 0
11.1053 0
11.111 0
11.1167 0
11.1225 0
11.1282 0
11.1339 0
11.1397 0
11.1454 0
11.1512 0
11.1569 0
11.1626 0
11.1684 0
11.1741 0
11.1798 0
11.1856 0
11.1913 0
11.197 0
11.2028 0
11.2085 0
11.2143 0
11.22 0
11.2257 0
11.2315 0
11.2372 0
11.2429 0
11.2487 0
11.2544 0
11.2601 0
11.2659 0
11.2716 0
11.2774 0
11.2831 0
11.2888 0
11.2946 0
11.3003 0
11.306 0
11.3118 0
11.3175 0
11.3232 0
11.329 0
11.3347 0
11.3404 0
11.3462 0
11.3519 0
11.3577 0
11.3634 0
11.3691 0
11.3749 0
11.3806 0
11.3863 0
11.3921 0
11.3978 0
11.4035 0
11.4093 0
11.415 0
11.4208 0
11.4265 0
11.4322 0
11.438 0
11.4437 0
11.4494 0
11.4552 0
11.4609 0
11.4666 0
11.4724 0
11.4781 0
11.4839 0
11.4896 0
11.4953 0
11.5011 0
11.5068 0
11.5125 0
11.5183 0
11.524 0
11.5297 0
11.5355 0
11.5412 0
11.547 0
11.5527 0
11.5584 0
11.5642 0
11.5699 0
11.5756 0
11.5814 0
11.5871 0
11.5928 0
11.5986 0
11.6043 0
11.61 0
11.6158 0
11.6215 0
11.6273 0
11.633 0
11.6387 0
11.6445 0
11.6502 0
11.6559 0
11.6617 0
11.6674 0
11.6731 0
11.6789 0
11.6846 0
11.6904 0
11.6961 0
11.7018 0
11.7076 0
11.7133 0
11.719 0
11.7248 0
11.7305 0
11.7362 0
11.742 0
