0 0
0.00573619 -15
0.0114724 9
0.0172086 0
0.0229448 -5
0.028681 16
0.0344171 0
0.0401533 31
0.0458895 10
0.0516257 -8
0.0573619 0
0.0630981 5
0.0688343 2
0.0745705 0
0.0803067 8
0.0860429 4
0.091779 0
0.0975152 -9.66667
0.103251 11
0.108988 -18.6667
0.114724 0
0.12046 8
0.126196 -15
0.131932 0
0.137669 -3
0.143405 -15.3333
0.149141 -4
0.154877 -1
0.160613 -2.66667
0.16635 8
0.172086 0
0.177822 14
0.183558 11.5
0.189294 0
0.19503 6.2
0.200767 -1.4
0.206503 12.3333
0.212239 -4
0.217975 2.2
0.223711 -1.2
0.229448 0
0.235184 2.4
0.24092 9.4
0.246656 0
0.252392 9.4
0.258129 8.2
0.263865 -6.8
0.269601 0
0.275337 -3.2
0.281073 -8.28571
0.28681 0
0.292546 -2.14286
0.298282 0.857143
0.304018 26
0.309754 18
0.31549 2.42857
0.321227 4.85714
0.326963 0
0.332699 -2.71429
0.338435 7.71429
0.344171 0
0.349908 1.57143
0.355644 0.428571
0.36138 -0.6
0.367116 -14.5
0.372852 0.25
0.378589 10.2857
0.384325 4
0.390061 5.33333
0.395797 5
0.401533 0
0.40727 6
0.413006 10.5556
0.418742 9
0.424478 10
0.430214 10.2222
0.43595 14.3333
0.441687 0
0.447423 12.7778
0.453159 18
0.458895 14.3333
0.464631 12.2857
0.470368 13.4545
0.476104 2.33333
0.48184 -5.5
0.487576 13.1818
0.493312 13.2727
0.499049 0
0.504785 17.0909
0.510521 17.2727
0.516257 14
0.521993 13.6667
0.52773 14.5455
0.533466 15.8889
0.539202 0
0.544938 20.7273
0.550674 22.6364
0.55641 0
0.562147 18.1667
0.567883 12.6923
0.573619 18
0.579355 19.8333
0.585091 11.4615
0.590828 13.6364
0.596564 0
0.6023 12.1538
0.608036 11.9231
0.613772 23.6
0.619509 21
0.625245 10.6923
0.630981 18.7778
0.636717 3.25
0.642453 9.92308
0.64819 14.3846
0.653926 42
0.659662 17.6
0.665398 21.1333
0.671134 23.5714
0.67687 27
0.682607 22.8667
0.688343 22.0909
0.694079 17
0.699815 20.0667
0.705551 21.2667
0.711288 20
0.717024 18.8571
0.72276 20.2
0.728496 9.55556
0.734232 30
0.739969 20.375
0.745705 18.5385
0.751441 12.6667
0.757177 16.6471
0.762913 20.2941
0.76865 22.6
0.774386 13.1667
0.780122 12.8824
0.785858 18.0909
0.791594 12.3333
0.79733 23.1176
0.803067 29.3333
0.808803 35
0.814539 22.2941
0.820275 16.2941
0.826011 21.6667
0.831748 19
0.837484 16.7222
0.84322 20.5385
0.848956 24.3333
0.854692 14.7895
0.860429 20.5882
0.866165 25
0.871901 23.3125
0.877637 17.5263
0.883373 12.2727
0.88911 23.625
0.894846 21.6316
0.900582 18.4667
0.906318 14.5
0.912054 16.0526
0.91779 19.1765
0.923527 18.3333
0.929263 11.2308
0.934999 24.8
0.940735 20.4615
0.946471 15.375
0.952208 26.0952
0.957944 25.2941
0.96368 9.5
0.969416 15.4762
0.975152 8.94737
0.980889 7.27273
0.986625 12.5
0.992361 20.7619
0.998097 22.0667
1.00383 15
1.00957 20.7619
1.01531 14
1.02104 20.5
1.02678 20.2941
1.03251 23.3333
1.03825 20.4615
1.04399 18
1.04972 21.9565
1.05546 15.8235
1.0612 19.6667
1.06693 17.4348
1.07267 22
1.0784 23.7692
1.08414 14.5714
1.08988 20.3043
1.09561 12.7333
1.10135 13.625
1.10708 19.1304
1.11282 17.0588
1.11856 15.5714
1.12429 18.4583
1.13003 19.0476
1.13577 17.6
1.1415 15.8571
1.14724 23.52
1.15297 15.6667
1.15871 13.9
1.16445 19.28
1.17018 17.3158
1.17592 22.9231
1.18166 20.9444
1.18739 18.7391
1.19313 15.9333
1.19886 23.9167
1.2046 18.36
1.21034 22.9444
1.21607 16.1111
1.22181 15.6296
1.22754 19.381
1.23328 18
1.23902 19.6875
1.24475 19.2
1.25049 13.7647
1.25623 17.9167
1.26196 14.4444
1.2677 13.6842
1.27343 13.1538
1.27917 16.2273
1.28491 18.5652
1.29064 14.3529
1.29638 1.13333
1.30212 14.5556
1.30785 21.8333
1.31359 20.9091
1.31932 18.6207
1.32506 17.3333
1.3308 16.5294
1.33653 19.7
1.34227 15.84
1.348 19
1.35374 18.2143
1.35948 17.3333
1.36521 26.7619
1.37095 13.5
1.37669 25.3448
1.38242 13.4783
1.38816 15.9412
1.39389 15
1.39963 17.6667
1.40537 17.05
1.4111 26.5
1.41684 18.0345
1.42258 24
1.42831 20.4706
1.43405 21.375
1.43978 20.28
1.44552 18.5714
1.45126 15.375
1.45699 20.2759
1.46273 19.8095
1.46846 22.8333
1.4742 17.7419
1.47994 16.5217
1.48567 10.2
1.49141 14.5714
1.49715 18.7037
1.50288 14.8182
1.50862 12.875
1.51435 10.3448
1.52009 19.16
1.52583 13.8667
1.53156 19.4333
1.5373 19.12
1.54304 14.4762
1.54877 16.35
1.55451 19.1724
1.56024 19.6087
1.56598 22.0714
1.57172 17.3226
1.57745 21.9615
1.58319 18.6
1.58892 19.56
1.59466 19.7407
1.6004 19
1.60613 16.1111
1.61187 17.6452
1.61761 12.96
1.62334 16.2857
1.62908 19.4545
1.63481 17.037
1.64055 13.913
1.64629 18
1.65202 14.5172
1.65776 14.88
1.6635 26.75
1.66923 14.3871
1.67497 17.9643
1.6807 18.3
1.68644 22.3571
1.69218 18.7143
1.69791 20.92
1.70365 15.7727
1.70938 17.9032
1.71512 18.2222
1.72086 17.9375
1.72659 13.303
1.73233 17.1034
1.73807 20.7391
1.7438 21.8462
1.74954 22.1724
1.75527 22.8519
1.76101 18.3158
1.76675 18.0606
1.77248 16.1786
1.77822 23
1.78396 16.4667
1.78969 18.9355
1.79543 17.4444
1.80116 19.1667
1.8069 18.1935
1.81264 16.7586
1.81837 17.8333
1.82411 17.8
1.82984 19.6552
1.83558 22.64
1.84132 18.4615
1.84705 16.3871
1.85279 17
1.85853 21.1304
1.86426 19.303
1.87 19.6
1.87573 22.4706
1.88147 15.5714
1.88721 14.6364
1.89294 18.9259
1.89868 18.3846
1.90442 20.9697
1.91015 16.4516
1.91589 29.1
1.92162 19.8286
1.92736 22.0323
1.9331 25.12
1.93883 26.1429
1.94457 18.6667
1.9503 22
1.95604 15.25
1.96178 20.8824
1.96751 17.375
1.97325 21.35
1.97899 10.5946
1.98472 18.1212
1.99046 18.9655
1.99619 13.1923
2.00193 19.9714
2.00767 13.129
2.0134 14.7917
2.01914 15.4571
2.02488 15.1212
2.03061 12.96
2.03635 13.5312
2.04208 18.2647
2.04782 17.0938
2.05356 18.5833
2.05929 19.4444
2.06503 19.6765
2.07076 20.7273
2.0765 15.8108
2.08224 17.1714
2.08797 24.4483
2.09371 19.9643
2.09945 16.4865
2.10518 22.3333
2.11092 21.1667
2.11665 21.4865
2.12239 24.6
2.12813 19.3043
2.13386 23.4865
2.1396 23.3889
2.14534 20.25
2.15107 21.3077
2.15681 21.6316
2.16254 21.5
2.16828 20.5909
2.17402 16.4615
2.17975 16.8108
2.18549 18.3871
2.19122 20.7
2.19696 20.8649
2.2027 19.6571
2.20843 16.1667
2.21417 52
2.21991 34.5135
2.22564 20.3182
2.23138 23.425
2.23711 17.2368
2.24285 16.9118
2.24859 22.7143
2.25432 16.3684
2.26006 21.1026
2.2658 22.0909
2.27153 20.3171
2.27727 23.3077
2.283 16.6452
2.28874 19.8125
2.29448 21.3333
2.30021 16.8919
2.30595 23.4231
2.31168 19.4359
2.31742 25.675
2.32316 15.6818
2.32889 19
2.33463 20.975
2.34037 26.6389
2.3461 22.3571
2.35184 22.4048
2.35757 28.2973
2.36331 27.6154
2.36905 25.9268
2.37478 24.878
2.38052 24.7742
2.38626 19.7059
2.39199 23.1163
2.39773 20.1892
2.40346 23.1923
2.4092 26.5455
2.41494 24.6
2.42067 19.7273
2.42641 18.0909
2.43214 26.0714
2.43788 25.3143
2.44362 16.5806
2.44935 22.0889
2.45509 21.9744
2.46083 14.7308
2.46656 22.5111
2.4723 16.0244
2.47803 22.3103
2.48377 21.95
2.48951 22.814
2.49524 18.641
2.50098 18.7692
2.50672 20.9348
2.51245 24.5
2.51819 21.875
2.52392 26.8696
2.52966 17.5227
2.5354 23.2424
2.54113 19.2571
2.54687 19.3111
2.5526 21.7073
2.55834 26.0769
2.56408 20.3404
2.56981 20.7907
2.57555 24.2069
2.58129 16.5714
2.58702 22.7556
2.59276 21
2.59849 18.9091
2.60423 23.913
2.60997 18.4545
2.6157 15.5833
2.62144 22.2708
2.62718 23.3913
2.63291 23.9143
2.63865 22.6111
2.64438 18.8511
2.65012 19.0488
2.65586 19.7667
2.66159 20.4894
2.66733 19.6444
2.67306 16.76
2.6788 18.6667
2.68454 23.4792
2.69027 24.5128
2.69601 22.9091
2.70175 21.5417
2.70748 21.8667
2.71322 28.037
2.71895 20.7292
2.72469 22.5208
2.73043 22.5429
2.73616 21.2105
2.7419 19.3878
2.74764 20.4419
2.75337 26.4
2.75911 22.6531
2.76484 21.2041
2.77058 22.9583
2.77632 24.0612
2.78205 25.88
2.78779 18.6154
2.79352 18.8857
2.79926 21.25
2.805 23.3333
2.81073 20.4074
2.81647 24.5385
2.82221 23.8163
2.82794 26.8649
2.83368 19.8421
2.83941 21.9245
2.84515 23.0488
2.85089 17.9062
2.85662 24.8113
2.86236 20.9388
2.8681 22.8333
2.87383 24.3519
2.87957 23.88
2.8853 26.9024
2.89104 20.2432
2.89678 23.5769
2.90251 23.3111
2.90825 27.3103
2.91398 22.8889
2.91972 28.5686
2.92546 22.2973
2.93119 27.0476
2.93693 29.1887
2.94267 22.6
2.9484 25.3125
2.95414 22.566
2.95987 27.0408
2.96561 25.6667
2.97135 28.3929
2.97708 22.5741
2.98282 26.1026
2.98856 26.1282
2.99429 28.5
3.00003 22.4681
3.00576 24.7097
3.0115 24.4182
3.01724 24.7925
3.02297 28.7297
3.02871 24.9318
3.03444 24.3455
3.04018 26.6889
3.04592 25.3235
3.05165 27.4182
3.05739 29.1961
3.06313 20.8621
3.06886 27.1964
3.0746 26.1273
3.08033 25.6818
3.08607 26.2973
3.09181 29.125
3.09754 33.2653
3.10328 32.6774
3.10902 32.0339
3.11475 31.6038
3.12049 29.7179
3.12622 29.8261
3.13196 27.4364
3.1377 31.1489
3.14343 30.7778
3.14917 30.931
3.1549 30.6863
3.16064 34.2759
3.16638 30.75
3.17211 33.2364
3.17785 29.0682
3.18359 31.3171
3.18932 33.4138
3.19506 31.0204
3.20079 26.8529
3.20653 29.8305
3.21227 36.9245
3.218 32.7805
3.22374 33.3333
3.22948 36.3051
3.23521 34.2222
3.24095 35.0513
3.24668 37.55
3.25242 37.6981
3.25816 37.9706
3.26389 35.7368
3.26963 37.0351
3.27536 35.1304
3.2811 35.1463
3.28684 38.6167
3.29257 34.8367
3.29831 36.4167
3.30405 40.3333
3.30978 40.7636
3.31552 41.3023
3.32125 38.2708
3.32699 39.1404
3.33273 44.0392
3.33846 42.3846
3.3442 39.7742
3.34994 41.6471
3.35567 45.6316
3.36141 40.3898
3.36714 38.0175
3.37288 43.3958
3.37862 40.0465
3.38435 44.541
3.39009 48.0943
3.39582 53.5
3.40156 44
3.4073 43.8909
3.41303 45.6383
3.41877 43.5833
3.42451 46.9672
3.43024 43.08
3.43598 42.6341
3.44171 43.5873
3.44745 44.25
3.45319 43.0238
3.45892 42.7091
3.46466 47.1356
3.4704 45.66
3.47613 45.5116
3.48187 48.0317
3.4876 42.6604
3.49334 50.4211
3.49908 43.9701
3.50481 47.5614
3.51055 46.7447
3.51628 45.5882
3.52202 47.5738
3.52776 49.3333
3.53349 46.3415
3.53923 60.3231
3.54497 66.6481
3.5507 66.3958
3.55644 65
3.56217 65.5424
3.56791 55.3654
3.57365 56.1739
3.57938 53.5538
3.58512 51.9091
3.59086 51.8158
3.59659 51.6269
3.60233 49.9492
3.60806 52.3529
3.6138 50.3878
3.61954 55.1746
3.62527 60.8571
3.63101 55.878
3.63674 59.3134
3.64248 69.5517
3.64822 69.8958
3.65395 76.2807
3.65969 73.2951
3.66543 73.7037
3.67116 74.9783
3.6769 72.6984
3.68263 72.0492
3.68837 69.5
3.69411 73.1739
3.69984 68.3559
3.70558 67.5
3.71132 65.0196
3.71705 68.8308
3.72279 73.0536
3.72852 69.6744
3.73426 69.2836
3.74 73.8226
3.74573 75.46
3.75147 78.5273
3.7572 78.2698
3.76294 82.5254
3.76868 78.0682
3.77441 80.9104
3.78015 85.1017
3.78589 87.383
3.79162 93.75
3.79736 93.8906
3.80309 100.161
3.80883 96.7451
3.81457 104.031
3.8203 118.6
3.82604 121.674
3.83178 139.986
3.83751 161.887
3.84325 201.482
3.84898 332.868
3.85472 365.222
3.86046 417.066
3.86619 481.848
3.87193 545.333
3.87766 675.295
3.8834 930.706
3.88914 1150.47
3.89487 1341.61
3.90061 1205.98
3.90635 985.959
3.91208 739.821
3.91782 520.516
3.92355 399.122
3.92929 321.704
3.93503 250.578
3.94076 204.293
3.9465 182.259
3.95224 157.642
3.95797 142.619
3.96371 132.326
3.96944 123.521
3.97518 123.238
3.98092 114.232
3.98665 113.31
3.99239 100.721
3.99812 102.613
4.00386 97.4694
4.0096 99.4928
4.01533 98.1875
4.02107 92.04
4.02681 90.2424
4.03254 96.0455
4.03828 90.55
4.04401 93
4.04975 89.3803
4.05549 90.1538
4.06122 84.8478
4.06696 88.2609
4.0727 85.3143
4.07843 82.15
4.08417 79.7679
4.0899 82.6471
4.09564 83.5
4.10138 83.76
4.10711 82.2361
4.11285 82.9394
4.11858 78.0893
4.12432 79.7903
4.13006 82.8676
4.13579 82.8571
4.14153 79.0769
4.14727 78.8219
4.153 84.4627
4.15874 79.1136
4.16447 81.3425
4.17021 79.9722
4.17595 80.5484
4.18168 82.5179
4.18742 79.3143
4.19316 82.3788
4.19889 79.84
4.20463 91.4865
4.21036 89.8971
4.2161 90.85
4.22184 83.5345
4.22757 85.4167
4.23331 80.7313
4.23904 75.5
4.24478 78.9867
4.25052 81.3043
4.25625 77.6607
4.26199 77.9688
4.26773 79.9306
4.27346 87.1061
4.2792 82.4107
4.28493 85.9861
4.29067 82.4286
4.29641 84.5833
4.30214 79.3421
4.30788 85.4143
4.31362 85.8125
4.31935 83.5357
4.32509 83.6622
4.33082 86.1739
4.33656 88.88
4.3423 89.3467
4.34803 91.1892
4.35377 100.629
4.3595 92.7833
4.36524 97.4595
4.37098 100.343
4.37671 102.037
4.38245 103.5
4.38819 112.875
4.39392 112.737
4.39966 110.449
4.40539 115.014
4.41113 125.559
4.41687 134.685
4.4226 136.364
4.42834 184.493
4.43408 281.604
4.43981 492.052
4.44555 1192.11
4.45128 753.585
4.45702 1482.34
4.46276 490.487
4.46849 238.444
4.47423 274.611
4.47996 247.987
4.4857 251.514
4.49144 268.538
4.49717 287.667
4.50291 296.211
4.50865 287.929
4.51438 273.423
4.52012 240.975
4.52585 208.253
4.53159 181.018
4.53733 159.648
4.54306 140.512
4.5488 126.731
4.55454 120.789
4.56027 108.037
4.56601 101.473
4.57174 100.423
4.57748 91.5769
4.58322 88.859
4.58895 85.5821
4.59469 83.1639
4.60042 78.8077
4.60616 79.2267
4.6119 77.28
4.61763 74.3735
4.62337 76.2949
4.62911 79.4444
4.63484 77.3692
4.64058 70.5122
4.64631 70.2083
4.65205 65.5714
4.65779 65.8875
4.66352 66.4359
4.66926 64.9016
4.675 61.4085
4.68073 64.0641
4.68647 63.3425
4.6922 65.7719
4.69794 63.6375
4.70368 67.1169
4.70941 63.22
4.71515 65.1529
4.72088 64.325
4.72662 67.3478
4.73236 62.873
4.73809 60.3415
4.74383 63.5385
4.74957 58.9808
4.7553 62.0714
4.76104 61.7875
4.76677 63.5522
4.77251 59.6769
4.77825 60.5732
4.78398 60
4.78972 57.4909
4.79546 57.6824
4.80119 54.6329
4.80693 52.4769
4.81266 52.3521
4.8184 54.1786
4.82414 55.1781
4.82987 58.1639
4.83561 54.3214
4.84134 59.075
4.84708 56.4717
4.85282 58.1294
4.85855 58.8293
4.86429 54.9577
4.87003 50.7049
4.87576 56.1279
4.8815 53.1923
4.88723 50.6111
4.89297 55.8824
4.89871 49.881
4.90444 51.3944
4.91018 53.3284
4.91592 49
4.92165 54.0506
4.92739 50.5789
4.93312 51.2209
4.93886 51.9405
4.9446 49.6119
4.95033 50.5352
4.95607 47.4651
4.9618 49.6753
4.96754 44.8305
4.97328 50.0465
4.97901 54.5904
4.98475 50.6721
4.99049 48.0897
4.99622 46.0114
5.00196 48.5205
5.00769 51.4127
5.01343 52.0682
5.01917 51.6145
5.0249 48.3962
5.03064 46.6444
5.03638 45.6977
5.04211 52.48
5.04785 44.1692
5.05358 48.186
5.05932 45.7531
5.06506 48.0175
5.07079 45.6023
5.07653 47.1494
5.08226 48.3944
5.088 43.5775
5.09374 48.1222
5.09947 47.0779
5.10521 52.0635
5.11095 43.3111
5.11668 46.1412
5.12242 45.4091
5.12815 46.961
5.13389 45.2111
5.13963 42.8571
5.14536 40.8197
5.1511 47.0543
5.15684 48.9277
5.16257 47.0968
5.16831 46.1905
5.17404 46.9326
5.17978 47.9615
5.18552 47.6269
5.19125 46.3889
5.19699 45.8193
5.20272 45.7119
5.20846 47.0435
5.2142 42.5056
5.21993 48.8816
5.22567 46.7681
5.23141 46.2935
5.23714 47.4321
5.24288 45.0656
5.24861 50.0435
5.25435 45.191
5.26009 45.9857
5.26582 46.4605
5.27156 44.2637
5.2773 50.3625
5.28303 47.5077
5.28877 50.4894
5.2945 48.1724
5.30024 50.625
5.30598 48.7089
5.31171 49.1798
5.31745 45.439
5.32318 46.2154
5.32892 48.1277
5.33466 46
5.34039 47.2576
5.34613 44.2
5.35187 46.3956
5.3576 45.2469
5.36334 46.2239
5.36907 46.9583
5.37481 47.7412
5.38055 46.2295
5.38628 48.1667
5.39202 50.3407
5.39776 55.25
5.40349 50.0704
5.40923 47.0208
5.41496 50.9753
5.4207 47.8095
5.42644 46.0102
5.43217 44.5169
5.43791 45.0513
5.44364 49.3288
5.44938 50.8247
5.45512 48.9634
5.46085 46.7164
5.46659 42.4082
5.47233 49.6517
5.47806 44.7763
5.4838 45.4568
5.48953 47.7634
5.49527 47.1071
5.50101 45.0746
5.50674 45.8163
5.51248 51.1685
5.51822 46.1351
5.52395 48.4458
5.52969 45.7419
5.53542 48.5595
5.54116 47.0294
5.5469 45.8485
5.55263 50.8889
5.55837 48.8611
5.5641 48.5506
5.56984 48.1828
5.57558 45.2024
5.58131 45.9452
5.58705 49.2929
5.59279 48.6477
5.59852 48.6349
5.60426 45.77
5.60999 48.1505
5.61573 45.3537
5.62147 50.76
5.6272 46.3196
5.63294 49.1512
5.63868 49.6269
5.64441 48.0196
5.65015 47.8064
5.65588 45.9167
5.66162 47.5065
5.66736 48.5859
5.67309 47.8837
5.67883 51.5797
5.68456 49.3663
5.6903 47.2222
5.69604 48.439
5.70177 47.759
5.70751 51.5158
5.71325 49.625
5.71898 50.5352
5.72472 51.5859
5.73045 51.129
5.73619 47.1625
5.74193 53.2697
5.74766 50.3474
5.7534 52.4091
5.75914 52.2817
5.76487 51.5446
5.77061 51.117
5.77634 52.859
5.78208 56.9438
5.78782 51.1134
5.79355 58.6047
5.79929 51.1067
5.80502 51.7624
5.81076 54.5326
5.8165 53.9189
5.82223 49.4896
5.82797 53.9082
5.83371 50.814
5.83944 51.8987
5.84518 52.3737
5.85091 51.5833
5.85665 53.2
5.86239 50.4381
5.86812 56.9796
5.87386 56.4651
5.8796 55.9114
5.88533 59.7426
5.89107 55.663
5.8968 55.5217
5.90254 55.0762
5.90828 58.7347
5.91401 61.6744
5.91975 54.2048
5.92548 56.0505
5.93122 59.266
5.93696 53.726
5.94269 62.8667
5.94843 57.625
5.95417 57.9886
5.9599 59.0824
5.96564 59.798
5.97137 59.1277
5.97711 59.9589
5.98285 60.3592
5.98858 57.602
5.99432 60.4762
6.00006 63.6067
6.00579 63.8586
6.01153 66.883
6.01726 71.4933
6.023 64.4381
6.02874 67.3333
6.03447 62.8409
6.04021 66.0778
6.04594 66.7041
6.05168 64.3438
6.05742 62.8571
6.06315 63.8571
6.06889 66.8125
6.07463 68.1667
6.08036 66.8191
6.0861 69.1939
6.09183 69.1458
6.09757 72.9487
6.10331 68.8208
6.10904 72.3229
6.11478 70.4884
6.12052 68.4271
6.12625 71.34
6.13199 71.5851
6.13772 78.5244
6.14346 73.1863
6.1492 76.27
6.15493 74.6375
6.16067 71.7549
6.1664 69.2347
6.17214 75.7021
6.17788 79.619
6.18361 78.7647
6.18935 81.3232
6.19509 82.7067
6.20082 84.2752
6.20656 84.3824
6.21229 86.3333
6.21803 91.2683
6.22377 87.2264
6.2295 95.16
6.23524 101.173
6.24098 94.844
6.24671 100.608
6.25245 109.011
6.25818 115.698
6.26392 116.402
6.26966 166.725
6.27539 399.253
6.28113 169.605
6.28686 1597.36
6.2926 5074
6.29834 587.761
6.30407 951.375
6.30981 644.049
6.31555 407.769
6.32128 202.907
6.32702 197.394
6.33275 188.115
6.33849 188.023
6.34423 163.394
6.34996 177.5
6.3557 186.038
6.36144 193.593
6.36717 214.654
6.37291 234.884
6.37864 236.489
6.38438 223.538
6.39012 211.353
6.39585 191.15
6.40159 170
6.40732 155.398
6.41306 140.521
6.4188 131.174
6.42453 115.368
6.43027 111.696
6.43601 106.171
6.44174 107.321
6.44748 109.741
6.45321 102.34
6.45895 96.913
6.46469 96.7333
6.47042 92.6116
6.47616 92.9881
6.4819 89.9182
6.48763 85.8056
6.49337 85.2688
6.4991 79.6842
6.50484 82.9074
6.51058 88.0392
6.51631 80.1667
6.52205 84.6545
6.52778 83.9907
6.53352 82.337
6.53926 84.0521
6.54499 84.2407
6.55073 84.3627
6.55647 84.1667
6.5622 80.6106
6.56794 78.9907
6.57367 82.3226
6.57941 80.7474
6.58515 81.4821
6.59088 81.4231
6.59662 79.4048
6.60236 79.5351
6.60809 79.4906
6.61383 81.4946
6.61956 80.6392
6.6253 79.2321
6.63104 81.5294
6.63677 76.4767
6.64251 78.2982
6.64824 76.6168
6.65398 80.011
6.65972 80.0196
6.66545 81.2768
6.67119 84.8077
6.67693 81.3023
6.68266 81.319
6.6884 78.9907
6.69413 76.7473
6.69987 76.4854
6.70561 79.5
6.71134 78.8077
6.71708 80.2386
6.72282 79.3772
6.72855 81.0185
6.73429 79.6854
6.74002 80.2642
6.74576 77.5043
6.7515 83.7379
6.75723 76.5169
6.76297 78.3017
6.7687 78.0446
6.77444 76.0899
6.78018 81.0762
6.78591 79
6.79165 77.4766
6.79739 75.4943
6.80312 79.7632
6.80886 78.8393
6.81459 79.6813
6.82033 78.5048
6.82607 76.8707
6.8318 79.4381
6.83754 74.9091
6.84328 78.8205
6.84901 78.4732
6.85475 76.2967
6.86048 79.1468
6.86622 77.5948
6.87196 79.7196
6.87769 76.7356
6.88343 81.1695
6.88916 81.7368
6.8949 80.0575
6.90064 77.354
6.90637 77.6842
6.91211 79.1402
6.91785 76.023
6.92358 81.3471
6.92932 79.0973
6.93505 80.8539
6.94079 81.0796
6.94653 81.2414
6.95226 78.4393
6.958 80.2198
6.96374 80.5167
6.96947 75.1228
6.97521 80.4066
6.98094 80.4775
6.98668 78.7759
6.99242 79.7064
6.99815 79.1461
7.00389 78.475
7.00962 79.9914
7.01536 83.0543
7.0211 84.4182
7.02683 86.1488
7.03257 84.5701
7.03831 82.4301
7.04404 83.8525
7.04978 86.1043
7.05551 82.766
7.06125 81.8807
7.06699 82.9344
7.07272 83.6055
7.07846 85.4157
7.0842 85.0574
7.08993 84.4052
7.09567 86.2366
7.1014 87.9292
7.10714 87.4958
7.11288 89.3945
7.11861 88.5652
7.12435 86.8629
7.13008 85.2906
7.13582 92.0625
7.14156 86.9459
7.14729 89.1167
7.15303 91.6055
7.15877 85.1183
7.1645 88.9355
7.17024 88.0252
7.17597 89.7143
7.18171 88.1215
7.18745 87.7459
7.19318 92.1261
7.19892 91.8261
7.20466 97.5512
7.21039 94.9231
7.21613 93.8889
7.22186 94.1651
7.2276 93.5159
7.23334 93.2523
7.23907 98.6154
7.24481 97.0556
7.25054 98.6387
7.25628 98.94
7.26202 100.685
7.26775 98.0738
7.27349 97.6937
7.27923 100.194
7.28496 98.622
7.2907 99.6555
7.29643 106.049
7.30217 100.843
7.30791 102.073
7.31364 106.205
7.31938 107.584
7.32512 108.185
7.33085 109.818
7.33659 116.183
7.34232 111.343
7.34806 116.015
7.3538 125.577
7.35953 113.28
7.36527 125.289
7.371 157.529
7.37674 348.106
7.38248 161.5
7.38821 1202.82
7.39395 978.397
7.39969 620.196
7.40542 1190.5
7.41116 496.309
7.41689 303.575
7.42263 212.14
7.42837 183.111
7.4341 175.655
7.43984 171.596
7.44558 173.224
7.45131 183.446
7.45705 199.945
7.46278 207.573
7.46852 229.292
7.47426 251.161
7.47999 253.5
7.48573 253.771
7.49146 231.2
7.4972 212.164
7.50294 196.355
7.50867 175.617
7.51441 158.731
7.52015 145
7.52588 140.212
7.53162 127.76
7.53735 122.67
7.54309 111.34
7.54883 107.061
7.55456 104.639
7.5603 112.9
7.56604 101.393
7.57177 97.216
7.57751 99.0348
7.58324 94.8235
7.58898 91.687
7.59472 94.1066
7.60045 92.32
7.60619 89.7154
7.61192 90.7752
7.61766 87.2672
7.6234 83.8713
7.62913 88.5833
7.63487 81.0413
7.64061 84.1667
7.64634 86.0163
7.65208 82.3488
7.65781 84.0756
7.66355 81.949
7.66929 81.6642
7.67502 82.6936
7.68076 83.6604
7.6865 84.2521
7.69223 87
7.69797 87.3814
7.7037 84.6535
7.70944 87.8209
7.71518 103.341
7.72091 133.673
7.72665 163.65
7.73238 353.341
7.73812 135.82
7.74386 155.245
7.74959 165.993
7.75533 117.254
7.76107 115.568
7.7668 106.009
7.77254 108.779
7.77827 108.016
7.78401 115.465
7.78975 122.57
7.79548 132.398
7.80122 142.871
7.80696 150.595
7.81269 148.361
7.81843 140.927
7.82416 135.316
7.8299 123.157
7.83564 110.047
7.84137 103.291
7.84711 99.4818
7.85284 90.3664
7.85858 91.1181
7.86432 82.9381
7.87005 83.3309
7.87579 78.3359
7.88153 77.7049
7.88726 75.5421
7.893 77.0889
7.89873 76.9375
7.90447 73.2843
7.91021 72.1278
7.91594 70.7481
7.92168 71.9917
7.92742 71.5283
7.93315 69.5036
7.93889 71.7008
7.94462 70.2124
7.95036 67.1818
7.9561 67.8712
7.96183 71.6984
7.96757 67.1905
7.9733 67.1241
7.97904 68.4615
7.98478 68.5804
7.99051 69.144
7.99625 68.4737
8.00199 67.7339
8.00772 65.2871
8.01346 67.223
8.01919 65.4436
8.02493 65.5714
8.03067 62.3363
8.0364 67.0515
8.04214 65.9606
8.04788 62.233
8.05361 64.3022
8.05935 66.9118
8.06508 68.322
8.07082 63.9744
8.07656 64.1387
8.08229 61.8984
8.08803 60.1717
8.09376 61.5175
8.0995 55.5152
8.10524 52.8943
8.11097 53.354
8.11671 46.7754
8.12245 42.2015
8.12818 42.6847
8.13392 39
8.13965 38.2336
8.14539 34.0161
8.15113 30.8468
8.15686 14.3796
8.1626 18.5679
8.16834 14.3051
8.17407 11.8684
8.17981 3
8.18554 0
8.19128 0
8.19702 0
8.20275 0
8.20849 0
8.21422 0
8.21996 0
8.2257 0
8.23143 0
8.23717 0
8.24291 0
8.24864 0
8.25438 0
8.26011 0
8.26585 0
8.27159 0
8.27732 0
8.28306 0
8.2888 0
8.29453 0
8.30027 0
8.306 0
8.31174 0
8.31748 0
8.32321 0
8.32895 0
8.33468 0
8.34042 0
8.34616 0
8.35189 0
8.35763 0
8.36337 0
8.3691 0
8.37484 0
8.38057 0
8.38631 0
8.39205 0
8.39778 0
8.40352 0
8.40926 0
8.41499 0
8.42073 0
8.42646 0
8.4322 0
8.43794 0
8.44367 0
8.44941 0
8.45514 0
8.46088 0
8.46662 0
8.47235 0
8.47809 0
8.48383 0
8.48956 0
8.4953 0
8.50103 0
8.50677 0
8.51251 0
8.51824 0
8.52398 0
8.52972 0
8.53545 0
8.54119 0
8.54692 0
8.55266 0
8.5584 0
8.56413 0
8.56987 0
8.5756 0
8.58134 0
8.58708 0
8.59281 0
8.59855 0
8.60429 0
8.61002 0
8.61576 0
8.62149 0
8.62723 0
8.63297 0
8.6387 0
8.64444 0
8.65018 0
8.65591 0
8.66165 0
8.66738 0
8.67312 0
8.67886 0
8.68459 0
8.69033 0
8.69606 0
8.7018 0
8.70754 0
8.71327 0
8.71901 0
8.72475 0
8.73048 0
8.73622 0
8.74195 0
8.74769 0
8.75343 0
8.75916 0
8.7649 0
8.77064 0
8.77637 0
8.78211 0
8.78784 0
8.79358 0
8.79932 0
8.80505 0
8.81079 0
8.81652 0
8.82226 0
8.828 0
8.83373 0
8.83947 0
8.84521 0
8.85094 0
8.85668 0
8.86241 0
8.86815 0
8.87389 0
8.87962 0
8.88536 0
8.8911 0
8.89683 0
8.90257 0
8.9083 0
8.91404 0
8.91978 0
8.92551 0
8.93125 0
8.93698 0
8.94272 0
8.94846 0
8.95419 0
8.95993 0
8.96567 0
8.9714 0
8.97714 0
8.98287 0
8.98861 0
8.99435 0
9.00008 0
9.00582 0
9.01156 0
9.01729 0
9.02303 0
9.02876 0
9.0345 0
9.04024 0
9.04597 0
9.05171 0
9.05744 0
9.06318 0
9.06892 0
9.07465 0
9.08039 0
9.08613 0
9.09186 0
9.0976 0
9.10333 0
9.10907 0
9.11481 0
9.12054 0
9.12628 0
9.13202 0
9.13775 0
9.14349 0
9.14922 0
9.15496 0
9.1607 0
9.16643 0
9.17217 0
9.1779 0
9.18364 0
9.18938 0
9.19511 0
9.20085 0
9.20659 0
9.21232 0
9.21806 0
9.22379 0
9.22953 0
9.23527 0
9.241 0
9.24674 0
9.25248 0
9.25821 0
9.26395 0
9.26968 0
9.27542 0
9.28116 0
9.28689 0
9.29263 0
9.29836 0
9.3041 0
9.30984 0
9.31557 0
9.32131 0
9.32705 0
9.33278 0
9.33852 0
9.34425 0
9.34999 0
9.35573 0
9.36146 0
9.3672 0
9.37294 0
9.37867 0
9.38441 0
9.39014 0
9.39588 0
9.40162 0
9.40735 0
9.41309 0
9.41882 0
9.42456 0
9.4303 0
9.43603 0
9.44177 0
9.44751 0
9.45324 0
9.45898 0
9.46471 0
9.47045 0
9.47619 0
9.48192 0
9.48766 0
9.4934 0
9.49913 0
9.50487 0
9.5106 0
9.51634 0
9.52208 0
9.52781 0
9.53355 0
9.53928 0
9.54502 0
9.55076 0
9.55649 0
9.56223 0
9.56797 0
9.5737 0
9.57944 0
9.58517 0
9.59091 0
9.59665 0
9.60238 0
9.60812 0
9.61386 0
9.61959 0
9.62533 0
9.63106 0
9.6368 0
9.64254 0
9.64827 0
9.65401 0
9.65974 0
9.66548 0
9.67122 0
9.67695 0
9.68269 0
9.68843 0
9.69416 0
9.6999 0
9.70563 0
9.71137 0
9.71711 0
9.72284 0
9.72858 0
9.73432 0
9.74005 0
9.74579 0
9.75152 0
9.75726 0
9.763 0
9.76873 0
9.77447 0
9.7802 0
9.78594 0
9.79168 0
9.79741 0
9.80315 0
9.80889 0
9.81462 0
9.82036 0
9.82609 0
9.83183 0
9.83757 0
9.8433 0
9.84904 0
9.85478 0
9.86051 0
9.86625 0
9.87198 0
9.87772 0
9.88346 0
9.88919 0
9.89493 0
9.90066 0
9.9064 0
9.91214 0
9.91787 0
9.92361 0
9.92935 0
9.93508 0
9.94082 0
9.94655 0
9.95229 0
9.95803 0
9.96376 0
9.9695 0
9.97524 0
9.98097 0
9.98671 0
9.99244 0
9.99818 0
10.0039 0
10.0097 0
10.0154 0
10.0211 0
10.0269 0
10.0326 0
10.0383 0
10.0441 0
10.0498 0
10.0555 0
10.0613 0
10.067 0
10.0728 0
10.0785 0
10.0842 0
10.09 0
10.0957 0
10.1014 0
10.1072 0
10.1129 0
10.1186 0
10.1244 0
10.1301 0
10.1358 0
10.1416 0
10.1473 0
10.1531 0
10.1588 0
10.1645 0
10.1703 0
10.176 0
10.1817 0
10.1875 0
10.1932 0
10.1989 0
10.2047 0
10.2104 0
10.2162 0
10.2219 0
10.2276 0
10.2334 0
10.2391 0
10.2448 0
10.2506 0
10.2563 0
10.262 0
10.2678 0
10.2735 0
10.2793 0
10.285 0
10.2907 0
10.2965 0
10.3022 0
10.3079 0
10.3137 0
10.3194 0
10.3251 0
10.3309 0
10.3366 0
10.3424 0
10.3481 0
10.3538 0
10.3596 0
10.3653 0
10.371 0
10.3768 0
10.3825 0
10.3882 0
10.394 0
10.3997 0
10.4054 0
10.4112 0
10.4169 0
10.4227 0
10.4284 0
10.4341 0
10.4399 0
10.4456 0
10.4513 0
10.4571 0
10.4628 0
10.4685 0
10.4743 0
10.48 0
10.4858 0
10.4915 0
10.4972 0
10.503 0
10.5087 0
10.5144 0
10.5202 0
10.5259 0
10.5316 0
10.5374 0
10.5431 0
10.5489 0
10.5546 0
10.5603 0
10.5661 0
10.5718 0
10.5775 0
10.5833 0
10.589 0
10.5947 0
10.6005 0
10.6062 0
10.612 0
10.6177 0
10.6234 0
10.6292 0
10.6349 0
10.6406 0
10.6464 0
10.6521 0
10.6578 0
10.6636 0
10.6693 0
10.6751 0
10.6808 0
10.6865 0
10.6923 0
10.698 0
10.7037 0
10.7095 0
10.7152 0
10.7209 0
10.7267 0
10.7324 0
10.7381 0
10.7439 0
10.7496 0
10.7554 0
10.7611 0
10.7668 0
10.7726 0
10.7783 0
10.784 0
10.7898 0
10.7955 0
10.8012 0
10.807 0
10.8127 0
10.8185 0
10.8242 0
10.8299 0
10.8357 0
10.8414 0
10.8471 0
10.8529 0
10.8586 0
10.8643 0
10.8701 0
10.8758 0
10.8816 0
10.8873 0
10.893 0
10.8988 0
10.9045 0
10.9102 0
10.916 0
10.9217 0
10.9274 0
10.9332 0
10.9389 0
10.9447 0
10.9504 0
10.9561 0
10.9619 0
10.9676 0
10.9733 0
10.9791 0
10.9848 0
10.9905 0
10.9963 0
11.002 0
11.0077 0
11.0135 0
11.0192 0
11.025 0
11.0307 0
11.0364 0
11.0422 0
11.0479 0
11.0536 0
11.0594 0
11.0651 0
11.0708 0
11.0766 0
11.0823 0
11.0881 0
11.0938 0
11.0995 0
11.1053 0
11.111 0
11.1167 0
11.1225 0
11.1282 0
11.1339 0
11.1397 0
11.1454 0
11.1512 0
11.1569 0
11.1626 0
11.1684 0
11.1741 0
11.1798 0
11.1856 0
11.1913 0
11.197 0
11.2028 0
11.2085 0
11.2143 0
11.22 0
11.2257 0
11.2315 0
11.2372 0
11.2429 0
11.2487 0
11.2544 0
11.2601 0
11.2659 0
11.2716 0
11.2774 0
11.2831 0
11.2888 0
11.2946 0
11.3003 0
11.306 0
11.3118 0
11.3175 0
11.3232 0
11.329 0
11.3347 0
11.3404 0
11.3462 0
11.3519 0
11.3577 0
11.3634 0
11.3691 0
11.3749 0
11.3806 0
11.3863 0
11.3921 0
11.3978 0
11.4035 0
11.4093 0
11.415 0
11.4208 0
11.4265 0
11.4322 0
11.438 0
11.4437 0
11.4494 0
11.4552 0
11.4609 0
11.4666 0
11.4724 0
11.4781 0
11.4839 0
11.4896 0
11.4953 0
11.5011 0
11.5068 0
11.5125 0
11.5183 0
11.524 0
11.5297 0
11.5355 0
11.5412 0
11.547 0
11.5527 0
11.5584 0
11.5642 0
11.5699 0
11.5756 0
11.5814 0
11.5871 0
11.5928 0
11.5986 0
11.6043 0
11.61 0
11.6158 0
11.6215 0
11.6273 0
11.633 0
11.6387 0
11.6445 0
11.6502 0
11.6559 0
11.6617 0
11.6674 0
11.6731 0
11.6789 0
11.6846 0
11.6904 0
11.6961 0
11.7018 0
11.7076 0
11.7133 0
11.719 0
11.7248 0
11.7305 0
11.7362 0
11.742 0
