0 0
0.00573619 4
0.0114724 -7
0.0172086 0
0.0229448 0
0.028681 12
0.0344171 0
0.0401533 -33
0.0458895 9
0.0516257 6
0.0573619 0
0.0630981 16
0.0688343 32
0.0745705 0
0.0803067 -6
0.0860429 -2
0.091779 0
0.0975152 -9
0.103251 13.6667
0.108988 -11.6667
0.114724 0
0.12046 -2.33333
0.126196 -15.3333
0.131932 0
0.137669 -2
0.143405 -4.66667
0.149141 -8
0.154877 11
0.160613 -8.66667
0.16635 0.666667
0.172086 0
0.177822 10
0.183558 3.5
0.189294 0
0.19503 12.4
0.200767 10.8
0.206503 -5.33333
0.212239 -2.5
0.217975 -8.4
0.223711 -6.6
0.229448 0
0.235184 13.6
0.24092 3.2
0.246656 0
0.252392 2.8
0.258129 -2.6
0.263865 -3
0.269601 0
0.275337 5.4
0.281073 12.1429
0.28681 0
0.292546 5.14286
0.298282 15.2857
0.304018 -6
0.309754 0.25
0.31549 -1.14286
0.321227 14.4286
0.326963 0
0.332699 7.57143
0.338435 2.85714
0.344171 0
0.349908 -0.571429
0.355644 9.42857
0.36138 -6.8
0.367116 -10
0.372852 -1.375
0.378589 -1.85714
0.384325 -9.5
0.390061 2.88889
0.395797 -7.55556
0.401533 0
0.40727 -0.666667
0.413006 6
0.418742 11
0.424478 29
0.430214 12.7778
0.43595 6.44444
0.441687 0
0.447423 18.3333
0.453159 14.6667
0.458895 -7
0.464631 6
0.470368 15.3636
0.476104 18.8889
0.48184 11
0.487576 20.0909
0.493312 16.8182
0.499049 0
0.504785 9.45455
0.510521 18.6364
0.516257 19.8
0.521993 25.5
0.52773 23.1818
0.533466 14.7778
0.539202 -7.5
0.544938 21.6364
0.550674 25.4545
0.55641 0
0.562147 28
0.567883 13.0769
0.573619 25.5714
0.579355 23.3333
0.585091 8.76923
0.590828 8.72727
0.596564 9.5
0.6023 7.69231
0.608036 6
0.613772 22
0.619509 1
0.625245 8.69231
0.630981 13.3333
0.636717 12.25
0.642453 12.0769
0.64819 21.3846
0.653926 42
0.659662 16.8
0.665398 17.2667
0.671134 21.5714
0.67687 20
0.682607 17.3333
0.688343 27.8182
0.694079 37
0.699815 22.2
0.705551 24.5333
0.711288 11
0.717024 25.4286
0.72276 25.2667
0.728496 15.1111
0.734232 21.6667
0.739969 17.9375
0.745705 24.3077
0.751441 10.3333
0.757177 17.2353
0.762913 22.7059
0.76865 10.6
0.774386 27
0.780122 26.6471
0.785858 21.8182
0.791594 29
0.79733 15.7059
0.803067 20.2
0.808803 21
0.814539 29.4706
0.820275 20.4706
0.826011 13.4444
0.831748 28.875
0.837484 28.5556
0.84322 22
0.848956 7.66667
0.854692 19.1053
0.860429 23.4706
0.866165 5.8
0.871901 21.125
0.877637 17.6316
0.883373 15
0.88911 24.5
0.894846 21.5263
0.900582 27.2
0.906318 7.75
0.912054 19.7368
0.91779 20.2941
0.923527 29.5556
0.929263 21.0769
0.934999 25
0.940735 17.1538
0.946471 19.125
0.952208 25.1905
0.957944 25.6471
0.96368 13
0.969416 21.2857
0.975152 23.1053
0.980889 24.2727
0.986625 28
0.992361 20.9524
0.998097 27.1333
1.00383 11.6667
1.00957 23.3333
1.01531 31.0588
1.02104 21
1.02678 22.2353
1.03251 15.7143
1.03825 22.9231
1.04399 19.75
1.04972 23.1739
1.05546 26.9412
1.0612 34.6667
1.06693 23.0435
1.07267 25.4737
1.0784 16.6154
1.08414 17.5
1.08988 26.4783
1.09561 27.6
1.10135 22.125
1.10708 24.3043
1.11282 18.7647
1.11856 29.8571
1.12429 15.4167
1.13003 24.5714
1.13577 24.2
1.1415 27.5714
1.14724 29.64
1.15297 30.0667
1.15871 20.3
1.16445 19.28
1.17018 31.4737
1.17592 23.9231
1.18166 23.0556
1.18739 22.3043
1.19313 13.1333
1.19886 22.0833
1.2046 22.64
1.21034 25.8333
1.21607 20.6667
1.22181 31.3704
1.22754 27.0952
1.23328 14.8235
1.23902 29.625
1.24475 21.72
1.25049 21.7059
1.25623 24.8333
1.26196 16.4815
1.2677 21.6842
1.27343 26.1538
1.27917 18.9545
1.28491 18.0435
1.29064 20
1.29638 25.6
1.30212 26.8148
1.30785 25.2222
1.31359 26.6364
1.31932 21.2069
1.32506 31.1429
1.3308 17.5882
1.33653 28.65
1.34227 25.2
1.348 28.8947
1.35374 23.8571
1.35948 18.5926
1.36521 21.7619
1.37095 29.5
1.37669 21.7586
1.38242 16.3913
1.38816 25.8824
1.39389 24.6842
1.39963 20.8148
1.40537 18.5
1.4111 26.8571
1.41684 20.1379
1.42258 24.913
1.42831 32
1.43405 26.5417
1.43978 24.92
1.44552 19.9524
1.45126 22.25
1.45699 20.1724
1.46273 20.9048
1.46846 18.9167
1.4742 29.6774
1.47994 24.3043
1.48567 23.15
1.49141 28
1.49715 25.8889
1.50288 21.9091
1.50862 18.9375
1.51435 26.2414
1.52009 31.04
1.52583 21.6
1.53156 26.1667
1.5373 24.8
1.54304 25.4286
1.54877 23.1
1.55451 23.069
1.56024 19.8696
1.56598 27.6429
1.57172 22.3871
1.57745 16.7692
1.58319 26.2
1.58892 25
1.59466 23.5926
1.6004 26.8
1.60613 24.8889
1.61187 20.9355
1.61761 22.92
1.62334 25.0714
1.62908 23.8182
1.63481 23.6296
1.64055 20.6957
1.64629 21.8182
1.65202 27.7931
1.65776 24.6
1.6635 27.9375
1.66923 14
1.67497 24.75
1.6807 17.55
1.68644 25.4286
1.69218 23.3214
1.69791 21.96
1.70365 20.3182
1.70938 20.7097
1.71512 20.7778
1.72086 26.5625
1.72659 18.3636
1.73233 19.2069
1.73807 17.2609
1.7438 19.8462
1.74954 20.069
1.75527 26.0741
1.76101 33.4737
1.76675 28.6061
1.77248 26.5
1.77822 27.1
1.78396 23.5333
1.78969 19.8387
1.79543 21.7778
1.80116 24
1.8069 25.5484
1.81264 26.069
1.81837 18.2222
1.82411 24.3714
1.82984 22.5862
1.83558 22.36
1.84132 28.2308
1.84705 20.9355
1.85279 25.0357
1.85853 21.5652
1.86426 27.7273
1.87 26.4333
1.87573 26.2941
1.88147 28.2571
1.88721 21.697
1.89294 25.0741
1.89868 21.3846
1.90442 28.1212
1.91015 26.7419
1.91589 18.7
1.92162 23.9429
1.92736 25.4516
1.9331 29.4
1.93883 31.3571
1.94457 25.6667
1.9503 22.4667
1.95604 28.4167
1.96178 32.1176
1.96751 18.8125
1.97325 27.8
1.97899 30.5405
1.98472 28.1212
1.99046 24.069
1.99619 22.5769
2.00193 28.4571
2.00767 24.6774
2.0134 19.2083
2.01914 25.1429
2.02488 27
2.03061 23.88
2.03635 26.0312
2.04208 26.5294
2.04782 28.875
2.05356 26.75
2.05929 21.7222
2.06503 25.9118
2.07076 25.5455
2.0765 22.8919
2.08224 23.8286
2.08797 28.4828
2.09371 25.8571
2.09945 25.2703
2.10518 23.9394
2.11092 21.125
2.11665 29.4054
2.12239 24.7143
2.12813 27.2174
2.13386 24.1622
2.1396 24.8889
2.14534 27.2188
2.15107 27.8462
2.15681 27.1842
2.16254 17.9444
2.16828 12.0455
2.17402 33.5385
2.17975 32.1892
2.18549 25.1935
2.19122 25.1667
2.19696 23.5946
2.2027 33.2571
2.20843 28.7083
2.21417 61.3077
2.21991 58.8649
2.22564 34.1364
2.23138 36.125
2.23711 31.2632
2.24285 26.8235
2.24859 30.4286
2.25432 28.8421
2.26006 22.4103
2.2658 27.1364
2.27153 26.9024
2.27727 34.5385
2.283 24.9355
2.28874 26.875
2.29448 28.4103
2.30021 26.8919
2.30595 31.1923
2.31168 30.1026
2.31742 28.275
2.32316 20.7273
2.32889 30.881
2.33463 34.625
2.34037 33.7778
2.3461 33.2857
2.35184 33.7857
2.35757 34.7838
2.36331 40.7692
2.36905 39.1463
2.37478 37.4146
2.38052 34.3226
2.38626 29.0294
2.39199 36.5349
2.39773 26.1622
2.40346 26.5385
2.4092 25.4318
2.41494 26.1
2.42067 27.4545
2.42641 31.5227
2.43214 31.8095
2.43788 27.0571
2.44362 27.3548
2.44935 24.3111
2.45509 25.4103
2.46083 22.1923
2.46656 27.0222
2.4723 27.6585
2.47803 23.2069
2.48377 24.9
2.48951 29.814
2.49524 29.8974
2.50098 31.9615
2.50672 22.6957
2.51245 25.0238
2.51819 24.6667
2.52392 29.6957
2.52966 28.9545
2.5354 32.4242
2.54113 27.5714
2.54687 30.8667
2.5526 32.2195
2.55834 35.0385
2.56408 27.617
2.56981 31.0465
2.57555 27.2414
2.58129 29.3333
2.58702 31.0222
2.59276 30
2.59849 25.2121
2.60423 28.2609
2.60997 27.0682
2.6157 31.9167
2.62144 31.8958
2.62718 28.587
2.63291 28.2
2.63865 29.9167
2.64438 30.5106
2.65012 31.0732
2.65586 29.1667
2.66159 32.5532
2.66733 28.2667
2.67306 33.12
2.6788 28.8333
2.68454 32.2083
2.69027 30.4103
2.69601 33.697
2.70175 28.2917
2.70748 26.7556
2.71322 33.963
2.71895 29.7292
2.72469 31.2292
2.73043 29.9143
2.73616 28.7105
2.7419 31.6327
2.74764 31.0465
2.75337 31.7
2.75911 30.9388
2.76484 28.102
2.77058 27.2917
2.77632 33.6531
2.78205 32.32
2.78779 32.1282
2.79352 32.7429
2.79926 28.4038
2.805 33.5556
2.81073 27.0741
2.81647 31.3462
2.82221 30.9184
2.82794 34.8108
2.83368 26.1579
2.83941 30.2264
2.84515 28.0488
2.85089 29.7812
2.85662 30.0755
2.86236 27.9796
2.8681 33.9583
2.87383 32.2222
2.87957 32.4
2.8853 31.3902
2.89104 30.4054
2.89678 34.5192
2.90251 35.2889
2.90825 31.2759
2.91398 36.5556
2.91972 36.0392
2.92546 32.6486
2.93119 30.2857
2.93693 34.8302
2.94267 37.7556
2.9484 35.7812
2.95414 33.5283
2.95987 33.4898
2.96561 37.1111
2.97135 33.0714
2.97708 35.3704
2.98282 36.0513
2.98856 32.4615
2.99429 35.8148
3.00003 32
3.00576 30.1613
3.0115 34.3636
3.01724 33.6226
3.02297 32.2973
3.02871 32.7045
3.03444 37.4909
3.04018 33.4667
3.04592 40.1765
3.05165 37.0545
3.05739 37.9608
3.06313 37.5517
3.06886 38.6786
3.0746 33.3818
3.08033 39.7273
3.08607 35.8649
3.09181 45.0714
3.09754 41.102
3.10328 43.9677
3.10902 48.678
3.11475 48.1509
3.12049 43.9231
3.12622 40.1957
3.13196 40.6909
3.1377 42.5745
3.14343 46.25
3.14917 43.7759
3.1549 40.8431
3.16064 39.4138
3.16638 42.6167
3.17211 44.6909
3.17785 41.0455
3.18359 42.4634
3.18932 46.6897
3.19506 44.1837
3.20079 41.7647
3.20653 42.3898
3.21227 41.3396
3.218 46.5854
3.22374 44.7917
3.22948 44.2203
3.23521 47.0444
3.24095 46.5385
3.24668 44
3.25242 46.8679
3.25816 54.9118
3.26389 41.4561
3.26963 44.4386
3.27536 44.9565
3.2811 46.7561
3.28684 52.4
3.29257 52.5918
3.29831 52.6944
3.30405 55.254
3.30978 58.6182
3.31552 62.9535
3.32125 59.9583
3.32699 63.6842
3.33273 59.7255
3.33846 54.1795
3.3442 65.4194
3.34994 64.2941
3.35567 60.8684
3.36141 59.7119
3.36714 59.7368
3.37288 59.8333
3.37862 62.3023
3.38435 59.8033
3.39009 56.3962
3.39582 49.0278
3.40156 59.0952
3.4073 58.3091
3.41303 57.9362
3.41877 58.0208
3.42451 60.7869
3.43024 62.94
3.43598 63.561
3.44171 58.9206
3.44745 60.3929
3.45319 59.5476
3.45892 61.5273
3.46466 59.4915
3.4704 62.66
3.47613 62.5814
3.48187 63.8413
3.4876 65.1698
3.49334 57.8684
3.49908 58.806
3.50481 69.1754
3.51055 61.9149
3.51628 67.0392
3.52202 68.9508
3.52776 76.0185
3.53349 77.3171
3.53923 94.8308
3.54497 111.759
3.5507 118.229
3.55644 106.236
3.56217 91.7288
3.56791 83.8077
3.57365 77.8696
3.57938 74.7538
3.58512 76.7636
3.59086 74.7368
3.59659 74.6866
3.60233 73.0339
3.60806 73.7255
3.6138 75.2041
3.61954 79.4762
3.62527 85.4286
3.63101 84.6098
3.63674 95.2836
3.64248 107.586
3.64822 112.562
3.65395 120.316
3.65969 121.475
3.66543 110.111
3.67116 108.152
3.6769 106.397
3.68263 110.328
3.68837 104.711
3.69411 114.304
3.69984 113.441
3.70558 108.463
3.71132 105.137
3.71705 112.538
3.72279 114.071
3.72852 109.767
3.73426 117.507
3.74 117.161
3.74573 115.68
3.75147 115.909
3.7572 123.413
3.76294 130.678
3.76868 132.205
3.77441 136.478
3.78015 140.712
3.78589 150.043
3.79162 148.875
3.79736 164.797
3.80309 171.018
3.80883 178.373
3.81457 192.292
3.8203 215.067
3.82604 220.605
3.83178 247.522
3.83751 308.597
3.84325 371.643
3.84898 562.17
3.85472 1010.19
3.86046 961.803
3.86619 773.435
3.87193 1035.36
3.87766 1390.84
3.8834 1788.76
3.88914 2265.08
3.89487 2741.62
3.90061 2472.67
3.90635 2005.16
3.91208 1456.36
3.91782 1007.86
3.92355 745.439
3.92929 592.437
3.93503 459.047
3.94076 375.259
3.9465 327.704
3.95224 292.925
3.95797 259.857
3.96371 228.891
3.96944 218.31
3.97518 207.841
3.98092 195.054
3.98665 182.552
3.99239 171.191
3.99812 168.419
4.00386 162.163
4.0096 157.435
4.01533 160.109
4.02107 153.16
4.02681 149.258
4.03254 155.606
4.03828 150.667
4.04401 144.962
4.04975 143.366
4.05549 136.369
4.06122 129.87
4.06696 131.87
4.0727 127.1
4.07843 127.967
4.08417 123.089
4.0899 126.015
4.09564 126.484
4.10138 126.82
4.10711 120.875
4.11285 119.424
4.11858 118.339
4.12432 118.403
4.13006 117.25
4.13579 118.365
4.14153 115.077
4.14727 119.11
4.153 121.179
4.15874 114.295
4.16447 120.301
4.17021 117.486
4.17595 118.758
4.18168 119.75
4.18742 118.614
4.19316 119.5
4.19889 115.54
4.20463 113.716
4.21036 119.75
4.2161 114.117
4.22184 114.397
4.22757 113.778
4.23331 114.552
4.23904 115.68
4.24478 111.413
4.25052 116.391
4.25625 112.679
4.26199 111.594
4.26773 119.278
4.27346 112.53
4.2792 118.821
4.28493 113.431
4.29067 117.614
4.29641 114.917
4.30214 117.724
4.30788 120.943
4.31362 122.578
4.31935 126.268
4.32509 122.189
4.33082 127.42
4.33656 130.94
4.3423 134.067
4.34803 137.216
4.35377 138.806
4.3595 138.517
4.36524 142.081
4.37098 146.986
4.37671 152.259
4.38245 154.041
4.38819 162.292
4.39392 166.947
4.39966 172.493
4.40539 184.514
4.41113 198.941
4.41687 210.444
4.4226 232.104
4.42834 355.822
4.43408 547
4.43981 1164.74
4.44555 3334.11
4.45128 1573.14
4.45702 3112.54
4.46276 845.316
4.46849 463.833
4.47423 446
4.47996 468.25
4.4857 496.757
4.49144 526.723
4.49717 551.413
4.50291 565.579
4.50865 548.371
4.51438 494.981
4.52012 435.051
4.52585 365.987
4.53159 304.579
4.53733 270.408
4.54306 225.488
4.5488 201.687
4.55454 182.491
4.56027 169.688
4.56601 152.473
4.57174 141.808
4.57748 134.128
4.58322 127.038
4.58895 120.522
4.59469 115.738
4.60042 115.346
4.60616 111.467
4.6119 111.62
4.61763 109.145
4.62337 110.41
4.62911 105.54
4.63484 100.477
4.64058 100.037
4.64631 98.6667
4.65205 96.8214
4.65779 92.775
4.66352 89.9359
4.66926 90.3934
4.675 91.6056
4.68073 91.4231
4.68647 90
4.6922 92.8421
4.69794 90.4875
4.70368 86.3247
4.70941 87.04
4.71515 87.8824
4.72088 88.1375
4.72662 93.6232
4.73236 89.8095
4.73809 90.7439
4.74383 92.0641
4.74957 91.6346
4.7553 89.6786
4.76104 86.0875
4.76677 81.2687
4.77251 80.1846
4.77825 81.1829
4.78398 85.32
4.78972 74.5273
4.79546 76.7294
4.80119 73.5063
4.80693 67.7231
4.81266 74.3099
4.8184 75.4524
4.82414 72.7397
4.82987 70.5738
4.83561 73.7262
4.84134 74.15
4.84708 71.8302
4.85282 74.4
4.85855 71.4878
4.86429 68.3099
4.87003 69.2131
4.87576 68.8023
4.8815 68.4872
4.88723 64.0556
4.89297 62.5882
4.89871 66.4286
4.90444 70.6056
4.91018 64.6866
4.91592 66.2024
4.92165 68.5443
4.92739 66.8421
4.93312 67.0349
4.93886 68.6905
4.9446 63.9552
4.95033 68.0563
4.95607 62.907
4.9618 66.974
4.96754 67.8814
4.97328 65.907
4.97901 67.9398
4.98475 65.2295
4.99049 64.8462
4.99622 62.0341
5.00196 66.9726
5.00769 64.381
5.01343 59.8295
5.01917 65.2651
5.0249 62.5283
5.03064 64.0444
5.03638 61.6163
5.04211 67.5867
5.04785 64.2462
5.05358 61.9767
5.05932 62.2346
5.06506 63.4386
5.07079 61.5682
5.07653 59.3908
5.08226 59.5352
5.088 58.6197
5.09374 61.3889
5.09947 64.3896
5.10521 61.5238
5.11095 65.6778
5.11668 63.5412
5.12242 60.5152
5.12815 63.7792
5.13389 62.7889
5.13963 64.4286
5.14536 62.6557
5.1511 61
5.15684 62.6386
5.16257 62.9677
5.16831 64.0238
5.17404 63.6292
5.17978 63.6795
5.18552 61.194
5.19125 61.7444
5.19699 57.9759
5.20272 64.9322
5.20846 61.3478
5.2142 61.236
5.21993 61.9211
5.22567 59.058
5.23141 59.8587
5.23714 60.5926
5.24288 61
5.24861 61.6739
5.25435 60.9101
5.26009 67.5857
5.26582 63.0921
5.27156 61.1978
5.2773 61.8125
5.28303 64.2
5.28877 62.6702
5.2945 62.5172
5.30024 64
5.30598 62.038
5.31171 66.9101
5.31745 63.2195
5.32318 64.6
5.32892 61.8298
5.33466 61.6782
5.34039 60.197
5.34613 64.6235
5.35187 61.3077
5.3576 62.5062
5.36334 64.9851
5.36907 63.8125
5.37481 64.8824
5.38055 64.9016
5.38628 64.1771
5.39202 72.8462
5.39776 77.3375
5.40349 72.5352
5.40923 71.5938
5.41496 63.5926
5.4207 56.619
5.42644 61.3673
5.43217 63.0112
5.43791 65.5641
5.44364 62.5069
5.44938 66.7629
5.45512 67.9146
5.46085 65.9552
5.46659 64.0816
5.47233 64.2809
5.47806 63.1184
5.4838 59.6173
5.48953 62.3226
5.49527 62.9762
5.50101 60.4179
5.50674 63.6531
5.51248 62.6854
5.51822 59.9324
5.52395 62.5663
5.52969 62.5376
5.53542 63.8333
5.54116 63.3088
5.5469 60.3838
5.55263 64.6556
5.55837 66
5.5641 71.3708
5.56984 62.172
5.57558 61.4524
5.58131 60.0137
5.58705 62.8889
5.59279 63.3864
5.59852 62.7302
5.60426 64.28
5.60999 64.9893
5.61573 64.2317
5.62147 64.28
5.6272 64.1443
5.63294 62.907
5.63868 61.194
5.64441 63.0098
5.65015 63.8387
5.65588 64.5
5.66162 62.987
5.66736 61.2323
5.67309 61.8023
5.67883 64.4348
5.68456 62.8317
5.6903 65.9
5.69604 65.4878
5.70177 66.4578
5.70751 66.6211
5.71325 71.1364
5.71898 69.831
5.72472 66.0505
5.73045 67.043
5.73619 68.4125
5.74193 69.5843
5.74766 70.1684
5.7534 70.1023
5.75914 66.7465
5.76487 69.0792
5.77061 72.0638
5.77634 72.4231
5.78208 75.4944
5.78782 77.2062
5.79355 75.1163
5.79929 74.08
5.80502 73.703
5.81076 72.2174
5.8165 68.7973
5.82223 70.6875
5.82797 71.8673
5.83371 73.7093
5.83944 74.4684
5.84518 73.7374
5.85091 70.4688
5.85665 71.5077
5.86239 72.9524
5.86812 72.4388
5.87386 75.2558
5.8796 70.5316
5.88533 76.5644
5.89107 76.7826
5.8968 74.7101
5.90254 73.0476
5.90828 76.2143
5.91401 75.0116
5.91975 72.506
5.92548 76.0808
5.93122 75.9043
5.93696 75.9863
5.94269 73.6952
5.94843 78.9167
5.95417 79.0795
5.9599 77.4941
5.96564 83.5556
5.97137 80.9255
5.97711 81.3151
5.98285 78.8058
5.98858 79.5306
5.99432 82.3214
6.00006 86.8764
6.00579 87.7677
6.01153 93.6277
6.01726 92.5067
6.023 88.7048
6.02874 86.6042
6.03447 87.3977
6.04021 87.1
6.04594 84.9286
6.05168 88.0417
6.05742 88.4026
6.06315 93.2857
6.06889 89.4688
6.07463 95.1786
6.08036 91.4468
6.0861 91.1225
6.09183 93.7708
6.09757 96.8077
6.10331 94.4245
6.10904 95.1354
6.11478 96.7907
6.12052 94.7604
6.12625 97.85
6.13199 99.0957
6.13772 98.2561
6.14346 99.3235
6.1492 100.95
6.15493 105.762
6.16067 107.353
6.1664 105.327
6.17214 107.915
6.17788 111.464
6.18361 109.353
6.18935 115.687
6.19509 118.12
6.20082 115.936
6.20656 119.902
6.21229 131
6.21803 138.512
6.22377 135.575
6.2295 135.72
6.23524 154.067
6.24098 142.229
6.24671 147.676
6.25245 163.277
6.25818 172.907
6.26392 170.382
6.26966 240.255
6.27539 543.573
6.28113 258.119
6.28686 2097.47
6.2926 6651.61
6.29834 1318.44
6.30407 3551.98
6.30981 1960.73
6.31555 1824.62
6.32128 605.333
6.32702 375.837
6.33275 332.104
6.33849 325.932
6.34423 304.904
6.34996 318.353
6.3557 336.282
6.36144 362.833
6.36717 423.413
6.37291 471.189
6.37864 473.6
6.38438 437.387
6.39012 391.824
6.39585 344.125
6.40159 297.111
6.40732 253.093
6.41306 220.149
6.4188 200.043
6.42453 182.981
6.43027 172.304
6.43601 158.695
6.44174 157.066
6.44748 157.528
6.45321 148.5
6.45895 149.663
6.46469 145.895
6.47042 144.65
6.47616 131.286
6.4819 132.427
6.48763 128.583
6.49337 126.624
6.4991 121.642
6.50484 119.713
6.51058 121.52
6.51631 116.262
6.52205 118.409
6.52778 115.5
6.53352 117.554
6.53926 114.51
6.54499 115.167
6.55073 115.676
6.55647 118.071
6.5622 115.752
6.56794 115.815
6.57367 118.29
6.57941 111.684
6.58515 112.491
6.59088 108.596
6.59662 115.94
6.60236 111.193
6.60809 108.142
6.61383 108.925
6.61956 106.66
6.6253 105.107
6.63104 107.245
6.63677 104.314
6.64251 106.912
6.64824 107.112
6.65398 113.055
6.65972 107.696
6.66545 107.116
6.67119 111.087
6.67693 111.733
6.68266 107.026
6.6884 109.315
6.69413 108.78
6.69987 108.612
6.70561 108.473
6.71134 108.548
6.71708 108.114
6.72282 104.325
6.72855 105.861
6.73429 109.719
6.74002 105.16
6.74576 106.217
6.7515 109.311
6.75723 104.573
6.76297 106.638
6.7687 106.339
6.77444 108.157
6.78018 106.219
6.78591 102.897
6.79165 107.374
6.79739 103.563
6.80312 107.754
6.80886 107.098
6.81459 108.176
6.82033 103.952
6.82607 105.422
6.8318 107.667
6.83754 108.943
6.84328 105.145
6.84901 106.223
6.85475 107.088
6.86048 109.532
6.86622 107.957
6.87196 108.29
6.87769 103.23
6.88343 106.347
6.88916 106.333
6.8949 103.299
6.90064 107.54
6.90637 111.439
6.91211 107.019
6.91785 108.701
6.92358 107.446
6.92932 109.372
6.93505 111.371
6.94079 108.619
6.94653 109.06
6.95226 110.103
6.958 113.11
6.96374 110.1
6.96947 106.474
6.97521 109.33
6.98094 108.054
6.98668 112.966
6.99242 109.376
6.99815 107.562
7.00389 107.542
7.00962 110.552
7.01536 113.989
7.0211 108.164
7.02683 110.207
7.03257 110.364
7.03831 111.871
7.04404 112.82
7.04978 111.913
7.05551 114.787
7.06125 110.725
7.06699 114.238
7.07272 116.835
7.07846 115.539
7.0842 116.115
7.08993 116.75
7.09567 118.505
7.1014 117.177
7.10714 120.42
7.11288 120.33
7.11861 121.5
7.12435 121.032
7.13008 119.479
7.13582 124.115
7.14156 121.613
7.14729 124.058
7.15303 121.651
7.15877 122.441
7.1645 120.968
7.17024 118.899
7.17597 122.704
7.18171 122.421
7.18745 123.074
7.19318 129.324
7.19892 123.576
7.20466 127.346
7.21039 126.479
7.21613 126.111
7.22186 129.073
7.2276 132.865
7.23334 133.712
7.23907 133.659
7.24481 134.413
7.25054 134.655
7.25628 135.62
7.26202 133.541
7.26775 140.516
7.27349 140.514
7.27923 137.968
7.28496 143.63
7.2907 142.765
7.29643 150.049
7.30217 147.315
7.30791 145.935
7.31364 156.393
7.31938 151.191
7.32512 157.654
7.33085 163.331
7.33659 165.712
7.34232 157.39
7.34806 167.885
7.3538 189.027
7.35953 171.613
7.36527 209.844
7.371 276.818
7.37674 763.096
7.38248 326.727
7.38821 2795.79
7.39395 2093.47
7.39969 1734.64
7.40542 2080.53
7.41116 882.146
7.41689 578.34
7.42263 385.925
7.42837 313.167
7.4341 310.151
7.43984 299.011
7.44558 305.142
7.45131 325.149
7.45705 362.318
7.46278 383.845
7.46852 443.862
7.47426 496.805
7.47999 521.256
7.48573 507.802
7.49146 454.968
7.4972 394.173
7.50294 346.327
7.50867 308.891
7.51441 266.244
7.52015 243.824
7.52588 217.553
7.53162 197.944
7.53735 184.134
7.54309 174.718
7.54883 163
7.55456 159.017
7.5603 160.256
7.56604 150.081
7.57177 142.504
7.57751 142.652
7.58324 135.676
7.58898 138.626
7.59472 136.18
7.60045 131.91
7.60619 128.455
7.61192 128.519
7.61766 125.293
7.6234 122.386
7.62913 121.75
7.63487 125.851
7.64061 124.931
7.64634 120.496
7.65208 121.093
7.65781 121.815
7.66355 121.724
7.66929 120.597
7.67502 122.823
7.68076 122.642
7.6865 120.017
7.69223 122.679
7.69797 124.381
7.7037 126.109
7.70944 137.507
7.71518 196.878
7.72091 261.382
7.72665 525.453
7.73238 932.992
7.73812 299.615
7.74386 158.429
7.74959 206.072
7.75533 176.881
7.76107 157.036
7.7668 158.588
7.77254 164.328
7.77827 172.697
7.78401 185.091
7.78975 198.437
7.79548 217.93
7.80122 250.586
7.80696 263.423
7.81269 271.789
7.81843 264.25
7.82416 246.853
7.8299 216.171
7.83564 187.039
7.84137 166.752
7.84711 150.4
7.85284 140.275
7.85858 131.244
7.86432 125.134
7.87005 118.82
7.87579 115.141
7.88153 112.762
7.88726 108.43
7.893 107.437
7.89873 102.133
7.90447 105.245
7.91021 103.158
7.91594 104.107
7.92168 99.5167
7.92742 97.3868
7.93315 92.4818
7.93889 95.8898
7.94462 99.0266
7.95036 96.6281
7.9561 94.4621
7.96183 98.1825
7.96757 95.2952
7.9733 93.6788
7.97904 95.1
7.98478 91.4643
7.99051 93.488
7.99625 90.0827
8.00199 91.5564
8.00772 90.5347
8.01346 93.482
8.01919 88.8195
8.02493 92.6891
8.03067 87.4779
8.0364 90.5662
8.04214 89.4961
8.04788 89.0583
8.05361 85.5252
8.05935 87.125
8.06508 89.161
8.07082 86.8291
8.07656 84.8248
8.08229 84.625
8.08803 85.4545
8.09376 82.7902
8.0995 79.303
8.10524 73.5528
8.11097 69.469
8.11671 62.4348
8.12245 60.8605
8.12818 57.5766
8.13392 51.6061
8.13965 48.635
8.14539 44.871
8.15113 42.7477
8.15686 21.5839
8.1626 24.358
8.16834 24.7119
8.17407 18.7368
8.17981 3.21053
8.18554 0
8.19128 0
8.19702 0
8.20275 0
8.20849 0
8.21422 0
8.21996 0
8.2257 0
8.23143 0
8.23717 0
8.24291 0
8.24864 0
8.25438 0
8.26011 0
8.26585 0
8.27159 0
8.27732 0
8.28306 0
8.2888 0
8.29453 0
8.30027 0
8.306 0
8.31174 0
8.31748 0
8.32321 0
8.32895 0
8.33468 0
8.34042 0
8.34616 0
8.35189 0
8.35763 0
8.36337 0
8.3691 0
8.37484 0
8.38057 0
8.38631 0
8.39205 0
8.39778 0
8.40352 0
8.40926 0
8.41499 0
8.42073 0
8.42646 0
8.4322 0
8.43794 0
8.44367 0
8.44941 0
8.45514 0
8.46088 0
8.46662 0
8.47235 0
8.47809 0
8.48383 0
8.48956 0
8.4953 0
8.50103 0
8.50677 0
8.51251 0
8.51824 0
8.52398 0
8.52972 0
8.53545 0
8.54119 0
8.54692 0
8.55266 0
8.5584 0
8.56413 0
8.56987 0
8.5756 0
8.58134 0
8.58708 0
8.59281 0
8.59855 0
8.60429 0
8.61002 0
8.61576 0
8.62149 0
8.62723 0
8.63297 0
8.6387 0
8.64444 0
8.65018 0
8.65591 0
8.66165 0
8.66738 0
8.67312 0
8.67886 0
8.68459 0
8.69033 0
8.69606 0
8.7018 0
8.70754 0
8.71327 0
8.71901 0
8.72475 0
8.73048 0
8.73622 0
8.74195 0
8.74769 0
8.75343 0
8.75916 0
8.7649 0
8.77064 0
8.77637 0
8.78211 0
8.78784 0
8.79358 0
8.79932 0
8.80505 0
8.81079 0
8.81652 0
8.82226 0
8.828 0
8.83373 0
8.83947 0
8.84521 0
8.85094 0
8.85668 0
8.86241 0
8.86815 0
8.87389 0
8.87962 0
8.88536 0
8.8911 0
8.89683 0
8.90257 0
8.9083 0
8.91404 0
8.91978 0
8.92551 0
8.93125 0
8.93698 0
8.94272 0
8.94846 0
8.95419 0
8.95993 0
8.96567 0
8.9714 0
8.97714 0
8.98287 0
8.98861 0
8.99435 0
9.00008 0
9.00582 0
9.01156 0
9.01729 0
9.02303 0
9.02876 0
9.0345 0
9.04024 0
9.04597 0
9.05171 0
9.05744 0
9.06318 0
9.06892 0
9.07465 0
9.08039 0
9.08613 0
9.09186 0
9.0976 0
9.10333 0
9.10907 0
9.11481 0
9.12054 0
9.12628 0
9.13202 0
9.13775 0
9.14349 0
9.14922 0
9.15496 0
9.1607 0
9.16643 0
9.17217 0
9.1779 0
9.18364 0
9.18938 0
9.19511 0
9.20085 0
9.20659 0
9.21232 0
9.21806 0
9.22379 0
9.22953 0
9.23527 0
9.241 0
9.24674 0
9.25248 0
9.25821 0
9.26395 0
9.26968 0
9.27542 0
9.28116 0
9.28689 0
9.29263 0
9.29836 0
9.3041 0
9.30984 0
9.31557 0
9.32131 0
9.32705 0
9.33278 0
9.33852 0
9.34425 0
9.34999 0
9.35573 0
9.36146 0
9.3672 0
9.37294 0
9.37867 0
9.38441 0
9.39014 0
9.39588 0
9.40162 0
9.40735 0
9.41309 0
9.41882 0
9.42456 0
9.4303 0
9.43603 0
9.44177 0
9.44751 0
9.45324 0
9.45898 0
9.46471 0
9.47045 0
9.47619 0
9.48192 0
9.48766 0
9.4934 0
9.49913 0
9.50487 0
9.5106 0
9.51634 0
9.52208 0
9.52781 0
9.53355 0
9.53928 0
9.54502 0
9.55076 0
9.55649 0
9.56223 0
9.56797 0
9.5737 0
9.57944 0
9.58517 0
9.59091 0
9.59665 0
9.60238 0
9.60812 0
9.61386 0
9.61959 0
9.62533 0
9.63106 0
9.6368 0
9.64254 0
9.64827 0
9.65401 0
9.65974 0
9.66548 0
9.67122 0
9.67695 0
9.68269 0
9.68843 0
9.69416 0
9.6999 0
9.70563 0
9.71137 0
9.71711 0
9.72284 0
9.72858 0
9.73432 0
9.74005 0
9.74579 0
9.75152 0
9.75726 0
9.763 0
9.76873 0
9.77447 0
9.7802 0
9.78594 0
9.79168 0
9.79741 0
9.80315 0
9.80889 0
9.81462 0
9.82036 0
9.82609 0
9.83183 0
9.83757 0
9.8433 0
9.84904 0
9.85478 0
9.86051 0
9.86625 0
9.87198 0
9.87772 0
9.88346 0
9.88919 0
9.89493 0
9.90066 0
9.9064 0
9.91214 0
9.91787 0
9.92361 0
9.92935 0
9.93508 0
9.94082 0
9.94655 0
9.95229 0
9.95803 0
9.96376 0
9.9695 0
9.97524 0
9.98097 0
9.98671 0
9.99244 0
9.99818 0
10.0039 0
10.0097 0
10.0154 0
10.0211 0
10.0269 0
10.0326 0
10.0383 0
10.0441 0
10.0498 0
10.0555 0
10.0613 0
10.067 0
10.0728 0
10.0785 0
10.0842 0
10.09 0
10.0957 0
10.1014 0
10.1072 0
10.1129 0
10.1186 0
10.1244 0
10.1301 0
10.1358 0
10.1416 0
10.1473 0
10.1531 0
10.1588 0
10.1645 0
10.1703 0
10.176 0
10.1817 0
10.1875 0
10.1932 0
10.1989 0
10.2047 0
10.2104 0
10.2162 0
10.2219 0
10.2276 0
10.2334 0
10.2391 0
10.2448 0
10.2506 0
10.2563 0
10.262 0
10.2678 0
10.2735 0
10.2793 0
10.285 0
10.2907 0
10.2965 0
10.3022 0
10.3079 0
10.3137 0
10.3194 0
10.3251 0
10.3309 0
10.3366 0
10.3424 0
10.3481 0
10.3538 0
10.3596 0
10.3653 0
10.371 0
10.3768 0
10.3825 0
10.3882 0
10.394 0
10.3997 0
10.4054 0
10.4112 0
10.4169 0
10.4227 0
10.4284 0
10.4341 0
10.4399 0
10.4456 0
10.4513 0
10.4571 0
10.4628 0
10.4685 0
10.4743 0
10.48 0
10.4858 0
10.4915 0
10.4972 0
10.503 0
10.5087 0
10.5144 0
10.5202 0
10.5259 0
10.5316 0
10.5374 0
10.5431 0
10.5489 0
10.5546 0
10.5603 0
10.5661 0
10.5718 0
10.5775 0
10.5833 0
10.589 0
10.5947 0
10.6005 0
10.6062 0
10.612 0
10.6177 0
10.6234 0
10.6292 0
10.6349 0
10.6406 0
10.6464 0
10.6521 0
10.6578 0
10.6636 0
10.6693 0
10.6751 0
10.6808 0
10.6865 0
10.6923 0
10.698 0
10.7037 0
10.7095 0
10.7152 0
10.7209 0
10.7267 0
10.7324 0
10.7381 0
10.7439 0
10.7496 0
10.7554 0
10.7611 0
10.7668 0
10.7726 0
10.7783 0
10.784 0
10.7898 0
10.7955 0
10.8012 0
10.807 0
10.8127 0
10.8185 0
10.8242 0
10.8299 0
10.8357 0
10.8414 0
10.8471 0
10.8529 0
10.8586 0
10.8643 0
10.8701 0
10.8758 0
10.8816 0
10.8873 0
10.893 0
10.8988 0
10.9045 0
10.9102 0
10.916 0
10.9217 0
10.9274 0
10.9332 0
10.9389 0
10.9447 0
10.9504 0
10.9561 0
10.9619 0
10.9676 0
10.9733 0
10.9791 0
10.9848 0
10.9905 0
10.9963 0
11.002 0
11.0077 0
11.0135 0
11.0192 0
11.025 0
11.0307 0
11.0364 0
11.0422 0
11.0479 0
11.0536 0
11.0594 0
11.0651 0
11.0708 0
11.0766 0
11.0823 0
11.0881 0
11.0938 0
11.0995 0
11.1053 0
11.111 0
11.1167 0
11.1225 0
11.1282 0
11.1339 0
11.1397 0
11.1454 0
11.1512 0
11.1569 0
11.1626 0
11.1684 0
11.1741 0
11.1798 0
11.1856 0
11.1913 0
11.197 0
11.2028 0
11.2085 0
11.2143 0
11.22 0
11.2257 0
11.2315 0
11.2372 0
11.2429 0
11.2487 0
11.2544 0
11.2601 0
11.2659 0
11.2716 0
11.2774 0
11.2831 0
11.2888 0
11.2946 0
11.3003 0
11.306 0
11.3118 0
11.3175 0
11.3232 0
11.329 0
11.3347 0
11.3404 0
11.3462 0
11.3519 0
11.3577 0
11.3634 0
11.3691 0
11.3749 0
11.3806 0
11.3863 0
11.3921 0
11.3978 0
11.4035 0
11.4093 0
11.415 0
11.4208 0
11.4265 0
11.4322 0
11.438 0
11.4437 0
11.4494 0
11.4552 0
11.4609 0
11.4666 0
11.4724 0
11.4781 0
11.4839 0
11.4896 0
11.4953 0
11.5011 0
11.5068 0
11.5125 0
11.5183 0
11.524 0
11.5297 0
11.5355 0
11.5412 0
11.547 0
11.5527 0
11.5584 0
11.5642 0
11.5699 0
11.5756 0
11.5814 0
11.5871 0
11.5928 0
11.5986 0
11.6043 0
11.61 0
11.6158 0
11.6215 0
11.6273 0
11.633 0
11.6387 0
11.6445 0
11.6502 0
11.6559 0
11.6617 0
11.6674 0
11.6731 0
11.6789 0
11.6846 0
11.6904 0
11.6961 0
11.7018 0
11.7076 0
11.7133 0
11.719 0
11.7248 0
11.7305 0
11.7362 0
11.742 0
