0 0
0.00573619 0
0.0114724 29.029
0.0172086 0
0.0229448 4.004
0.028681 -9.009
0.0344171 0
0.0401533 -14.014
0.0458895 11.011
0.0516257 -3.003
0.0573619 0
0.0630981 2.002
0.0688343 15.015
0.0745705 0
0.0803067 2.002
0.0860429 -21.021
0.091779 0
0.0975152 12.6793
0.103251 13.013
0.108988 16.3497
0.114724 0
0.12046 6.33967
0.126196 3.67033
0.131932 0
0.137669 0.333667
0.143405 -3.003
0.149141 -23.023
0.154877 10.01
0.160613 -10.6773
0.16635 4.004
0.172086 0
0.177822 -5.67233
0.183558 5.005
0.189294 0
0.19503 -9.2092
0.200767 -6.006
0.206503 1.33467
0.212239 18.5185
0.217975 0.6006
0.223711 2.6026
0.229448 0
0.235184 1.001
0.24092 -2.6026
0.246656 0
0.252392 -2.002
0.258129 17.4174
0.263865 2.6026
0.269601 0
0.275337 -1.001
0.281073 14.729
0.28681 0
0.292546 -1.716
0.298282 0.429
0.304018 -0.667333
0.309754 -1.5015
0.31549 -0.858
0.321227 7.722
0.326963 0
0.332699 1.573
0.338435 1.001
0.344171 0
0.349908 9.152
0.355644 5.005
0.36138 21.2212
0.367116 18.018
0.372852 7.5075
0.378589 0.286
0.384325 1.5015
0.390061 -5.78356
0.395797 8.11922
0.401533 0
0.40727 8.23044
0.413006 7.67433
0.418742 9.152
0.424478 12.012
0.430214 1.33467
0.43595 14.9038
0.441687 0
0.447423 18.3517
0.453159 6.78456
0.458895 32.3657
0.464631 17.017
0.470368 16.653
0.476104 24.4689
0.48184 -2.002
0.487576 17.836
0.493312 24.661
0.499049 0
0.504785 24.57
0.510521 19.019
0.516257 29.029
0.521993 20.6873
0.52773 24.934
0.533466 35.7023
0.539202 32.032
0.544938 25.844
0.550674 25.48
0.55641 0
0.562147 17.4341
0.567883 22.638
0.573619 23.023
0.579355 14.5145
0.585091 20.713
0.590828 24.479
0.596564 44.5445
0.6023 23.177
0.608036 23.639
0.613772 26.4264
0.619509 25.9009
0.625245 25.795
0.630981 19.3527
0.636717 6.75675
0.642453 23.408
0.64819 33.495
0.653926 20.02
0.659662 31.5649
0.665398 29.4294
0.671134 42.9
0.67687 26.6516
0.682607 28.4284
0.688343 28.847
0.694079 18.5185
0.699815 31.031
0.705551 30.0967
0.711288 6.006
0.717024 28.314
0.72276 34.2342
0.728496 22.6893
0.734232 26.5265
0.739969 28.5911
0.745705 35.343
0.751441 12.6793
0.757177 40.8644
0.762913 28.6168
0.76865 41.2412
0.774386 43.043
0.780122 38.2735
0.785858 30.758
0.791594 29.8632
0.79733 32.9741
0.803067 33.1665
0.808803 32.032
0.814539 30.6188
0.820275 23.6118
0.826011 40.3737
0.831748 34.7848
0.837484 26.7489
0.84322 34.573
0.848956 17.017
0.854692 34.2447
0.860429 31.3254
0.866165 44.4444
0.871901 24.1491
0.877637 38.5122
0.883373 36.673
0.88911 32.7827
0.894846 33.2964
0.900582 21.9553
0.906318 46.7967
0.912054 28.6075
0.91779 28.5579
0.923527 35.035
0.929263 26.719
0.934999 33.3834
0.940735 34.188
0.946471 18.8939
0.952208 33.9387
0.957944 34.5639
0.96368 32.7827
0.969416 27.4083
0.975152 26.8163
0.980889 31.395
0.986625 31.2812
0.992361 36.1313
0.998097 35.2352
1.00383 30.8642
1.00957 31.4123
1.01531 37.7436
1.02104 26.8268
1.02678 32.6208
1.03251 35.6547
1.03825 36.421
1.04399 34.7013
1.04972 28.5938
1.05546 32.8564
1.0612 30.03
1.06693 32.8589
1.07267 25.1304
1.0784 42.042
1.08414 26.5265
1.08988 36.7759
1.09561 41.9085
1.10135 30.03
1.10708 38.4297
1.11282 31.5609
1.11856 37.18
1.12429 31.9069
1.13003 36.894
1.13577 36.7701
1.1415 37.895
1.14724 28.068
1.15297 31.031
1.15871 28.4284
1.16445 32.1922
1.17018 29.7139
1.17592 38.115
1.18166 38.7609
1.18739 30.8569
1.19313 41.6416
1.19886 32.2822
1.2046 24.5445
1.21034 36.5921
1.21607 30.4749
1.22181 32.9589
1.22754 32.89
1.23328 26.9092
1.23902 27.9654
1.24475 37.077
1.25049 33.0919
1.25623 30.8642
1.26196 33.515
1.2677 38.7756
1.27343 33.803
1.27917 24.9795
1.28491 29.943
1.29064 34.3284
1.29638 33.2999
1.30212 27.9168
1.30785 35.9248
1.31359 42.588
1.31932 31.2381
1.32506 31.6507
1.3308 30.3833
1.33653 34.5845
1.34227 33.6336
1.348 25.9733
1.35374 37.2515
1.35948 36.2955
1.36521 35.035
1.37095 31.6316
1.37669 31.8939
1.38242 26.7223
1.38816 38.9801
1.39389 29.9246
1.39963 29.2514
1.40537 28.5786
1.4111 30.316
1.41684 25.4392
1.42258 21.4562
1.42831 27.6158
1.43405 32.0737
1.43978 35.5155
1.44552 29.172
1.45126 31.1561
1.45699 37.106
1.46273 35.3687
1.46846 23.6903
1.4742 30.0946
1.47994 24.5463
1.48567 28.6786
1.49141 32.461
1.49715 29.8817
1.50288 39.676
1.50862 31.7192
1.51435 34.3447
1.52009 29.1892
1.52583 33.2999
1.53156 21.3547
1.5373 29.3493
1.54304 30.9357
1.54877 26.3263
1.55451 29.3051
1.56024 33.6858
1.56598 28.2425
1.57172 31.257
1.57745 27.258
1.58319 27.3773
1.58892 40.1601
1.59466 31.2164
1.6004 36.3964
1.60613 25.8592
1.61187 33.3559
1.61761 37.6776
1.62334 26.9555
1.62908 31.577
1.63481 24.8396
1.64055 32.946
1.64629 24.0695
1.65202 30.03
1.65776 27.3874
1.6635 29.5295
1.66923 33.4205
1.67497 25.1322
1.6807 33.4334
1.68644 30.5305
1.69218 37.2515
1.69791 25.6656
1.70365 35.49
1.70938 32.7747
1.71512 24.4689
1.72086 34.8473
1.72659 34.034
1.73233 33.1366
1.73807 37.124
1.7438 28.9905
1.74954 26.3021
1.75527 34.4789
1.76101 31.3471
1.76675 28.574
1.77248 35.9645
1.77822 34.7347
1.78396 35.5689
1.78969 35.6808
1.79543 32.2174
1.80116 25.8175
1.8069 35.6485
1.81264 29.6848
1.81837 32.8106
1.82411 32.747
1.82984 28.5458
1.83558 31.7918
1.84132 31.185
1.84705 32.8393
1.85279 32.318
1.85853 26.4612
1.86426 35.0653
1.87 31.1978
1.87573 35.0939
1.88147 28.6572
1.88721 28.5437
1.89294 32.9218
1.89868 32.6865
1.90442 34.125
1.91015 36.4235
1.91589 36.1361
1.92162 31.4314
1.92736 34.9381
1.9331 38.999
1.93883 43.9725
1.94457 42.588
1.9503 35.5021
1.95604 34.6179
1.96178 28.9112
1.96751 38.3508
1.97325 30.9309
1.97899 32.5731
1.98472 32.6387
1.99046 32.3427
1.99619 31.5315
2.00193 32.0034
2.00767 29.7394
2.0134 35.2018
2.01914 30.9738
2.02488 32.942
2.03061 30.6706
2.03635 39.2892
2.04208 27.9691
2.04782 36.2237
2.05356 35.327
2.05929 33.4501
2.06503 32.4442
2.07076 29.4385
2.0765 36.4689
2.08224 35.4926
2.08797 38.2451
2.09371 29.601
2.09945 34.3316
2.10518 31.6377
2.11092 35.1184
2.11665 31.8156
2.12239 29.5438
2.12813 32.4672
2.13386 35.1162
2.1396 33.4779
2.14534 34.1278
2.15107 37.576
2.15681 32.5062
2.16254 35.6745
2.16828 35.763
2.17402 35.3173
2.17975 33.2224
2.18549 31.7091
2.19122 38.2382
2.19696 30.3817
2.2027 39.3822
2.20843 34.2425
2.21417 64.8597
2.21991 66.3906
2.22564 29.757
2.23138 45.8208
2.23711 37.3004
2.24285 36.5954
2.24859 33.0687
2.25432 36.3258
2.26006 38.2947
2.2658 32.8965
2.27153 39.1367
2.27727 34.2137
2.283 32.258
2.28874 36.1924
2.29448 37.884
2.30021 35.1703
2.30595 36.19
2.31168 41.0153
2.31742 38.1381
2.32316 35.672
2.32889 38.7768
2.33463 36.1111
2.34037 38.5385
2.3461 37.8592
2.35184 37.323
2.35757 39.3636
2.36331 40.5405
2.36905 41.8467
2.37478 37.2079
2.38052 38.7807
2.38626 36.6837
2.39199 35.6635
2.39773 42.7995
2.40346 34.4575
2.4092 35.4445
2.41494 36.4114
2.42067 31.8955
2.42641 35.0122
2.43214 33.748
2.43788 31.2026
2.44362 34.8413
2.44935 39.4616
2.45509 42.4527
2.46083 34.7655
2.46656 32.8773
2.4723 34.6444
2.47803 38.038
2.48377 33.4084
2.48951 39.0623
2.49524 38.4743
2.50098 42.735
2.50672 40.1488
2.51245 35.4163
2.51819 32.032
2.52392 42.499
2.52966 40.313
2.5354 38.0683
2.54113 33.0902
2.54687 35.9915
2.5526 35.8895
2.55834 42.4655
2.56408 33.459
2.56981 38.876
2.57555 39.9019
2.58129 41.8752
2.58702 40.9965
2.59276 41.4198
2.59849 34.8833
2.60423 39.5395
2.60997 41.769
2.6157 37.7878
2.62144 37.892
2.62718 34.1428
2.63291 45.4454
2.63865 38.3439
2.64438 39.0603
2.65012 32.6912
2.65586 45.3119
2.66159 40.2317
2.66733 38.8166
2.67306 40.9609
2.6788 36.7033
2.68454 32.4282
2.69027 41.0153
2.69601 36.8853
2.70175 42.2088
2.70748 40.4182
2.71322 41.1522
2.71895 42.1046
2.72469 42.5634
2.73043 38.896
2.73616 37.5375
2.7419 43.7989
2.74764 45.627
2.75337 35.1351
2.75911 41.327
2.76484 38.0993
2.77058 40.6239
2.77632 38.0584
2.78205 38.4985
2.78779 37.268
2.79352 46.5036
2.79926 35.7472
2.805 41.041
2.81073 45.2674
2.81647 41.657
2.82221 41.1431
2.82794 30.8687
2.83368 39.4868
2.83941 47.2359
2.84515 44.337
2.85089 42.1984
2.85662 43.0808
2.86236 42.9
2.8681 41.7083
2.87383 43.1542
2.87957 45.4054
2.8853 41.9932
2.89104 42.6372
2.89678 42.5617
2.90251 41.5304
2.90825 46.8054
2.91398 45.4343
2.91972 42.6308
2.92546 43.7464
2.93119 44.6398
2.93693 45.045
2.94267 44.3109
2.9484 45.0137
2.95414 46.5559
2.95987 47.905
2.96561 46.1943
2.97135 49.2456
2.97708 47.288
2.98282 49.7933
2.98856 44.7883
2.99429 45.8236
3.00003 47.3878
3.00576 50.1469
3.0115 48.1026
3.01724 46.9526
3.02297 41.2033
3.02871 47.2518
3.03444 48.4848
3.04018 52.8306
3.04592 52.6703
3.05165 49.231
3.05739 51.6595
3.06313 51.7413
3.06886 48.62
3.0746 50.9236
3.08033 48.7305
3.08607 52.7013
3.09181 50.1394
3.09754 54.8303
3.10328 46.046
3.10902 60.9083
3.11475 59.4179
3.12049 56.1843
3.12622 52.2696
3.13196 57.6212
3.1377 58.7395
3.14343 53.053
3.14917 58.2651
3.1549 56.1149
3.16064 57.8854
3.16638 56.0393
3.17211 57.6758
3.17785 62.0848
3.18359 60.1577
3.18932 53.4327
3.19506 56.1581
3.20079 54.0246
3.20653 56.7686
3.21227 57.5858
3.218 59.5717
3.22374 57.1196
3.22948 57.8205
3.23521 52.7638
3.24095 56.3127
3.24668 60.5939
3.25242 64.3095
3.25816 61.8559
3.26389 60.8503
3.26963 61.0259
3.27536 58.5803
3.2811 59.4008
3.28684 65.2819
3.29257 65.9639
3.29831 64.9538
3.30405 67.8138
3.30978 67.886
3.31552 64.064
3.32125 71.3421
3.32699 69.8066
3.33273 76.5274
3.33846 72.1233
3.3442 68.3425
3.34994 70.1878
3.35567 76.2867
3.36141 72.8694
3.36714 75.9531
3.37288 73.3441
3.37862 72.7704
3.38435 71.1202
3.39009 78.3424
3.39582 72.1832
3.40156 74.8526
3.4073 77.1862
3.41303 71.9229
3.41877 72.8227
3.42451 79.4236
3.43024 77.6175
3.43598 75.4901
3.44171 79.2856
3.44745 77.8814
3.45319 77.0532
3.45892 74.984
3.46466 83.8634
3.4704 77.8778
3.47613 82.6873
3.48187 85.514
3.4876 85.4816
3.49334 81.924
3.49908 84.9954
3.50481 84.0489
3.51055 83.7432
3.51628 89.9134
3.52202 92.453
3.52776 97.0043
3.53349 94.1184
3.53923 109.017
3.54497 120.639
3.5507 124.666
3.55644 123.505
3.56217 116.778
3.56791 111.188
3.57365 99.2078
3.57938 95.7418
3.58512 99.0808
3.59086 99.9156
3.59659 97.8141
3.60233 98.3016
3.60806 103.633
3.6138 106.678
3.61954 107.917
3.62527 115.419
3.63101 111.843
3.63674 113.92
3.64248 128.698
3.64822 134.947
3.65395 142.195
3.65969 149.412
3.66543 146.035
3.67116 133.851
3.6769 136.581
3.68263 130.704
3.68837 129.603
3.69411 139.777
3.69984 140.089
3.70558 139.102
3.71132 137.019
3.71705 135.289
3.72279 142.339
3.72852 141.188
3.73426 145.728
3.74 149.472
3.74573 151.752
3.75147 151.096
3.7572 157.475
3.76294 163.367
3.76868 161.525
3.77441 168.288
3.78015 184.15
3.78589 182.225
3.79162 191.035
3.79736 197.838
3.80309 204.275
3.80883 213.92
3.81457 229.984
3.8203 250.667
3.82604 261.075
3.83178 284.821
3.83751 350.915
3.84325 455.866
3.84898 570.986
3.85472 1163.21
3.86046 873.381
3.86619 684.684
3.87193 894.154
3.87766 1062.65
3.8834 1214.86
3.88914 1464.85
3.89487 1786.5
3.90061 1857.92
3.90635 1733.2
3.91208 1462.42
3.91782 1126.14
3.92355 890.231
3.92929 726.007
3.93503 585.022
3.94076 483.88
3.9465 432.747
3.95224 382.188
3.95797 334.811
3.96371 306.437
3.96944 272.441
3.97518 261.245
3.98092 238.023
3.98665 236.478
3.99239 223.841
3.99812 218.686
4.00386 208.78
4.0096 201.564
4.01533 193.803
4.02107 187.948
4.02681 186.474
4.03254 191.327
4.03828 186.837
4.04401 176.85
4.04975 178.953
4.05549 177.177
4.06122 173.739
4.06696 175.523
4.0727 174.188
4.07843 163.03
4.08417 163.771
4.0899 163.619
4.09564 164.258
4.10138 163.984
4.10711 161.995
4.11285 160.236
4.11858 157.014
4.12432 155.817
4.13006 157.025
4.13579 159.111
4.14153 160.16
4.14727 163.986
4.153 158.651
4.15874 160.615
4.16447 155.306
4.17021 156.587
4.17595 157.706
4.18168 152.563
4.18742 153.625
4.19316 157.703
4.19889 154.094
4.20463 152.991
4.21036 155.817
4.2161 158.492
4.22184 157.916
4.22757 161.342
4.23331 156.38
4.23904 152.572
4.24478 155.115
4.25052 157.186
4.25625 160.178
4.26199 153.607
4.26773 153.765
4.27346 158.916
4.2792 156.049
4.28493 154.641
4.29067 161.261
4.29641 162.6
4.30214 160.265
4.30788 171.1
4.31362 166.729
4.31935 170.778
4.32509 171.049
4.33082 172.593
4.33656 177.657
4.3423 173.373
4.34803 184.942
4.35377 182.166
4.3595 188.121
4.36524 188.174
4.37098 199.228
4.37671 198.124
4.38245 204.894
4.38819 216.466
4.39392 228.421
4.39966 226.922
4.40539 238.46
4.41113 261.57
4.41687 258.74
4.4226 304.993
4.42834 453.659
4.43408 656.322
4.43981 1414.89
4.44555 5954.86
4.45128 3964.11
4.45702 4378.97
4.46276 1559.85
4.46849 599.474
4.47423 505.134
4.47996 466.677
4.4857 458.201
4.49144 470.855
4.49717 474.22
4.50291 497.247
4.50865 511.768
4.51438 489.085
4.52012 457.546
4.52585 408.315
4.53159 359.271
4.53733 327.863
4.54306 293.456
4.5488 267.939
4.55454 242.558
4.56027 229.504
4.56601 207.423
4.57174 196.889
4.57748 191.037
4.58322 168.335
4.58895 185.857
4.59469 168.988
4.60042 159.082
4.60616 153.06
4.6119 150.23
4.61763 145.41
4.62337 146.467
4.62911 146.257
4.63484 139.586
4.64058 132.767
4.64631 132.09
4.65205 127.109
4.65779 125.926
4.66352 123.046
4.66926 117.576
4.675 125.52
4.68073 119.953
4.68647 118.077
4.6922 116.608
4.69794 124.024
4.70368 117
4.70941 114.855
4.71515 114.632
4.72088 115.09
4.72662 119.395
4.73236 119.643
4.73809 110.965
4.74383 116.321
4.74957 111.554
4.7553 114.483
4.76104 115.766
4.76677 108.989
4.77251 109.201
4.77825 103.262
4.78398 111.818
4.78972 104.086
4.79546 103.574
4.80119 98.174
4.80693 97.5128
4.81266 99.2259
4.8184 105.308
4.82414 100.772
4.82987 97.2283
4.83561 99.4565
4.84134 104.142
4.84708 97.3048
4.85282 98.5455
4.85855 100.491
4.86429 95.6166
4.87003 93.6345
4.87576 92.4994
4.8815 97.9953
4.88723 89.4041
4.89297 92.6102
4.89871 89.7444
4.90444 91.091
4.91018 89.089
4.91592 90.9599
4.92165 89.9126
4.92739 89.528
4.93312 92.511
4.93886 91.6034
4.9446 87.326
4.95033 89.8362
4.95607 91.7545
4.9618 91.858
4.96754 85.3225
4.97328 91.3587
4.97901 87.8589
4.98475 89.3351
4.99049 90.2312
4.99622 90.8294
5.00196 89.2124
5.00769 88.6123
5.01343 89.6464
5.01917 88.1604
5.0249 84.5751
5.03064 84.3064
5.03638 87.2616
5.04211 88.0747
5.04785 89.3508
5.05358 84.7824
5.05932 86.2714
5.06506 88.369
5.07079 85.995
5.07653 84.6018
5.08226 83.9994
5.088 85.367
5.09374 83.7948
5.09947 83.655
5.10521 83.3849
5.11095 81.5815
5.11668 84.5786
5.12242 79.6402
5.12815 87.152
5.13389 85.8858
5.13963 86.216
5.14536 88.8757
5.1511 84.6498
5.15684 86.3031
5.16257 90.0254
5.16831 87.2181
5.17404 87.2557
5.17978 89.32
5.18552 84.4575
5.19125 84.1062
5.19699 88.8357
5.20272 87.4433
5.20846 85.2482
5.2142 83.7016
5.21993 82.6615
5.22567 82.3431
5.23141 84.9544
5.23714 83.0954
5.24288 82.0328
5.24861 86.8694
5.25435 83.173
5.26009 85.1565
5.26582 79.0395
5.27156 83.985
5.2773 86.624
5.28303 80.542
5.28877 82.7422
5.2945 86.2126
5.30024 83.8616
5.30598 84.198
5.31171 81.4859
5.31745 83.7056
5.32318 81.5584
5.32892 88.8121
5.33466 87.9154
5.34039 84.7513
5.34613 84.2371
5.35187 80.927
5.3576 79.425
5.36334 85.5481
5.36907 84.939
5.37481 85.4972
5.38055 85.9547
5.38628 86.4927
5.39202 93.742
5.39776 95.5955
5.40349 94.7707
5.40923 92.8115
5.41496 87.1241
5.4207 85.6888
5.42644 86.0145
5.43217 82.9143
5.43791 88.0367
5.44364 84.1114
5.44938 92.5254
5.45512 90.7614
5.46085 85.3987
5.46659 90.8969
5.47233 85.0175
5.47806 83.6098
5.4838 85.4805
5.48953 84.6652
5.49527 85.4902
5.50101 88.6259
5.50674 84.6866
5.51248 87.3007
5.51822 87.7363
5.52395 81.7564
5.52969 84.7083
5.53542 88.2906
5.54116 88.0291
5.5469 83.2549
5.55263 88.0658
5.55837 84.9182
5.5641 83.8028
5.56984 85.2357
5.57558 89.8993
5.58131 85.2495
5.58705 85.5501
5.59279 86.2794
5.59852 87.7861
5.60426 88.5184
5.60999 88.3894
5.61573 88.7472
5.62147 92.0119
5.6272 88.0674
5.63294 89.0192
5.63868 86.3699
5.64441 89.197
5.65015 86.8179
5.65588 86.4912
5.66162 89.336
5.66736 86.359
5.67309 90.9979
5.67883 87.5802
5.68456 90.1396
5.6903 91.2467
5.69604 95.0584
5.70177 91.7423
5.70751 92.6505
5.71325 91.6029
5.71898 94.5452
5.72472 95.1152
5.73045 94.3523
5.73619 97.1095
5.74193 95.7361
5.74766 96.2014
5.7534 99.6905
5.75914 95.4757
5.76487 98.0385
5.77061 98.9499
5.77634 97.9825
5.78208 97.6031
5.78782 97.5304
5.79355 98.8546
5.79929 97.3773
5.80502 101.577
5.81076 103.691
5.8165 99.2343
5.82223 100.267
5.82797 99.6097
5.83371 100.682
5.83944 101.19
5.84518 99.6349
5.85091 98.5568
5.85665 100.731
5.86239 100.748
5.86812 100.978
5.87386 102.079
5.8796 102.064
5.88533 101.993
5.89107 102.7
5.8968 105.845
5.90254 100.643
5.90828 104.308
5.91401 106.793
5.91975 102.814
5.92548 101.728
5.93122 105.329
5.93696 102.925
5.94269 106.954
5.94843 108.786
5.95417 111.225
5.9599 113.349
5.96564 109.625
5.97137 111.292
5.97711 111.879
5.98285 113.2
5.98858 117.852
5.99432 115.055
6.00006 111.628
6.00579 115.863
6.01153 120.993
6.01726 116.77
6.023 121.111
6.02874 117.419
6.03447 119.858
6.04021 121.399
6.04594 117.107
6.05168 127.179
6.05742 120.601
6.06315 117.451
6.06889 122.602
6.07463 125.316
6.08036 124.582
6.0861 129.119
6.09183 130.943
6.09757 129.578
6.10331 129.223
6.10904 127.826
6.11478 136.066
6.12052 132.737
6.12625 133.103
6.13199 138.756
6.13772 135.733
6.14346 134.674
6.1492 140.821
6.15493 145.871
6.16067 145.047
6.1664 141.825
6.17214 151.332
6.17788 153.761
6.18361 151.701
6.18935 156.601
6.19509 165.686
6.20082 158.075
6.20656 160.945
6.21229 174.497
6.21803 179.081
6.22377 180.473
6.2295 190.19
6.23524 208.075
6.24098 193.716
6.24671 203.046
6.25245 225.119
6.25818 237.33
6.26392 238.336
6.26966 335.718
6.27539 768.728
6.28113 364.355
6.28686 2992.75
6.2926 10786.8
6.29834 1640.78
6.30407 2967.14
6.30981 2700.64
6.31555 1506.54
6.32128 536.907
6.32702 396.117
6.33275 353.676
6.33849 334.982
6.34423 308.337
6.34996 324.108
6.3557 346.372
6.36144 341.202
6.36717 374.913
6.37291 418.608
6.37864 431.809
6.38438 431.091
6.39012 416.828
6.39585 393.443
6.40159 358.015
6.40732 325.455
6.41306 296.988
6.4188 269.846
6.42453 249.438
6.43027 238.248
6.43601 223.174
6.44174 220.503
6.44748 210.803
6.45321 203.107
6.45895 201.386
6.46469 190.648
6.47042 188.149
6.47616 180.18
6.4819 175.539
6.48763 173.275
6.49337 169.643
6.4991 165.154
6.50484 167.065
6.51058 161.926
6.51631 161.173
6.52205 163.536
6.52778 158.547
6.53352 162.271
6.53926 158.398
6.54499 157.444
6.55073 161.249
6.55647 156.275
6.5622 153.853
6.56794 155.035
6.57367 157.641
6.57941 157.916
6.58515 155.656
6.59088 157.35
6.59662 152.152
6.60236 152.53
6.60809 148.479
6.61383 156.78
6.61956 148.726
6.6253 147.031
6.63104 152.652
6.63677 149.824
6.64251 144.873
6.64824 145.538
6.65398 147.07
6.65972 147.51
6.66545 147.263
6.67119 150.429
6.67693 151.686
6.68266 148.252
6.6884 148.667
6.69413 149.072
6.69987 147.361
6.70561 150.052
6.71134 146.088
6.71708 145.122
6.72282 144.284
6.72855 145.108
6.73429 148.058
6.74002 142.265
6.74576 143.404
6.7515 147.166
6.75723 139.926
6.76297 145.689
6.7687 142.705
6.77444 142.266
6.78018 148.11
6.78591 142.522
6.79165 147.746
6.79739 145.835
6.80312 145.83
6.80886 143.876
6.81459 148.192
6.82033 142.952
6.82607 141.184
6.8318 146.089
6.83754 141.664
6.84328 143.22
6.84901 146.584
6.85475 142.967
6.86048 145.356
6.86622 144.765
6.87196 146.211
6.87769 141.624
6.88343 146.545
6.88916 143.556
6.8949 144.409
6.90064 147.094
6.90637 146.646
6.91211 147.072
6.91785 142.901
6.92358 146.965
6.92932 148.981
6.93505 146.45
6.94079 148.476
6.94653 144.187
6.95226 150.225
6.958 147.367
6.96374 148.682
6.96947 148.209
6.97521 147.499
6.98094 148.175
6.98668 148.234
6.99242 152.703
6.99815 149.756
7.00389 150.392
7.00962 150.236
7.01536 152.326
7.0211 150.514
7.02683 150.878
7.03257 152.302
7.03831 148.191
7.04404 152.316
7.04978 152.544
7.05551 155.592
7.06125 157.056
7.06699 155.229
7.07272 161.574
7.07846 159.958
7.0842 158.306
7.08993 155.863
7.09567 160.537
7.1014 158.034
7.10714 163.34
7.11288 163.466
7.11861 161.041
7.12435 162.905
7.13008 166.825
7.13582 169.002
7.14156 165.021
7.14729 170.57
7.15303 169.261
7.15877 168.351
7.1645 169.306
7.17024 170.077
7.17597 166.493
7.18171 167.466
7.18745 170.671
7.19318 175.581
7.19892 168.734
7.20466 174.418
7.21039 173.584
7.21613 176.115
7.22186 176.038
7.2276 179.807
7.23334 187.99
7.23907 180.686
7.24481 184.049
7.25054 180.382
7.25628 180.36
7.26202 184.797
7.26775 200.824
7.27349 218.2
7.27923 196.863
7.28496 207.325
7.2907 197.433
7.29643 196.215
7.30217 198.532
7.30791 198.836
7.31364 200.294
7.31938 209.074
7.32512 208.755
7.33085 212.229
7.33659 222.068
7.34232 215.882
7.34806 226.249
7.3538 242.9
7.35953 234.891
7.36527 252.659
7.371 303.717
7.37674 610.552
7.38248 396.405
7.38821 1796.15
7.39395 1955.47
7.39969 2973.76
7.40542 2171.35
7.41116 1290.82
7.41689 658.752
7.42263 372.858
7.42837 333.126
7.4341 329.985
7.43984 310.861
7.44558 311.326
7.45131 322.636
7.45705 345.199
7.46278 351.954
7.46852 384.446
7.47426 421.446
7.47999 440.095
7.48573 459.23
7.49146 453.749
7.4972 434.671
7.50294 400.232
7.50867 368.603
7.51441 329.27
7.52015 315.865
7.52588 281.918
7.53162 262.494
7.53735 245.594
7.54309 232.038
7.54883 226.719
7.55456 211.724
7.5603 238.394
7.56604 214.34
7.57177 196.212
7.57751 195.265
7.58324 184.979
7.58898 179.408
7.59472 178.654
7.60045 175.776
7.60619 174.329
7.61192 172.777
7.61766 172.06
7.6234 166.939
7.62913 166.09
7.63487 162.543
7.64061 167.403
7.64634 164.172
7.65208 164.769
7.65781 164.551
7.66355 165.349
7.66929 161.803
7.67502 163.397
7.68076 165.505
7.6865 163.331
7.69223 165.287
7.69797 171.425
7.7037 170.22
7.70944 187.456
7.71518 278.815
7.72091 367.24
7.72665 767.57
7.73238 1438.09
7.73812 372.068
7.74386 241.598
7.74959 210.457
7.75533 186.925
7.76107 184.887
7.7668 185.642
7.77254 187.63
7.77827 194.128
7.78401 198.815
7.78975 204.886
7.79548 214.527
7.80122 224.535
7.80696 236.245
7.81269 246.856
7.81843 252.3
7.82416 248.806
7.8299 239.704
7.83564 223.379
7.84137 207.832
7.84711 192.929
7.85284 182.365
7.85858 173.417
7.86432 167.126
7.87005 157.647
7.87579 152.965
7.88153 149.436
7.88726 145.603
7.893 146.116
7.89873 142.338
7.90447 146.578
7.91021 140.057
7.91594 139.063
7.92168 137.738
7.92742 134.049
7.93315 132.673
7.93889 132.826
7.94462 132.699
7.95036 129.956
7.9561 130.737
7.96183 127.199
7.96757 128.252
7.9733 123.766
7.97904 124.34
7.98478 129.084
7.99051 123.884
7.99625 124.982
8.00199 123.946
8.00772 127.008
8.01346 124.434
8.01919 123.243
8.02493 122.08
8.03067 121.688
8.0364 121.114
8.04214 120.948
8.04788 119.206
8.05361 123.663
8.05935 120.974
8.06508 119.297
8.07082 118.032
8.07656 116.971
8.08229 116.632
8.08803 113.79
8.09376 108.766
8.0995 103.626
8.10524 98.8386
8.11097 91.2327
8.11671 84.9835
8.12245 78.0314
8.12818 75.3726
8.13392 69.4102
8.13965 65.9126
8.14539 60.278
8.15113 57.3275
8.15686 28.5102
8.1626 32.5634
8.16834 29.8773
8.17407 22.9967
8.17981 1.89663
8.18554 0
8.19128 0
8.19702 0
8.20275 0
8.20849 0
8.21422 0
8.21996 0
8.2257 0
8.23143 0
8.23717 0
8.24291 0
8.24864 0
8.25438 0
8.26011 0
8.26585 0
8.27159 0
8.27732 0
8.28306 0
8.2888 0
8.29453 0
8.30027 0
8.306 0
8.31174 0
8.31748 0
8.32321 0
8.32895 0
8.33468 0
8.34042 0
8.34616 0
8.35189 0
8.35763 0
8.36337 0
8.3691 0
8.37484 0
8.38057 0
8.38631 0
8.39205 0
8.39778 0
8.40352 0
8.40926 0
8.41499 0
8.42073 0
8.42646 0
8.4322 0
8.43794 0
8.44367 0
8.44941 0
8.45514 0
8.46088 0
8.46662 0
8.47235 0
8.47809 0
8.48383 0
8.48956 0
8.4953 0
8.50103 0
8.50677 0
8.51251 0
8.51824 0
8.52398 0
8.52972 0
8.53545 0
8.54119 0
8.54692 0
8.55266 0
8.5584 0
8.56413 0
8.56987 0
8.5756 0
8.58134 0
8.58708 0
8.59281 0
8.59855 0
8.60429 0
8.61002 0
8.61576 0
8.62149 0
8.62723 0
8.63297 0
8.6387 0
8.64444 0
8.65018 0
8.65591 0
8.66165 0
8.66738 0
8.67312 0
8.67886 0
8.68459 0
8.69033 0
8.69606 0
8.7018 0
8.70754 0
8.71327 0
8.71901 0
8.72475 0
8.73048 0
8.73622 0
8.74195 0
8.74769 0
8.75343 0
8.75916 0
8.7649 0
8.77064 0
8.77637 0
8.78211 0
8.78784 0
8.79358 0
8.79932 0
8.80505 0
8.81079 0
8.81652 0
8.82226 0
8.828 0
8.83373 0
8.83947 0
8.84521 0
8.85094 0
8.85668 0
8.86241 0
8.86815 0
8.87389 0
8.87962 0
8.88536 0
8.8911 0
8.89683 0
8.90257 0
8.9083 0
8.91404 0
8.91978 0
8.92551 0
8.93125 0
8.93698 0
8.94272 0
8.94846 0
8.95419 0
8.95993 0
8.96567 0
8.9714 0
8.97714 0
8.98287 0
8.98861 0
8.99435 0
9.00008 0
9.00582 0
9.01156 0
9.01729 0
9.02303 0
9.02876 0
9.0345 0
9.04024 0
9.04597 0
9.05171 0
9.05744 0
9.06318 0
9.06892 0
9.07465 0
9.08039 0
9.08613 0
9.09186 0
9.0976 0
9.10333 0
9.10907 0
9.11481 0
9.12054 0
9.12628 0
9.13202 0
9.13775 0
9.14349 0
9.14922 0
9.15496 0
9.1607 0
9.16643 0
9.17217 0
9.1779 0
9.18364 0
9.18938 0
9.19511 0
9.20085 0
9.20659 0
9.21232 0
9.21806 0
9.22379 0
9.22953 0
9.23527 0
9.241 0
9.24674 0
9.25248 0
9.25821 0
9.26395 0
9.26968 0
9.27542 0
9.28116 0
9.28689 0
9.29263 0
9.29836 0
9.3041 0
9.30984 0
9.31557 0
9.32131 0
9.32705 0
9.33278 0
9.33852 0
9.34425 0
9.34999 0
9.35573 0
9.36146 0
9.3672 0
9.37294 0
9.37867 0
9.38441 0
9.39014 0
9.39588 0
9.40162 0
9.40735 0
9.41309 0
9.41882 0
9.42456 0
9.4303 0
9.43603 0
9.44177 0
9.44751 0
9.45324 0
9.45898 0
9.46471 0
9.47045 0
9.47619 0
9.48192 0
9.48766 0
9.4934 0
9.49913 0
9.50487 0
9.5106 0
9.51634 0
9.52208 0
9.52781 0
9.53355 0
9.53928 0
9.54502 0
9.55076 0
9.55649 0
9.56223 0
9.56797 0
9.5737 0
9.57944 0
9.58517 0
9.59091 0
9.59665 0
9.60238 0
9.60812 0
9.61386 0
9.61959 0
9.62533 0
9.63106 0
9.6368 0
9.64254 0
9.64827 0
9.65401 0
9.65974 0
9.66548 0
9.67122 0
9.67695 0
9.68269 0
9.68843 0
9.69416 0
9.6999 0
9.70563 0
9.71137 0
9.71711 0
9.72284 0
9.72858 0
9.73432 0
9.74005 0
9.74579 0
9.75152 0
9.75726 0
9.763 0
9.76873 0
9.77447 0
9.7802 0
9.78594 0
9.79168 0
9.79741 0
9.80315 0
9.80889 0
9.81462 0
9.82036 0
9.82609 0
9.83183 0
9.83757 0
9.8433 0
9.84904 0
9.85478 0
9.86051 0
9.86625 0
9.87198 0
9.87772 0
9.88346 0
9.88919 0
9.89493 0
9.90066 0
9.9064 0
9.91214 0
9.91787 0
9.92361 0
9.92935 0
9.93508 0
9.94082 0
9.94655 0
9.95229 0
9.95803 0
9.96376 0
9.9695 0
9.97524 0
9.98097 0
9.98671 0
9.99244 0
9.99818 0
10.0039 0
10.0097 0
10.0154 0
10.0211 0
10.0269 0
10.0326 0
10.0383 0
10.0441 0
10.0498 0
10.0555 0
10.0613 0
10.067 0
10.0728 0
10.0785 0
10.0842 0
10.09 0
10.0957 0
10.1014 0
10.1072 0
10.1129 0
10.1186 0
10.1244 0
10.1301 0
10.1358 0
10.1416 0
10.1473 0
10.1531 0
10.1588 0
10.1645 0
10.1703 0
10.176 0
10.1817 0
10.1875 0
10.1932 0
10.1989 0
10.2047 0
10.2104 0
10.2162 0
10.2219 0
10.2276 0
10.2334 0
10.2391 0
10.2448 0
10.2506 0
10.2563 0
10.262 0
10.2678 0
10.2735 0
10.2793 0
10.285 0
10.2907 0
10.2965 0
10.3022 0
10.3079 0
10.3137 0
10.3194 0
10.3251 0
10.3309 0
10.3366 0
10.3424 0
10.3481 0
10.3538 0
10.3596 0
10.3653 0
10.371 0
10.3768 0
10.3825 0
10.3882 0
10.394 0
10.3997 0
10.4054 0
10.4112 0
10.4169 0
10.4227 0
10.4284 0
10.4341 0
10.4399 0
10.4456 0
10.4513 0
10.4571 0
10.4628 0
10.4685 0
10.4743 0
10.48 0
10.4858 0
10.4915 0
10.4972 0
10.503 0
10.5087 0
10.5144 0
10.5202 0
10.5259 0
10.5316 0
10.5374 0
10.5431 0
10.5489 0
10.5546 0
10.5603 0
10.5661 0
10.5718 0
10.5775 0
10.5833 0
10.589 0
10.5947 0
10.6005 0
10.6062 0
10.612 0
10.6177 0
10.6234 0
10.6292 0
10.6349 0
10.6406 0
10.6464 0
10.6521 0
10.6578 0
10.6636 0
10.6693 0
10.6751 0
10.6808 0
10.6865 0
10.6923 0
10.698 0
10.7037 0
10.7095 0
10.7152 0
10.7209 0
10.7267 0
10.7324 0
10.7381 0
10.7439 0
10.7496 0
10.7554 0
10.7611 0
10.7668 0
10.7726 0
10.7783 0
10.784 0
10.7898 0
10.7955 0
10.8012 0
10.807 0
10.8127 0
10.8185 0
10.8242 0
10.8299 0
10.8357 0
10.8414 0
10.8471 0
10.8529 0
10.8586 0
10.8643 0
10.8701 0
10.8758 0
10.8816 0
10.8873 0
10.893 0
10.8988 0
10.9045 0
10.9102 0
10.916 0
10.9217 0
10.9274 0
10.9332 0
10.9389 0
10.9447 0
10.9504 0
10.9561 0
10.9619 0
10.9676 0
10.9733 0
10.9791 0
10.9848 0
10.9905 0
10.9963 0
11.002 0
11.0077 0
11.0135 0
11.0192 0
11.025 0
11.0307 0
11.0364 0
11.0422 0
11.0479 0
11.0536 0
11.0594 0
11.0651 0
11.0708 0
11.0766 0
11.0823 0
11.0881 0
11.0938 0
11.0995 0
11.1053 0
11.111 0
11.1167 0
11.1225 0
11.1282 0
11.1339 0
11.1397 0
11.1454 0
11.1512 0
11.1569 0
11.1626 0
11.1684 0
11.1741 0
11.1798 0
11.1856 0
11.1913 0
11.197 0
11.2028 0
11.2085 0
11.2143 0
11.22 0
11.2257 0
11.2315 0
11.2372 0
11.2429 0
11.2487 0
11.2544 0
11.2601 0
11.2659 0
11.2716 0
11.2774 0
11.2831 0
11.2888 0
11.2946 0
11.3003 0
11.306 0
11.3118 0
11.3175 0
11.3232 0
11.329 0
11.3347 0
11.3404 0
11.3462 0
11.3519 0
11.3577 0
11.3634 0
11.3691 0
11.3749 0
11.3806 0
11.3863 0
11.3921 0
11.3978 0
11.4035 0
11.4093 0
11.415 0
11.4208 0
11.4265 0
11.4322 0
11.438 0
11.4437 0
11.4494 0
11.4552 0
11.4609 0
11.4666 0
11.4724 0
11.4781 0
11.4839 0
11.4896 0
11.4953 0
11.5011 0
11.5068 0
11.5125 0
11.5183 0
11.524 0
11.5297 0
11.5355 0
11.5412 0
11.547 0
11.5527 0
11.5584 0
11.5642 0
11.5699 0
11.5756 0
11.5814 0
11.5871 0
11.5928 0
11.5986 0
11.6043 0
11.61 0
11.6158 0
11.6215 0
11.6273 0
11.633 0
11.6387 0
11.6445 0
11.6502 0
11.6559 0
11.6617 0
11.6674 0
11.6731 0
11.6789 0
11.6846 0
11.6904 0
11.6961 0
11.7018 0
11.7076 0
11.7133 0
11.719 0
11.7248 0
11.7305 0
11.7362 0
11.742 0
